2009.05.04 17:00:07.039,1.4971,1.49715,1.00,3.80
2009.05.04 17:00:07.489,1.497,1.4971,3.20,3.80
2009.05.04 17:00:07.839,1.497,1.49715,3.20,3.80
2009.05.04 17:00:09.468,1.4971,1.49715,1.00,3.80
2009.05.04 17:00:10.048,1.49705,1.4971,1.00,3.80
2009.05.04 17:00:11.138,1.4971,1.49715,1.00,3.80
2009.05.04 17:00:11.488,1.49705,1.49715,1.00,3.80
2009.05.04 17:00:11.718,1.497,1.4972,4.80,5.40
2009.05.04 17:00:11.998,1.49695,1.4972,3.80,3.80
2009.05.04 17:00:12.208,1.497,1.4971,1.00,3.80
2009.05.04 17:00:12.838,1.497,1.4971,1.00,1.00
2009.05.04 17:00:13.068,1.497,1.4972,1.00,3.80
2009.05.04 17:00:13.637,1.49685,1.4972,3.80,3.80
2009.05.04 17:00:15.617,1.49685,1.49715,8.60,3.80
2009.05.04 17:00:15.847,1.49685,1.49715,3.80,3.80
2009.05.04 17:00:16.187,1.49685,1.49715,8.60,3.80
2009.05.04 17:00:16.477,1.497,1.49715,1.00,3.80
2009.05.04 17:00:16.766,1.497,1.4972,1.00,3.80
2009.05.04 17:00:17.166,1.497,1.4972,1.00,3.80
2009.05.04 17:00:17.506,1.497,1.4972,1.40,3.80
2009.05.04 17:00:17.856,1.497,1.4972,1.00,3.80
2009.05.04 17:00:18.386,1.4971,1.4972,1.00,3.80
2009.05.04 17:00:22.175,1.4971,1.49725,1.00,3.80
2009.05.04 17:00:22.565,1.4971,1.49725,1.00,5.40
2009.05.04 17:00:22.735,1.49695,1.497,2.60,3.80
2009.05.04 17:00:22.845,1.49695,1.497,1.20,3.80
2009.05.04 17:00:23.065,1.497,1.4971,4.80,2.40
2009.05.04 17:00:23.175,1.497,1.49715,7.20,3.20
2009.05.04 17:00:23.455,1.497,1.49725,7.20,1.60
2009.05.04 17:00:23.505,1.497,1.49735,12.00,7.00
2009.05.04 17:00:24.265,1.497,1.4973,12.00,3.80
2009.05.04 17:00:24.505,1.497,1.49735,12.00,3.80
2009.05.04 17:00:24.924,1.4971,1.49735,1.00,3.80
2009.05.04 17:00:27.064,1.49705,1.4974,8.60,3.80
2009.05.04 17:00:27.294,1.4972,1.4974,1.00,3.80
2009.05.04 17:00:29.184,1.49715,1.4974,1.00,3.80
2009.05.04 17:00:29.294,1.49705,1.4974,10.20,3.80
2009.05.04 17:00:29.753,1.49705,1.4974,10.80,3.80
2009.05.04 17:00:30.034,1.49705,1.4974,10.60,3.80
2009.05.04 17:00:30.153,1.49705,1.4974,11.20,3.80
2009.05.04 17:00:30.543,1.49705,1.4974,10.40,3.80
2009.05.04 17:00:30.713,1.49705,1.4974,10.60,3.80
2009.05.04 17:00:30.993,1.49705,1.4974,11.20,3.80
2009.05.04 17:00:31.333,1.49705,1.49735,11.20,3.80
2009.05.04 17:00:31.513,1.49705,1.49735,8.60,3.80
2009.05.04 17:00:32.103,1.49705,1.49735,3.20,3.80
2009.05.04 17:00:34.003,1.49705,1.49735,3.80,4.80
2009.05.04 17:00:38.002,1.4972,1.4974,1.00,3.80
2009.05.04 17:00:40.071,1.49715,1.4974,1.00,3.80
2009.05.04 17:00:40.131,1.49705,1.4974,8.60,3.80
2009.05.04 17:00:40.591,1.49705,1.4974,9.40,3.80
2009.05.04 17:00:40.701,1.49705,1.4974,10.20,3.80
2009.05.04 17:00:56.007,1.49705,1.4974,3.20,3.80
2009.05.04 17:00:56.527,1.49705,1.49735,3.20,3.80
2009.05.04 17:00:57.057,1.49705,1.49735,3.40,3.80
2009.05.04 17:00:57.277,1.49705,1.49735,3.80,3.80
2009.05.04 17:00:57.507,1.49705,1.4974,3.80,3.80
2009.05.04 17:01:05.325,1.4973,1.4975,1.00,3.80
2009.05.04 17:01:05.765,1.49715,1.4975,3.20,3.80
2009.05.04 17:01:07.314,1.4971,1.49745,12.00,3.80
2009.05.04 17:01:07.594,1.49705,1.4974,12.00,3.80
2009.05.04 17:01:12.163,1.497,1.4973,12.00,3.80
2009.05.04 17:01:12.343,1.497,1.4973,16.00,3.80
2009.05.04 17:01:12.693,1.49705,1.4974,8.00,3.80
2009.05.04 17:01:12.993,1.49705,1.4974,12.00,3.80
2009.05.04 17:01:13.173,1.49705,1.4974,8.00,3.80
2009.05.04 17:01:13.473,1.49705,1.4974,8.20,3.80
2009.05.04 17:01:13.653,1.49705,1.4974,12.20,3.80
2009.05.04 17:01:17.832,1.49705,1.4974,14.00,3.80
2009.05.04 17:01:33.648,1.4973,1.49755,4.00,3.20
2009.05.04 17:01:33.758,1.4973,1.49765,4.00,7.00
2009.05.04 17:01:44.025,1.49725,1.4976,9.00,3.80
2009.05.04 17:01:44.195,1.49725,1.49765,7.20,7.00
2009.05.04 17:01:44.315,1.49725,1.4977,8.00,12.40
2009.05.04 17:01:44.605,1.4973,1.4977,4.00,12.40
2009.05.04 17:01:49.964,1.4972,1.4977,7.20,16.40
2009.05.04 17:01:50.084,1.4972,1.4977,7.20,17.40
2009.05.04 17:01:51.014,1.4972,1.4977,3.20,21.40
2009.05.04 17:01:51.404,1.49735,1.49755,4.00,5.00
2009.05.04 17:01:56.673,1.49735,1.4976,4.00,4.80
2009.05.04 17:01:57.002,1.49735,1.49765,4.00,5.40
2009.05.04 17:01:57.122,1.49735,1.49775,4.80,13.40
2009.05.04 17:01:57.902,1.4975,1.49775,1.00,9.20
2009.05.04 17:01:58.332,1.4975,1.4977,1.00,3.80
2009.05.04 17:01:59.412,1.4974,1.49765,1.00,3.80
2009.05.04 17:02:00.351,1.4974,1.4976,1.00,3.80
2009.05.04 17:02:01.381,1.4973,1.4976,4.00,3.80
2009.05.04 17:02:32.324,1.49705,1.49735,3.40,4.60
2009.05.04 17:02:32.564,1.49705,1.49735,3.20,3.80
2009.05.04 17:02:47.740,1.49705,1.49735,5.60,3.80
2009.05.04 17:02:47.960,1.4971,1.4974,4.80,3.80
2009.05.04 17:02:49.010,1.4971,1.4973,4.80,1.00
2009.05.04 17:02:59.057,1.4971,1.4973,4.80,3.40
2009.05.04 17:02:59.217,1.49705,1.49725,4.80,3.80
2009.05.04 17:02:59.697,1.4971,1.4972,1.00,3.80
2009.05.04 17:02:59.747,1.4971,1.4972,1.00,6.20
2009.05.04 17:03:00.217,1.497,1.4973,8.00,3.80
2009.05.04 17:03:00.387,1.4971,1.4973,4.80,3.80
2009.05.04 17:03:03.396,1.497,1.49725,12.80,3.80
2009.05.04 17:03:03.456,1.49705,1.49725,4.80,3.80
2009.05.04 17:03:03.516,1.497,1.4972,12.00,3.80
2009.05.04 17:03:03.636,1.497,1.4972,8.80,3.80
2009.05.04 17:03:03.866,1.497,1.4972,7.20,3.80
2009.05.04 17:03:04.087,1.4971,1.4973,4.80,3.80
2009.05.04 17:03:04.486,1.497,1.4972,12.00,3.80
2009.05.04 17:03:04.956,1.497,1.4973,5.60,6.20
2009.05.04 17:03:05.136,1.4971,1.4973,4.80,3.80
2009.05.04 17:03:09.814,1.49705,1.49725,4.80,3.80
2009.05.04 17:03:10.044,1.497,1.4972,8.80,3.80
2009.05.04 17:03:10.214,1.4971,1.4972,1.60,3.80
2009.05.04 17:03:10.274,1.4971,1.4973,6.40,6.20
2009.05.04 17:03:10.574,1.4971,1.4973,6.40,5.40
2009.05.04 17:03:10.634,1.4971,1.49735,6.40,6.80
2009.05.04 17:03:10.694,1.4971,1.49735,8.80,6.00
2009.05.04 17:03:10.754,1.4971,1.49735,7.20,6.00
2009.05.04 17:03:10.804,1.4971,1.49735,7.20,5.80
2009.05.04 17:03:11.034,1.49715,1.4973,1.00,3.80
2009.05.04 17:03:11.214,1.4971,1.49735,4.80,7.40
2009.05.04 17:03:11.334,1.4971,1.49735,7.20,6.20
2009.05.04 17:03:11.754,1.49715,1.49735,1.60,6.20
2009.05.04 17:03:11.814,1.4971,1.49735,9.60,4.60
2009.05.04 17:03:12.044,1.4972,1.4974,4.80,3.80
2009.05.04 17:03:16.233,1.4972,1.4974,6.40,3.80
2009.05.04 17:03:16.463,1.4972,1.49745,6.40,5.40
2009.05.04 17:03:16.813,1.4972,1.49745,6.40,4.40
2009.05.04 17:03:17.033,1.4972,1.4975,4.80,3.80
2009.05.04 17:03:19.642,1.4972,1.4974,4.80,1.00
2009.05.04 17:03:23.391,1.4972,1.4975,4.80,3.80
2009.05.04 17:03:27.530,1.49715,1.4974,7.60,3.80
2009.05.04 17:03:27.760,1.4972,1.4975,4.80,3.80
2009.05.04 17:03:29.780,1.4973,1.4975,1.00,3.80
2009.05.04 17:03:31.809,1.49725,1.4975,1.00,3.80
2009.05.04 17:03:31.929,1.4972,1.4975,10.40,3.80
2009.05.04 17:03:35.728,1.4972,1.4975,8.00,3.80
2009.05.04 17:03:36.278,1.4972,1.4975,4.80,3.80
2009.05.04 17:03:36.520,1.4973,1.4975,1.00,5.40
2009.05.04 17:03:37.368,1.4973,1.4975,1.00,3.80
2009.05.04 17:03:37.828,1.4973,1.4976,1.20,5.40
2009.05.04 17:03:38.298,1.49725,1.4976,10.40,5.40
2009.05.04 17:03:42.687,1.49725,1.49765,10.00,8.60
2009.05.04 17:03:42.907,1.49725,1.4976,5.00,3.80
2009.05.04 17:03:43.926,1.49725,1.4976,5.00,5.40
2009.05.04 17:03:45.596,1.49725,1.49755,4.80,3.80
2009.05.04 17:03:47.385,1.49725,1.49755,4.80,3.80
2009.05.04 17:03:47.605,1.49725,1.49755,5.00,3.80
2009.05.04 17:03:47.965,1.49725,1.4976,9.80,5.40
2009.05.04 17:03:48.415,1.49725,1.49765,9.80,10.20
2009.05.04 17:03:52.334,1.49725,1.4976,9.00,3.80
2009.05.04 17:03:52.554,1.49725,1.4976,3.40,3.80
2009.05.04 17:03:54.464,1.49725,1.4976,8.20,3.80
2009.05.04 17:03:57.123,1.49725,1.49755,3.20,3.80
2009.05.04 17:03:57.353,1.49725,1.49755,3.20,3.80
2009.05.04 17:03:57.973,1.49725,1.4976,3.20,3.80
2009.05.04 17:03:58.263,1.49725,1.49765,8.00,10.20
2009.05.04 17:03:59.013,1.49725,1.49765,8.00,10.20
2009.05.04 17:03:59.072,1.49725,1.49765,8.20,10.20
2009.05.04 17:03:59.532,1.49725,1.49765,3.40,12.20
2009.05.04 17:04:00.382,1.49725,1.4976,3.40,5.40
2009.05.04 17:04:00.612,1.49725,1.4976,3.40,5.40
2009.05.04 17:04:04.061,1.49725,1.4976,5.00,3.80
2009.05.04 17:04:04.402,1.4974,1.49765,1.40,7.00
2009.05.04 17:04:04.681,1.4975,1.49765,1.00,8.00
2009.05.04 17:04:04.801,1.4974,1.4977,3.20,5.40
2009.05.04 17:04:05.591,1.4974,1.4977,3.20,5.40
2009.05.04 17:04:06.101,1.49735,1.49765,3.60,5.00
2009.05.04 17:04:06.451,1.4975,1.49765,1.00,8.40
2009.05.04 17:04:08.120,1.4973,1.49765,3.20,8.20
2009.05.04 17:04:13.059,1.49735,1.4976,1.00,3.80
2009.05.04 17:04:13.349,1.4974,1.4976,1.00,3.80
2009.05.04 17:04:17.388,1.49735,1.4976,1.00,3.80
2009.05.04 17:04:17.748,1.49725,1.4976,8.20,3.80
2009.05.04 17:04:21.017,1.49735,1.49765,1.00,12.00
2009.05.04 17:04:21.257,1.4974,1.49765,1.00,12.00
2009.05.04 17:04:23.107,1.49725,1.4976,8.20,3.80
2009.05.04 17:04:24.846,1.49725,1.4976,3.40,3.80
2009.05.04 17:04:25.006,1.49725,1.4976,3.20,3.80
2009.05.04 17:04:25.066,1.49725,1.4976,3.20,3.80
2009.05.04 17:04:25.246,1.49725,1.49755,3.20,3.80
2009.05.04 17:04:25.526,1.49725,1.49755,3.20,3.80
2009.05.04 17:04:25.766,1.49725,1.49755,8.00,3.80
2009.05.04 17:04:27.316,1.49725,1.49755,8.20,3.80
2009.05.04 17:04:29.935,1.49725,1.49755,3.40,3.80
2009.05.04 17:04:32.634,1.49725,1.49755,3.40,5.00
2009.05.04 17:04:33.044,1.4972,1.4975,8.00,3.80
2009.05.04 17:04:33.504,1.4972,1.4975,3.20,3.80
2009.05.04 17:04:33.614,1.4972,1.4975,8.00,3.80
2009.05.04 17:04:44.332,1.4972,1.4974,4.80,2.40
2009.05.04 17:04:50.020,1.4973,1.4975,1.00,5.40
2009.05.04 17:04:50.300,1.49725,1.49755,5.00,7.00
2009.05.04 17:04:50.530,1.49725,1.49755,5.00,3.80
2009.05.04 17:04:50.580,1.4973,1.49755,1.00,3.80
2009.05.04 17:04:52.110,1.49725,1.49755,3.40,3.80
2009.05.04 17:04:57.478,1.4972,1.49755,10.40,6.80
2009.05.04 17:04:59.238,1.4973,1.49755,1.00,6.80
2009.05.04 17:05:03.297,1.49725,1.49755,3.40,6.80
2009.05.04 17:05:03.417,1.49725,1.49755,3.40,6.00
2009.05.04 17:05:03.597,1.49725,1.49755,8.20,6.00
2009.05.04 17:05:06.866,1.49725,1.49755,8.20,6.00
2009.05.04 17:05:06.926,1.49725,1.49755,8.20,5.20
2009.05.04 17:05:07.376,1.49725,1.49755,8.20,4.40
2009.05.04 17:05:07.556,1.49725,1.49755,8.20,3.80
2009.05.04 17:05:13.984,1.49725,1.4976,8.20,3.80
2009.05.04 17:05:14.104,1.4974,1.49765,1.00,12.00
2009.05.04 17:05:20.353,1.49735,1.4976,1.00,3.80
2009.05.04 17:05:20.403,1.4973,1.4976,3.20,3.80
2009.05.04 17:05:22.312,1.4974,1.4976,1.00,3.80
2009.05.04 17:05:22.952,1.4974,1.49755,1.00,5.40
2009.05.04 17:05:23.072,1.4974,1.49755,1.00,6.20
2009.05.04 17:05:23.132,1.4974,1.4975,1.00,3.80
2009.05.04 17:05:23.372,1.4974,1.49745,1.00,3.80
2009.05.04 17:05:23.492,1.497,1.49745,16.00,3.80
2009.05.04 17:05:23.602,1.497,1.49745,7.20,3.80
2009.05.04 17:05:23.772,1.497,1.4974,7.20,3.80
2009.05.04 17:05:34.809,1.4971,1.49745,12.00,5.40
2009.05.04 17:05:39.678,1.4971,1.49745,8.00,5.40
2009.05.04 17:05:48.056,1.4973,1.49765,3.20,13.60
2009.05.04 17:05:48.666,1.49725,1.4976,3.20,3.80
2009.05.04 17:05:49.406,1.4973,1.4976,3.20,3.80
2009.05.04 17:05:49.746,1.4973,1.49765,3.20,7.00
2009.05.04 17:05:50.536,1.4973,1.49765,5.60,7.00
2009.05.04 17:05:50.766,1.4973,1.49765,3.20,7.00
2009.05.04 17:05:50.995,1.49725,1.49765,6.40,12.40
2009.05.04 17:05:51.216,1.49725,1.49765,7.20,6.20
2009.05.04 17:05:51.875,1.49725,1.4977,7.20,9.40
2009.05.04 17:05:52.465,1.4973,1.49775,4.00,13.40
2009.05.04 17:05:52.745,1.4973,1.49775,7.20,13.40
2009.05.04 17:05:53.615,1.4973,1.49775,7.20,12.40
2009.05.04 17:05:55.284,1.4974,1.49775,4.00,12.40
2009.05.04 17:05:55.404,1.4974,1.49775,5.60,12.40
2009.05.04 17:05:55.634,1.49745,1.49775,4.00,9.20
2009.05.04 17:05:58.174,1.49745,1.4978,7.20,7.00
2009.05.04 17:05:58.943,1.49745,1.4978,7.20,13.00
2009.05.04 17:05:59.124,1.49745,1.4978,7.20,14.00
2009.05.04 17:05:59.534,1.49745,1.49765,3.20,1.00
2009.05.04 17:05:59.894,1.49745,1.49775,3.20,10.60
2009.05.04 17:06:01.403,1.4974,1.4977,8.80,3.80
2009.05.04 17:06:04.482,1.4974,1.4977,8.80,3.80
2009.05.04 17:06:04.722,1.49745,1.49775,4.00,8.60
2009.05.04 17:06:05.342,1.4974,1.4978,8.80,10.20
2009.05.04 17:06:20.088,1.4975,1.4977,4.80,1.60
2009.05.04 17:06:20.308,1.4975,1.49775,4.80,8.20
2009.05.04 17:06:20.538,1.4975,1.49775,4.80,11.00
2009.05.04 17:06:20.648,1.4975,1.49765,4.80,1.60
2009.05.04 17:06:20.938,1.4975,1.49775,4.80,8.80
2009.05.04 17:06:28.936,1.4974,1.4978,4.80,22.80
2009.05.04 17:06:29.226,1.4974,1.4978,8.80,11.80
2009.05.04 17:06:30.606,1.4974,1.49775,8.80,10.40
2009.05.04 17:06:30.826,1.4974,1.49775,8.80,10.60
2009.05.04 17:06:39.104,1.4974,1.49775,8.80,9.60
2009.05.04 17:06:42.933,1.4974,1.49775,8.80,10.00
2009.05.04 17:06:43.053,1.4974,1.49775,8.80,10.00
2009.05.04 17:06:44.092,1.4974,1.49775,8.80,10.20
2009.05.04 17:06:44.333,1.4974,1.49775,8.80,9.40
2009.05.04 17:06:44.452,1.4974,1.49775,8.80,8.60
2009.05.04 17:06:47.232,1.4974,1.49775,8.80,7.00
2009.05.04 17:06:47.642,1.49745,1.49775,4.80,7.00
2009.05.04 17:06:47.922,1.4975,1.49785,4.80,8.60
2009.05.04 17:06:51.011,1.4975,1.4978,4.80,3.80
2009.05.04 17:06:52.910,1.49745,1.49775,4.80,3.80
2009.05.04 17:06:53.371,1.4974,1.4978,8.80,3.80
2009.05.04 17:06:53.780,1.49745,1.49785,4.80,12.00
2009.05.04 17:06:53.840,1.4974,1.4978,4.80,3.80
2009.05.04 17:06:55.240,1.49735,1.49775,7.20,3.80
2009.05.04 17:06:55.860,1.49735,1.49775,6.00,3.80
2009.05.04 17:06:55.980,1.49735,1.49775,4.80,3.80
2009.05.04 17:06:57.439,1.49735,1.4977,4.80,3.80
2009.05.04 17:06:57.769,1.4974,1.4977,1.00,3.80
2009.05.04 17:06:58.579,1.4974,1.4977,1.00,3.80
2009.05.04 17:06:58.759,1.4973,1.4977,8.00,3.80
2009.05.04 17:06:58.989,1.4973,1.4977,4.80,3.80
2009.05.04 17:06:59.369,1.4973,1.4977,4.80,8.40
2009.05.04 17:06:59.719,1.49725,1.49765,4.80,8.80
2009.05.04 17:07:00.169,1.49735,1.49765,2.40,5.40
2009.05.04 17:07:06.167,1.4973,1.4975,3.20,1.00
2009.05.04 17:07:06.747,1.4972,1.49755,5.60,6.00
2009.05.04 17:07:06.867,1.4972,1.49755,5.60,6.80
2009.05.04 17:07:07.088,1.4972,1.49755,5.60,7.60
2009.05.04 17:07:07.207,1.49715,1.49745,10.40,5.20
2009.05.04 17:07:07.617,1.49715,1.49745,8.00,3.80
2009.05.04 17:07:08.007,1.4971,1.49745,10.40,4.60
2009.05.04 17:07:08.357,1.4971,1.49745,10.40,5.40
2009.05.04 17:07:08.807,1.4971,1.49745,10.40,3.80
2009.05.04 17:07:12.206,1.49715,1.49745,4.60,3.80
2009.05.04 17:07:12.386,1.49715,1.4975,9.40,7.80
2009.05.04 17:07:12.616,1.4972,1.4975,3.20,7.80
2009.05.04 17:07:13.075,1.49715,1.4975,3.60,7.80
2009.05.04 17:07:13.305,1.49715,1.4975,5.60,3.80
2009.05.04 17:07:13.535,1.4972,1.4975,3.20,3.80
2009.05.04 17:07:13.765,1.4972,1.4976,3.20,7.20
2009.05.04 17:07:14.005,1.4972,1.49765,3.20,16.20
2009.05.04 17:07:15.745,1.4972,1.4976,3.20,7.80
2009.05.04 17:07:18.534,1.4972,1.49755,8.00,3.80
2009.05.04 17:07:18.824,1.4972,1.4975,3.20,3.80
2009.05.04 17:07:19.104,1.4972,1.49755,3.20,3.80
2009.05.04 17:07:19.324,1.4972,1.49755,8.00,3.80
2009.05.04 17:07:21.973,1.4972,1.4976,8.00,7.80
2009.05.04 17:07:22.033,1.49725,1.49765,3.20,21.20
2009.05.04 17:07:22.383,1.49725,1.49765,8.00,12.00
2009.05.04 17:07:23.913,1.4973,1.49765,3.20,7.00
2009.05.04 17:07:36.150,1.49725,1.49755,3.20,5.40
2009.05.04 17:07:38.100,1.49725,1.49755,7.20,5.40
2009.05.04 17:07:38.219,1.49725,1.49755,12.00,5.40
2009.05.04 17:07:39.569,1.4973,1.49755,3.20,5.40
2009.05.04 17:07:42.278,1.4973,1.4976,3.20,3.80
2009.05.04 17:07:42.789,1.49735,1.49765,3.20,5.60
2009.05.04 17:07:43.029,1.4974,1.49765,3.20,4.00
2009.05.04 17:07:43.418,1.4974,1.4977,3.20,7.80
2009.05.04 17:07:46.158,1.4974,1.49775,8.00,11.80
2009.05.04 17:07:46.857,1.4974,1.49775,8.00,7.80
2009.05.04 17:07:48.007,1.4974,1.49775,8.00,3.80
2009.05.04 17:07:48.647,1.4974,1.49775,10.40,5.40
2009.05.04 17:07:48.877,1.49745,1.49775,3.20,5.40
2009.05.04 17:07:49.857,1.49745,1.4978,8.00,7.00
2009.05.04 17:07:58.185,1.49745,1.49785,8.80,11.00
2009.05.04 17:07:58.534,1.49745,1.49785,9.80,12.00
2009.05.04 17:07:59.944,1.49745,1.4978,5.00,3.80
2009.05.04 17:08:03.674,1.49745,1.49775,4.80,3.80
2009.05.04 17:08:04.023,1.49745,1.4978,6.00,3.80
2009.05.04 17:08:04.143,1.4975,1.49785,3.20,15.40
2009.05.04 17:08:04.433,1.4975,1.49785,12.00,10.80
2009.05.04 17:08:05.283,1.49755,1.4979,3.20,12.20
2009.05.04 17:08:05.853,1.49755,1.4979,3.20,14.00
2009.05.04 17:08:06.123,1.49755,1.4979,3.20,17.00
2009.05.04 17:08:06.413,1.49755,1.4979,3.20,8.60
2009.05.04 17:08:16.000,1.49755,1.4979,3.20,10.40
2009.05.04 17:08:16.230,1.49755,1.49785,3.20,8.80
2009.05.04 17:08:16.331,1.49755,1.4979,3.20,8.00
2009.05.04 17:08:16.740,1.49755,1.4979,3.20,8.80
2009.05.04 17:08:17.030,1.49755,1.4979,3.20,5.40
2009.05.04 17:08:19.609,1.49755,1.49785,5.60,5.40
2009.05.04 17:08:20.009,1.49755,1.4978,14.80,1.20
2009.05.04 17:08:20.189,1.4976,1.4978,4.80,1.20
2009.05.04 17:08:20.469,1.4976,1.49785,8.00,1.60
2009.05.04 17:08:20.709,1.49775,1.49785,3.00,1.20
2009.05.04 17:08:20.979,1.4979,1.49805,4.80,10.40
2009.05.04 17:08:21.279,1.49785,1.49805,2.40,11.80
2009.05.04 17:08:21.779,1.4978,1.49785,4.80,1.00
2009.05.04 17:08:22.229,1.49785,1.498,1.00,3.80
2009.05.04 17:08:22.529,1.4977,1.49785,4.80,2.00
2009.05.04 17:08:22.819,1.4977,1.49795,4.80,7.60
2009.05.04 17:08:25.238,1.4977,1.4978,4.80,1.00
2009.05.04 17:08:26.028,1.4977,1.4978,4.80,1.00
2009.05.04 17:08:26.258,1.4977,1.4978,4.80,2.60
2009.05.04 17:08:26.428,1.4976,1.49785,7.20,5.40
2009.05.04 17:08:29.127,1.4976,1.49785,7.20,6.40
2009.05.04 17:08:29.467,1.4976,1.49785,9.60,5.20
2009.05.04 17:08:29.757,1.4977,1.4978,4.80,1.00
2009.05.04 17:08:30.197,1.4977,1.4979,4.80,3.80
2009.05.04 17:08:38.405,1.4977,1.4978,4.80,2.40
2009.05.04 17:08:39.504,1.4977,1.4978,4.80,2.40
2009.05.04 17:08:39.675,1.4977,1.4978,4.80,1.20
2009.05.04 17:08:39.854,1.49765,1.49785,7.20,6.60
2009.05.04 17:08:40.145,1.4976,1.49785,7.20,8.40
2009.05.04 17:08:40.434,1.4976,1.49785,7.20,8.20
2009.05.04 17:08:40.834,1.4976,1.49785,7.20,7.20
2009.05.04 17:08:41.124,1.4976,1.49785,7.20,5.40
2009.05.04 17:08:48.852,1.49755,1.4978,7.20,6.20
2009.05.04 17:08:48.912,1.4976,1.4978,4.80,5.40
2009.05.04 17:08:48.972,1.4976,1.4978,4.80,3.80
2009.05.04 17:08:50.862,1.4976,1.4978,4.80,4.60
2009.05.04 17:08:50.972,1.49755,1.4978,4.80,4.60
2009.05.04 17:08:51.032,1.49755,1.4978,4.80,6.20
2009.05.04 17:08:51.082,1.4976,1.4978,4.80,6.20
2009.05.04 17:08:51.292,1.4976,1.4978,6.40,6.20
2009.05.04 17:08:51.402,1.4977,1.49775,4.80,1.00
2009.05.04 17:08:51.462,1.4977,1.4978,4.80,1.00
2009.05.04 17:08:51.512,1.4977,1.49785,4.80,4.20
2009.05.04 17:08:51.802,1.4977,1.4979,4.80,3.80
2009.05.04 17:08:52.102,1.4976,1.4979,8.80,3.80
2009.05.04 17:08:52.552,1.4976,1.4979,4.80,3.80
2009.05.04 17:08:56.610,1.49765,1.4979,2.40,3.80
2009.05.04 17:08:56.881,1.4976,1.4979,7.20,3.80
2009.05.04 17:08:57.210,1.4976,1.4978,4.80,1.00
2009.05.04 17:08:57.570,1.4976,1.4978,4.80,1.00
2009.05.04 17:08:57.920,1.4976,1.4978,4.80,1.00
2009.05.04 17:08:58.320,1.4976,1.4978,4.80,1.00
2009.05.04 17:08:58.380,1.4976,1.4978,4.80,1.00
2009.05.04 17:08:58.560,1.4976,1.4978,4.80,1.00
2009.05.04 17:08:58.780,1.4976,1.4978,4.80,1.00
2009.05.04 17:08:59.310,1.4976,1.4978,4.80,1.20
2009.05.04 17:08:59.430,1.4976,1.4978,4.80,1.00
2009.05.04 17:08:59.900,1.4976,1.4978,4.80,3.80
2009.05.04 17:09:05.388,1.49755,1.4978,4.80,3.80
2009.05.04 17:09:05.448,1.49755,1.4977,4.80,1.00
2009.05.04 17:09:05.848,1.4976,1.4977,4.80,1.80
2009.05.04 17:09:07.978,1.49725,1.4974,2.40,1.00
2009.05.04 17:09:08.338,1.49725,1.49735,2.40,1.00
2009.05.04 17:09:08.908,1.49725,1.4973,2.40,3.80
2009.05.04 17:09:09.147,1.49705,1.49715,4.00,1.00
2009.05.04 17:09:09.437,1.497,1.49705,7.10,1.00
2009.05.04 17:09:10.067,1.497,1.4971,4.00,3.80
2009.05.04 17:09:10.427,1.49705,1.4971,4.00,3.80
2009.05.04 17:09:10.877,1.4969,1.4971,6.40,1.20
2009.05.04 17:09:11.407,1.4969,1.4971,6.40,2.00
2009.05.04 17:09:12.147,1.4969,1.4971,6.40,1.20
2009.05.04 17:09:12.327,1.4969,1.4971,6.40,1.00
2009.05.04 17:09:12.687,1.4969,1.4971,6.40,1.20
2009.05.04 17:09:13.476,1.497,1.4971,4.00,1.20
2009.05.04 17:09:13.836,1.49695,1.4971,6.40,1.40
2009.05.04 17:09:14.116,1.4969,1.4971,11.20,1.40
2009.05.04 17:09:14.406,1.4969,1.49715,2.40,6.40
2009.05.04 17:09:14.646,1.4969,1.49715,6.40,6.80
2009.05.04 17:09:15.166,1.4969,1.49715,6.40,6.80
2009.05.04 17:09:15.346,1.4969,1.49715,6.40,6.20
2009.05.04 17:09:15.516,1.4969,1.49715,6.40,8.00
2009.05.04 17:09:15.686,1.4969,1.49715,4.00,8.80
2009.05.04 17:09:15.866,1.4969,1.49715,2.40,7.20
2009.05.04 17:09:16.196,1.4969,1.49715,2.40,7.20
2009.05.04 17:09:16.316,1.49685,1.4971,6.40,3.80
2009.05.04 17:09:16.666,1.4969,1.49715,6.40,6.00
2009.05.04 17:09:17.565,1.4969,1.4971,6.40,1.80
2009.05.04 17:09:17.915,1.4969,1.4971,4.00,2.20
2009.05.04 17:09:18.295,1.4968,1.497,7.20,3.80
2009.05.04 17:09:18.935,1.49685,1.497,2.40,3.80
2009.05.04 17:09:19.225,1.49685,1.4971,7.20,6.20
2009.05.04 17:09:19.685,1.49685,1.497,2.40,3.80
2009.05.04 17:09:22.964,1.49685,1.497,6.40,3.80
2009.05.04 17:09:23.074,1.49695,1.4971,2.40,7.00
2009.05.04 17:09:23.184,1.49695,1.4972,2.40,7.80
2009.05.04 17:09:23.534,1.49695,1.4972,2.40,3.80
2009.05.04 17:09:25.613,1.497,1.4972,2.40,3.80
2009.05.04 17:09:25.733,1.497,1.49725,2.40,5.40
2009.05.04 17:09:26.073,1.497,1.49725,2.40,5.20
2009.05.04 17:09:26.783,1.497,1.49725,2.40,5.60
2009.05.04 17:09:27.143,1.497,1.49725,2.40,6.00
2009.05.04 17:09:27.303,1.497,1.49725,2.40,5.40
2009.05.04 17:09:27.703,1.497,1.4972,2.40,3.80
2009.05.04 17:09:27.923,1.49695,1.4972,2.40,3.80
2009.05.04 17:09:28.273,1.497,1.4972,2.40,3.80
2009.05.04 17:09:28.493,1.49695,1.49725,2.40,5.40
2009.05.04 17:09:28.723,1.497,1.4972,2.40,3.80
2009.05.04 17:09:28.963,1.497,1.49725,2.40,5.40
2009.05.04 17:09:29.143,1.49695,1.4972,2.40,3.80
2009.05.04 17:09:30.032,1.49695,1.49725,2.40,6.20
2009.05.04 17:09:30.202,1.497,1.49725,2.40,5.40
2009.05.04 17:09:30.662,1.49695,1.4972,2.40,3.80
2009.05.04 17:09:30.722,1.49695,1.49725,2.40,6.20
2009.05.04 17:09:30.842,1.497,1.49725,2.40,6.20
2009.05.04 17:09:30.902,1.497,1.49725,2.40,5.40
2009.05.04 17:09:33.032,1.497,1.4972,7.20,3.80
2009.05.04 17:09:33.271,1.497,1.4972,7.20,1.00
2009.05.04 17:09:33.492,1.497,1.4972,7.20,1.00
2009.05.04 17:09:54.067,1.497,1.49725,7.20,1.00
2009.05.04 17:09:54.127,1.497,1.4973,7.20,3.80
2009.05.04 17:10:08.703,1.49705,1.4974,7.20,3.80
2009.05.04 17:10:10.273,1.49705,1.4974,8.80,3.80
2009.05.04 17:10:10.563,1.4971,1.4974,4.80,3.80
2009.05.04 17:10:12.712,1.4971,1.4974,8.80,3.80
2009.05.04 17:10:13.382,1.4971,1.4974,12.00,3.80
2009.05.04 17:10:30.288,1.49725,1.4975,1.00,3.80
2009.05.04 17:10:30.568,1.4973,1.4975,1.00,3.80
2009.05.04 17:10:30.688,1.49735,1.49755,1.00,3.80
2009.05.04 17:10:31.128,1.4975,1.4976,1.00,3.80
2009.05.04 17:10:31.408,1.4975,1.49765,1.00,3.80
2009.05.04 17:10:31.638,1.4975,1.49775,1.00,10.20
2009.05.04 17:10:32.037,1.4975,1.49775,1.00,5.00
2009.05.04 17:10:32.437,1.49735,1.4977,4.80,3.80
2009.05.04 17:10:32.677,1.49735,1.4977,4.60,3.80
2009.05.04 17:10:32.967,1.49735,1.49765,4.00,3.80
2009.05.04 17:10:33.377,1.49735,1.49765,3.60,3.80
2009.05.04 17:10:33.847,1.49735,1.4976,3.20,3.80
2009.05.04 17:10:34.177,1.4973,1.4976,12.00,3.80
2009.05.04 17:10:39.575,1.49735,1.4976,2.40,3.80
2009.05.04 17:10:39.915,1.49735,1.49765,2.40,3.80
2009.05.04 17:10:40.086,1.49735,1.49765,5.60,3.80
2009.05.04 17:10:40.375,1.4974,1.49765,1.60,3.80
2009.05.04 17:10:40.545,1.4974,1.4977,8.80,3.80
2009.05.04 17:10:41.985,1.4974,1.49775,8.80,9.00
2009.05.04 17:10:42.205,1.4974,1.49775,8.80,5.80
2009.05.04 17:10:43.235,1.4974,1.49775,8.80,6.00
2009.05.04 17:10:43.345,1.4974,1.49775,8.80,6.00
2009.05.04 17:10:43.464,1.4974,1.49775,12.80,6.00
2009.05.04 17:10:44.104,1.4974,1.49775,12.80,5.80
2009.05.04 17:10:44.224,1.4974,1.4977,8.80,3.80
2009.05.04 17:10:44.514,1.4974,1.4977,4.80,3.80
2009.05.04 17:10:44.974,1.4974,1.4977,11.20,3.80
2009.05.04 17:10:45.374,1.4974,1.4977,4.80,3.80
2009.05.04 17:10:47.454,1.4974,1.4977,7.20,3.80
2009.05.04 17:10:47.844,1.4974,1.4977,11.20,3.80
2009.05.04 17:10:48.253,1.49745,1.4977,1.60,3.80
2009.05.04 17:10:48.603,1.4975,1.4977,4.80,1.80
2009.05.04 17:10:48.953,1.4975,1.4977,4.80,1.00
2009.05.04 17:10:50.653,1.4975,1.4978,4.80,3.80
2009.05.04 17:10:59.370,1.49745,1.4977,4.00,3.80
2009.05.04 17:10:59.541,1.4974,1.4977,5.60,3.80
2009.05.04 17:10:59.951,1.4974,1.4977,4.00,3.80
2009.05.04 17:11:00.240,1.49735,1.4977,8.40,3.80
2009.05.04 17:11:00.570,1.49735,1.4977,8.60,3.80
2009.05.04 17:11:00.690,1.49735,1.49765,8.80,3.80
2009.05.04 17:11:00.980,1.4974,1.49765,4.00,3.80
2009.05.04 17:11:02.200,1.4974,1.49765,5.60,3.80
2009.05.04 17:11:02.360,1.4974,1.49765,8.00,3.80
2009.05.04 17:11:02.690,1.4974,1.4977,12.80,3.80
2009.05.04 17:11:05.119,1.4974,1.4977,8.80,3.80
2009.05.04 17:11:17.416,1.4974,1.4977,12.00,3.80
2009.05.04 17:11:17.536,1.4974,1.49775,12.00,5.40
2009.05.04 17:11:18.276,1.4975,1.4977,4.80,1.00
2009.05.04 17:11:19.436,1.4975,1.49775,4.80,1.00
2009.05.04 17:11:19.776,1.4975,1.4978,4.80,3.80
2009.05.04 17:11:30.403,1.49755,1.4978,1.60,3.80
2009.05.04 17:11:30.703,1.4976,1.4978,4.80,1.00
2009.05.04 17:11:31.803,1.4976,1.4978,4.80,1.40
2009.05.04 17:11:32.153,1.4976,1.4978,4.80,1.00
2009.05.04 17:11:37.951,1.4976,1.4978,4.80,3.80
2009.05.04 17:11:38.351,1.4975,1.4978,6.40,3.80
2009.05.04 17:11:38.581,1.4975,1.4978,4.80,3.80
2009.05.04 17:11:41.291,1.4975,1.4977,4.80,1.00
2009.05.04 17:11:41.640,1.4975,1.4978,4.80,3.80
2009.05.04 17:11:52.808,1.49745,1.4978,10.40,3.80
2009.05.04 17:11:57.327,1.49745,1.49775,10.40,1.00
2009.05.04 17:11:57.547,1.49745,1.4977,8.00,1.00
2009.05.04 17:11:57.787,1.4975,1.4976,4.80,1.00
2009.05.04 17:11:58.366,1.4974,1.49765,12.40,5.40
2009.05.04 17:11:59.066,1.4974,1.49765,14.80,5.40
2009.05.04 17:11:59.416,1.4975,1.4976,4.80,1.00
2009.05.04 17:12:08.394,1.49725,1.49755,10.40,5.00
2009.05.04 17:12:08.504,1.49725,1.49745,10.40,1.60
2009.05.04 17:12:08.734,1.49725,1.4974,8.00,1.00
2009.05.04 17:12:09.014,1.4972,1.49745,3.20,5.40
2009.05.04 17:12:09.254,1.49715,1.49745,3.20,5.40
2009.05.04 17:12:09.374,1.49715,1.4973,3.20,1.00
2009.05.04 17:12:09.664,1.4971,1.4974,5.60,3.80
2009.05.04 17:12:18.372,1.49715,1.49745,12.20,3.80
2009.05.04 17:12:18.611,1.4972,1.49745,3.20,3.80
2009.05.04 17:12:18.962,1.4972,1.4975,7.20,3.80
2009.05.04 17:12:22.350,1.4972,1.49755,7.20,6.00
2009.05.04 17:12:22.691,1.49725,1.49755,2.40,6.00
2009.05.04 17:12:23.440,1.49715,1.49745,5.60,5.40
2009.05.04 17:12:24.320,1.4971,1.4974,5.60,3.80
2009.05.04 17:12:24.960,1.49715,1.49745,2.40,10.20
2009.05.04 17:12:25.130,1.49715,1.49745,2.40,5.40
2009.05.04 17:12:28.029,1.49715,1.49745,4.00,5.40
2009.05.04 17:12:28.259,1.49715,1.49745,8.80,3.80
2009.05.04 17:12:29.189,1.49715,1.49745,2.40,5.40
2009.05.04 17:12:32.778,1.49715,1.49745,2.40,4.40
2009.05.04 17:12:32.948,1.49715,1.49745,2.40,5.20
2009.05.04 17:12:33.948,1.49715,1.4974,2.40,3.80
2009.05.04 17:12:34.118,1.4971,1.4974,5.60,3.80
2009.05.04 17:12:37.557,1.49715,1.4974,2.40,3.80
2009.05.04 17:12:38.297,1.49715,1.49745,3.00,3.80
2009.05.04 17:12:38.417,1.49715,1.49745,3.40,3.80
2009.05.04 17:12:38.817,1.49715,1.4975,11.40,3.80
2009.05.04 17:12:39.106,1.4972,1.4975,3.20,3.80
2009.05.04 17:12:44.455,1.49725,1.4975,1.00,3.80
2009.05.04 17:12:44.805,1.49725,1.49755,1.00,7.80
2009.05.04 17:12:44.925,1.4972,1.4976,3.20,7.80
2009.05.04 17:13:17.627,1.4974,1.4976,1.60,7.80
2009.05.04 17:13:17.807,1.4974,1.4976,3.60,7.80
2009.05.04 17:13:17.927,1.4975,1.4976,4.80,1.00
2009.05.04 17:13:18.617,1.4975,1.49765,4.80,1.00
2009.05.04 17:13:18.737,1.4975,1.4977,4.80,3.80
2009.05.04 17:13:20.806,1.4976,1.4977,2.40,3.80
2009.05.04 17:13:20.917,1.49765,1.4977,4.80,2.80
2009.05.04 17:13:20.976,1.4977,1.49775,4.80,4.00
2009.05.04 17:13:21.216,1.4977,1.4978,4.80,1.20
2009.05.04 17:13:21.856,1.4977,1.4978,4.80,1.00
2009.05.04 17:13:23.356,1.4977,1.4978,4.80,1.00
2009.05.04 17:13:32.283,1.4977,1.4978,4.80,1.00
2009.05.04 17:13:33.473,1.4977,1.4979,4.80,3.80
2009.05.04 17:13:35.143,1.4977,1.4978,4.80,1.00
2009.05.04 17:13:36.113,1.4977,1.4979,4.80,3.80
2009.05.04 17:13:36.223,1.4977,1.4979,4.80,3.20
2009.05.04 17:13:36.283,1.4977,1.49795,4.80,1.60
2009.05.04 17:13:36.392,1.4977,1.49795,4.80,1.20
2009.05.04 17:13:36.503,1.4977,1.4979,4.80,1.00
2009.05.04 17:13:37.362,1.4977,1.498,4.80,3.80
2009.05.04 17:13:38.742,1.4977,1.4979,4.80,1.00
2009.05.04 17:13:40.811,1.4977,1.498,4.80,3.80
2009.05.04 17:13:42.931,1.4977,1.4979,4.80,3.80
2009.05.04 17:14:11.784,1.4977,1.4978,4.80,1.20
2009.05.04 17:14:12.074,1.4977,1.4978,4.80,1.00
2009.05.04 17:14:14.653,1.4977,1.4979,4.80,3.80
2009.05.04 17:14:29.360,1.49765,1.4979,8.00,3.80
2009.05.04 17:14:29.760,1.49765,1.4978,8.00,1.00
2009.05.04 17:14:30.220,1.4977,1.4978,4.80,1.00
2009.05.04 17:14:30.450,1.49765,1.4978,4.80,1.00
2009.05.04 17:14:30.860,1.4977,1.4978,4.80,1.00
2009.05.04 17:14:34.609,1.49765,1.4978,4.80,1.00
2009.05.04 17:14:34.728,1.4977,1.4979,4.80,6.20
2009.05.04 17:14:35.068,1.4977,1.4979,4.80,3.80
2009.05.04 17:14:35.188,1.49765,1.4979,4.80,3.80
2009.05.04 17:14:35.418,1.49765,1.4979,4.80,6.20
2009.05.04 17:14:35.578,1.49765,1.49785,4.80,1.60
2009.05.04 17:14:35.878,1.4977,1.4978,4.80,1.20
2009.05.04 17:14:36.048,1.4977,1.4978,4.80,1.00
2009.05.04 17:14:39.377,1.49765,1.4978,4.80,1.00
2009.05.04 17:14:40.087,1.4977,1.4978,4.80,1.00
2009.05.04 17:14:40.327,1.49765,1.4978,4.80,1.00
2009.05.04 17:14:40.557,1.49765,1.4978,4.80,1.20
2009.05.04 17:14:40.617,1.49765,1.4978,4.80,1.00
2009.05.04 17:14:40.667,1.4977,1.4978,4.80,1.20
2009.05.04 17:14:41.577,1.4977,1.4978,4.80,1.00
2009.05.04 17:14:43.906,1.4976,1.49785,11.20,5.40
2009.05.04 17:14:48.325,1.49755,1.4977,1.60,3.80
2009.05.04 17:14:48.485,1.49755,1.4977,4.80,3.80
2009.05.04 17:14:48.725,1.4976,1.4977,4.80,1.00
2009.05.04 17:14:48.895,1.4975,1.4977,4.80,3.80
2009.05.04 17:14:49.245,1.4975,1.4978,4.80,3.80
2009.05.04 17:14:51.674,1.49755,1.4978,2.40,3.80
2009.05.04 17:14:51.784,1.49755,1.4978,4.80,3.80
2009.05.04 17:14:52.015,1.49765,1.4978,4.00,3.80
2009.05.04 17:14:52.074,1.4976,1.4978,8.00,5.40
2009.05.04 17:14:52.244,1.49765,1.4977,4.60,3.80
2009.05.04 17:14:52.354,1.49765,1.4978,3.00,5.40
2009.05.04 17:14:52.414,1.4975,1.4978,4.80,3.80
2009.05.04 17:14:53.744,1.4975,1.4977,4.80,1.00
2009.05.04 17:14:56.743,1.4976,1.4977,4.80,1.00
2009.05.04 17:14:56.793,1.4976,1.49785,10.40,5.40
2009.05.04 17:14:57.463,1.4976,1.49785,8.80,5.40
2009.05.04 17:15:00.052,1.4976,1.4977,8.80,1.00
2009.05.04 17:15:00.402,1.4976,1.4977,6.40,1.00
2009.05.04 17:15:00.572,1.4975,1.4977,4.80,1.00
2009.05.04 17:15:02.102,1.4975,1.49775,4.80,1.00
2009.05.04 17:15:02.392,1.4975,1.4978,4.80,3.80
2009.05.04 17:15:04.591,1.4975,1.49775,4.80,1.00
2009.05.04 17:15:04.771,1.4975,1.4977,4.80,1.00
2009.05.04 17:15:06.751,1.4975,1.4978,4.80,3.80
2009.05.04 17:15:07.670,1.4975,1.4978,6.40,3.80
2009.05.04 17:15:07.940,1.4975,1.49785,4.80,6.20
2009.05.04 17:15:08.280,1.4975,1.4977,4.80,1.00
2009.05.04 17:15:08.740,1.4975,1.4977,4.80,1.20
2009.05.04 17:15:09.210,1.4975,1.4977,4.80,1.00
2009.05.04 17:15:10.850,1.4975,1.49775,4.80,1.00
2009.05.04 17:15:11.020,1.4975,1.4978,4.80,3.80
2009.05.04 17:15:16.078,1.4973,1.4976,1.00,3.80
2009.05.04 17:15:16.198,1.4972,1.4975,9.60,1.00
2009.05.04 17:15:16.318,1.4972,1.49755,9.60,5.20
2009.05.04 17:15:16.658,1.4972,1.4974,4.80,1.00
2009.05.04 17:15:17.688,1.4973,1.4974,2.40,1.00
2009.05.04 17:15:17.858,1.49725,1.4974,7.80,1.00
2009.05.04 17:15:18.148,1.49725,1.4974,2.40,1.00
2009.05.04 17:15:18.558,1.49715,1.4974,15.40,1.00
2009.05.04 17:15:18.888,1.4972,1.4974,2.40,1.00
2009.05.04 17:15:20.067,1.49725,1.4974,2.40,1.00
2009.05.04 17:15:20.367,1.4972,1.4975,2.40,3.80
2009.05.04 17:15:20.477,1.4972,1.49755,2.40,9.00
2009.05.04 17:15:20.717,1.4972,1.49755,2.40,13.00
2009.05.04 17:15:20.777,1.4972,1.49745,2.40,3.80
2009.05.04 17:15:20.827,1.4972,1.49745,2.40,5.40
2009.05.04 17:15:21.057,1.4972,1.49745,2.40,5.60
2009.05.04 17:15:21.357,1.4972,1.49745,2.40,5.40
2009.05.04 17:15:24.066,1.49715,1.49745,2.40,5.40
2009.05.04 17:15:24.926,1.49715,1.49745,2.40,6.00
2009.05.04 17:15:25.516,1.49715,1.49745,2.40,6.20
2009.05.04 17:15:25.636,1.49715,1.49745,2.40,6.40
2009.05.04 17:15:25.746,1.49715,1.49745,2.40,6.20
2009.05.04 17:15:25.866,1.49715,1.49745,2.40,6.00
2009.05.04 17:15:30.805,1.49715,1.49745,2.40,5.80
2009.05.04 17:15:30.865,1.49715,1.49745,2.40,5.40
2009.05.04 17:15:31.755,1.49715,1.49745,2.40,5.80
2009.05.04 17:15:31.815,1.49715,1.49745,2.40,6.00
2009.05.04 17:15:33.084,1.49715,1.49745,7.20,4.40
2009.05.04 17:15:44.022,1.49715,1.4973,2.40,1.00
2009.05.04 17:15:45.501,1.49715,1.49735,2.40,1.00
2009.05.04 17:15:45.621,1.49715,1.49745,2.40,4.40
2009.05.04 17:16:03.877,1.4972,1.4975,2.40,3.80
2009.05.04 17:16:05.826,1.4972,1.49745,2.40,1.00
2009.05.04 17:16:06.046,1.4972,1.4974,2.40,1.00
2009.05.04 17:16:06.217,1.49725,1.4974,2.40,1.00
2009.05.04 17:16:06.386,1.4973,1.4974,2.40,1.00
2009.05.04 17:16:06.546,1.49725,1.4974,2.80,1.00
2009.05.04 17:16:06.666,1.49725,1.4974,3.00,1.00
2009.05.04 17:16:07.916,1.49725,1.4975,3.00,3.80
2009.05.04 17:16:12.355,1.4973,1.49755,2.40,4.40
2009.05.04 17:16:16.803,1.4973,1.49755,2.40,4.20
2009.05.04 17:16:17.014,1.4973,1.49755,4.00,3.80
2009.05.04 17:16:18.913,1.4973,1.49755,4.00,4.40
2009.05.04 17:16:19.763,1.4973,1.4975,4.00,1.00
2009.05.04 17:16:24.472,1.49745,1.4976,2.80,3.80
2009.05.04 17:16:24.652,1.4975,1.49765,4.80,1.00
2009.05.04 17:16:24.942,1.4975,1.4977,6.40,6.20
2009.05.04 17:16:25.062,1.4976,1.4977,4.80,1.00
2009.05.04 17:16:25.642,1.4975,1.4977,6.40,1.00
2009.05.04 17:16:25.761,1.4975,1.4977,4.80,1.00
2009.05.04 17:16:30.760,1.4975,1.4977,6.40,1.00
2009.05.04 17:16:31.180,1.4976,1.4977,1.00,1.00
2009.05.04 17:16:31.460,1.4976,1.49785,1.20,4.40
2009.05.04 17:16:31.810,1.4976,1.49785,1.00,4.40
2009.05.04 17:16:32.330,1.4976,1.49785,1.20,4.40
2009.05.04 17:16:32.510,1.4976,1.49785,1.00,4.40
2009.05.04 17:16:32.750,1.4976,1.49785,1.00,4.40
2009.05.04 17:16:33.580,1.4976,1.4977,1.00,1.00
2009.05.04 17:16:35.699,1.4976,1.4977,1.00,1.00
2009.05.04 17:16:35.999,1.49755,1.4977,1.00,1.00
2009.05.04 17:16:36.169,1.4975,1.4977,12.00,1.00
2009.05.04 17:16:36.229,1.4975,1.4977,9.60,1.00
2009.05.04 17:16:36.349,1.4975,1.4977,4.80,1.00
2009.05.04 17:16:36.699,1.4976,1.4977,1.00,1.00
2009.05.04 17:16:37.489,1.49765,1.4977,2.40,1.00
2009.05.04 17:16:37.719,1.49755,1.4977,5.40,1.00
2009.05.04 17:16:38.359,1.49755,1.4977,3.40,1.00
2009.05.04 17:16:40.248,1.49755,1.4977,3.00,1.00
2009.05.04 17:16:40.728,1.4975,1.4977,7.20,1.00
2009.05.04 17:16:40.949,1.4975,1.4977,4.80,1.00
2009.05.04 17:16:44.287,1.49745,1.4976,3.20,1.00
2009.05.04 17:16:44.747,1.4974,1.4976,4.80,1.00
2009.05.04 17:16:44.927,1.4974,1.4976,7.20,1.00
2009.05.04 17:16:45.107,1.49745,1.4976,3.20,1.00
2009.05.04 17:16:45.727,1.49745,1.4977,3.20,3.80
2009.05.04 17:16:46.067,1.49745,1.4977,7.60,3.80
2009.05.04 17:16:46.356,1.4975,1.4978,2.40,3.80
2009.05.04 17:16:46.646,1.49745,1.49775,10.60,3.80
2009.05.04 17:16:46.878,1.49745,1.49775,11.60,3.80
2009.05.04 17:16:47.056,1.49745,1.49775,7.60,3.80
2009.05.04 17:16:48.026,1.49745,1.49775,11.60,3.80
2009.05.04 17:16:48.246,1.4975,1.4978,2.40,3.80
2009.05.04 17:16:48.416,1.4975,1.49775,2.40,3.80
2009.05.04 17:16:48.526,1.49745,1.49775,11.80,3.80
2009.05.04 17:16:48.886,1.4975,1.4978,2.40,3.80
2009.05.04 17:16:50.056,1.49745,1.49775,18.40,3.80
2009.05.04 17:16:50.176,1.49745,1.49775,14.40,3.80
2009.05.04 17:16:50.475,1.49745,1.49775,5.60,3.80
2009.05.04 17:16:50.586,1.4975,1.4978,2.40,3.80
2009.05.04 17:16:50.645,1.49745,1.49775,10.60,3.80
2009.05.04 17:16:50.765,1.49745,1.49775,6.60,3.80
2009.05.04 17:16:50.875,1.49745,1.49775,7.60,3.80
2009.05.04 17:16:59.933,1.49745,1.49775,5.00,3.80
2009.05.04 17:17:00.903,1.49745,1.49775,3.20,3.80
2009.05.04 17:17:02.293,1.49745,1.49775,3.60,3.80
2009.05.04 17:17:02.703,1.49745,1.49775,4.00,3.80
2009.05.04 17:17:02.813,1.49745,1.49775,3.80,3.80
2009.05.04 17:17:04.432,1.49745,1.49775,4.00,3.80
2009.05.04 17:17:04.672,1.49745,1.49775,4.00,3.80
2009.05.04 17:17:06.512,1.49745,1.49775,4.40,3.80
2009.05.04 17:17:06.572,1.49745,1.49775,4.80,3.80
2009.05.04 17:17:06.852,1.49745,1.49775,4.80,3.80
2009.05.04 17:17:06.911,1.49745,1.49775,5.00,3.80
2009.05.04 17:17:10.361,1.49755,1.4977,1.20,3.80
2009.05.04 17:17:10.471,1.49745,1.4977,5.60,3.80
2009.05.04 17:17:10.771,1.49745,1.4977,4.80,3.80
2009.05.04 17:17:10.951,1.4975,1.4977,1.00,3.80
2009.05.04 17:17:14.230,1.4975,1.4977,1.00,3.80
2009.05.04 17:17:14.920,1.49745,1.4977,3.40,3.80
2009.05.04 17:17:19.148,1.49745,1.4977,2.40,3.80
2009.05.04 17:17:19.509,1.4974,1.4977,5.60,3.80
2009.05.04 17:17:21.838,1.4974,1.4977,8.00,3.80
2009.05.04 17:17:21.948,1.4974,1.4977,5.60,3.80
2009.05.04 17:17:22.188,1.4974,1.49765,5.60,3.80
2009.05.04 17:17:22.478,1.4974,1.49765,3.20,4.60
2009.05.04 17:17:22.638,1.4974,1.49765,3.20,3.80
2009.05.04 17:17:23.128,1.4974,1.49765,5.60,3.80
2009.05.04 17:17:23.838,1.4974,1.49765,2.40,3.80
2009.05.04 17:17:30.876,1.4974,1.49765,5.60,3.80
2009.05.04 17:17:30.996,1.4974,1.49765,7.20,3.80
2009.05.04 17:17:31.056,1.49745,1.4977,2.40,3.80
2009.05.04 17:17:31.406,1.49745,1.4977,5.60,3.80
2009.05.04 17:17:33.535,1.49745,1.49775,5.60,3.80
2009.05.04 17:17:44.912,1.49745,1.4977,5.60,3.80
2009.05.04 17:17:45.322,1.49745,1.4977,3.20,3.80
2009.05.04 17:17:46.172,1.4975,1.4977,2.40,3.80
2009.05.04 17:17:46.572,1.4975,1.49775,2.40,3.80
2009.05.04 17:17:46.792,1.49745,1.49775,7.00,3.80
2009.05.04 17:17:48.192,1.49745,1.49775,6.80,3.80
2009.05.04 17:17:48.511,1.49745,1.49775,6.40,3.80
2009.05.04 17:17:48.672,1.49745,1.49775,5.60,3.80
2009.05.04 17:17:49.911,1.49745,1.4977,3.20,3.80
2009.05.04 17:17:50.081,1.4974,1.4977,5.60,3.80
2009.05.04 17:17:54.940,1.4974,1.4977,3.20,3.80
2009.05.04 17:18:02.048,1.49735,1.49765,9.60,3.80
2009.05.04 17:18:09.786,1.4974,1.49765,2.40,3.80
2009.05.04 17:18:10.297,1.49735,1.49765,9.60,3.80
2009.05.04 17:18:10.476,1.4974,1.4977,4.80,3.80
2009.05.04 17:18:10.706,1.49735,1.49765,10.60,3.80
2009.05.04 17:18:10.886,1.49735,1.49765,11.00,3.80
2009.05.04 17:18:11.286,1.49735,1.49765,11.00,3.80
2009.05.04 17:18:11.466,1.49735,1.49765,11.00,3.80
2009.05.04 17:18:11.806,1.49735,1.49765,11.00,3.80
2009.05.04 17:18:11.916,1.49735,1.49765,10.40,3.80
2009.05.04 17:18:12.495,1.49735,1.49765,10.20,3.80
2009.05.04 17:18:12.556,1.49735,1.49765,10.60,3.80
2009.05.04 17:18:13.135,1.4974,1.4977,4.80,3.80
2009.05.04 17:18:13.365,1.49735,1.4977,10.60,3.80
2009.05.04 17:18:13.696,1.4974,1.4977,4.80,3.80
2009.05.04 17:18:15.355,1.4974,1.4977,7.20,3.80
2009.05.04 17:18:15.535,1.4974,1.49765,2.40,3.80
2009.05.04 17:18:15.645,1.49735,1.49765,10.20,3.80
2009.05.04 17:18:15.935,1.49735,1.49765,10.40,3.80
2009.05.04 17:18:16.395,1.49735,1.49765,10.20,3.80
2009.05.04 17:18:16.575,1.49735,1.49765,10.40,3.80
2009.05.04 17:18:17.155,1.49735,1.49765,17.40,3.80
2009.05.04 17:18:17.894,1.4974,1.49765,2.40,3.80
2009.05.04 17:18:18.124,1.4974,1.4977,2.40,3.80
2009.05.04 17:18:19.274,1.49735,1.49765,17.20,3.80
2009.05.04 17:18:20.264,1.49735,1.49765,21.20,3.80
2009.05.04 17:18:20.444,1.49735,1.49765,19.60,3.80
2009.05.04 17:18:20.664,1.49735,1.4977,15.40,3.80
2009.05.04 17:18:20.844,1.49735,1.4977,15.20,3.80
2009.05.04 17:18:21.254,1.49735,1.49765,10.20,3.80
2009.05.04 17:18:22.493,1.49735,1.49765,10.40,3.80
2009.05.04 17:18:22.954,1.49735,1.49765,9.60,4.60
2009.05.04 17:18:23.243,1.49735,1.49765,9.60,5.40
2009.05.04 17:18:23.913,1.49735,1.49765,9.60,3.80
2009.05.04 17:18:37.719,1.49735,1.49765,10.20,3.80
2009.05.04 17:18:37.839,1.49735,1.49765,11.00,3.80
2009.05.04 17:18:37.959,1.49735,1.49765,10.20,3.80
2009.05.04 17:18:38.019,1.49735,1.49765,10.40,3.80
2009.05.04 17:18:39.339,1.49735,1.49765,15.20,3.80
2009.05.04 17:18:39.799,1.49735,1.49765,10.40,3.80
2009.05.04 17:18:41.409,1.49735,1.49765,11.00,3.80
2009.05.04 17:18:52.366,1.49735,1.49765,15.20,3.80
2009.05.04 17:19:01.624,1.49735,1.49765,13.60,3.80
2009.05.04 17:19:02.024,1.49745,1.49765,1.00,3.80
2009.05.04 17:19:02.134,1.4975,1.49765,1.00,3.80
2009.05.04 17:19:10.292,1.49735,1.49765,9.80,3.80
2009.05.04 17:19:10.651,1.49735,1.49765,14.60,3.80
2009.05.04 17:19:11.051,1.4975,1.49765,1.00,3.80
2009.05.04 17:19:13.201,1.49735,1.49765,14.00,3.80
2009.05.04 17:19:15.560,1.49735,1.49765,13.60,3.80
2009.05.04 17:19:22.659,1.49735,1.49765,8.60,3.80
2009.05.04 17:19:22.839,1.49735,1.49765,8.40,3.80
2009.05.04 17:19:22.959,1.49735,1.49765,8.00,3.80
2009.05.04 17:19:23.119,1.4974,1.4977,4.80,3.80
2009.05.04 17:19:23.358,1.49735,1.49765,8.00,3.80
2009.05.04 17:19:24.828,1.49735,1.49765,5.60,3.80
2009.05.04 17:19:24.888,1.49735,1.49765,8.00,3.80
2009.05.04 17:19:26.418,1.49735,1.49765,8.80,3.80
2009.05.04 17:19:26.948,1.49735,1.49765,9.00,3.80
2009.05.04 17:19:27.067,1.49735,1.49765,8.60,3.80
2009.05.04 17:19:27.367,1.49735,1.49765,8.80,3.80
2009.05.04 17:19:27.787,1.49735,1.49765,9.00,3.80
2009.05.04 17:19:28.077,1.49735,1.49765,9.20,3.80
2009.05.04 17:19:28.137,1.49735,1.49765,9.40,3.80
2009.05.04 17:19:29.007,1.49735,1.49765,9.00,3.80
2009.05.04 17:19:29.237,1.49735,1.49765,8.60,3.80
2009.05.04 17:19:34.266,1.49735,1.49765,8.40,3.80
2009.05.04 17:19:34.506,1.49735,1.49765,8.00,3.80
2009.05.04 17:19:41.874,1.49735,1.49765,5.60,3.80
2009.05.04 17:19:42.344,1.49735,1.49765,5.60,4.60
2009.05.04 17:19:42.574,1.49735,1.49765,5.60,5.40
2009.05.04 17:19:42.794,1.49735,1.49765,8.00,3.80
2009.05.04 17:19:47.233,1.49735,1.49765,5.60,3.80
2009.05.04 17:19:47.633,1.49735,1.49765,8.00,3.80
2009.05.04 17:19:54.143,1.49735,1.49765,5.60,3.80
2009.05.04 17:19:58.760,1.49735,1.49765,4.80,3.80
2009.05.04 17:20:00.869,1.49735,1.4975,3.20,1.00
2009.05.04 17:20:00.989,1.49715,1.4974,9.80,3.80
2009.05.04 17:20:01.169,1.49715,1.4974,5.80,3.80
2009.05.04 17:20:01.229,1.49715,1.4974,5.40,3.80
2009.05.04 17:20:01.409,1.49715,1.4974,3.40,3.80
2009.05.04 17:20:01.469,1.4971,1.4974,10.40,3.80
2009.05.04 17:20:02.189,1.4971,1.4974,8.00,3.80
2009.05.04 17:20:02.299,1.4971,1.4973,4.80,1.00
2009.05.04 17:20:02.579,1.4971,1.4974,4.80,3.80
2009.05.04 17:20:17.125,1.4971,1.49735,4.80,1.00
2009.05.04 17:20:17.305,1.4971,1.4973,4.80,1.00
2009.05.04 17:20:17.985,1.4971,1.49735,4.80,1.20
2009.05.04 17:20:18.036,1.4971,1.4973,4.80,3.80
2009.05.04 17:20:19.835,1.4971,1.49725,4.80,1.20
2009.05.04 17:20:20.175,1.4971,1.4972,4.80,1.20
2009.05.04 17:20:20.455,1.49705,1.49725,4.80,6.40
2009.05.04 17:20:20.905,1.4971,1.4972,4.80,1.20
2009.05.04 17:20:24.054,1.497,1.4971,7.20,1.20
2009.05.04 17:20:24.274,1.497,1.49715,7.20,1.20
2009.05.04 17:20:24.394,1.497,1.4972,6.40,3.80
2009.05.04 17:20:24.674,1.497,1.4972,4.80,3.80
2009.05.04 17:20:25.303,1.4969,1.49715,12.80,6.80
2009.05.04 17:20:25.583,1.4969,1.49715,9.60,6.80
2009.05.04 17:20:26.853,1.49695,1.49715,7.80,6.80
2009.05.04 17:20:26.973,1.49695,1.4971,7.80,6.60
2009.05.04 17:20:27.443,1.49695,1.49705,3.00,8.20
2009.05.04 17:20:27.563,1.49665,1.49695,6.60,4.60
2009.05.04 17:20:27.893,1.4965,1.49695,7.20,5.40
2009.05.04 17:20:33.112,1.4966,1.49695,7.20,4.60
2009.05.04 17:20:33.392,1.4966,1.49695,7.20,5.40
2009.05.04 17:20:35.481,1.4966,1.49695,7.20,5.80
2009.05.04 17:20:35.832,1.4967,1.49695,1.00,4.80
2009.05.04 17:20:36.291,1.4967,1.49695,1.00,3.80
2009.05.04 17:20:37.890,1.4967,1.49695,1.00,3.80
2009.05.04 17:20:39.060,1.4967,1.49695,1.20,3.80
2009.05.04 17:20:39.400,1.49665,1.49695,7.20,3.80
2009.05.04 17:20:39.580,1.49665,1.49695,13.80,3.80
2009.05.04 17:20:40.260,1.49665,1.49695,9.40,3.80
2009.05.04 17:20:40.900,1.49665,1.49695,13.40,3.80
2009.05.04 17:20:41.190,1.49665,1.49695,13.20,3.80
2009.05.04 17:20:41.470,1.4968,1.49695,1.00,3.80
2009.05.04 17:20:41.819,1.4967,1.49695,4.00,3.80
2009.05.04 17:20:42.229,1.4968,1.49695,1.00,3.80
2009.05.04 17:20:42.409,1.4967,1.49695,4.00,3.80
2009.05.04 17:20:42.809,1.4968,1.49695,1.00,3.80
2009.05.04 17:20:43.169,1.49675,1.49695,1.00,3.80
2009.05.04 17:20:43.399,1.4968,1.497,1.20,3.80
2009.05.04 17:20:43.759,1.4967,1.497,11.20,3.80
2009.05.04 17:20:43.979,1.4967,1.497,6.40,3.80
2009.05.04 17:20:44.309,1.4968,1.497,1.00,3.80
2009.05.04 17:20:44.849,1.4967,1.497,6.40,3.80
2009.05.04 17:20:45.399,1.49675,1.497,4.00,3.80
2009.05.04 17:20:46.318,1.4967,1.497,6.40,3.80
2009.05.04 17:20:46.729,1.49675,1.497,2.40,3.80
2009.05.04 17:20:47.618,1.4967,1.497,11.20,3.80
2009.05.04 17:20:48.358,1.49675,1.497,4.00,3.80
2009.05.04 17:20:48.638,1.4967,1.497,11.20,3.80
2009.05.04 17:20:49.288,1.49675,1.497,4.00,3.80
2009.05.04 17:20:50.037,1.4967,1.497,11.20,3.80
2009.05.04 17:21:01.135,1.4967,1.497,12.80,3.80
2009.05.04 17:21:01.255,1.4967,1.497,14.40,3.80
2009.05.04 17:21:02.295,1.4967,1.497,12.80,3.80
2009.05.04 17:21:02.524,1.4967,1.497,11.20,3.80
2009.05.04 17:21:09.223,1.4967,1.497,7.20,3.80
2009.05.04 17:21:10.203,1.4967,1.497,10.40,3.80
2009.05.04 17:21:13.941,1.49675,1.497,1.00,3.80
2009.05.04 17:21:14.231,1.4968,1.497,1.00,3.80
2009.05.04 17:21:14.531,1.4968,1.497,1.00,3.80
2009.05.04 17:21:14.701,1.4968,1.497,1.00,3.80
2009.05.04 17:21:15.102,1.4968,1.497,4.80,3.80
2009.05.04 17:21:15.332,1.49685,1.4971,4.80,9.40
2009.05.04 17:21:15.681,1.4968,1.497,4.80,3.80
2009.05.04 17:21:19.530,1.4968,1.49705,4.80,3.80
2009.05.04 17:21:19.760,1.4968,1.49705,6.40,3.80
2009.05.04 17:21:19.990,1.4967,1.497,13.60,3.80
2009.05.04 17:21:20.330,1.4967,1.497,16.80,3.80
2009.05.04 17:21:20.510,1.4968,1.497,1.00,3.80
2009.05.04 17:21:23.639,1.4968,1.497,1.00,3.80
2009.05.04 17:21:31.197,1.4967,1.497,14.40,3.80
2009.05.04 17:21:35.367,1.49675,1.497,1.00,3.80
2009.05.04 17:21:35.587,1.49675,1.497,3.00,3.80
2009.05.04 17:21:35.996,1.49675,1.497,2.40,3.80
2009.05.04 17:21:36.386,1.49675,1.497,6.40,3.80
2009.05.04 17:21:36.676,1.49675,1.497,7.00,3.80
2009.05.04 17:21:36.846,1.49675,1.497,7.80,3.80
2009.05.04 17:21:40.805,1.49675,1.497,7.40,3.80
2009.05.04 17:21:41.615,1.49675,1.497,4.80,3.80
2009.05.04 17:21:41.675,1.4968,1.497,2.00,3.80
2009.05.04 17:21:41.735,1.4968,1.497,3.60,3.80
2009.05.04 17:21:42.025,1.4968,1.497,2.00,3.80
2009.05.04 17:21:42.085,1.49675,1.497,4.80,3.80
2009.05.04 17:21:46.684,1.49675,1.497,4.00,3.80
2009.05.04 17:21:47.154,1.4968,1.497,4.80,3.80
2009.05.04 17:21:47.514,1.49685,1.49705,4.80,3.80
2009.05.04 17:21:47.634,1.4968,1.497,6.40,3.80
2009.05.04 17:21:47.744,1.4968,1.497,4.80,3.80
2009.05.04 17:21:48.314,1.49675,1.497,4.40,3.80
2009.05.04 17:21:48.533,1.49675,1.497,6.40,3.80
2009.05.04 17:21:48.774,1.49675,1.497,4.00,3.80
2009.05.04 17:21:49.003,1.49675,1.497,6.40,3.80
2009.05.04 17:21:49.233,1.49675,1.497,4.00,3.80
2009.05.04 17:21:49.463,1.49675,1.497,6.40,3.80
2009.05.04 17:21:50.043,1.49675,1.497,4.00,3.80
2009.05.04 17:21:50.443,1.49675,1.497,6.40,3.80
2009.05.04 17:21:50.903,1.49675,1.497,4.00,3.80
2009.05.04 17:21:51.243,1.49675,1.497,6.40,3.80
2009.05.04 17:21:51.643,1.49675,1.497,4.00,3.80
2009.05.04 17:21:51.762,1.4967,1.497,9.60,3.80
2009.05.04 17:21:53.362,1.4968,1.497,1.00,3.80
2009.05.04 17:21:54.752,1.49675,1.497,1.00,3.80
2009.05.04 17:21:54.862,1.4967,1.497,9.60,3.80
2009.05.04 17:21:59.961,1.4968,1.497,4.80,3.80
2009.05.04 17:22:00.190,1.4968,1.49705,5.60,3.80
2009.05.04 17:22:00.300,1.4968,1.49705,7.20,3.80
2009.05.04 17:22:00.761,1.4968,1.497,6.40,3.80
2009.05.04 17:22:00.930,1.4968,1.497,4.80,3.80
2009.05.04 17:22:04.319,1.4968,1.49705,4.80,3.80
2009.05.04 17:22:04.439,1.4968,1.49705,7.20,3.80
2009.05.04 17:22:04.620,1.4968,1.49705,8.80,3.80
2009.05.04 17:22:05.229,1.4968,1.49705,5.60,3.80
2009.05.04 17:22:05.459,1.4968,1.49705,7.20,3.80
2009.05.04 17:22:05.809,1.4968,1.497,4.80,3.80
2009.05.04 17:22:06.619,1.49685,1.49705,4.80,3.80
2009.05.04 17:22:06.679,1.49685,1.4971,4.80,7.80
2009.05.04 17:22:06.859,1.49685,1.4971,7.20,7.80
2009.05.04 17:22:07.099,1.497,1.49705,4.80,3.20
2009.05.04 17:22:07.159,1.497,1.4971,4.80,2.20
2009.05.04 17:22:07.219,1.497,1.4972,4.80,6.20
2009.05.04 17:22:07.579,1.49695,1.4972,4.60,11.00
2009.05.04 17:22:07.819,1.49685,1.4972,9.80,11.00
2009.05.04 17:22:07.999,1.4969,1.4972,4.80,10.20
2009.05.04 17:22:08.229,1.4969,1.4972,4.80,6.20
2009.05.04 17:22:08.408,1.4969,1.4972,7.20,6.20
2009.05.04 17:22:08.578,1.4969,1.4972,9.60,6.20
2009.05.04 17:22:08.819,1.497,1.4973,4.80,10.20
2009.05.04 17:22:09.039,1.497,1.4973,4.80,5.60
2009.05.04 17:22:09.428,1.497,1.49735,4.80,8.60
2009.05.04 17:22:09.888,1.497,1.49735,4.80,11.00
2009.05.04 17:22:09.939,1.497,1.4973,4.80,3.80
2009.05.04 17:22:10.528,1.49705,1.49735,7.20,5.00
2009.05.04 17:22:10.748,1.4971,1.49735,4.80,4.00
2009.05.04 17:22:11.158,1.4971,1.49745,7.20,10.20
2009.05.04 17:22:11.218,1.4971,1.49745,7.20,3.80
2009.05.04 17:22:14.757,1.49715,1.4975,4.80,12.60
2009.05.04 17:22:15.107,1.4971,1.49745,4.80,10.20
2009.05.04 17:22:15.277,1.49705,1.4974,4.80,3.80
2009.05.04 17:22:15.677,1.49705,1.4974,8.80,3.80
2009.05.04 17:22:17.896,1.4971,1.4974,4.80,3.80
2009.05.04 17:22:18.526,1.49705,1.4974,4.80,3.80
2009.05.04 17:22:18.586,1.49705,1.4974,7.80,3.80
2009.05.04 17:22:18.806,1.4971,1.4974,2.40,3.80
2009.05.04 17:22:19.046,1.49715,1.4974,4.80,2.40
2009.05.04 17:22:20.006,1.4971,1.49745,4.80,10.20
2009.05.04 17:22:20.126,1.4971,1.4974,4.80,3.80
2009.05.04 17:22:20.346,1.4971,1.4973,4.80,1.00
2009.05.04 17:22:20.756,1.49705,1.4973,4.80,1.60
2009.05.04 17:22:21.985,1.49705,1.4973,4.80,1.80
2009.05.04 17:22:22.155,1.49705,1.4973,4.80,1.60
2009.05.04 17:22:22.905,1.49705,1.4973,4.80,1.80
2009.05.04 17:22:26.244,1.49705,1.4973,4.80,3.40
2009.05.04 17:22:26.364,1.49705,1.49735,4.80,6.80
2009.05.04 17:22:26.584,1.497,1.4973,4.80,3.80
2009.05.04 17:22:53.837,1.497,1.4973,8.00,3.80
2009.05.04 17:23:06.264,1.497,1.4973,10.40,3.80
2009.05.04 17:23:06.614,1.497,1.49735,10.40,5.20
2009.05.04 17:23:06.954,1.497,1.49735,10.40,5.80
2009.05.04 17:23:07.314,1.497,1.49735,10.40,5.20
2009.05.04 17:23:07.434,1.497,1.49735,10.40,6.40
2009.05.04 17:23:07.844,1.497,1.49735,10.40,6.80
2009.05.04 17:23:07.954,1.497,1.49735,10.40,6.20
2009.05.04 17:23:10.534,1.497,1.4973,4.80,3.80
2009.05.04 17:23:10.873,1.497,1.4973,8.00,3.80
2009.05.04 17:23:15.822,1.497,1.4973,4.80,3.80
2009.05.04 17:23:22.321,1.4971,1.4973,1.00,3.80
2009.05.04 17:23:22.611,1.49705,1.49735,5.60,3.80
2009.05.04 17:23:22.841,1.49705,1.49735,8.80,3.80
2009.05.04 17:23:23.081,1.4972,1.4974,1.00,3.80
2009.05.04 17:23:23.370,1.4973,1.4974,1.00,3.80
2009.05.04 17:23:23.940,1.49725,1.4974,9.00,3.80
2009.05.04 17:23:24.330,1.4973,1.49745,4.80,1.00
2009.05.04 17:23:24.800,1.4974,1.49765,1.00,3.80
2009.05.04 17:23:25.120,1.4974,1.4976,4.80,1.00
2009.05.04 17:23:25.470,1.4974,1.4976,4.80,2.40
2009.05.04 17:23:25.750,1.4974,1.4976,4.80,3.80
2009.05.04 17:23:26.040,1.4974,1.49765,6.40,3.80
2009.05.04 17:23:26.430,1.4975,1.4977,4.80,6.20
2009.05.04 17:23:26.650,1.4975,1.4977,4.80,5.40
2009.05.04 17:23:27.799,1.4974,1.4977,4.80,5.40
2009.05.04 17:23:29.759,1.49735,1.49765,2.40,3.80
2009.05.04 17:23:29.979,1.49735,1.49765,2.40,4.60
2009.05.04 17:23:30.269,1.49725,1.49765,10.80,5.40
2009.05.04 17:23:30.329,1.4973,1.49765,2.40,5.40
2009.05.04 17:23:30.499,1.4973,1.49765,7.20,5.40
2009.05.04 17:23:33.988,1.49725,1.49765,9.40,5.40
2009.05.04 17:23:34.208,1.49725,1.49765,8.60,5.40
2009.05.04 17:23:34.507,1.4972,1.49755,8.00,5.20
2009.05.04 17:23:35.008,1.4972,1.49755,8.00,5.40
2009.05.04 17:23:35.348,1.4972,1.4975,3.20,3.80
2009.05.04 17:23:35.927,1.49715,1.4975,8.40,3.80
2009.05.04 17:23:36.227,1.49715,1.4975,8.80,3.80
2009.05.04 17:23:37.407,1.49715,1.4975,8.40,3.80
2009.05.04 17:23:37.627,1.49715,1.4975,8.00,3.80
2009.05.04 17:23:40.036,1.49715,1.4975,9.40,3.80
2009.05.04 17:23:40.206,1.4972,1.49755,4.80,4.00
2009.05.04 17:23:40.546,1.4972,1.49755,8.00,3.80
2009.05.04 17:23:40.997,1.4973,1.49755,1.00,3.80
2009.05.04 17:23:41.356,1.49725,1.4976,5.60,3.80
2009.05.04 17:23:42.866,1.4973,1.4976,1.00,3.80
2009.05.04 17:23:43.196,1.4973,1.4976,1.00,3.80
2009.05.04 17:23:43.486,1.49725,1.4976,6.00,3.80
2009.05.04 17:23:46.755,1.49725,1.4975,5.20,2.60
2009.05.04 17:23:47.075,1.4972,1.49755,8.00,6.60
2009.05.04 17:23:47.645,1.4972,1.49755,8.00,7.20
2009.05.04 17:23:47.984,1.4972,1.49755,8.00,6.60
2009.05.04 17:23:48.205,1.4972,1.49755,8.00,3.80
2009.05.04 17:23:48.544,1.49725,1.4976,4.80,10.20
2009.05.04 17:23:48.664,1.49725,1.4976,4.80,7.80
2009.05.04 17:23:48.894,1.49725,1.4976,4.80,3.80
2009.05.04 17:23:50.404,1.4972,1.49755,10.40,3.80
2009.05.04 17:23:50.624,1.4972,1.4976,10.40,3.80
2009.05.04 17:23:50.964,1.4972,1.4976,10.40,7.80
2009.05.04 17:23:51.384,1.4972,1.4976,10.40,3.80
2009.05.04 17:23:51.563,1.4973,1.4976,1.00,3.80
2009.05.04 17:23:51.914,1.49725,1.4976,5.40,3.80
2009.05.04 17:23:52.033,1.49725,1.49765,10.40,7.80
2009.05.04 17:23:52.493,1.49725,1.49765,10.40,3.80
2009.05.04 17:23:52.783,1.49735,1.49765,1.00,3.80
2009.05.04 17:23:52.893,1.4974,1.49765,1.00,3.80
2009.05.04 17:23:53.003,1.4973,1.49765,4.80,4.40
2009.05.04 17:23:53.343,1.4973,1.49765,4.80,5.20
2009.05.04 17:23:53.683,1.4973,1.49765,4.80,3.80
2009.05.04 17:23:53.973,1.4974,1.49765,1.00,3.80
2009.05.04 17:23:54.373,1.49735,1.4977,7.20,3.80
2009.05.04 17:23:54.783,1.4974,1.49775,4.80,10.20
2009.05.04 17:23:55.243,1.4974,1.49775,4.80,7.80
2009.05.04 17:23:55.303,1.4974,1.49775,4.80,3.80
2009.05.04 17:23:56.643,1.4975,1.49775,1.00,3.80
2009.05.04 17:23:56.812,1.49745,1.49775,1.00,3.80
2009.05.04 17:23:57.043,1.49745,1.49775,1.00,3.80
2009.05.04 17:23:57.153,1.49745,1.4978,4.80,13.40
2009.05.04 17:23:57.322,1.4974,1.49775,4.80,3.80
2009.05.04 17:23:59.122,1.4974,1.49775,4.80,5.20
2009.05.04 17:24:00.211,1.4974,1.49775,4.80,4.40
2009.05.04 17:24:00.572,1.4974,1.49775,4.80,3.80
2009.05.04 17:24:00.851,1.4974,1.49775,4.80,4.80
2009.05.04 17:24:00.971,1.4974,1.49775,4.80,5.80
2009.05.04 17:24:01.491,1.4974,1.49775,4.80,5.60
2009.05.04 17:24:01.831,1.4974,1.49775,4.80,3.80
2009.05.04 17:24:05.640,1.4974,1.49775,4.80,5.20
2009.05.04 17:24:06.740,1.4974,1.49775,4.80,5.40
2009.05.04 17:24:06.800,1.4974,1.49775,4.80,5.80
2009.05.04 17:24:06.910,1.4974,1.49775,4.80,5.60
2009.05.04 17:24:06.970,1.4974,1.49775,4.80,5.40
2009.05.04 17:24:12.329,1.4974,1.49775,4.80,6.20
2009.05.04 17:24:12.499,1.49735,1.49755,10.20,1.00
2009.05.04 17:24:12.768,1.49735,1.4975,7.20,1.00
2009.05.04 17:24:13.059,1.49735,1.49755,7.20,6.40
2009.05.04 17:24:13.358,1.49725,1.49755,10.20,7.60
2009.05.04 17:24:13.648,1.49725,1.49755,6.20,6.80
2009.05.04 17:24:13.938,1.4972,1.49755,10.40,6.40
2009.05.04 17:24:15.238,1.4973,1.4976,2.40,3.80
2009.05.04 17:24:15.648,1.4973,1.4976,4.80,3.80
2009.05.04 17:24:16.008,1.49725,1.4976,11.20,3.80
2009.05.04 17:24:16.717,1.49725,1.4976,7.00,7.80
2009.05.04 17:24:16.837,1.49725,1.4976,11.80,7.80
2009.05.04 17:24:17.547,1.49725,1.4976,8.00,7.80
2009.05.04 17:24:17.657,1.49725,1.49755,3.20,3.80
2009.05.04 17:24:17.777,1.4972,1.49755,12.00,3.80
2009.05.04 17:24:17.897,1.4973,1.49755,1.00,3.80
2009.05.04 17:24:18.187,1.49725,1.49755,3.80,3.80
2009.05.04 17:24:18.307,1.49725,1.4976,8.60,7.80
2009.05.04 17:24:18.427,1.49725,1.49755,3.20,3.80
2009.05.04 17:24:18.837,1.4972,1.49755,8.00,3.80
2009.05.04 17:24:19.657,1.4972,1.4976,8.00,7.80
2009.05.04 17:24:19.827,1.49725,1.4976,4.80,7.80
2009.05.04 17:24:20.047,1.49725,1.4976,6.00,7.80
2009.05.04 17:24:20.407,1.4973,1.4976,4.80,3.80
2009.05.04 17:24:21.027,1.4973,1.49765,4.80,9.40
2009.05.04 17:24:21.606,1.4973,1.49765,4.80,8.60
2009.05.04 17:24:22.006,1.49725,1.4976,8.00,3.80
2009.05.04 17:24:22.526,1.49725,1.4976,3.20,8.60
2009.05.04 17:24:22.646,1.49725,1.4975,3.20,2.60
2009.05.04 17:24:23.236,1.4972,1.4975,4.80,2.60
2009.05.04 17:24:23.346,1.4972,1.49755,4.80,6.60
2009.05.04 17:24:25.406,1.4972,1.49755,4.80,9.00
2009.05.04 17:24:25.685,1.4972,1.49755,4.80,9.40
2009.05.04 17:24:25.975,1.4972,1.49755,4.80,9.20
2009.05.04 17:24:26.095,1.4972,1.49755,4.80,9.00
2009.05.04 17:24:26.385,1.4972,1.49755,11.20,7.40
2009.05.04 17:24:26.625,1.4972,1.49755,13.60,7.40
2009.05.04 17:24:26.735,1.4973,1.4976,4.80,5.40
2009.05.04 17:24:26.905,1.4973,1.4976,4.80,3.80
2009.05.04 17:24:27.025,1.49735,1.49765,4.80,7.80
2009.05.04 17:24:27.265,1.49735,1.49765,4.80,5.40
2009.05.04 17:24:28.135,1.49735,1.49765,4.80,6.00
2009.05.04 17:24:28.355,1.49735,1.49765,4.80,6.80
2009.05.04 17:24:28.644,1.4973,1.49765,4.80,7.20
2009.05.04 17:24:28.815,1.49725,1.4976,5.60,3.80
2009.05.04 17:24:28.934,1.49725,1.49765,10.40,8.20
2009.05.04 17:24:29.685,1.49725,1.49765,6.40,8.20
2009.05.04 17:24:30.044,1.49725,1.49765,6.20,8.20
2009.05.04 17:24:30.164,1.49725,1.49765,6.00,8.20
2009.05.04 17:24:31.774,1.49725,1.4976,6.20,3.80
2009.05.04 17:24:31.884,1.4974,1.49765,4.80,8.00
2009.05.04 17:24:34.183,1.4975,1.4978,4.80,5.40
2009.05.04 17:24:35.573,1.4975,1.4978,4.80,3.80
2009.05.04 17:24:36.903,1.4975,1.4977,4.80,1.00
2009.05.04 17:24:39.862,1.49745,1.4977,2.40,1.00
2009.05.04 17:24:40.032,1.49745,1.4977,2.40,1.00
2009.05.04 17:24:40.312,1.4974,1.4977,7.20,1.00
2009.05.04 17:24:40.491,1.49735,1.4977,12.00,3.80
2009.05.04 17:24:40.652,1.49735,1.4976,8.00,1.00
2009.05.04 17:24:41.012,1.4973,1.49765,4.80,3.80
2009.05.04 17:24:41.531,1.4973,1.49765,4.80,5.20
2009.05.04 17:24:44.071,1.4976,1.49785,1.00,9.40
2009.05.04 17:24:44.361,1.4976,1.49785,1.00,5.40
2009.05.04 17:24:44.541,1.4976,1.49785,1.00,5.40
2009.05.04 17:24:45.001,1.4976,1.49785,1.00,5.20
2009.05.04 17:24:46.001,1.4976,1.49785,1.00,5.20
2009.05.04 17:24:46.110,1.4976,1.49785,1.00,5.20
2009.05.04 17:24:47.880,1.4976,1.49785,1.00,5.20
2009.05.04 17:24:48.280,1.4976,1.49785,1.20,4.40
2009.05.04 17:24:48.390,1.49755,1.4979,6.40,3.80
2009.05.04 17:24:49.550,1.4976,1.49785,1.00,5.20
2009.05.04 17:24:59.337,1.49755,1.49785,1.00,4.40
2009.05.04 17:24:59.507,1.4975,1.49785,4.80,3.80
2009.05.04 17:25:00.527,1.4976,1.49785,1.20,3.80
2009.05.04 17:25:00.807,1.49755,1.49785,6.60,3.80
2009.05.04 17:25:00.927,1.49755,1.4978,6.80,2.40
2009.05.04 17:25:01.157,1.49755,1.4978,7.00,1.00
2009.05.04 17:25:01.327,1.49755,1.4978,6.60,1.00
2009.05.04 17:25:01.716,1.49755,1.4978,6.00,1.00
2009.05.04 17:25:08.065,1.49755,1.4978,8.60,1.00
2009.05.04 17:25:08.175,1.49755,1.4978,9.20,1.00
2009.05.04 17:25:12.994,1.49755,1.4978,9.40,1.00
2009.05.04 17:25:13.054,1.49755,1.4978,9.40,1.00
2009.05.04 17:25:13.104,1.49755,1.4978,9.60,1.00
2009.05.04 17:25:13.394,1.49755,1.4978,9.80,1.00
2009.05.04 17:25:15.603,1.49755,1.4978,7.20,1.00
2009.05.04 17:25:16.073,1.49755,1.4978,8.60,1.00
2009.05.04 17:25:16.713,1.49755,1.4978,8.60,1.00
2009.05.04 17:25:16.883,1.49755,1.4978,9.20,1.00
2009.05.04 17:25:17.713,1.49755,1.4978,9.40,1.00
2009.05.04 17:25:18.013,1.49755,1.4978,9.40,1.00
2009.05.04 17:25:18.183,1.49755,1.4978,9.80,1.00
2009.05.04 17:25:25.731,1.49755,1.4978,12.40,1.00
2009.05.04 17:25:25.791,1.49755,1.4978,15.80,1.00
2009.05.04 17:25:25.961,1.49755,1.4978,19.00,1.00
2009.05.04 17:25:26.201,1.49755,1.4978,17.40,1.00
2009.05.04 17:25:26.261,1.49755,1.4978,15.80,1.00
2009.05.04 17:25:26.481,1.4976,1.4978,4.80,1.00
2009.05.04 17:25:28.040,1.4976,1.4978,8.00,1.00
2009.05.04 17:25:28.160,1.4976,1.4978,8.00,1.00
2009.05.04 17:25:28.440,1.49765,1.49795,8.00,3.80
2009.05.04 17:25:28.550,1.49765,1.4978,8.00,1.20
2009.05.04 17:25:29.250,1.49765,1.4978,3.20,1.00
2009.05.04 17:25:29.660,1.4976,1.4978,8.00,1.00
2009.05.04 17:25:40.297,1.4977,1.498,8.00,3.80
2009.05.04 17:25:40.657,1.49775,1.49805,3.20,3.80
2009.05.04 17:25:41.067,1.49775,1.49805,5.60,3.80
2009.05.04 17:25:41.517,1.4978,1.4981,4.80,6.20
2009.05.04 17:25:42.607,1.4978,1.4981,10.40,6.20
2009.05.04 17:25:42.946,1.49785,1.49805,6.20,1.00
2009.05.04 17:25:43.177,1.49785,1.49805,6.80,1.00
2009.05.04 17:25:43.296,1.4979,1.4981,4.80,1.60
2009.05.04 17:25:43.527,1.4979,1.4981,10.40,1.60
2009.05.04 17:25:43.886,1.4979,1.4982,3.20,3.80
2009.05.04 17:25:44.106,1.4979,1.4982,5.60,3.80
2009.05.04 17:25:45.406,1.4979,1.4982,3.20,3.80
2009.05.04 17:25:45.816,1.4979,1.4982,10.40,3.80
2009.05.04 17:25:46.046,1.49795,1.49825,3.20,5.40
2009.05.04 17:25:46.226,1.49795,1.49825,3.20,5.20
2009.05.04 17:25:46.966,1.49795,1.49825,3.20,3.80
2009.05.04 17:25:47.205,1.49795,1.49825,5.60,3.80
2009.05.04 17:25:47.375,1.498,1.4983,4.80,3.80
2009.05.04 17:25:47.726,1.498,1.4982,4.80,1.00
2009.05.04 17:25:48.705,1.498,1.4982,8.00,1.00
2009.05.04 17:25:48.935,1.498,1.49825,8.00,1.00
2009.05.04 17:25:49.055,1.498,1.4983,8.00,3.80
2009.05.04 17:25:50.785,1.498,1.4983,4.80,3.80
2009.05.04 17:25:53.994,1.498,1.4982,4.80,1.00
2009.05.04 17:25:58.963,1.49805,1.4982,2.40,1.00
2009.05.04 17:25:59.363,1.49805,1.4983,2.40,3.80
2009.05.04 17:26:00.702,1.4981,1.4983,4.80,3.80
2009.05.04 17:26:00.932,1.4981,1.49835,6.40,6.40
2009.05.04 17:26:01.152,1.4981,1.49835,7.20,6.40
2009.05.04 17:26:01.552,1.4981,1.4982,4.80,1.00
2009.05.04 17:26:02.122,1.49805,1.4982,4.80,1.00
2009.05.04 17:26:02.292,1.4981,1.4982,4.80,1.00
2009.05.04 17:26:04.201,1.4981,1.4982,4.80,1.00
2009.05.04 17:26:05.881,1.498,1.4981,10.00,1.40
2009.05.04 17:26:06.001,1.498,1.4981,8.80,1.00
2009.05.04 17:26:06.121,1.498,1.4981,8.80,1.00
2009.05.04 17:26:06.241,1.498,1.4981,8.80,1.00
2009.05.04 17:26:06.411,1.498,1.4981,6.40,1.00
2009.05.04 17:26:06.531,1.498,1.4981,4.80,1.00
2009.05.04 17:26:06.651,1.498,1.4981,4.80,1.20
2009.05.04 17:26:06.881,1.498,1.4981,4.80,1.60
2009.05.04 17:26:07.491,1.498,1.4981,4.80,1.00
2009.05.04 17:26:07.551,1.498,1.4981,4.80,1.00
2009.05.04 17:26:15.949,1.4979,1.4981,8.00,3.80
2009.05.04 17:26:16.118,1.4978,1.498,8.80,1.00
2009.05.04 17:26:16.338,1.4978,1.498,2.40,1.00
2009.05.04 17:26:16.978,1.4979,1.498,4.80,1.00
2009.05.04 17:26:17.028,1.49795,1.498,4.80,1.00
2009.05.04 17:26:17.088,1.49795,1.49815,4.80,6.80
2009.05.04 17:26:17.208,1.49795,1.49815,4.80,6.80
2009.05.04 17:26:17.268,1.49795,1.49815,4.80,6.60
2009.05.04 17:26:18.068,1.4979,1.4981,10.40,3.80
2009.05.04 17:26:18.358,1.4979,1.4981,4.80,3.80
2009.05.04 17:26:18.768,1.4978,1.4981,14.40,3.80
2009.05.04 17:26:19.108,1.49785,1.4981,3.80,3.80
2009.05.04 17:26:19.388,1.49775,1.4981,11.20,3.80
2009.05.04 17:26:19.668,1.49775,1.498,11.20,1.00
2009.05.04 17:26:19.948,1.49775,1.498,8.00,1.00
2009.05.04 17:26:20.188,1.49785,1.498,2.40,1.00
2009.05.04 17:26:20.538,1.4979,1.49805,4.80,1.00
2009.05.04 17:26:20.718,1.4979,1.49805,4.80,5.60
2009.05.04 17:26:21.127,1.49765,1.4979,3.20,3.80
2009.05.04 17:26:21.307,1.4976,1.49785,3.20,5.40
2009.05.04 17:26:21.957,1.4974,1.4976,6.40,1.00
2009.05.04 17:26:22.187,1.49735,1.49765,9.60,5.60
2009.05.04 17:26:22.587,1.4973,1.49765,8.00,5.60
2009.05.04 17:26:22.817,1.49735,1.4977,9.80,7.80
2009.05.04 17:26:23.037,1.49735,1.4977,10.20,3.80
2009.05.04 17:26:23.267,1.4975,1.49775,1.00,3.80
2009.05.04 17:26:24.046,1.49745,1.49775,4.00,3.80
2009.05.04 17:26:24.327,1.4975,1.4978,4.80,7.80
2009.05.04 17:26:24.567,1.4975,1.4978,7.20,3.80
2009.05.04 17:26:25.216,1.4976,1.4978,1.20,3.80
2009.05.04 17:26:25.566,1.4976,1.4979,1.00,9.40
2009.05.04 17:26:25.966,1.4977,1.4979,1.20,3.80
2009.05.04 17:26:26.236,1.4978,1.49795,1.00,3.80
2009.05.04 17:26:26.476,1.4978,1.498,1.00,3.80
2009.05.04 17:26:26.686,1.4977,1.49795,1.00,3.80
2009.05.04 17:26:27.106,1.4977,1.49795,1.00,3.80
2009.05.04 17:26:27.166,1.4977,1.4979,1.00,3.80
2009.05.04 17:26:31.355,1.4977,1.4979,1.00,3.80
2009.05.04 17:26:31.705,1.4977,1.4979,1.00,3.80
2009.05.04 17:26:33.884,1.49765,1.4979,1.00,3.80
2009.05.04 17:26:33.994,1.4976,1.4979,3.20,3.80
2009.05.04 17:26:34.164,1.4976,1.49785,3.20,3.80
2009.05.04 17:26:34.274,1.4976,1.49785,3.20,5.20
2009.05.04 17:26:34.504,1.4976,1.49785,1.00,5.20
2009.05.04 17:26:34.614,1.4975,1.49785,8.00,5.40
2009.05.04 17:26:34.954,1.4975,1.4978,8.00,3.80
2009.05.04 17:26:35.184,1.4975,1.4978,10.40,3.80
2009.05.04 17:26:36.254,1.4975,1.4978,8.00,3.80
2009.05.04 17:26:36.423,1.4975,1.4978,4.80,3.80
2009.05.04 17:26:41.222,1.49745,1.49775,3.20,3.80
2009.05.04 17:26:44.042,1.4975,1.4977,4.80,3.80
2009.05.04 17:26:44.612,1.4975,1.4978,4.80,8.60
2009.05.04 17:26:44.841,1.4975,1.4978,4.80,3.80
2009.05.04 17:26:45.361,1.4974,1.49775,12.80,3.80
2009.05.04 17:26:45.661,1.4974,1.49775,8.80,3.80
2009.05.04 17:26:45.771,1.4974,1.49775,3.20,3.80
2009.05.04 17:26:45.951,1.4974,1.4977,3.20,3.80
2009.05.04 17:26:46.241,1.49735,1.4977,3.20,3.80
2009.05.04 17:26:47.851,1.49735,1.49765,3.20,3.80
2009.05.04 17:27:00.468,1.4973,1.49765,8.00,3.80
2009.05.04 17:27:00.578,1.4973,1.49765,3.20,3.80
2009.05.04 17:27:01.248,1.4973,1.4976,3.20,3.80
2009.05.04 17:27:04.757,1.4973,1.49765,3.20,3.80
2009.05.04 17:27:07.346,1.4974,1.49765,1.00,3.80
2009.05.04 17:27:07.636,1.4974,1.49765,1.00,3.80
2009.05.04 17:27:08.326,1.4974,1.49765,1.00,3.80
2009.05.04 17:27:18.393,1.4974,1.49765,1.00,3.80
2009.05.04 17:27:19.683,1.4974,1.49765,1.00,3.80
2009.05.04 17:27:20.373,1.4974,1.4976,1.00,3.80
2009.05.04 17:27:20.553,1.4973,1.4976,3.20,3.80
2009.05.04 17:27:28.271,1.49725,1.4976,16.80,3.80
2009.05.04 17:27:28.551,1.49725,1.4976,16.00,3.80
2009.05.04 17:27:28.791,1.49725,1.49755,16.00,3.80
2009.05.04 17:27:28.851,1.49725,1.49755,9.80,3.80
2009.05.04 17:27:28.911,1.49725,1.49755,10.20,3.80
2009.05.04 17:27:29.371,1.4973,1.4976,5.60,3.80
2009.05.04 17:27:30.581,1.4973,1.49765,10.40,3.80
2009.05.04 17:27:32.140,1.4973,1.4976,10.40,3.80
2009.05.04 17:27:32.360,1.4973,1.4976,5.60,3.80
2009.05.04 17:27:36.989,1.4975,1.4978,4.80,3.80
2009.05.04 17:27:39.478,1.4975,1.4976,4.80,2.40
2009.05.04 17:27:39.938,1.4974,1.4976,6.40,3.80
2009.05.04 17:27:40.178,1.4974,1.4976,4.80,3.80
2009.05.04 17:27:40.498,1.4973,1.4975,6.20,3.80
2009.05.04 17:27:40.778,1.49715,1.49745,8.00,5.20
2009.05.04 17:27:41.108,1.49715,1.49735,3.20,3.80
2009.05.04 17:27:41.398,1.49705,1.49735,3.20,3.80
2009.05.04 17:27:44.047,1.4971,1.4974,4.80,3.80
2009.05.04 17:27:44.277,1.4971,1.4973,4.80,1.00
2009.05.04 17:27:45.377,1.4971,1.4973,4.80,1.00
2009.05.04 17:27:45.887,1.4972,1.4973,4.80,1.00
2009.05.04 17:27:46.057,1.4972,1.4975,4.80,3.80
2009.05.04 17:27:46.567,1.4973,1.4975,8.00,3.80
2009.05.04 17:27:46.797,1.4973,1.4975,10.40,2.20
2009.05.04 17:27:47.147,1.4974,1.4976,4.80,3.80
2009.05.04 17:27:47.497,1.4974,1.4977,4.80,6.20
2009.05.04 17:27:47.877,1.4973,1.49765,8.80,5.20
2009.05.04 17:27:48.226,1.49725,1.49765,5.60,5.20
2009.05.04 17:27:48.456,1.49725,1.4976,5.60,3.80
2009.05.04 17:27:49.506,1.49725,1.4976,6.80,3.80
2009.05.04 17:27:49.666,1.4972,1.4976,11.20,3.80
2009.05.04 17:27:49.956,1.4972,1.49755,7.20,3.80
2009.05.04 17:27:50.956,1.4973,1.49755,3.00,3.80
2009.05.04 17:27:51.465,1.4975,1.4977,4.80,7.00
2009.05.04 17:27:51.625,1.4975,1.4977,4.80,3.80
2009.05.04 17:27:53.205,1.4975,1.4978,4.80,10.20
2009.05.04 17:27:53.315,1.49745,1.49775,2.40,3.80
2009.05.04 17:27:53.495,1.4974,1.49775,7.20,3.80
2009.05.04 17:27:53.725,1.4974,1.4977,4.00,3.80
2009.05.04 17:27:54.005,1.49745,1.4977,3.20,3.80
2009.05.04 17:27:54.415,1.49725,1.49765,10.40,3.80
2009.05.04 17:27:54.595,1.49725,1.4976,13.40,3.80
2009.05.04 17:27:55.125,1.49725,1.4976,5.60,3.80
2009.05.04 17:28:01.403,1.49725,1.4976,6.00,3.80
2009.05.04 17:28:02.443,1.49725,1.4976,5.40,3.80
2009.05.04 17:28:02.673,1.49725,1.4976,4.80,3.80
2009.05.04 17:28:02.903,1.4972,1.49755,12.80,3.80
2009.05.04 17:28:02.963,1.4972,1.49755,7.20,6.00
2009.05.04 17:28:03.183,1.4972,1.49755,4.80,6.00
2009.05.04 17:28:03.243,1.49715,1.49745,8.80,3.80
2009.05.04 17:28:03.483,1.4972,1.4975,4.80,3.80
2009.05.04 17:28:04.282,1.49715,1.49745,2.40,6.20
2009.05.04 17:28:04.702,1.4971,1.4974,4.80,3.80
2009.05.04 17:28:05.632,1.49715,1.4974,2.40,3.80
2009.05.04 17:28:14.490,1.49715,1.49745,2.40,3.80
2009.05.04 17:28:20.149,1.4972,1.4975,4.80,3.80
2009.05.04 17:28:22.248,1.4972,1.4974,4.80,1.00
2009.05.04 17:28:22.988,1.4972,1.49745,4.80,1.00
2009.05.04 17:28:23.218,1.4972,1.4975,4.80,3.80
2009.05.04 17:28:31.156,1.4972,1.49745,4.80,1.00
2009.05.04 17:28:31.486,1.4972,1.4974,4.80,1.00
2009.05.04 17:28:36.415,1.4973,1.4975,1.20,3.80
2009.05.04 17:28:36.865,1.49725,1.49755,7.20,3.80
2009.05.04 17:28:36.984,1.49725,1.4976,12.00,3.80
2009.05.04 17:28:37.304,1.49725,1.4976,11.20,3.80
2009.05.04 17:28:37.424,1.49725,1.4976,5.60,3.80
2009.05.04 17:28:37.704,1.49725,1.4976,5.20,3.80
2009.05.04 17:28:37.814,1.4972,1.49755,10.40,3.80
2009.05.04 17:28:38.164,1.4972,1.49755,7.20,3.80
2009.05.04 17:28:47.062,1.49725,1.49755,1.00,3.80
2009.05.04 17:28:47.122,1.49725,1.49755,4.00,3.80
2009.05.04 17:28:49.711,1.49725,1.4976,4.00,3.80
2009.05.04 17:28:51.111,1.49725,1.4976,4.00,3.80
2009.05.04 17:28:51.401,1.49725,1.4976,3.80,3.80
2009.05.04 17:28:51.511,1.49725,1.4976,3.20,3.80
2009.05.04 17:28:51.861,1.49725,1.49755,3.20,3.80
2009.05.04 17:28:52.861,1.49725,1.49755,3.20,4.60
2009.05.04 17:28:53.220,1.4972,1.4975,10.40,3.80
2009.05.04 17:28:53.400,1.4972,1.4975,8.00,3.80
2009.05.04 17:28:53.740,1.4972,1.4975,4.80,3.80
2009.05.04 17:28:59.359,1.4973,1.4975,1.20,3.80
2009.05.04 17:28:59.639,1.4972,1.4975,8.00,3.80
2009.05.04 17:28:59.939,1.4972,1.4975,4.80,3.80
2009.05.04 17:29:10.336,1.4974,1.4976,1.00,5.40
2009.05.04 17:29:10.736,1.4974,1.4976,1.20,5.40
2009.05.04 17:29:11.086,1.49735,1.49755,3.20,1.60
2009.05.04 17:29:11.266,1.49735,1.4976,3.20,5.40
2009.05.04 17:29:11.686,1.4973,1.4976,3.20,5.40
2009.05.04 17:29:13.686,1.4973,1.4976,3.20,3.80
2009.05.04 17:29:16.825,1.49725,1.4976,10.20,3.80
2009.05.04 17:29:17.164,1.49725,1.4976,9.80,3.80
2009.05.04 17:29:18.334,1.49725,1.4976,9.80,7.80
2009.05.04 17:29:18.904,1.49725,1.4976,10.20,7.80
2009.05.04 17:29:19.294,1.49725,1.4976,9.80,7.80
2009.05.04 17:29:20.604,1.49725,1.4976,6.60,7.80
2009.05.04 17:29:25.623,1.49725,1.4976,6.60,11.00
2009.05.04 17:29:25.803,1.49725,1.4976,5.60,13.40
2009.05.04 17:29:28.472,1.49725,1.4976,6.00,9.40
2009.05.04 17:29:28.822,1.49725,1.4976,5.60,9.40
2009.05.04 17:29:31.821,1.49725,1.4976,5.80,9.40
2009.05.04 17:29:34.561,1.49725,1.4976,6.20,9.40
2009.05.04 17:29:34.620,1.49725,1.4976,6.40,9.40
2009.05.04 17:29:36.390,1.4973,1.49755,1.00,3.80
2009.05.04 17:29:36.690,1.4973,1.49755,1.00,3.80
2009.05.04 17:29:36.750,1.49725,1.49755,6.40,3.80
2009.05.04 17:29:37.270,1.4973,1.49755,1.00,6.20
2009.05.04 17:29:38.270,1.4973,1.49755,1.00,6.20
2009.05.04 17:29:38.670,1.4973,1.49755,1.00,11.20
2009.05.04 17:29:38.959,1.4972,1.49745,4.80,2.20
2009.05.04 17:29:39.139,1.4972,1.4975,4.80,6.20
2009.05.04 17:29:39.949,1.4972,1.4975,4.80,9.40
2009.05.04 17:29:41.909,1.4972,1.4975,6.40,9.40
2009.05.04 17:29:44.478,1.4973,1.49755,7.20,6.20
2009.05.04 17:29:44.868,1.4972,1.4975,4.80,3.80
2009.05.04 17:29:46.178,1.4972,1.49755,7.20,7.00
2009.05.04 17:29:47.037,1.4972,1.49755,7.20,6.20
2009.05.04 17:29:47.088,1.4973,1.49755,1.00,3.80
2009.05.04 17:29:47.327,1.4973,1.49755,1.20,3.80
2009.05.04 17:29:47.657,1.49725,1.49755,7.20,3.80
2009.05.04 17:29:48.617,1.49725,1.49755,6.40,3.80
2009.05.04 17:29:48.787,1.4973,1.49755,1.00,3.80
2009.05.04 17:29:51.396,1.4973,1.49755,1.00,3.80
2009.05.04 17:29:51.846,1.4973,1.49755,1.00,5.20
2009.05.04 17:29:52.356,1.4972,1.49755,7.20,5.40
2009.05.04 17:29:54.705,1.4972,1.49755,7.20,6.80
2009.05.04 17:29:54.885,1.4972,1.49755,7.20,7.00
2009.05.04 17:29:55.065,1.4972,1.4975,4.80,3.80
2009.05.04 17:30:00.135,1.4972,1.4974,4.80,2.40
2009.05.04 17:30:00.994,1.4972,1.4974,4.80,2.20
2009.05.04 17:30:01.454,1.4972,1.4975,4.80,6.20
2009.05.04 17:30:09.062,1.4972,1.4975,4.80,7.80
2009.05.04 17:30:09.112,1.49725,1.4975,1.20,7.80
2009.05.04 17:30:09.392,1.4973,1.4975,1.00,3.80
2009.05.04 17:30:09.622,1.4973,1.49755,1.00,3.80
2009.05.04 17:30:09.902,1.49725,1.4976,8.00,3.80
2009.05.04 17:30:10.242,1.49725,1.4976,11.20,3.80
2009.05.04 17:30:10.642,1.49725,1.4976,7.20,3.80
2009.05.04 17:30:11.391,1.49725,1.4976,7.00,3.80
2009.05.04 17:30:11.631,1.49725,1.4976,7.60,3.80
2009.05.04 17:30:11.871,1.4973,1.49755,1.00,3.80
2009.05.04 17:30:12.801,1.4973,1.49755,1.00,3.80
2009.05.04 17:30:14.011,1.4973,1.49755,1.00,5.00
2009.05.04 17:30:14.191,1.4974,1.4975,4.80,1.80
2009.05.04 17:30:14.631,1.4974,1.49765,7.20,8.60
2009.05.04 17:30:14.791,1.4974,1.49765,1.60,10.20
2009.05.04 17:30:15.011,1.49735,1.49765,4.80,10.20
2009.05.04 17:30:15.131,1.49735,1.49755,1.60,3.80
2009.05.04 17:30:15.471,1.49735,1.49755,1.20,3.80
2009.05.04 17:30:15.651,1.4974,1.4976,1.20,3.80
2009.05.04 17:30:15.881,1.49735,1.49765,5.00,3.80
2009.05.04 17:30:16.281,1.49735,1.4977,10.60,3.80
2009.05.04 17:30:18.020,1.49735,1.4977,10.40,3.80
2009.05.04 17:30:18.480,1.49735,1.4977,10.40,3.80
2009.05.04 17:30:18.540,1.49735,1.4977,5.60,3.80
2009.05.04 17:30:18.650,1.49735,1.49765,4.00,3.80
2009.05.04 17:30:19.040,1.4974,1.4976,1.00,3.80
2009.05.04 17:30:19.210,1.4973,1.4976,3.20,3.80
2009.05.04 17:30:19.660,1.4974,1.4976,1.00,3.80
2009.05.04 17:30:20.010,1.4974,1.49765,1.00,3.80
2009.05.04 17:30:20.520,1.4973,1.49765,10.40,5.20
2009.05.04 17:30:20.939,1.4973,1.4976,10.40,3.80
2009.05.04 17:30:21.229,1.4973,1.4976,5.60,3.80
2009.05.04 17:30:21.449,1.4973,1.4976,10.40,3.80
2009.05.04 17:30:22.679,1.4973,1.4976,5.60,3.80
2009.05.04 17:30:22.849,1.4973,1.4976,10.40,3.80
2009.05.04 17:30:23.439,1.4973,1.4976,5.60,3.80
2009.05.04 17:30:28.417,1.4973,1.4976,2.40,3.80
2009.05.04 17:30:28.477,1.4973,1.49755,2.40,3.80
2009.05.04 17:30:28.538,1.49725,1.49755,9.60,3.80
2009.05.04 17:30:28.827,1.4973,1.4976,4.80,3.80
2009.05.04 17:30:29.217,1.49725,1.49755,2.40,5.40
2009.05.04 17:30:30.087,1.49725,1.49755,2.40,3.80
2009.05.04 17:30:30.367,1.4973,1.4976,4.80,3.80
2009.05.04 17:30:32.697,1.4973,1.4976,7.20,3.80
2009.05.04 17:30:32.936,1.4973,1.4976,4.80,3.80
2009.05.04 17:30:45.983,1.4974,1.49775,7.20,8.60
2009.05.04 17:30:46.163,1.4974,1.49775,7.20,4.40
2009.05.04 17:30:46.543,1.4974,1.49775,7.20,3.80
2009.05.04 17:30:47.323,1.49745,1.49775,4.80,3.80
2009.05.04 17:30:50.072,1.49745,1.49775,4.80,4.40
2009.05.04 17:30:50.352,1.49745,1.49775,4.80,5.20
2009.05.04 17:30:50.582,1.4975,1.4978,4.80,3.80
2009.05.04 17:30:56.071,1.4974,1.4976,4.80,1.00
2009.05.04 17:30:57.120,1.49735,1.49765,2.40,5.40
2009.05.04 17:30:57.400,1.4974,1.4976,4.80,1.00
2009.05.04 17:30:57.691,1.4974,1.49765,4.80,1.00
2009.05.04 17:30:57.860,1.4974,1.4977,4.80,3.80
2009.05.04 17:31:12.827,1.49735,1.49765,5.60,3.80
2009.05.04 17:31:13.347,1.4974,1.4977,4.80,3.80
2009.05.04 17:31:16.026,1.4974,1.4976,7.20,1.00
2009.05.04 17:31:16.386,1.49745,1.49765,4.80,1.00
2009.05.04 17:31:16.556,1.49745,1.4977,4.80,6.20
2009.05.04 17:31:16.896,1.4975,1.4977,4.80,3.80
2009.05.04 17:31:17.255,1.4974,1.4977,10.40,3.80
2009.05.04 17:31:17.485,1.49735,1.49765,2.40,5.40
2009.05.04 17:31:17.945,1.49735,1.49765,5.60,5.20
2009.05.04 17:31:18.116,1.4974,1.4976,4.80,1.00
2009.05.04 17:31:20.246,1.49735,1.49765,2.40,5.20
2009.05.04 17:31:20.525,1.4974,1.49765,2.40,5.20
2009.05.04 17:31:20.885,1.49745,1.4977,4.80,3.80
2009.05.04 17:31:21.185,1.49745,1.4977,4.80,6.20
2009.05.04 17:31:21.415,1.4974,1.4977,9.60,6.20
2009.05.04 17:31:21.714,1.4974,1.4976,4.80,1.00
2009.05.04 17:31:31.952,1.4974,1.4977,4.80,3.80
2009.05.04 17:31:54.297,1.4974,1.49765,4.80,1.00
2009.05.04 17:31:54.357,1.4974,1.4976,4.80,1.00
2009.05.04 17:31:59.035,1.4974,1.4976,4.80,1.40
2009.05.04 17:32:04.124,1.4974,1.4976,4.80,1.00
2009.05.04 17:32:04.294,1.4974,1.4977,4.80,4.60
2009.05.04 17:32:04.794,1.4974,1.4977,4.80,3.80
2009.05.04 17:32:10.063,1.4974,1.4976,4.80,1.00
2009.05.04 17:32:13.622,1.4974,1.4976,8.00,1.00
2009.05.04 17:32:13.802,1.4974,1.49765,8.00,1.00
2009.05.04 17:32:13.862,1.4974,1.4977,8.00,3.80
2009.05.04 17:32:26.459,1.4976,1.4978,4.80,6.20
2009.05.04 17:32:26.579,1.49755,1.4978,4.80,6.20
2009.05.04 17:32:26.989,1.4976,1.4978,4.80,4.60
2009.05.04 17:32:27.049,1.4976,1.4978,4.80,3.80
2009.05.04 17:32:37.986,1.49765,1.4978,1.00,3.80
2009.05.04 17:32:38.286,1.4975,1.4978,12.00,3.80
2009.05.04 17:32:38.396,1.4975,1.4978,10.40,3.80
2009.05.04 17:32:38.516,1.4975,1.4978,10.40,3.80
2009.05.04 17:32:38.736,1.4976,1.4978,4.80,3.80
2009.05.04 17:32:41.205,1.4976,1.4978,4.80,1.00
2009.05.04 17:32:41.545,1.4976,1.4978,4.80,1.40
2009.05.04 17:32:41.655,1.49755,1.4978,8.00,1.00
2009.05.04 17:32:41.885,1.49755,1.4978,4.80,1.00
2009.05.04 17:32:41.995,1.49755,1.49785,4.80,10.80
2009.05.04 17:32:42.175,1.4975,1.4978,8.00,3.80
2009.05.04 17:32:42.415,1.4975,1.4978,4.80,3.80
2009.05.04 17:32:42.815,1.4975,1.4978,10.40,3.80
2009.05.04 17:32:43.045,1.4976,1.4978,4.80,3.80
2009.05.04 17:32:52.202,1.4977,1.4978,7.20,1.00
2009.05.04 17:32:52.363,1.4977,1.4978,1.60,1.20
2009.05.04 17:32:52.783,1.4976,1.4978,4.80,1.20
2009.05.04 17:32:53.112,1.4976,1.4978,4.80,1.00
2009.05.04 17:32:53.992,1.4976,1.4978,4.80,1.00
2009.05.04 17:32:54.332,1.4976,1.4978,4.80,1.20
2009.05.04 17:32:55.192,1.4976,1.4978,4.80,1.40
2009.05.04 17:32:55.472,1.4976,1.4978,8.00,1.40
2009.05.04 17:32:55.802,1.4976,1.4978,8.00,1.20
2009.05.04 17:32:56.271,1.4976,1.4978,4.80,1.20
2009.05.04 17:32:56.551,1.4975,1.4977,8.00,1.00
2009.05.04 17:32:57.131,1.4976,1.4977,4.80,1.00
2009.05.04 17:32:58.171,1.4976,1.49775,4.80,1.00
2009.05.04 17:32:58.281,1.4976,1.4978,4.80,3.80
2009.05.04 17:33:13.158,1.4977,1.4978,7.20,1.00
2009.05.04 17:33:13.438,1.49775,1.49785,1.00,1.00
2009.05.04 17:33:13.717,1.4976,1.49795,14.40,5.80
2009.05.04 17:33:13.837,1.4976,1.49795,10.40,5.80
2009.05.04 17:33:18.086,1.4976,1.4978,10.40,1.00
2009.05.04 17:33:19.426,1.49765,1.4978,1.60,1.00
2009.05.04 17:33:19.536,1.4978,1.49785,4.80,1.00
2009.05.04 17:33:19.826,1.4977,1.4978,9.60,1.00
2009.05.04 17:33:20.276,1.4978,1.4979,4.80,1.00
2009.05.04 17:33:20.496,1.4978,1.4979,4.80,1.00
2009.05.04 17:33:20.736,1.4978,1.498,4.80,3.80
2009.05.04 17:33:21.146,1.4978,1.49805,7.20,5.40
2009.05.04 17:33:21.435,1.49765,1.4978,11.00,1.00
2009.05.04 17:33:21.716,1.49755,1.4978,12.00,1.00
2009.05.04 17:33:22.175,1.49755,1.4978,6.40,3.80
2009.05.04 17:33:22.455,1.4975,1.4978,4.80,3.80
2009.05.04 17:33:22.635,1.49745,1.49775,7.20,3.80
2009.05.04 17:33:22.975,1.4974,1.49775,8.00,3.80
2009.05.04 17:33:23.705,1.4974,1.49775,8.00,6.40
2009.05.04 17:33:23.926,1.4974,1.49775,8.00,5.80
2009.05.04 17:33:24.575,1.49745,1.49775,1.60,6.00
2009.05.04 17:33:24.865,1.49755,1.49775,2.40,5.20
2009.05.04 17:33:25.045,1.4976,1.4977,4.80,1.00
2009.05.04 17:33:26.074,1.4974,1.49775,12.00,4.40
2009.05.04 17:33:26.394,1.49745,1.49775,7.20,4.40
2009.05.04 17:33:26.924,1.49735,1.4975,7.20,1.00
2009.05.04 17:33:27.274,1.49735,1.4975,11.00,1.00
2009.05.04 17:33:27.504,1.49735,1.4975,8.00,1.00
2009.05.04 17:33:27.864,1.49735,1.4975,3.20,1.00
2009.05.04 17:33:28.034,1.4973,1.4975,8.00,1.00
2009.05.04 17:33:28.374,1.4973,1.4975,4.80,1.00
2009.05.04 17:33:28.844,1.49725,1.49755,13.00,3.80
2009.05.04 17:33:28.954,1.4974,1.4976,7.20,5.00
2009.05.04 17:33:29.064,1.4974,1.4976,7.20,2.40
2009.05.04 17:33:29.184,1.4974,1.4976,7.20,1.00
2009.05.04 17:33:30.683,1.4974,1.4976,2.40,1.00
2009.05.04 17:33:30.903,1.4974,1.4975,3.20,1.00
2009.05.04 17:33:31.123,1.49735,1.4975,4.00,1.00
2009.05.04 17:33:31.403,1.4973,1.4975,10.40,1.00
2009.05.04 17:33:31.583,1.4973,1.4975,8.00,1.00
2009.05.04 17:33:31.813,1.49725,1.49755,12.00,4.40
2009.05.04 17:33:36.072,1.49725,1.49755,13.00,3.80
2009.05.04 17:33:36.472,1.49725,1.4976,14.00,3.80
2009.05.04 17:33:36.642,1.49725,1.4976,19.60,3.80
2009.05.04 17:33:37.922,1.4973,1.4976,1.60,3.80
2009.05.04 17:33:38.152,1.4974,1.4976,2.40,3.80
2009.05.04 17:33:38.271,1.4974,1.4976,7.20,1.00
2009.05.04 17:33:38.951,1.4974,1.4976,3.20,3.80
2009.05.04 17:33:39.131,1.49735,1.4976,6.40,3.80
2009.05.04 17:33:39.421,1.49725,1.4976,19.20,3.80
2009.05.04 17:33:40.831,1.49735,1.4976,1.60,3.80
2009.05.04 17:33:41.001,1.49745,1.4976,2.40,3.80
2009.05.04 17:33:41.061,1.4975,1.4976,4.80,1.00
2009.05.04 17:33:41.771,1.4975,1.4976,4.80,1.00
2009.05.04 17:33:42.180,1.4974,1.4976,8.80,1.00
2009.05.04 17:33:42.530,1.4974,1.4976,7.20,1.00
2009.05.04 17:33:42.800,1.4974,1.4976,7.20,1.00
2009.05.04 17:33:46.139,1.4976,1.49765,2.40,1.50
2009.05.04 17:33:46.310,1.49765,1.4977,4.80,6.20
2009.05.04 17:33:46.549,1.4976,1.4978,10.40,1.00
2009.05.04 17:33:46.669,1.4976,1.4978,7.20,1.00
2009.05.04 17:33:47.539,1.4976,1.4978,4.80,1.00
2009.05.04 17:33:47.769,1.4975,1.49785,4.80,5.40
2009.05.04 17:33:51.398,1.4975,1.4977,4.80,1.00
2009.05.04 17:33:52.608,1.4975,1.4977,4.80,1.40
2009.05.04 17:33:52.778,1.4975,1.4977,4.80,1.60
2009.05.04 17:33:53.568,1.49755,1.4977,2.40,1.60
2009.05.04 17:33:53.808,1.4976,1.4977,4.80,1.60
2009.05.04 17:33:53.978,1.4975,1.4977,7.20,3.80
2009.05.04 17:33:54.098,1.4975,1.4977,7.20,3.80
2009.05.04 17:33:54.387,1.4975,1.4977,4.80,1.60
2009.05.04 17:33:56.567,1.4975,1.4977,7.20,1.60
2009.05.04 17:33:56.917,1.4975,1.4977,7.20,1.00
2009.05.04 17:33:57.257,1.4975,1.4977,4.80,1.00
2009.05.04 17:34:01.856,1.4975,1.4977,1.00,3.80
2009.05.04 17:34:02.295,1.4975,1.4978,4.80,7.80
2009.05.04 17:34:02.595,1.4975,1.4978,4.80,3.80
2009.05.04 17:34:03.705,1.49745,1.4977,12.80,1.00
2009.05.04 17:34:04.055,1.49745,1.4977,12.80,1.00
2009.05.04 17:34:04.865,1.49745,1.4977,13.00,1.00
2009.05.04 17:34:05.395,1.4975,1.4977,4.80,1.00
2009.05.04 17:34:05.565,1.4975,1.4977,4.80,1.00
2009.05.04 17:34:06.025,1.4975,1.49775,4.80,1.00
2009.05.04 17:34:06.195,1.4976,1.4978,1.00,3.80
2009.05.04 17:34:06.375,1.49755,1.49785,6.40,4.60
2009.05.04 17:34:06.595,1.49755,1.4978,6.60,1.00
2009.05.04 17:34:06.934,1.4976,1.4978,4.80,1.00
2009.05.04 17:34:07.104,1.49755,1.4978,9.80,1.00
2009.05.04 17:34:07.284,1.49755,1.4978,9.60,1.00
2009.05.04 17:34:07.584,1.49755,1.4978,9.60,1.00
2009.05.04 17:34:09.094,1.49755,1.4978,6.40,1.00
2009.05.04 17:34:09.214,1.49755,1.49775,4.80,1.00
2009.05.04 17:34:09.554,1.49755,1.4977,1.00,1.00
2009.05.04 17:34:09.734,1.4976,1.4977,1.00,1.00
2009.05.04 17:34:09.854,1.4975,1.4977,10.40,1.00
2009.05.04 17:34:09.914,1.4975,1.4977,8.00,1.00
2009.05.04 17:34:10.134,1.4976,1.4977,1.00,1.00
2009.05.04 17:34:11.353,1.4976,1.4978,1.00,3.80
2009.05.04 17:34:13.293,1.4976,1.4978,1.00,3.80
2009.05.04 17:34:16.902,1.49755,1.4978,1.00,3.80
2009.05.04 17:34:17.132,1.4975,1.4978,8.00,3.80
2009.05.04 17:34:23.130,1.4975,1.4978,10.40,3.80
2009.05.04 17:34:23.600,1.4975,1.4977,10.40,1.00
2009.05.04 17:34:27.410,1.4976,1.4978,7.20,1.00
2009.05.04 17:34:27.570,1.4976,1.4978,7.20,1.00
2009.05.04 17:34:28.049,1.4976,1.4978,7.20,1.00
2009.05.04 17:34:28.339,1.4977,1.4978,4.80,1.00
2009.05.04 17:34:28.629,1.4977,1.4978,4.80,1.00
2009.05.04 17:34:28.919,1.4977,1.4978,4.80,1.00
2009.05.04 17:34:29.319,1.4977,1.4978,7.20,1.00
2009.05.04 17:34:29.779,1.4978,1.49785,4.80,1.00
2009.05.04 17:34:30.199,1.49775,1.498,4.80,7.80
2009.05.04 17:34:30.419,1.49775,1.4979,4.80,1.00
2009.05.04 17:34:30.659,1.49775,1.4979,4.80,2.20
2009.05.04 17:34:30.889,1.4977,1.4979,4.80,3.80
2009.05.04 17:34:31.309,1.4977,1.4978,4.80,1.00
2009.05.04 17:34:31.579,1.4977,1.4978,4.80,1.00
2009.05.04 17:34:32.048,1.4977,1.4978,4.80,1.00
2009.05.04 17:34:32.388,1.4977,1.4978,4.80,1.00
2009.05.04 17:34:32.738,1.4977,1.4978,4.80,1.00
2009.05.04 17:34:33.338,1.4977,1.4978,4.80,1.00
2009.05.04 17:34:33.508,1.4977,1.4978,8.00,1.00
2009.05.04 17:34:33.618,1.4977,1.4978,8.00,1.00
2009.05.04 17:34:33.678,1.4977,1.4978,8.00,1.00
2009.05.04 17:34:33.968,1.4977,1.4978,4.80,1.00
2009.05.04 17:34:34.258,1.4977,1.4978,8.80,1.00
2009.05.04 17:34:34.318,1.4977,1.49795,9.60,5.40
2009.05.04 17:34:34.488,1.49775,1.49795,4.80,5.40
2009.05.04 17:34:35.058,1.49775,1.49795,4.80,5.80
2009.05.04 17:34:35.178,1.4977,1.49795,12.80,6.00
2009.05.04 17:34:35.348,1.4978,1.49795,5.20,6.00
2009.05.04 17:34:35.638,1.4977,1.4979,4.80,3.80
2009.05.04 17:34:37.227,1.4977,1.4979,7.20,3.80
2009.05.04 17:34:37.437,1.49775,1.4979,4.80,3.40
2009.05.04 17:34:40.356,1.49775,1.4979,4.80,3.20
2009.05.04 17:34:40.576,1.4977,1.4979,7.20,3.80
2009.05.04 17:34:40.986,1.4977,1.4979,4.80,3.80
2009.05.04 17:34:42.816,1.4976,1.4978,6.40,3.80
2009.05.04 17:34:42.986,1.4976,1.4979,4.80,6.20
2009.05.04 17:34:43.286,1.4976,1.4979,7.20,5.40
2009.05.04 17:34:43.406,1.4976,1.4979,7.20,3.80
2009.05.04 17:34:44.435,1.4976,1.4978,7.20,1.00
2009.05.04 17:34:45.065,1.4976,1.4978,7.20,1.00
2009.05.04 17:34:45.175,1.4976,1.4978,2.40,3.80
2009.05.04 17:34:45.235,1.49755,1.4978,12.60,3.80
2009.05.04 17:34:45.475,1.49755,1.4978,6.40,3.80
2009.05.04 17:34:45.755,1.49755,1.4978,4.80,3.80
2009.05.04 17:34:46.205,1.4976,1.4978,4.80,6.20
2009.05.04 17:34:46.265,1.4976,1.4978,4.80,3.80
2009.05.04 17:34:46.505,1.49755,1.4978,2.40,3.80
2009.05.04 17:34:46.615,1.4975,1.4978,6.40,3.80
2009.05.04 17:34:46.905,1.4975,1.4978,4.80,3.80
2009.05.04 17:34:47.644,1.4975,1.4977,7.20,1.00
2009.05.04 17:34:50.234,1.4975,1.4977,7.20,1.00
2009.05.04 17:34:54.013,1.4977,1.4978,4.80,2.40
2009.05.04 17:34:54.193,1.4976,1.4978,6.40,3.80
2009.05.04 17:34:54.423,1.4976,1.4978,4.80,3.80
2009.05.04 17:35:00.801,1.4977,1.4979,7.20,1.00
2009.05.04 17:35:01.191,1.4977,1.4979,7.20,1.00
2009.05.04 17:35:01.651,1.4977,1.4979,7.20,1.00
2009.05.04 17:35:11.999,1.4975,1.4978,10.40,3.80
2009.05.04 17:35:12.219,1.4975,1.4978,7.20,3.80
2009.05.04 17:35:13.248,1.4975,1.4977,7.20,1.00
2009.05.04 17:35:13.428,1.49745,1.4977,6.40,2.60
2009.05.04 17:35:13.648,1.49745,1.49765,3.20,1.00
2009.05.04 17:35:13.768,1.4974,1.4976,10.40,1.00
2009.05.04 17:35:14.168,1.4974,1.4976,10.40,1.00
2009.05.04 17:35:14.888,1.4974,1.4976,10.40,1.00
2009.05.04 17:35:15.068,1.4974,1.4976,10.40,1.00
2009.05.04 17:35:16.188,1.4974,1.49765,10.40,1.00
2009.05.04 17:35:16.367,1.4974,1.4977,10.40,3.80
2009.05.04 17:35:19.717,1.4974,1.4976,10.40,1.00
2009.05.04 17:35:19.767,1.4974,1.4977,10.40,3.80
2009.05.04 17:35:20.047,1.4974,1.49765,10.40,1.00
2009.05.04 17:35:20.617,1.4974,1.4976,10.40,1.00
2009.05.04 17:35:21.096,1.4974,1.4976,10.40,1.00
2009.05.04 17:35:21.508,1.4974,1.4976,4.80,2.80
2009.05.04 17:35:21.746,1.4974,1.4975,4.80,1.00
2009.05.04 17:35:22.036,1.4973,1.4975,9.60,3.80
2009.05.04 17:35:22.266,1.4973,1.4975,8.00,3.80
2009.05.04 17:35:22.556,1.49725,1.49745,8.00,7.40
2009.05.04 17:35:22.726,1.49725,1.4974,4.80,2.40
2009.05.04 17:35:23.106,1.49725,1.4974,1.00,3.80
2009.05.04 17:35:23.446,1.49705,1.49735,10.40,5.00
2009.05.04 17:35:23.566,1.497,1.4972,10.40,1.60
2009.05.04 17:35:23.796,1.497,1.49725,5.60,4.40
2009.05.04 17:35:24.126,1.4969,1.4971,4.80,2.40
2009.05.04 17:35:24.366,1.49685,1.497,3.20,1.00
2009.05.04 17:35:24.606,1.49685,1.497,3.20,1.00
2009.05.04 17:35:25.195,1.49685,1.497,5.60,1.00
2009.05.04 17:35:25.466,1.49685,1.497,5.60,1.00
2009.05.04 17:35:25.816,1.49685,1.4971,3.20,3.80
2009.05.04 17:35:26.295,1.49675,1.497,13.40,3.80
2009.05.04 17:35:26.675,1.49675,1.497,3.80,3.80
2009.05.04 17:35:27.185,1.4969,1.497,1.00,3.80
2009.05.04 17:35:27.825,1.4967,1.4969,5.60,1.00
2009.05.04 17:35:28.165,1.4967,1.4969,10.40,1.00
2009.05.04 17:35:28.505,1.4967,1.4969,10.40,1.00
2009.05.04 17:35:29.724,1.4967,1.497,10.40,3.80
2009.05.04 17:35:30.354,1.4967,1.4969,10.40,1.00
2009.05.04 17:35:30.464,1.49675,1.4969,1.00,1.00
2009.05.04 17:35:30.584,1.4968,1.497,1.00,3.80
2009.05.04 17:35:32.634,1.4967,1.497,3.20,3.80
2009.05.04 17:35:33.624,1.4967,1.49705,8.00,4.40
2009.05.04 17:35:35.253,1.49675,1.49705,1.20,4.20
2009.05.04 17:35:35.483,1.49675,1.49705,5.00,3.80
2009.05.04 17:35:35.723,1.4968,1.49715,8.00,10.60
2009.05.04 17:35:36.003,1.497,1.49715,1.00,3.80
2009.05.04 17:35:36.353,1.497,1.4972,1.00,3.80
2009.05.04 17:35:37.212,1.497,1.49725,1.00,4.40
2009.05.04 17:35:37.802,1.497,1.49725,1.00,4.60
2009.05.04 17:35:37.922,1.4971,1.49725,1.00,4.80
2009.05.04 17:35:43.661,1.4971,1.49725,1.00,4.60
2009.05.04 17:35:43.821,1.4971,1.49725,1.00,4.40
2009.05.04 17:35:46.510,1.4971,1.49725,1.00,3.80
2009.05.04 17:35:56.668,1.49705,1.4972,1.00,3.80
2009.05.04 17:35:56.778,1.497,1.4972,1.00,3.80
2009.05.04 17:35:57.758,1.497,1.49715,1.00,3.80
2009.05.04 17:36:02.106,1.4969,1.49715,4.20,3.80
2009.05.04 17:36:02.636,1.49695,1.49715,1.00,3.80
2009.05.04 17:36:02.746,1.497,1.49715,1.00,3.80
2009.05.04 17:36:13.414,1.49685,1.4971,8.60,1.00
2009.05.04 17:36:13.864,1.49685,1.4971,8.60,1.00
2009.05.04 17:36:14.514,1.4969,1.49715,1.00,4.80
2009.05.04 17:36:14.873,1.4969,1.49715,1.00,4.40
2009.05.04 17:36:15.233,1.49685,1.4971,8.60,1.00
2009.05.04 17:36:16.433,1.49685,1.49715,8.60,1.00
2009.05.04 17:36:16.843,1.497,1.4972,1.00,3.80
2009.05.04 17:36:17.353,1.497,1.4972,1.00,3.80
2009.05.04 17:36:18.122,1.497,1.4972,1.00,3.80
2009.05.04 17:36:18.892,1.4971,1.4972,1.00,3.80
2009.05.04 17:36:21.082,1.497,1.4972,1.00,3.80
2009.05.04 17:36:24.561,1.49705,1.4972,1.00,3.80
2009.05.04 17:36:24.681,1.4971,1.4972,1.00,3.80
2009.05.04 17:36:36.069,1.4974,1.49775,4.80,3.80
2009.05.04 17:36:36.578,1.4974,1.49775,4.80,4.40
2009.05.04 17:36:36.928,1.4975,1.49775,1.00,4.40
2009.05.04 17:36:40.147,1.4976,1.49775,1.00,3.80
2009.05.04 17:36:41.047,1.4975,1.49775,1.00,3.80
2009.05.04 17:36:41.447,1.4975,1.49775,1.00,6.60
2009.05.04 17:36:41.687,1.4975,1.4977,1.00,3.80
2009.05.04 17:36:41.867,1.4975,1.4976,1.00,1.00
2009.05.04 17:36:42.447,1.4975,1.49765,1.00,4.40
2009.05.04 17:36:43.187,1.4973,1.49765,10.40,4.40
2009.05.04 17:36:43.357,1.4973,1.49765,10.40,4.20
2009.05.04 17:36:43.867,1.4973,1.49765,10.40,4.40
2009.05.04 17:36:45.496,1.4973,1.49765,8.00,4.40
2009.05.04 17:36:46.426,1.4973,1.49765,4.80,4.40
2009.05.04 17:36:46.906,1.4973,1.4976,4.80,3.80
2009.05.04 17:36:47.196,1.49725,1.4976,14.00,3.80
2009.05.04 17:36:47.606,1.49725,1.4976,19.20,3.80
2009.05.04 17:36:47.775,1.49735,1.4976,4.00,3.80
2009.05.04 17:36:47.826,1.4973,1.4976,3.20,3.80
2009.05.04 17:36:48.006,1.4973,1.4976,4.80,3.80
2009.05.04 17:36:48.066,1.4974,1.4976,4.80,1.00
2009.05.04 17:36:50.005,1.4973,1.49765,7.20,5.00
2009.05.04 17:36:50.115,1.4973,1.4976,7.20,3.80
2009.05.04 17:36:50.575,1.4973,1.49765,7.20,6.60
2009.05.04 17:36:50.635,1.4973,1.49765,7.20,3.80
2009.05.04 17:36:50.745,1.4973,1.49765,10.40,4.20
2009.05.04 17:36:50.805,1.4973,1.49765,10.40,4.40
2009.05.04 17:36:54.286,1.4973,1.49765,8.00,4.60
2009.05.04 17:36:54.464,1.4973,1.49765,4.80,4.60
2009.05.04 17:36:54.574,1.4973,1.49765,4.80,5.20
2009.05.04 17:36:55.024,1.4973,1.49765,4.80,9.20
2009.05.04 17:36:55.254,1.4973,1.4976,4.80,3.80
2009.05.04 17:36:55.654,1.49725,1.4976,12.00,3.80
2009.05.04 17:36:55.833,1.49725,1.4976,8.80,3.80
2009.05.04 17:36:56.063,1.49725,1.4976,8.60,3.80
2009.05.04 17:36:56.743,1.49725,1.4976,8.80,3.80
2009.05.04 17:36:56.924,1.49725,1.4976,8.80,3.80
2009.05.04 17:36:57.043,1.4973,1.4976,2.40,3.80
2009.05.04 17:36:57.333,1.4973,1.4975,4.80,1.00
2009.05.04 17:36:57.673,1.4973,1.4976,4.80,3.80
2009.05.04 17:36:57.783,1.49725,1.4976,8.80,3.80
2009.05.04 17:36:58.133,1.49725,1.4976,9.20,3.80
2009.05.04 17:36:58.193,1.49725,1.4976,11.40,3.80
2009.05.04 17:36:58.373,1.49725,1.4976,13.00,3.80
2009.05.04 17:36:58.783,1.4974,1.4976,1.00,3.80
2009.05.04 17:37:00.362,1.4974,1.49765,1.00,7.40
2009.05.04 17:37:00.482,1.4974,1.49765,1.00,4.40
2009.05.04 17:37:01.002,1.4973,1.49765,10.40,4.60
2009.05.04 17:37:01.232,1.4973,1.49765,10.40,4.80
2009.05.04 17:37:01.522,1.4973,1.49765,10.40,5.40
2009.05.04 17:37:02.042,1.4973,1.49765,7.20,5.40
2009.05.04 17:37:02.162,1.4973,1.4976,7.20,3.80
2009.05.04 17:37:02.612,1.4973,1.49765,7.20,4.60
2009.05.04 17:37:02.732,1.4973,1.49765,7.20,4.80
2009.05.04 17:37:07.530,1.4973,1.4976,4.80,3.80
2009.05.04 17:37:09.320,1.4974,1.4976,1.00,3.80
2009.05.04 17:37:13.029,1.4973,1.49765,4.80,5.20
2009.05.04 17:37:13.089,1.4973,1.49765,4.80,5.60
2009.05.04 17:37:13.199,1.4973,1.49765,4.80,5.80
2009.05.04 17:37:13.259,1.4973,1.49765,7.20,5.80
2009.05.04 17:37:13.319,1.4973,1.4976,7.20,3.80
2009.05.04 17:37:13.759,1.4974,1.4976,1.00,3.80
2009.05.04 17:37:13.819,1.4974,1.49765,1.00,6.60
2009.05.04 17:37:13.939,1.4974,1.49765,1.00,3.80
2009.05.04 17:37:14.149,1.4974,1.49765,1.00,4.40
2009.05.04 17:37:14.509,1.4974,1.4976,1.00,3.80
2009.05.04 17:37:15.499,1.4973,1.4976,4.80,3.80
2009.05.04 17:37:16.089,1.49725,1.4976,9.60,3.80
2009.05.04 17:37:16.718,1.49725,1.4976,9.20,3.80
2009.05.04 17:37:17.408,1.49735,1.4976,1.00,3.80
2009.05.04 17:37:17.518,1.4974,1.4976,1.00,3.80
2009.05.04 17:37:23.507,1.4974,1.49765,1.00,3.80
2009.05.04 17:37:24.247,1.4974,1.49765,1.00,4.20
2009.05.04 17:37:24.297,1.4974,1.49765,1.00,4.40
2009.05.04 17:37:28.345,1.4974,1.49765,1.00,3.80
2009.05.04 17:37:28.566,1.4974,1.49765,1.00,3.80
2009.05.04 17:37:29.665,1.4974,1.49765,1.00,3.80
2009.05.04 17:37:32.365,1.49735,1.49765,1.00,3.80
2009.05.04 17:37:32.485,1.49735,1.4976,1.00,3.80
2009.05.04 17:37:32.595,1.49725,1.4976,10.20,3.80
2009.05.04 17:37:33.634,1.49725,1.4976,9.80,3.80
2009.05.04 17:37:33.744,1.49725,1.4976,9.60,3.80
2009.05.04 17:37:33.804,1.49725,1.4976,8.20,3.80
2009.05.04 17:37:34.034,1.49725,1.49755,8.20,3.80
2009.05.04 17:37:34.324,1.49725,1.49755,3.40,3.80
2009.05.04 17:37:34.604,1.49725,1.49755,3.40,4.40
2009.05.04 17:37:35.354,1.4974,1.49755,1.00,4.20
2009.05.04 17:37:35.414,1.4974,1.49755,1.00,3.80
2009.05.04 17:37:35.774,1.4975,1.49755,1.20,3.80
2009.05.04 17:37:36.174,1.49755,1.4976,1.00,4.00
2009.05.04 17:37:36.414,1.4976,1.4978,4.80,9.40
2009.05.04 17:37:36.643,1.4976,1.4978,4.80,7.00
2009.05.04 17:37:36.864,1.49755,1.49785,6.00,6.00
2009.05.04 17:37:37.044,1.49755,1.49785,5.60,4.40
2009.05.04 17:37:40.053,1.4974,1.4976,7.20,1.00
2009.05.04 17:37:40.173,1.49735,1.49765,8.00,4.40
2009.05.04 17:37:40.463,1.4974,1.49765,1.00,4.40
2009.05.04 17:37:40.583,1.4973,1.49765,8.00,5.40
2009.05.04 17:37:40.693,1.4973,1.49765,8.00,5.20
2009.05.04 17:37:40.983,1.4973,1.49765,8.00,5.20
2009.05.04 17:37:41.622,1.4973,1.49765,8.00,5.20
2009.05.04 17:37:41.792,1.4973,1.4975,8.00,1.00
2009.05.04 17:37:42.002,1.49725,1.4975,5.40,1.00
2009.05.04 17:37:42.242,1.4973,1.4975,1.00,1.00
2009.05.04 17:37:42.422,1.4973,1.49755,1.00,5.20
2009.05.04 17:37:42.952,1.4972,1.49755,8.00,5.20
2009.05.04 17:37:43.122,1.4972,1.49755,8.00,5.40
2009.05.04 17:37:47.821,1.4971,1.49735,4.80,1.00
2009.05.04 17:37:48.001,1.49705,1.4973,8.00,1.00
2009.05.04 17:37:48.331,1.49705,1.4973,8.80,1.00
2009.05.04 17:37:48.491,1.49705,1.49735,8.00,4.40
2009.05.04 17:37:57.739,1.4969,1.49725,8.00,4.40
2009.05.04 17:37:58.318,1.4969,1.49725,12.00,4.40
2009.05.04 17:38:06.027,1.4969,1.49725,12.00,4.40
2009.05.04 17:38:07.026,1.497,1.49725,1.00,4.40
2009.05.04 17:38:07.406,1.4969,1.49725,12.00,4.40
2009.05.04 17:38:07.456,1.4969,1.49725,12.00,5.20
2009.05.04 17:38:07.636,1.4969,1.4971,12.00,1.00
2009.05.04 17:38:07.756,1.4969,1.4971,8.00,1.00
2009.05.04 17:38:13.665,1.4969,1.4971,3.20,1.00
2009.05.04 17:38:13.725,1.4969,1.49725,3.20,5.20
2009.05.04 17:38:13.945,1.4969,1.49725,3.20,4.80
2009.05.04 17:38:14.005,1.49685,1.49725,11.80,4.80
2009.05.04 17:38:14.265,1.49685,1.49725,14.20,4.80
2009.05.04 17:38:14.694,1.49685,1.49725,18.20,4.80
2009.05.04 17:38:14.924,1.49685,1.49725,18.20,5.20
2009.05.04 17:38:15.445,1.49685,1.49725,15.80,5.40
2009.05.04 17:38:15.784,1.49685,1.4971,12.00,1.20
2009.05.04 17:38:16.184,1.4968,1.49705,4.80,1.00
2009.05.04 17:38:16.364,1.49675,1.4971,8.00,3.80
2009.05.04 17:38:17.953,1.49675,1.497,8.00,1.00
2009.05.04 17:38:24.562,1.49675,1.497,5.00,1.00
2009.05.04 17:38:24.682,1.49675,1.497,5.40,1.00
2009.05.04 17:38:25.942,1.49675,1.497,5.00,1.00
2009.05.04 17:38:26.351,1.49675,1.497,4.80,1.00
2009.05.04 17:38:37.319,1.49675,1.497,5.40,1.00
2009.05.04 17:38:38.579,1.49685,1.497,2.40,1.00
2009.05.04 17:38:39.158,1.4969,1.4971,1.00,3.40
2009.05.04 17:38:39.338,1.49685,1.4971,6.80,1.00
2009.05.04 17:38:39.518,1.497,1.4971,1.00,1.00
2009.05.04 17:38:40.949,1.4969,1.49715,4.80,1.00
2009.05.04 17:38:41.239,1.4969,1.49725,4.80,4.40
2009.05.04 17:38:42.888,1.49685,1.4971,6.40,1.00
2009.05.04 17:38:43.007,1.49685,1.4971,6.40,1.00
2009.05.04 17:38:43.308,1.49685,1.4971,6.60,1.00
2009.05.04 17:38:43.427,1.49685,1.4971,6.40,1.00
2009.05.04 17:38:43.487,1.497,1.4971,1.00,1.00
2009.05.04 17:38:44.677,1.497,1.49715,1.00,1.00
2009.05.04 17:38:44.917,1.497,1.49725,1.00,4.40
2009.05.04 17:38:47.796,1.497,1.4973,1.00,7.80
2009.05.04 17:38:56.005,1.49705,1.49745,6.20,8.00
2009.05.04 17:38:56.344,1.49705,1.49745,5.60,8.00
2009.05.04 17:38:56.624,1.49705,1.4974,5.60,3.80
2009.05.04 17:38:57.374,1.49705,1.4973,5.60,1.00
2009.05.04 17:38:59.304,1.4971,1.49735,1.00,4.20
2009.05.04 17:38:59.364,1.4971,1.49735,1.00,3.80
2009.05.04 17:39:01.253,1.4971,1.49735,1.00,4.20
2009.05.04 17:39:01.313,1.4971,1.49735,1.00,4.40
2009.05.04 17:39:02.053,1.4971,1.49735,1.00,4.40
2009.05.04 17:39:02.453,1.497,1.49735,4.80,4.40
2009.05.04 17:39:02.783,1.4971,1.4973,7.20,1.00
2009.05.04 17:39:07.651,1.4971,1.49745,7.20,6.60
2009.05.04 17:39:07.922,1.4971,1.49745,7.20,6.00
2009.05.04 17:39:08.451,1.4971,1.49745,7.20,5.80
2009.05.04 17:39:08.741,1.4971,1.49745,7.20,5.40
2009.05.04 17:39:08.852,1.49735,1.4974,1.60,1.60
2009.05.04 17:39:08.971,1.49725,1.4974,4.00,1.60
2009.05.04 17:39:09.251,1.4973,1.4974,1.00,1.60
2009.05.04 17:39:09.481,1.4973,1.4974,1.00,1.60
2009.05.04 17:39:09.761,1.49725,1.4974,6.00,1.60
2009.05.04 17:39:09.871,1.49725,1.4974,6.40,1.60
2009.05.04 17:39:19.939,1.49725,1.4974,4.80,1.60
2009.05.04 17:39:20.108,1.49735,1.4974,1.00,1.60
2009.05.04 17:39:20.389,1.4974,1.49745,1.00,2.40
2009.05.04 17:39:22.798,1.49735,1.4974,1.00,1.60
2009.05.04 17:39:22.858,1.49725,1.4974,4.80,1.60
2009.05.04 17:39:29.616,1.4974,1.4975,1.20,1.00
2009.05.04 17:39:31.676,1.4974,1.49765,1.20,4.40
2009.05.04 17:39:32.026,1.49735,1.4976,6.60,1.00
2009.05.04 17:39:32.076,1.4975,1.4976,1.00,1.00
2009.05.04 17:39:32.246,1.49735,1.4976,6.60,1.00
2009.05.04 17:39:32.465,1.49735,1.49765,6.60,4.40
2009.05.04 17:39:34.245,1.49735,1.4976,6.60,1.00
2009.05.04 17:39:34.355,1.49735,1.4976,9.80,1.00
2009.05.04 17:39:34.705,1.49735,1.49765,9.80,1.00
2009.05.04 17:39:34.765,1.49735,1.4977,9.80,3.80
2009.05.04 17:39:36.795,1.49735,1.4976,9.80,1.00
2009.05.04 17:39:47.842,1.49735,1.4976,8.80,1.00
2009.05.04 17:39:48.022,1.49735,1.4976,9.80,1.00
2009.05.04 17:39:49.551,1.49745,1.4976,1.00,1.00
2009.05.04 17:39:49.772,1.4975,1.4976,1.00,1.00
2009.05.04 17:39:50.051,1.4975,1.4977,1.00,3.80
2009.05.04 17:39:50.171,1.4975,1.4977,1.00,3.80
2009.05.04 17:39:50.631,1.49745,1.4977,1.00,3.80
2009.05.04 17:39:50.731,1.49735,1.4977,9.80,3.80
2009.05.04 17:39:51.821,1.49735,1.49765,9.80,1.00
2009.05.04 17:39:52.231,1.49735,1.4976,9.80,1.00
2009.05.04 17:39:52.890,1.49735,1.4976,9.60,1.00
2009.05.04 17:39:52.991,1.49735,1.4976,9.60,1.00
2009.05.04 17:40:00.839,1.49735,1.49765,9.60,4.40
2009.05.04 17:40:01.309,1.49735,1.49765,4.80,4.40
2009.05.04 17:40:03.028,1.49735,1.49765,4.00,4.40
2009.05.04 17:40:03.208,1.49735,1.49765,3.20,4.40
2009.05.04 17:40:06.577,1.4973,1.49765,8.00,4.40
2009.05.04 17:40:06.977,1.49725,1.4974,8.00,1.00
2009.05.04 17:40:07.317,1.4973,1.4974,1.00,1.00
2009.05.04 17:40:08.167,1.4972,1.4974,8.00,1.00
2009.05.04 17:40:09.756,1.49725,1.4974,1.00,1.00
2009.05.04 17:40:09.807,1.4973,1.4974,1.00,1.00
2009.05.04 17:40:18.644,1.4974,1.4976,1.00,3.80
2009.05.04 17:40:20.784,1.4974,1.49755,1.00,1.00
2009.05.04 17:40:21.014,1.4974,1.4975,1.00,1.00
2009.05.04 17:40:23.593,1.49725,1.4975,9.60,1.00
2009.05.04 17:40:26.562,1.4974,1.49755,1.20,1.00
2009.05.04 17:40:26.963,1.49735,1.49765,9.60,4.40
2009.05.04 17:40:27.202,1.49735,1.49765,3.20,5.00
2009.05.04 17:40:27.482,1.4973,1.4976,4.80,3.80
2009.05.04 17:40:27.842,1.49725,1.49755,3.80,3.80
2009.05.04 17:40:28.142,1.4972,1.49755,8.00,3.80
2009.05.04 17:40:28.422,1.4972,1.49755,8.00,6.60
2009.05.04 17:40:28.772,1.4972,1.49755,8.00,6.80
2009.05.04 17:40:29.462,1.4972,1.49755,8.00,6.40
2009.05.04 17:40:29.632,1.4973,1.49755,1.00,5.80
2009.05.04 17:40:30.201,1.4973,1.49755,1.00,5.80
2009.05.04 17:40:31.001,1.4973,1.49755,1.00,5.80
2009.05.04 17:40:32.801,1.4973,1.49755,1.00,5.20
2009.05.04 17:40:32.861,1.4973,1.49755,1.00,4.40
2009.05.04 17:40:33.810,1.4973,1.49755,1.00,4.40
2009.05.04 17:40:34.140,1.4973,1.49755,1.00,4.40
2009.05.04 17:40:34.800,1.4973,1.49755,1.00,4.40
2009.05.04 17:40:34.980,1.4973,1.49755,1.00,4.20
2009.05.04 17:40:35.270,1.49725,1.49755,6.00,4.20
2009.05.04 17:40:35.380,1.49725,1.49755,9.60,3.80
2009.05.04 17:40:35.710,1.49725,1.49755,9.40,3.80
2009.05.04 17:40:35.770,1.49725,1.4976,9.20,3.80
2009.05.04 17:40:36.000,1.49725,1.4976,9.00,3.80
2009.05.04 17:40:36.290,1.49725,1.4976,8.80,3.80
2009.05.04 17:40:36.690,1.49725,1.4976,3.40,3.80
2009.05.04 17:40:36.970,1.49725,1.4976,4.00,7.80
2009.05.04 17:40:37.250,1.4973,1.49755,1.00,4.40
2009.05.04 17:40:37.660,1.4972,1.49755,8.00,5.20
2009.05.04 17:40:37.950,1.4972,1.49755,8.00,5.80
2009.05.04 17:40:41.729,1.4974,1.49755,1.20,4.80
2009.05.04 17:40:42.299,1.4975,1.4976,1.00,3.80
2009.05.04 17:40:42.538,1.4974,1.4977,2.40,3.80
2009.05.04 17:40:42.639,1.4974,1.4977,7.20,3.80
2009.05.04 17:40:43.188,1.49735,1.4977,9.80,3.80
2009.05.04 17:40:44.138,1.4975,1.4977,1.00,3.80
2009.05.04 17:40:44.648,1.4975,1.4977,1.00,3.80
2009.05.04 17:40:45.098,1.4974,1.4977,4.80,3.80
2009.05.04 17:40:45.568,1.49735,1.4977,9.80,3.80
2009.05.04 17:40:46.928,1.49735,1.4976,9.60,1.00
2009.05.04 17:40:47.217,1.4974,1.4976,4.80,1.00
2009.05.04 17:40:52.856,1.4973,1.4975,10.40,1.00
2009.05.04 17:40:53.036,1.49735,1.4975,1.00,1.00
2009.05.04 17:40:53.316,1.4974,1.49765,1.20,4.40
2009.05.04 17:40:53.676,1.49735,1.4976,9.60,1.00
2009.05.04 17:40:54.086,1.4974,1.49765,1.00,4.40
2009.05.04 17:40:54.526,1.4974,1.49765,1.40,4.40
2009.05.04 17:40:54.876,1.4974,1.49765,1.20,4.40
2009.05.04 17:40:54.996,1.49735,1.4976,10.40,1.00
2009.05.04 17:40:55.356,1.49735,1.4977,10.40,3.80
2009.05.04 17:40:57.575,1.49735,1.4977,14.40,3.80
2009.05.04 17:40:58.385,1.49735,1.4977,10.40,3.80
2009.05.04 17:40:59.194,1.49735,1.4977,14.40,3.80
2009.05.04 17:40:59.645,1.49735,1.4977,10.40,3.80
2009.05.04 17:41:01.394,1.49745,1.4977,2.40,3.80
2009.05.04 17:41:01.624,1.49745,1.4977,3.20,3.80
2009.05.04 17:41:01.974,1.49745,1.4977,4.00,3.80
2009.05.04 17:41:02.204,1.4975,1.4977,1.00,3.80
2009.05.04 17:41:02.954,1.4975,1.4977,1.00,3.80
2009.05.04 17:41:03.354,1.4974,1.4977,14.40,3.80
2009.05.04 17:41:09.052,1.4974,1.4977,10.40,3.80
2009.05.04 17:41:09.992,1.4974,1.4977,7.20,3.80
2009.05.04 17:41:10.272,1.4974,1.4977,2.40,3.80
2009.05.04 17:41:10.962,1.4974,1.4977,7.20,3.80
2009.05.04 17:41:11.132,1.4974,1.4976,7.20,1.00
2009.05.04 17:41:12.331,1.4974,1.4976,2.40,1.00
2009.05.04 17:41:12.791,1.4974,1.4976,2.40,1.00
2009.05.04 17:41:13.151,1.4974,1.4975,2.40,1.00
2009.05.04 17:41:13.201,1.49735,1.4975,11.20,1.00
2009.05.04 17:41:13.321,1.49735,1.4975,7.20,1.00
2009.05.04 17:41:13.381,1.49735,1.4975,2.40,1.00
2009.05.04 17:41:16.450,1.4973,1.4975,14.40,1.00
2009.05.04 17:41:16.930,1.4973,1.4976,10.40,3.80
2009.05.04 17:41:17.450,1.49735,1.4976,4.00,3.80
2009.05.04 17:41:17.790,1.49745,1.49765,2.40,5.20
2009.05.04 17:41:18.130,1.49745,1.4976,2.40,1.00
2009.05.04 17:41:20.339,1.49745,1.49765,2.40,1.00
2009.05.04 17:41:20.459,1.49745,1.4977,2.40,3.80
2009.05.04 17:41:29.947,1.49745,1.4976,3.40,1.00
2009.05.04 17:41:31.247,1.49745,1.4977,3.40,3.80
2009.05.04 17:41:32.226,1.49745,1.4977,4.00,3.80
2009.05.04 17:41:35.946,1.4975,1.4977,9.60,3.80
2009.05.04 17:41:36.126,1.4975,1.4977,8.00,3.80
2009.05.04 17:41:36.245,1.49755,1.4977,1.00,3.80
2009.05.04 17:41:36.465,1.49745,1.4977,8.80,3.80
2009.05.04 17:41:37.555,1.49745,1.4977,8.60,3.80
2009.05.04 17:41:37.775,1.4975,1.4977,7.20,3.80
2009.05.04 17:41:38.645,1.4976,1.4977,1.00,3.80
2009.05.04 17:41:41.344,1.49755,1.4977,7.20,3.80
2009.05.04 17:41:41.514,1.4975,1.4977,8.80,3.80
2009.05.04 17:41:41.814,1.4975,1.4977,12.00,3.80
2009.05.04 17:41:41.974,1.49755,1.49785,6.00,3.80
2009.05.04 17:41:42.135,1.49755,1.4979,9.60,3.80
2009.05.04 17:41:42.484,1.49755,1.4978,4.80,3.80
2009.05.04 17:41:42.654,1.49755,1.4979,8.80,5.40
2009.05.04 17:41:42.934,1.49755,1.4979,8.40,3.80
2009.05.04 17:41:43.144,1.49755,1.4979,3.20,3.80
2009.05.04 17:41:43.484,1.49755,1.4979,3.80,3.80
2009.05.04 17:41:43.884,1.49755,1.4979,4.00,3.80
2009.05.04 17:41:44.734,1.49755,1.4978,4.00,1.00
2009.05.04 17:41:45.973,1.49755,1.4978,4.00,1.60
2009.05.04 17:41:46.263,1.4975,1.4977,8.00,1.00
2009.05.04 17:41:46.493,1.4975,1.4977,3.20,1.00
2009.05.04 17:41:47.293,1.4975,1.4977,8.00,1.00
2009.05.04 17:41:47.643,1.49755,1.4977,6.60,1.00
2009.05.04 17:41:48.113,1.49755,1.4977,8.80,1.00
2009.05.04 17:41:48.473,1.49755,1.4977,4.60,1.00
2009.05.04 17:41:48.873,1.49755,1.4977,5.60,1.00
2009.05.04 17:41:49.112,1.4976,1.4978,1.00,1.00
2009.05.04 17:41:49.692,1.4975,1.4978,8.00,1.00
2009.05.04 17:41:51.502,1.4975,1.4978,8.00,1.00
2009.05.04 17:42:02.139,1.4975,1.49785,8.00,4.20
2009.05.04 17:42:02.439,1.4975,1.4978,8.00,1.00
2009.05.04 17:42:06.358,1.4975,1.4978,10.40,1.00
2009.05.04 17:42:06.658,1.49755,1.4978,10.60,1.00
2009.05.04 17:42:07.008,1.49755,1.4979,18.80,3.80
2009.05.04 17:42:07.298,1.49755,1.4979,8.80,3.80
2009.05.04 17:42:07.588,1.49755,1.4979,9.80,3.80
2009.05.04 17:42:07.868,1.49755,1.4979,13.80,3.80
2009.05.04 17:42:08.158,1.49755,1.49785,13.80,1.00
2009.05.04 17:42:08.558,1.49755,1.4977,12.80,1.00
2009.05.04 17:42:08.998,1.49755,1.4977,7.60,1.00
2009.05.04 17:42:09.287,1.49755,1.4977,11.80,1.00
2009.05.04 17:42:09.797,1.49755,1.4977,11.80,1.00
2009.05.04 17:42:09.907,1.49755,1.4977,11.20,1.00
2009.05.04 17:42:10.247,1.49755,1.4977,11.00,1.00
2009.05.04 17:42:10.427,1.49755,1.4978,7.00,3.80
2009.05.04 17:42:11.237,1.49755,1.4978,10.20,3.80
2009.05.04 17:42:12.377,1.49755,1.4978,9.80,3.80
2009.05.04 17:42:13.256,1.49755,1.4978,10.20,3.80
2009.05.04 17:42:13.486,1.49755,1.4978,10.20,3.80
2009.05.04 17:42:13.546,1.49755,1.4978,10.40,3.80
2009.05.04 17:42:14.176,1.49755,1.4978,10.20,3.80
2009.05.04 17:42:14.236,1.49755,1.4978,10.20,3.80
2009.05.04 17:42:14.876,1.49755,1.4978,14.20,3.80
2009.05.04 17:42:15.046,1.49755,1.4978,18.20,3.80
2009.05.04 17:42:15.226,1.4976,1.4978,2.40,3.80
2009.05.04 17:42:17.646,1.49765,1.4978,2.40,2.20
2009.05.04 17:42:17.825,1.49765,1.4978,2.40,1.00
2009.05.04 17:42:17.945,1.49765,1.4978,2.40,1.00
2009.05.04 17:42:19.995,1.4976,1.4978,7.20,1.00
2009.05.04 17:42:20.115,1.4976,1.4978,7.20,1.00
2009.05.04 17:42:23.444,1.4976,1.4978,7.20,1.00
2009.05.04 17:42:24.854,1.4976,1.4978,7.20,2.40
2009.05.04 17:42:25.193,1.4976,1.4978,4.80,2.40
2009.05.04 17:42:25.354,1.4976,1.4978,4.80,3.80
2009.05.04 17:42:25.414,1.4976,1.4978,6.40,3.80
2009.05.04 17:42:25.703,1.4976,1.49785,12.00,5.40
2009.05.04 17:42:25.874,1.4976,1.4978,7.20,3.80
2009.05.04 17:42:26.223,1.4976,1.4978,6.40,3.80
2009.05.04 17:42:26.343,1.49765,1.4978,4.80,2.60
2009.05.04 17:42:27.033,1.49765,1.4978,4.80,2.40
2009.05.04 17:42:28.003,1.49765,1.49775,1.00,1.00
2009.05.04 17:42:28.063,1.49765,1.4977,1.00,1.00
2009.05.04 17:42:28.173,1.4976,1.4977,1.60,1.00
2009.05.04 17:42:28.403,1.49755,1.4977,5.60,1.00
2009.05.04 17:42:30.042,1.49755,1.49775,5.60,1.00
2009.05.04 17:42:30.342,1.49755,1.4978,5.60,3.80
2009.05.04 17:42:46.728,1.49755,1.4978,8.80,3.80
2009.05.04 17:42:46.899,1.4976,1.4978,2.40,3.80
2009.05.04 17:42:47.129,1.49765,1.4979,2.40,3.80
2009.05.04 17:42:47.648,1.49765,1.49795,6.40,5.00
2009.05.04 17:42:47.878,1.49765,1.4979,6.40,3.80
2009.05.04 17:42:48.278,1.49765,1.4979,11.20,1.00
2009.05.04 17:42:48.518,1.49765,1.4979,14.40,1.00
2009.05.04 17:42:49.938,1.49775,1.4979,2.40,1.00
2009.05.04 17:42:52.187,1.49775,1.4978,2.40,1.00
2009.05.04 17:42:54.736,1.49775,1.4979,2.40,1.00
2009.05.04 17:42:55.026,1.49775,1.4978,2.40,1.00
2009.05.04 17:42:55.206,1.4977,1.4978,10.40,1.00
2009.05.04 17:42:55.326,1.4977,1.4978,12.80,1.00
2009.05.04 17:42:55.546,1.4977,1.4978,13.60,1.00
2009.05.04 17:42:55.667,1.49775,1.4978,3.20,1.80
2009.05.04 17:42:55.886,1.49775,1.4978,3.20,1.00
2009.05.04 17:42:55.996,1.4977,1.4978,10.40,1.00
2009.05.04 17:42:56.356,1.4977,1.4978,10.40,1.00
2009.05.04 17:42:56.586,1.4977,1.4978,7.20,2.20
2009.05.04 17:42:57.036,1.4977,1.4978,4.80,2.20
2009.05.04 17:42:57.436,1.49765,1.4978,12.60,1.00
2009.05.04 17:42:57.606,1.4977,1.4978,6.40,1.00
2009.05.04 17:42:57.786,1.4977,1.4978,8.80,1.00
2009.05.04 17:42:58.176,1.49775,1.4978,1.00,1.00
2009.05.04 17:42:58.456,1.49765,1.4978,3.00,1.00
2009.05.04 17:42:58.815,1.4977,1.4978,2.40,1.00
2009.05.04 17:42:59.615,1.4977,1.4978,4.80,1.00
2009.05.04 17:43:00.825,1.4977,1.4978,4.80,2.40
2009.05.04 17:43:02.395,1.49775,1.4978,4.80,2.40
2009.05.04 17:43:02.744,1.4977,1.49785,14.40,1.00
2009.05.04 17:43:03.024,1.49775,1.49785,4.80,1.00
2009.05.04 17:43:05.984,1.4978,1.498,6.40,3.80
2009.05.04 17:43:06.144,1.4978,1.498,4.80,3.80
2009.05.04 17:43:06.324,1.4978,1.498,6.40,3.80
2009.05.04 17:43:06.494,1.4978,1.4979,9.60,1.00
2009.05.04 17:43:06.764,1.4978,1.4979,8.00,1.60
2009.05.04 17:43:07.214,1.49785,1.4979,4.80,1.00
2009.05.04 17:43:07.454,1.4978,1.498,4.80,3.80
2009.05.04 17:43:07.683,1.4978,1.498,4.80,5.40
2009.05.04 17:43:08.213,1.4978,1.4979,6.40,1.60
2009.05.04 17:43:08.503,1.49775,1.49785,8.00,1.00
2009.05.04 17:43:09.133,1.49775,1.49785,8.00,1.20
2009.05.04 17:43:09.543,1.49775,1.49785,8.00,1.00
2009.05.04 17:43:10.063,1.4977,1.4978,4.80,1.00
2009.05.04 17:43:10.123,1.4977,1.4978,4.80,2.80
2009.05.04 17:43:10.583,1.49765,1.4978,14.20,2.40
2009.05.04 17:43:10.883,1.49765,1.4978,13.60,2.40
2009.05.04 17:43:11.173,1.49765,1.4978,8.00,2.40
2009.05.04 17:43:11.522,1.49765,1.4978,10.40,2.40
2009.05.04 17:43:12.182,1.4978,1.49785,4.00,2.50
2009.05.04 17:43:12.602,1.49765,1.4978,13.60,1.00
2009.05.04 17:43:12.842,1.4977,1.4978,2.40,1.00
2009.05.04 17:43:13.082,1.4977,1.4978,2.40,3.80
2009.05.04 17:43:13.932,1.4977,1.4978,7.20,1.00
2009.05.04 17:43:14.222,1.4977,1.4978,7.20,1.00
2009.05.04 17:43:14.962,1.4977,1.4978,7.20,1.00
2009.05.04 17:43:15.141,1.49775,1.4978,2.40,1.00
2009.05.04 17:43:15.701,1.49775,1.4978,2.40,1.00
2009.05.04 17:43:15.971,1.49775,1.4978,4.40,1.00
2009.05.04 17:43:17.051,1.49775,1.4978,6.40,1.00
2009.05.04 17:43:17.331,1.49775,1.4978,2.40,1.00
2009.05.04 17:43:20.890,1.49775,1.4978,2.40,1.00
2009.05.04 17:43:21.490,1.49775,1.4978,2.40,1.20
2009.05.04 17:43:29.338,1.4978,1.49785,2.40,1.00
2009.05.04 17:43:29.738,1.49775,1.4978,2.40,1.00
2009.05.04 17:43:31.557,1.49775,1.4978,2.40,1.00
2009.05.04 17:43:31.727,1.49765,1.4978,11.80,1.00
2009.05.04 17:43:31.907,1.49765,1.4978,3.00,1.20
2009.05.04 17:43:32.207,1.49765,1.4978,3.00,1.40
2009.05.04 17:43:32.497,1.49765,1.4978,2.40,1.00
2009.05.04 17:43:33.017,1.49765,1.4978,2.40,1.00
2009.05.04 17:43:33.427,1.49775,1.4978,2.40,1.00
2009.05.04 17:43:33.547,1.49775,1.4978,2.40,1.00
2009.05.04 17:43:33.757,1.4978,1.49785,2.40,1.00
2009.05.04 17:43:34.277,1.4978,1.4979,2.40,1.00
2009.05.04 17:43:34.717,1.4978,1.498,2.40,3.80
2009.05.04 17:43:35.157,1.49775,1.4978,6.80,1.00
2009.05.04 17:43:35.386,1.4977,1.4978,4.80,1.00
2009.05.04 17:43:38.896,1.4977,1.4978,7.20,1.00
2009.05.04 17:43:39.126,1.4977,1.4978,4.80,1.00
2009.05.04 17:43:39.296,1.49765,1.4978,11.00,1.00
2009.05.04 17:43:39.636,1.49765,1.4978,7.80,1.00
2009.05.04 17:43:43.235,1.4977,1.4978,1.00,1.40
2009.05.04 17:43:43.415,1.49765,1.4978,2.80,1.40
2009.05.04 17:43:43.595,1.49765,1.4978,2.40,1.40
2009.05.04 17:43:43.935,1.4976,1.4978,7.20,1.40
2009.05.04 17:43:44.514,1.4976,1.4977,7.20,1.00
2009.05.04 17:43:44.924,1.4976,1.4977,7.20,1.00
2009.05.04 17:43:45.144,1.4976,1.4977,7.20,1.00
2009.05.04 17:43:48.543,1.4976,1.4977,2.40,1.00
2009.05.04 17:43:48.963,1.4976,1.4977,2.40,1.00
2009.05.04 17:43:49.303,1.49755,1.4976,8.40,1.00
2009.05.04 17:43:49.593,1.4975,1.4976,8.80,1.00
2009.05.04 17:43:49.933,1.49755,1.4976,2.40,1.00
2009.05.04 17:43:50.113,1.4975,1.4976,7.20,1.00
2009.05.04 17:43:50.383,1.4975,1.4976,8.80,1.00
2009.05.04 17:43:50.563,1.4974,1.4976,4.80,3.80
2009.05.04 17:43:51.063,1.4974,1.4975,7.20,1.00
2009.05.04 17:43:51.293,1.49745,1.49765,4.80,6.80
2009.05.04 17:43:51.473,1.49745,1.49765,7.20,6.80
2009.05.04 17:43:51.772,1.49745,1.4976,2.40,1.00
2009.05.04 17:43:52.103,1.49745,1.4975,2.40,1.00
2009.05.04 17:43:55.772,1.4974,1.4975,7.20,1.00
2009.05.04 17:43:56.122,1.49735,1.4975,2.40,1.00
2009.05.04 17:43:56.573,1.49735,1.4975,2.40,1.40
2009.05.04 17:43:56.691,1.49735,1.4975,2.40,1.00
2009.05.04 17:43:59.351,1.49735,1.4974,2.40,1.20
2009.05.04 17:43:59.411,1.4973,1.4974,7.20,1.20
2009.05.04 17:43:59.871,1.49735,1.4974,4.80,1.20
2009.05.04 17:43:59.930,1.49735,1.4974,4.80,1.00
2009.05.04 17:44:00.040,1.4973,1.4974,7.20,1.00
2009.05.04 17:44:00.331,1.49735,1.4974,4.80,1.00
2009.05.04 17:44:01.070,1.4973,1.4974,8.80,1.00
2009.05.04 17:44:01.300,1.49735,1.4974,4.80,1.00
2009.05.04 17:44:01.471,1.4974,1.49745,4.80,1.00
2009.05.04 17:44:01.820,1.49735,1.4974,2.40,1.00
2009.05.04 17:44:02.460,1.49735,1.4974,2.40,1.00
2009.05.04 17:44:02.690,1.49735,1.4974,2.40,1.00
2009.05.04 17:44:02.920,1.49735,1.49745,2.40,1.00
2009.05.04 17:44:03.100,1.49735,1.4975,2.40,1.40
2009.05.04 17:44:04.770,1.49735,1.49745,2.40,1.00
2009.05.04 17:44:04.999,1.49735,1.4974,2.40,1.00
2009.05.04 17:44:05.349,1.4973,1.4974,2.40,1.00
2009.05.04 17:44:05.569,1.49725,1.4974,2.40,1.20
2009.05.04 17:44:06.139,1.49725,1.4974,2.40,1.00
2009.05.04 17:44:06.769,1.49725,1.4974,2.40,1.00
2009.05.04 17:44:07.009,1.4972,1.4974,7.20,1.20
2009.05.04 17:44:07.579,1.4972,1.4973,7.20,1.00
2009.05.04 17:44:08.319,1.4972,1.4974,7.20,1.20
2009.05.04 17:44:09.469,1.4972,1.4975,7.20,3.80
2009.05.04 17:44:09.579,1.4972,1.4975,10.40,3.80
2009.05.04 17:44:09.868,1.4973,1.49755,4.80,7.20
2009.05.04 17:44:09.928,1.4973,1.49765,4.80,5.40
2009.05.04 17:44:10.578,1.49725,1.49765,8.80,9.40
2009.05.04 17:44:11.738,1.4973,1.49765,7.20,5.40
2009.05.04 17:44:14.607,1.4973,1.49765,10.40,4.40
2009.05.04 17:44:14.837,1.4973,1.4976,10.40,1.00
2009.05.04 17:44:14.897,1.4973,1.4976,10.40,1.00
2009.05.04 17:44:16.347,1.4973,1.4976,10.40,1.00
2009.05.04 17:44:16.527,1.4973,1.49765,10.40,1.00
2009.05.04 17:44:16.637,1.4973,1.4977,10.40,3.80
2009.05.04 17:44:17.446,1.4973,1.49765,10.40,1.20
2009.05.04 17:44:17.796,1.4973,1.49765,10.40,5.20
2009.05.04 17:44:17.966,1.4973,1.49765,10.40,5.40
2009.05.04 17:44:22.275,1.4973,1.4976,3.20,3.80
2009.05.04 17:44:23.195,1.49725,1.4976,3.20,3.80
2009.05.04 17:44:26.494,1.49725,1.49765,3.20,5.80
2009.05.04 17:44:27.134,1.49725,1.49765,3.20,5.60
2009.05.04 17:44:27.244,1.49725,1.49765,3.20,5.40
2009.05.04 17:44:27.884,1.49725,1.4975,3.20,1.00
2009.05.04 17:44:31.743,1.4973,1.4975,2.40,1.00
2009.05.04 17:44:33.672,1.4973,1.49765,2.40,5.40
2009.05.04 17:44:33.792,1.4973,1.49765,2.40,4.40
2009.05.04 17:44:37.211,1.4973,1.49765,2.40,4.20
2009.05.04 17:44:37.321,1.4973,1.49765,2.40,3.80
2009.05.04 17:44:54.929,1.49725,1.49765,3.20,10.20
2009.05.04 17:44:57.497,1.4972,1.4974,7.20,1.00
2009.05.04 17:44:57.967,1.49715,1.49765,12.20,4.80
2009.05.04 17:44:58.317,1.49725,1.49765,3.20,5.80
2009.05.04 17:44:58.616,1.49725,1.49755,9.40,4.00
2009.05.04 17:44:58.896,1.49725,1.49765,8.80,10.00
2009.05.04 17:44:59.246,1.49725,1.4975,8.80,1.00
2009.05.04 17:44:59.656,1.49725,1.4975,9.20,1.00
2009.05.04 17:45:02.116,1.49725,1.4975,9.20,1.00
2009.05.04 17:45:02.415,1.49725,1.4975,8.00,1.00
2009.05.04 17:45:03.086,1.49725,1.4974,3.20,1.00
2009.05.04 17:45:03.375,1.4972,1.4974,3.20,1.00
2009.05.04 17:45:04.065,1.49715,1.4974,3.20,1.00
2009.05.04 17:45:04.515,1.49715,1.4976,3.20,13.40
2009.05.04 17:45:04.925,1.49715,1.4975,7.20,1.40
2009.05.04 17:45:05.345,1.4972,1.4975,7.20,1.40
2009.05.04 17:45:05.505,1.4972,1.49765,7.20,10.80
2009.05.04 17:45:05.955,1.4972,1.49765,3.20,11.00
2009.05.04 17:45:07.604,1.49725,1.4977,3.20,9.40
2009.05.04 17:45:08.174,1.49725,1.4977,8.00,9.40
2009.05.04 17:45:08.404,1.49725,1.49765,12.00,5.40
2009.05.04 17:45:08.634,1.49725,1.49775,12.00,7.60
2009.05.04 17:45:09.524,1.49725,1.49775,12.00,7.20
2009.05.04 17:45:11.293,1.49725,1.49775,13.60,6.00
2009.05.04 17:45:11.683,1.49725,1.49775,13.60,4.00
2009.05.04 17:45:11.913,1.49735,1.49775,1.00,4.00
2009.05.04 17:45:12.153,1.4975,1.4978,1.00,9.40
2009.05.04 17:45:12.613,1.49755,1.49775,1.00,2.20
2009.05.04 17:45:12.853,1.4976,1.49785,1.00,5.20
2009.05.04 17:45:13.093,1.4975,1.49785,8.80,5.80
2009.05.04 17:45:15.252,1.4975,1.49785,8.80,6.00
2009.05.04 17:45:15.373,1.4975,1.49785,8.80,6.00
2009.05.04 17:45:19.152,1.4975,1.49785,8.80,5.80
2009.05.04 17:45:19.211,1.4975,1.49785,8.80,5.40
2009.05.04 17:45:22.770,1.49755,1.49785,1.00,5.80
2009.05.04 17:45:22.940,1.4976,1.49785,1.00,5.80
2009.05.04 17:45:23.180,1.4976,1.49785,1.00,5.60
2009.05.04 17:45:23.520,1.4976,1.49785,1.00,5.40
2009.05.04 17:45:30.239,1.4976,1.4978,1.00,1.00
2009.05.04 17:45:32.068,1.4976,1.49785,1.20,1.00
2009.05.04 17:45:32.188,1.4976,1.4979,1.00,3.80
2009.05.04 17:45:32.358,1.49755,1.4979,7.00,3.80
2009.05.04 17:45:32.418,1.49765,1.49795,1.00,6.20
2009.05.04 17:45:32.748,1.4977,1.49795,1.00,3.80
2009.05.04 17:45:33.108,1.4977,1.498,1.00,3.80
2009.05.04 17:45:33.668,1.4976,1.498,4.80,3.80
2009.05.04 17:45:36.167,1.4977,1.4978,2.40,1.00
2009.05.04 17:45:36.448,1.4977,1.4978,2.40,1.00
2009.05.04 17:45:36.737,1.4977,1.4978,4.80,1.00
2009.05.04 17:45:37.417,1.4976,1.4978,8.80,1.00
2009.05.04 17:45:37.867,1.4976,1.4978,7.20,1.00
2009.05.04 17:45:38.267,1.4975,1.49785,4.80,8.40
2009.05.04 17:45:38.737,1.49745,1.49785,8.80,12.60
2009.05.04 17:45:38.857,1.49745,1.49785,6.00,12.60
2009.05.04 17:45:38.977,1.49745,1.49785,6.40,12.60
2009.05.04 17:45:39.666,1.49745,1.49785,6.40,12.40
2009.05.04 17:45:39.956,1.49745,1.49785,6.60,12.00
2009.05.04 17:45:40.486,1.49745,1.49785,4.80,12.60
2009.05.04 17:45:40.606,1.49745,1.49785,5.60,8.20
2009.05.04 17:45:40.716,1.49745,1.49785,6.60,11.60
2009.05.04 17:45:40.826,1.49745,1.49785,5.60,8.20
2009.05.04 17:45:41.116,1.49745,1.49785,4.80,8.60
2009.05.04 17:45:41.346,1.49745,1.4977,4.80,1.00
2009.05.04 17:45:41.876,1.49745,1.49785,6.40,11.60
2009.05.04 17:45:42.106,1.49745,1.49785,6.60,11.60
2009.05.04 17:45:42.346,1.49745,1.4977,4.80,1.00
2009.05.04 17:45:43.366,1.4974,1.4977,4.80,3.80
2009.05.04 17:45:43.485,1.4974,1.4977,7.20,3.80
2009.05.04 17:45:47.914,1.4975,1.49785,4.80,4.40
2009.05.04 17:45:48.024,1.4975,1.4978,4.80,1.00
2009.05.04 17:45:48.834,1.4975,1.4978,8.80,1.00
2009.05.04 17:45:50.384,1.4975,1.4978,8.80,1.00
2009.05.04 17:45:51.004,1.4975,1.4978,8.80,1.00
2009.05.04 17:45:53.133,1.4975,1.4978,8.80,1.00
2009.05.04 17:45:55.193,1.4975,1.4978,8.80,1.00
2009.05.04 17:45:55.372,1.4975,1.4978,4.80,1.00
2009.05.04 17:45:57.182,1.4975,1.4978,4.80,1.00
2009.05.04 17:45:58.692,1.4975,1.4978,4.80,1.00
2009.05.04 17:46:01.001,1.4975,1.4978,4.80,1.20
2009.05.04 17:46:01.401,1.4975,1.49785,4.80,5.80
2009.05.04 17:46:02.841,1.4975,1.49785,4.80,5.60
2009.05.04 17:46:03.011,1.4975,1.49785,4.80,5.40
2009.05.04 17:46:09.189,1.4975,1.49785,4.80,5.20
2009.05.04 17:46:09.309,1.49755,1.49785,3.20,5.20
2009.05.04 17:46:09.359,1.49755,1.49785,3.20,5.20
2009.05.04 17:46:12.049,1.49755,1.4979,8.80,3.80
2009.05.04 17:46:13.128,1.49755,1.4979,4.00,3.80
2009.05.04 17:46:13.358,1.49755,1.4979,3.80,3.80
2009.05.04 17:46:13.828,1.49755,1.4979,4.00,3.80
2009.05.04 17:46:18.057,1.49755,1.4979,3.20,3.80
2009.05.04 17:46:18.867,1.4976,1.4977,1.00,3.80
2009.05.04 17:46:19.267,1.49745,1.4977,3.40,3.80
2009.05.04 17:46:19.447,1.49745,1.4977,3.20,3.80
2009.05.04 17:46:20.597,1.4975,1.4978,4.80,12.00
2009.05.04 17:46:20.707,1.4975,1.49775,4.80,4.00
2009.05.04 17:46:20.766,1.4975,1.49775,8.00,4.00
2009.05.04 17:46:20.947,1.4975,1.49785,8.00,9.20
2009.05.04 17:46:21.067,1.4975,1.49785,8.00,6.00
2009.05.04 17:46:22.976,1.4975,1.49785,8.00,5.60
2009.05.04 17:46:23.096,1.4975,1.49785,8.00,5.20
2009.05.04 17:46:23.596,1.49755,1.49785,3.20,4.40
2009.05.04 17:46:23.707,1.49755,1.4978,3.20,1.00
2009.05.04 17:46:25.405,1.49755,1.4978,3.20,1.00
2009.05.04 17:46:25.705,1.49755,1.4978,3.20,1.00
2009.05.04 17:46:29.094,1.49755,1.4978,3.20,1.00
2009.05.04 17:46:29.324,1.49755,1.4978,3.20,1.00
2009.05.04 17:46:29.724,1.49755,1.4979,3.20,3.80
2009.05.04 17:46:30.004,1.49755,1.4979,4.00,3.80
2009.05.04 17:46:30.064,1.49765,1.498,3.20,6.20
2009.05.04 17:46:30.474,1.49765,1.498,3.40,3.80
2009.05.04 17:46:30.864,1.49765,1.498,3.20,3.80
2009.05.04 17:46:33.423,1.49765,1.49795,3.20,1.00
2009.05.04 17:46:33.593,1.49765,1.49795,3.20,4.40
2009.05.04 17:46:34.393,1.49765,1.49795,3.20,5.60
2009.05.04 17:46:34.723,1.4976,1.49795,3.20,10.80
2009.05.04 17:46:34.903,1.4976,1.49795,8.00,10.80
2009.05.04 17:46:35.004,1.4976,1.49795,8.00,9.80
2009.05.04 17:46:35.703,1.4976,1.49795,3.20,10.00
2009.05.04 17:46:35.873,1.4976,1.49795,3.20,10.40
2009.05.04 17:46:36.433,1.4976,1.49795,3.20,10.00
2009.05.04 17:46:36.613,1.4976,1.49795,8.00,9.80
2009.05.04 17:46:36.983,1.4976,1.49795,8.00,9.60
2009.05.04 17:46:37.342,1.4976,1.49795,3.20,1.00
2009.05.04 17:46:37.512,1.4976,1.498,3.20,7.80
2009.05.04 17:46:45.450,1.4976,1.498,8.00,3.80
2009.05.04 17:46:46.020,1.49765,1.498,5.20,3.80
2009.05.04 17:46:46.130,1.49765,1.498,8.80,3.80
2009.05.04 17:46:48.740,1.49765,1.498,4.00,3.80
2009.05.04 17:46:51.329,1.49765,1.498,8.80,3.80
2009.05.04 17:46:56.917,1.49755,1.4979,8.00,3.80
2009.05.04 17:46:57.667,1.49755,1.4979,8.20,3.80
2009.05.04 17:46:57.778,1.49755,1.4979,8.80,3.80
2009.05.04 17:46:57.948,1.49755,1.4979,8.80,3.80
2009.05.04 17:46:58.068,1.49765,1.49795,1.00,4.80
2009.05.04 17:46:58.347,1.4977,1.49795,1.00,3.80
2009.05.04 17:46:58.748,1.4976,1.49795,3.20,3.80
2009.05.04 17:46:59.157,1.4977,1.49795,1.00,3.80
2009.05.04 17:46:59.337,1.4977,1.49795,1.00,3.80
2009.05.04 17:47:00.357,1.4978,1.49795,1.00,3.80
2009.05.04 17:47:00.697,1.4978,1.498,1.20,3.80
2009.05.04 17:47:00.977,1.4978,1.498,1.00,3.80
2009.05.04 17:47:01.207,1.4978,1.498,1.20,3.80
2009.05.04 17:47:01.797,1.4978,1.498,4.00,3.80
2009.05.04 17:47:02.547,1.4978,1.4981,4.80,6.20
2009.05.04 17:47:02.847,1.4979,1.4981,1.00,3.80
2009.05.04 17:47:03.146,1.4979,1.4981,1.00,3.80
2009.05.04 17:47:03.546,1.4979,1.4981,1.00,3.80
2009.05.04 17:47:04.116,1.49785,1.4981,5.60,2.20
2009.05.04 17:47:04.336,1.49785,1.49815,5.00,3.20
2009.05.04 17:47:04.516,1.49785,1.4982,4.00,2.20
2009.05.04 17:47:15.943,1.49785,1.49825,7.80,9.40
2009.05.04 17:47:16.113,1.49785,1.49825,8.80,7.00
2009.05.04 17:47:17.403,1.49785,1.49825,8.80,7.40
2009.05.04 17:47:17.463,1.49785,1.49825,8.80,7.60
2009.05.04 17:47:21.412,1.49785,1.4982,17.00,1.00
2009.05.04 17:47:21.692,1.49785,1.4983,17.20,9.40
2009.05.04 17:47:21.932,1.49805,1.49825,3.20,2.20
2009.05.04 17:47:22.221,1.498,1.4983,4.00,2.20
2009.05.04 17:47:22.492,1.498,1.4984,4.00,9.40
2009.05.04 17:47:22.971,1.498,1.4984,7.20,9.40
2009.05.04 17:47:23.311,1.49805,1.49835,4.00,3.80
2009.05.04 17:47:27.590,1.49805,1.49835,8.00,3.80
2009.05.04 17:47:27.920,1.49805,1.49835,9.60,3.80
2009.05.04 17:47:29.020,1.49805,1.4984,9.60,9.40
2009.05.04 17:47:33.449,1.49805,1.49835,9.60,3.80
2009.05.04 17:47:33.799,1.49805,1.49835,5.60,3.80
2009.05.04 17:47:33.919,1.49805,1.49835,4.00,3.80
2009.05.04 17:47:39.307,1.498,1.4984,5.60,9.40
2009.05.04 17:47:39.357,1.498,1.4984,8.00,9.40
2009.05.04 17:47:39.477,1.498,1.4984,11.20,6.20
2009.05.04 17:47:39.647,1.498,1.49835,16.00,3.80
2009.05.04 17:47:39.697,1.498,1.49835,16.00,4.80
2009.05.04 17:47:40.567,1.49805,1.4983,4.80,1.00
2009.05.04 17:47:41.477,1.49805,1.4984,9.80,3.80
2009.05.04 17:47:42.577,1.49805,1.49845,13.00,7.00
2009.05.04 17:47:42.807,1.49805,1.49845,13.00,5.40
2009.05.04 17:47:43.036,1.49805,1.49845,13.40,5.60
2009.05.04 17:47:43.416,1.49805,1.49845,9.00,5.40
2009.05.04 17:47:43.766,1.49805,1.49845,8.40,6.00
2009.05.04 17:47:43.946,1.49805,1.49845,8.00,5.40
2009.05.04 17:47:44.416,1.4981,1.49845,3.20,5.40
2009.05.04 17:47:44.586,1.4981,1.4984,10.40,3.80
2009.05.04 17:47:45.046,1.49815,1.49845,3.20,5.40
2009.05.04 17:47:45.496,1.4982,1.49845,3.20,5.40
2009.05.04 17:47:46.306,1.4982,1.49845,3.20,4.40
2009.05.04 17:47:46.416,1.4982,1.4984,3.20,1.00
2009.05.04 17:47:50.105,1.4982,1.4984,3.20,1.00
2009.05.04 17:47:50.438,1.4982,1.4984,3.20,1.00
2009.05.04 17:47:50.615,1.4982,1.4984,8.00,1.00
2009.05.04 17:47:50.675,1.4982,1.4984,10.40,1.00
2009.05.04 17:47:50.735,1.4982,1.4983,10.40,1.00
2009.05.04 17:47:52.934,1.49825,1.4983,3.20,1.00
2009.05.04 17:47:53.094,1.49825,1.4985,3.20,7.80
2009.05.04 17:47:53.424,1.49825,1.4985,3.20,4.00
2009.05.04 17:47:53.654,1.4983,1.49855,3.20,10.40
2009.05.04 17:47:56.453,1.4983,1.49855,5.60,10.40
2009.05.04 17:47:56.783,1.4983,1.49855,10.40,6.40
2009.05.04 17:47:56.953,1.4983,1.4985,8.00,1.20
2009.05.04 17:47:57.403,1.4983,1.4985,8.00,1.40
2009.05.04 17:47:57.803,1.49835,1.4985,3.20,1.40
2009.05.04 17:48:00.492,1.49835,1.4985,3.20,1.00
2009.05.04 17:48:00.832,1.49835,1.4985,3.20,1.20
2009.05.04 17:48:00.952,1.49835,1.4985,3.20,1.00
2009.05.04 17:48:01.292,1.49835,1.4985,3.20,1.20
2009.05.04 17:48:01.472,1.49835,1.4985,3.20,1.00
2009.05.04 17:48:03.092,1.49835,1.4985,3.20,1.20
2009.05.04 17:48:04.141,1.49835,1.4985,3.20,1.00
2009.05.04 17:48:05.841,1.49835,1.4985,3.20,1.20
2009.05.04 17:48:06.291,1.49835,1.4985,3.20,3.80
2009.05.04 17:48:07.320,1.4983,1.49845,3.20,1.00
2009.05.04 17:48:07.551,1.4983,1.4984,8.00,1.00
2009.05.04 17:48:07.781,1.4983,1.49855,8.00,6.40
2009.05.04 17:48:08.001,1.4983,1.4984,12.80,1.00
2009.05.04 17:48:08.410,1.4984,1.4985,4.80,1.40
2009.05.04 17:48:08.650,1.4984,1.49855,7.20,6.40
2009.05.04 17:48:08.930,1.49835,1.4985,12.00,1.20
2009.05.04 17:48:09.210,1.49835,1.4985,14.40,1.20
2009.05.04 17:48:09.440,1.4984,1.4985,8.00,1.00
2009.05.04 17:48:09.730,1.4984,1.4985,8.00,1.00
2009.05.04 17:48:09.900,1.4984,1.4985,3.20,1.00
2009.05.04 17:48:10.010,1.4984,1.4985,8.00,1.00
2009.05.04 17:48:10.470,1.4984,1.4985,12.00,1.00
2009.05.04 17:48:10.590,1.4984,1.4985,9.60,1.00
2009.05.04 17:48:10.710,1.4984,1.4985,4.80,1.00
2009.05.04 17:48:10.820,1.4984,1.4985,3.20,1.00
2009.05.04 17:48:11.100,1.4983,1.4985,29.60,1.00
2009.05.04 17:48:11.220,1.4984,1.4985,7.20,1.00
2009.05.04 17:48:11.390,1.4984,1.4985,8.80,1.00
2009.05.04 17:48:11.510,1.4984,1.4985,9.60,1.00
2009.05.04 17:48:11.800,1.4984,1.4985,6.40,1.00
2009.05.04 17:48:11.919,1.4984,1.4985,4.80,1.00
2009.05.04 17:48:12.209,1.4983,1.4985,29.60,1.00
2009.05.04 17:48:12.439,1.4984,1.4985,4.80,1.20
2009.05.04 17:48:14.080,1.4984,1.4985,4.80,1.20
2009.05.04 17:48:14.369,1.4984,1.4985,4.80,1.00
2009.05.04 17:48:15.779,1.4984,1.4985,4.80,1.20
2009.05.04 17:48:16.278,1.49835,1.4985,14.40,1.20
2009.05.04 17:48:16.398,1.49835,1.4985,12.00,1.20
2009.05.04 17:48:16.668,1.49835,1.4985,12.00,1.00
2009.05.04 17:48:16.838,1.49835,1.4985,14.40,1.00
2009.05.04 17:48:17.068,1.49835,1.4985,12.00,1.20
2009.05.04 17:48:17.578,1.49835,1.4985,14.40,1.00
2009.05.04 17:48:17.858,1.4984,1.4986,10.40,2.20
2009.05.04 17:48:30.555,1.4984,1.4986,8.00,2.20
2009.05.04 17:48:30.655,1.4984,1.4986,8.00,3.80
2009.05.04 17:48:30.825,1.4984,1.4986,4.80,3.80
2009.05.04 17:48:31.005,1.49835,1.4986,12.00,6.20
2009.05.04 17:48:31.295,1.4984,1.4986,4.80,5.40
2009.05.04 17:48:31.475,1.4984,1.4986,8.00,5.40
2009.05.04 17:48:31.755,1.4984,1.4986,8.00,3.80
2009.05.04 17:48:31.874,1.4984,1.49855,4.80,1.00
2009.05.04 17:48:31.995,1.4984,1.4985,7.20,3.80
2009.05.04 17:48:32.155,1.4984,1.4985,4.00,3.80
2009.05.04 17:48:32.325,1.4982,1.4984,3.20,1.20
2009.05.04 17:48:32.675,1.49815,1.49845,7.80,5.60
2009.05.04 17:48:32.845,1.4981,1.4984,3.20,3.80
2009.05.04 17:48:34.374,1.4981,1.4984,5.60,3.80
2009.05.04 17:48:34.714,1.49815,1.4984,2.40,3.80
2009.05.04 17:48:39.393,1.4982,1.4984,2.40,3.80
2009.05.04 17:48:39.513,1.4982,1.4984,7.20,1.00
2009.05.04 17:48:44.002,1.4982,1.4984,4.80,3.80
2009.05.04 17:48:44.182,1.49815,1.4984,2.40,4.60
2009.05.04 17:48:44.242,1.4981,1.4984,12.80,6.20
2009.05.04 17:48:44.471,1.49815,1.49835,2.40,3.80
2009.05.04 17:48:44.522,1.4982,1.4984,4.80,6.20
2009.05.04 17:48:44.811,1.4982,1.4984,4.80,3.80
2009.05.04 17:48:45.732,1.4981,1.49835,6.40,3.80
2009.05.04 17:48:45.851,1.49795,1.49835,21.00,9.80
2009.05.04 17:48:46.201,1.498,1.4982,2.40,1.00
2009.05.04 17:48:46.311,1.498,1.4982,2.40,1.00
2009.05.04 17:48:46.601,1.4982,1.49825,4.80,1.40
2009.05.04 17:48:46.891,1.4982,1.4983,4.80,1.00
2009.05.04 17:48:48.341,1.49815,1.4982,6.00,1.00
2009.05.04 17:48:48.871,1.49815,1.4982,6.00,1.00
2009.05.04 17:48:49.390,1.49815,1.4982,6.00,1.00
2009.05.04 17:48:49.670,1.4981,1.4982,4.80,1.60
2009.05.04 17:48:50.120,1.49795,1.498,2.40,1.00
2009.05.04 17:48:50.770,1.4979,1.49805,2.40,2.00
2009.05.04 17:48:51.290,1.49785,1.49805,2.40,2.60
2009.05.04 17:48:51.640,1.49785,1.4981,2.40,13.80
2009.05.04 17:48:51.990,1.49785,1.4981,2.40,11.00
2009.05.04 17:48:53.499,1.49785,1.49805,2.40,9.80
2009.05.04 17:48:53.669,1.49785,1.49805,2.40,10.00
2009.05.04 17:48:56.139,1.4978,1.49795,2.40,1.20
2009.05.04 17:48:56.379,1.49775,1.4979,2.40,1.20
2009.05.04 17:48:56.609,1.49775,1.49785,2.40,1.60
2009.05.04 17:48:56.968,1.49775,1.49785,2.40,2.00
2009.05.04 17:48:57.249,1.49775,1.49785,2.40,1.00
2009.05.04 17:48:57.538,1.49775,1.49785,2.40,1.20
2009.05.04 17:49:03.087,1.4977,1.4978,2.40,1.00
2009.05.04 17:49:03.847,1.4977,1.4978,2.40,1.00
2009.05.04 17:49:04.247,1.4977,1.4979,2.40,4.00
2009.05.04 17:49:07.436,1.49775,1.4979,2.40,4.00
2009.05.04 17:49:07.606,1.49785,1.4979,2.40,4.00
2009.05.04 17:49:07.826,1.49775,1.49785,4.40,3.20
2009.05.04 17:49:08.226,1.49785,1.49805,2.40,6.60
2009.05.04 17:49:08.516,1.49785,1.49805,2.40,4.80
2009.05.04 17:49:22.902,1.49775,1.498,1.00,3.80
2009.05.04 17:49:23.022,1.4977,1.498,5.60,3.80
2009.05.04 17:49:34.010,1.4978,1.498,4.80,4.60
2009.05.04 17:49:34.120,1.4978,1.498,4.80,3.80
2009.05.04 17:49:34.659,1.4978,1.498,4.80,5.40
2009.05.04 17:49:34.779,1.4978,1.498,4.80,3.80
2009.05.04 17:49:34.839,1.4978,1.498,7.20,3.80
2009.05.04 17:49:34.949,1.4978,1.49805,7.20,3.80
2009.05.04 17:49:35.249,1.4978,1.49805,9.80,3.80
2009.05.04 17:49:35.419,1.4978,1.49805,7.20,3.80
2009.05.04 17:49:35.469,1.4978,1.498,6.40,3.80
2009.05.04 17:49:35.589,1.49775,1.498,11.40,3.80
2009.05.04 17:49:35.759,1.49775,1.498,11.40,4.60
2009.05.04 17:49:35.929,1.4978,1.498,4.80,6.20
2009.05.04 17:49:36.169,1.4978,1.498,4.80,3.80
2009.05.04 17:49:36.279,1.49775,1.498,5.60,5.40
2009.05.04 17:49:36.581,1.49775,1.498,8.20,6.20
2009.05.04 17:49:36.699,1.4978,1.498,4.80,3.80
2009.05.04 17:49:36.979,1.4978,1.498,8.00,3.80
2009.05.04 17:49:37.159,1.4978,1.49805,9.60,3.80
2009.05.04 17:49:37.569,1.4978,1.49805,5.60,3.80
2009.05.04 17:49:37.729,1.4978,1.49805,8.00,3.80
2009.05.04 17:49:37.908,1.4978,1.49805,9.60,3.80
2009.05.04 17:49:40.028,1.4978,1.498,4.80,3.80
2009.05.04 17:49:40.078,1.4978,1.498,7.20,3.80
2009.05.04 17:49:40.198,1.4978,1.49805,9.60,3.80
2009.05.04 17:49:40.778,1.4978,1.49805,7.20,3.80
2009.05.04 17:49:40.898,1.4978,1.49805,7.20,3.80
2009.05.04 17:49:40.958,1.4978,1.49805,8.00,3.80
2009.05.04 17:49:41.138,1.4978,1.49805,9.60,3.80
2009.05.04 17:49:41.728,1.4978,1.49805,8.00,3.80
2009.05.04 17:49:41.838,1.4978,1.49805,9.60,3.80
2009.05.04 17:49:42.238,1.4978,1.498,6.40,3.80
2009.05.04 17:49:42.468,1.4978,1.498,4.80,3.80
2009.05.04 17:49:42.757,1.4978,1.49805,8.80,3.80
2009.05.04 17:49:42.987,1.4978,1.498,7.20,3.80
2009.05.04 17:49:43.227,1.4978,1.498,4.80,3.80
2009.05.04 17:49:43.577,1.49775,1.498,4.80,6.20
2009.05.04 17:49:43.757,1.49775,1.498,7.20,6.20
2009.05.04 17:49:43.927,1.4978,1.498,4.80,3.80
2009.05.04 17:49:48.116,1.4978,1.498,4.80,5.40
2009.05.04 17:49:48.526,1.49775,1.498,4.80,6.20
2009.05.04 17:49:48.806,1.4978,1.498,4.80,4.60
2009.05.04 17:49:48.986,1.4978,1.498,4.80,3.80
2009.05.04 17:49:49.456,1.4978,1.49805,9.60,3.80
2009.05.04 17:49:49.626,1.4978,1.49805,7.20,3.80
2009.05.04 17:49:49.676,1.4978,1.49805,4.80,3.80
2009.05.04 17:49:49.796,1.4978,1.498,4.80,3.80
2009.05.04 17:49:50.196,1.4978,1.49805,8.80,3.80
2009.05.04 17:49:50.426,1.4978,1.49805,7.20,3.80
2009.05.04 17:49:50.536,1.4978,1.49805,6.40,3.80
2009.05.04 17:49:50.866,1.4978,1.498,4.80,3.80
2009.05.04 17:49:50.975,1.4978,1.498,8.80,3.80
2009.05.04 17:49:51.095,1.4978,1.49805,8.80,3.80
2009.05.04 17:49:51.215,1.4978,1.498,7.20,3.80
2009.05.04 17:49:51.505,1.4978,1.498,4.80,3.80
2009.05.04 17:49:51.665,1.4978,1.498,7.20,3.80
2009.05.04 17:49:51.845,1.4978,1.49805,9.60,3.80
2009.05.04 17:49:52.235,1.4978,1.498,7.20,3.80
2009.05.04 17:49:52.405,1.4978,1.49805,7.20,3.80
2009.05.04 17:49:52.635,1.4978,1.49805,9.60,3.80
2009.05.04 17:49:52.925,1.4978,1.49805,8.80,3.80
2009.05.04 17:49:53.095,1.4978,1.498,4.80,3.80
2009.05.04 17:49:53.775,1.4978,1.49805,5.60,3.80
2009.05.04 17:49:53.955,1.4978,1.49805,6.40,3.80
2009.05.04 17:49:54.175,1.4978,1.49805,8.80,3.80
2009.05.04 17:49:54.295,1.4978,1.49805,9.60,3.80
2009.05.04 17:49:54.465,1.4978,1.498,9.60,3.80
2009.05.04 17:49:54.695,1.4978,1.498,6.40,3.80
2009.05.04 17:49:54.864,1.4978,1.498,4.80,3.80
2009.05.04 17:49:55.164,1.4978,1.49805,5.60,3.80
2009.05.04 17:49:55.334,1.4978,1.498,7.20,3.80
2009.05.04 17:49:55.444,1.4978,1.498,4.80,3.80
2009.05.04 17:49:55.904,1.4978,1.49805,9.60,3.80
2009.05.04 17:49:56.024,1.4978,1.498,6.40,3.80
2009.05.04 17:49:56.314,1.4978,1.498,4.80,3.80
2009.05.04 17:49:56.604,1.4978,1.49805,7.20,3.80
2009.05.04 17:49:56.724,1.4978,1.49805,9.60,3.80
2009.05.04 17:49:57.074,1.4978,1.498,6.40,3.80
2009.05.04 17:49:57.304,1.4978,1.49805,8.00,3.80
2009.05.04 17:49:57.634,1.4978,1.49805,9.60,3.80
2009.05.04 17:49:57.864,1.4978,1.498,6.40,3.80
2009.05.04 17:50:00.013,1.4978,1.49805,7.20,3.80
2009.05.04 17:50:00.243,1.4978,1.498,6.40,3.80
2009.05.04 17:50:00.423,1.4978,1.498,4.80,3.80
2009.05.04 17:50:00.713,1.4978,1.49805,7.20,3.80
2009.05.04 17:50:00.893,1.4978,1.49805,9.60,3.80
2009.05.04 17:50:01.703,1.4978,1.498,9.60,3.80
2009.05.04 17:50:01.823,1.4978,1.498,7.20,3.80
2009.05.04 17:50:02.173,1.4978,1.49805,9.60,3.80
2009.05.04 17:50:02.513,1.4978,1.49805,6.40,3.80
2009.05.04 17:50:02.923,1.4978,1.498,4.80,3.80
2009.05.04 17:50:03.373,1.4978,1.49805,9.60,3.80
2009.05.04 17:50:03.783,1.4978,1.49805,8.80,3.80
2009.05.04 17:50:04.022,1.4978,1.49805,9.60,3.80
2009.05.04 17:50:04.632,1.4978,1.498,4.80,3.80
2009.05.04 17:50:04.982,1.49765,1.498,12.60,5.40
2009.05.04 17:50:05.212,1.49765,1.49795,3.20,5.40
2009.05.04 17:50:06.671,1.4976,1.49795,14.40,5.40
2009.05.04 17:50:10.611,1.4976,1.49795,14.40,5.00
2009.05.04 17:50:10.781,1.4976,1.49795,14.40,4.40
2009.05.04 17:50:12.600,1.4976,1.49795,14.40,4.20
2009.05.04 17:50:12.720,1.4976,1.49795,14.40,3.80
2009.05.04 17:50:16.309,1.4976,1.49795,14.40,4.20
2009.05.04 17:50:16.369,1.4976,1.49795,14.40,4.40
2009.05.04 17:50:17.579,1.49765,1.49795,3.20,4.40
2009.05.04 17:50:17.869,1.49765,1.49795,3.20,3.80
2009.05.04 17:50:32.225,1.49765,1.49795,4.00,3.80
2009.05.04 17:50:32.525,1.49765,1.49795,3.80,3.80
2009.05.04 17:50:37.894,1.49765,1.49795,3.40,3.80
2009.05.04 17:50:38.234,1.49765,1.49795,3.20,3.80
2009.05.04 17:50:56.529,1.49765,1.49795,3.40,3.80
2009.05.04 17:50:56.649,1.49765,1.49795,3.80,3.80
2009.05.04 17:50:56.989,1.49765,1.49795,4.00,3.80
2009.05.04 17:51:00.559,1.49765,1.49795,4.60,3.80
2009.05.04 17:51:00.799,1.4977,1.49795,3.20,3.80
2009.05.04 17:51:01.309,1.4978,1.49795,1.00,3.80
2009.05.04 17:51:01.528,1.4979,1.498,1.00,3.80
2009.05.04 17:51:02.278,1.4979,1.498,1.00,3.80
2009.05.04 17:51:02.878,1.4979,1.498,1.00,3.80
2009.05.04 17:51:03.358,1.4979,1.498,1.00,3.80
2009.05.04 17:51:03.758,1.49775,1.498,4.40,3.80
2009.05.04 17:51:03.988,1.4978,1.498,1.00,3.80
2009.05.04 17:51:04.228,1.4977,1.498,10.40,3.80
2009.05.04 17:51:04.507,1.4978,1.498,1.00,3.80
2009.05.04 17:51:08.687,1.4978,1.498,1.00,3.80
2009.05.04 17:51:09.076,1.4978,1.498,1.00,3.80
2009.05.04 17:51:10.006,1.49775,1.498,4.80,3.80
2009.05.04 17:51:10.296,1.49775,1.498,5.40,3.80
2009.05.04 17:51:10.706,1.49775,1.498,8.20,3.80
2009.05.04 17:51:11.166,1.49775,1.498,8.00,3.80
2009.05.04 17:51:11.516,1.49775,1.498,7.80,3.80
2009.05.04 17:51:11.756,1.49775,1.498,5.40,3.80
2009.05.04 17:51:16.215,1.4979,1.498,1.00,3.80
2009.05.04 17:51:16.555,1.4979,1.498,1.20,3.80
2009.05.04 17:51:16.845,1.4979,1.498,1.00,3.80
2009.05.04 17:51:17.075,1.4979,1.498,1.00,3.80
2009.05.04 17:51:17.364,1.4979,1.498,1.00,3.80
2009.05.04 17:51:18.394,1.4979,1.498,1.00,3.80
2009.05.04 17:51:25.942,1.4981,1.4983,1.00,3.80
2009.05.04 17:51:26.283,1.4981,1.49845,8.00,3.80
2009.05.04 17:51:26.932,1.49815,1.4984,4.00,4.00
2009.05.04 17:51:27.222,1.49825,1.4984,4.00,4.00
2009.05.04 17:51:27.572,1.49825,1.49855,4.80,7.80
2009.05.04 17:51:27.862,1.4982,1.49855,3.20,4.40
2009.05.04 17:51:28.122,1.4982,1.4985,3.20,3.80
2009.05.04 17:51:29.712,1.4982,1.49855,3.20,3.80
2009.05.04 17:51:30.331,1.4982,1.49845,3.20,3.80
2009.05.04 17:51:30.442,1.49815,1.4985,3.20,3.80
2009.05.04 17:51:31.531,1.49815,1.49855,3.20,7.80
2009.05.04 17:51:31.651,1.49815,1.4985,3.20,4.00
2009.05.04 17:51:46.298,1.49815,1.4985,7.20,4.00
2009.05.04 17:51:46.538,1.49825,1.4985,2.40,4.00
2009.05.04 17:51:46.997,1.49825,1.4985,2.40,3.80
2009.05.04 17:51:53.136,1.4982,1.4983,3.20,1.00
2009.05.04 17:51:53.426,1.49815,1.4983,3.20,1.00
2009.05.04 17:51:53.706,1.49815,1.49845,3.20,5.20
2009.05.04 17:51:53.996,1.4982,1.49845,3.20,5.20
2009.05.04 17:51:54.625,1.4982,1.49845,3.20,4.80
2009.05.04 17:51:55.645,1.4982,1.49845,3.20,5.00
2009.05.04 17:51:55.705,1.4982,1.49845,3.20,5.20
2009.05.04 17:51:55.755,1.4982,1.49835,3.20,1.00
2009.05.04 17:51:56.165,1.4982,1.4983,3.20,1.00
2009.05.04 17:51:57.345,1.4981,1.4982,7.60,1.00
2009.05.04 17:51:57.645,1.49815,1.4982,3.20,1.00
2009.05.04 17:51:58.055,1.49815,1.4983,3.20,1.00
2009.05.04 17:52:00.444,1.49815,1.4983,3.20,1.00
2009.05.04 17:52:00.904,1.49815,1.49835,3.20,1.00
2009.05.04 17:52:01.324,1.49815,1.49845,3.20,5.40
2009.05.04 17:52:01.544,1.4982,1.4984,3.20,1.00
2009.05.04 17:52:01.724,1.4982,1.4985,3.20,3.80
2009.05.04 17:52:03.303,1.4982,1.4984,3.20,1.00
2009.05.04 17:52:03.633,1.4982,1.49845,3.20,5.60
2009.05.04 17:52:03.753,1.4982,1.49845,3.20,5.80
2009.05.04 17:52:06.483,1.4982,1.4984,3.20,1.00
2009.05.04 17:52:06.713,1.4982,1.4984,3.20,1.00
2009.05.04 17:52:06.773,1.4982,1.4985,3.20,3.80
2009.05.04 17:52:07.812,1.4982,1.49855,3.20,8.40
2009.05.04 17:52:10.112,1.49815,1.4983,3.20,1.00
2009.05.04 17:52:10.552,1.4981,1.4983,3.20,1.00
2009.05.04 17:52:11.301,1.49805,1.4983,3.20,1.00
2009.05.04 17:52:11.632,1.49805,1.4983,3.20,4.00
2009.05.04 17:52:11.811,1.49805,1.4983,3.20,1.00
2009.05.04 17:52:11.971,1.498,1.4983,3.20,1.00
2009.05.04 17:52:12.351,1.498,1.4983,3.20,4.00
2009.05.04 17:52:12.471,1.49805,1.4983,3.20,3.60
2009.05.04 17:52:12.651,1.49805,1.4983,3.20,1.00
2009.05.04 17:52:13.161,1.49805,1.4983,3.20,1.00
2009.05.04 17:52:13.971,1.49805,1.4984,3.20,4.00
2009.05.04 17:52:20.999,1.49805,1.4984,3.20,3.80
2009.05.04 17:52:21.239,1.49805,1.49845,3.20,8.40
2009.05.04 17:52:21.359,1.4981,1.49845,3.20,7.80
2009.05.04 17:52:22.109,1.4981,1.4984,3.20,3.80
2009.05.04 17:52:22.849,1.49815,1.4984,3.20,3.80
2009.05.04 17:52:23.249,1.49815,1.49845,3.20,4.00
2009.05.04 17:52:23.708,1.49815,1.4985,3.20,11.00
2009.05.04 17:52:23.938,1.49815,1.4985,3.20,4.00
2009.05.04 17:52:26.738,1.49815,1.4984,3.20,1.00
2009.05.04 17:52:27.468,1.49815,1.49845,3.20,4.40
2009.05.04 17:52:28.297,1.49815,1.4984,3.20,1.00
2009.05.04 17:52:28.657,1.49815,1.49845,3.20,4.40
2009.05.04 17:52:29.177,1.49815,1.49855,3.20,19.00
2009.05.04 17:52:29.757,1.49815,1.4985,3.20,4.00
2009.05.04 17:52:35.256,1.49815,1.4985,3.20,7.80
2009.05.04 17:52:35.496,1.49815,1.4984,3.20,1.00
2009.05.04 17:52:35.616,1.49815,1.4984,3.20,1.00
2009.05.04 17:52:35.856,1.49815,1.49845,3.20,4.80
2009.05.04 17:52:35.975,1.49815,1.49845,3.20,8.40
2009.05.04 17:52:36.157,1.49815,1.49845,3.20,8.60
2009.05.04 17:52:36.265,1.4981,1.49845,3.20,8.80
2009.05.04 17:52:36.555,1.4981,1.49845,3.20,8.40
2009.05.04 17:52:39.764,1.4981,1.49845,3.20,8.20
2009.05.04 17:52:39.934,1.4981,1.49845,3.20,7.80
2009.05.04 17:52:44.573,1.49815,1.49845,3.20,7.80
2009.05.04 17:52:44.693,1.49815,1.49845,8.80,4.00
2009.05.04 17:52:44.803,1.49815,1.4985,8.80,3.80
2009.05.04 17:52:45.083,1.49815,1.4984,10.20,1.00
2009.05.04 17:52:45.193,1.4982,1.4985,3.20,3.80
2009.05.04 17:52:45.713,1.4982,1.49845,3.20,1.00
2009.05.04 17:52:45.933,1.4982,1.4984,3.20,1.00
2009.05.04 17:52:46.053,1.4982,1.4984,3.20,1.20
2009.05.04 17:52:46.683,1.4982,1.4984,3.20,1.00
2009.05.04 17:52:47.143,1.4982,1.4985,3.20,3.80
2009.05.04 17:52:47.533,1.4982,1.4984,3.20,1.00
2009.05.04 17:52:48.602,1.4982,1.4984,3.20,1.00
2009.05.04 17:52:48.992,1.4982,1.4984,3.20,1.00
2009.05.04 17:52:49.282,1.4982,1.4984,3.20,1.00
2009.05.04 17:52:49.752,1.4982,1.4984,3.20,1.20
2009.05.04 17:52:51.272,1.4982,1.4984,3.20,1.00
2009.05.04 17:52:52.112,1.4982,1.4984,3.20,1.00
2009.05.04 17:52:52.451,1.4982,1.4984,3.20,1.00
2009.05.04 17:52:55.811,1.4982,1.49845,3.20,1.00
2009.05.04 17:52:55.981,1.49825,1.49855,3.20,4.40
2009.05.04 17:52:56.151,1.49825,1.49855,3.20,4.20
2009.05.04 17:52:56.321,1.49825,1.4986,3.20,7.80
2009.05.04 17:52:56.610,1.49825,1.49855,3.20,3.80
2009.05.04 17:53:02.629,1.49825,1.4985,3.20,3.80
2009.05.04 17:53:02.919,1.49825,1.4984,3.20,1.00
2009.05.04 17:53:03.479,1.49825,1.4984,3.20,1.00
2009.05.04 17:53:07.028,1.49825,1.4984,3.20,1.00
2009.05.04 17:53:09.127,1.49825,1.4984,3.20,1.00
2009.05.04 17:53:09.597,1.4982,1.49845,3.20,6.00
2009.05.04 17:53:10.047,1.4982,1.49845,3.20,6.20
2009.05.04 17:53:10.347,1.4982,1.49835,3.20,1.00
2009.05.04 17:53:10.527,1.4982,1.4983,3.20,1.00
2009.05.04 17:53:10.997,1.4982,1.4983,3.20,1.00
2009.05.04 17:53:12.027,1.4982,1.49845,3.20,6.40
2009.05.04 17:53:18.445,1.4982,1.49845,3.20,5.20
2009.05.04 17:53:18.555,1.4982,1.49845,3.20,3.80
2009.05.04 17:53:19.065,1.49825,1.49855,3.20,11.40
2009.05.04 17:53:19.175,1.49825,1.49855,3.20,3.80
2009.05.04 17:53:19.465,1.4983,1.4986,3.20,3.80
2009.05.04 17:53:19.975,1.4983,1.4986,3.20,7.80
2009.05.04 17:53:21.414,1.4983,1.49855,3.20,4.40
2009.05.04 17:53:21.814,1.4983,1.49855,3.20,5.20
2009.05.04 17:53:25.943,1.4983,1.49855,3.20,5.00
2009.05.04 17:53:26.113,1.4983,1.49855,3.20,4.80
2009.05.04 17:53:30.892,1.49825,1.49855,3.20,5.20
2009.05.04 17:53:31.052,1.49825,1.49855,3.20,5.20
2009.05.04 17:53:31.282,1.49825,1.49855,3.20,5.40
2009.05.04 17:53:31.342,1.49825,1.4985,3.20,3.80
2009.05.04 17:53:31.552,1.49825,1.4984,3.20,1.00
2009.05.04 17:53:31.672,1.49825,1.49855,3.20,5.60
2009.05.04 17:53:31.732,1.49825,1.49855,3.20,5.40
2009.05.04 17:53:32.122,1.49825,1.4984,3.20,1.00
2009.05.04 17:53:33.151,1.49825,1.4984,3.20,1.00
2009.05.04 17:53:35.421,1.4982,1.4984,3.20,1.00
2009.05.04 17:53:37.480,1.4982,1.4984,3.20,1.20
2009.05.04 17:53:37.710,1.4982,1.4984,3.20,1.00
2009.05.04 17:53:37.830,1.4982,1.4984,3.20,1.00
2009.05.04 17:53:38.580,1.4982,1.4984,3.20,1.00
2009.05.04 17:53:41.669,1.4982,1.4984,3.20,1.00
2009.05.04 17:53:44.459,1.4982,1.49845,3.20,5.40
2009.05.04 17:53:44.849,1.4982,1.49845,3.20,5.60
2009.05.04 17:53:44.909,1.4982,1.49845,3.20,5.80
2009.05.04 17:53:45.658,1.4982,1.4984,3.20,1.20
2009.05.04 17:53:52.307,1.4982,1.4983,3.20,1.00
2009.05.04 17:53:58.035,1.4982,1.4983,3.20,1.00
2009.05.04 17:53:58.145,1.4982,1.4983,3.20,1.00
2009.05.04 17:53:58.366,1.49815,1.4983,3.20,1.00
2009.05.04 17:53:58.695,1.49815,1.4983,3.20,1.00
2009.05.04 17:53:58.815,1.49815,1.4983,3.20,1.00
2009.05.04 17:53:59.335,1.4982,1.4983,3.20,1.00
2009.05.04 17:54:00.715,1.4981,1.4982,7.60,1.00
2009.05.04 17:54:00.955,1.49815,1.4982,3.20,1.00
2009.05.04 17:54:01.065,1.49815,1.49825,3.20,1.00
2009.05.04 17:54:01.475,1.4982,1.4984,3.20,3.80
2009.05.04 17:54:01.655,1.4982,1.4984,3.20,1.00
2009.05.04 17:54:02.295,1.4982,1.4984,3.20,1.00
2009.05.04 17:54:02.864,1.4982,1.4984,3.20,1.00
2009.05.04 17:54:03.154,1.4982,1.4984,3.20,1.00
2009.05.04 17:54:03.504,1.4982,1.49845,3.20,5.80
2009.05.04 17:54:03.974,1.4982,1.49845,3.20,6.00
2009.05.04 17:54:04.324,1.4982,1.4983,3.20,1.00
2009.05.04 17:54:05.264,1.4982,1.4985,3.20,6.00
2009.05.04 17:54:06.444,1.4981,1.49845,12.00,6.00
2009.05.04 17:54:06.664,1.49815,1.49845,2.80,6.00
2009.05.04 17:54:09.912,1.49815,1.49845,3.20,6.00
2009.05.04 17:54:11.092,1.4981,1.49845,12.00,6.00
2009.05.04 17:54:11.372,1.4981,1.49845,12.00,6.20
2009.05.04 17:54:11.432,1.4981,1.49845,12.00,6.40
2009.05.04 17:54:20.700,1.4981,1.4983,12.00,1.00
2009.05.04 17:54:21.110,1.4981,1.49845,12.00,6.40
2009.05.04 17:54:21.520,1.4981,1.49845,12.00,3.80
2009.05.04 17:54:23.639,1.4981,1.49835,12.00,1.00
2009.05.04 17:54:23.809,1.4981,1.4983,12.00,1.00
2009.05.04 17:54:24.289,1.4981,1.4983,12.00,1.00
2009.05.04 17:54:24.639,1.4981,1.4983,8.00,1.00
2009.05.04 17:54:24.879,1.4981,1.4983,10.40,1.00
2009.05.04 17:54:25.959,1.4981,1.49845,10.40,6.40
2009.05.04 17:54:26.719,1.4981,1.49845,12.00,6.40
2009.05.04 17:54:30.208,1.4981,1.49845,12.00,6.60
2009.05.04 17:54:30.447,1.4981,1.49845,12.00,6.40
2009.05.04 17:54:35.936,1.4981,1.4983,12.00,1.00
2009.05.04 17:54:36.166,1.4981,1.4983,12.00,1.00
2009.05.04 17:54:37.736,1.4981,1.4983,12.00,1.00
2009.05.04 17:54:38.076,1.4981,1.4983,12.00,1.00
2009.05.04 17:54:38.416,1.4981,1.4983,12.00,1.00
2009.05.04 17:54:39.415,1.4981,1.4983,12.00,1.00
2009.05.04 17:54:39.935,1.4981,1.4983,9.60,1.00
2009.05.04 17:54:40.157,1.4981,1.4983,4.80,1.20
2009.05.04 17:54:40.735,1.4981,1.49825,4.80,1.00
2009.05.04 17:54:40.915,1.4981,1.4982,4.80,1.00
2009.05.04 17:54:41.035,1.4981,1.4982,4.80,1.00
2009.05.04 17:54:43.095,1.4981,1.4982,4.80,1.20
2009.05.04 17:54:43.455,1.498,1.4981,6.00,1.00
2009.05.04 17:54:43.805,1.49765,1.49785,4.80,1.00
2009.05.04 17:54:44.044,1.4976,1.4978,4.40,1.00
2009.05.04 17:54:44.744,1.4974,1.4978,2.40,4.00
2009.05.04 17:54:45.894,1.4975,1.4978,9.60,4.00
2009.05.04 17:54:48.293,1.49725,1.4975,10.40,1.00
2009.05.04 17:54:48.813,1.49725,1.49755,10.40,4.60
2009.05.04 17:54:49.113,1.49725,1.49755,10.20,4.60
2009.05.04 17:54:49.793,1.49725,1.49755,10.20,4.80
2009.05.04 17:54:50.063,1.49725,1.49755,10.20,4.80
2009.05.04 17:54:50.303,1.49725,1.49755,10.20,4.60
2009.05.04 17:54:50.643,1.49725,1.4975,10.20,1.00
2009.05.04 17:54:51.003,1.49725,1.4975,9.80,1.00
2009.05.04 17:54:51.413,1.49725,1.4975,9.60,1.00
2009.05.04 17:54:51.992,1.49725,1.4975,9.60,1.00
2009.05.04 17:54:52.462,1.49725,1.4976,9.60,5.20
2009.05.04 17:54:52.683,1.49725,1.4976,9.60,4.00
2009.05.04 17:54:53.203,1.49725,1.4977,9.60,13.40
2009.05.04 17:54:53.582,1.49725,1.4976,13.40,4.00
2009.05.04 17:54:53.922,1.49725,1.4977,13.40,16.00
2009.05.04 17:54:54.962,1.49725,1.49765,13.20,3.40
2009.05.04 17:54:55.142,1.4973,1.49765,6.40,4.00
2009.05.04 17:54:55.772,1.49735,1.49775,2.40,4.00
2009.05.04 17:54:56.003,1.49735,1.4978,2.40,4.00
2009.05.04 17:54:56.242,1.49735,1.4978,4.00,4.00
2009.05.04 17:54:56.591,1.49745,1.49785,2.40,7.20
2009.05.04 17:54:56.891,1.49745,1.49785,5.80,4.00
2009.05.04 17:54:57.411,1.49745,1.4979,3.20,4.00
2009.05.04 17:54:57.751,1.4974,1.49785,4.80,4.40
2009.05.04 17:54:58.091,1.4974,1.49785,3.20,5.20
2009.05.04 17:54:58.611,1.4974,1.4978,3.20,4.00
2009.05.04 17:55:02.301,1.4974,1.49785,3.20,4.80
2009.05.04 17:55:02.651,1.4974,1.4978,7.20,1.00
2009.05.04 17:55:03.070,1.4974,1.49785,3.20,4.80
2009.05.04 17:55:03.300,1.4974,1.4978,3.20,4.00
2009.05.04 17:55:05.359,1.4974,1.49775,3.20,1.00
2009.05.04 17:55:05.469,1.4974,1.4977,3.20,1.00
2009.05.04 17:55:05.639,1.4974,1.4977,1.60,1.00
2009.05.04 17:55:06.039,1.4973,1.4976,8.00,1.00
2009.05.04 17:55:06.329,1.4973,1.4976,3.20,1.00
2009.05.04 17:55:06.619,1.4973,1.4975,3.20,1.00
2009.05.04 17:55:07.289,1.4973,1.49765,3.20,4.80
2009.05.04 17:55:08.049,1.4973,1.4975,3.20,1.00
2009.05.04 17:55:08.489,1.4973,1.49765,3.20,4.80
2009.05.04 17:55:08.778,1.4973,1.4975,3.20,1.00
2009.05.04 17:55:09.158,1.4974,1.4975,7.20,1.00
2009.05.04 17:55:09.398,1.4974,1.49755,7.20,1.00
2009.05.04 17:55:09.788,1.4974,1.4976,4.80,1.00
2009.05.04 17:55:10.258,1.4974,1.4976,4.80,1.00
2009.05.04 17:55:10.668,1.4974,1.4976,4.80,1.20
2009.05.04 17:55:11.998,1.4974,1.4976,7.20,1.20
2009.05.04 17:55:12.278,1.4974,1.4976,7.20,1.00
2009.05.04 17:55:12.447,1.4974,1.4976,7.20,1.00
2009.05.04 17:55:13.947,1.4974,1.4977,7.20,3.80
2009.05.04 17:55:15.047,1.4974,1.4976,7.20,1.00
2009.05.04 17:55:15.677,1.4974,1.4977,7.20,3.80
2009.05.04 17:55:22.785,1.49745,1.49775,4.80,4.40
2009.05.04 17:55:23.365,1.49745,1.49775,4.80,3.80
2009.05.04 17:55:23.525,1.49745,1.49775,5.60,3.80
2009.05.04 17:55:23.935,1.4975,1.49785,4.80,10.80
2009.05.04 17:55:24.105,1.4976,1.49785,1.00,10.20
2009.05.04 17:55:24.455,1.49755,1.4978,5.60,1.60
2009.05.04 17:55:24.864,1.49755,1.4978,4.80,1.60
2009.05.04 17:55:25.085,1.4975,1.4978,4.80,1.60
2009.05.04 17:55:25.315,1.4975,1.4978,4.80,1.80
2009.05.04 17:55:25.435,1.4975,1.4978,4.80,6.60
2009.05.04 17:55:25.544,1.4975,1.4977,4.80,2.60
2009.05.04 17:55:26.044,1.4975,1.4978,4.80,1.80
2009.05.04 17:55:26.554,1.4975,1.4979,4.80,5.40
2009.05.04 17:55:29.923,1.49745,1.4979,11.00,7.00
2009.05.04 17:55:30.044,1.49745,1.4977,5.80,3.80
2009.05.04 17:55:30.323,1.4975,1.4977,1.20,3.80
2009.05.04 17:55:31.493,1.4975,1.4977,1.00,3.80
2009.05.04 17:55:31.773,1.49745,1.4977,1.00,3.80
2009.05.04 17:55:31.833,1.4974,1.4977,10.40,3.80
2009.05.04 17:55:32.973,1.4974,1.4977,7.20,3.80
2009.05.04 17:55:33.212,1.4974,1.4976,7.20,1.00
2009.05.04 17:55:33.452,1.4974,1.4976,7.20,1.00
2009.05.04 17:55:34.202,1.4974,1.4976,4.80,1.00
2009.05.04 17:55:34.842,1.4974,1.4977,4.80,3.80
2009.05.04 17:55:35.062,1.4974,1.4977,7.20,5.40
2009.05.04 17:55:35.292,1.4974,1.4977,7.20,3.80
2009.05.04 17:55:35.882,1.4974,1.4976,7.20,1.00
2009.05.04 17:55:58.217,1.4975,1.49785,8.00,5.20
2009.05.04 17:55:59.196,1.4975,1.49785,8.00,5.20
2009.05.04 17:55:59.416,1.4975,1.49785,8.00,5.40
2009.05.04 17:55:59.706,1.49755,1.49785,2.40,5.00
2009.05.04 17:55:59.936,1.49755,1.4978,2.40,1.00
2009.05.04 17:56:04.185,1.49755,1.4978,3.20,1.00
2009.05.04 17:56:08.974,1.49755,1.49785,3.20,1.00
2009.05.04 17:56:09.094,1.49755,1.4978,3.20,1.00
2009.05.04 17:56:12.253,1.49755,1.4979,3.20,3.80
2009.05.04 17:56:13.993,1.49755,1.4978,3.20,1.00
2009.05.04 17:56:23.620,1.49755,1.4978,3.20,1.00
2009.05.04 17:56:24.080,1.49755,1.4978,3.20,1.00
2009.05.04 17:56:25.190,1.49755,1.49775,3.20,1.00
2009.05.04 17:56:25.310,1.49755,1.4977,3.20,1.00
2009.05.04 17:56:25.790,1.49755,1.49775,3.20,1.00
2009.05.04 17:56:25.900,1.49755,1.4978,3.20,1.00
2009.05.04 17:56:26.140,1.4975,1.4978,8.00,1.00
2009.05.04 17:56:26.200,1.4975,1.49785,8.00,5.40
2009.05.04 17:56:28.719,1.4975,1.49785,8.00,5.80
2009.05.04 17:56:28.999,1.4975,1.49785,8.00,6.00
2009.05.04 17:56:34.058,1.4976,1.49795,3.20,3.80
2009.05.04 17:56:36.427,1.4976,1.49795,3.20,4.20
2009.05.04 17:56:36.487,1.4976,1.49795,3.20,4.40
2009.05.04 17:56:40.696,1.4976,1.49795,3.20,4.60
2009.05.04 17:56:40.976,1.4976,1.49795,3.20,4.80
2009.05.04 17:56:41.846,1.4976,1.49795,3.20,4.60
2009.05.04 17:56:42.026,1.4976,1.49795,3.20,4.40
2009.05.04 17:56:47.584,1.4976,1.49795,3.20,8.80
2009.05.04 17:56:48.094,1.4976,1.49795,3.20,4.80
2009.05.04 17:56:49.014,1.4976,1.49795,3.20,4.60
2009.05.04 17:56:49.244,1.4976,1.49795,3.20,4.40
2009.05.04 17:56:52.313,1.4976,1.49795,3.20,3.80
2009.05.04 17:56:52.483,1.4976,1.498,3.20,7.80
2009.05.04 17:56:52.823,1.49765,1.49805,3.20,13.40
2009.05.04 17:56:53.043,1.49765,1.49805,3.20,11.00
2009.05.04 17:56:53.393,1.49765,1.49805,3.20,4.00
2009.05.04 17:56:56.832,1.49765,1.49805,3.20,8.20
2009.05.04 17:56:57.184,1.49765,1.49805,3.20,8.80
2009.05.04 17:56:57.422,1.49765,1.49805,3.20,8.60
2009.05.04 17:56:57.762,1.49765,1.49805,3.20,8.40
2009.05.04 17:56:58.832,1.49765,1.49805,3.20,7.80
2009.05.04 17:57:05.350,1.4977,1.498,3.20,1.00
2009.05.04 17:57:07.390,1.4977,1.49805,3.20,4.60
2009.05.04 17:57:07.999,1.4977,1.498,3.20,3.40
2009.05.04 17:57:08.220,1.4977,1.498,3.20,1.00
2009.05.04 17:57:08.980,1.4977,1.49805,3.20,4.60
2009.05.04 17:57:09.199,1.4977,1.498,3.20,1.00
2009.05.04 17:57:13.148,1.49775,1.498,3.80,1.00
2009.05.04 17:57:13.208,1.4978,1.4979,4.80,1.00
2009.05.04 17:57:13.438,1.49775,1.4979,12.60,1.00
2009.05.04 17:57:13.608,1.49775,1.4979,8.60,1.00
2009.05.04 17:57:13.778,1.49775,1.4979,8.00,1.00
2009.05.04 17:57:14.108,1.49775,1.498,8.00,1.00
2009.05.04 17:57:14.458,1.49775,1.498,8.00,1.00
2009.05.04 17:57:14.628,1.49775,1.498,8.00,1.00
2009.05.04 17:57:14.968,1.49775,1.498,8.40,1.00
2009.05.04 17:57:15.148,1.49775,1.498,8.80,1.00
2009.05.04 17:57:15.437,1.49775,1.498,8.80,1.00
2009.05.04 17:57:15.898,1.49775,1.498,8.40,1.00
2009.05.04 17:57:16.008,1.49775,1.498,8.00,1.00
2009.05.04 17:57:18.047,1.49775,1.498,8.00,1.00
2009.05.04 17:57:18.577,1.49775,1.498,8.00,1.00
2009.05.04 17:57:19.047,1.49775,1.498,8.00,1.00
2009.05.04 17:57:19.627,1.49775,1.498,8.00,1.00
2009.05.04 17:57:20.446,1.49775,1.498,8.00,1.00
2009.05.04 17:57:20.736,1.49775,1.4981,8.00,3.80
2009.05.04 17:57:24.006,1.49775,1.4981,10.40,3.80
2009.05.04 17:57:24.226,1.49785,1.4981,2.40,3.80
2009.05.04 17:57:24.526,1.4979,1.4981,4.80,3.80
2009.05.04 17:57:30.924,1.4979,1.49805,4.80,1.00
2009.05.04 17:57:31.164,1.49785,1.49805,7.20,4.20
2009.05.04 17:57:31.284,1.4979,1.498,4.80,1.00
2009.05.04 17:57:33.103,1.4979,1.4981,4.80,3.80
2009.05.04 17:57:37.952,1.49785,1.49805,4.80,3.80
2009.05.04 17:57:38.122,1.49785,1.49805,4.80,4.40
2009.05.04 17:57:38.232,1.4979,1.498,4.80,1.00
2009.05.04 17:57:40.641,1.4979,1.4981,4.80,3.80
2009.05.04 17:57:42.391,1.4979,1.49805,4.80,1.00
2009.05.04 17:57:42.451,1.4979,1.498,4.80,1.00
2009.05.04 17:57:42.691,1.49785,1.49805,4.80,4.40
2009.05.04 17:57:42.751,1.49785,1.49805,7.20,4.40
2009.05.04 17:57:42.981,1.4979,1.498,4.80,1.00
2009.05.04 17:57:43.331,1.4979,1.4981,4.80,5.40
2009.05.04 17:57:43.781,1.4979,1.4981,4.80,3.80
2009.05.04 17:57:47.430,1.4979,1.4981,4.80,5.40
2009.05.04 17:57:47.730,1.49785,1.49805,4.80,3.80
2009.05.04 17:57:47.850,1.4979,1.4981,4.80,6.20
2009.05.04 17:57:47.960,1.4979,1.4981,4.80,3.80
2009.05.04 17:57:48.200,1.4979,1.498,4.80,1.00
2009.05.04 17:57:49.129,1.4979,1.4981,4.80,3.80
2009.05.04 17:57:49.719,1.4979,1.498,4.80,1.20
2009.05.04 17:57:50.119,1.4979,1.498,4.80,1.00
2009.05.04 17:57:50.999,1.4979,1.498,4.80,1.20
2009.05.04 17:57:51.339,1.4979,1.498,4.80,1.00
2009.05.04 17:57:52.089,1.4979,1.498,4.80,1.00
2009.05.04 17:57:52.319,1.4979,1.498,4.80,1.00
2009.05.04 17:57:52.659,1.49785,1.49805,7.20,5.20
2009.05.04 17:57:52.769,1.4979,1.498,4.80,1.00
2009.05.04 17:57:53.808,1.4979,1.498,4.80,1.00
2009.05.04 17:57:54.098,1.4979,1.498,4.80,1.00
2009.05.04 17:57:54.328,1.4979,1.4981,4.80,3.80
2009.05.04 17:57:54.388,1.4979,1.49805,4.80,1.00
2009.05.04 17:57:54.668,1.4979,1.4981,4.80,3.80
2009.05.04 17:57:54.898,1.4979,1.498,4.80,1.00
2009.05.04 17:57:56.268,1.4979,1.49805,4.80,1.00
2009.05.04 17:57:56.448,1.4979,1.4981,4.80,3.80
2009.05.04 17:57:58.287,1.4979,1.498,4.80,1.00
2009.05.04 17:57:58.347,1.49785,1.49805,4.80,4.00
2009.05.04 17:57:58.457,1.49785,1.49805,4.80,4.80
2009.05.04 17:57:58.737,1.49785,1.49805,7.20,4.80
2009.05.04 17:57:58.917,1.4979,1.498,4.80,1.00
2009.05.04 17:57:59.217,1.49785,1.49805,4.80,4.80
2009.05.04 17:57:59.337,1.49785,1.49805,4.80,5.20
2009.05.04 17:57:59.627,1.4979,1.498,4.80,1.00
2009.05.04 17:58:00.097,1.4978,1.498,7.80,1.00
2009.05.04 17:58:00.257,1.4978,1.49805,7.80,5.20
2009.05.04 17:58:00.436,1.49775,1.49805,12.00,5.20
2009.05.04 17:58:00.597,1.49775,1.49805,8.00,5.20
2009.05.04 17:58:01.637,1.49775,1.49805,8.00,5.00
2009.05.04 17:58:01.926,1.49775,1.49805,8.00,4.80
2009.05.04 17:58:02.386,1.49775,1.49805,4.80,4.80
2009.05.04 17:58:02.446,1.4977,1.4979,10.40,1.00
2009.05.04 17:58:02.506,1.4977,1.4979,10.40,1.00
2009.05.04 17:58:03.036,1.4977,1.4979,7.20,1.20
2009.05.04 17:58:03.336,1.4977,1.49785,7.20,1.00
2009.05.04 17:58:03.506,1.4977,1.4978,7.20,1.00
2009.05.04 17:58:03.686,1.4977,1.49785,7.20,1.00
2009.05.04 17:58:03.866,1.4977,1.4979,7.20,1.20
2009.05.04 17:58:05.395,1.4977,1.4979,7.20,1.40
2009.05.04 17:58:05.575,1.4977,1.4978,7.20,1.00
2009.05.04 17:58:08.465,1.4977,1.4978,2.40,1.00
2009.05.04 17:58:08.635,1.49765,1.4978,2.40,1.00
2009.05.04 17:58:08.865,1.49765,1.4978,2.40,1.00
2009.05.04 17:58:08.985,1.49765,1.4978,2.40,1.20
2009.05.04 17:58:09.045,1.49765,1.49785,2.40,5.80
2009.05.04 17:58:09.305,1.4976,1.49785,2.40,5.80
2009.05.04 17:58:09.815,1.4976,1.49785,2.40,10.00
2009.05.04 17:58:10.044,1.4976,1.49785,2.40,6.00
2009.05.04 17:58:10.394,1.4976,1.49785,2.40,6.20
2009.05.04 17:58:10.734,1.4976,1.4977,2.40,1.00
2009.05.04 17:58:10.904,1.4976,1.4977,2.40,1.00
2009.05.04 17:58:11.014,1.4976,1.4977,2.40,1.00
2009.05.04 17:58:13.144,1.4976,1.4977,2.40,1.00
2009.05.04 17:58:16.713,1.4976,1.4977,2.40,1.00
2009.05.04 17:58:20.992,1.4976,1.4977,2.40,1.00
2009.05.04 17:58:22.312,1.4976,1.4977,2.40,1.00
2009.05.04 17:58:22.551,1.4976,1.4977,2.40,1.00
2009.05.04 17:58:24.831,1.4976,1.4977,2.40,1.20
2009.05.04 17:58:25.061,1.4976,1.49765,2.40,1.00
2009.05.04 17:58:25.171,1.49755,1.49765,6.40,1.00
2009.05.04 17:58:25.231,1.49755,1.49765,6.40,1.00
2009.05.04 17:58:25.291,1.49755,1.4976,2.40,1.00
2009.05.04 17:58:25.460,1.49755,1.4976,2.40,1.00
2009.05.04 17:58:26.020,1.49755,1.4976,2.40,1.00
2009.05.04 17:58:27.220,1.49755,1.49765,2.40,1.00
2009.05.04 17:58:27.280,1.49755,1.49775,2.40,5.20
2009.05.04 17:58:30.550,1.49755,1.49775,2.40,5.00
2009.05.04 17:58:30.609,1.49755,1.49775,2.40,4.80
2009.05.04 17:58:32.479,1.49755,1.49775,2.40,5.00
2009.05.04 17:58:32.599,1.49755,1.49775,2.40,5.20
2009.05.04 17:58:34.079,1.4976,1.49775,2.40,5.20
2009.05.04 17:58:34.368,1.4976,1.49775,2.40,4.20
2009.05.04 17:58:34.599,1.49765,1.49775,2.40,4.20
2009.05.04 17:58:34.778,1.4976,1.4977,2.40,1.00
2009.05.04 17:58:35.628,1.4976,1.4978,2.40,3.80
2009.05.04 17:58:41.807,1.4976,1.4978,2.40,3.80
2009.05.04 17:58:46.468,1.4976,1.4978,6.40,3.80
2009.05.04 17:58:46.526,1.49765,1.4978,2.40,3.80
2009.05.04 17:58:55.553,1.4978,1.49785,3.00,4.20
2009.05.04 17:58:55.673,1.4978,1.49785,2.40,4.20
2009.05.04 17:58:55.843,1.4978,1.4979,2.40,2.10
2009.05.04 17:58:55.963,1.49775,1.4978,6.40,1.00
2009.05.04 17:58:56.183,1.49775,1.4979,2.40,3.80
2009.05.04 17:58:58.853,1.4977,1.4979,6.20,3.80
2009.05.04 17:58:58.963,1.4977,1.4979,3.00,3.80
2009.05.04 17:58:59.442,1.49755,1.4979,10.40,3.80
2009.05.04 17:59:02.532,1.49745,1.4978,9.40,3.80
2009.05.04 17:59:02.702,1.49745,1.4978,9.60,3.80
2009.05.04 17:59:04.431,1.4975,1.4978,3.20,3.80
2009.05.04 17:59:04.601,1.4975,1.49785,3.20,8.40
2009.05.04 17:59:04.661,1.4975,1.4978,8.00,3.40
2009.05.04 17:59:04.781,1.4975,1.4978,8.00,3.60
2009.05.04 17:59:05.011,1.4975,1.4978,8.00,1.00
2009.05.04 17:59:05.131,1.4975,1.49785,3.20,4.80
2009.05.04 17:59:05.721,1.4975,1.49785,3.20,4.40
2009.05.04 17:59:15.508,1.4975,1.49785,3.20,4.40
2009.05.04 17:59:15.738,1.4975,1.49785,3.20,4.20
2009.05.04 17:59:20.057,1.4975,1.49785,8.00,4.80
2009.05.04 17:59:20.987,1.4975,1.49785,8.00,4.40
2009.05.04 17:59:21.047,1.49755,1.49785,3.20,4.40
2009.05.04 17:59:21.227,1.49755,1.49785,3.20,3.80
2009.05.04 17:59:21.677,1.49755,1.49785,3.20,4.40
2009.05.04 17:59:23.247,1.49755,1.49785,3.20,4.80
2009.05.04 17:59:31.425,1.49755,1.49785,3.20,4.20
2009.05.04 17:59:47.271,1.49755,1.49785,3.20,4.40
2009.05.04 17:59:47.501,1.49755,1.49785,3.20,4.20
2009.05.04 17:59:50.390,1.49755,1.49785,5.60,4.20
2009.05.04 17:59:50.690,1.49765,1.4979,1.00,3.80
2009.05.04 17:59:50.970,1.4977,1.4979,1.00,3.80
2009.05.04 17:59:51.270,1.4977,1.4979,1.00,3.80
2009.05.04 17:59:51.500,1.49755,1.4979,10.40,3.80
2009.05.04 17:59:51.745,1.49755,1.4979,10.80,3.80
2009.05.04 17:59:53.000,1.49755,1.4979,10.40,3.80
2009.05.04 17:59:53.400,1.49765,1.4979,3.20,3.80
2009.05.04 17:59:54.549,1.49775,1.49795,3.20,4.00
2009.05.04 17:59:54.829,1.4978,1.498,3.20,4.00
2009.05.04 17:59:55.189,1.4978,1.4981,3.20,7.80
2009.05.04 17:59:55.309,1.4978,1.4981,4.80,3.80
2009.05.04 17:59:55.639,1.49785,1.4981,3.20,3.80
