2016.02.01 18:00:00.424,1.43857,1.43869,2.62,1.82
2016.02.01 18:00:01.803,1.43857,1.43868,1.57,1.07
2016.02.01 18:00:02.315,1.43857,1.43868,1.12,1.12
2016.02.01 18:00:02.872,1.43857,1.43868,1.27,1.45
2016.02.01 18:00:03.418,1.43858,1.43868,1.00,1.45
2016.02.01 18:00:03.946,1.43858,1.43868,1.00,1.12
2016.02.01 18:00:04.939,1.43855,1.43866,1.12,1.27
2016.02.01 18:00:05.092,1.43854,1.43866,1.87,3.37
2016.02.01 18:00:05.753,1.43856,1.43866,2.02,1.20
2016.02.01 18:00:06.601,1.43856,1.43867,2.40,1.87
2016.02.01 18:00:08.170,1.43857,1.43866,1.12,1.87
2016.02.01 18:00:08.618,1.43857,1.43867,1.00,1.57
2016.02.01 18:00:08.875,1.43859,1.43868,1.00,1.12
2016.02.01 18:00:09.221,1.43863,1.43873,2.32,1.12
2016.02.01 18:00:09.273,1.43863,1.43875,2.40,1.87
2016.02.01 18:00:10.126,1.43866,1.43873,2.25,1.20
2016.02.01 18:00:12.231,1.43866,1.43875,2.25,1.07
2016.02.01 18:00:12.743,1.43866,1.43874,2.25,1.45
2016.02.01 18:00:13.099,1.43867,1.43874,2.25,1.45
2016.02.01 18:00:14.525,1.43867,1.43874,2.25,4.50
2016.02.01 18:00:14.628,1.43863,1.43871,1.50,1.00
2016.02.01 18:00:17.171,1.43862,1.43873,3.07,1.57
2016.02.01 18:00:17.675,1.43863,1.43872,1.00,1.20
2016.02.01 18:00:17.778,1.43863,1.4387,1.00,1.00
2016.02.01 18:00:18.086,1.43863,1.43868,1.00,1.12
2016.02.01 18:00:18.391,1.43864,1.43874,1.12,1.12
2016.02.01 18:00:18.443,1.43866,1.43874,1.00,1.12
2016.02.01 18:00:18.494,1.43866,1.43876,1.57,1.20
2016.02.01 18:00:18.597,1.4387,1.43876,1.00,1.50
2016.02.01 18:00:18.750,1.4387,1.4388,1.20,2.25
2016.02.01 18:00:19.257,1.4387,1.43881,1.87,2.25
2016.02.01 18:00:19.771,1.43871,1.43881,3.15,1.45
2016.02.01 18:00:19.823,1.43874,1.43882,1.00,2.25
2016.02.01 18:00:20.030,1.43877,1.43887,4.42,1.12
2016.02.01 18:00:20.234,1.43881,1.43891,1.12,1.87
2016.02.01 18:00:20.287,1.43881,1.43892,1.12,1.12
2016.02.01 18:00:20.338,1.43883,1.43893,1.37,1.87
2016.02.01 18:00:20.389,1.43883,1.43895,1.65,1.75
2016.02.01 18:00:20.593,1.43884,1.43896,1.07,1.20
2016.02.01 18:00:20.949,1.43886,1.43896,1.07,1.10
2016.02.01 18:00:21.506,1.43885,1.43892,1.12,1.00
2016.02.01 18:00:21.815,1.43881,1.43889,1.50,1.37
2016.02.01 18:00:21.970,1.43881,1.43892,1.12,1.87
2016.02.01 18:00:22.227,1.43884,1.43894,1.10,1.95
2016.02.01 18:00:22.481,1.43884,1.43895,1.12,1.12
2016.02.01 18:00:22.887,1.43883,1.43895,1.87,1.20
2016.02.01 18:00:25.014,1.43886,1.43894,1.00,1.47
2016.02.01 18:00:25.841,1.43884,1.43893,1.10,1.20
2016.02.01 18:00:25.943,1.43882,1.4389,1.87,1.00
2016.02.01 18:00:26.353,1.43886,1.43894,1.00,1.75
2016.02.01 18:00:26.404,1.43886,1.43896,1.00,1.20
2016.02.01 18:00:26.954,1.43886,1.43897,1.10,1.57
2016.02.01 18:00:27.766,1.43885,1.43895,1.07,1.00
2016.02.01 18:00:28.474,1.43887,1.43897,1.00,1.95
2016.02.01 18:00:30.922,1.43887,1.43895,1.00,1.00
2016.02.01 18:00:31.518,1.43889,1.43897,1.00,1.57
2016.02.01 18:00:31.823,1.43894,1.439,1.00,1.57
2016.02.01 18:00:34.034,1.43892,1.439,1.00,1.00
2016.02.01 18:00:34.542,1.43889,1.439,3.00,1.00
2016.02.01 18:00:34.796,1.43888,1.43897,1.75,1.00
2016.02.01 18:00:35.052,1.43885,1.43895,1.50,2.02
2016.02.01 18:00:35.557,1.43884,1.43894,1.95,1.20
2016.02.01 18:00:36.369,1.43884,1.43896,1.07,1.50
2016.02.01 18:00:36.623,1.43893,1.43896,1.00,1.50
2016.02.01 18:00:36.776,1.43891,1.439,1.75,1.75
2016.02.01 18:00:36.877,1.43891,1.43902,4.80,1.95
2016.02.01 18:00:37.082,1.4389,1.43902,5.25,2.62
2016.02.01 18:00:37.863,1.43891,1.43901,1.87,1.10
2016.02.01 18:00:39.393,1.4389,1.43898,4.20,1.00
2016.02.01 18:00:39.706,1.43885,1.43892,1.47,1.00
2016.02.01 18:00:39.758,1.43885,1.43891,1.00,1.00
2016.02.01 18:00:40.113,1.4388,1.4389,4.87,1.10
2016.02.01 18:00:42.319,1.4388,1.43889,4.50,1.00
2016.02.01 18:00:42.929,1.4388,1.43891,3.00,1.12
2016.02.01 18:00:43.183,1.43881,1.43892,1.50,1.10
2016.02.01 18:00:43.437,1.43886,1.43892,1.00,1.10
2016.02.01 18:00:44.225,1.43882,1.43893,1.57,1.07
2016.02.01 18:00:44.378,1.43884,1.43894,1.12,1.85
2016.02.01 18:00:44.786,1.43886,1.43897,2.25,1.12
2016.02.01 18:00:45.445,1.43886,1.43894,1.12,1.07
2016.02.01 18:00:45.598,1.43883,1.43894,1.95,1.57
2016.02.01 18:00:45.802,1.43882,1.43892,1.85,1.47
2016.02.01 18:00:45.904,1.43881,1.43891,1.20,1.00
2016.02.01 18:00:46.217,1.43881,1.4389,2.32,1.07
2016.02.01 18:00:46.319,1.43881,1.43891,2.70,1.95
2016.02.01 18:00:46.826,1.43881,1.43891,1.37,2.62
2016.02.01 18:00:47.030,1.4388,1.43887,1.57,1.00
2016.02.01 18:00:47.234,1.43878,1.43889,1.87,1.82
2016.02.01 18:00:47.336,1.43879,1.4389,1.10,1.45
2016.02.01 18:00:47.438,1.43879,1.43891,1.75,2.20
2016.02.01 18:00:48.338,1.43878,1.43889,2.25,1.12
2016.02.01 18:00:49.510,1.43876,1.43889,2.62,2.32
2016.02.01 18:00:56.270,1.43879,1.43889,1.57,1.47
2016.02.01 18:00:56.321,1.4388,1.4389,1.75,1.20
2016.02.01 18:00:56.566,1.43882,1.43893,1.57,1.20
2016.02.01 18:00:57.076,1.43882,1.43894,3.75,2.70
2016.02.01 18:00:58.858,1.43884,1.43895,1.07,1.45
2016.02.01 18:01:00.742,1.43885,1.43896,1.57,1.37
2016.02.01 18:01:00.844,1.43886,1.43896,1.95,1.10
2016.02.01 18:01:01.354,1.43888,1.43898,1.00,1.87
2016.02.01 18:01:01.405,1.4389,1.43898,1.00,1.37
2016.02.01 18:01:01.507,1.43891,1.439,1.50,1.50
2016.02.01 18:01:01.608,1.43891,1.43902,1.87,3.07
2016.02.01 18:01:02.116,1.43892,1.43901,1.00,1.20
2016.02.01 18:01:02.665,1.43891,1.43902,1.12,3.82
2016.02.01 18:01:03.173,1.43892,1.43902,1.12,2.32
2016.02.01 18:01:04.529,1.43891,1.43902,1.50,1.57
2016.02.01 18:01:05.948,1.43892,1.43902,1.00,2.32
2016.02.01 18:01:05.999,1.43892,1.439,1.00,1.37
2016.02.01 18:01:06.304,1.43891,1.439,1.00,2.62
2016.02.01 18:01:06.631,1.43894,1.43902,1.00,4.12
2016.02.01 18:01:06.733,1.43894,1.43902,1.00,1.10
2016.02.01 18:01:07.038,1.43897,1.43902,1.00,1.50
2016.02.01 18:01:07.343,1.43905,1.43914,1.95,1.82
2016.02.01 18:01:07.662,1.43905,1.4391,1.87,1.00
2016.02.01 18:01:07.938,1.43893,1.439,1.00,1.75
2016.02.01 18:01:07.991,1.43893,1.43901,1.00,1.95
2016.02.01 18:01:08.555,1.43893,1.43902,1.00,1.07
2016.02.01 18:01:09.070,1.43893,1.43902,1.00,1.12
2016.02.01 18:01:09.992,1.43892,1.43902,1.50,1.50
2016.02.01 18:01:12.333,1.43893,1.43902,1.00,1.50
2016.02.01 18:01:13.331,1.43893,1.43902,1.50,1.12
2016.02.01 18:01:13.588,1.43893,1.43904,2.70,1.07
2016.02.01 18:01:16.124,1.43894,1.43905,1.00,2.02
2016.02.01 18:01:16.632,1.43892,1.43903,1.12,1.95
2016.02.01 18:01:16.836,1.43891,1.43903,1.87,2.77
2016.02.01 18:01:16.954,1.43893,1.43901,1.00,1.37
2016.02.01 18:01:17.158,1.43892,1.43902,1.37,1.00
2016.02.01 18:01:17.210,1.43891,1.43899,1.85,1.00
2016.02.01 18:01:17.566,1.43893,1.43905,1.45,2.32
2016.02.01 18:01:18.221,1.43893,1.43905,1.57,1.27
2016.02.01 18:01:18.729,1.43893,1.43905,2.25,1.55
2016.02.01 18:01:19.916,1.43893,1.43902,1.50,1.00
2016.02.01 18:01:23.718,1.43893,1.43902,1.27,1.00
2016.02.01 18:01:24.657,1.43893,1.43904,1.65,1.12
2016.02.01 18:01:25.971,1.43894,1.43903,1.10,1.00
2016.02.01 18:01:31.112,1.43894,1.43904,1.20,1.12
2016.02.01 18:01:31.953,1.43894,1.43904,1.27,1.12
2016.02.01 18:01:35.930,1.43893,1.43904,2.02,1.12
2016.02.01 18:01:37.930,1.43893,1.43903,1.65,1.00
2016.02.01 18:01:39.190,1.43894,1.43903,1.20,1.37
2016.02.01 18:01:39.342,1.43891,1.439,1.20,1.37
2016.02.01 18:01:39.545,1.43892,1.43902,2.62,3.37
2016.02.01 18:01:39.598,1.43892,1.43903,3.37,1.12
2016.02.01 18:01:41.228,1.43894,1.43903,1.50,1.12
2016.02.01 18:01:42.972,1.43893,1.43903,1.20,1.12
2016.02.01 18:01:44.140,1.43893,1.43903,1.65,1.12
2016.02.01 18:01:44.294,1.43893,1.43902,1.12,1.50
2016.02.01 18:01:44.801,1.43892,1.439,1.00,1.00
2016.02.01 18:01:45.107,1.43887,1.43894,1.12,1.00
2016.02.01 18:01:45.159,1.43883,1.43894,1.87,1.20
2016.02.01 18:01:45.313,1.43886,1.43894,1.50,1.00
2016.02.01 18:01:45.822,1.43885,1.43895,1.50,1.12
2016.02.01 18:01:46.126,1.43887,1.43895,1.00,1.12
2016.02.01 18:01:46.836,1.43887,1.43895,1.12,1.07
2016.02.01 18:01:47.344,1.43886,1.43895,1.50,1.00
2016.02.01 18:01:47.856,1.43886,1.43895,1.12,1.10
2016.02.01 18:01:48.952,1.43886,1.43897,1.12,2.02
2016.02.01 18:01:49.259,1.43887,1.43897,1.37,1.12
2016.02.01 18:01:50.275,1.43888,1.43897,1.50,1.00
2016.02.01 18:01:50.479,1.43889,1.439,2.40,1.12
2016.02.01 18:01:50.682,1.43889,1.439,2.25,1.12
2016.02.01 18:01:50.786,1.43889,1.439,1.50,1.20
2016.02.01 18:01:51.212,1.43889,1.439,1.12,1.57
2016.02.01 18:01:51.720,1.43888,1.43899,1.50,1.15
2016.02.01 18:01:52.119,1.43888,1.43897,1.00,1.57
2016.02.01 18:01:52.628,1.43886,1.43897,2.62,1.65
2016.02.01 18:01:53.136,1.43887,1.43897,1.00,1.90
2016.02.01 18:01:53.592,1.43886,1.43894,1.50,1.50
2016.02.01 18:01:54.408,1.43885,1.43895,1.00,6.07
2016.02.01 18:01:54.521,1.43882,1.43895,2.70,6.07
2016.02.01 18:01:54.730,1.43885,1.43897,1.10,1.95
2016.02.01 18:01:54.789,1.43886,1.43897,1.00,1.95
2016.02.01 18:01:56.255,1.43886,1.43895,1.12,1.00
2016.02.01 18:01:56.763,1.43885,1.43894,1.50,1.00
2016.02.01 18:01:57.006,1.43885,1.43891,1.57,1.00
2016.02.01 18:01:57.312,1.43882,1.43891,1.50,1.20
2016.02.01 18:01:57.868,1.43881,1.4389,1.50,1.00
2016.02.01 18:01:57.919,1.43881,1.43889,1.50,1.37
2016.02.01 18:01:58.834,1.43882,1.43892,1.50,4.57
2016.02.01 18:01:59.002,1.43884,1.43895,1.37,1.20
2016.02.01 18:01:59.054,1.43885,1.43896,1.00,2.25
2016.02.01 18:01:59.105,1.43885,1.43896,1.12,1.12
2016.02.01 18:01:59.208,1.43887,1.43896,1.15,1.12
2016.02.01 18:01:59.919,1.43886,1.43896,1.57,1.50
2016.02.01 18:02:02.154,1.43887,1.43898,1.12,1.57
2016.02.01 18:02:02.423,1.43889,1.43898,1.00,1.37
2016.02.01 18:02:02.931,1.43888,1.43898,1.87,1.27
2016.02.01 18:02:03.235,1.43886,1.43897,1.10,1.95
2016.02.01 18:02:03.762,1.43886,1.43897,1.00,2.32
2016.02.01 18:02:04.269,1.43885,1.43895,1.12,1.37
2016.02.01 18:02:05.000,1.43885,1.43895,1.00,1.95
2016.02.01 18:02:05.508,1.43885,1.43896,1.00,2.40
2016.02.01 18:02:06.106,1.43885,1.43896,1.07,2.02
2016.02.01 18:02:06.514,1.43885,1.43892,1.00,1.10
2016.02.01 18:02:06.920,1.43882,1.43891,5.25,1.07
2016.02.01 18:02:07.023,1.43882,1.43891,1.50,1.07
2016.02.01 18:02:07.074,1.43882,1.43893,2.25,1.82
2016.02.01 18:02:07.582,1.43882,1.43892,2.25,1.07
2016.02.01 18:02:07.737,1.43884,1.43894,1.00,2.25
2016.02.01 18:02:07.839,1.43885,1.43895,1.12,1.50
2016.02.01 18:02:08.365,1.43885,1.43896,1.20,2.32
2016.02.01 18:02:08.924,1.43885,1.43896,1.12,1.85
2016.02.01 18:02:09.395,1.43885,1.43896,1.57,1.75
2016.02.01 18:02:10.926,1.43885,1.43895,1.27,1.50
2016.02.01 18:02:11.079,1.43884,1.43895,1.12,3.00
2016.02.01 18:02:11.587,1.43884,1.43894,1.12,1.57
2016.02.01 18:02:12.449,1.43884,1.43891,1.00,1.00
2016.02.01 18:02:12.602,1.43882,1.43891,1.27,1.00
2016.02.01 18:02:13.517,1.43882,1.43891,1.27,1.00
2016.02.01 18:02:13.721,1.43882,1.43888,1.27,1.00
2016.02.01 18:02:13.875,1.43878,1.43886,1.65,1.00
2016.02.01 18:02:13.977,1.43875,1.43885,1.87,1.12
2016.02.01 18:02:15.073,1.43875,1.43885,1.50,1.37
2016.02.01 18:02:16.858,1.43874,1.43887,3.75,2.62
2016.02.01 18:02:17.518,1.43874,1.43887,4.12,2.62
2016.02.01 18:02:18.170,1.43876,1.43887,1.50,1.87
2016.02.01 18:02:18.678,1.43877,1.43888,2.62,2.25
2016.02.01 18:02:19.245,1.43881,1.43887,1.00,1.00
2016.02.01 18:02:19.551,1.43899,1.439,1.00,1.00
2016.02.01 18:02:19.602,1.439,1.43905,1.37,1.00
2016.02.01 18:02:19.704,1.43901,1.43907,1.12,1.00
2016.02.01 18:02:19.908,1.43901,1.43909,1.10,1.30
2016.02.01 18:02:20.213,1.43903,1.43909,1.00,1.00
2016.02.01 18:02:20.315,1.43903,1.43913,2.32,4.50
2016.02.01 18:02:20.366,1.43903,1.43913,2.32,3.75
2016.02.01 18:02:20.417,1.43903,1.43914,2.32,1.50
2016.02.01 18:02:21.129,1.43903,1.43915,2.77,1.87
2016.02.01 18:02:22.252,1.43904,1.43915,1.20,1.87
2016.02.01 18:02:23.283,1.43904,1.43915,1.57,1.50
2016.02.01 18:02:23.677,1.43911,1.43915,1.00,1.00
2016.02.01 18:02:23.983,1.43925,1.4393,1.50,1.37
2016.02.01 18:02:24.035,1.43925,1.43933,1.50,1.37
2016.02.01 18:02:24.086,1.43924,1.43934,1.95,1.87
2016.02.01 18:02:24.290,1.43922,1.43931,1.57,1.00
2016.02.01 18:02:24.393,1.4392,1.4393,1.20,1.87
2016.02.01 18:02:24.445,1.4392,1.4393,1.07,2.62
2016.02.01 18:02:24.652,1.43918,1.43929,1.07,1.87
2016.02.01 18:02:24.704,1.43918,1.43927,1.07,1.37
2016.02.01 18:02:25.009,1.43916,1.43924,1.00,1.10
2016.02.01 18:02:25.531,1.43916,1.43925,1.17,1.87
2016.02.01 18:02:26.570,1.43913,1.43925,2.62,1.87
2016.02.01 18:02:28.171,1.43913,1.43924,1.45,1.00
2016.02.01 18:02:29.943,1.43913,1.43925,1.17,3.00
2016.02.01 18:02:30.479,1.43913,1.43923,1.65,1.00
2016.02.01 18:02:30.986,1.43915,1.43923,1.00,1.00
2016.02.01 18:02:31.490,1.43913,1.43922,1.17,1.00
2016.02.01 18:02:33.578,1.43911,1.43922,2.70,1.50
2016.02.01 18:02:33.680,1.43911,1.4392,1.95,1.00
2016.02.01 18:02:34.098,1.43911,1.43918,1.65,1.00
2016.02.01 18:02:34.403,1.43902,1.43911,1.75,1.87
2016.02.01 18:02:34.454,1.43899,1.43911,2.62,1.87
2016.02.01 18:02:35.000,1.43901,1.43912,2.40,1.12
2016.02.01 18:02:38.518,1.43902,1.43912,1.95,1.00
2016.02.01 18:02:38.569,1.43903,1.43912,1.75,1.00
2016.02.01 18:02:38.671,1.43902,1.43912,1.87,1.12
2016.02.01 18:02:38.823,1.43902,1.4391,1.45,1.00
2016.02.01 18:02:38.874,1.43902,1.4391,1.15,1.00
2016.02.01 18:02:40.042,1.43902,1.43911,1.07,1.00
2016.02.01 18:02:41.397,1.43902,1.43909,1.17,1.00
2016.02.01 18:02:41.550,1.43901,1.43909,1.12,1.00
2016.02.01 18:02:42.057,1.439,1.43908,2.70,1.00
2016.02.01 18:02:42.499,1.43899,1.43905,1.47,1.00
2016.02.01 18:02:42.600,1.43896,1.43906,1.20,2.25
2016.02.01 18:02:42.753,1.43896,1.43904,1.37,1.00
2016.02.01 18:02:43.260,1.43896,1.43904,1.00,1.00
2016.02.01 18:02:47.775,1.43894,1.43905,1.20,1.12
2016.02.01 18:02:49.136,1.43894,1.43902,1.20,1.00
2016.02.01 18:02:49.674,1.43896,1.43905,1.00,2.70
2016.02.01 18:02:54.522,1.43895,1.43903,1.00,1.00
2016.02.01 18:02:55.261,1.43895,1.43903,1.07,1.00
2016.02.01 18:02:55.769,1.43895,1.43903,1.00,1.00
2016.02.01 18:02:57.227,1.43895,1.43904,1.00,2.25
2016.02.01 18:03:02.406,1.43895,1.43904,1.07,1.50
2016.02.01 18:03:03.868,1.43895,1.43903,1.20,1.12
2016.02.01 18:03:05.363,1.43895,1.43903,1.20,1.37
2016.02.01 18:03:06.084,1.43896,1.43904,1.00,1.50
2016.02.01 18:03:06.596,1.43896,1.43903,1.00,5.25
2016.02.01 18:03:07.118,1.43893,1.43902,1.00,1.00
2016.02.01 18:03:07.221,1.43891,1.43897,1.15,5.25
2016.02.01 18:03:07.323,1.4389,1.43897,1.00,6.00
2016.02.01 18:03:07.426,1.43888,1.43895,3.00,1.00
2016.02.01 18:03:07.579,1.43885,1.43895,1.87,1.12
2016.02.01 18:03:08.293,1.43886,1.43895,1.00,2.17
2016.02.01 18:03:08.496,1.43892,1.43895,1.00,1.87
2016.02.01 18:03:08.598,1.43892,1.43898,1.00,2.62
2016.02.01 18:03:08.852,1.43892,1.43901,1.12,1.42
2016.02.01 18:03:08.954,1.43894,1.43902,1.00,4.42
2016.02.01 18:03:10.477,1.43896,1.43902,1.00,3.37
2016.02.01 18:03:10.579,1.43896,1.43904,1.00,3.67
2016.02.01 18:03:11.760,1.43896,1.43904,1.00,3.67
2016.02.01 18:03:12.269,1.43896,1.43904,1.00,4.42
2016.02.01 18:03:14.808,1.43894,1.43902,1.00,1.00
2016.02.01 18:03:14.912,1.43892,1.43902,1.10,1.10
2016.02.01 18:03:15.065,1.43892,1.439,1.00,3.37
2016.02.01 18:03:15.864,1.43892,1.43899,1.00,1.05
2016.02.01 18:03:16.527,1.43892,1.43899,1.00,3.60
2016.02.01 18:03:16.579,1.43892,1.43901,1.00,1.80
2016.02.01 18:03:16.732,1.43894,1.43901,1.00,1.42
2016.02.01 18:03:16.833,1.43894,1.43902,1.00,1.72
2016.02.01 18:03:17.342,1.43895,1.43902,1.10,1.12
2016.02.01 18:03:17.929,1.43895,1.43904,1.10,3.00
2016.02.01 18:03:18.184,1.43897,1.43904,1.00,1.87
2016.02.01 18:03:18.715,1.43896,1.43904,1.10,1.50
2016.02.01 18:03:19.224,1.43894,1.43903,1.87,1.00
2016.02.01 18:03:20.436,1.43894,1.43903,1.87,1.20
2016.02.01 18:03:20.893,1.43894,1.43903,1.50,2.62
2016.02.01 18:03:21.403,1.43892,1.43901,1.37,2.25
2016.02.01 18:03:21.657,1.43891,1.43898,1.57,1.10
2016.02.01 18:03:22.065,1.43891,1.43897,1.10,2.25
2016.02.01 18:03:22.612,1.4389,1.43898,1.95,1.00
2016.02.01 18:03:23.119,1.4389,1.43899,1.87,1.50
2016.02.01 18:03:23.170,1.43893,1.43899,1.00,1.50
2016.02.01 18:03:23.221,1.4389,1.43899,1.00,1.50
2016.02.01 18:03:23.273,1.43892,1.43899,1.00,1.12
2016.02.01 18:03:23.476,1.43894,1.43902,1.20,1.50
2016.02.01 18:03:23.985,1.43894,1.43902,1.47,1.00
2016.02.01 18:03:24.487,1.43894,1.43902,1.20,1.00
2016.02.01 18:03:24.793,1.43894,1.43903,2.25,1.00
2016.02.01 18:03:25.200,1.43894,1.43903,1.07,1.87
2016.02.01 18:03:25.354,1.43896,1.43903,1.12,1.12
2016.02.01 18:03:25.662,1.43903,1.43904,1.00,1.00
2016.02.01 18:03:25.713,1.43903,1.43907,1.00,1.00
2016.02.01 18:03:25.764,1.43903,1.43907,1.87,1.00
2016.02.01 18:03:25.866,1.43903,1.43909,1.87,1.00
2016.02.01 18:03:26.173,1.43903,1.43909,1.50,1.00
2016.02.01 18:03:26.690,1.43903,1.43909,1.10,1.00
2016.02.01 18:03:27.465,1.43903,1.4391,1.10,1.12
2016.02.01 18:03:27.922,1.43903,1.43908,1.00,1.12
2016.02.01 18:03:28.459,1.43903,1.4391,1.00,2.32
2016.02.01 18:03:28.969,1.43903,1.43908,1.00,1.12
2016.02.01 18:03:29.477,1.43903,1.4391,1.00,1.57
2016.02.01 18:03:29.678,1.43903,1.43911,1.00,1.20
2016.02.01 18:03:30.612,1.43904,1.43911,1.00,1.12
2016.02.01 18:03:31.012,1.43901,1.43907,1.75,1.12
2016.02.01 18:03:31.064,1.43898,1.43907,1.10,1.12
2016.02.01 18:03:31.115,1.43898,1.43905,1.00,1.37
2016.02.01 18:03:31.269,1.43893,1.43902,1.12,1.07
2016.02.01 18:03:31.898,1.43893,1.43903,1.10,1.12
2016.02.01 18:03:32.001,1.43893,1.43903,1.00,1.95
2016.02.01 18:03:35.639,1.43893,1.43902,1.12,1.45
2016.02.01 18:03:36.147,1.43893,1.43904,2.25,1.47
2016.02.01 18:03:36.808,1.43897,1.43905,1.00,2.70
2016.02.01 18:03:36.960,1.43898,1.43906,1.10,3.00
2016.02.01 18:03:37.164,1.43902,1.43906,1.00,1.12
2016.02.01 18:03:37.267,1.43902,1.43908,1.12,1.00
2016.02.01 18:03:37.448,1.439,1.43908,1.57,1.12
2016.02.01 18:03:37.549,1.43899,1.43906,1.20,1.37
2016.02.01 18:03:37.753,1.43898,1.43906,1.20,1.87
2016.02.01 18:03:38.572,1.43898,1.43907,1.20,2.62
2016.02.01 18:03:38.928,1.43898,1.43907,1.47,2.25
2016.02.01 18:03:39.233,1.43896,1.43904,1.12,1.00
2016.02.01 18:03:40.251,1.43901,1.43904,1.00,1.00
2016.02.01 18:03:40.404,1.43903,1.43908,1.00,3.00
2016.02.01 18:03:40.941,1.43903,1.43908,1.00,1.00
2016.02.01 18:03:41.196,1.43903,1.4391,1.00,1.00
2016.02.01 18:03:41.247,1.43903,1.4391,1.00,1.50
2016.02.01 18:03:41.755,1.43904,1.43912,1.00,1.50
2016.02.01 18:03:44.806,1.43902,1.43912,1.50,1.50
2016.02.01 18:03:45.813,1.43902,1.43911,1.00,1.07
2016.02.01 18:03:46.321,1.43901,1.43911,2.25,1.07
2016.02.01 18:03:46.828,1.43902,1.43909,1.00,1.00
2016.02.01 18:03:50.187,1.43901,1.43909,1.00,1.00
2016.02.01 18:03:50.239,1.43901,1.43907,1.00,1.00
2016.02.01 18:03:50.341,1.43898,1.43906,1.50,1.00
2016.02.01 18:03:50.848,1.43898,1.43906,1.00,1.00
2016.02.01 18:03:52.238,1.43899,1.43906,1.00,1.00
2016.02.01 18:03:53.205,1.43897,1.43906,1.50,1.00
2016.02.01 18:03:54.356,1.43897,1.43906,1.00,1.47
2016.02.01 18:03:54.868,1.43897,1.43906,1.12,1.37
2016.02.01 18:03:58.320,1.43897,1.43906,1.20,1.50
2016.02.01 18:03:59.730,1.43898,1.43908,1.50,3.37
2016.02.01 18:04:00.187,1.439,1.43908,1.00,1.00
2016.02.01 18:04:00.593,1.43904,1.43909,1.00,1.12
2016.02.01 18:04:00.645,1.43904,1.43911,1.00,1.87
2016.02.01 18:04:00.843,1.43904,1.43913,1.50,1.87
2016.02.01 18:04:01.658,1.43904,1.43913,1.87,1.50
2016.02.01 18:04:02.623,1.43909,1.43913,1.00,1.00
2016.02.01 18:04:02.776,1.43908,1.43916,1.10,1.00
2016.02.01 18:04:02.828,1.43909,1.43918,1.07,1.95
2016.02.01 18:04:03.335,1.43908,1.43918,1.20,1.57
2016.02.01 18:04:03.843,1.43908,1.43916,1.10,1.50
2016.02.01 18:04:04.903,1.43907,1.43916,1.07,1.12
2016.02.01 18:04:05.579,1.43905,1.43916,2.02,2.25
2016.02.01 18:04:05.681,1.43905,1.43916,1.57,3.37
2016.02.01 18:04:06.210,1.43905,1.43915,1.00,1.07
2016.02.01 18:04:16.713,1.43907,1.43916,1.00,1.50
2016.02.01 18:04:17.044,1.43911,1.43918,1.00,1.87
2016.02.01 18:04:17.450,1.43907,1.43918,3.00,1.12
2016.02.01 18:04:17.959,1.43907,1.43918,3.75,1.12
2016.02.01 18:04:18.162,1.4391,1.43918,1.00,1.12
2016.02.01 18:04:18.672,1.43911,1.4392,1.00,1.50
2016.02.01 18:04:19.280,1.4391,1.4392,1.95,2.25
2016.02.01 18:04:19.598,1.4391,1.43918,1.00,1.87
2016.02.01 18:04:19.954,1.43907,1.43918,2.25,3.00
2016.02.01 18:04:20.056,1.43907,1.43915,1.50,1.12
2016.02.01 18:04:20.578,1.43906,1.43915,1.00,2.25
2016.02.01 18:04:23.499,1.43906,1.43913,1.00,1.12
2016.02.01 18:04:25.285,1.43904,1.43912,1.00,1.12
2016.02.01 18:04:25.792,1.43904,1.43911,1.00,1.12
2016.02.01 18:04:26.020,1.43907,1.43911,1.00,1.12
2016.02.01 18:04:26.071,1.43903,1.43911,1.12,1.12
2016.02.01 18:04:26.123,1.43907,1.43913,1.00,1.75
2016.02.01 18:04:26.174,1.43907,1.43915,1.37,1.07
2016.02.01 18:04:26.225,1.43913,1.43916,1.00,1.82
2016.02.01 18:04:26.430,1.43919,1.43924,1.00,1.37
2016.02.01 18:04:26.481,1.43922,1.43926,1.00,4.95
2016.02.01 18:04:26.583,1.4392,1.43929,1.37,2.25
2016.02.01 18:04:26.634,1.4392,1.43929,1.37,1.50
2016.02.01 18:04:26.687,1.4392,1.43928,1.00,1.37
2016.02.01 18:04:26.789,1.4392,1.4393,1.00,3.00
2016.02.01 18:04:26.960,1.43918,1.43928,1.12,1.50
2016.02.01 18:04:27.013,1.43917,1.43926,2.02,1.50
2016.02.01 18:04:27.523,1.43917,1.43927,1.45,1.87
2016.02.01 18:04:28.391,1.43919,1.43928,1.00,5.25
2016.02.01 18:04:28.442,1.43919,1.43928,1.37,5.32
2016.02.01 18:04:28.949,1.43919,1.43925,1.50,1.00
2016.02.01 18:04:29.458,1.43919,1.43929,1.50,5.32
2016.02.01 18:04:30.638,1.43919,1.43929,1.87,4.57
2016.02.01 18:04:32.016,1.43916,1.43927,2.62,1.87
2016.02.01 18:04:32.321,1.43919,1.43929,1.50,1.47
2016.02.01 18:04:32.829,1.4392,1.4393,1.57,4.50
2016.02.01 18:04:32.881,1.4392,1.43931,1.47,5.62
2016.02.01 18:04:32.932,1.43922,1.43931,1.37,5.62
2016.02.01 18:04:35.916,1.43922,1.43931,1.50,1.37
2016.02.01 18:04:36.424,1.43922,1.4393,1.07,1.12
2016.02.01 18:04:36.728,1.43922,1.43929,1.07,1.37
2016.02.01 18:04:37.031,1.43922,1.4393,1.07,1.12
2016.02.01 18:04:38.094,1.43922,1.43929,1.07,1.12
2016.02.01 18:04:38.698,1.43922,1.4393,1.07,1.12
2016.02.01 18:04:39.407,1.43922,1.43929,1.07,1.12
2016.02.01 18:04:40.126,1.43922,1.4393,1.07,1.12
2016.02.01 18:04:41.838,1.43922,1.43929,1.07,1.12
2016.02.01 18:04:42.314,1.43919,1.43929,1.57,2.62
2016.02.01 18:04:42.851,1.43918,1.43929,4.27,3.00
2016.02.01 18:04:44.623,1.43919,1.43928,1.57,1.07
2016.02.01 18:04:45.041,1.43917,1.43928,1.12,1.95
2016.02.01 18:04:45.143,1.43915,1.43925,3.00,1.10
2016.02.01 18:04:45.245,1.43915,1.43924,1.47,1.12
2016.02.01 18:04:45.347,1.43913,1.43921,1.20,1.00
2016.02.01 18:04:45.398,1.43913,1.43921,1.00,2.25
2016.02.01 18:04:45.449,1.43911,1.4392,1.20,1.95
2016.02.01 18:04:45.501,1.43908,1.43917,1.47,1.57
2016.02.01 18:04:45.552,1.43907,1.43917,1.87,1.65
2016.02.01 18:04:45.603,1.43906,1.43916,1.37,4.12
2016.02.01 18:04:45.654,1.43906,1.43916,1.00,4.50
2016.02.01 18:04:46.162,1.43905,1.43916,1.12,4.50
2016.02.01 18:04:46.822,1.43904,1.43916,1.50,4.87
2016.02.01 18:04:48.502,1.43904,1.43916,1.87,4.87
2016.02.01 18:04:51.447,1.43904,1.43916,2.25,4.50
2016.02.01 18:04:51.954,1.43904,1.43916,1.12,4.27
2016.02.01 18:04:53.832,1.43905,1.43915,1.87,1.12
2016.02.01 18:04:54.239,1.43905,1.43915,1.45,1.12
2016.02.01 18:04:54.747,1.43905,1.43914,1.45,1.00
2016.02.01 18:04:57.359,1.43904,1.43915,1.75,5.62
2016.02.01 18:04:58.813,1.43904,1.43915,1.87,4.87
2016.02.01 18:04:59.523,1.43904,1.43915,2.25,1.12
2016.02.01 18:05:00.047,1.43907,1.43916,2.32,1.45
2016.02.01 18:05:00.150,1.43907,1.43917,1.20,1.20
2016.02.01 18:05:00.353,1.43907,1.43917,1.20,2.77
2016.02.01 18:05:02.029,1.43907,1.43915,1.20,1.12
2016.02.01 18:05:02.558,1.43905,1.43914,1.20,2.25
2016.02.01 18:05:02.863,1.439,1.43907,1.37,1.12
2016.02.01 18:05:02.964,1.43895,1.43905,1.57,1.12
2016.02.01 18:05:03.495,1.43894,1.43903,1.12,1.00
2016.02.01 18:05:10.000,1.43895,1.43903,1.00,1.50
2016.02.01 18:05:10.531,1.43895,1.43903,1.00,1.27
2016.02.01 18:05:11.049,1.43893,1.43903,1.45,1.27
2016.02.01 18:05:11.687,1.43893,1.43903,1.12,1.00
2016.02.01 18:05:15.088,1.43893,1.43904,1.20,1.50
2016.02.01 18:05:16.001,1.43892,1.43904,3.75,4.50
2016.02.01 18:05:16.103,1.43892,1.43904,4.12,1.50
2016.02.01 18:05:16.613,1.43892,1.43904,3.37,1.50
2016.02.01 18:05:17.149,1.43892,1.43904,3.75,1.12
2016.02.01 18:05:17.658,1.43892,1.43904,3.75,1.12
2016.02.01 18:05:18.013,1.43892,1.43904,3.75,4.50
2016.02.01 18:05:19.156,1.43892,1.43904,3.07,4.12
2016.02.01 18:05:21.668,1.43894,1.43904,1.17,3.75
2016.02.01 18:05:22.203,1.43894,1.43904,1.00,3.75
2016.02.01 18:05:22.716,1.43894,1.43904,1.17,3.75
2016.02.01 18:05:23.316,1.43894,1.43904,1.10,4.12
2016.02.01 18:05:28.926,1.43893,1.43904,1.12,5.02
2016.02.01 18:05:31.648,1.43892,1.43902,2.40,1.12
2016.02.01 18:05:33.185,1.43892,1.43903,2.40,1.37
2016.02.01 18:05:33.491,1.43894,1.43903,1.17,1.00
2016.02.01 18:05:34.508,1.43894,1.43905,1.17,1.87
2016.02.01 18:05:35.016,1.43893,1.43904,1.65,1.12
2016.02.01 18:05:35.068,1.43893,1.43904,1.27,4.50
2016.02.01 18:05:38.733,1.43893,1.43904,1.17,1.00
2016.02.01 18:05:38.941,1.43893,1.43903,1.47,1.00
2016.02.01 18:05:39.451,1.43893,1.43904,1.50,1.37
2016.02.01 18:05:39.655,1.43893,1.43904,1.50,1.50
2016.02.01 18:05:39.808,1.43897,1.43906,1.50,1.12
2016.02.01 18:05:40.160,1.43895,1.43905,1.87,1.37
2016.02.01 18:05:40.669,1.43895,1.43905,1.50,1.37
2016.02.01 18:05:41.176,1.43894,1.43905,2.62,1.37
2016.02.01 18:05:42.261,1.43894,1.43904,2.62,1.00
2016.02.01 18:05:42.856,1.43894,1.43904,1.20,1.00
2016.02.01 18:05:45.733,1.43892,1.43904,1.95,1.47
2016.02.01 18:05:46.143,1.43892,1.43904,2.32,1.47
2016.02.01 18:05:48.972,1.43892,1.43904,1.20,1.87
2016.02.01 18:05:49.480,1.43892,1.43903,1.20,1.12
2016.02.01 18:05:50.137,1.43892,1.43903,1.20,1.50
2016.02.01 18:05:53.168,1.43892,1.43903,1.20,1.12
2016.02.01 18:05:56.156,1.43892,1.43903,1.57,1.50
2016.02.01 18:05:58.643,1.43892,1.439,1.57,1.00
2016.02.01 18:05:58.999,1.43891,1.43902,1.37,1.95
2016.02.01 18:05:59.760,1.43891,1.43902,1.12,1.57
2016.02.01 18:06:00.825,1.43891,1.43903,1.50,2.02
2016.02.01 18:06:01.351,1.43891,1.43903,1.20,2.70
2016.02.01 18:06:03.340,1.43894,1.43903,1.00,1.57
2016.02.01 18:06:03.648,1.43899,1.43904,3.00,1.00
2016.02.01 18:06:03.700,1.439,1.43909,1.12,1.20
2016.02.01 18:06:04.208,1.43899,1.43908,1.00,1.57
2016.02.01 18:06:04.812,1.43897,1.43907,1.95,1.12
2016.02.01 18:06:04.863,1.43897,1.43905,1.65,1.12
2016.02.01 18:06:04.965,1.43895,1.43904,1.20,1.50
2016.02.01 18:06:09.282,1.43893,1.43902,1.57,1.00
2016.02.01 18:06:09.528,1.43893,1.43902,1.20,1.00
2016.02.01 18:06:16.367,1.43892,1.43902,2.70,1.00
2016.02.01 18:06:19.186,1.43893,1.43902,1.00,1.00
2016.02.01 18:06:26.226,1.43892,1.43901,1.95,1.00
2016.02.01 18:06:26.682,1.43892,1.43899,1.00,1.12
2016.02.01 18:06:27.276,1.4389,1.43899,2.25,1.12
2016.02.01 18:06:27.784,1.4389,1.43899,1.50,1.12
2016.02.01 18:06:28.919,1.4389,1.43898,1.37,1.12
2016.02.01 18:06:29.427,1.4389,1.43899,1.12,1.12
2016.02.01 18:06:29.934,1.4389,1.439,1.50,1.87
2016.02.01 18:06:30.483,1.4389,1.43899,2.25,1.37
2016.02.01 18:06:30.686,1.4389,1.439,2.25,4.12
2016.02.01 18:06:31.396,1.43891,1.43901,1.10,1.57
2016.02.01 18:06:32.080,1.43891,1.439,1.20,1.12
2016.02.01 18:06:32.907,1.43891,1.43901,1.10,1.20
2016.02.01 18:06:33.415,1.43891,1.439,1.20,1.12
2016.02.01 18:06:34.123,1.43891,1.43899,1.10,1.37
2016.02.01 18:06:34.925,1.4389,1.439,2.70,1.50
2016.02.01 18:06:39.514,1.4389,1.43899,1.95,1.37
2016.02.01 18:06:40.243,1.4389,1.43899,2.32,1.87
2016.02.01 18:06:40.754,1.4389,1.43898,1.20,1.12
2016.02.01 18:06:41.045,1.43887,1.43896,1.12,1.10
2016.02.01 18:06:41.097,1.43887,1.43891,1.12,1.00
2016.02.01 18:06:41.606,1.43887,1.43892,1.00,1.00
2016.02.01 18:06:41.809,1.43882,1.43892,1.87,1.00
2016.02.01 18:06:43.088,1.43882,1.43891,1.87,1.00
2016.02.01 18:06:43.589,1.43882,1.43891,1.20,1.00
2016.02.01 18:06:48.600,1.43882,1.43889,1.20,1.00
2016.02.01 18:06:48.904,1.43878,1.43886,1.75,1.12
2016.02.01 18:06:49.204,1.43878,1.43886,1.00,1.12
2016.02.01 18:06:50.115,1.43878,1.43885,1.00,3.75
2016.02.01 18:06:51.003,1.43875,1.43885,1.27,4.12
2016.02.01 18:06:51.557,1.43875,1.43885,1.20,3.75
2016.02.01 18:06:52.372,1.43874,1.43885,2.77,3.75
2016.02.01 18:06:56.097,1.43876,1.43885,1.10,4.12
2016.02.01 18:06:57.708,1.43874,1.43885,1.17,5.25
2016.02.01 18:06:58.216,1.43874,1.43885,1.10,5.62
2016.02.01 18:07:00.121,1.43874,1.43883,1.10,1.00
2016.02.01 18:07:03.188,1.43874,1.43884,1.10,3.37
2016.02.01 18:07:03.666,1.43879,1.43887,1.00,6.15
2016.02.01 18:07:03.870,1.4388,1.4389,3.37,3.00
2016.02.01 18:07:04.073,1.4388,1.43888,1.50,1.37
2016.02.01 18:07:04.124,1.4388,1.43888,1.00,1.47
2016.02.01 18:07:04.277,1.43878,1.43886,1.12,1.37
2016.02.01 18:07:04.480,1.43876,1.43887,1.20,4.12
2016.02.01 18:07:04.531,1.43876,1.43887,1.12,9.45
2016.02.01 18:07:04.684,1.43875,1.43886,1.00,1.27
2016.02.01 18:07:05.557,1.43875,1.43887,1.00,9.90
2016.02.01 18:07:05.861,1.43876,1.43886,1.50,2.40
2016.02.01 18:07:06.171,1.43877,1.43886,1.57,2.25
2016.02.01 18:07:06.224,1.43879,1.43889,1.37,1.07
2016.02.01 18:07:06.429,1.43879,1.43891,1.45,3.82
2016.02.01 18:07:07.742,1.4388,1.43891,2.32,3.00
2016.02.01 18:07:08.684,1.43882,1.43892,1.37,1.10
2016.02.01 18:07:08.990,1.43883,1.43894,1.87,1.00
2016.02.01 18:07:13.333,1.43884,1.43893,1.27,1.00
2016.02.01 18:07:16.707,1.43883,1.43891,2.62,5.25
2016.02.01 18:07:26.689,1.43883,1.43892,2.25,5.25
2016.02.01 18:07:29.193,1.43887,1.43892,1.00,5.25
2016.02.01 18:07:29.538,1.43892,1.43896,1.20,5.25
2016.02.01 18:07:30.249,1.43889,1.43893,3.37,1.00
2016.02.01 18:07:30.300,1.43886,1.43893,4.20,1.00
2016.02.01 18:07:30.356,1.43886,1.4389,4.12,5.25
2016.02.01 18:07:30.407,1.43884,1.4389,4.12,5.25
2016.02.01 18:07:30.509,1.43881,1.4389,5.62,5.32
2016.02.01 18:07:30.663,1.43882,1.4389,1.37,5.70
2016.02.01 18:07:30.765,1.43882,1.4389,1.95,5.32
2016.02.01 18:07:30.867,1.43883,1.4389,1.12,5.25
2016.02.01 18:07:32.076,1.43883,1.43891,1.82,5.25
2016.02.01 18:07:34.875,1.43885,1.43891,2.62,5.25
2016.02.01 18:07:35.078,1.43886,1.43893,1.12,5.25
2016.02.01 18:07:35.800,1.43886,1.43893,1.50,5.25
2016.02.01 18:07:38.151,1.4389,1.43896,1.00,5.32
2016.02.01 18:07:38.558,1.43892,1.43896,1.12,5.25
2016.02.01 18:07:39.066,1.43891,1.43896,1.12,5.25
2016.02.01 18:07:39.219,1.43888,1.43896,1.12,5.25
2016.02.01 18:07:39.725,1.43888,1.43896,1.00,6.00
2016.02.01 18:07:40.529,1.43887,1.43896,2.25,6.37
2016.02.01 18:07:41.532,1.43887,1.43896,1.87,6.75
2016.02.01 18:07:42.068,1.43884,1.43894,2.32,1.10
2016.02.01 18:07:42.119,1.43885,1.43894,1.10,1.10
2016.02.01 18:07:42.424,1.43885,1.43892,1.10,5.25
2016.02.01 18:07:43.954,1.43885,1.43894,2.70,1.20
2016.02.01 18:07:44.005,1.43886,1.43895,3.75,2.70
2016.02.01 18:07:44.333,1.43889,1.43895,1.37,1.50
2016.02.01 18:07:44.587,1.43888,1.43895,2.62,1.50
2016.02.01 18:07:44.638,1.4389,1.43895,1.00,1.50
2016.02.01 18:07:44.945,1.43891,1.43895,3.07,1.00
2016.02.01 18:07:45.301,1.43885,1.4389,2.70,5.25
2016.02.01 18:07:45.505,1.43882,1.43889,1.37,5.40
2016.02.01 18:07:45.611,1.43879,1.43885,3.75,5.25
2016.02.01 18:07:45.714,1.43877,1.43885,1.20,6.00
2016.02.01 18:07:46.222,1.43877,1.43885,1.10,6.45
2016.02.01 18:07:46.759,1.43877,1.43885,1.07,6.00
2016.02.01 18:07:47.279,1.43877,1.43885,1.45,5.25
2016.02.01 18:07:47.699,1.43882,1.43885,1.00,5.25
2016.02.01 18:07:47.904,1.43884,1.43891,1.50,6.07
2016.02.01 18:07:48.405,1.43884,1.43891,1.45,6.00
2016.02.01 18:07:48.913,1.43882,1.43891,1.12,5.25
2016.02.01 18:07:49.015,1.4388,1.43889,1.12,6.07
2016.02.01 18:07:49.320,1.43875,1.43884,1.50,1.00
2016.02.01 18:07:49.435,1.43875,1.43884,1.45,1.10
2016.02.01 18:07:49.949,1.43873,1.43883,2.62,5.25
2016.02.01 18:07:50.509,1.43873,1.43883,1.95,5.25
2016.02.01 18:07:50.915,1.43873,1.43881,1.95,5.25
2016.02.01 18:08:00.456,1.43874,1.43882,1.10,5.32
2016.02.01 18:08:00.983,1.43875,1.43882,1.00,5.32
2016.02.01 18:08:03.873,1.43877,1.43882,1.00,5.25
2016.02.01 18:08:04.181,1.43883,1.43884,1.00,5.25
2016.02.01 18:08:04.232,1.43883,1.43886,1.00,1.37
2016.02.01 18:08:04.299,1.43885,1.43887,1.00,1.47
2016.02.01 18:08:04.910,1.43886,1.43889,1.00,5.25
2016.02.01 18:08:04.962,1.43886,1.43891,1.00,5.32
2016.02.01 18:08:09.271,1.43884,1.43891,1.00,5.32
2016.02.01 18:08:09.805,1.43883,1.43891,1.00,6.07
2016.02.01 18:08:10.315,1.43883,1.4389,1.00,1.20
2016.02.01 18:08:11.031,1.43883,1.43889,1.00,5.25
2016.02.01 18:08:11.575,1.43883,1.43887,1.00,5.25
2016.02.01 18:08:15.010,1.43883,1.4389,1.00,1.20
2016.02.01 18:08:16.965,1.43885,1.43892,1.00,2.70
2016.02.01 18:08:17.169,1.43887,1.43894,1.00,1.50
2016.02.01 18:08:20.242,1.43891,1.43894,1.00,5.62
2016.02.01 18:08:22.306,1.43892,1.43894,1.00,5.25
2016.02.01 18:08:22.560,1.43893,1.43896,1.00,5.25
2016.02.01 18:08:23.523,1.43894,1.43896,1.00,5.25
2016.02.01 18:08:24.233,1.43894,1.439,1.00,5.77
2016.02.01 18:08:24.378,1.43894,1.439,1.00,5.40
2016.02.01 18:08:25.690,1.43893,1.439,1.00,5.25
2016.02.01 18:08:26.198,1.43894,1.439,1.00,6.07
2016.02.01 18:08:27.213,1.43894,1.43899,1.00,5.25
2016.02.01 18:08:31.134,1.43894,1.439,1.00,2.85
2016.02.01 18:08:36.653,1.43895,1.439,1.00,2.77
2016.02.01 18:08:38.424,1.439,1.43902,1.00,7.42
2016.02.01 18:08:38.475,1.43898,1.43902,1.00,5.40
2016.02.01 18:08:38.577,1.43904,1.43906,1.00,5.62
2016.02.01 18:08:38.628,1.43906,1.43911,1.00,2.17
2016.02.01 18:08:38.781,1.43909,1.43913,1.00,1.65
2016.02.01 18:08:38.832,1.43905,1.43913,2.85,1.27
2016.02.01 18:08:38.883,1.43909,1.43913,1.00,1.00
2016.02.01 18:08:39.143,1.43911,1.43919,1.37,1.07
2016.02.01 18:08:39.195,1.43909,1.43919,1.37,1.07
2016.02.01 18:08:39.299,1.43908,1.43918,1.50,1.55
2016.02.01 18:08:39.709,1.43906,1.43917,2.02,2.10
2016.02.01 18:08:39.761,1.43906,1.43915,1.57,1.62
2016.02.01 18:08:42.061,1.43905,1.43914,1.00,5.32
2016.02.01 18:08:42.569,1.43904,1.43914,1.00,3.45
2016.02.01 18:08:43.120,1.43905,1.43914,1.00,3.45
2016.02.01 18:08:48.732,1.43901,1.43909,1.20,1.10
2016.02.01 18:08:49.037,1.43894,1.43901,1.50,1.00
2016.02.01 18:08:49.190,1.43891,1.43899,1.50,1.50
2016.02.01 18:08:49.342,1.43888,1.43898,1.57,1.20
2016.02.01 18:08:49.495,1.43888,1.43896,1.00,1.87
2016.02.01 18:08:49.699,1.43884,1.43893,1.12,2.70
2016.02.01 18:08:50.240,1.43884,1.43891,1.00,1.07
2016.02.01 18:08:50.748,1.43884,1.43892,1.00,2.70
2016.02.01 18:08:51.714,1.43884,1.43892,1.00,2.40
2016.02.01 18:08:54.524,1.43885,1.43893,1.00,1.87
2016.02.01 18:08:55.335,1.43885,1.43893,1.00,3.00
2016.02.01 18:08:55.836,1.43885,1.43891,1.00,1.57
2016.02.01 18:08:56.600,1.43882,1.43891,1.00,1.07
2016.02.01 18:08:56.703,1.43889,1.43891,1.00,1.10
2016.02.01 18:08:56.806,1.43889,1.43893,1.00,5.32
2016.02.01 18:08:56.959,1.43892,1.43894,1.00,5.25
2016.02.01 18:08:57.215,1.43893,1.43904,1.20,7.20
2016.02.01 18:08:57.419,1.43896,1.43904,1.00,6.82
2016.02.01 18:08:58.180,1.43896,1.43904,1.00,6.82
2016.02.01 18:09:02.857,1.43896,1.43904,1.00,1.10
2016.02.01 18:09:06.100,1.43896,1.43903,1.00,1.00
2016.02.01 18:09:06.639,1.43895,1.43904,1.00,1.10
2016.02.01 18:09:10.977,1.43893,1.43904,1.95,1.47
2016.02.01 18:09:11.387,1.43893,1.43902,1.00,1.47
2016.02.01 18:09:12.896,1.4389,1.439,1.87,1.57
2016.02.01 18:09:13.404,1.4389,1.439,1.87,1.57
2016.02.01 18:09:13.925,1.43891,1.439,1.37,1.27
2016.02.01 18:09:15.397,1.4389,1.439,1.12,1.20
2016.02.01 18:09:15.906,1.4389,1.439,1.87,1.57
2016.02.01 18:09:16.399,1.43889,1.43898,1.00,1.57
2016.02.01 18:09:16.503,1.43887,1.43896,1.00,1.50
2016.02.01 18:09:16.605,1.43885,1.43895,1.57,1.00
2016.02.01 18:09:16.707,1.43885,1.43896,1.50,5.02
2016.02.01 18:09:17.011,1.43888,1.43895,1.00,1.57
2016.02.01 18:09:17.164,1.43885,1.43895,1.50,1.47
2016.02.01 18:09:18.127,1.43885,1.43896,1.57,2.02
2016.02.01 18:09:18.634,1.43885,1.43896,1.47,1.65
2016.02.01 18:09:23.316,1.43884,1.43895,1.00,1.37
2016.02.01 18:09:23.652,1.43881,1.43887,1.00,5.25
2016.02.01 18:09:23.958,1.43879,1.4389,1.50,1.20
2016.02.01 18:09:24.060,1.43879,1.4389,1.50,1.57
2016.02.01 18:09:24.669,1.43879,1.4389,1.00,1.57
2016.02.01 18:09:25.187,1.43879,1.4389,1.50,1.57
2016.02.01 18:09:26.024,1.43881,1.4389,1.00,1.55
2016.02.01 18:09:26.337,1.43881,1.43893,3.07,2.02
2016.02.01 18:09:27.124,1.43882,1.43893,1.00,1.47
2016.02.01 18:09:27.328,1.43883,1.43893,1.10,1.00
2016.02.01 18:09:27.481,1.43886,1.43893,1.00,1.00
2016.02.01 18:09:27.583,1.43886,1.43896,1.00,1.12
2016.02.01 18:09:28.193,1.43884,1.43896,2.02,1.50
2016.02.01 18:09:28.741,1.43886,1.43896,1.12,1.00
2016.02.01 18:09:29.249,1.43886,1.43897,1.00,2.02
2016.02.01 18:09:30.534,1.43886,1.43897,1.00,2.02
2016.02.01 18:09:34.323,1.43885,1.43897,2.77,2.02
2016.02.01 18:09:35.635,1.43885,1.43897,2.77,2.02
2016.02.01 18:09:36.443,1.43885,1.43897,1.20,2.02
2016.02.01 18:09:37.459,1.43884,1.43895,1.47,2.32
2016.02.01 18:09:46.074,1.43884,1.43896,1.65,3.90
2016.02.01 18:09:47.780,1.43882,1.43894,2.02,1.12
2016.02.01 18:09:47.958,1.43882,1.43892,2.02,1.00
2016.02.01 18:09:48.060,1.43882,1.43892,1.50,1.87
2016.02.01 18:09:50.668,1.43882,1.43888,1.00,1.00
2016.02.01 18:09:51.026,1.4388,1.43888,1.50,1.00
2016.02.01 18:09:51.534,1.43878,1.43887,1.50,1.57
2016.02.01 18:09:52.072,1.43878,1.43887,1.50,1.57
2016.02.01 18:09:52.326,1.43878,1.43886,1.00,3.45
2016.02.01 18:09:52.834,1.43878,1.43886,1.50,4.20
2016.02.01 18:09:53.648,1.43877,1.43884,1.75,1.50
2016.02.01 18:09:53.800,1.43875,1.43884,1.12,1.50
2016.02.01 18:09:54.956,1.43875,1.43883,1.00,1.00
2016.02.01 18:09:55.907,1.43874,1.43883,1.10,1.00
2016.02.01 18:09:55.958,1.43874,1.4388,1.10,1.00
2016.02.01 18:09:56.231,1.43867,1.43879,4.27,1.50
2016.02.01 18:09:56.738,1.43866,1.43876,1.95,1.12
2016.02.01 18:09:57.194,1.43865,1.43874,1.20,1.00
2016.02.01 18:09:57.245,1.43865,1.43874,1.10,1.37
2016.02.01 18:09:57.398,1.43863,1.43873,1.00,1.00
2016.02.01 18:09:57.502,1.43865,1.43874,1.37,1.87
2016.02.01 18:09:57.806,1.43869,1.43875,1.37,1.75
2016.02.01 18:09:57.959,1.43869,1.43876,1.37,2.25
2016.02.01 18:09:58.605,1.43868,1.43876,1.37,1.37
2016.02.01 18:09:59.107,1.43868,1.43876,1.37,1.12
2016.02.01 18:09:59.667,1.43869,1.43877,1.50,1.50
2016.02.01 18:10:00.124,1.43869,1.4388,1.57,2.32
2016.02.01 18:10:00.406,1.43872,1.43881,1.12,1.50
2016.02.01 18:10:00.457,1.43872,1.43882,1.12,2.25
2016.02.01 18:10:00.969,1.43872,1.43882,1.95,1.37
2016.02.01 18:10:01.477,1.43872,1.43882,1.10,1.37
2016.02.01 18:10:01.662,1.43872,1.43883,1.20,1.87
2016.02.01 18:10:02.186,1.43872,1.43883,1.57,2.62
2016.02.01 18:10:02.694,1.43871,1.43883,1.17,2.25
2016.02.01 18:10:03.241,1.43871,1.43883,1.17,2.25
2016.02.01 18:10:04.194,1.43869,1.43881,2.70,1.95
2016.02.01 18:10:04.245,1.43869,1.43879,2.02,1.00
2016.02.01 18:10:04.450,1.43868,1.43879,1.50,1.37
2016.02.01 18:10:05.553,1.43869,1.43879,1.50,2.25
2016.02.01 18:10:06.061,1.43869,1.43879,1.00,1.87
2016.02.01 18:10:06.519,1.43866,1.43879,1.47,4.20
2016.02.01 18:10:07.370,1.43867,1.43878,1.00,3.00
2016.02.01 18:10:07.878,1.43867,1.43877,1.50,1.37
2016.02.01 18:10:08.909,1.43868,1.43878,1.37,1.87
2016.02.01 18:10:10.394,1.43868,1.43878,1.37,1.75
2016.02.01 18:10:10.966,1.43869,1.43878,1.37,2.25
2016.02.01 18:10:11.219,1.43867,1.43877,1.50,1.50
2016.02.01 18:10:11.575,1.43868,1.43874,1.12,1.00
2016.02.01 18:10:12.117,1.43869,1.43876,1.12,1.57
2016.02.01 18:10:13.908,1.43869,1.43877,1.12,2.62
2016.02.01 18:10:14.691,1.43868,1.43877,1.12,1.87
2016.02.01 18:10:15.794,1.43869,1.43877,1.12,2.62
2016.02.01 18:10:16.307,1.43868,1.43877,1.12,1.87
2016.02.01 18:10:16.918,1.43869,1.43877,1.12,2.62
2016.02.01 18:10:17.911,1.43868,1.43877,1.12,1.87
2016.02.01 18:10:18.216,1.4387,1.43878,1.37,1.85
2016.02.01 18:10:18.767,1.43869,1.43878,1.37,1.47
2016.02.01 18:10:19.274,1.43868,1.43879,1.57,2.25
2016.02.01 18:10:20.239,1.43869,1.43879,1.87,3.75
2016.02.01 18:10:20.746,1.43869,1.43878,1.12,1.47
2016.02.01 18:10:21.276,1.43868,1.43878,1.00,1.47
2016.02.01 18:10:21.581,1.43868,1.43877,1.12,1.87
2016.02.01 18:10:21.890,1.43871,1.43878,1.12,1.12
2016.02.01 18:10:22.399,1.43869,1.43879,1.47,1.87
2016.02.01 18:10:22.917,1.4387,1.43879,1.37,2.25
2016.02.01 18:10:23.549,1.43869,1.43879,1.47,1.87
2016.02.01 18:10:24.268,1.43868,1.43879,1.87,2.32
2016.02.01 18:10:24.799,1.43869,1.43879,1.20,2.32
2016.02.01 18:10:27.025,1.43869,1.43878,1.47,1.37
2016.02.01 18:10:27.533,1.4387,1.43878,1.37,1.87
2016.02.01 18:10:28.027,1.43869,1.43878,1.20,1.87
2016.02.01 18:10:28.560,1.43868,1.43878,1.12,1.87
2016.02.01 18:10:28.866,1.43869,1.43878,1.37,2.62
2016.02.01 18:10:29.673,1.4387,1.43878,1.37,1.87
2016.02.01 18:10:30.180,1.4387,1.43879,1.37,1.87
2016.02.01 18:10:30.766,1.43869,1.43879,2.02,1.87
2016.02.01 18:10:31.274,1.43869,1.43879,2.02,1.87
2016.02.01 18:10:32.661,1.43871,1.43879,1.12,1.87
2016.02.01 18:10:33.171,1.43871,1.4388,1.20,1.12
2016.02.01 18:10:33.880,1.43872,1.4388,1.12,1.12
2016.02.01 18:10:34.391,1.43871,1.4388,1.20,1.12
2016.02.01 18:10:35.271,1.43872,1.4388,1.12,1.00
2016.02.01 18:10:35.777,1.4387,1.4388,1.57,1.00
2016.02.01 18:10:36.323,1.4387,1.4388,2.32,1.37
2016.02.01 18:10:36.831,1.43872,1.4388,1.12,1.00
2016.02.01 18:10:37.136,1.43877,1.43883,1.27,1.00
2016.02.01 18:10:37.187,1.43877,1.43885,1.65,1.00
2016.02.01 18:10:37.238,1.43877,1.43887,1.65,1.00
2016.02.01 18:10:37.494,1.43879,1.43889,1.37,2.02
2016.02.01 18:10:38.001,1.43878,1.43888,1.37,1.57
2016.02.01 18:10:38.310,1.4388,1.43889,1.37,6.82
2016.02.01 18:10:38.462,1.43878,1.43888,1.37,1.57
2016.02.01 18:10:39.324,1.4388,1.43888,1.37,1.47
2016.02.01 18:10:39.628,1.4388,1.43889,1.20,1.50
2016.02.01 18:10:40.138,1.4388,1.43889,1.47,1.50
2016.02.01 18:10:40.640,1.43879,1.43889,1.57,1.50
2016.02.01 18:10:41.047,1.43879,1.43889,1.37,2.70
2016.02.01 18:10:41.572,1.4388,1.43889,1.37,2.70
2016.02.01 18:10:42.083,1.43879,1.43889,1.37,2.70
2016.02.01 18:10:42.612,1.4388,1.43888,1.37,1.50
2016.02.01 18:10:44.313,1.4388,1.43888,1.12,2.32
2016.02.01 18:10:44.834,1.43879,1.43888,1.12,2.32
2016.02.01 18:10:46.891,1.43879,1.43887,1.37,1.12
2016.02.01 18:10:47.196,1.43875,1.43882,1.12,1.00
2016.02.01 18:10:47.350,1.43871,1.43879,1.00,1.37
2016.02.01 18:10:47.554,1.4387,1.43878,1.00,1.87
2016.02.01 18:10:48.062,1.4387,1.43879,1.12,4.50
2016.02.01 18:10:48.163,1.43872,1.43881,1.12,2.32
2016.02.01 18:10:48.371,1.43873,1.43883,1.57,1.95
2016.02.01 18:10:49.034,1.43873,1.43882,1.57,1.00
2016.02.01 18:10:53.433,1.43874,1.43882,1.00,1.50
2016.02.01 18:10:53.974,1.43874,1.43882,1.37,1.50
2016.02.01 18:10:54.481,1.43874,1.43881,1.37,1.00
2016.02.01 18:10:54.989,1.43874,1.43881,1.00,1.00
2016.02.01 18:10:55.142,1.43871,1.43878,1.00,1.12
2016.02.01 18:10:56.361,1.43868,1.43878,1.75,1.37
2016.02.01 18:11:03.194,1.4387,1.43878,1.50,1.00
2016.02.01 18:11:04.151,1.4387,1.43878,1.75,1.00
2016.02.01 18:11:07.115,1.4387,1.43878,1.50,1.00
2016.02.01 18:11:08.108,1.43869,1.43878,1.12,1.37
2016.02.01 18:11:09.680,1.43868,1.43878,1.47,1.87
2016.02.01 18:11:09.985,1.43865,1.43871,1.12,1.00
2016.02.01 18:11:10.087,1.43862,1.43871,2.25,1.50
2016.02.01 18:11:10.621,1.43859,1.43871,3.75,1.57
2016.02.01 18:11:12.075,1.43862,1.43871,1.37,1.37
2016.02.01 18:11:12.280,1.43866,1.43875,1.00,4.50
2016.02.01 18:11:12.332,1.43866,1.43875,1.50,1.37
2016.02.01 18:11:12.434,1.43867,1.43876,1.37,2.25
2016.02.01 18:11:12.942,1.43868,1.43876,1.37,1.00
2016.02.01 18:11:13.465,1.43868,1.43876,1.12,1.00
2016.02.01 18:11:13.940,1.43866,1.43874,2.25,1.00
2016.02.01 18:11:14.839,1.43866,1.43874,1.12,1.00
2016.02.01 18:11:15.350,1.43866,1.43874,1.87,1.00
2016.02.01 18:11:15.881,1.43866,1.43874,1.87,1.00
2016.02.01 18:11:16.191,1.43859,1.4387,3.37,1.95
2016.02.01 18:11:16.496,1.43859,1.43865,1.12,1.00
2016.02.01 18:11:16.547,1.43856,1.43865,1.07,1.12
2016.02.01 18:11:16.599,1.43854,1.43863,2.62,1.00
2016.02.01 18:11:16.904,1.43852,1.43863,2.62,1.47
2016.02.01 18:11:17.050,1.43853,1.43863,1.82,1.20
2016.02.01 18:11:20.093,1.43853,1.43862,1.82,1.12
2016.02.01 18:11:22.219,1.43853,1.43857,1.50,1.00
2016.02.01 18:11:22.321,1.4385,1.43855,1.50,1.50
2016.02.01 18:11:22.423,1.4385,1.43853,1.00,1.10
2016.02.01 18:11:22.525,1.43844,1.43853,1.47,1.50
2016.02.01 18:11:23.034,1.43845,1.43853,1.37,1.65
2016.02.01 18:11:23.237,1.43849,1.43853,1.50,1.50
2016.02.01 18:11:23.441,1.43852,1.43858,1.00,1.00
2016.02.01 18:11:23.492,1.43851,1.4386,1.87,1.10
2016.02.01 18:11:23.645,1.43854,1.43863,1.00,1.47
2016.02.01 18:11:26.280,1.43855,1.43864,1.00,1.85
2016.02.01 18:11:27.030,1.43852,1.43858,1.12,1.37
2016.02.01 18:11:27.183,1.43847,1.43855,1.87,1.37
2016.02.01 18:11:27.285,1.43845,1.43855,1.57,1.37
2016.02.01 18:11:28.217,1.43846,1.43856,1.20,1.20
2016.02.01 18:11:28.725,1.43843,1.43855,1.87,1.95
2016.02.01 18:11:30.799,1.43843,1.43854,1.87,1.40
2016.02.01 18:11:35.487,1.43843,1.43854,1.87,1.80
2016.02.01 18:11:35.945,1.43843,1.43853,1.27,1.75
2016.02.01 18:11:36.853,1.43844,1.43853,1.00,1.12
2016.02.01 18:11:37.209,1.43847,1.43854,1.00,1.40
2016.02.01 18:11:37.514,1.4385,1.43855,1.00,2.25
2016.02.01 18:11:37.616,1.4385,1.43855,1.00,1.12
2016.02.01 18:11:37.718,1.43853,1.43858,1.00,4.12
2016.02.01 18:11:37.820,1.43853,1.4386,1.00,1.12
2016.02.01 18:11:37.872,1.43853,1.43861,1.00,1.00
2016.02.01 18:11:38.380,1.43853,1.43863,1.27,1.80
2016.02.01 18:11:39.342,1.43853,1.43861,1.20,1.00
2016.02.01 18:11:39.537,1.4385,1.43859,2.25,1.00
2016.02.01 18:11:39.588,1.43848,1.43858,1.87,1.00
2016.02.01 18:11:39.741,1.43847,1.43857,1.95,1.20
2016.02.01 18:11:39.793,1.43847,1.43857,1.87,1.87
2016.02.01 18:11:40.098,1.43848,1.43857,1.37,2.25
2016.02.01 18:11:40.607,1.43848,1.43857,1.12,3.00
2016.02.01 18:11:41.217,1.43848,1.43855,1.37,1.12
2016.02.01 18:11:41.724,1.43848,1.43855,1.12,1.12
2016.02.01 18:11:41.978,1.43845,1.43854,1.87,1.10
2016.02.01 18:11:50.266,1.43845,1.43853,1.10,1.10
2016.02.01 18:11:51.484,1.43847,1.43853,1.00,1.10
2016.02.01 18:11:51.801,1.43855,1.4386,1.20,1.00
2016.02.01 18:11:52.308,1.43855,1.43861,1.20,1.12
2016.02.01 18:11:52.815,1.43854,1.43861,1.20,1.12
2016.02.01 18:11:55.123,1.43853,1.43861,1.20,1.00
2016.02.01 18:12:00.295,1.43852,1.43861,2.02,1.27
2016.02.01 18:12:03.416,1.43852,1.43861,1.57,1.20
2016.02.01 18:12:14.288,1.43852,1.43861,1.27,1.20
2016.02.01 18:12:34.110,1.43852,1.43861,1.95,1.20
2016.02.01 18:12:34.646,1.43852,1.43863,3.75,1.50
2016.02.01 18:12:35.153,1.43854,1.43863,3.00,1.12
2016.02.01 18:12:39.882,1.43853,1.43862,1.20,1.10
2016.02.01 18:12:41.859,1.43853,1.4386,1.20,1.50
2016.02.01 18:12:42.011,1.43849,1.43857,3.07,1.00
2016.02.01 18:12:43.179,1.43847,1.43857,1.12,1.20
2016.02.01 18:12:44.117,1.43846,1.43856,1.10,1.00
2016.02.01 18:12:44.372,1.43846,1.43853,1.20,1.10
2016.02.01 18:12:48.328,1.43844,1.43856,1.85,3.67
2016.02.01 18:12:50.960,1.43845,1.43855,1.07,1.50
2016.02.01 18:12:55.496,1.43844,1.4385,1.57,1.00
2016.02.01 18:12:55.598,1.43844,1.4385,1.00,1.10
2016.02.01 18:12:55.739,1.43844,1.43847,1.00,1.00
2016.02.01 18:12:55.943,1.43838,1.43846,1.00,1.95
2016.02.01 18:12:55.995,1.43841,1.43846,1.00,2.32
2016.02.01 18:12:56.097,1.43841,1.43847,1.00,1.10
2016.02.01 18:12:56.149,1.43841,1.4385,1.00,2.40
2016.02.01 18:12:56.352,1.43843,1.4385,1.00,1.27
2016.02.01 18:12:57.098,1.43845,1.43852,1.00,1.50
2016.02.01 18:12:57.403,1.43845,1.43853,1.00,1.57
2016.02.01 18:12:58.617,1.4385,1.43853,1.00,1.10
2016.02.01 18:12:58.719,1.43852,1.43856,1.00,2.25
2016.02.01 18:12:58.821,1.43852,1.4386,1.00,1.20
2016.02.01 18:12:59.348,1.43849,1.4386,1.47,3.00
2016.02.01 18:12:59.450,1.43849,1.43859,1.00,4.87
2016.02.01 18:12:59.958,1.43848,1.43857,1.57,1.57
2016.02.01 18:13:05.370,1.43848,1.43857,1.10,4.80
2016.02.01 18:13:10.898,1.43845,1.43855,1.57,1.10
2016.02.01 18:13:19.436,1.43845,1.43855,1.50,1.50
2016.02.01 18:13:19.589,1.43847,1.43855,1.00,1.50
2016.02.01 18:13:20.160,1.43847,1.43855,1.00,1.00
2016.02.01 18:13:20.262,1.43845,1.43855,1.50,1.00
2016.02.01 18:13:20.777,1.43845,1.43855,1.50,1.50
2016.02.01 18:13:21.284,1.43845,1.43855,1.50,1.00
2016.02.01 18:13:21.877,1.43845,1.43855,1.50,1.07
2016.02.01 18:13:45.616,1.43845,1.43856,1.00,3.52
2016.02.01 18:13:56.115,1.43845,1.43854,1.00,1.00
2016.02.01 18:13:59.167,1.43844,1.43854,1.87,1.00
2016.02.01 18:14:02.055,1.43844,1.43855,2.25,1.10
2016.02.01 18:14:02.949,1.43847,1.43855,2.25,1.10
2016.02.01 18:14:05.892,1.43847,1.43856,1.00,1.07
2016.02.01 18:14:09.151,1.43847,1.43856,1.37,1.07
2016.02.01 18:14:09.678,1.43846,1.43856,2.62,1.10
2016.02.01 18:14:10.192,1.43846,1.43856,3.37,1.20
2016.02.01 18:14:10.694,1.43848,1.43856,1.00,1.12
2016.02.01 18:14:12.963,1.43849,1.43857,1.00,3.37
2016.02.01 18:14:13.269,1.43856,1.43865,1.50,1.87
2016.02.01 18:14:14.255,1.43856,1.43865,2.62,2.62
2016.02.01 18:14:14.762,1.43856,1.43865,2.25,2.25
2016.02.01 18:14:20.236,1.43856,1.43864,1.00,1.87
2016.02.01 18:14:21.268,1.43856,1.43864,1.00,1.87
2016.02.01 18:14:21.573,1.43852,1.43857,2.25,2.62
2016.02.01 18:14:23.484,1.43852,1.43857,2.25,2.62
2016.02.01 18:14:23.942,1.43851,1.43857,1.00,3.45
2016.02.01 18:14:25.177,1.4385,1.43854,2.25,1.37
2016.02.01 18:14:25.909,1.43847,1.43854,5.25,1.37
2016.02.01 18:14:32.186,1.43847,1.43853,5.25,1.12
2016.02.01 18:14:32.692,1.43847,1.43853,5.25,1.12
2016.02.01 18:14:35.125,1.43851,1.43854,1.00,1.37
2016.02.01 18:14:35.228,1.43851,1.43856,1.50,1.20
2016.02.01 18:14:35.381,1.43851,1.43859,1.00,1.00
2016.02.01 18:14:36.124,1.43851,1.43856,1.00,1.00
2016.02.01 18:14:36.379,1.43846,1.43856,2.40,2.25
2016.02.01 18:14:36.895,1.43846,1.43856,2.02,1.50
2016.02.01 18:14:37.405,1.43846,1.43855,1.10,1.00
2016.02.01 18:14:37.912,1.43846,1.43854,1.00,1.00
2016.02.01 18:14:38.882,1.43848,1.43854,1.00,1.00
2016.02.01 18:14:42.959,1.43848,1.43855,1.00,1.50
2016.02.01 18:14:49.278,1.43848,1.43856,1.00,1.95
2016.02.01 18:14:51.432,1.4385,1.43858,1.00,1.95
2016.02.01 18:14:51.637,1.43854,1.43865,1.50,2.32
2016.02.01 18:14:51.739,1.43855,1.43866,1.00,2.02
2016.02.01 18:14:51.885,1.43857,1.43866,1.00,1.20
2016.02.01 18:14:52.190,1.43857,1.43863,1.50,1.00
2016.02.01 18:14:52.495,1.43857,1.43861,1.00,1.10
2016.02.01 18:14:53.300,1.43852,1.43861,2.62,1.10
2016.02.01 18:14:55.148,1.43852,1.4386,2.62,1.00
2016.02.01 18:14:56.263,1.43853,1.4386,1.00,1.12
2016.02.01 18:14:56.771,1.43853,1.43861,1.00,1.50
2016.02.01 18:14:58.182,1.43853,1.43861,1.00,2.62
2016.02.01 18:14:59.126,1.43853,1.43861,1.00,2.32
2016.02.01 18:14:59.228,1.43851,1.4386,1.00,1.07
2016.02.01 18:14:59.431,1.43851,1.43861,1.00,2.77
2016.02.01 18:14:59.801,1.43851,1.43857,1.00,1.10
2016.02.01 18:15:00.322,1.43851,1.43857,1.00,1.20
2016.02.01 18:15:00.880,1.43847,1.43857,2.25,1.20
2016.02.01 18:15:01.718,1.43847,1.43856,1.00,1.47
2016.02.01 18:15:02.256,1.43847,1.43856,1.00,1.47
2016.02.01 18:15:02.929,1.43847,1.43856,1.00,1.47
2016.02.01 18:15:03.449,1.43847,1.43856,1.00,1.47
2016.02.01 18:15:03.955,1.43845,1.43855,1.12,1.37
2016.02.01 18:15:04.466,1.43845,1.43855,1.00,1.87
2016.02.01 18:15:04.994,1.43844,1.43855,1.57,2.25
2016.02.01 18:15:05.502,1.43844,1.43854,1.50,1.57
2016.02.01 18:15:07.377,1.43844,1.43854,3.37,1.20
2016.02.01 18:15:09.790,1.43844,1.43855,3.45,2.77
2016.02.01 18:15:10.449,1.43845,1.43855,1.10,2.70
2016.02.01 18:15:10.956,1.43845,1.43855,1.10,2.32
2016.02.01 18:15:13.064,1.43845,1.43857,3.15,1.65
2016.02.01 18:15:13.573,1.43845,1.43857,2.77,2.02
2016.02.01 18:15:14.990,1.43844,1.43856,3.07,1.95
2016.02.01 18:15:15.657,1.43844,1.43856,1.95,1.95
2016.02.01 18:15:16.214,1.43844,1.43856,1.95,3.07
2016.02.01 18:15:16.715,1.43844,1.43856,2.32,2.70
2016.02.01 18:15:20.062,1.43845,1.43856,1.85,1.95
2016.02.01 18:15:23.001,1.43846,1.43856,1.10,1.20
2016.02.01 18:15:23.103,1.43846,1.43856,1.10,1.47
2016.02.01 18:15:25.780,1.43847,1.43855,1.00,1.07
2016.02.01 18:15:28.161,1.43848,1.43856,2.25,1.50
2016.02.01 18:15:57.550,1.43848,1.43853,2.25,1.00
2016.02.01 18:15:58.092,1.43848,1.43855,2.25,1.50
2016.02.01 18:16:00.946,1.43848,1.43855,3.75,1.50
2016.02.01 18:16:11.868,1.43846,1.43855,1.00,1.50
2016.02.01 18:16:14.842,1.43848,1.43855,2.25,3.00
2016.02.01 18:16:21.969,1.43848,1.43856,2.25,2.62
2016.02.01 18:16:32.659,1.43846,1.43855,1.12,1.12
2016.02.01 18:16:33.277,1.43848,1.43855,2.25,1.87
2016.02.01 18:16:35.278,1.43848,1.43856,2.25,1.87
2016.02.01 18:16:36.267,1.43847,1.43856,3.75,1.45
2016.02.01 18:16:54.101,1.43849,1.43855,2.25,1.10
2016.02.01 18:16:56.509,1.43849,1.43855,2.25,1.12
2016.02.01 18:17:00.266,1.43844,1.43852,2.62,5.25
2016.02.01 18:17:00.622,1.43845,1.43852,1.00,5.25
2016.02.01 18:17:10.327,1.43848,1.43852,1.00,5.25
2016.02.01 18:17:10.838,1.43847,1.43853,1.00,5.25
2016.02.01 18:17:16.364,1.43846,1.43852,1.10,5.25
2016.02.01 18:17:16.880,1.43846,1.43851,1.10,5.25
2016.02.01 18:17:27.189,1.43844,1.43852,3.00,5.25
2016.02.01 18:17:27.697,1.43843,1.43852,2.32,5.25
2016.02.01 18:17:29.069,1.43843,1.43851,2.32,5.25
2016.02.01 18:17:32.267,1.43845,1.43852,1.10,5.25
2016.02.01 18:17:51.864,1.43844,1.43854,1.50,2.70
2016.02.01 18:17:56.047,1.43844,1.43854,1.50,1.65
2016.02.01 18:17:56.553,1.43844,1.43854,1.37,1.95
2016.02.01 18:17:57.009,1.43843,1.43854,1.20,1.65
2016.02.01 18:18:03.029,1.43842,1.43854,3.00,1.15
2016.02.01 18:18:04.045,1.43842,1.43854,3.00,1.15
2016.02.01 18:18:10.876,1.43843,1.43854,1.27,4.27
2016.02.01 18:18:12.067,1.43843,1.43854,1.27,4.27
2016.02.01 18:18:13.037,1.43841,1.43852,1.00,3.07
2016.02.01 18:18:13.139,1.43841,1.4385,1.00,1.57
2016.02.01 18:18:13.190,1.43838,1.43848,1.27,1.37
2016.02.01 18:18:13.242,1.4384,1.43848,1.87,1.00
2016.02.01 18:18:13.748,1.4384,1.43851,1.00,1.95
2016.02.01 18:18:14.276,1.4384,1.43851,1.00,1.65
2016.02.01 18:18:14.783,1.43839,1.43849,1.87,1.20
2016.02.01 18:18:15.087,1.43842,1.43849,1.00,1.20
2016.02.01 18:18:15.138,1.4384,1.43849,1.12,1.20
2016.02.01 18:18:15.584,1.43838,1.43849,1.50,1.95
2016.02.01 18:18:15.889,1.43841,1.43847,1.00,1.10
2016.02.01 18:18:15.940,1.43841,1.4385,3.00,1.20
2016.02.01 18:18:16.042,1.43843,1.43854,1.20,1.57
2016.02.01 18:18:16.550,1.43843,1.43855,1.95,2.40
2016.02.01 18:18:18.681,1.43843,1.43855,1.12,4.95
2016.02.01 18:18:27.725,1.43843,1.43852,1.00,1.10
2016.02.01 18:18:28.260,1.43841,1.43853,1.75,4.95
2016.02.01 18:18:28.768,1.43841,1.43853,1.87,4.95
2016.02.01 18:18:30.208,1.43841,1.43853,2.70,3.82
2016.02.01 18:18:30.259,1.43841,1.43853,6.00,3.52
2016.02.01 18:18:40.213,1.43842,1.43854,2.62,4.95
2016.02.01 18:18:40.753,1.43842,1.43853,3.00,1.27
2016.02.01 18:18:45.520,1.43844,1.43854,1.12,1.57
2016.02.01 18:18:46.942,1.43849,1.43854,1.50,1.57
2016.02.01 18:18:47.096,1.43851,1.43858,1.57,1.12
2016.02.01 18:18:47.147,1.43851,1.43858,2.62,1.87
2016.02.01 18:18:47.249,1.4385,1.43856,1.00,1.00
2016.02.01 18:18:47.300,1.43846,1.43856,1.50,1.00
2016.02.01 18:18:47.803,1.43845,1.43856,1.45,1.87
2016.02.01 18:18:48.828,1.43845,1.43854,1.45,2.25
2016.02.01 18:18:56.298,1.43845,1.43854,1.12,2.25
2016.02.01 18:18:57.143,1.43844,1.43854,2.62,2.25
2016.02.01 18:18:57.397,1.43841,1.43852,3.37,1.00
2016.02.01 18:18:58.720,1.43841,1.43853,3.00,2.32
2016.02.01 18:18:59.228,1.43841,1.43853,2.25,2.32
2016.02.01 18:18:59.736,1.43841,1.43853,1.12,3.07
2016.02.01 18:19:02.057,1.43841,1.43852,1.87,1.13
2016.02.01 18:19:02.564,1.43841,1.43853,1.12,2.71
2016.02.01 18:19:03.090,1.43841,1.43853,1.12,2.70
2016.02.01 18:19:07.056,1.43841,1.43853,1.12,1.65
2016.02.01 18:19:07.411,1.43841,1.43853,1.87,4.65
2016.02.01 18:19:07.615,1.4384,1.43851,1.00,1.55
2016.02.01 18:19:07.709,1.43837,1.43848,1.50,2.62
2016.02.01 18:19:07.760,1.43837,1.43848,1.12,3.00
2016.02.01 18:19:07.811,1.43836,1.43848,2.25,6.07
2016.02.01 18:19:07.964,1.43835,1.43847,2.32,1.45
2016.02.01 18:19:08.217,1.43836,1.43847,1.37,4.27
2016.02.01 18:19:08.826,1.43836,1.43847,1.00,4.27
2016.02.01 18:19:09.883,1.43837,1.43846,1.00,1.57
2016.02.01 18:19:10.036,1.4384,1.43849,1.50,1.55
2016.02.01 18:19:11.127,1.43838,1.43849,1.37,1.12
2016.02.01 18:19:11.229,1.43838,1.43848,1.00,1.95
2016.02.01 18:19:11.381,1.43837,1.43847,1.12,1.87
2016.02.01 18:19:14.975,1.43837,1.43846,1.00,1.95
2016.02.01 18:19:17.731,1.43837,1.43846,1.00,1.50
2016.02.01 18:19:17.782,1.43839,1.43846,1.00,1.50
2016.02.01 18:19:18.087,1.43842,1.4385,1.17,1.00
2016.02.01 18:19:19.192,1.43841,1.43847,1.57,1.00
2016.02.01 18:19:19.345,1.43841,1.43847,1.10,1.00
2016.02.01 18:19:19.885,1.4384,1.43847,1.12,1.00
2016.02.01 18:19:20.392,1.4384,1.4385,1.00,3.07
2016.02.01 18:19:20.494,1.4384,1.43849,1.00,1.12
2016.02.01 18:19:21.619,1.43841,1.43849,1.00,1.12
2016.02.01 18:19:21.823,1.43841,1.4385,1.00,2.32
2016.02.01 18:19:21.925,1.43843,1.4385,1.00,1.12
2016.02.01 18:19:22.077,1.43843,1.43852,1.10,2.32
2016.02.01 18:19:22.332,1.43846,1.43852,1.00,1.37
2016.02.01 18:19:22.384,1.43846,1.43855,1.00,3.07
2016.02.01 18:19:23.348,1.43846,1.43855,1.00,2.02
2016.02.01 18:19:23.870,1.43846,1.43854,1.00,1.00
2016.02.01 18:19:25.809,1.43846,1.43855,1.00,2.25
2016.02.01 18:19:30.631,1.43846,1.43855,1.00,2.70
2016.02.01 18:19:31.153,1.43846,1.43855,1.00,2.32
2016.02.01 18:19:33.611,1.43846,1.43855,1.00,3.45
2016.02.01 18:19:34.025,1.43846,1.43855,1.00,3.07
2016.02.01 18:19:35.197,1.43846,1.43855,1.00,2.32
2016.02.01 18:19:36.351,1.43846,1.43855,1.00,1.57
2016.02.01 18:19:57.555,1.43846,1.43854,1.00,1.05
2016.02.01 18:20:03.062,1.4385,1.43854,1.00,1.50
2016.02.01 18:20:03.319,1.43853,1.4386,1.00,1.87
2016.02.01 18:20:03.370,1.43853,1.4386,1.10,1.12
2016.02.01 18:20:03.878,1.43853,1.4386,1.00,1.37
2016.02.01 18:20:04.030,1.4385,1.43859,1.95,1.12
2016.02.01 18:20:04.255,1.4385,1.43858,1.00,3.45
2016.02.01 18:20:04.612,1.43852,1.43859,1.00,1.50
2016.02.01 18:20:05.122,1.43852,1.43859,1.00,1.37
2016.02.01 18:20:05.541,1.43852,1.4386,1.00,2.40
2016.02.01 18:20:06.048,1.43852,1.43859,1.00,1.12
2016.02.01 18:20:06.608,1.43852,1.43858,1.00,1.12
2016.02.01 18:20:06.659,1.4385,1.43858,1.80,1.12
2016.02.01 18:20:07.157,1.43851,1.43856,1.00,1.00
2016.02.01 18:20:07.361,1.43845,1.43854,2.02,1.12
2016.02.01 18:20:07.906,1.43845,1.43855,1.12,2.25
2016.02.01 18:20:08.442,1.43845,1.43855,1.20,1.87
2016.02.01 18:20:09.929,1.43845,1.43855,1.20,2.62
2016.02.01 18:20:10.436,1.43845,1.43855,1.00,3.00
2016.02.01 18:20:13.586,1.43844,1.43854,1.00,1.12
2016.02.01 18:20:14.094,1.43844,1.43854,1.00,1.20
2016.02.01 18:20:14.916,1.43846,1.43855,1.00,3.00
2016.02.01 18:20:15.018,1.43844,1.43855,1.50,3.00
2016.02.01 18:20:15.222,1.43846,1.43855,1.00,2.62
2016.02.01 18:20:15.375,1.43846,1.43856,1.07,1.57
2016.02.01 18:20:15.738,1.43849,1.43857,1.00,2.62
2016.02.01 18:20:16.043,1.43848,1.43857,1.07,1.50
2016.02.01 18:20:16.246,1.43852,1.43858,1.00,1.20
2016.02.01 18:20:16.499,1.43852,1.4386,1.00,1.12
2016.02.01 18:20:17.262,1.43852,1.43861,1.00,1.50
2016.02.01 18:20:18.340,1.43852,1.43861,1.00,2.25
2016.02.01 18:20:21.338,1.43852,1.43861,1.00,2.62
2016.02.01 18:20:24.280,1.43852,1.43861,1.00,2.62
2016.02.01 18:20:27.407,1.43852,1.43861,1.00,1.12
2016.02.01 18:20:28.728,1.43854,1.43861,1.00,1.50
2016.02.01 18:20:29.379,1.43854,1.43863,1.00,3.37
2016.02.01 18:20:30.583,1.43854,1.4386,1.00,1.12
2016.02.01 18:20:31.906,1.43854,1.4386,1.00,1.37
2016.02.01 18:20:32.160,1.43851,1.43859,1.50,1.12
2016.02.01 18:20:32.700,1.43851,1.43859,1.12,1.12
2016.02.01 18:20:33.308,1.43851,1.43858,1.00,1.12
2016.02.01 18:20:33.825,1.43851,1.43858,1.00,1.37
2016.02.01 18:20:33.878,1.43854,1.43859,1.00,1.12
2016.02.01 18:20:34.388,1.43854,1.4386,1.00,1.12
2016.02.01 18:20:34.898,1.43854,1.4386,1.00,1.37
2016.02.01 18:20:35.427,1.43854,1.43861,1.00,2.32
2016.02.01 18:20:35.929,1.43854,1.43862,1.12,1.50
2016.02.01 18:20:36.438,1.43854,1.43862,1.00,1.50
2016.02.01 18:20:37.317,1.43854,1.43861,1.00,1.12
2016.02.01 18:20:37.824,1.43854,1.43862,1.00,2.25
2016.02.01 18:20:38.775,1.43854,1.43861,1.00,1.12
2016.02.01 18:20:39.324,1.43854,1.43862,1.00,2.25
2016.02.01 18:20:39.878,1.43854,1.43862,1.00,2.25
2016.02.01 18:20:40.417,1.43854,1.43862,1.00,1.50
2016.02.01 18:20:40.731,1.43854,1.4386,1.00,1.37
2016.02.01 18:20:40.933,1.43851,1.43858,1.12,1.12
2016.02.01 18:20:41.035,1.4385,1.43859,1.00,2.62
2016.02.01 18:20:41.188,1.43849,1.43859,1.20,5.62
2016.02.01 18:20:42.455,1.43848,1.43859,1.50,4.87
2016.02.01 18:20:42.962,1.43846,1.43856,1.85,3.45
2016.02.01 18:20:43.318,1.43846,1.43855,1.10,1.47
2016.02.01 18:20:43.918,1.43846,1.43856,1.00,3.45
2016.02.01 18:20:48.367,1.43845,1.43856,1.12,3.07
2016.02.01 18:20:49.800,1.43845,1.43854,1.00,1.00
2016.02.01 18:20:50.079,1.43845,1.43853,1.00,1.57
2016.02.01 18:20:50.384,1.43845,1.43852,1.00,1.12
2016.02.01 18:20:50.892,1.43844,1.43851,1.00,1.20
2016.02.01 18:20:51.495,1.43842,1.43851,1.50,1.20
2016.02.01 18:20:53.722,1.43842,1.43847,1.00,1.00
2016.02.01 18:20:54.036,1.43847,1.43851,1.00,1.10
2016.02.01 18:20:54.240,1.43845,1.43854,1.50,1.50
2016.02.01 18:20:54.291,1.43845,1.43854,1.57,1.00
2016.02.01 18:20:54.849,1.43845,1.43854,1.12,1.07
2016.02.01 18:20:55.374,1.43844,1.43853,1.12,1.87
2016.02.01 18:20:57.718,1.43844,1.43853,1.00,3.00
2016.02.01 18:20:58.313,1.43846,1.43853,1.00,1.12
2016.02.01 18:20:58.517,1.43846,1.43854,1.00,1.07
2016.02.01 18:20:58.721,1.43846,1.43855,1.00,1.20
2016.02.01 18:21:00.727,1.43846,1.43855,1.00,2.32
2016.02.01 18:21:10.133,1.43846,1.43855,1.00,1.27
2016.02.01 18:21:11.632,1.43846,1.43855,1.00,2.40
2016.02.01 18:21:11.939,1.43844,1.43853,1.00,1.50
2016.02.01 18:21:12.448,1.43844,1.43852,1.00,1.45
2016.02.01 18:21:12.980,1.43843,1.43853,1.10,1.95
2016.02.01 18:21:13.674,1.43843,1.43853,1.20,3.07
2016.02.01 18:21:13.976,1.43846,1.43853,1.00,1.00
2016.02.01 18:21:17.966,1.43846,1.43854,1.50,1.27
2016.02.01 18:21:22.899,1.43846,1.43855,1.00,1.00
2016.02.01 18:21:23.726,1.43852,1.43855,1.00,1.12
2016.02.01 18:21:23.835,1.43853,1.43862,1.10,3.75
2016.02.01 18:21:23.886,1.43853,1.43862,1.20,2.62
2016.02.01 18:21:24.395,1.43852,1.4386,1.00,1.10
2016.02.01 18:21:24.903,1.43852,1.4386,1.00,1.95
2016.02.01 18:21:25.414,1.43851,1.4386,1.10,1.95
2016.02.01 18:21:28.520,1.43851,1.4386,1.10,1.20
2016.02.01 18:21:29.304,1.43853,1.4386,1.00,1.12
2016.02.01 18:21:33.073,1.43854,1.43861,1.00,1.37
2016.02.01 18:21:36.346,1.43854,1.43861,1.20,1.12
2016.02.01 18:21:37.349,1.43854,1.43861,1.20,1.37
2016.02.01 18:21:37.856,1.43854,1.43859,1.10,1.12
2016.02.01 18:21:38.110,1.43852,1.43858,1.27,1.12
2016.02.01 18:21:38.617,1.43852,1.4386,1.87,1.37
2016.02.01 18:21:39.438,1.43851,1.43857,1.95,1.12
2016.02.01 18:21:39.541,1.43851,1.43858,1.10,1.37
2016.02.01 18:21:39.946,1.43851,1.4386,1.10,1.10
2016.02.01 18:21:41.245,1.43851,1.4386,1.10,2.32
2016.02.01 18:21:41.833,1.43851,1.4386,1.00,1.00
2016.02.01 18:21:42.443,1.43851,1.4386,1.50,1.50
2016.02.01 18:21:42.977,1.43851,1.4386,1.50,1.00
2016.02.01 18:21:43.243,1.43851,1.43859,1.50,1.37
2016.02.01 18:21:43.751,1.43851,1.4386,1.50,1.50
2016.02.01 18:21:44.301,1.4385,1.4386,2.32,1.50
2016.02.01 18:21:44.860,1.4385,1.4386,2.32,1.50
2016.02.01 18:21:45.367,1.4385,1.43859,2.32,1.12
2016.02.01 18:21:45.878,1.4385,1.43859,2.32,1.37
2016.02.01 18:21:46.132,1.4385,1.4386,2.32,1.50
2016.02.01 18:21:46.742,1.4385,1.4386,2.32,1.37
2016.02.01 18:21:47.291,1.4385,1.43861,2.32,3.75
2016.02.01 18:21:48.653,1.43849,1.4386,3.45,1.37
2016.02.01 18:21:49.099,1.43848,1.43857,1.87,1.50
2016.02.01 18:21:49.302,1.43847,1.43856,1.57,1.47
2016.02.01 18:21:57.699,1.43847,1.43857,1.57,2.77
2016.02.01 18:21:57.794,1.4385,1.43857,1.00,2.77
2016.02.01 18:21:58.049,1.4385,1.43861,1.95,1.50
2016.02.01 18:21:58.100,1.43849,1.43859,2.70,1.87
2016.02.01 18:21:58.608,1.43849,1.43858,2.25,1.37
2016.02.01 18:21:58.710,1.43849,1.43859,1.87,1.12
2016.02.01 18:21:59.484,1.4385,1.43859,2.32,1.37
2016.02.01 18:21:59.790,1.4385,1.43857,2.32,1.50
2016.02.01 18:22:00.897,1.4385,1.43859,2.25,2.32
2016.02.01 18:22:02.013,1.4385,1.43858,2.32,1.10
2016.02.01 18:22:04.286,1.43852,1.43859,1.00,1.50
2016.02.01 18:22:04.540,1.43852,1.43863,3.00,2.32
2016.02.01 18:22:04.591,1.43854,1.43862,1.00,1.00
2016.02.01 18:22:04.947,1.43854,1.43863,2.32,1.37
2016.02.01 18:22:06.793,1.43854,1.43862,2.25,1.50
2016.02.01 18:22:07.304,1.43854,1.43861,1.57,1.12
2016.02.01 18:22:07.806,1.43854,1.43862,1.57,1.50
2016.02.01 18:22:08.111,1.43856,1.43861,1.00,1.37
2016.02.01 18:22:08.214,1.43856,1.43862,1.00,1.50
2016.02.01 18:22:08.417,1.43856,1.43861,1.00,1.37
2016.02.01 18:22:08.923,1.43856,1.43862,1.00,1.50
2016.02.01 18:22:09.718,1.43856,1.43861,1.00,1.37
2016.02.01 18:22:11.040,1.43854,1.43861,1.57,1.37
2016.02.01 18:22:11.142,1.43854,1.43862,1.57,1.50
2016.02.01 18:22:12.538,1.43854,1.43862,1.57,1.50
2016.02.01 18:22:12.640,1.43857,1.43861,1.00,1.37
2016.02.01 18:22:12.844,1.43857,1.43862,1.00,1.50
2016.02.01 18:22:13.189,1.43861,1.43863,1.00,1.00
2016.02.01 18:22:13.393,1.43864,1.43867,1.50,3.75
2016.02.01 18:22:13.444,1.43864,1.43871,1.50,1.50
2016.02.01 18:22:13.954,1.43864,1.43871,1.87,1.50
2016.02.01 18:22:14.462,1.43864,1.43873,4.12,4.12
2016.02.01 18:22:16.339,1.43864,1.43873,4.12,1.37
2016.02.01 18:22:18.763,1.43864,1.43871,1.87,1.37
2016.02.01 18:22:19.351,1.43864,1.43872,1.87,1.50
2016.02.01 18:22:19.857,1.43866,1.43874,1.00,1.10
2016.02.01 18:22:20.365,1.43866,1.43875,1.95,1.00
2016.02.01 18:22:20.570,1.43869,1.43875,1.00,1.00
2016.02.01 18:22:20.674,1.43869,1.43877,1.00,1.87
2016.02.01 18:22:20.929,1.43873,1.4388,1.00,6.37
2016.02.01 18:22:20.980,1.43872,1.4388,1.00,1.65
2016.02.01 18:22:21.489,1.43871,1.4388,1.50,2.25
2016.02.01 18:22:22.047,1.43871,1.43879,1.00,1.50
2016.02.01 18:22:22.548,1.43871,1.4388,1.00,2.62
2016.02.01 18:22:23.156,1.43871,1.4388,1.10,1.12
2016.02.01 18:22:23.663,1.43871,1.4388,1.10,1.87
2016.02.01 18:22:25.581,1.43871,1.43878,1.10,1.12
2016.02.01 18:22:26.124,1.43871,1.43879,1.10,1.12
2016.02.01 18:22:27.138,1.43871,1.4388,1.20,1.10
2016.02.01 18:22:27.355,1.43871,1.43879,1.20,1.37
2016.02.01 18:22:27.864,1.43868,1.43877,1.87,2.25
2016.02.01 18:22:27.915,1.43868,1.43877,1.12,2.25
2016.02.01 18:22:28.270,1.43869,1.43878,1.57,1.00
2016.02.01 18:22:28.797,1.43869,1.43879,1.57,1.00
2016.02.01 18:22:29.307,1.43871,1.43879,1.00,1.00
2016.02.01 18:22:29.863,1.43871,1.43879,1.00,1.50
2016.02.01 18:22:30.370,1.43871,1.4388,1.00,1.37
2016.02.01 18:22:33.167,1.43871,1.43879,1.00,1.50
2016.02.01 18:22:33.727,1.43872,1.43879,1.00,1.50
2016.02.01 18:22:34.259,1.43872,1.4388,1.00,1.87
2016.02.01 18:22:36.269,1.4387,1.43879,1.57,1.00
2016.02.01 18:22:39.463,1.4387,1.43879,1.20,1.50
2016.02.01 18:22:39.970,1.4387,1.43878,1.10,1.37
2016.02.01 18:22:40.681,1.4387,1.43879,1.20,1.50
2016.02.01 18:22:41.278,1.4387,1.43879,1.57,1.50
2016.02.01 18:22:42.191,1.4387,1.43878,1.10,1.12
2016.02.01 18:22:42.692,1.4387,1.43879,1.10,1.00
2016.02.01 18:22:44.084,1.4387,1.43879,1.10,1.50
2016.02.01 18:22:44.635,1.4387,1.43879,1.10,1.00
2016.02.01 18:22:45.380,1.4387,1.43879,1.10,1.50
2016.02.01 18:22:45.886,1.4387,1.43879,1.00,1.57
2016.02.01 18:22:46.429,1.4387,1.43879,1.00,1.57
2016.02.01 18:22:46.981,1.4387,1.43879,1.00,1.10
2016.02.01 18:22:47.794,1.4387,1.43878,1.00,1.12
2016.02.01 18:22:48.303,1.4387,1.43879,1.00,1.10
2016.02.01 18:22:48.931,1.4387,1.43879,1.00,1.57
2016.02.01 18:22:49.441,1.4387,1.43879,1.00,1.57
2016.02.01 18:22:50.155,1.4387,1.43879,1.00,2.32
2016.02.01 18:22:51.134,1.4387,1.4388,1.00,1.55
2016.02.01 18:22:53.081,1.4387,1.4388,1.00,2.02
2016.02.01 18:22:54.073,1.4387,1.4388,1.00,2.02
2016.02.01 18:23:01.118,1.4387,1.4388,3.00,2.02
2016.02.01 18:23:01.668,1.43871,1.43879,1.00,1.47
2016.02.01 18:23:02.188,1.4387,1.43879,3.00,1.10
2016.02.01 18:23:02.700,1.4387,1.43879,3.00,1.95
2016.02.01 18:23:04.707,1.43869,1.43879,1.10,2.32
2016.02.01 18:23:05.287,1.43869,1.43879,1.10,1.57
2016.02.01 18:23:05.439,1.43868,1.43876,1.00,1.57
2016.02.01 18:23:05.744,1.43868,1.43873,1.00,1.00
2016.02.01 18:23:07.147,1.43868,1.43876,1.00,1.47
2016.02.01 18:23:07.694,1.43867,1.43876,1.20,1.57
2016.02.01 18:23:08.929,1.43867,1.43877,1.20,5.32
2016.02.01 18:23:15.388,1.43865,1.43874,2.32,1.10
2016.02.01 18:23:15.997,1.43867,1.43874,1.00,1.20
2016.02.01 18:23:25.580,1.43867,1.43874,1.00,1.57
2016.02.01 18:23:26.138,1.43866,1.43874,1.12,1.57
2016.02.01 18:23:45.367,1.43865,1.43874,1.00,1.07
2016.02.01 18:23:45.929,1.43864,1.43874,1.87,1.07
2016.02.01 18:23:46.590,1.43865,1.43874,1.00,1.07
2016.02.01 18:23:48.371,1.43866,1.43874,1.00,1.07
2016.02.01 18:23:48.883,1.43866,1.43875,1.10,1.87
2016.02.01 18:23:56.902,1.43866,1.43873,1.57,1.00
2016.02.01 18:23:58.729,1.43866,1.43874,1.57,1.20
2016.02.01 18:24:00.448,1.43866,1.43874,1.00,1.57
2016.02.01 18:24:01.007,1.43867,1.43874,3.75,1.57
2016.02.01 18:24:02.655,1.43866,1.43874,1.00,1.57
2016.02.01 18:24:03.415,1.43865,1.43874,1.20,1.57
2016.02.01 18:24:19.505,1.43864,1.43873,4.20,1.10
2016.02.01 18:24:21.208,1.43865,1.43873,1.95,1.00
2016.02.01 18:24:21.906,1.43865,1.43873,1.57,1.00
2016.02.01 18:24:22.464,1.43865,1.43873,1.57,1.00
2016.02.01 18:24:29.228,1.43865,1.43873,1.10,1.47
2016.02.01 18:24:29.734,1.43865,1.43872,1.00,1.87
2016.02.01 18:24:41.276,1.43864,1.43873,2.32,1.85
2016.02.01 18:24:44.946,1.43866,1.43873,1.00,1.00
2016.02.01 18:24:47.976,1.43866,1.43871,1.00,1.12
2016.02.01 18:24:48.280,1.43866,1.43869,1.00,1.50
2016.02.01 18:24:48.787,1.43866,1.4387,1.00,1.10
2016.02.01 18:24:50.319,1.43864,1.4387,1.00,1.10
2016.02.01 18:24:56.332,1.43862,1.43869,1.12,1.00
2016.02.01 18:24:56.383,1.43862,1.43868,1.00,1.47
2016.02.01 18:24:57.536,1.43862,1.43869,1.00,1.82
2016.02.01 18:24:58.043,1.43862,1.4387,1.50,1.57
2016.02.01 18:24:58.500,1.43861,1.43869,1.12,1.87
2016.02.01 18:25:00.382,1.4386,1.4387,2.62,2.20
2016.02.01 18:25:00.839,1.43859,1.43868,2.40,1.12
2016.02.01 18:25:01.347,1.43859,1.43869,2.02,1.27
2016.02.01 18:25:01.881,1.43857,1.43867,1.10,1.20
2016.02.01 18:25:02.035,1.43854,1.43863,1.00,1.00
2016.02.01 18:25:02.190,1.43858,1.43863,1.00,2.62
2016.02.01 18:25:02.394,1.43858,1.43864,1.87,1.12
2016.02.01 18:25:02.446,1.43858,1.4387,2.25,1.87
2016.02.01 18:25:02.548,1.4386,1.4387,1.12,1.50
2016.02.01 18:25:02.599,1.43859,1.4387,5.77,1.82
2016.02.01 18:25:02.803,1.43862,1.43872,1.00,1.20
2016.02.01 18:25:02.998,1.43864,1.43874,1.95,1.12
2016.02.01 18:25:03.100,1.43865,1.43875,1.45,1.10
2016.02.01 18:25:03.404,1.43869,1.43878,1.00,1.82
2016.02.01 18:25:03.709,1.43872,1.43881,1.95,1.00
2016.02.01 18:25:04.623,1.43872,1.43881,1.57,1.00
2016.02.01 18:25:27.188,1.43872,1.4388,1.50,1.12
2016.02.01 18:25:28.073,1.43872,1.43881,1.87,1.00
2016.02.01 18:25:28.641,1.43872,1.43883,2.25,3.82
2016.02.01 18:25:30.157,1.43876,1.43882,1.50,1.50
2016.02.01 18:25:30.463,1.43894,1.43896,1.12,3.75
2016.02.01 18:25:30.514,1.43893,1.43898,2.70,6.75
2016.02.01 18:25:30.565,1.43898,1.439,1.50,3.37
2016.02.01 18:25:30.617,1.43898,1.43905,1.57,3.75
2016.02.01 18:25:30.822,1.439,1.43909,1.00,1.50
2016.02.01 18:25:31.107,1.43898,1.43907,1.50,2.62
2016.02.01 18:25:31.676,1.43896,1.43905,1.12,1.12
2016.02.01 18:25:33.171,1.43896,1.43906,1.12,1.57
2016.02.01 18:25:35.736,1.43895,1.43905,1.37,1.65
2016.02.01 18:25:36.041,1.43895,1.43905,1.50,1.27
2016.02.01 18:25:36.570,1.43895,1.43905,1.75,1.17
2016.02.01 18:25:36.925,1.43895,1.43907,1.87,1.65
2016.02.01 18:25:37.407,1.43898,1.43908,1.00,3.15
2016.02.01 18:25:37.715,1.43906,1.43914,1.00,1.45
2016.02.01 18:25:37.767,1.43906,1.43915,1.00,1.57
2016.02.01 18:25:38.276,1.43907,1.43918,1.00,4.57
2016.02.01 18:25:38.784,1.43906,1.43917,1.50,1.10
2016.02.01 18:25:39.662,1.43906,1.43914,1.50,1.00
2016.02.01 18:25:40.171,1.43906,1.43916,1.12,2.25
2016.02.01 18:25:44.864,1.43906,1.43917,1.00,2.02
2016.02.01 18:25:51.576,1.43904,1.43916,3.15,3.52
2016.02.01 18:25:52.084,1.43904,1.43915,1.87,1.65
2016.02.01 18:25:52.609,1.43904,1.43914,1.50,1.00
2016.02.01 18:25:53.121,1.43904,1.43914,1.00,1.00
2016.02.01 18:25:56.790,1.43903,1.43914,1.20,1.20
2016.02.01 18:25:57.450,1.43903,1.43913,1.20,1.00
2016.02.01 18:25:59.584,1.43903,1.43914,1.20,1.65
2016.02.01 18:25:59.930,1.43896,1.43906,3.82,1.87
2016.02.01 18:26:00.033,1.43895,1.43906,1.47,2.40
2016.02.01 18:26:00.135,1.43894,1.43905,1.95,1.07
2016.02.01 18:26:00.897,1.43894,1.43905,2.40,1.95
2016.02.01 18:26:01.430,1.43894,1.43905,1.57,1.57
2016.02.01 18:26:04.020,1.43893,1.43904,2.32,1.57
2016.02.01 18:26:04.525,1.43893,1.43902,1.50,1.10
2016.02.01 18:26:04.831,1.4389,1.43898,1.50,3.15
2016.02.01 18:26:05.136,1.4389,1.43896,1.00,1.85
2016.02.01 18:26:05.339,1.43888,1.43896,1.00,1.85
2016.02.01 18:26:05.742,1.43885,1.43896,1.37,1.85
2016.02.01 18:26:06.097,1.43884,1.43896,2.32,1.20
2016.02.01 18:26:07.512,1.43884,1.43896,1.95,1.95
2016.02.01 18:26:09.615,1.43884,1.43895,1.87,1.65
2016.02.01 18:26:09.920,1.4389,1.43896,1.00,1.57
2016.02.01 18:26:10.022,1.43891,1.439,1.50,2.70
2016.02.01 18:26:10.574,1.43889,1.43899,1.50,2.02
2016.02.01 18:26:13.145,1.4389,1.439,1.50,1.20
2016.02.01 18:26:13.652,1.4389,1.439,1.12,1.55
2016.02.01 18:26:15.135,1.43891,1.439,1.00,1.55
2016.02.01 18:26:18.105,1.43889,1.439,1.37,1.65
2016.02.01 18:26:19.491,1.43889,1.43901,2.77,1.57
2016.02.01 18:26:20.012,1.43889,1.43901,3.52,1.20
2016.02.01 18:26:20.165,1.43893,1.43901,1.00,1.00
2016.02.01 18:26:20.267,1.43894,1.43903,1.00,1.12
2016.02.01 18:26:20.420,1.43896,1.43904,1.10,1.37
2016.02.01 18:26:20.724,1.43896,1.43907,2.32,4.87
2016.02.01 18:26:21.355,1.43896,1.43906,2.70,1.00
2016.02.01 18:26:22.269,1.43896,1.43906,1.50,1.00
2016.02.01 18:26:22.777,1.43897,1.43907,1.00,2.40
2016.02.01 18:26:26.049,1.43896,1.43907,1.87,2.40
2016.02.01 18:26:27.720,1.43896,1.43907,1.87,3.15
2016.02.01 18:26:28.499,1.43896,1.43907,1.87,2.32
2016.02.01 18:26:29.006,1.43896,1.43907,1.87,2.02
2016.02.01 18:26:29.520,1.43896,1.43907,1.50,2.77
2016.02.01 18:26:30.027,1.43896,1.43907,1.50,2.02
2016.02.01 18:26:30.534,1.43896,1.43907,1.50,1.27
2016.02.01 18:26:33.588,1.43896,1.43907,1.57,1.07
2016.02.01 18:26:34.100,1.43896,1.43907,1.65,1.12
2016.02.01 18:26:34.781,1.43896,1.43907,1.57,1.27
2016.02.01 18:26:35.733,1.43898,1.43907,1.00,1.17
2016.02.01 18:26:35.785,1.439,1.43907,1.00,1.17
2016.02.01 18:26:36.067,1.43902,1.4391,1.12,1.00
2016.02.01 18:26:36.576,1.43901,1.43911,2.25,1.50
2016.02.01 18:26:37.237,1.439,1.4391,1.12,1.37
2016.02.01 18:26:37.747,1.43899,1.43911,6.00,1.95
2016.02.01 18:26:38.254,1.43899,1.4391,6.00,1.07
2016.02.01 18:26:38.507,1.439,1.43911,3.37,1.57
2016.02.01 18:26:41.176,1.43902,1.43911,1.00,1.07
2016.02.01 18:26:41.726,1.43902,1.43912,1.00,3.07
2016.02.01 18:26:42.792,1.43901,1.4391,1.37,1.12
2016.02.01 18:26:43.332,1.439,1.43911,6.37,1.57
2016.02.01 18:26:43.648,1.439,1.43909,1.12,3.00
2016.02.01 18:26:43.952,1.43898,1.43907,1.00,1.20
2016.02.01 18:26:44.586,1.43898,1.43907,1.87,1.45
2016.02.01 18:26:45.126,1.43898,1.43908,1.87,3.37
2016.02.01 18:26:45.643,1.43899,1.43906,1.12,1.20
2016.02.01 18:26:46.149,1.43898,1.43906,1.87,1.20
2016.02.01 18:26:46.454,1.43899,1.43906,1.37,1.20
2016.02.01 18:26:47.796,1.43898,1.43906,1.87,1.20
2016.02.01 18:26:51.190,1.43899,1.43907,1.37,1.87
2016.02.01 18:26:51.394,1.43898,1.43907,1.87,1.50
2016.02.01 18:26:51.920,1.43899,1.43906,1.12,1.20
2016.02.01 18:26:52.445,1.439,1.43906,1.00,1.10
2016.02.01 18:26:52.598,1.439,1.4391,1.87,3.82
2016.02.01 18:26:53.120,1.43902,1.4391,1.00,1.07
2016.02.01 18:26:54.724,1.43901,1.43911,1.00,4.50
2016.02.01 18:26:55.365,1.43901,1.4391,1.00,1.12
2016.02.01 18:27:01.961,1.43901,1.4391,1.00,2.25
2016.02.01 18:27:03.180,1.43901,1.4391,1.00,3.82
2016.02.01 18:27:04.294,1.439,1.4391,1.50,3.07
2016.02.01 18:27:04.447,1.43901,1.4391,2.25,1.50
2016.02.01 18:27:04.498,1.43902,1.43912,1.50,3.00
2016.02.01 18:27:05.151,1.43903,1.43913,1.00,1.50
2016.02.01 18:27:05.253,1.43904,1.43914,1.00,1.17
2016.02.01 18:27:05.456,1.43906,1.43916,1.00,1.55
2016.02.01 18:27:05.760,1.43911,1.43919,1.00,1.50
2016.02.01 18:27:05.847,1.43911,1.43922,1.12,4.87
2016.02.01 18:27:05.899,1.43913,1.43924,1.00,1.57
2016.02.01 18:27:06.052,1.43914,1.43925,1.50,2.32
2016.02.01 18:27:06.561,1.43914,1.43923,1.57,1.00
2016.02.01 18:27:06.816,1.43912,1.43923,2.40,1.00
2016.02.01 18:27:07.335,1.43912,1.43923,2.25,1.47
2016.02.01 18:27:07.893,1.43912,1.43924,1.50,2.70
2016.02.01 18:27:08.421,1.43912,1.43924,1.50,2.40
2016.02.01 18:27:09.788,1.43913,1.43924,2.02,1.50
2016.02.01 18:27:12.431,1.43913,1.43924,1.12,2.40
2016.02.01 18:27:12.991,1.43913,1.43924,1.20,1.95
2016.02.01 18:27:14.297,1.43913,1.43924,1.20,2.25
2016.02.01 18:27:14.804,1.43913,1.43924,1.27,1.87
2016.02.01 18:27:15.033,1.43913,1.43924,1.87,1.12
2016.02.01 18:27:15.543,1.43913,1.43924,1.57,1.12
2016.02.01 18:27:15.899,1.43911,1.4392,1.75,1.00
2016.02.01 18:27:16.054,1.4391,1.4392,1.82,1.50
2016.02.01 18:27:16.460,1.43909,1.43919,1.27,2.25
2016.02.01 18:27:16.562,1.43908,1.43916,1.07,1.12
2016.02.01 18:27:17.091,1.43907,1.43916,1.57,1.00
2016.02.01 18:27:18.251,1.43907,1.43917,1.07,1.00
2016.02.01 18:27:18.556,1.43905,1.43916,2.25,1.37
2016.02.01 18:27:18.658,1.43905,1.43916,1.50,1.57
2016.02.01 18:27:18.862,1.43905,1.43913,1.00,1.07
2016.02.01 18:27:18.963,1.439,1.43912,5.62,1.52
2016.02.01 18:27:19.066,1.43901,1.43912,1.00,2.62
2016.02.01 18:27:19.523,1.43901,1.43912,1.87,1.57
2016.02.01 18:27:19.879,1.43904,1.43915,2.70,1.37
2016.02.01 18:27:19.981,1.43905,1.43915,1.57,1.00
2016.02.01 18:27:20.488,1.43905,1.43917,1.65,1.65
2016.02.01 18:27:21.015,1.43906,1.43917,1.00,1.27
2016.02.01 18:27:23.914,1.43905,1.43917,1.95,3.82
2016.02.01 18:27:24.221,1.439,1.43912,1.87,1.50
2016.02.01 18:27:25.030,1.43901,1.43913,1.00,2.25
2016.02.01 18:27:26.197,1.43901,1.43913,1.50,2.25
2016.02.01 18:27:29.043,1.43901,1.43913,1.50,3.00
2016.02.01 18:27:31.091,1.43901,1.43913,1.50,2.70
2016.02.01 18:27:32.181,1.43901,1.43913,1.50,1.95
2016.02.01 18:27:32.446,1.43901,1.43914,3.00,3.75
2016.02.01 18:27:32.754,1.43903,1.43914,4.87,1.45
2016.02.01 18:27:33.161,1.43903,1.43914,1.87,1.45
2016.02.01 18:27:33.403,1.43906,1.43915,1.00,2.32
2016.02.01 18:27:33.455,1.43906,1.43917,1.87,3.00
2016.02.01 18:27:33.761,1.43908,1.43919,1.37,1.57
2016.02.01 18:27:33.863,1.43912,1.43921,1.00,2.25
2016.02.01 18:27:33.966,1.43912,1.43923,1.00,2.70
2016.02.01 18:27:34.468,1.43912,1.43921,1.07,1.00
2016.02.01 18:27:34.978,1.43912,1.43924,1.07,3.82
2016.02.01 18:27:35.079,1.43912,1.43924,1.17,3.75
2016.02.01 18:27:36.043,1.43911,1.43924,2.62,3.00
2016.02.01 18:27:37.049,1.43912,1.43924,1.65,3.00
2016.02.01 18:27:37.456,1.43912,1.4392,1.57,1.00
2016.02.01 18:27:37.710,1.43908,1.43918,1.00,1.20
2016.02.01 18:27:38.291,1.43907,1.43919,2.62,1.87
2016.02.01 18:27:38.798,1.4391,1.4392,1.12,2.32
2016.02.01 18:27:38.900,1.43912,1.43923,1.00,1.20
2016.02.01 18:27:39.196,1.43912,1.43923,3.90,1.20
2016.02.01 18:27:39.451,1.43913,1.43925,2.02,2.25
2016.02.01 18:27:41.441,1.43913,1.43922,2.02,1.00
2016.02.01 18:27:41.545,1.43912,1.43922,2.25,1.00
2016.02.01 18:27:41.792,1.4391,1.4392,2.62,1.10
2016.02.01 18:27:42.299,1.43912,1.4392,1.00,1.07
2016.02.01 18:27:42.757,1.43912,1.43921,1.00,1.20
2016.02.01 18:27:42.956,1.43913,1.43921,1.47,1.00
2016.02.01 18:27:43.007,1.43913,1.43924,5.77,1.00
2016.02.01 18:27:43.111,1.43916,1.43927,2.25,1.50
2016.02.01 18:27:43.316,1.43916,1.43927,2.77,1.00
2016.02.01 18:27:43.824,1.43916,1.43928,3.07,1.87
2016.02.01 18:27:44.335,1.43918,1.43927,1.17,1.00
2016.02.01 18:27:45.340,1.43918,1.43928,1.17,1.50
2016.02.01 18:27:45.850,1.43918,1.43928,1.00,1.00
2016.02.01 18:27:47.381,1.43918,1.43928,1.20,1.12
2016.02.01 18:27:47.484,1.43918,1.43928,1.20,1.12
2016.02.01 18:27:47.794,1.43919,1.43929,1.12,1.12
2016.02.01 18:27:48.310,1.43919,1.43929,8.70,1.12
2016.02.01 18:27:48.819,1.43919,1.4393,7.12,3.07
2016.02.01 18:27:48.921,1.43919,1.4393,7.27,1.95
2016.02.01 18:27:49.698,1.43919,1.4393,7.27,1.87
2016.02.01 18:27:50.664,1.43919,1.4393,8.02,1.87
2016.02.01 18:27:50.816,1.43919,1.43929,7.27,1.87
2016.02.01 18:27:50.918,1.43919,1.43932,8.02,3.90
2016.02.01 18:27:51.109,1.43921,1.43932,1.12,3.00
2016.02.01 18:27:51.363,1.43919,1.43932,9.07,3.00
2016.02.01 18:27:51.870,1.43921,1.4393,1.20,1.00
2016.02.01 18:27:53.421,1.43921,1.43931,1.20,1.10
2016.02.01 18:27:53.727,1.43921,1.43933,5.77,1.50
2016.02.01 18:27:54.261,1.43922,1.43933,1.85,1.12
2016.02.01 18:27:54.768,1.43924,1.43935,1.15,1.87
2016.02.01 18:27:55.277,1.43924,1.43935,1.15,1.50
2016.02.01 18:27:56.332,1.43924,1.43934,1.65,1.00
2016.02.01 18:27:56.638,1.43921,1.43932,4.57,1.50
2016.02.01 18:27:57.145,1.4392,1.43931,1.57,1.00
2016.02.01 18:27:58.231,1.4392,1.4393,1.12,1.57
2016.02.01 18:27:58.282,1.43919,1.4393,1.37,2.77
2016.02.01 18:27:58.384,1.43916,1.43928,1.55,2.62
2016.02.01 18:27:58.487,1.43916,1.43925,1.20,1.00
2016.02.01 18:27:58.588,1.43914,1.43924,1.95,1.00
2016.02.01 18:27:59.481,1.43914,1.43924,1.95,1.00
2016.02.01 18:28:01.002,1.43915,1.43924,1.07,1.00
2016.02.01 18:28:01.653,1.43915,1.43925,1.45,1.50
2016.02.01 18:28:03.360,1.43917,1.43926,2.77,1.00
2016.02.01 18:28:03.666,1.43921,1.43935,1.00,3.00
2016.02.01 18:28:03.818,1.43925,1.43937,1.37,6.90
2016.02.01 18:28:04.821,1.43925,1.43937,1.37,6.00
2016.02.01 18:28:06.889,1.43925,1.43936,1.37,1.00
2016.02.01 18:28:07.195,1.43924,1.43934,2.40,1.00
2016.02.01 18:28:07.297,1.43924,1.43936,2.32,1.00
2016.02.01 18:28:07.832,1.43925,1.43936,1.82,1.00
2016.02.01 18:28:10.848,1.43924,1.43937,2.32,1.87
2016.02.01 18:28:11.339,1.43924,1.43937,2.32,5.25
2016.02.01 18:28:13.954,1.43924,1.43934,2.62,1.07
2016.02.01 18:28:14.208,1.43924,1.43934,1.87,1.50
2016.02.01 18:28:14.691,1.43922,1.43934,1.87,3.82
2016.02.01 18:28:14.844,1.43921,1.43931,1.20,1.50
2016.02.01 18:28:14.946,1.43918,1.4393,1.37,1.50
2016.02.01 18:28:15.459,1.43917,1.43929,1.50,1.00
2016.02.01 18:28:17.171,1.43917,1.43929,1.95,1.00
2016.02.01 18:28:17.679,1.43918,1.43929,1.20,1.00
2016.02.01 18:28:18.221,1.43918,1.43929,1.20,1.00
2016.02.01 18:28:19.630,1.43918,1.43929,1.00,1.17
2016.02.01 18:28:22.665,1.43916,1.43928,1.95,1.20
2016.02.01 18:28:23.172,1.43916,1.43928,1.37,1.27
2016.02.01 18:28:23.679,1.43916,1.43928,1.00,1.65
2016.02.01 18:28:29.714,1.43916,1.43928,1.50,2.40
2016.02.01 18:28:31.623,1.43916,1.43928,1.00,3.15
2016.02.01 18:28:34.570,1.43916,1.43926,1.00,1.12
2016.02.01 18:28:35.078,1.43915,1.43926,1.37,1.65
2016.02.01 18:28:38.912,1.43915,1.43922,1.37,1.00
2016.02.01 18:28:39.117,1.43909,1.43916,1.00,1.00
2016.02.01 18:28:39.168,1.43909,1.43914,1.00,1.00
2016.02.01 18:28:39.220,1.43904,1.43914,1.95,1.00
2016.02.01 18:28:39.272,1.43905,1.43914,1.00,1.00
2016.02.01 18:28:39.812,1.43905,1.43914,1.00,1.07
2016.02.01 18:28:40.320,1.43903,1.43916,1.75,1.57
2016.02.01 18:28:44.294,1.43903,1.43915,1.57,1.47
2016.02.01 18:28:46.261,1.43902,1.43915,2.77,1.47
2016.02.01 18:28:50.165,1.43903,1.43915,1.57,1.75
2016.02.01 18:28:51.079,1.43903,1.43913,1.37,1.47
2016.02.01 18:28:51.537,1.43901,1.43912,2.25,1.20
2016.02.01 18:28:51.690,1.43902,1.43911,1.00,1.07
2016.02.01 18:28:52.431,1.43902,1.43909,1.00,1.00
2016.02.01 18:28:52.483,1.43898,1.43909,2.25,1.00
2016.02.01 18:28:52.990,1.43899,1.43908,1.00,1.00
2016.02.01 18:28:53.447,1.43901,1.43908,1.00,1.12
2016.02.01 18:28:55.664,1.439,1.43908,1.00,1.12
2016.02.01 18:28:56.568,1.43898,1.43906,1.75,1.00
2016.02.01 18:28:56.619,1.43898,1.43906,1.00,1.00
2016.02.01 18:28:56.772,1.43894,1.43906,2.62,2.70
2016.02.01 18:28:56.925,1.43895,1.43903,1.00,1.00
2016.02.01 18:28:57.179,1.4389,1.43901,1.50,1.10
2016.02.01 18:28:57.383,1.43889,1.43897,1.10,1.12
2016.02.01 18:28:57.586,1.43885,1.43894,1.57,1.50
2016.02.01 18:28:58.268,1.43887,1.43896,1.00,3.90
2016.02.01 18:28:58.475,1.43885,1.43896,1.20,4.65
2016.02.01 18:29:00.510,1.43887,1.43896,1.00,3.82
2016.02.01 18:29:00.655,1.43888,1.43898,1.20,4.12
2016.02.01 18:29:00.706,1.43888,1.43899,1.57,1.50
2016.02.01 18:29:01.011,1.43889,1.43899,1.12,1.50
2016.02.01 18:29:01.570,1.43887,1.43899,2.40,1.50
2016.02.01 18:29:01.876,1.43886,1.43898,2.32,1.87
2016.02.01 18:29:02.081,1.43885,1.43896,1.15,1.50
2016.02.01 18:29:02.588,1.43884,1.43896,2.70,2.25
2016.02.01 18:29:03.116,1.43884,1.43896,2.70,1.20
2016.02.01 18:29:03.637,1.43884,1.43895,3.07,1.00
2016.02.01 18:29:07.442,1.43884,1.43895,1.87,1.10
2016.02.01 18:29:12.497,1.43884,1.43895,2.25,1.95
2016.02.01 18:29:13.004,1.43884,1.43894,1.95,1.20
2016.02.01 18:29:16.447,1.43886,1.43894,1.00,1.57
2016.02.01 18:29:16.852,1.43884,1.43894,1.95,1.07
2016.02.01 18:29:18.454,1.43884,1.43895,3.37,2.25
2016.02.01 18:29:18.708,1.43884,1.43895,4.87,1.47
2016.02.01 18:29:25.253,1.43885,1.43896,1.20,1.50
2016.02.01 18:29:38.397,1.43886,1.43897,4.87,2.32
2016.02.01 18:29:38.753,1.43892,1.43898,1.50,1.50
2016.02.01 18:29:39.015,1.43903,1.43911,5.70,1.09
2016.02.01 18:29:39.095,1.43904,1.43912,2.77,1.00
2016.02.01 18:29:39.147,1.43905,1.43915,1.20,1.20
2016.02.01 18:29:39.249,1.43905,1.43915,2.32,1.10
2016.02.01 18:29:39.351,1.43905,1.43915,2.32,1.10
2016.02.01 18:29:41.153,1.43905,1.43916,3.37,1.20
2016.02.01 18:29:41.458,1.43911,1.43917,1.47,1.10
2016.02.01 18:29:41.564,1.43913,1.43922,1.00,1.12
2016.02.01 18:29:41.617,1.43914,1.43924,1.47,1.50
2016.02.01 18:29:41.668,1.43914,1.43925,1.47,3.37
2016.02.01 18:29:42.177,1.43913,1.43923,1.37,1.57
2016.02.01 18:29:43.327,1.43913,1.43925,2.32,1.12
2016.02.01 18:29:43.834,1.43913,1.43925,2.62,1.45
2016.02.01 18:29:44.501,1.43914,1.43926,3.00,3.75
2016.02.01 18:29:47.061,1.43914,1.43926,1.87,2.25
2016.02.01 18:29:47.418,1.43914,1.4392,1.45,1.00
2016.02.01 18:29:47.621,1.43908,1.43916,1.95,1.07
2016.02.01 18:29:49.174,1.43908,1.43917,1.95,1.50
2016.02.01 18:29:49.682,1.43908,1.43917,1.95,1.87
2016.02.01 18:29:50.189,1.43908,1.43916,1.95,1.07
2016.02.01 18:29:56.502,1.43909,1.43916,1.12,1.07
2016.02.01 18:29:57.331,1.43908,1.43916,3.07,1.07
2016.02.01 18:29:58.112,1.43909,1.43916,1.12,1.07
2016.02.01 18:29:58.214,1.43911,1.43916,1.00,1.07
2016.02.01 18:29:58.368,1.43912,1.43922,1.50,3.07
2016.02.01 18:29:59.322,1.43911,1.43921,2.40,1.12
2016.02.01 18:29:59.830,1.43913,1.43922,1.10,1.12
2016.02.01 18:30:00.370,1.43913,1.43922,1.57,1.12
2016.02.01 18:30:01.334,1.43913,1.43919,1.57,1.50
2016.02.01 18:30:01.639,1.43911,1.43916,1.00,1.07
2016.02.01 18:30:04.395,1.43909,1.43917,1.50,1.87
2016.02.01 18:30:05.938,1.43908,1.43917,1.10,1.87
2016.02.01 18:30:07.020,1.43905,1.43916,1.47,2.32
2016.02.01 18:30:07.071,1.43904,1.43916,3.82,2.32
2016.02.01 18:30:07.170,1.43904,1.43915,2.70,1.12
2016.02.01 18:30:07.680,1.43905,1.43915,1.20,1.45
2016.02.01 18:30:08.198,1.43904,1.43916,3.07,1.50
2016.02.01 18:30:08.997,1.43905,1.43916,1.10,1.50
2016.02.01 18:30:12.763,1.43904,1.43915,2.62,1.12
2016.02.01 18:30:14.086,1.43903,1.43912,1.47,1.47
2016.02.01 18:30:14.188,1.439,1.43911,1.12,1.95
2016.02.01 18:30:14.846,1.43901,1.4391,1.37,2.25
2016.02.01 18:30:14.948,1.43901,1.43911,1.12,1.87
2016.02.01 18:30:15.450,1.439,1.43912,2.70,3.00
2016.02.01 18:30:15.603,1.43903,1.43912,1.00,3.00
2016.02.01 18:30:16.473,1.43901,1.43911,1.00,1.95
2016.02.01 18:30:16.625,1.439,1.4391,2.70,1.87
2016.02.01 18:30:17.128,1.43902,1.43911,1.50,1.50
2016.02.01 18:30:17.179,1.43902,1.43911,1.95,1.07
2016.02.01 18:30:17.331,1.43903,1.43915,1.00,2.62
2016.02.01 18:30:17.484,1.43903,1.43915,1.95,3.37
2016.02.01 18:30:21.572,1.43904,1.43915,1.20,2.32
2016.02.01 18:30:24.484,1.43905,1.43914,1.10,1.00
2016.02.01 18:30:24.586,1.43903,1.4391,1.12,1.00
2016.02.01 18:30:24.710,1.439,1.43906,1.00,1.00
2016.02.01 18:30:24.914,1.43897,1.43905,1.37,1.20
2016.02.01 18:30:25.832,1.43897,1.43905,1.10,1.12
2016.02.01 18:30:30.481,1.43896,1.43904,1.00,1.12
2016.02.01 18:30:30.582,1.43896,1.43904,1.00,1.75
2016.02.01 18:30:31.116,1.43893,1.43903,2.70,1.12
2016.02.01 18:30:31.625,1.43893,1.43903,1.95,1.12
2016.02.01 18:30:34.463,1.43893,1.43903,1.10,1.12
2016.02.01 18:30:38.079,1.43892,1.43902,1.00,1.95
2016.02.01 18:30:38.840,1.43892,1.43902,1.12,1.20
2016.02.01 18:30:39.346,1.43892,1.43902,2.25,1.20
2016.02.01 18:30:39.854,1.43892,1.43902,1.50,1.20
2016.02.01 18:30:40.159,1.43896,1.43903,1.00,1.57
2016.02.01 18:30:40.464,1.43906,1.43911,1.87,1.07
2016.02.01 18:30:40.566,1.43906,1.43915,1.87,1.12
2016.02.01 18:30:41.070,1.43905,1.43915,1.50,1.12
2016.02.01 18:30:41.577,1.43904,1.43915,2.70,1.50
2016.02.01 18:30:42.085,1.43904,1.43915,3.45,1.50
2016.02.01 18:30:44.020,1.43906,1.43915,1.00,1.12
2016.02.01 18:30:44.071,1.4391,1.43915,1.87,1.12
2016.02.01 18:30:44.178,1.43911,1.43917,1.37,1.27
2016.02.01 18:30:44.381,1.43915,1.43923,1.12,1.20
2016.02.01 18:30:44.789,1.43913,1.43923,1.12,1.20
2016.02.01 18:30:45.295,1.43913,1.43923,1.12,1.47
2016.02.01 18:30:45.837,1.43912,1.43923,1.37,1.20
2016.02.01 18:30:47.670,1.43914,1.43923,1.00,1.45
2016.02.01 18:30:48.179,1.43915,1.43924,1.00,1.50
2016.02.01 18:30:48.795,1.43914,1.43924,1.42,1.87
2016.02.01 18:30:49.304,1.43911,1.43922,1.80,3.82
2016.02.01 18:30:49.761,1.43913,1.43923,1.00,5.32
2016.02.01 18:30:50.270,1.43911,1.4392,2.25,1.00
2016.02.01 18:30:50.736,1.43913,1.43923,1.50,2.32
2016.02.01 18:30:50.788,1.43911,1.43918,3.00,1.00
2016.02.01 18:30:51.095,1.43904,1.43912,1.47,1.00
2016.02.01 18:30:51.146,1.43904,1.43912,1.00,1.37
2016.02.01 18:30:52.574,1.43899,1.43911,2.62,1.50
2016.02.01 18:30:52.676,1.43899,1.43911,3.00,1.87
2016.02.01 18:30:53.183,1.43899,1.4391,1.57,1.45
2016.02.01 18:30:53.725,1.439,1.4391,1.07,1.47
2016.02.01 18:30:56.812,1.43898,1.43908,1.75,1.12
2016.02.01 18:30:56.914,1.43896,1.43907,3.37,1.57
2016.02.01 18:30:56.965,1.43896,1.43907,1.50,2.25
2016.02.01 18:30:57.128,1.43893,1.43906,3.00,4.50
2016.02.01 18:30:57.994,1.43894,1.43906,1.00,4.87
2016.02.01 18:31:00.005,1.43893,1.43906,2.77,4.50
2016.02.01 18:31:05.555,1.43894,1.43903,1.12,1.12
2016.02.01 18:31:05.657,1.43893,1.43903,1.10,1.50
2016.02.01 18:31:08.524,1.43892,1.43903,1.87,1.12
2016.02.01 18:31:09.853,1.43892,1.43904,1.12,1.87
2016.02.01 18:31:11.519,1.43892,1.43904,1.12,2.62
2016.02.01 18:31:16.757,1.43892,1.43904,1.50,1.50
2016.02.01 18:31:17.265,1.43892,1.43904,2.62,1.07
2016.02.01 18:31:17.851,1.43893,1.43904,1.00,1.20
2016.02.01 18:31:18.360,1.43892,1.43904,2.62,1.20
2016.02.01 18:31:24.319,1.43892,1.43904,2.62,1.10
2016.02.01 18:31:24.673,1.43892,1.43903,1.50,1.37
2016.02.01 18:31:25.130,1.43892,1.43902,1.00,3.00
2016.02.01 18:31:25.586,1.4389,1.43901,1.87,1.12
2016.02.01 18:31:25.739,1.43892,1.43903,1.07,1.10
2016.02.01 18:31:25.790,1.43892,1.43903,1.87,1.12
2016.02.01 18:31:26.328,1.43894,1.43904,1.00,1.20
2016.02.01 18:31:26.692,1.43892,1.43904,1.00,1.95
2016.02.01 18:31:29.101,1.43892,1.43904,1.65,1.57
2016.02.01 18:31:31.753,1.43892,1.43903,1.65,1.00
2016.02.01 18:31:32.722,1.43892,1.43903,1.45,1.50
2016.02.01 18:31:34.272,1.43891,1.43902,2.62,1.12
2016.02.01 18:31:34.787,1.43891,1.43902,2.62,1.50
2016.02.01 18:31:35.561,1.43891,1.43902,1.12,2.32
2016.02.01 18:31:35.612,1.43888,1.43899,2.02,1.00
2016.02.01 18:31:35.664,1.43888,1.43897,1.65,1.37
2016.02.01 18:31:35.766,1.43887,1.43897,1.00,1.37
2016.02.01 18:31:36.333,1.43886,1.43897,1.37,1.95
2016.02.01 18:31:37.797,1.43885,1.43898,1.20,2.02
2016.02.01 18:31:38.318,1.43885,1.43898,1.37,2.32
2016.02.01 18:31:39.004,1.43884,1.43896,1.12,1.50
2016.02.01 18:31:39.424,1.43884,1.43896,1.95,1.27
2016.02.01 18:31:39.954,1.43884,1.43896,3.45,1.20
2016.02.01 18:31:40.005,1.43885,1.43896,1.50,1.12
2016.02.01 18:31:43.979,1.43885,1.43897,1.95,1.50
2016.02.01 18:31:49.150,1.43885,1.43897,1.57,1.37
2016.02.01 18:31:49.252,1.43884,1.43895,3.15,1.12
2016.02.01 18:31:49.759,1.43884,1.43895,1.95,2.70
2016.02.01 18:31:50.546,1.43885,1.43895,1.20,1.12
2016.02.01 18:31:52.503,1.43885,1.4389,1.20,1.50
2016.02.01 18:31:52.707,1.43882,1.4389,2.62,1.00
2016.02.01 18:31:52.904,1.43882,1.43892,3.00,1.00
2016.02.01 18:31:52.955,1.43882,1.43893,2.62,1.47
2016.02.01 18:31:53.465,1.43882,1.43893,3.00,1.57
2016.02.01 18:31:53.788,1.43882,1.43893,2.62,1.10
2016.02.01 18:31:54.708,1.43882,1.43894,1.87,1.95
2016.02.01 18:31:55.614,1.43883,1.43894,1.57,1.57
2016.02.01 18:31:56.477,1.43882,1.43894,5.62,1.27
2016.02.01 18:31:59.020,1.43882,1.43894,4.87,1.57
2016.02.01 18:31:59.854,1.43882,1.43891,1.37,1.00
2016.02.01 18:31:59.905,1.43882,1.43891,1.37,1.12
2016.02.01 18:32:00.058,1.4388,1.43891,1.87,2.32
2016.02.01 18:32:00.586,1.4388,1.43891,1.12,2.02
2016.02.01 18:32:01.095,1.43877,1.43889,2.77,1.20
2016.02.01 18:32:01.402,1.43875,1.43887,4.57,3.45
2016.02.01 18:32:01.910,1.43875,1.43886,1.87,1.15
2016.02.01 18:32:02.908,1.43875,1.43886,1.50,1.20
2016.02.01 18:32:03.365,1.43876,1.43886,2.25,1.00
2016.02.01 18:32:04.509,1.43876,1.43886,2.62,1.10
2016.02.01 18:32:08.273,1.43876,1.43885,1.87,1.07
2016.02.01 18:32:08.476,1.43876,1.43885,1.00,1.10
2016.02.01 18:32:18.328,1.43876,1.43885,1.37,1.00
2016.02.01 18:32:21.354,1.43876,1.43885,1.50,1.00
2016.02.01 18:32:25.008,1.43876,1.43885,1.37,1.00
2016.02.01 18:32:27.932,1.43876,1.43885,1.00,1.00
2016.02.01 18:32:29.688,1.43877,1.43885,1.00,1.00
2016.02.01 18:32:30.050,1.43877,1.43885,4.50,1.00
2016.02.01 18:32:31.015,1.43878,1.43887,1.50,1.20
2016.02.01 18:32:32.712,1.4388,1.43887,1.87,1.00
2016.02.01 18:32:32.763,1.43885,1.43891,1.00,2.32
2016.02.01 18:32:32.932,1.43885,1.43895,2.25,1.12
2016.02.01 18:32:32.986,1.43888,1.43896,1.12,1.50
2016.02.01 18:32:33.292,1.43892,1.439,1.00,1.20
2016.02.01 18:32:33.394,1.43894,1.43901,1.12,1.00
2016.02.01 18:32:33.446,1.43894,1.43901,4.87,1.00
2016.02.01 18:32:33.497,1.43894,1.43905,4.87,1.17
2016.02.01 18:32:33.651,1.43897,1.43905,1.37,1.10
2016.02.01 18:32:34.600,1.43896,1.43904,3.37,1.00
2016.02.01 18:32:34.652,1.43894,1.43904,1.47,1.00
2016.02.01 18:32:37.698,1.43896,1.43904,1.00,1.12
2016.02.01 18:32:38.489,1.43895,1.43904,1.50,1.12
2016.02.01 18:32:44.422,1.43893,1.43902,5.62,1.00
2016.02.01 18:32:44.575,1.43893,1.43902,1.50,1.57
2016.02.01 18:32:45.581,1.43893,1.43902,1.12,1.20
2016.02.01 18:32:48.410,1.43893,1.43902,1.12,2.17
2016.02.01 18:32:48.714,1.43893,1.439,1.12,2.55
2016.02.01 18:32:48.919,1.43895,1.43904,1.00,2.92
2016.02.01 18:32:49.021,1.43895,1.43904,1.00,1.87
2016.02.01 18:32:49.527,1.439,1.43906,1.00,1.45
2016.02.01 18:32:49.619,1.439,1.43907,1.00,1.20
2016.02.01 18:32:49.670,1.43902,1.4391,1.00,1.95
2016.02.01 18:32:50.187,1.43902,1.4391,1.00,1.05
2016.02.01 18:32:50.998,1.439,1.4391,1.12,1.00
2016.02.01 18:32:52.655,1.43901,1.43911,1.00,2.32
2016.02.01 18:32:53.191,1.43901,1.43911,1.87,1.50
2016.02.01 18:32:54.540,1.43903,1.43911,1.00,1.00
2016.02.01 18:32:55.047,1.43903,1.43912,1.00,1.10
2016.02.01 18:32:55.565,1.43902,1.43912,1.12,1.10
2016.02.01 18:32:57.857,1.43902,1.4391,1.00,1.00
2016.02.01 18:32:58.364,1.43903,1.4391,1.00,1.00
2016.02.01 18:32:58.415,1.43903,1.43913,1.00,2.40
2016.02.01 18:32:58.780,1.43905,1.43913,1.50,1.10
2016.02.01 18:32:59.085,1.43907,1.43917,2.25,1.57
2016.02.01 18:32:59.592,1.43908,1.43917,1.87,1.00
2016.02.01 18:33:01.389,1.43908,1.43917,1.00,1.37
2016.02.01 18:33:01.593,1.43906,1.43916,1.12,1.20
2016.02.01 18:33:01.796,1.43909,1.43916,1.00,1.20
2016.02.01 18:33:04.249,1.43908,1.43916,1.00,1.12
2016.02.01 18:33:04.605,1.43908,1.43919,1.00,1.57
2016.02.01 18:33:04.707,1.4391,1.43921,1.12,2.02
2016.02.01 18:33:05.216,1.4391,1.43921,2.65,1.12
2016.02.01 18:33:05.723,1.4391,1.43921,2.40,1.12
2016.02.01 18:33:05.902,1.4391,1.43917,1.17,1.00
2016.02.01 18:33:06.259,1.43906,1.43916,2.70,1.37
2016.02.01 18:33:06.615,1.43906,1.43915,1.10,1.00
2016.02.01 18:33:09.073,1.43906,1.43915,1.12,1.00
2016.02.01 18:33:11.736,1.43907,1.43915,1.87,1.12
2016.02.01 18:33:12.619,1.43907,1.43917,2.25,1.65
2016.02.01 18:33:13.635,1.43906,1.43915,2.25,1.00
2016.02.01 18:33:14.300,1.43906,1.43916,2.25,1.50
2016.02.01 18:33:14.620,1.43906,1.43916,2.25,1.37
2016.02.01 18:33:15.168,1.43906,1.43916,1.95,1.57
2016.02.01 18:33:15.624,1.43906,1.43916,1.95,1.57
2016.02.01 18:33:15.827,1.43906,1.43916,1.95,1.20
2016.02.01 18:33:16.336,1.43906,1.43916,1.95,1.47
2016.02.01 18:33:32.264,1.43907,1.43914,1.10,1.00
2016.02.01 18:33:32.366,1.43907,1.43911,1.10,1.12
2016.02.01 18:33:32.671,1.43906,1.4391,2.50,1.47
2016.02.01 18:33:33.382,1.43907,1.43911,1.00,1.57
2016.02.01 18:33:33.535,1.43907,1.43913,1.00,1.20
2016.02.01 18:33:34.043,1.43907,1.43913,1.00,1.20
2016.02.01 18:33:35.292,1.43906,1.43914,1.00,2.25
2016.02.01 18:33:36.637,1.43906,1.43914,1.00,5.25
2016.02.01 18:33:37.157,1.43906,1.43913,1.00,1.20
2016.02.01 18:33:38.245,1.43905,1.43913,1.00,1.95
2016.02.01 18:33:38.650,1.43905,1.43909,1.00,1.00
2016.02.01 18:33:39.744,1.439,1.43909,1.50,1.10
2016.02.01 18:33:43.546,1.43903,1.4391,1.00,1.45
2016.02.01 18:33:44.103,1.43903,1.43911,1.00,1.50
2016.02.01 18:33:44.650,1.43903,1.43911,1.12,1.20
2016.02.01 18:33:45.235,1.43905,1.43913,1.00,2.62
2016.02.01 18:33:45.742,1.43905,1.43913,1.00,2.25
2016.02.01 18:33:46.732,1.43904,1.43913,1.10,1.87
2016.02.01 18:33:48.080,1.43905,1.43913,1.00,1.87
2016.02.01 18:33:49.414,1.43903,1.43913,1.50,1.87
2016.02.01 18:33:54.985,1.43903,1.43912,1.10,1.12
2016.02.01 18:33:55.490,1.43904,1.43914,1.12,2.62
2016.02.01 18:33:56.411,1.43904,1.43914,2.25,2.25
2016.02.01 18:33:56.920,1.43904,1.43914,1.20,1.57
2016.02.01 18:33:57.944,1.43904,1.43914,1.20,1.57
2016.02.01 18:34:01.012,1.43904,1.43914,1.12,1.87
2016.02.01 18:34:01.519,1.43906,1.43915,1.00,1.87
2016.02.01 18:34:01.591,1.43906,1.43916,1.00,2.25
2016.02.01 18:34:01.744,1.43908,1.43916,1.00,1.65
2016.02.01 18:34:03.973,1.43907,1.43916,1.20,1.65
2016.02.01 18:34:04.482,1.43908,1.43917,1.20,1.57
2016.02.01 18:34:05.137,1.43908,1.43918,1.20,1.87
2016.02.01 18:34:12.730,1.43908,1.43918,1.65,1.87
2016.02.01 18:34:13.036,1.43912,1.43918,1.00,1.50
2016.02.01 18:34:13.138,1.43912,1.43922,3.75,1.12
2016.02.01 18:34:13.260,1.43914,1.43924,3.75,1.07
2016.02.01 18:34:16.333,1.43914,1.43924,1.37,1.20
2016.02.01 18:34:16.883,1.43914,1.43924,1.47,1.10
2016.02.01 18:34:17.724,1.43914,1.43924,1.10,1.10
2016.02.01 18:34:18.225,1.43913,1.43924,1.27,1.82
2016.02.01 18:34:19.943,1.43913,1.43923,1.12,1.07
2016.02.01 18:34:20.450,1.43913,1.43924,1.57,1.07
2016.02.01 18:34:24.317,1.43912,1.43924,1.95,1.50
2016.02.01 18:34:26.746,1.43912,1.43923,1.20,1.07
2016.02.01 18:34:27.053,1.43911,1.43923,1.57,3.00
2016.02.01 18:34:27.307,1.43909,1.4392,1.20,1.10
2016.02.01 18:34:27.358,1.43909,1.43919,1.12,1.50
2016.02.01 18:34:27.706,1.43902,1.43909,1.00,3.00
2016.02.01 18:34:27.858,1.43901,1.43911,1.00,2.25
2016.02.01 18:34:28.011,1.43902,1.43911,1.37,2.32
2016.02.01 18:34:28.113,1.439,1.43911,2.25,2.70
2016.02.01 18:34:28.620,1.43901,1.43911,1.37,1.95
2016.02.01 18:34:29.148,1.439,1.43911,1.37,2.32
2016.02.01 18:34:29.959,1.439,1.43911,1.37,3.07
2016.02.01 18:34:30.470,1.43899,1.43911,3.37,3.07
2016.02.01 18:34:31.010,1.439,1.43911,1.37,3.07
2016.02.01 18:34:31.521,1.43901,1.43911,1.37,3.82
2016.02.01 18:34:32.073,1.439,1.43911,1.37,3.07
2016.02.01 18:34:32.641,1.43901,1.4391,1.37,1.12
2016.02.01 18:34:33.676,1.439,1.43911,1.37,3.07
2016.02.01 18:34:34.184,1.439,1.43911,1.37,3.07
2016.02.01 18:34:34.725,1.43902,1.43911,1.00,3.07
2016.02.01 18:34:35.548,1.43901,1.43909,1.37,1.12
2016.02.01 18:34:35.599,1.43898,1.43909,2.62,1.12
2016.02.01 18:34:35.702,1.43898,1.43909,1.50,3.00
2016.02.01 18:34:36.209,1.43899,1.43908,1.12,1.50
2016.02.01 18:34:36.729,1.43898,1.43908,2.62,1.12
2016.02.01 18:34:37.186,1.43898,1.43907,2.62,1.12
2016.02.01 18:34:37.694,1.43898,1.43907,1.87,1.50
2016.02.01 18:34:37.998,1.43903,1.43907,1.00,1.50
2016.02.01 18:34:38.146,1.43903,1.43908,1.00,1.12
2016.02.01 18:34:38.300,1.43907,1.43912,1.00,1.47
2016.02.01 18:34:38.402,1.43908,1.43915,1.00,1.75
2016.02.01 18:34:38.504,1.43912,1.43918,1.50,1.45
2016.02.01 18:34:38.758,1.43917,1.43925,1.00,2.32
2016.02.01 18:34:38.911,1.43918,1.43925,3.37,1.00
2016.02.01 18:34:39.216,1.43921,1.43928,3.75,1.50
2016.02.01 18:34:39.866,1.43921,1.43927,3.75,1.07
2016.02.01 18:34:41.179,1.43921,1.43928,3.75,1.95
2016.02.01 18:34:42.051,1.43921,1.43928,3.75,1.12
2016.02.01 18:34:42.587,1.43921,1.43929,3.75,4.50
2016.02.01 18:34:43.296,1.43923,1.43931,3.75,6.00
2016.02.01 18:34:43.347,1.43923,1.43932,3.75,1.50
2016.02.01 18:34:43.450,1.43925,1.43932,3.75,1.50
2016.02.01 18:34:44.110,1.43926,1.4393,1.00,1.37
2016.02.01 18:34:44.617,1.43926,1.43931,1.00,1.37
2016.02.01 18:34:44.890,1.43924,1.4393,1.00,1.57
2016.02.01 18:34:45.398,1.43924,1.43929,1.00,1.07
2016.02.01 18:34:46.286,1.4392,1.43929,4.12,1.07
2016.02.01 18:34:50.390,1.43922,1.43929,1.50,1.20
2016.02.01 18:34:50.897,1.43922,1.43929,1.50,1.37
2016.02.01 18:34:51.420,1.43922,1.43929,1.50,1.00
2016.02.01 18:34:51.960,1.43923,1.43929,1.00,1.20
2016.02.01 18:34:52.011,1.43926,1.43929,1.00,1.12
2016.02.01 18:34:52.114,1.43926,1.43931,1.00,2.02
2016.02.01 18:34:54.613,1.43924,1.43931,1.50,1.50
2016.02.01 18:34:54.917,1.43926,1.43932,1.37,3.07
2016.02.01 18:34:55.171,1.43923,1.43929,4.87,1.12
2016.02.01 18:34:55.374,1.43927,1.43933,1.00,1.87
2016.02.01 18:34:55.586,1.4393,1.43936,1.00,2.62
2016.02.01 18:34:56.447,1.43929,1.43936,1.50,1.87
2016.02.01 18:34:57.207,1.43929,1.43937,1.50,1.47
2016.02.01 18:34:57.309,1.43929,1.43936,1.50,1.12
2016.02.01 18:35:00.507,1.43929,1.43934,1.50,1.12
2016.02.01 18:35:01.310,1.4393,1.43934,1.00,1.12
2016.02.01 18:35:03.150,1.4393,1.43936,1.00,1.12
2016.02.01 18:35:09.550,1.43928,1.43934,1.00,1.12
2016.02.01 18:35:13.077,1.43927,1.43936,1.37,1.57
2016.02.01 18:35:13.708,1.43929,1.43936,1.00,1.57
2016.02.01 18:35:13.832,1.43931,1.43937,1.12,1.50
2016.02.01 18:35:13.935,1.43934,1.4394,1.12,1.75
2016.02.01 18:35:14.291,1.43934,1.43942,1.00,1.27
2016.02.01 18:35:14.800,1.43932,1.43942,1.12,1.27
2016.02.01 18:35:15.310,1.43931,1.43942,1.50,1.57
2016.02.01 18:35:15.361,1.43931,1.4394,1.00,1.07
2016.02.01 18:35:16.015,1.43931,1.43937,1.00,1.00
2016.02.01 18:35:16.168,1.43928,1.43936,1.20,1.87
2016.02.01 18:35:16.219,1.43926,1.43936,2.25,3.00
2016.02.01 18:35:16.727,1.43927,1.43935,1.00,1.87
2016.02.01 18:35:17.255,1.43927,1.43935,1.00,2.32
2016.02.01 18:35:18.112,1.43927,1.43934,1.00,1.20
2016.02.01 18:35:22.894,1.43927,1.43934,1.00,2.02
2016.02.01 18:35:23.438,1.43927,1.43934,1.00,1.95
2016.02.01 18:35:29.059,1.43927,1.43934,1.00,1.27
2016.02.01 18:35:29.364,1.4393,1.43936,1.00,1.87
2016.02.01 18:35:29.539,1.4393,1.43938,4.50,1.50
2016.02.01 18:35:29.694,1.4393,1.4394,1.00,3.37
2016.02.01 18:35:29.796,1.43928,1.43938,1.50,1.12
2016.02.01 18:35:30.101,1.43927,1.43937,4.87,1.87
2016.02.01 18:35:30.609,1.43927,1.43936,3.75,2.25
2016.02.01 18:35:30.711,1.43926,1.43934,1.12,1.20
2016.02.01 18:35:31.339,1.43926,1.43935,1.12,1.50
2016.02.01 18:35:33.049,1.43926,1.43935,1.12,1.87
2016.02.01 18:35:33.555,1.43926,1.43935,1.12,1.87
2016.02.01 18:35:41.458,1.43926,1.43937,1.00,3.37
2016.02.01 18:35:41.642,1.43926,1.43936,1.00,1.12
2016.02.01 18:35:42.311,1.43926,1.43936,1.00,1.12
2016.02.01 18:35:46.406,1.43927,1.43936,1.00,2.62
2016.02.01 18:35:48.920,1.43927,1.43936,1.00,2.62
2016.02.01 18:35:49.864,1.43928,1.43935,1.00,1.12
2016.02.01 18:35:50.018,1.43932,1.43938,1.00,1.12
2016.02.01 18:35:50.121,1.43929,1.43938,1.12,1.95
2016.02.01 18:35:50.629,1.43929,1.43937,1.00,1.10
2016.02.01 18:35:51.080,1.43927,1.43937,1.37,1.45
2016.02.01 18:35:51.590,1.43927,1.43937,1.00,1.75
2016.02.01 18:35:51.692,1.43927,1.43937,1.00,1.20
2016.02.01 18:35:53.887,1.43927,1.43938,1.00,1.95
2016.02.01 18:35:55.095,1.43927,1.43937,1.37,1.15
2016.02.01 18:35:56.313,1.43927,1.43937,1.12,1.27
2016.02.01 18:35:56.567,1.43927,1.43934,1.12,1.00
2016.02.01 18:35:56.873,1.43927,1.43934,1.00,1.75
2016.02.01 18:35:57.381,1.43927,1.43934,1.00,1.50
2016.02.01 18:35:58.255,1.43927,1.43934,1.00,1.20
2016.02.01 18:36:07.294,1.43926,1.43935,1.00,1.12
2016.02.01 18:36:07.601,1.43926,1.43935,1.00,1.75
2016.02.01 18:36:08.109,1.43926,1.43935,1.00,3.00
2016.02.01 18:36:08.950,1.43926,1.43935,1.00,2.02
2016.02.01 18:36:11.900,1.43926,1.43935,1.00,1.95
2016.02.01 18:36:12.488,1.43926,1.43937,1.00,4.50
2016.02.01 18:36:12.539,1.43928,1.43937,1.00,3.00
2016.02.01 18:36:13.063,1.4393,1.43937,1.00,2.70
2016.02.01 18:36:13.115,1.4393,1.43937,1.17,1.50
2016.02.01 18:36:13.231,1.43931,1.43938,1.57,1.50
2016.02.01 18:36:13.537,1.43937,1.43943,1.00,1.87
2016.02.01 18:36:13.588,1.43937,1.43943,1.00,1.12
2016.02.01 18:36:14.415,1.43937,1.43945,1.00,1.87
2016.02.01 18:36:18.804,1.43937,1.43946,1.00,5.47
2016.02.01 18:36:19.319,1.43938,1.43946,1.00,5.85
2016.02.01 18:36:19.750,1.43938,1.43946,1.00,2.85
2016.02.01 18:36:21.471,1.43938,1.43946,1.00,2.85
2016.02.01 18:36:22.536,1.43935,1.4394,1.00,1.00
2016.02.01 18:36:22.824,1.43932,1.4394,1.00,1.00
2016.02.01 18:36:23.435,1.43933,1.43942,1.00,1.80
2016.02.01 18:36:23.588,1.43934,1.43944,1.10,3.22
2016.02.01 18:36:23.741,1.43936,1.43944,1.00,1.72
2016.02.01 18:36:24.357,1.43935,1.43943,1.10,1.35
2016.02.01 18:36:24.662,1.43932,1.43941,1.95,1.12
2016.02.01 18:36:24.764,1.43932,1.43941,1.65,1.12
2016.02.01 18:36:24.917,1.43932,1.4394,1.17,3.60
2016.02.01 18:36:25.046,1.4393,1.4394,1.12,2.10
2016.02.01 18:36:25.301,1.43932,1.43939,1.00,1.00
2016.02.01 18:36:25.403,1.43932,1.43941,1.00,1.00
2016.02.01 18:36:25.505,1.43932,1.43942,1.95,1.72
2016.02.01 18:36:26.014,1.43934,1.43944,1.00,1.67
2016.02.01 18:36:26.213,1.43934,1.43944,1.12,1.35
2016.02.01 18:36:26.367,1.43936,1.43944,1.00,1.67
2016.02.01 18:36:26.724,1.43937,1.43946,1.37,5.47
2016.02.01 18:36:27.250,1.43937,1.43946,1.37,4.72
2016.02.01 18:36:28.338,1.43937,1.43946,1.37,1.72
2016.02.01 18:36:29.243,1.43939,1.43946,1.00,1.12
2016.02.01 18:36:33.321,1.43938,1.43946,1.12,1.87
2016.02.01 18:36:33.830,1.43939,1.43946,1.00,1.12
2016.02.01 18:36:37.519,1.43937,1.43946,1.10,1.87
2016.02.01 18:36:38.254,1.43937,1.43946,1.09,1.87
2016.02.01 18:36:38.785,1.43937,1.43946,1.07,2.25
2016.02.01 18:36:39.288,1.43937,1.43946,1.07,2.25
2016.02.01 18:36:42.421,1.43934,1.43941,2.25,1.00
2016.02.01 18:36:42.626,1.43928,1.43938,3.00,1.20
2016.02.01 18:36:42.677,1.43928,1.43938,2.62,1.95
2016.02.01 18:36:43.130,1.43926,1.43937,1.50,1.55
2016.02.01 18:36:43.182,1.43926,1.43935,1.50,1.17
2016.02.01 18:36:43.690,1.43924,1.43932,1.00,1.00
2016.02.01 18:36:43.995,1.43923,1.4393,1.00,2.70
2016.02.01 18:36:44.350,1.43921,1.4393,1.00,3.07
2016.02.01 18:36:48.968,1.43921,1.4393,1.12,1.95
2016.02.01 18:36:49.975,1.43919,1.4393,1.50,1.00
2016.02.01 18:36:50.026,1.43919,1.43931,1.47,3.45
2016.02.01 18:36:50.077,1.43919,1.43928,1.20,1.00
2016.02.01 18:36:50.129,1.43917,1.43926,1.87,1.00
2016.02.01 18:36:50.282,1.43917,1.43926,1.00,1.37
2016.02.01 18:36:55.159,1.43919,1.43926,1.00,1.37
2016.02.01 18:36:56.341,1.43919,1.43926,1.00,1.12
2016.02.01 18:37:01.102,1.43916,1.43926,1.20,1.12
2016.02.01 18:37:01.306,1.43916,1.43926,1.10,1.12
2016.02.01 18:37:01.943,1.43915,1.43923,1.27,1.00
2016.02.01 18:37:02.197,1.43907,1.43918,1.20,1.50
2016.02.01 18:37:02.706,1.43907,1.43917,1.12,1.65
2016.02.01 18:37:04.349,1.43907,1.43917,1.10,2.32
2016.02.01 18:37:05.010,1.43908,1.43917,1.00,1.75
2016.02.01 18:37:05.061,1.43911,1.43917,1.00,1.00
2016.02.01 18:37:05.366,1.43916,1.43924,1.07,4.50
2016.02.01 18:37:05.417,1.43916,1.43925,1.07,1.50
2016.02.01 18:37:05.469,1.43918,1.43926,1.00,1.50
2016.02.01 18:37:05.976,1.43916,1.43927,1.07,3.07
2016.02.01 18:37:07.209,1.43916,1.43926,1.07,1.37
2016.02.01 18:37:08.336,1.43918,1.43926,3.75,1.87
2016.02.01 18:37:09.424,1.43918,1.43926,4.87,1.87
2016.02.01 18:37:11.194,1.43918,1.43927,1.17,2.62
2016.02.01 18:37:12.784,1.43918,1.43927,1.17,2.62
2016.02.01 18:37:13.298,1.43918,1.43927,1.17,2.25
2016.02.01 18:37:13.617,1.43918,1.43927,1.57,1.50
2016.02.01 18:37:14.944,1.43918,1.43927,1.50,1.00
2016.02.01 18:37:16.313,1.43919,1.43926,1.10,1.00
2016.02.01 18:37:16.820,1.43919,1.43926,1.00,1.50
2016.02.01 18:37:17.326,1.43916,1.43926,1.57,1.57
2016.02.01 18:37:21.643,1.43916,1.43926,2.25,1.50
2016.02.01 18:37:22.182,1.43918,1.43926,1.50,1.00
2016.02.01 18:37:22.693,1.43918,1.43927,1.50,2.25
2016.02.01 18:37:27.319,1.43918,1.43927,1.20,1.50
2016.02.01 18:37:42.896,1.43917,1.43927,1.07,2.62
2016.02.01 18:37:42.998,1.43916,1.43925,1.50,1.37
2016.02.01 18:37:44.992,1.43915,1.43924,1.57,1.47
2016.02.01 18:37:50.160,1.43915,1.43925,1.12,1.87
2016.02.01 18:37:51.117,1.43915,1.43926,2.25,3.90
2016.02.01 18:37:51.169,1.43916,1.43926,1.12,1.20
2016.02.01 18:37:51.675,1.43916,1.43926,1.50,1.00
2016.02.01 18:37:52.447,1.43916,1.43926,1.20,1.10
2016.02.01 18:37:52.995,1.43916,1.43926,1.10,1.20
2016.02.01 18:37:54.175,1.43915,1.43925,1.57,1.00
2016.02.01 18:37:56.904,1.43916,1.43926,1.10,1.95
2016.02.01 18:37:58.606,1.43916,1.43926,1.50,1.57
2016.02.01 18:37:58.910,1.43916,1.43926,1.10,1.20
2016.02.01 18:38:00.150,1.43916,1.43926,1.00,1.47
2016.02.01 18:38:00.847,1.43915,1.43926,1.50,2.25
2016.02.01 18:38:01.051,1.43914,1.43923,1.00,1.37
2016.02.01 18:38:01.559,1.43914,1.43922,1.00,1.12
2016.02.01 18:38:02.067,1.43914,1.43923,1.00,1.87
2016.02.01 18:38:04.028,1.43913,1.43922,1.50,1.50
2016.02.01 18:38:04.537,1.43914,1.43922,1.00,2.25
2016.02.01 18:38:04.740,1.43915,1.43924,1.00,1.12
2016.02.01 18:38:04.994,1.43918,1.43924,1.00,1.12
2016.02.01 18:38:07.964,1.43918,1.43925,1.00,1.95
2016.02.01 18:38:08.492,1.43919,1.43925,1.00,1.57
2016.02.01 18:38:12.621,1.43919,1.43925,1.00,1.10
2016.02.01 18:38:13.068,1.43919,1.43927,1.10,1.10
2016.02.01 18:38:13.221,1.43919,1.43929,1.00,2.70
2016.02.01 18:38:14.086,1.43919,1.43929,1.00,2.32
2016.02.01 18:38:14.247,1.43919,1.43929,1.00,1.20
2016.02.01 18:38:14.450,1.4392,1.43931,2.55,1.87
2016.02.01 18:38:15.436,1.43925,1.4393,1.00,1.00
2016.02.01 18:38:15.961,1.43924,1.4393,1.10,1.00
2016.02.01 18:38:17.417,1.43924,1.43931,1.00,1.50
2016.02.01 18:38:17.977,1.43923,1.43931,1.10,1.50
2016.02.01 18:38:18.283,1.43924,1.43929,1.00,1.37
2016.02.01 18:38:18.385,1.43924,1.43931,1.00,2.25
2016.02.01 18:38:18.953,1.43922,1.43931,1.50,2.62
2016.02.01 18:38:19.510,1.43922,1.43931,1.50,1.87
2016.02.01 18:38:20.023,1.43922,1.43931,1.20,1.87
2016.02.01 18:38:20.536,1.43924,1.43931,1.00,1.12
2016.02.01 18:38:20.983,1.43924,1.4393,1.00,1.37
2016.02.01 18:38:21.279,1.43925,1.43931,1.00,1.12
2016.02.01 18:38:22.507,1.43925,1.43931,1.00,1.87
2016.02.01 18:38:22.895,1.43923,1.43931,1.20,1.12
2016.02.01 18:38:23.503,1.43923,1.43931,1.20,1.87
2016.02.01 18:38:23.554,1.43925,1.43931,1.00,1.87
2016.02.01 18:38:24.094,1.43925,1.4393,1.00,1.37
2016.02.01 18:38:24.600,1.43925,1.43931,1.00,1.87
2016.02.01 18:38:25.131,1.43925,1.4393,1.00,1.37
2016.02.01 18:38:25.670,1.43925,1.43931,1.00,1.87
2016.02.01 18:38:26.656,1.43923,1.43931,1.20,1.87
2016.02.01 18:38:27.164,1.43924,1.4393,1.00,1.00
2016.02.01 18:38:27.670,1.43924,1.4393,1.00,1.37
2016.02.01 18:38:28.191,1.43924,1.43931,1.00,1.37
2016.02.01 18:38:28.700,1.43922,1.43931,1.20,1.87
2016.02.01 18:38:29.224,1.43924,1.4393,1.00,1.37
2016.02.01 18:38:29.435,1.43922,1.4393,1.10,1.37
2016.02.01 18:38:30.895,1.43922,1.43929,1.00,1.37
2016.02.01 18:38:31.402,1.43922,1.4393,1.00,1.57
2016.02.01 18:38:31.926,1.43922,1.43931,1.00,4.12
2016.02.01 18:38:32.441,1.4392,1.43929,1.50,1.00
2016.02.01 18:38:32.948,1.43922,1.4393,1.10,1.37
2016.02.01 18:38:39.915,1.43922,1.43929,1.00,1.57
2016.02.01 18:38:40.220,1.43922,1.43931,1.37,1.65
2016.02.01 18:38:40.271,1.43922,1.43931,1.47,1.57
2016.02.01 18:38:41.630,1.43922,1.43931,1.47,2.62
2016.02.01 18:38:42.159,1.43922,1.4393,1.47,1.37
2016.02.01 18:38:42.616,1.4392,1.43929,1.57,3.37
2016.02.01 18:38:42.717,1.4392,1.43929,1.20,3.37
2016.02.01 18:38:43.434,1.4392,1.43929,1.20,2.25
2016.02.01 18:38:43.944,1.4392,1.43929,1.20,2.62
2016.02.01 18:38:48.216,1.43922,1.43929,1.00,1.87
2016.02.01 18:38:48.520,1.43923,1.4393,1.00,1.00
2016.02.01 18:39:01.860,1.43924,1.4393,1.00,1.00
2016.02.01 18:39:02.363,1.43923,1.43931,1.12,1.00
2016.02.01 18:39:02.870,1.43923,1.43931,1.12,1.87
2016.02.01 18:39:03.073,1.43923,1.43929,1.12,1.37
2016.02.01 18:39:03.610,1.43922,1.4393,1.07,2.25
2016.02.01 18:39:03.814,1.43921,1.43929,1.10,1.50
2016.02.01 18:39:04.321,1.43921,1.43928,1.00,1.57
2016.02.01 18:39:04.824,1.4392,1.43928,1.00,1.20
2016.02.01 18:39:05.180,1.43918,1.43927,1.12,1.10
2016.02.01 18:39:07.278,1.43918,1.43927,1.00,1.87
2016.02.01 18:39:07.917,1.43921,1.43927,1.00,1.95
2016.02.01 18:39:08.120,1.43921,1.43927,1.00,1.27
2016.02.01 18:39:15.515,1.43921,1.43927,1.00,1.87
2016.02.01 18:39:17.927,1.4392,1.43927,1.00,1.12
2016.02.01 18:39:27.774,1.4392,1.43928,1.00,7.12
2016.02.01 18:39:28.937,1.43919,1.43927,1.00,1.57
2016.02.01 18:39:32.561,1.43916,1.43927,1.57,1.45
2016.02.01 18:39:36.123,1.43915,1.43924,1.57,1.50
2016.02.01 18:39:36.214,1.43913,1.43924,2.32,1.87
2016.02.01 18:39:36.269,1.43912,1.43921,1.95,1.50
2016.02.01 18:39:36.779,1.43914,1.43923,1.00,1.75
2016.02.01 18:39:42.642,1.43914,1.43923,1.20,1.20
2016.02.01 18:39:47.307,1.43913,1.43923,2.32,1.47
2016.02.01 18:40:00.260,1.43915,1.43923,1.00,1.87
2016.02.01 18:40:00.803,1.43915,1.43924,1.00,1.50
2016.02.01 18:40:03.366,1.43914,1.43924,1.87,1.50
2016.02.01 18:40:06.252,1.43914,1.43923,1.87,1.47
2016.02.01 18:40:06.303,1.43914,1.43923,1.87,1.50
2016.02.01 18:40:12.715,1.43916,1.43923,1.00,1.87
2016.02.01 18:40:13.070,1.43918,1.43925,1.00,1.95
2016.02.01 18:40:13.215,1.43923,1.43929,1.00,1.00
2016.02.01 18:40:13.344,1.43923,1.4393,2.32,1.00
2016.02.01 18:40:29.910,1.43925,1.43932,1.50,1.12
2016.02.01 18:40:30.418,1.43926,1.43932,1.10,1.00
2016.02.01 18:40:32.000,1.43925,1.43932,1.10,1.00
2016.02.01 18:40:33.991,1.43925,1.43932,1.00,1.12
2016.02.01 18:40:34.498,1.43926,1.43932,1.00,1.50
2016.02.01 18:40:34.702,1.43926,1.43932,1.00,1.10
2016.02.01 18:40:35.416,1.43926,1.43931,1.00,1.00
2016.02.01 18:40:35.872,1.43923,1.43931,1.50,1.00
2016.02.01 18:40:38.168,1.43924,1.43929,1.12,1.00
2016.02.01 18:40:38.676,1.43922,1.43929,1.50,1.20
2016.02.01 18:40:39.182,1.43922,1.43929,1.00,1.20
2016.02.01 18:40:39.733,1.43923,1.43929,1.00,1.20
2016.02.01 18:40:40.241,1.43922,1.43929,1.50,1.20
2016.02.01 18:40:40.901,1.43922,1.43927,1.50,1.00
2016.02.01 18:40:48.618,1.43922,1.43929,1.10,1.00
2016.02.01 18:40:48.821,1.43921,1.43927,1.20,1.00
2016.02.01 18:40:49.914,1.43921,1.43928,1.20,1.12
2016.02.01 18:40:51.269,1.43921,1.43927,1.95,1.00
2016.02.01 18:40:53.694,1.43921,1.43928,1.95,1.00
2016.02.01 18:40:57.380,1.43921,1.43928,1.10,2.25
2016.02.01 18:40:57.687,1.4392,1.43927,1.50,1.00
2016.02.01 18:40:58.143,1.43919,1.43927,1.50,1.50
2016.02.01 18:40:58.194,1.43919,1.43925,1.07,1.00
2016.02.01 18:40:58.360,1.43914,1.43921,1.20,1.00
2016.02.01 18:40:58.514,1.43914,1.43918,1.12,1.00
2016.02.01 18:40:58.869,1.43912,1.43915,1.07,1.00
2016.02.01 18:40:58.971,1.4391,1.43915,1.50,1.00
2016.02.01 18:40:59.174,1.43914,1.43921,1.00,1.57
2016.02.01 18:40:59.225,1.43914,1.43923,1.50,3.37
2016.02.01 18:40:59.764,1.43914,1.4392,1.57,1.00
2016.02.01 18:41:04.248,1.43913,1.4392,1.12,1.00
2016.02.01 18:41:10.760,1.43914,1.4392,1.00,1.00
2016.02.01 18:41:20.855,1.43914,1.43921,1.00,1.00
2016.02.01 18:41:22.158,1.43913,1.43921,1.50,1.00
2016.02.01 18:41:22.674,1.43914,1.43921,1.00,1.00
2016.02.01 18:41:33.263,1.43916,1.43921,1.00,1.00
2016.02.01 18:41:38.097,1.43916,1.43923,1.00,1.00
2016.02.01 18:41:39.208,1.43916,1.43922,1.00,1.00
2016.02.01 18:41:42.007,1.43914,1.43922,2.62,1.00
2016.02.01 18:41:42.515,1.43914,1.43921,1.37,1.00
2016.02.01 18:41:48.257,1.43917,1.43921,1.00,1.00
2016.02.01 18:41:48.439,1.43917,1.43924,1.15,1.37
2016.02.01 18:41:48.542,1.43918,1.43924,1.20,1.00
2016.02.01 18:41:49.050,1.43918,1.43925,2.32,1.12
2016.02.01 18:41:51.076,1.43918,1.43926,2.32,1.12
2016.02.01 18:41:59.905,1.43921,1.43927,1.00,3.67
2016.02.01 18:42:00.007,1.43922,1.4393,1.00,5.17
2016.02.01 18:42:00.058,1.43925,1.4393,1.00,3.67
2016.02.01 18:42:00.110,1.43925,1.43931,1.00,1.80
2016.02.01 18:42:00.618,1.43929,1.43931,1.00,1.05
2016.02.01 18:42:00.722,1.43931,1.43936,1.00,1.12
2016.02.01 18:42:00.826,1.43931,1.4394,1.15,1.42
2016.02.01 18:42:01.334,1.43932,1.4394,1.17,1.42
2016.02.01 18:42:01.436,1.4393,1.4394,1.50,3.30
2016.02.01 18:42:01.590,1.43928,1.43937,4.50,1.80
2016.02.01 18:42:01.642,1.43926,1.43935,1.82,1.67
2016.02.01 18:42:01.693,1.43925,1.43935,4.20,1.67
2016.02.01 18:42:01.744,1.43924,1.43934,2.70,1.05
2016.02.01 18:42:02.290,1.43924,1.43935,2.40,2.62
2016.02.01 18:42:08.231,1.43924,1.43933,1.57,1.00
2016.02.01 18:42:08.385,1.43925,1.43931,1.00,1.00
2016.02.01 18:42:08.894,1.43925,1.43933,1.00,1.47
2016.02.01 18:42:09.148,1.43925,1.43934,1.00,1.00
2016.02.01 18:42:11.122,1.43925,1.43935,1.50,1.27
2016.02.01 18:42:25.150,1.43924,1.43935,2.25,1.65
2016.02.01 18:42:27.267,1.43924,1.43935,2.62,1.65
2016.02.01 18:42:35.073,1.43926,1.43935,1.00,1.57
2016.02.01 18:42:36.264,1.43926,1.43936,1.10,1.20
2016.02.01 18:42:37.599,1.43926,1.43935,1.07,1.12
2016.02.01 18:42:39.571,1.43929,1.43935,1.00,1.12
2016.02.01 18:42:39.623,1.4393,1.43937,1.00,1.37
2016.02.01 18:42:39.775,1.43932,1.4394,1.00,2.32
2016.02.01 18:42:40.285,1.43932,1.4394,1.00,1.12
2016.02.01 18:42:40.999,1.43932,1.43942,1.12,1.87
2016.02.01 18:42:41.531,1.43932,1.43941,1.12,1.00
2016.02.01 18:42:42.822,1.43934,1.43941,1.00,1.00
2016.02.01 18:42:43.891,1.43935,1.43942,1.00,1.50
2016.02.01 18:42:45.588,1.43935,1.43944,1.10,4.12
2016.02.01 18:42:49.583,1.43935,1.43944,1.12,4.12
2016.02.01 18:42:50.598,1.43935,1.43944,1.00,4.12
2016.02.01 18:42:55.266,1.43933,1.43944,2.25,4.87
2016.02.01 18:42:55.571,1.43934,1.43944,3.75,4.50
2016.02.01 18:42:55.875,1.43943,1.4395,1.00,1.57
2016.02.01 18:42:55.926,1.43945,1.4395,1.00,1.07
2016.02.01 18:42:56.028,1.43945,1.43951,1.00,1.00
2016.02.01 18:42:56.577,1.43942,1.43952,2.25,1.50
2016.02.01 18:42:57.096,1.43942,1.43951,3.00,1.37
2016.02.01 18:42:57.624,1.43944,1.43951,1.20,1.12
2016.02.01 18:42:58.126,1.43944,1.43953,1.20,1.50
2016.02.01 18:42:59.636,1.43942,1.4395,3.22,1.50
2016.02.01 18:42:59.789,1.43942,1.4395,1.35,1.87
2016.02.01 18:43:00.296,1.43942,1.4395,1.42,1.87
2016.02.01 18:43:05.441,1.43943,1.43952,1.00,3.00
2016.02.01 18:43:06.845,1.43943,1.4395,1.00,1.50
2016.02.01 18:43:07.353,1.43943,1.4395,1.00,1.00
2016.02.01 18:43:07.861,1.43943,1.43951,1.20,1.87
2016.02.01 18:43:11.151,1.43942,1.4395,2.25,1.50
2016.02.01 18:43:11.961,1.43943,1.43951,1.20,1.50
2016.02.01 18:43:12.481,1.43942,1.4395,1.95,1.12
2016.02.01 18:43:13.050,1.43942,1.43951,1.95,1.50
2016.02.01 18:43:13.454,1.43943,1.43952,1.95,1.50
2016.02.01 18:43:13.961,1.43943,1.43952,2.32,1.00
2016.02.01 18:43:14.509,1.43943,1.43952,2.70,1.50
2016.02.01 18:43:15.015,1.43943,1.43952,2.70,1.00
2016.02.01 18:43:15.533,1.43943,1.43952,2.32,1.50
2016.02.01 18:43:16.041,1.43943,1.43952,2.32,1.00
2016.02.01 18:43:18.783,1.43943,1.43951,1.47,1.12
2016.02.01 18:43:19.594,1.43943,1.43952,1.47,1.50
2016.02.01 18:43:21.355,1.43942,1.43951,4.87,1.12
2016.02.01 18:43:21.872,1.43943,1.43952,1.47,1.50
2016.02.01 18:43:23.660,1.43942,1.43952,4.87,1.50
2016.02.01 18:43:24.183,1.43942,1.43952,3.00,1.00
2016.02.01 18:43:25.164,1.43943,1.43952,1.07,1.50
2016.02.01 18:43:25.673,1.43943,1.43952,1.57,1.00
2016.02.01 18:43:26.465,1.43943,1.43952,1.57,1.50
2016.02.01 18:43:26.974,1.43943,1.4395,1.57,1.12
2016.02.01 18:43:27.500,1.43943,1.43951,1.20,1.12
2016.02.01 18:43:28.406,1.43943,1.43951,1.20,1.37
2016.02.01 18:43:29.187,1.43943,1.43952,1.20,1.87
2016.02.01 18:43:30.410,1.43943,1.43951,1.20,1.37
2016.02.01 18:43:30.911,1.43943,1.43952,1.20,2.25
2016.02.01 18:43:31.412,1.43944,1.43951,1.10,1.37
2016.02.01 18:43:31.514,1.43944,1.43952,1.10,2.25
2016.02.01 18:43:32.316,1.43943,1.43952,1.07,2.25
2016.02.01 18:43:32.823,1.43942,1.43952,3.37,1.50
2016.02.01 18:43:33.538,1.43944,1.43951,1.12,1.37
2016.02.01 18:43:34.093,1.43944,1.43952,1.10,1.50
2016.02.01 18:43:34.843,1.43944,1.43951,1.10,1.37
2016.02.01 18:43:35.716,1.43944,1.43952,1.10,1.50
2016.02.01 18:43:38.142,1.43943,1.43951,1.20,1.37
2016.02.01 18:43:38.764,1.43943,1.43952,1.20,1.87
2016.02.01 18:43:40.505,1.43943,1.43951,1.20,1.37
2016.02.01 18:43:42.351,1.43943,1.43952,1.20,1.87
2016.02.01 18:43:42.882,1.43943,1.43951,1.57,1.37
2016.02.01 18:43:43.150,1.43945,1.43952,1.12,1.12
2016.02.01 18:43:43.201,1.43948,1.43952,1.00,1.12
2016.02.01 18:43:43.252,1.43948,1.43954,1.00,1.50
2016.02.01 18:43:43.355,1.43946,1.43957,2.25,2.25
2016.02.01 18:43:43.965,1.4395,1.43959,1.00,1.50
2016.02.01 18:43:44.420,1.43952,1.43958,1.00,1.00
2016.02.01 18:43:44.522,1.43952,1.43961,3.37,1.50
2016.02.01 18:43:44.623,1.43956,1.43963,1.00,1.50
2016.02.01 18:43:44.675,1.43954,1.43965,2.25,3.00
2016.02.01 18:43:44.726,1.43957,1.43965,1.00,1.12
2016.02.01 18:43:45.032,1.43963,1.43972,1.10,1.12
2016.02.01 18:43:45.134,1.43963,1.43972,1.00,2.70
2016.02.01 18:43:45.462,1.43962,1.43968,1.10,1.12
2016.02.01 18:43:45.970,1.43961,1.4397,1.00,2.40
2016.02.01 18:43:46.504,1.43961,1.4397,1.00,1.50
2016.02.01 18:43:48.029,1.43962,1.4397,1.00,2.62
2016.02.01 18:43:48.536,1.43962,1.4397,1.00,1.87
2016.02.01 18:43:49.043,1.43962,1.43969,1.00,1.00
2016.02.01 18:43:49.777,1.4396,1.4397,1.12,3.37
2016.02.01 18:43:49.930,1.4396,1.43968,1.00,1.37
2016.02.01 18:43:50.133,1.43955,1.43965,2.32,1.10
2016.02.01 18:43:50.184,1.43955,1.43964,1.10,1.37
2016.02.01 18:43:51.214,1.43955,1.43964,1.00,2.02
2016.02.01 18:43:51.861,1.43954,1.43964,1.00,1.57
2016.02.01 18:43:53.250,1.43954,1.43964,1.00,1.65
2016.02.01 18:43:55.752,1.43955,1.43964,1.00,1.57
2016.02.01 18:43:56.282,1.43956,1.43964,1.00,1.65
2016.02.01 18:43:57.043,1.43955,1.43964,1.00,2.02
2016.02.01 18:44:00.270,1.43955,1.43963,1.00,1.27
2016.02.01 18:44:00.576,1.4395,1.43957,1.00,1.50
2016.02.01 18:44:00.881,1.43948,1.43956,1.35,1.57
2016.02.01 18:44:01.388,1.43947,1.43956,4.72,1.57
2016.02.01 18:44:02.333,1.43947,1.43955,1.60,1.00
2016.02.01 18:44:02.983,1.43948,1.43955,1.42,1.00
2016.02.01 18:44:03.490,1.43948,1.43956,1.50,1.12
2016.02.01 18:44:05.812,1.43948,1.43955,1.15,1.00
2016.02.01 18:44:06.398,1.43948,1.43956,1.17,1.12
2016.02.01 18:44:07.308,1.43946,1.43955,1.72,1.87
2016.02.01 18:44:07.614,1.43947,1.43955,1.10,1.00
2016.02.01 18:44:08.122,1.43945,1.43954,4.80,1.00
2016.02.01 18:44:08.629,1.43945,1.43955,4.80,1.12
2016.02.01 18:44:08.858,1.43948,1.43955,1.00,1.12
2016.02.01 18:44:09.265,1.43948,1.43957,5.47,1.47
2016.02.01 18:44:09.417,1.43948,1.43957,5.47,1.10
2016.02.01 18:44:13.864,1.43948,1.43957,5.55,1.00
2016.02.01 18:44:14.380,1.43949,1.43957,3.52,1.00
2016.02.01 18:44:17.639,1.43946,1.43957,2.47,1.50
2016.02.01 18:44:17.691,1.43946,1.43957,1.72,3.00
2016.02.01 18:44:17.742,1.43949,1.43957,3.52,3.00
2016.02.01 18:44:18.179,1.43948,1.43957,3.90,1.20
2016.02.01 18:44:18.892,1.43947,1.43957,3.15,1.50
2016.02.01 18:44:18.994,1.43947,1.43955,2.77,1.00
2016.02.01 18:44:19.495,1.43947,1.43955,2.77,1.17
2016.02.01 18:44:20.257,1.43946,1.43955,1.00,1.65
2016.02.01 18:44:20.655,1.43945,1.4395,2.85,1.00
2016.02.01 18:44:20.706,1.43941,1.4395,1.82,1.00
2016.02.01 18:44:20.808,1.43938,1.4395,5.02,1.12
2016.02.01 18:44:20.910,1.4394,1.43949,1.00,1.12
2016.02.01 18:44:21.419,1.4394,1.43949,1.00,1.00
2016.02.01 18:44:24.309,1.43942,1.43949,1.00,1.12
2016.02.01 18:44:25.552,1.43942,1.43949,1.00,1.37
2016.02.01 18:44:29.419,1.43942,1.43951,1.87,5.02
2016.02.01 18:44:29.470,1.43944,1.43951,1.00,1.65
2016.02.01 18:44:29.941,1.43944,1.43952,1.00,1.00
2016.02.01 18:44:36.381,1.43943,1.43953,1.00,4.50
2016.02.01 18:44:36.918,1.43943,1.43952,1.00,1.95
2016.02.01 18:44:37.021,1.43941,1.43952,1.00,1.95
2016.02.01 18:44:40.347,1.43941,1.43951,1.37,2.02
2016.02.01 18:44:40.871,1.4394,1.43951,1.65,1.95
2016.02.01 18:44:43.455,1.43941,1.43951,2.40,1.95
2016.02.01 18:44:44.089,1.43941,1.43951,1.65,1.95
2016.02.01 18:44:44.753,1.43941,1.43951,2.40,1.95
2016.02.01 18:44:45.300,1.43941,1.43951,1.65,1.47
2016.02.01 18:44:47.563,1.43943,1.43951,1.00,1.47
2016.02.01 18:44:48.171,1.43941,1.43951,1.27,1.47
2016.02.01 18:44:48.752,1.4394,1.43951,2.02,1.95
2016.02.01 18:44:48.955,1.43938,1.43948,3.15,1.00
2016.02.01 18:44:49.259,1.4394,1.4395,1.37,1.50
2016.02.01 18:44:49.795,1.43939,1.4395,1.37,1.50
2016.02.01 18:44:50.302,1.43939,1.4395,1.37,2.25
2016.02.01 18:44:53.211,1.43939,1.4395,2.02,2.62
2016.02.01 18:44:53.617,1.4394,1.43948,1.37,1.07
2016.02.01 18:44:55.379,1.43939,1.43948,3.90,1.07
2016.02.01 18:44:55.780,1.43936,1.43945,1.75,1.00
2016.02.01 18:44:56.188,1.43935,1.43945,2.40,1.20
2016.02.01 18:44:56.543,1.43933,1.43944,6.07,1.12
2016.02.01 18:44:56.849,1.4393,1.43938,1.00,1.37
2016.02.01 18:44:57.144,1.43931,1.4394,1.00,1.10
2016.02.01 18:44:57.196,1.43931,1.4394,1.00,1.12
2016.02.01 18:44:57.298,1.43931,1.4394,1.00,1.20
2016.02.01 18:44:57.653,1.43931,1.4394,1.00,1.20
2016.02.01 18:44:58.362,1.43929,1.4394,1.12,1.20
2016.02.01 18:45:00.242,1.43931,1.43938,1.00,1.00
2016.02.01 18:45:03.218,1.4393,1.43938,1.12,1.00
2016.02.01 18:45:03.776,1.43931,1.43938,1.00,1.00
2016.02.01 18:45:09.192,1.43931,1.43938,1.00,1.12
2016.02.01 18:45:10.851,1.4393,1.43938,1.00,1.50
2016.02.01 18:45:11.004,1.43928,1.43938,2.40,1.20
2016.02.01 18:45:11.055,1.43928,1.43937,2.02,2.62
2016.02.01 18:45:11.272,1.43921,1.43931,2.02,2.70
2016.02.01 18:45:11.374,1.43919,1.43929,1.65,1.37
2016.02.01 18:45:11.883,1.4392,1.43926,1.12,1.07
2016.02.01 18:45:12.829,1.43916,1.43927,2.85,1.12
2016.02.01 18:45:13.336,1.43918,1.43926,1.37,1.07
2016.02.01 18:45:13.843,1.43918,1.43926,1.12,1.07
2016.02.01 18:45:15.676,1.43918,1.43927,1.20,1.50
2016.02.01 18:45:16.928,1.43919,1.43927,1.00,2.25
2016.02.01 18:45:18.378,1.43919,1.43927,1.00,1.50
2016.02.01 18:45:21.113,1.43921,1.43928,1.20,1.12
2016.02.01 18:45:21.215,1.43923,1.43931,1.52,1.20
2016.02.01 18:45:21.368,1.43924,1.43934,1.30,1.50
2016.02.01 18:45:21.571,1.43924,1.43936,1.60,2.32
2016.02.01 18:45:22.077,1.43926,1.43936,1.12,2.02
2016.02.01 18:45:22.839,1.43926,1.43934,1.07,1.00
2016.02.01 18:45:23.145,1.43924,1.43933,1.90,1.12
2016.02.01 18:45:23.665,1.43923,1.43933,1.37,1.45
2016.02.01 18:45:24.175,1.43923,1.43934,1.87,1.87
2016.02.01 18:45:24.581,1.43925,1.43935,1.57,1.12
2016.02.01 18:45:25.242,1.43925,1.43935,1.57,1.12
2016.02.01 18:45:28.217,1.43925,1.43935,1.57,1.12
2016.02.01 18:45:28.889,1.43925,1.43935,1.50,2.25
2016.02.01 18:45:36.948,1.43924,1.43935,2.25,2.62
2016.02.01 18:45:37.454,1.43924,1.43934,2.25,1.12
2016.02.01 18:45:38.225,1.43924,1.43934,2.25,1.12
2016.02.01 18:45:40.228,1.43924,1.43934,2.25,1.12
2016.02.01 18:45:41.745,1.43925,1.43935,1.37,2.62
2016.02.01 18:45:43.609,1.43925,1.43934,1.37,1.12
2016.02.01 18:45:45.950,1.43926,1.43934,1.00,1.87
2016.02.01 18:45:46.358,1.43926,1.43934,1.10,1.50
2016.02.01 18:45:46.815,1.43926,1.43934,1.00,1.95
2016.02.01 18:45:47.472,1.43926,1.43933,1.00,1.12
2016.02.01 18:45:47.993,1.43926,1.43933,1.20,1.00
2016.02.01 18:45:48.797,1.43926,1.43935,1.57,1.20
2016.02.01 18:45:50.461,1.43926,1.43935,1.57,1.20
2016.02.01 18:45:51.473,1.43926,1.43935,1.57,1.20
2016.02.01 18:46:04.431,1.43927,1.43936,1.00,1.20
2016.02.01 18:46:08.478,1.43925,1.43936,2.32,1.95
2016.02.01 18:46:08.990,1.43925,1.43936,1.50,2.25
2016.02.01 18:46:10.619,1.43925,1.43936,1.65,2.25
2016.02.01 18:46:12.562,1.43927,1.43936,1.00,2.25
2016.02.01 18:46:12.867,1.43929,1.43936,1.00,1.20
2016.02.01 18:46:13.173,1.43936,1.43944,1.00,1.75
2016.02.01 18:46:13.224,1.43936,1.43945,1.00,1.87
2016.02.01 18:46:13.775,1.43936,1.43945,1.50,1.50
2016.02.01 18:46:14.314,1.43936,1.43945,1.00,1.57
2016.02.01 18:46:14.467,1.43938,1.43945,1.00,1.10
2016.02.01 18:46:19.548,1.43936,1.43947,1.10,5.32
2016.02.01 18:46:20.260,1.43937,1.43947,1.00,5.32
2016.02.01 18:46:20.906,1.43937,1.43946,1.12,1.57
2016.02.01 18:46:21.921,1.43937,1.43946,1.10,1.50
2016.02.01 18:46:22.023,1.43937,1.43946,1.50,1.12
2016.02.01 18:46:25.772,1.43937,1.43948,1.87,3.90
2016.02.01 18:46:30.041,1.43937,1.43948,1.87,4.20
2016.02.01 18:46:30.603,1.43937,1.43947,1.57,1.07
2016.02.01 18:46:36.072,1.43937,1.43947,2.02,1.07
2016.02.01 18:46:36.719,1.43935,1.43942,2.25,1.00
2016.02.01 18:46:37.025,1.4393,1.43938,2.32,1.37
2016.02.01 18:46:38.394,1.43927,1.43937,2.70,2.02
2016.02.01 18:46:38.800,1.4393,1.43941,1.57,3.45
2016.02.01 18:46:38.851,1.4393,1.43941,1.87,3.75
2016.02.01 18:46:40.248,1.4393,1.43941,1.20,1.75
2016.02.01 18:46:40.400,1.4393,1.43941,1.57,1.07
2016.02.01 18:46:40.705,1.4393,1.43941,1.27,1.95
2016.02.01 18:46:41.010,1.43929,1.43939,1.20,1.87
2016.02.01 18:46:43.136,1.43929,1.4394,1.10,2.25
2016.02.01 18:46:43.238,1.43929,1.4394,1.12,1.20
2016.02.01 18:46:43.796,1.4393,1.43942,3.75,2.62
2016.02.01 18:46:44.302,1.43931,1.43942,5.40,1.45
2016.02.01 18:46:44.810,1.43931,1.43943,6.45,1.45
2016.02.01 18:46:45.453,1.43932,1.43944,1.12,2.25
2016.02.01 18:47:00.383,1.43933,1.43944,1.45,1.95
2016.02.01 18:47:01.391,1.43937,1.43944,5.25,1.12
2016.02.01 18:47:03.277,1.43937,1.43945,5.25,1.20
2016.02.01 18:47:07.402,1.43937,1.43945,5.25,1.20
2016.02.01 18:47:11.837,1.43938,1.43945,5.25,1.20
2016.02.01 18:47:15.559,1.43938,1.43945,5.25,1.20
2016.02.01 18:47:16.548,1.43938,1.43947,5.25,3.00
2016.02.01 18:47:16.751,1.43942,1.43948,5.25,1.75
2016.02.01 18:47:16.955,1.43942,1.43951,5.25,1.10
2016.02.01 18:47:17.209,1.43942,1.4395,5.62,1.37
2016.02.01 18:47:17.718,1.43942,1.43949,5.25,2.70
2016.02.01 18:47:18.860,1.43939,1.43948,5.62,1.57
2016.02.01 18:47:21.805,1.43939,1.43949,2.62,1.20
2016.02.01 18:47:23.066,1.43939,1.43947,2.62,1.00
2016.02.01 18:47:23.270,1.43936,1.43946,1.00,1.87
2016.02.01 18:47:23.575,1.43934,1.43943,5.25,1.87
2016.02.01 18:47:24.082,1.43934,1.43941,5.25,3.07
2016.02.01 18:47:24.588,1.43934,1.43941,4.87,3.07
2016.02.01 18:47:24.916,1.43931,1.43941,4.87,3.07
2016.02.01 18:47:27.337,1.43932,1.43941,5.25,3.07
2016.02.01 18:47:27.896,1.43933,1.43941,5.25,3.07
2016.02.01 18:47:29.768,1.43933,1.43938,5.25,1.00
2016.02.01 18:47:29.869,1.43929,1.43938,6.75,1.00
2016.02.01 18:47:32.818,1.43931,1.43938,5.25,1.10
2016.02.01 18:47:33.320,1.43931,1.43938,5.25,2.32
2016.02.01 18:47:33.831,1.4393,1.43936,5.25,1.87
2016.02.01 18:47:33.886,1.43926,1.43936,5.25,1.87
2016.02.01 18:47:34.409,1.43925,1.43936,1.50,2.62
2016.02.01 18:47:36.143,1.43929,1.43936,5.25,1.87
2016.02.01 18:47:36.649,1.43929,1.43936,5.25,1.20
2016.02.01 18:47:36.852,1.43929,1.43938,5.25,1.20
2016.02.01 18:47:37.004,1.43932,1.43939,1.00,1.50
2016.02.01 18:47:37.157,1.43932,1.43942,1.00,1.95
2016.02.01 18:47:37.666,1.43932,1.43942,1.12,1.20
2016.02.01 18:47:38.173,1.43932,1.43944,1.95,1.95
2016.02.01 18:47:39.964,1.43934,1.43944,1.00,1.45
2016.02.01 18:47:40.169,1.43934,1.43946,3.82,1.57
2016.02.01 18:47:40.321,1.43934,1.43946,4.12,1.57
2016.02.01 18:47:42.062,1.43934,1.43946,4.95,1.20
2016.02.01 18:47:42.367,1.43938,1.43947,5.25,1.57
2016.02.01 18:47:43.537,1.43938,1.43948,5.62,1.57
2016.02.01 18:47:44.175,1.43938,1.43948,7.50,1.57
2016.02.01 18:47:44.694,1.43938,1.43947,5.62,1.20
2016.02.01 18:47:45.200,1.43936,1.43947,6.00,1.95
2016.02.01 18:47:48.482,1.43937,1.43947,1.20,1.12
2016.02.01 18:47:49.616,1.43937,1.43949,3.15,3.75
2016.02.01 18:47:52.755,1.43937,1.43949,5.77,4.12
2016.02.01 18:47:53.754,1.43937,1.43948,4.27,1.27
2016.02.01 18:47:54.263,1.43939,1.43949,1.00,4.87
2016.02.01 18:47:55.866,1.43938,1.43949,1.12,5.25
2016.02.01 18:47:56.170,1.43937,1.43948,3.37,1.12
2016.02.01 18:47:57.832,1.43938,1.43947,5.62,1.47
2016.02.01 18:47:58.140,1.43938,1.43946,5.62,1.12
2016.02.01 18:47:58.647,1.43938,1.43947,5.62,2.62
2016.02.01 18:48:00.687,1.43936,1.43947,6.75,3.37
2016.02.01 18:48:02.016,1.43936,1.43947,6.75,1.95
2016.02.01 18:48:04.312,1.43938,1.43947,5.25,1.20
2016.02.01 18:48:04.906,1.43941,1.43949,1.00,2.25
2016.02.01 18:48:04.957,1.43941,1.4395,1.37,1.87
2016.02.01 18:48:05.211,1.43941,1.43952,3.00,1.95
2016.02.01 18:48:05.313,1.43945,1.43952,5.25,1.57
2016.02.01 18:48:06.225,1.43945,1.4395,5.25,1.12
2016.02.01 18:48:06.530,1.43945,1.43948,5.25,2.77
2016.02.01 18:48:07.165,1.43941,1.4395,5.25,4.87
2016.02.01 18:48:07.673,1.43941,1.43949,5.25,1.20
2016.02.01 18:48:15.522,1.43943,1.4395,5.25,2.32
2016.02.01 18:48:18.407,1.43943,1.43951,5.25,1.20
2016.02.01 18:48:18.914,1.43944,1.43951,5.25,1.95
2016.02.01 18:48:19.648,1.43944,1.43951,5.25,1.20
2016.02.01 18:48:19.750,1.43948,1.43952,1.12,1.45
2016.02.01 18:48:19.853,1.43948,1.43956,1.00,2.32
2016.02.01 18:48:19.905,1.43952,1.43956,1.00,1.07
2016.02.01 18:48:20.058,1.43952,1.43961,1.00,3.07
2016.02.01 18:48:20.110,1.4395,1.43961,3.00,3.82
2016.02.01 18:48:20.262,1.43955,1.43959,5.25,1.10
2016.02.01 18:48:20.314,1.43949,1.43958,1.75,1.00
2016.02.01 18:48:20.365,1.43949,1.43956,1.00,1.50
2016.02.01 18:48:20.467,1.43945,1.43956,6.82,1.47
2016.02.01 18:48:20.518,1.43945,1.43956,6.45,1.47
2016.02.01 18:48:21.675,1.43946,1.43956,1.00,1.45
2016.02.01 18:48:22.220,1.43947,1.43956,1.00,1.45
2016.02.01 18:48:22.578,1.43948,1.43958,1.00,1.45
2016.02.01 18:48:23.416,1.4395,1.43958,5.25,1.07
2016.02.01 18:48:24.337,1.43951,1.43959,1.00,1.87
2016.02.01 18:48:24.669,1.43954,1.4396,5.25,1.12
2016.02.01 18:48:24.721,1.43954,1.43963,5.25,2.25
2016.02.01 18:48:24.823,1.43956,1.43963,1.00,1.12
2016.02.01 18:48:24.875,1.43956,1.43965,1.50,1.50
2016.02.01 18:48:24.926,1.43956,1.43965,1.50,1.00
2016.02.01 18:48:25.231,1.43959,1.43968,1.00,6.00
2016.02.01 18:48:26.109,1.43959,1.43966,6.00,1.12
2016.02.01 18:48:27.179,1.43958,1.43965,1.00,1.12
2016.02.01 18:48:27.856,1.43958,1.43965,1.00,1.45
2016.02.01 18:48:31.166,1.43957,1.43967,3.00,1.12
2016.02.01 18:48:31.725,1.43957,1.43967,3.00,1.12
2016.02.01 18:48:32.283,1.43958,1.43968,1.00,2.62
2016.02.01 18:48:32.790,1.43958,1.43966,6.00,1.12
2016.02.01 18:48:32.984,1.43958,1.43968,6.00,2.32
2016.02.01 18:48:33.035,1.4396,1.43964,1.87,1.00
2016.02.01 18:48:33.086,1.4396,1.43968,2.25,1.12
2016.02.01 18:48:33.594,1.4396,1.4397,1.87,2.62
2016.02.01 18:48:33.797,1.43962,1.43968,2.25,1.00
2016.02.01 18:48:34.346,1.43962,1.43971,2.25,1.47
2016.02.01 18:48:34.701,1.43962,1.43972,2.62,2.32
2016.02.01 18:48:35.207,1.43962,1.43969,2.62,1.12
2016.02.01 18:48:36.220,1.43962,1.43968,2.25,1.12
2016.02.01 18:48:36.729,1.43962,1.43969,2.25,1.12
2016.02.01 18:48:36.983,1.43962,1.43972,2.25,2.32
2016.02.01 18:48:37.611,1.43962,1.4397,2.70,1.12
2016.02.01 18:48:38.118,1.43962,1.43971,3.07,1.12
2016.02.01 18:48:38.625,1.43963,1.43972,3.00,1.47
2016.02.01 18:48:39.225,1.43963,1.43971,3.00,1.37
2016.02.01 18:48:39.735,1.43963,1.43972,3.37,1.47
2016.02.01 18:48:40.295,1.43964,1.43971,1.00,1.12
2016.02.01 18:48:40.947,1.43964,1.43971,1.00,1.37
2016.02.01 18:48:41.455,1.43964,1.43972,1.00,1.47
2016.02.01 18:48:41.986,1.43964,1.43971,1.00,1.37
2016.02.01 18:48:42.494,1.43964,1.43971,1.00,1.12
2016.02.01 18:48:43.811,1.43963,1.43972,6.37,1.47
2016.02.01 18:48:44.397,1.43964,1.43972,1.00,1.47
2016.02.01 18:48:45.508,1.43964,1.43971,1.00,1.37
2016.02.01 18:48:46.041,1.43964,1.43972,1.00,1.37
2016.02.01 18:48:46.549,1.43963,1.43971,6.82,1.37
2016.02.01 18:48:48.512,1.43963,1.43972,6.45,1.37
2016.02.01 18:48:49.225,1.43963,1.43971,6.82,1.37
2016.02.01 18:48:49.733,1.43963,1.43972,6.45,1.37
2016.02.01 18:48:50.418,1.43964,1.43971,1.00,1.12
2016.02.01 18:48:50.985,1.43964,1.43971,1.00,1.37
2016.02.01 18:48:51.633,1.43964,1.43972,1.00,1.37
2016.02.01 18:48:54.075,1.43963,1.43972,5.70,1.37
2016.02.01 18:48:55.231,1.43963,1.4397,6.07,1.12
2016.02.01 18:48:56.009,1.43963,1.43971,5.70,1.12
2016.02.01 18:48:56.515,1.43963,1.43971,6.07,1.37
2016.02.01 18:49:00.967,1.43963,1.43971,6.45,1.12
2016.02.01 18:49:01.513,1.43963,1.4397,6.82,1.12
2016.02.01 18:49:02.060,1.43963,1.43971,6.45,1.12
2016.02.01 18:49:02.314,1.43963,1.43971,7.20,1.12
2016.02.01 18:49:03.248,1.43964,1.4397,1.50,1.12
2016.02.01 18:49:03.553,1.43972,1.43979,1.12,1.87
2016.02.01 18:49:03.605,1.43973,1.4398,1.00,2.32
2016.02.01 18:49:03.707,1.43975,1.43982,5.25,1.12
2016.02.01 18:49:04.451,1.43975,1.43983,5.25,1.87
2016.02.01 18:49:06.143,1.43976,1.43983,1.00,1.87
2016.02.01 18:49:06.397,1.43977,1.43983,5.32,1.00
2016.02.01 18:49:06.551,1.43977,1.43981,5.25,1.00
2016.02.01 18:49:07.059,1.43977,1.43981,5.25,1.00
2016.02.01 18:49:07.212,1.43973,1.43981,1.00,1.00
2016.02.01 18:49:07.739,1.43973,1.43983,1.12,1.95
2016.02.01 18:49:08.353,1.43973,1.43981,1.12,1.00
2016.02.01 18:49:08.887,1.43973,1.43981,1.00,1.50
2016.02.01 18:49:09.650,1.43973,1.43979,1.00,1.20
2016.02.01 18:49:10.210,1.43972,1.43981,2.25,3.82
2016.02.01 18:49:10.311,1.43972,1.43981,2.32,2.32
2016.02.01 18:49:10.818,1.43972,1.43984,4.20,4.50
2016.02.01 18:49:11.511,1.43972,1.4398,3.82,1.00
2016.02.01 18:49:12.019,1.43972,1.4398,3.00,1.10
2016.02.01 18:49:13.287,1.43973,1.43983,1.00,3.07
2016.02.01 18:49:13.845,1.43973,1.43983,1.12,1.12
2016.02.01 18:49:14.713,1.43975,1.43984,3.00,2.32
2016.02.01 18:49:14.815,1.43977,1.43984,2.25,1.00
2016.02.01 18:49:14.917,1.43977,1.43986,2.25,2.32
2016.02.01 18:49:16.640,1.43977,1.43985,2.25,1.00
2016.02.01 18:49:17.150,1.43977,1.43986,2.25,1.10
2016.02.01 18:49:17.790,1.43978,1.43986,2.25,1.57
2016.02.01 18:49:18.109,1.43981,1.43987,1.00,2.40
2016.02.01 18:49:18.313,1.43985,1.43995,3.00,3.37
2016.02.01 18:49:18.415,1.43987,1.43994,1.00,1.12
2016.02.01 18:49:18.466,1.43986,1.43997,1.12,2.25
2016.02.01 18:49:18.517,1.43992,1.43997,1.00,1.95
2016.02.01 18:49:18.569,1.43991,1.43997,2.62,1.15
2016.02.01 18:49:18.621,1.43995,1.43997,1.00,1.07
2016.02.01 18:49:18.672,1.43998,1.44003,2.25,1.87
2016.02.01 18:49:18.748,1.43999,1.44004,3.75,1.87
2016.02.01 18:49:18.800,1.44003,1.44007,4.50,1.00
2016.02.01 18:49:18.852,1.44003,1.44011,4.57,3.75
2016.02.01 18:49:18.913,1.44012,1.44014,3.00,1.65
2016.02.01 18:49:19.069,1.44032,1.44036,1.00,1.37
2016.02.01 18:49:19.122,1.44031,1.44036,1.37,1.37
2016.02.01 18:49:19.174,1.44031,1.4404,1.37,1.10
2016.02.01 18:49:19.226,1.4403,1.44038,1.37,1.00
2016.02.01 18:49:19.379,1.44025,1.44032,1.00,1.30
2016.02.01 18:49:19.471,1.44021,1.44029,1.75,1.00
2016.02.01 18:49:19.523,1.4402,1.44028,1.00,1.43
2016.02.01 18:49:19.677,1.44016,1.44026,1.37,1.07
2016.02.01 18:49:19.734,1.44016,1.44026,1.37,1.45
2016.02.01 18:49:20.041,1.4401,1.44021,1.12,1.45
2016.02.01 18:49:20.093,1.44011,1.4402,1.37,1.20
2016.02.01 18:49:20.287,1.44004,1.44018,2.25,1.20
2016.02.01 18:49:20.795,1.44008,1.44019,1.87,2.02
2016.02.01 18:49:21.101,1.44011,1.44018,1.37,2.05
2016.02.01 18:49:21.507,1.44009,1.44019,1.37,2.02
2016.02.01 18:49:21.609,1.44007,1.44019,1.00,1.65
2016.02.01 18:49:21.711,1.4401,1.44019,1.37,1.65
2016.02.01 18:49:22.219,1.4401,1.44018,1.37,1.45
2016.02.01 18:49:22.576,1.44012,1.44017,1.37,1.10
2016.02.01 18:49:22.781,1.4401,1.44019,1.37,1.95
2016.02.01 18:49:23.291,1.44011,1.44017,1.37,1.10
2016.02.01 18:49:23.393,1.44009,1.44019,1.37,1.95
2016.02.01 18:49:23.494,1.44006,1.44019,1.12,2.32
2016.02.01 18:49:23.545,1.44005,1.44018,1.95,2.32
2016.02.01 18:49:23.647,1.44004,1.44015,1.00,1.12
2016.02.01 18:49:23.749,1.44003,1.44016,1.12,1.87
2016.02.01 18:49:23.800,1.44003,1.44015,3.00,1.85
2016.02.01 18:49:24.115,1.44001,1.44012,1.00,1.12
2016.02.01 18:49:24.166,1.44,1.44012,1.00,1.12
2016.02.01 18:49:24.269,1.44,1.44011,1.12,1.50
2016.02.01 18:49:24.423,1.43998,1.44006,1.00,1.00
2016.02.01 18:49:24.575,1.43991,1.44003,1.50,1.00
2016.02.01 18:49:25.175,1.43993,1.44003,1.00,1.12
2016.02.01 18:49:25.683,1.43991,1.44003,1.37,1.12
2016.02.01 18:49:26.229,1.4399,1.44003,2.25,1.12
2016.02.01 18:49:26.538,1.43992,1.44001,1.00,1.75
2016.02.01 18:49:26.592,1.4399,1.44001,1.12,2.25
2016.02.01 18:49:27.100,1.43989,1.43998,1.00,1.00
2016.02.01 18:49:27.607,1.43988,1.43998,1.50,1.00
2016.02.01 18:49:28.152,1.43988,1.43998,1.00,1.37
2016.02.01 18:49:28.660,1.43986,1.43998,3.00,1.37
2016.02.01 18:49:29.720,1.43987,1.43998,1.37,1.37
2016.02.01 18:49:30.228,1.43986,1.43998,1.87,1.37
2016.02.01 18:49:31.036,1.4399,1.44,1.87,1.47
2016.02.01 18:49:31.189,1.43992,1.44002,1.37,1.12
2016.02.01 18:49:31.392,1.43992,1.44003,1.37,1.50
2016.02.01 18:49:31.595,1.43994,1.44003,1.37,1.50
2016.02.01 18:49:32.141,1.43992,1.44003,1.37,1.50
2016.02.01 18:49:32.295,1.43994,1.44004,1.12,1.12
2016.02.01 18:49:32.397,1.43994,1.44004,1.12,1.37
2016.02.01 18:49:32.806,1.43993,1.44004,1.00,1.12
2016.02.01 18:49:33.309,1.43993,1.44005,1.50,1.50
2016.02.01 18:49:33.817,1.43992,1.44005,1.50,1.50
2016.02.01 18:49:34.319,1.43992,1.44004,1.50,1.00
2016.02.01 18:49:34.725,1.43993,1.44004,1.37,1.50
2016.02.01 18:49:35.234,1.43992,1.44005,2.25,1.75
2016.02.01 18:49:35.858,1.43992,1.44004,2.25,1.00
2016.02.01 18:49:36.366,1.43992,1.44004,2.25,1.50
2016.02.01 18:49:36.671,1.43988,1.44002,2.62,2.70
2016.02.01 18:49:39.044,1.4399,1.44001,1.37,1.87
2016.02.01 18:49:39.551,1.43989,1.44001,1.50,1.87
2016.02.01 18:49:39.899,1.43991,1.44,1.37,1.20
2016.02.01 18:49:39.951,1.43989,1.44,1.50,1.10
2016.02.01 18:49:40.053,1.4399,1.44,1.37,1.47
2016.02.01 18:49:40.561,1.43991,1.44,1.37,1.50
2016.02.01 18:49:40.612,1.4399,1.44,1.00,1.37
2016.02.01 18:49:40.917,1.43988,1.43999,1.00,1.37
2016.02.01 18:49:41.146,1.43986,1.43998,4.50,1.37
2016.02.01 18:49:41.452,1.4399,1.43999,1.37,1.37
2016.02.01 18:49:41.961,1.43989,1.43998,1.37,1.37
2016.02.01 18:49:42.563,1.4399,1.43999,1.37,1.37
2016.02.01 18:49:42.665,1.4399,1.44,1.37,1.37
2016.02.01 18:49:43.174,1.43989,1.44,1.87,1.47
2016.02.01 18:49:43.652,1.43991,1.44,1.37,1.57
2016.02.01 18:49:43.959,1.43989,1.43999,1.37,1.00
2016.02.01 18:49:44.365,1.4399,1.43999,1.37,1.87
2016.02.01 18:49:44.904,1.43989,1.44,1.37,1.37
2016.02.01 18:49:45.360,1.43987,1.43999,1.87,1.75
2016.02.01 18:49:45.513,1.43991,1.43999,1.00,1.95
2016.02.01 18:49:46.490,1.43993,1.44001,1.00,3.82
2016.02.01 18:49:46.541,1.43993,1.44001,1.00,3.45
2016.02.01 18:49:47.049,1.43994,1.44003,1.12,1.47
2016.02.01 18:49:47.582,1.43994,1.44002,1.50,1.37
2016.02.01 18:49:47.633,1.43994,1.44002,1.50,1.37
2016.02.01 18:49:48.142,1.43994,1.44002,1.12,1.12
2016.02.01 18:49:48.244,1.43994,1.44002,1.12,1.87
2016.02.01 18:49:48.751,1.43994,1.44002,1.12,1.37
2016.02.01 18:49:49.485,1.43992,1.44,1.12,1.12
2016.02.01 18:49:49.993,1.43991,1.43999,1.37,1.00
2016.02.01 18:49:51.153,1.43991,1.43999,1.00,1.00
2016.02.01 18:49:51.255,1.43989,1.43999,1.00,1.00
2016.02.01 18:49:51.801,1.43989,1.44,1.50,2.62
2016.02.01 18:49:52.311,1.43988,1.44,2.25,2.25
2016.02.01 18:49:52.414,1.43992,1.44,1.00,1.50
2016.02.01 18:49:52.466,1.43992,1.44,1.00,1.12
2016.02.01 18:49:53.014,1.43992,1.44001,1.00,1.95
2016.02.01 18:49:56.045,1.43992,1.44001,1.35,2.62
2016.02.01 18:49:56.857,1.4399,1.43999,2.10,1.12
2016.02.01 18:49:56.959,1.43991,1.43999,1.00,1.50
2016.02.01 18:49:57.010,1.43987,1.43999,3.00,1.50
2016.02.01 18:49:57.062,1.43986,1.43998,1.87,2.25
2016.02.01 18:49:57.571,1.43987,1.43997,1.50,1.65
2016.02.01 18:49:57.875,1.43987,1.43997,1.50,1.57
2016.02.01 18:49:58.129,1.4399,1.43998,1.00,2.40
2016.02.01 18:49:58.282,1.4399,1.43998,1.00,1.00
2016.02.01 18:49:59.035,1.4399,1.43998,1.00,1.07
2016.02.01 18:49:59.542,1.4399,1.43996,1.00,1.00
2016.02.01 18:49:59.745,1.43988,1.43996,1.12,1.00
2016.02.01 18:50:00.272,1.43989,1.43996,1.00,1.47
2016.02.01 18:50:00.681,1.43991,1.43999,1.00,2.40
2016.02.01 18:50:00.783,1.43991,1.43999,2.25,1.07
2016.02.01 18:50:01.036,1.43991,1.44,2.25,1.00
2016.02.01 18:50:01.546,1.43991,1.44,2.25,1.12
2016.02.01 18:50:01.901,1.4399,1.43998,1.12,1.12
2016.02.01 18:50:02.208,1.4399,1.43996,1.12,1.00
2016.02.01 18:50:02.261,1.43985,1.43995,1.37,1.00
2016.02.01 18:50:02.313,1.43984,1.43995,1.72,1.50
2016.02.01 18:50:02.366,1.43986,1.43994,1.00,1.37
2016.02.01 18:50:02.691,1.43982,1.43992,1.37,1.50
2016.02.01 18:50:03.199,1.43983,1.43992,1.12,1.00
2016.02.01 18:50:03.706,1.43983,1.43993,1.12,1.00
2016.02.01 18:50:04.005,1.43986,1.43993,1.00,1.00
2016.02.01 18:50:04.057,1.43987,1.43995,1.00,1.87
2016.02.01 18:50:04.108,1.43987,1.43995,1.00,2.25
2016.02.01 18:50:04.210,1.43989,1.43996,1.12,1.95
2016.02.01 18:50:04.718,1.43992,1.43996,1.00,1.00
2016.02.01 18:50:04.871,1.43992,1.43998,1.87,1.00
2016.02.01 18:50:05.377,1.43992,1.44,1.00,1.50
2016.02.01 18:50:10.429,1.43993,1.44001,1.00,1.75
2016.02.01 18:50:10.890,1.43995,1.44001,1.00,1.87
2016.02.01 18:50:10.992,1.43993,1.44002,1.37,1.87
2016.02.01 18:50:12.863,1.43995,1.44002,1.00,3.00
2016.02.01 18:50:13.015,1.43997,1.44002,1.00,1.37
2016.02.01 18:50:13.269,1.44002,1.44008,1.00,1.50
2016.02.01 18:50:13.781,1.44003,1.44008,1.12,1.00
2016.02.01 18:50:13.985,1.44003,1.44012,1.00,2.25
2016.02.01 18:50:16.400,1.44003,1.44012,1.12,1.37
2016.02.01 18:50:17.091,1.44003,1.44013,2.25,2.62
2016.02.01 18:50:17.598,1.44003,1.44013,1.50,1.87
2016.02.01 18:50:18.476,1.44003,1.44013,2.25,2.62
2016.02.01 18:50:18.986,1.44003,1.44013,1.50,2.62
2016.02.01 18:50:19.189,1.44003,1.44014,1.50,1.37
2016.02.01 18:50:19.696,1.44004,1.44014,1.00,2.62
2016.02.01 18:50:20.756,1.44006,1.44014,1.00,1.87
2016.02.01 18:50:21.263,1.44004,1.44014,1.50,1.00
2016.02.01 18:50:21.589,1.4401,1.44014,1.00,1.00
2016.02.01 18:50:21.641,1.44007,1.44014,1.00,1.00
2016.02.01 18:50:21.846,1.4401,1.44014,1.00,1.00
2016.02.01 18:50:21.999,1.44008,1.44015,1.00,1.12
2016.02.01 18:50:22.506,1.44008,1.44017,1.00,1.50
2016.02.01 18:50:23.017,1.44007,1.44015,1.00,1.00
2016.02.01 18:50:26.476,1.44005,1.44015,1.37,1.00
2016.02.01 18:50:32.649,1.44007,1.44015,1.00,1.00
2016.02.01 18:50:32.751,1.44005,1.44017,1.50,1.50
2016.02.01 18:50:32.802,1.44005,1.44015,1.12,1.12
2016.02.01 18:50:33.753,1.44004,1.44014,2.25,1.00
2016.02.01 18:50:41.123,1.44006,1.44014,1.00,1.00
2016.02.01 18:50:41.174,1.44006,1.44016,1.00,1.50
2016.02.01 18:50:44.780,1.44006,1.44016,1.87,1.50
2016.02.01 18:50:45.759,1.44006,1.44016,1.00,1.50
2016.02.01 18:50:46.266,1.44005,1.44016,1.87,1.50
2016.02.01 18:50:46.799,1.44005,1.44016,1.12,2.25
2016.02.01 18:50:51.292,1.44004,1.44015,2.62,2.62
2016.02.01 18:50:51.801,1.44004,1.44014,1.37,1.00
2016.02.01 18:50:52.679,1.44005,1.44013,1.12,1.00
2016.02.01 18:50:53.190,1.44004,1.44013,1.12,1.00
2016.02.01 18:50:53.786,1.44004,1.44013,1.37,1.00
2016.02.01 18:50:54.820,1.44004,1.44008,1.50,1.00
2016.02.01 18:50:54.922,1.44001,1.44009,4.12,1.00
2016.02.01 18:50:55.054,1.43999,1.44008,1.87,1.00
2016.02.01 18:50:55.208,1.43999,1.44005,1.37,1.00
2016.02.01 18:50:55.260,1.43999,1.44005,1.12,1.00
2016.02.01 18:50:55.361,1.43997,1.44005,1.00,1.00
2016.02.01 18:50:55.870,1.43995,1.44005,1.37,2.25
2016.02.01 18:50:56.600,1.43994,1.44005,2.25,2.25
2016.02.01 18:50:59.806,1.44,1.44005,1.00,1.00
2016.02.01 18:50:59.958,1.44,1.4401,1.75,1.50
2016.02.01 18:51:00.009,1.44002,1.4401,1.37,1.50
2016.02.01 18:51:00.347,1.43999,1.44006,1.12,1.00
2016.02.01 18:51:00.861,1.43998,1.44009,1.75,5.62
2016.02.01 18:51:00.912,1.43996,1.44008,2.70,1.50
2016.02.01 18:51:01.015,1.43998,1.44007,1.37,1.50
2016.02.01 18:51:01.519,1.43998,1.44007,1.37,1.00
2016.02.01 18:51:01.926,1.43998,1.44005,1.37,1.00
2016.02.01 18:51:02.610,1.43997,1.44008,1.50,2.25
2016.02.01 18:51:02.712,1.43999,1.44009,1.50,3.00
2016.02.01 18:51:02.966,1.43999,1.44009,1.50,1.50
2016.02.01 18:51:03.479,1.43999,1.44008,1.50,1.00
2016.02.01 18:51:03.581,1.43999,1.44006,1.50,1.00
2016.02.01 18:51:03.988,1.43996,1.44006,2.62,1.00
2016.02.01 18:51:04.293,1.43999,1.44009,1.50,2.25
2016.02.01 18:51:04.394,1.43999,1.44006,1.37,1.00
2016.02.01 18:51:05.594,1.43998,1.44004,1.37,1.00
2016.02.01 18:51:06.320,1.43997,1.44007,1.37,1.50
2016.02.01 18:51:10.157,1.43998,1.44007,1.37,1.87
2016.02.01 18:51:16.018,1.44,1.44008,1.37,1.00
2016.02.01 18:51:16.193,1.44002,1.4401,1.87,2.25
2016.02.01 18:51:16.245,1.44002,1.44008,1.12,1.00
2016.02.01 18:51:16.397,1.43999,1.44008,1.00,1.00
2016.02.01 18:51:16.904,1.43998,1.44007,1.37,1.00
2016.02.01 18:51:19.926,1.43998,1.44005,1.37,1.00
2016.02.01 18:51:20.433,1.43998,1.44005,1.00,1.00
2016.02.01 18:51:20.941,1.43997,1.44005,1.12,1.00
2016.02.01 18:51:22.010,1.43997,1.44005,1.37,1.00
2016.02.01 18:51:23.012,1.43997,1.44005,1.12,1.00
2016.02.01 18:51:23.316,1.43997,1.44003,1.12,1.00
2016.02.01 18:51:23.824,1.43995,1.44003,1.37,1.50
2016.02.01 18:51:24.710,1.43996,1.44006,1.12,4.87
2016.02.01 18:51:25.218,1.43996,1.44003,1.20,1.00
2016.02.01 18:51:26.656,1.43995,1.44006,1.50,3.75
2016.02.01 18:51:27.185,1.43997,1.44005,1.00,1.00
2016.02.01 18:51:27.692,1.43997,1.44005,1.00,1.50
2016.02.01 18:51:28.199,1.43996,1.44005,1.12,1.50
2016.02.01 18:51:28.655,1.43997,1.44005,1.37,1.50
2016.02.01 18:51:28.807,1.43997,1.44007,1.37,1.12
2016.02.01 18:51:29.112,1.43997,1.44004,1.12,1.00
2016.02.01 18:51:29.264,1.43997,1.44007,1.12,1.50
2016.02.01 18:51:29.366,1.43997,1.44005,1.12,1.00
2016.02.01 18:51:29.873,1.43997,1.44007,1.12,1.87
2016.02.01 18:51:30.380,1.43997,1.44005,1.37,1.00
2016.02.01 18:51:30.708,1.43997,1.44008,1.37,3.00
2016.02.01 18:51:31.215,1.43999,1.44008,1.00,1.50
2016.02.01 18:51:33.353,1.43998,1.44008,1.12,1.12
2016.02.01 18:51:33.881,1.43998,1.44008,1.37,1.12
2016.02.01 18:51:34.472,1.44,1.44005,1.00,1.00
2016.02.01 18:51:34.574,1.43996,1.44005,2.70,1.00
2016.02.01 18:51:35.094,1.43997,1.44007,1.00,2.25
2016.02.01 18:51:36.833,1.43997,1.44006,1.12,1.00
2016.02.01 18:51:36.884,1.43998,1.44006,1.37,1.00
2016.02.01 18:51:36.936,1.43998,1.44008,1.75,1.12
2016.02.01 18:51:36.987,1.44001,1.44008,1.37,1.12
2016.02.01 18:51:37.190,1.44,1.44008,1.12,1.12
2016.02.01 18:51:38.399,1.44,1.44006,1.00,1.00
2016.02.01 18:51:38.552,1.43996,1.44004,1.50,1.00
2016.02.01 18:51:38.809,1.43996,1.44007,1.12,1.50
2016.02.01 18:51:39.412,1.43996,1.44008,2.92,1.50
2016.02.01 18:51:39.464,1.43996,1.44008,2.92,1.12
2016.02.01 18:51:39.769,1.44006,1.44013,1.00,1.12
2016.02.01 18:51:39.820,1.44006,1.44015,1.42,2.62
2016.02.01 18:51:39.922,1.4401,1.44015,1.37,1.87
2016.02.01 18:51:40.430,1.44012,1.44015,1.12,1.50
2016.02.01 18:51:40.962,1.44011,1.44015,1.12,1.50
2016.02.01 18:51:41.503,1.44012,1.44015,1.12,1.50
2016.02.01 18:51:41.713,1.4401,1.44017,1.37,1.50
2016.02.01 18:51:41.815,1.4401,1.44019,1.37,1.87
2016.02.01 18:51:42.018,1.44012,1.44022,1.37,2.25
2016.02.01 18:51:42.526,1.44013,1.44022,1.50,1.00
2016.02.01 18:51:44.182,1.44012,1.44021,2.25,1.00
2016.02.01 18:51:44.690,1.44013,1.44022,1.37,1.00
2016.02.01 18:51:45.197,1.44013,1.44021,1.37,1.00
2016.02.01 18:51:45.248,1.44011,1.44019,1.85,1.00
2016.02.01 18:51:45.756,1.44011,1.44019,1.00,1.00
2016.02.01 18:51:46.060,1.44011,1.44017,1.00,1.00
2016.02.01 18:51:50.226,1.44009,1.44018,1.75,1.00
2016.02.01 18:51:51.529,1.44011,1.4402,1.00,1.00
2016.02.01 18:51:52.038,1.44011,1.4402,1.37,1.00
2016.02.01 18:51:52.578,1.44011,1.4402,1.75,1.00
2016.02.01 18:51:54.626,1.44011,1.44021,1.75,1.12
2016.02.01 18:51:55.136,1.44011,1.4402,1.12,1.50
2016.02.01 18:51:55.890,1.44012,1.4402,1.00,1.50
2016.02.01 18:51:56.094,1.44012,1.4402,1.37,1.00
2016.02.01 18:52:00.102,1.44013,1.4402,1.12,1.00
2016.02.01 18:52:02.069,1.44012,1.4402,1.50,1.00
2016.02.01 18:52:03.065,1.44012,1.44016,1.50,1.00
2016.02.01 18:52:03.270,1.44008,1.44014,1.00,1.00
2016.02.01 18:52:03.321,1.44004,1.44012,1.47,1.00
2016.02.01 18:52:03.372,1.44003,1.44012,1.47,1.00
2016.02.01 18:52:04.781,1.44002,1.4401,1.37,1.00
2016.02.01 18:52:09.175,1.44001,1.4401,1.37,1.00
2016.02.01 18:52:09.845,1.44001,1.44007,1.37,1.00
2016.02.01 18:52:10.048,1.43997,1.44004,2.62,1.00
2016.02.01 18:52:11.563,1.43992,1.44002,1.87,1.00
2016.02.01 18:52:11.615,1.43992,1.44002,1.12,1.00
2016.02.01 18:52:12.133,1.43992,1.44002,1.55,1.00
2016.02.01 18:52:14.608,1.43992,1.44002,1.37,1.00
2016.02.01 18:52:16.659,1.43991,1.44001,2.32,1.00
2016.02.01 18:52:24.813,1.4399,1.44,4.12,1.00
2016.02.01 18:52:35.662,1.4399,1.44,1.57,1.00
2016.02.01 18:52:36.413,1.4399,1.43997,1.57,1.00
2016.02.01 18:52:38.446,1.43989,1.43996,2.77,1.00
2016.02.01 18:52:38.548,1.43987,1.43996,1.00,1.00
2016.02.01 18:52:38.650,1.43984,1.4399,3.15,1.00
2016.02.01 18:52:38.752,1.43981,1.43988,2.43,1.00
2016.02.01 18:52:39.079,1.43983,1.43992,1.00,1.00
2016.02.01 18:52:41.256,1.43983,1.43993,1.12,1.00
2016.02.01 18:52:41.309,1.43985,1.43994,1.50,1.00
2016.02.01 18:52:41.614,1.43991,1.43996,1.37,1.00
2016.02.01 18:52:41.665,1.43985,1.43996,3.82,1.00
2016.02.01 18:52:42.067,1.43986,1.43994,1.87,1.00
2016.02.01 18:52:42.372,1.43985,1.43992,1.00,1.00
2016.02.01 18:52:43.263,1.43982,1.43992,1.00,1.00
2016.02.01 18:52:43.700,1.43982,1.4399,1.00,1.00
2016.02.01 18:52:45.429,1.4398,1.43992,2.62,1.12
2016.02.01 18:52:45.532,1.43983,1.43992,1.37,1.00
2016.02.01 18:52:46.065,1.43982,1.43992,3.00,1.00
2016.02.01 18:52:46.670,1.43983,1.43992,1.87,1.00
2016.02.01 18:52:47.329,1.43983,1.43993,1.87,1.00
2016.02.01 18:52:47.860,1.43984,1.43993,1.50,1.00
2016.02.01 18:52:48.374,1.43984,1.43993,1.00,1.00
2016.02.01 18:52:48.924,1.43984,1.43993,1.50,1.00
2016.02.01 18:52:49.475,1.43982,1.43993,1.87,1.00
2016.02.01 18:52:52.346,1.43983,1.43991,1.87,1.00
2016.02.01 18:52:52.651,1.4398,1.43985,1.10,1.00
2016.02.01 18:52:53.071,1.43977,1.43984,1.50,1.00
2016.02.01 18:52:54.254,1.43977,1.43984,2.25,1.00
2016.02.01 18:52:54.759,1.43977,1.43984,2.25,1.00
2016.02.01 18:52:55.967,1.43978,1.43984,1.12,1.00
2016.02.01 18:52:56.525,1.43978,1.43988,1.12,2.32
2016.02.01 18:52:56.576,1.43982,1.43989,1.50,1.65
2016.02.01 18:52:56.881,1.43984,1.43992,1.50,1.00
2016.02.01 18:52:57.442,1.43984,1.43992,1.00,1.00
2016.02.01 18:53:08.208,1.43983,1.43993,1.50,1.00
2016.02.01 18:53:08.513,1.43985,1.43994,1.50,1.00
2016.02.01 18:53:08.564,1.43985,1.43996,2.32,1.50
2016.02.01 18:53:08.666,1.43987,1.43996,1.37,1.00
2016.02.01 18:53:08.717,1.43987,1.43998,1.37,1.50
2016.02.01 18:53:09.021,1.43987,1.43995,1.95,1.00
2016.02.01 18:53:09.681,1.43988,1.43998,1.37,1.50
2016.02.01 18:53:09.833,1.4399,1.43998,1.37,1.00
2016.02.01 18:53:10.408,1.43991,1.43998,1.37,1.00
2016.02.01 18:53:10.915,1.43991,1.43998,1.00,1.00
2016.02.01 18:53:11.451,1.43991,1.43998,1.50,1.00
2016.02.01 18:53:11.994,1.4399,1.43998,1.50,1.00
2016.02.01 18:53:12.350,1.43992,1.43998,1.37,1.00
2016.02.01 18:53:12.503,1.4399,1.43998,1.50,1.00
2016.02.01 18:53:13.033,1.43991,1.43999,1.50,1.50
2016.02.01 18:53:14.405,1.43992,1.43999,1.37,1.50
2016.02.01 18:53:14.945,1.43991,1.43999,1.50,1.50
2016.02.01 18:53:16.853,1.43992,1.43999,1.37,1.50
2016.02.01 18:53:17.431,1.43991,1.43999,2.25,1.50
2016.02.01 18:53:17.966,1.43991,1.43999,2.25,1.00
2016.02.01 18:53:18.781,1.43991,1.43999,2.25,1.00
2016.02.01 18:53:19.137,1.43992,1.44001,1.37,1.00
2016.02.01 18:53:19.189,1.43992,1.43998,1.37,1.00
2016.02.01 18:53:19.240,1.43995,1.44001,1.12,1.00
2016.02.01 18:53:19.342,1.44001,1.44005,1.12,1.12
2016.02.01 18:53:19.467,1.44002,1.44009,1.12,1.87
2016.02.01 18:53:19.976,1.44002,1.44011,2.62,1.87
2016.02.01 18:53:20.484,1.44002,1.44011,1.37,1.50
2016.02.01 18:53:21.635,1.44002,1.44009,1.37,1.00
2016.02.01 18:53:26.219,1.44001,1.44009,1.12,1.00
2016.02.01 18:53:27.629,1.44001,1.44006,1.12,1.00
2016.02.01 18:53:27.935,1.43999,1.44003,1.00,1.50
2016.02.01 18:53:28.062,1.43993,1.44002,1.87,1.00
2016.02.01 18:53:28.823,1.43993,1.44002,1.87,1.00
2016.02.01 18:53:31.904,1.43993,1.44002,1.50,1.00
2016.02.01 18:53:34.901,1.43993,1.44001,1.50,1.00
2016.02.01 18:53:35.785,1.43993,1.44003,1.50,1.50
2016.02.01 18:53:36.305,1.43993,1.44003,1.37,1.50
2016.02.01 18:53:38.953,1.43993,1.44003,1.37,1.00
2016.02.01 18:53:39.939,1.43993,1.44003,1.37,1.00
2016.02.01 18:53:41.946,1.43994,1.44003,1.37,1.00
2016.02.01 18:53:43.624,1.43994,1.44002,1.37,1.00
2016.02.01 18:53:45.737,1.43994,1.44002,1.00,1.00
2016.02.01 18:53:46.245,1.43993,1.44001,1.50,1.00
2016.02.01 18:53:46.347,1.43993,1.43998,1.12,1.00
2016.02.01 18:53:47.367,1.43993,1.44,1.50,1.00
2016.02.01 18:53:50.273,1.43993,1.43998,1.00,1.00
2016.02.01 18:53:50.476,1.43988,1.43995,1.87,1.00
2016.02.01 18:53:51.457,1.43988,1.43995,2.25,1.00
2016.02.01 18:53:52.116,1.43989,1.43997,1.37,1.00
2016.02.01 18:53:52.674,1.43989,1.43996,1.37,1.00
2016.02.01 18:53:53.206,1.43988,1.43996,1.12,1.00
2016.02.01 18:53:55.642,1.43988,1.43997,1.12,1.00
2016.02.01 18:53:55.693,1.4399,1.43997,1.12,1.00
2016.02.01 18:53:56.201,1.43989,1.43998,1.37,1.50
2016.02.01 18:53:56.710,1.43989,1.43998,1.50,1.50
2016.02.01 18:53:57.017,1.4399,1.43998,1.37,1.50
2016.02.01 18:53:57.322,1.43989,1.43998,1.50,1.50
2016.02.01 18:53:59.925,1.4399,1.43998,1.12,1.50
2016.02.01 18:54:00.435,1.43989,1.43998,1.50,1.50
2016.02.01 18:54:01.091,1.4399,1.43998,1.12,1.50
2016.02.01 18:54:01.597,1.43989,1.43998,1.12,1.50
2016.02.01 18:54:02.435,1.4399,1.43998,1.12,1.50
2016.02.01 18:54:02.683,1.4399,1.43996,1.12,1.00
2016.02.01 18:54:02.786,1.43988,1.43995,1.00,1.00
2016.02.01 18:54:02.837,1.43988,1.43993,1.37,1.00
2016.02.01 18:54:02.888,1.43988,1.43995,1.37,1.00
2016.02.01 18:54:03.100,1.43987,1.43995,2.62,1.00
2016.02.01 18:54:03.405,1.43989,1.43995,1.12,1.00
2016.02.01 18:54:03.811,1.43989,1.43998,1.12,2.25
2016.02.01 18:54:03.913,1.43991,1.43998,1.37,2.25
2016.02.01 18:54:04.222,1.4399,1.43996,1.37,1.00
2016.02.01 18:54:04.425,1.43989,1.43996,1.12,1.00
2016.02.01 18:54:04.934,1.4399,1.43996,1.12,1.00
2016.02.01 18:54:05.947,1.43989,1.43996,1.12,1.00
2016.02.01 18:54:12.194,1.43989,1.43997,1.12,1.00
2016.02.01 18:54:12.752,1.43989,1.43997,1.37,1.00
2016.02.01 18:54:13.259,1.43989,1.43997,1.12,1.00
2016.02.01 18:54:14.916,1.43989,1.43995,1.12,1.00
2016.02.01 18:54:15.445,1.4399,1.43995,1.12,1.00
2016.02.01 18:54:16.165,1.43988,1.43995,1.37,1.00
2016.02.01 18:54:16.470,1.43979,1.43985,1.12,1.50
2016.02.01 18:54:16.569,1.43976,1.43983,1.37,1.00
2016.02.01 18:54:16.622,1.43973,1.43983,2.25,1.00
2016.02.01 18:54:16.928,1.43973,1.43981,1.37,1.00
2016.02.01 18:54:17.586,1.43973,1.43981,1.12,1.00
2016.02.01 18:54:18.672,1.43971,1.4398,1.50,1.00
2016.02.01 18:54:18.723,1.43971,1.43979,1.50,1.00
2016.02.01 18:54:18.879,1.43972,1.43979,1.50,1.00
2016.02.01 18:54:18.931,1.4397,1.4398,1.87,1.00
2016.02.01 18:54:19.034,1.43969,1.43978,2.25,1.00
2016.02.01 18:54:19.970,1.43971,1.43979,1.12,1.12
2016.02.01 18:54:20.276,1.4397,1.43977,1.37,1.00
2016.02.01 18:54:20.734,1.4397,1.43979,1.37,1.12
2016.02.01 18:54:21.263,1.43971,1.4398,1.50,1.50
2016.02.01 18:54:28.082,1.43971,1.43978,1.50,1.00
2016.02.01 18:54:28.387,1.43964,1.4397,1.37,1.87
2016.02.01 18:54:28.894,1.43961,1.43969,1.12,1.12
2016.02.01 18:54:28.996,1.4396,1.43969,1.37,1.37
2016.02.01 18:54:29.537,1.4396,1.4397,1.37,1.87
2016.02.01 18:54:29.842,1.43961,1.43967,1.12,1.00
2016.02.01 18:54:30.351,1.43961,1.43968,1.12,1.12
2016.02.01 18:54:30.755,1.43962,1.4397,1.00,1.00
2016.02.01 18:54:31.521,1.4396,1.4397,1.37,1.00
2016.02.01 18:54:32.017,1.43961,1.43968,1.00,1.00
2016.02.01 18:54:32.526,1.43959,1.43968,1.00,2.25
2016.02.01 18:54:33.198,1.43959,1.43967,1.00,1.00
2016.02.01 18:54:34.088,1.43959,1.43969,1.87,1.00
2016.02.01 18:54:34.190,1.43958,1.43969,1.12,1.00
2016.02.01 18:54:35.127,1.43958,1.43969,1.37,1.50
2016.02.01 18:54:36.041,1.43961,1.4397,1.37,1.00
2016.02.01 18:54:36.548,1.43961,1.43972,2.25,2.25
2016.02.01 18:54:36.802,1.43959,1.4397,2.25,1.87
2016.02.01 18:54:37.716,1.4396,1.4397,1.12,2.62
2016.02.01 18:54:38.195,1.4396,1.43971,1.12,2.62
2016.02.01 18:54:38.246,1.43962,1.43971,1.87,1.00
2016.02.01 18:54:38.653,1.43964,1.43973,1.00,1.00
2016.02.01 18:54:38.959,1.43972,1.43981,1.00,1.12
2016.02.01 18:54:39.504,1.43971,1.43982,1.00,1.37
2016.02.01 18:54:40.014,1.43971,1.43982,1.37,1.12
2016.02.01 18:54:41.231,1.43969,1.43978,4.12,1.00
2016.02.01 18:54:41.333,1.43969,1.43979,1.50,1.00
2016.02.01 18:54:41.842,1.43967,1.43978,1.37,1.12
2016.02.01 18:54:42.458,1.43967,1.43978,1.12,1.12
2016.02.01 18:54:44.386,1.43966,1.43977,1.37,1.00
2016.02.01 18:54:44.437,1.43966,1.43975,1.37,1.00
2016.02.01 18:54:44.538,1.43964,1.43974,2.32,1.00
2016.02.01 18:54:44.742,1.43963,1.43972,1.50,1.00
2016.02.01 18:54:44.945,1.43958,1.43969,1.50,1.00
2016.02.01 18:54:45.504,1.43958,1.43969,1.50,1.00
2016.02.01 18:54:46.011,1.43959,1.43969,1.12,1.00
2016.02.01 18:54:46.215,1.43961,1.43969,1.12,1.00
2016.02.01 18:54:46.751,1.4396,1.4397,2.25,1.50
2016.02.01 18:54:47.259,1.43962,1.43971,3.00,1.12
2016.02.01 18:54:54.267,1.43961,1.43971,2.25,1.87
2016.02.01 18:54:55.411,1.43961,1.4397,2.25,1.00
2016.02.01 18:54:56.224,1.43961,1.4397,1.37,1.87
2016.02.01 18:54:56.732,1.43961,1.4397,1.50,1.00
2016.02.01 18:54:58.475,1.43962,1.43973,2.62,2.25
2016.02.01 18:54:58.527,1.43962,1.43973,2.62,1.87
2016.02.01 18:54:58.832,1.43966,1.43976,1.00,1.00
2016.02.01 18:54:58.934,1.43967,1.43978,2.62,1.12
2016.02.01 18:54:59.036,1.43969,1.4398,2.25,1.87
2016.02.01 18:54:59.088,1.43969,1.4398,2.25,1.87
2016.02.01 18:54:59.240,1.43973,1.43982,1.12,1.00
2016.02.01 18:54:59.766,1.43974,1.43982,1.12,1.00
2016.02.01 18:55:02.633,1.43974,1.43984,1.00,1.12
2016.02.01 18:55:02.735,1.43977,1.43984,1.37,1.00
2016.02.01 18:55:02.786,1.43977,1.43986,1.37,1.00
2016.02.01 18:55:03.040,1.43979,1.43986,1.37,1.00
2016.02.01 18:55:03.671,1.43979,1.43986,1.12,1.00
2016.02.01 18:55:04.079,1.4398,1.43988,1.12,1.00
2016.02.01 18:55:04.485,1.43979,1.4399,1.57,2.25
2016.02.01 18:55:05.082,1.4398,1.4399,1.50,3.00
2016.02.01 18:55:05.603,1.43979,1.4399,1.50,2.25
2016.02.01 18:55:07.558,1.4398,1.4399,1.87,2.62
2016.02.01 18:55:08.069,1.4398,1.4399,1.00,1.87
2016.02.01 18:55:08.611,1.43981,1.4399,1.65,1.00
2016.02.01 18:55:09.119,1.43982,1.4399,1.27,1.00
2016.02.01 18:55:09.374,1.43981,1.43992,1.95,1.12
2016.02.01 18:55:11.631,1.43981,1.43992,2.70,1.20
2016.02.01 18:55:14.272,1.43985,1.43992,1.12,1.12
2016.02.01 18:55:14.374,1.43984,1.43995,2.32,1.87
2016.02.01 18:55:14.890,1.43984,1.43995,1.57,1.95
2016.02.01 18:55:15.111,1.43984,1.43993,2.32,1.00
2016.02.01 18:55:15.644,1.43984,1.43993,1.47,1.00
2016.02.01 18:55:17.334,1.43984,1.43993,1.47,1.50
2016.02.01 18:55:17.841,1.43982,1.43992,1.50,1.00
2016.02.01 18:55:18.648,1.43982,1.43992,1.50,1.00
2016.02.01 18:55:20.618,1.43982,1.43992,1.75,1.50
2016.02.01 18:55:21.428,1.43982,1.4399,1.75,1.00
2016.02.01 18:55:21.530,1.43982,1.43992,1.75,1.00
2016.02.01 18:55:30.012,1.43982,1.43991,1.95,1.00
2016.02.01 18:55:30.639,1.43982,1.43991,1.47,1.00
2016.02.01 18:55:31.661,1.43983,1.43991,1.37,1.00
2016.02.01 18:55:32.671,1.43983,1.43991,1.12,1.00
2016.02.01 18:55:38.642,1.43982,1.43991,2.32,1.00
2016.02.01 18:55:40.853,1.43982,1.43992,2.25,1.50
2016.02.01 18:55:44.384,1.43982,1.43992,1.57,1.50
2016.02.01 18:55:49.869,1.43985,1.43992,1.00,1.00
2016.02.01 18:55:52.700,1.43985,1.43993,1.12,1.50
2016.02.01 18:56:01.359,1.43985,1.43995,1.00,2.70
2016.02.01 18:56:01.868,1.43985,1.43995,1.37,1.95
2016.02.01 18:56:03.717,1.43985,1.43997,4.87,2.70
2016.02.01 18:56:04.264,1.43986,1.43996,1.12,1.50
2016.02.01 18:56:04.670,1.4399,1.43998,1.00,2.40
2016.02.01 18:56:05.027,1.43991,1.43999,1.95,1.00
2016.02.01 18:56:05.078,1.43991,1.44002,1.95,1.00
2016.02.01 18:56:05.585,1.43992,1.44003,1.65,1.12
2016.02.01 18:56:06.092,1.43992,1.44003,4.27,1.00
2016.02.01 18:56:08.320,1.43992,1.44001,2.70,1.12
2016.02.01 18:56:08.421,1.43992,1.44003,2.32,1.87
2016.02.01 18:56:09.292,1.43992,1.44002,3.45,1.12
2016.02.01 18:56:09.402,1.43996,1.44004,1.50,1.12
2016.02.01 18:56:09.711,1.44001,1.44011,1.57,1.12
2016.02.01 18:56:09.864,1.44002,1.44012,1.00,1.50
2016.02.01 18:56:10.222,1.44003,1.44014,1.00,3.37
2016.02.01 18:56:10.731,1.44004,1.44014,1.37,1.57
2016.02.01 18:56:11.281,1.44004,1.44014,1.00,1.57
2016.02.01 18:56:11.797,1.44005,1.44014,1.00,1.57
2016.02.01 18:56:13.951,1.44004,1.44014,1.12,1.57
2016.02.01 18:56:14.458,1.44004,1.44014,1.37,1.20
2016.02.01 18:56:16.890,1.44002,1.4401,1.87,1.00
2016.02.01 18:56:17.093,1.44002,1.44015,1.87,3.15
2016.02.01 18:56:17.339,1.44003,1.44015,1.00,3.15
2016.02.01 18:56:21.306,1.44003,1.44014,1.37,1.20
2016.02.01 18:56:23.335,1.44003,1.44014,1.50,1.20
2016.02.01 18:56:24.775,1.44001,1.44008,2.32,1.00
2016.02.01 18:56:24.979,1.43998,1.44005,1.00,1.65
2016.02.01 18:56:25.030,1.43998,1.44003,1.00,1.00
2016.02.01 18:56:25.183,1.43992,1.44001,1.00,1.00
2016.02.01 18:56:25.437,1.43992,1.43998,1.00,1.00
2016.02.01 18:56:25.593,1.43986,1.43998,1.87,1.00
2016.02.01 18:56:26.608,1.43988,1.43998,1.37,1.00
2016.02.01 18:56:26.936,1.4399,1.44,1.37,3.52
2016.02.01 18:56:28.441,1.43991,1.44001,1.37,1.57
2016.02.01 18:56:29.152,1.43992,1.44002,1.00,2.40
2016.02.01 18:56:29.865,1.43993,1.44004,1.87,3.82
2016.02.01 18:56:30.395,1.43993,1.44004,1.87,3.52
2016.02.01 18:56:30.903,1.43993,1.44004,1.12,3.52
2016.02.01 18:56:31.444,1.43993,1.44004,1.50,3.52
2016.02.01 18:56:33.215,1.43992,1.44001,1.87,1.00
2016.02.01 18:56:33.370,1.43991,1.44001,1.37,1.50
2016.02.01 18:56:33.877,1.43991,1.44,1.37,1.10
2016.02.01 18:56:35.171,1.4399,1.44,1.75,1.65
2016.02.01 18:56:36.750,1.4399,1.44,1.75,1.50
2016.02.01 18:56:49.889,1.4399,1.43999,1.87,1.00
2016.02.01 18:56:50.398,1.4399,1.43999,2.62,1.17
2016.02.01 18:56:51.407,1.4399,1.44,1.87,1.20
2016.02.01 18:56:51.914,1.43991,1.44,1.12,1.20
2016.02.01 18:56:56.501,1.43991,1.43999,1.00,1.12
2016.02.01 18:57:03.130,1.4399,1.43994,1.12,1.00
2016.02.01 18:57:03.436,1.43978,1.43983,1.00,1.00
2016.02.01 18:57:03.791,1.43975,1.43983,1.00,1.50
2016.02.01 18:57:04.640,1.43973,1.43983,2.62,1.00
2016.02.01 18:57:05.293,1.43973,1.43983,1.87,1.12
2016.02.01 18:57:05.345,1.43975,1.43985,1.37,2.32
2016.02.01 18:57:05.651,1.43979,1.43985,1.37,1.10
2016.02.01 18:57:06.158,1.43981,1.43986,1.12,1.00
2016.02.01 18:57:06.693,1.43981,1.43988,1.12,1.00
2016.02.01 18:57:07.454,1.43982,1.43988,1.12,1.00
2016.02.01 18:57:08.855,1.43981,1.43988,1.80,1.00
2016.02.01 18:57:12.230,1.43981,1.43989,1.27,1.00
2016.02.01 18:57:13.127,1.43981,1.43988,1.27,1.00
2016.02.01 18:57:13.179,1.43982,1.43985,1.12,1.00
2016.02.01 18:57:13.332,1.43975,1.4398,1.07,1.00
2016.02.01 18:57:13.434,1.43971,1.43978,1.20,1.00
2016.02.01 18:57:13.485,1.4397,1.43979,1.50,1.00
2016.02.01 18:57:13.587,1.43968,1.43979,2.70,1.00
2016.02.01 18:57:13.791,1.43972,1.4398,1.12,1.00
2016.02.01 18:57:15.256,1.43972,1.4398,1.50,1.00
2016.02.01 18:57:15.840,1.43972,1.4398,1.00,1.00
2016.02.01 18:57:16.211,1.43972,1.43982,1.00,1.10
2016.02.01 18:57:17.284,1.43972,1.43982,1.57,1.00
2016.02.01 18:57:17.799,1.43972,1.43982,1.10,1.00
2016.02.01 18:57:18.600,1.43972,1.43982,1.57,1.00
2016.02.01 18:57:19.121,1.43972,1.43982,1.10,1.00
2016.02.01 18:57:20.516,1.43972,1.43983,1.57,1.10
2016.02.01 18:57:20.567,1.43973,1.43983,1.55,1.10
2016.02.01 18:57:21.073,1.43971,1.43983,2.79,1.50
2016.02.01 18:57:21.613,1.43972,1.43982,1.41,1.00
2016.02.01 18:57:22.198,1.43971,1.43982,1.92,1.00
2016.02.01 18:57:23.473,1.4397,1.43982,1.17,1.00
2016.02.01 18:57:23.642,1.43969,1.43979,4.20,1.00
2016.02.01 18:57:27.100,1.4397,1.43982,1.27,1.00
2016.02.01 18:57:27.405,1.43972,1.43982,1.37,1.00
2016.02.01 18:57:28.154,1.43972,1.43983,3.15,1.00
2016.02.01 18:57:28.661,1.43973,1.43982,1.37,1.00
2016.02.01 18:57:28.713,1.43971,1.43982,2.02,1.00
2016.02.01 18:57:28.918,1.43973,1.43982,1.67,1.00
2016.02.01 18:57:29.454,1.43972,1.43982,1.80,1.00
2016.02.01 18:57:30.102,1.43973,1.43982,1.67,1.00
2016.02.01 18:57:30.391,1.43972,1.43982,1.42,1.00
2016.02.01 18:57:30.493,1.43972,1.43978,1.27,1.00
2016.02.01 18:57:30.749,1.43966,1.43976,3.45,1.00
2016.02.01 18:57:30.851,1.43966,1.43976,1.65,1.00
2016.02.01 18:57:30.903,1.43969,1.43977,1.37,1.00
2016.02.01 18:57:31.310,1.43971,1.43977,1.37,1.00
2016.02.01 18:57:31.820,1.4397,1.43977,1.37,1.00
2016.02.01 18:57:32.327,1.43971,1.43977,1.37,1.00
2016.02.01 18:57:32.429,1.43969,1.43977,1.57,1.00
2016.02.01 18:57:32.724,1.4397,1.43979,1.37,1.50
2016.02.01 18:57:32.978,1.43971,1.43981,1.87,1.00
2016.02.01 18:57:33.181,1.43972,1.43982,2.62,1.00
2016.02.01 18:57:33.688,1.43973,1.43982,1.57,1.00
2016.02.01 18:57:34.019,1.43972,1.43985,2.62,2.25
2016.02.01 18:57:34.121,1.43977,1.43984,1.37,1.50
2016.02.01 18:57:34.628,1.43979,1.43984,1.37,1.00
2016.02.01 18:57:35.135,1.43978,1.43986,1.12,1.00
2016.02.01 18:57:35.215,1.43979,1.43986,1.37,1.00
2016.02.01 18:57:35.725,1.43978,1.43987,2.32,1.50
2016.02.01 18:57:36.335,1.43979,1.43988,1.37,1.00
2016.02.01 18:57:36.846,1.4398,1.43988,1.47,1.00
2016.02.01 18:57:37.353,1.43981,1.43989,1.20,1.00
2016.02.01 18:57:37.871,1.43981,1.4399,1.20,1.00
2016.02.01 18:57:38.378,1.43982,1.4399,1.12,1.00
2016.02.01 18:57:38.885,1.43981,1.4399,2.70,1.00
2016.02.01 18:57:39.417,1.43982,1.4399,2.62,1.00
2016.02.01 18:57:40.392,1.43981,1.4399,2.70,1.00
2016.02.01 18:57:41.519,1.43982,1.4399,1.12,1.00
2016.02.01 18:57:42.151,1.43981,1.4399,1.20,1.00
2016.02.01 18:57:42.658,1.43982,1.4399,1.12,1.12
2016.02.01 18:57:43.160,1.43981,1.43991,1.20,3.37
2016.02.01 18:57:43.896,1.43981,1.43991,1.20,2.62
2016.02.01 18:57:44.428,1.43981,1.43991,1.57,2.62
2016.02.01 18:57:46.835,1.43981,1.4399,1.57,1.00
2016.02.01 18:57:56.416,1.43981,1.43991,1.57,1.12
2016.02.01 18:57:56.980,1.43984,1.43993,1.12,1.87
2016.02.01 18:57:57.235,1.43991,1.44001,3.37,1.12
2016.02.01 18:57:57.743,1.43991,1.44001,3.82,1.12
2016.02.01 18:57:57.998,1.43994,1.44005,1.37,4.20
2016.02.01 18:57:58.076,1.43994,1.44005,1.37,2.70
2016.02.01 18:57:58.585,1.43993,1.44005,1.95,1.10
2016.02.01 18:57:58.640,1.43998,1.44007,1.00,1.92
2016.02.01 18:57:58.845,1.44002,1.44013,1.00,3.52
2016.02.01 18:57:58.998,1.44002,1.44013,1.50,1.50
2016.02.01 18:57:59.161,1.44003,1.44013,1.87,1.00
2016.02.01 18:57:59.669,1.44003,1.44013,1.12,1.00
2016.02.01 18:58:01.978,1.44003,1.44013,2.62,1.00
2016.02.01 18:58:02.525,1.44003,1.44013,1.87,1.00
2016.02.01 18:58:05.594,1.44003,1.44012,2.62,1.00
2016.02.01 18:58:05.898,1.44003,1.44015,2.62,1.20
2016.02.01 18:58:06.799,1.44003,1.44016,2.40,2.77
2016.02.01 18:58:07.324,1.44003,1.44016,3.15,2.77
2016.02.01 18:58:07.831,1.44003,1.44016,2.40,2.77
2016.02.01 18:58:10.163,1.44003,1.44012,2.40,1.00
2016.02.01 18:58:10.609,1.44003,1.44016,3.15,2.77
2016.02.01 18:58:11.212,1.44004,1.44016,1.37,2.77
2016.02.01 18:58:11.720,1.44003,1.44016,3.15,2.77
2016.02.01 18:58:12.324,1.44004,1.44016,1.87,2.77
2016.02.01 18:58:12.830,1.44004,1.44016,1.12,2.77
2016.02.01 18:58:13.802,1.44004,1.44016,1.87,2.77
2016.02.01 18:58:14.171,1.44004,1.44013,1.12,1.00
2016.02.01 18:58:14.678,1.44004,1.44013,1.95,1.00
2016.02.01 18:58:15.184,1.44004,1.44013,1.20,1.00
2016.02.01 18:58:15.706,1.44006,1.44016,1.00,1.87
2016.02.01 18:58:16.880,1.44013,1.44016,1.00,1.50
2016.02.01 18:58:16.983,1.44016,1.44019,1.00,1.20
2016.02.01 18:58:17.063,1.44016,1.44019,1.00,1.20
2016.02.01 18:58:17.115,1.44017,1.44022,1.00,1.12
2016.02.01 18:58:17.173,1.44018,1.44024,1.00,1.07
2016.02.01 18:58:17.276,1.44017,1.44026,1.00,2.25
2016.02.01 18:58:20.654,1.44019,1.44025,1.00,1.00
2016.02.01 18:58:20.960,1.44024,1.44027,1.00,1.00
2016.02.01 18:58:21.114,1.44024,1.44029,1.50,1.00
2016.02.01 18:58:21.267,1.44024,1.44034,1.50,1.57
2016.02.01 18:58:21.774,1.44024,1.44033,1.00,1.12
2016.02.01 18:58:25.348,1.44024,1.44031,1.00,1.00
2016.02.01 18:58:25.603,1.44019,1.44027,1.00,1.12
2016.02.01 18:58:25.654,1.44021,1.44029,1.00,1.57
2016.02.01 18:58:25.808,1.44018,1.44028,1.50,1.00
2016.02.01 18:58:25.910,1.44018,1.44026,1.50,1.00
2016.02.01 18:58:26.114,1.44018,1.44028,1.50,1.10
2016.02.01 18:58:26.343,1.44025,1.44027,1.00,1.00
2016.02.01 18:58:26.446,1.44026,1.44033,1.00,1.37
2016.02.01 18:58:26.498,1.44026,1.44033,1.00,1.10
2016.02.01 18:58:26.854,1.44026,1.44035,1.00,1.10
2016.02.01 18:58:26.956,1.44027,1.44037,3.22,3.15
2016.02.01 18:58:28.903,1.44029,1.44036,2.25,1.00
2016.02.01 18:58:29.652,1.44029,1.44035,2.25,1.00
2016.02.01 18:58:42.743,1.44029,1.44033,2.25,1.00
2016.02.01 18:58:48.321,1.44029,1.44035,2.25,1.00
2016.02.01 18:58:51.833,1.44029,1.44034,2.25,1.00
2016.02.01 18:58:59.738,1.44029,1.44033,2.25,1.00
2016.02.01 18:59:05.341,1.44027,1.44033,1.00,1.00
2016.02.01 18:59:09.939,1.44027,1.44034,1.12,1.00
2016.02.01 18:59:12.206,1.4403,1.44035,1.00,1.00
2016.02.01 18:59:12.308,1.4403,1.44039,1.95,1.00
2016.02.01 18:59:12.362,1.44032,1.44039,3.45,1.00
2016.02.01 18:59:12.522,1.44033,1.44041,1.10,1.00
2016.02.01 18:59:12.625,1.44034,1.44041,1.37,1.00
2016.02.01 18:59:13.176,1.44033,1.44041,1.57,1.00
2016.02.01 18:59:15.614,1.44034,1.44042,1.12,1.50
2016.02.01 18:59:15.919,1.44034,1.4404,1.12,1.00
2016.02.01 18:59:16.427,1.44034,1.4404,2.62,1.00
2016.02.01 18:59:16.731,1.44034,1.44042,1.00,1.00
2016.02.01 18:59:17.251,1.44034,1.44044,1.00,1.00
2016.02.01 18:59:17.302,1.44037,1.44044,1.00,1.50
2016.02.01 18:59:17.828,1.44034,1.44044,4.35,1.00
2016.02.01 18:59:18.338,1.44034,1.44045,4.35,1.00
2016.02.01 18:59:18.881,1.44037,1.44045,1.35,1.00
2016.02.01 18:59:22.407,1.44039,1.44048,1.00,1.55
2016.02.01 18:59:22.510,1.44039,1.4405,1.60,1.00
2016.02.01 18:59:22.714,1.4404,1.4405,3.60,1.00
2016.02.01 18:59:22.765,1.4404,1.44052,3.60,1.57
2016.02.01 18:59:23.023,1.44042,1.44052,5.10,1.57
2016.02.01 18:59:23.125,1.44042,1.44053,2.47,2.32
2016.02.01 18:59:23.320,1.44042,1.44053,5.10,1.57
2016.02.01 18:59:23.628,1.4404,1.44046,1.00,1.00
2016.02.01 18:59:24.147,1.44035,1.44046,4.35,1.50
2016.02.01 18:59:24.825,1.44034,1.44046,1.60,2.25
2016.02.01 18:59:25.207,1.44036,1.44048,2.10,1.10
2016.02.01 18:59:25.258,1.44038,1.44048,3.60,1.00
2016.02.01 18:59:25.309,1.4404,1.44051,1.00,1.00
2016.02.01 18:59:25.360,1.44041,1.44054,3.60,2.32
2016.02.01 18:59:26.074,1.44043,1.44054,1.72,1.10
2016.02.01 18:59:26.595,1.44045,1.44054,1.30,1.00
2016.02.01 18:59:26.804,1.44045,1.44056,1.30,1.50
2016.02.01 18:59:27.211,1.44044,1.44054,1.35,1.00
2016.02.01 18:59:28.306,1.44044,1.44054,1.67,1.50
2016.02.01 18:59:30.589,1.44045,1.44056,2.47,1.00
2016.02.01 18:59:30.691,1.44048,1.44056,1.37,1.20
2016.02.01 18:59:30.794,1.44046,1.44056,1.37,1.50
2016.02.01 18:59:31.142,1.44045,1.44054,2.25,1.00
2016.02.01 18:59:32.498,1.44043,1.44054,2.47,1.00
2016.02.01 18:59:32.600,1.44043,1.44052,1.35,1.00
2016.02.01 18:59:32.906,1.44043,1.44048,1.60,1.00
2016.02.01 18:59:32.958,1.44039,1.44048,1.30,1.00
2016.02.01 18:59:33.100,1.44037,1.44046,3.60,1.00
2016.02.01 18:59:33.153,1.44037,1.44048,1.00,1.00
2016.02.01 18:59:33.255,1.44039,1.44049,3.60,1.00
2016.02.01 18:59:34.363,1.44036,1.44046,1.60,1.00
2016.02.01 18:59:34.414,1.44035,1.44044,4.35,1.00
2016.02.01 18:59:34.465,1.44035,1.44044,1.00,1.00
2016.02.01 18:59:34.721,1.44034,1.44047,1.35,1.50
2016.02.01 18:59:34.823,1.44034,1.44046,4.72,1.00
2016.02.01 18:59:35.331,1.44034,1.44045,3.60,1.00
2016.02.01 18:59:35.383,1.44033,1.44045,1.60,1.00
2016.02.01 18:59:35.485,1.44034,1.44047,1.35,1.50
2016.02.01 18:59:35.588,1.44035,1.44046,3.60,1.00
2016.02.01 18:59:35.639,1.44035,1.44048,4.35,1.50
2016.02.01 18:59:35.998,1.44035,1.44045,3.60,1.00
2016.02.01 18:59:36.151,1.44034,1.44045,1.60,1.00
2016.02.01 18:59:36.679,1.44033,1.44044,4.72,1.00
2016.02.01 18:59:37.249,1.44034,1.44044,1.35,1.00
2016.02.01 18:59:38.063,1.44036,1.44049,1.00,2.25
2016.02.01 18:59:38.215,1.44037,1.44049,3.60,1.50
2016.02.01 18:59:38.522,1.4404,1.44052,4.35,1.50
2016.02.01 18:59:39.031,1.4404,1.44051,4.35,1.00
2016.02.01 18:59:39.784,1.44041,1.44051,5.47,1.00
2016.02.01 18:59:40.495,1.44042,1.44047,1.60,1.00
2016.02.01 18:59:40.546,1.44039,1.44048,1.12,1.50
2016.02.01 18:59:40.644,1.44039,1.44046,1.30,1.50
2016.02.01 18:59:40.902,1.44036,1.44047,1.35,3.37
2016.02.01 18:59:41.412,1.44036,1.44045,1.35,1.12
2016.02.01 18:59:41.932,1.44034,1.44046,1.60,1.50
2016.02.01 18:59:42.698,1.44034,1.44047,2.10,1.87
2016.02.01 18:59:43.208,1.44034,1.44046,1.72,1.87
2016.02.01 18:59:43.512,1.44034,1.44043,1.72,1.00
2016.02.01 18:59:44.021,1.44034,1.44043,1.12,1.00
2016.02.01 18:59:44.358,1.44032,1.44041,1.75,1.12
2016.02.01 18:59:44.866,1.44032,1.4404,1.75,1.00
2016.02.01 18:59:45.274,1.44032,1.44041,1.00,1.12
2016.02.01 18:59:45.478,1.4403,1.44041,1.87,1.12
2016.02.01 18:59:46.347,1.4403,1.44038,2.62,1.00
2016.02.01 18:59:46.655,1.44028,1.44035,1.12,1.00
2016.02.01 18:59:46.757,1.44026,1.44035,1.87,1.00
2016.02.01 18:59:46.859,1.44026,1.44033,1.87,1.00
2016.02.01 18:59:47.155,1.44023,1.44032,1.00,1.00
2016.02.01 18:59:49.187,1.44023,1.44033,1.00,1.00
2016.02.01 18:59:50.404,1.44023,1.44034,1.00,1.00
2016.02.01 18:59:53.628,1.44022,1.44034,4.05,1.50
2016.02.01 18:59:54.710,1.44022,1.44034,1.05,1.50
2016.02.01 18:59:54.762,1.44021,1.44031,5.17,1.00
2016.02.01 18:59:56.235,1.44021,1.44033,7.27,1.00
2016.02.01 18:59:56.389,1.44023,1.44033,4.27,1.00
2016.02.01 18:59:56.491,1.44023,1.44035,5.02,2.25
2016.02.01 18:59:56.987,1.44023,1.44033,4.27,1.00
2016.02.01 18:59:57.677,1.44022,1.44033,4.65,1.00
2016.02.01 18:59:59.667,1.44023,1.44033,3.52,1.00
