2007.10.22 18:00:00.946,2.0298,2.03,0.50,0.90
2007.10.22 18:00:01.109,2.0298,2.03,0.50,0.60
2007.10.22 18:00:04.531,2.02975,2.03,30.00,6.40
2007.10.22 18:00:06.326,2.02975,2.03,30.00,6.40
2007.10.22 18:00:07.079,2.02975,2.03,30.00,6.40
2007.10.22 18:00:07.326,2.02975,2.0299,15.20,4.00
2007.10.22 18:00:07.574,2.02975,2.0299,15.20,4.00
2007.10.22 18:00:07.823,2.02975,2.0299,13.60,4.00
2007.10.22 18:00:08.071,2.02975,2.0299,5.60,4.00
2007.10.22 18:00:08.392,2.0298,2.0299,0.50,4.00
2007.10.22 18:00:09.552,2.02975,2.0299,13.60,4.00
2007.10.22 18:00:10.887,2.0298,2.0299,0.90,4.00
2007.10.22 18:00:12.897,2.0298,2.0299,0.70,4.00
2007.10.22 18:00:13.135,2.02975,2.02995,12.00,2.60
2007.10.22 18:00:13.288,2.0298,2.02995,0.90,2.00
2007.10.22 18:00:13.658,2.02975,2.02995,23.20,2.00
2007.10.22 18:00:14.032,2.02975,2.02995,23.20,2.00
2007.10.22 18:00:14.350,2.02975,2.02995,23.20,2.00
2007.10.22 18:00:14.668,2.02975,2.03,25.20,6.40
2007.10.22 18:00:14.986,2.0298,2.03,1.50,6.40
2007.10.22 18:00:15.736,2.02975,2.03,21.20,6.40
2007.10.22 18:00:16.009,2.02975,2.03,9.20,6.40
2007.10.22 18:00:16.281,2.02975,2.03,9.20,6.40
2007.10.22 18:00:16.533,2.02975,2.0299,8.40,4.00
2007.10.22 18:00:16.786,2.02975,2.0299,8.40,4.00
2007.10.22 18:00:17.040,2.02975,2.0299,10.80,4.00
2007.10.22 18:00:17.328,2.0297,2.0299,6.80,6.40
2007.10.22 18:00:17.615,2.0297,2.0299,6.80,6.40
2007.10.22 18:00:17.902,2.0297,2.0299,6.80,6.40
2007.10.22 18:00:18.202,2.02965,2.0299,26.00,6.40
2007.10.22 18:00:19.266,2.02965,2.0299,26.00,6.40
2007.10.22 18:00:19.454,2.0297,2.0299,0.50,6.40
2007.10.22 18:00:20.861,2.0297,2.0299,1.90,6.40
2007.10.22 18:00:21.819,2.02965,2.0299,26.00,6.40
2007.10.22 18:00:22.919,2.0297,2.0299,0.50,6.40
2007.10.22 18:00:24.644,2.02965,2.0299,26.00,6.40
2007.10.22 18:00:26.162,2.0297,2.0299,4.80,6.40
2007.10.22 18:00:29.668,2.0297,2.0299,4.80,6.40
2007.10.22 18:00:30.968,2.0297,2.0299,4.80,6.40
2007.10.22 18:00:31.797,2.0297,2.0299,4.80,6.40
2007.10.22 18:00:33.394,2.0297,2.0299,4.80,6.40
2007.10.22 18:00:33.602,2.0297,2.0299,4.80,6.40
2007.10.22 18:00:34.217,2.0297,2.0299,4.80,6.40
2007.10.22 18:00:34.390,2.0297,2.0299,4.80,6.40
2007.10.22 18:00:34.566,2.0297,2.0299,4.80,6.40
2007.10.22 18:00:35.811,2.0297,2.0299,4.80,6.40
2007.10.22 18:00:36.079,2.0297,2.0299,4.80,6.40
2007.10.22 18:00:36.347,2.0297,2.02985,4.80,0.60
2007.10.22 18:00:36.615,2.0297,2.02985,4.80,0.60
2007.10.22 18:00:36.883,2.0297,2.02985,4.80,0.60
2007.10.22 18:00:37.091,2.0297,2.02985,4.80,2.60
2007.10.22 18:00:37.298,2.0297,2.02985,4.80,2.60
2007.10.22 18:00:37.506,2.0297,2.0299,4.80,6.40
2007.10.22 18:00:39.144,2.0297,2.0299,4.80,6.40
2007.10.22 18:00:39.712,2.0297,2.0299,4.80,6.40
2007.10.22 18:00:40.004,2.0297,2.0299,4.80,6.40
2007.10.22 18:00:41.199,2.0297,2.0299,4.80,6.40
2007.10.22 18:00:42.139,2.0297,2.0299,4.80,6.40
2007.10.22 18:00:44.740,2.0297,2.0299,4.80,6.40
2007.10.22 18:00:45.274,2.0297,2.0299,4.80,6.40
2007.10.22 18:00:45.798,2.0297,2.0299,4.80,6.40
2007.10.22 18:00:46.131,2.0297,2.0299,4.80,6.40
2007.10.22 18:00:46.819,2.0297,2.02985,4.80,0.60
2007.10.22 18:00:47.041,2.0297,2.02985,4.80,0.60
2007.10.22 18:00:47.702,2.0297,2.02985,4.80,0.60
2007.10.22 18:00:48.120,2.02965,2.02985,7.60,0.60
2007.10.22 18:00:48.373,2.02965,2.02995,5.60,13.00
2007.10.22 18:00:48.626,2.02965,2.02995,5.60,13.10
2007.10.22 18:00:49.766,2.02965,2.02985,5.60,0.60
2007.10.22 18:00:50.008,2.02965,2.02995,5.60,13.10
2007.10.22 18:00:50.286,2.02965,2.02985,5.60,0.60
2007.10.22 18:00:50.673,2.02965,2.02985,5.60,0.60
2007.10.22 18:00:50.950,2.02965,2.02995,13.60,13.00
2007.10.22 18:00:53.137,2.02965,2.02995,13.60,0.60
2007.10.22 18:00:53.880,2.02965,2.03005,15.60,42.20
2007.10.22 18:00:54.786,2.02965,2.03005,15.60,42.20
2007.10.22 18:00:55.892,2.02965,2.02995,15.60,0.90
2007.10.22 18:00:59.812,2.02965,2.03005,15.60,42.20
2007.10.22 18:01:02.664,2.02965,2.03005,15.60,43.50
2007.10.22 18:01:02.868,2.02965,2.02995,7.60,0.50
2007.10.22 18:01:03.315,2.02965,2.03005,7.60,42.60
2007.10.22 18:01:03.759,2.02965,2.02995,7.60,0.50
2007.10.22 18:01:04.047,2.02965,2.02995,15.60,0.50
2007.10.22 18:01:04.334,2.02965,2.03005,15.60,42.10
2007.10.22 18:01:04.830,2.02965,2.02995,15.60,0.60
2007.10.22 18:01:05.581,2.02965,2.02995,15.60,0.80
2007.10.22 18:01:05.823,2.02965,2.03005,16.00,42.00
2007.10.22 18:01:09.863,2.02965,2.03005,16.00,42.00
2007.10.22 18:01:11.080,2.02965,2.02995,16.00,0.70
2007.10.22 18:01:11.221,2.02975,2.02995,0.80,20.20
2007.10.22 18:01:11.344,2.0298,2.02995,2.40,0.80
2007.10.22 18:01:11.467,2.0298,2.03,2.40,0.70
2007.10.22 18:01:11.718,2.0298,2.03005,4.80,18.10
2007.10.22 18:01:11.842,2.0298,2.03005,2.40,32.40
2007.10.22 18:01:11.963,2.0298,2.03005,2.40,32.40
2007.10.22 18:01:12.086,2.0298,2.03005,2.40,32.40
2007.10.22 18:01:12.208,2.02975,2.03005,3.60,32.40
2007.10.22 18:01:13.126,2.02975,2.03005,1.60,32.30
2007.10.22 18:01:13.448,2.02975,2.03005,1.60,32.30
2007.10.22 18:01:14.392,2.02975,2.03005,9.60,32.30
2007.10.22 18:01:14.713,2.02975,2.03,13.60,0.90
2007.10.22 18:01:14.881,2.02975,2.03005,16.40,20.40
2007.10.22 18:01:15.048,2.02975,2.03,16.40,0.90
2007.10.22 18:01:15.399,2.0298,2.03005,2.40,20.40
2007.10.22 18:01:16.175,2.0298,2.03,2.40,6.40
2007.10.22 18:01:16.282,2.0298,2.03,2.40,6.40
2007.10.22 18:01:17.426,2.0298,2.03,2.40,6.40
2007.10.22 18:01:18.234,2.0298,2.03,2.40,6.40
2007.10.22 18:01:18.387,2.02975,2.03,3.60,6.40
2007.10.22 18:01:18.540,2.02975,2.02995,3.60,0.60
2007.10.22 18:01:18.693,2.02975,2.02995,1.60,0.60
2007.10.22 18:01:18.846,2.02975,2.02995,1.60,0.60
2007.10.22 18:01:19.017,2.02975,2.02995,1.60,0.60
2007.10.22 18:01:19.567,2.0297,2.02995,2.40,0.60
2007.10.22 18:01:19.917,2.0297,2.02995,2.40,0.60
2007.10.22 18:01:20.169,2.0297,2.02995,2.40,0.60
2007.10.22 18:01:20.421,2.02975,2.02995,8.00,0.60
2007.10.22 18:01:20.777,2.02975,2.02995,9.60,0.60
2007.10.22 18:01:23.987,2.02975,2.02995,9.60,0.60
2007.10.22 18:01:24.934,2.02975,2.02995,9.60,0.60
2007.10.22 18:01:26.246,2.02975,2.02995,9.60,0.60
2007.10.22 18:01:26.888,2.02975,2.02995,1.60,0.60
2007.10.22 18:01:27.761,2.02975,2.02995,1.60,0.60
2007.10.22 18:01:29.962,2.02975,2.02995,1.60,0.60
2007.10.22 18:01:32.232,2.02975,2.02995,1.60,0.60
2007.10.22 18:01:32.352,2.02975,2.02995,1.60,0.60
2007.10.22 18:01:32.676,2.02975,2.02995,1.60,0.60
2007.10.22 18:01:32.771,2.02975,2.02995,1.60,0.60
2007.10.22 18:01:33.088,2.02975,2.02995,1.60,0.60
2007.10.22 18:01:33.125,2.0297,2.02995,4.00,0.60
2007.10.22 18:01:33.406,2.0297,2.02995,4.00,0.60
2007.10.22 18:01:33.723,2.0297,2.02995,0.90,0.60
2007.10.22 18:01:34.665,2.0297,2.02995,0.50,0.60
2007.10.22 18:01:34.862,2.0297,2.02995,1.60,0.60
2007.10.22 18:01:35.024,2.0297,2.02995,1.10,0.60
2007.10.22 18:01:35.947,2.0297,2.02995,0.50,8.60
2007.10.22 18:01:36.271,2.02965,2.02995,22.80,0.60
2007.10.22 18:01:36.784,2.02965,2.02995,22.80,0.60
2007.10.22 18:01:36.951,2.0297,2.02995,0.50,8.60
2007.10.22 18:01:37.210,2.02965,2.02995,22.80,10.60
2007.10.22 18:01:37.473,2.02965,2.0299,22.00,4.00
2007.10.22 18:01:37.641,2.02965,2.0299,21.20,4.00
2007.10.22 18:01:38.334,2.02975,2.0299,1.20,4.00
2007.10.22 18:01:38.640,2.0297,2.0299,0.60,4.00
2007.10.22 18:01:39.101,2.0297,2.0299,1.40,4.00
2007.10.22 18:01:40.012,2.0297,2.0299,1.30,4.00
2007.10.22 18:01:45.038,2.02965,2.0299,21.20,4.00
2007.10.22 18:01:46.911,2.02965,2.0299,21.20,4.00
2007.10.22 18:01:47.149,2.0297,2.0299,1.00,4.00
2007.10.22 18:01:47.315,2.02965,2.0299,21.20,6.40
2007.10.22 18:01:47.901,2.02965,2.0299,13.20,6.40
2007.10.22 18:01:48.945,2.0297,2.0299,1.00,6.40
2007.10.22 18:01:49.158,2.0297,2.0299,0.50,6.40
2007.10.22 18:01:50.068,2.0297,2.0299,1.00,6.40
2007.10.22 18:01:50.981,2.0297,2.0299,1.10,6.40
2007.10.22 18:01:51.269,2.02965,2.0299,21.20,6.40
2007.10.22 18:01:51.547,2.02965,2.0299,21.60,6.40
2007.10.22 18:01:51.740,2.02965,2.0299,21.60,2.40
2007.10.22 18:01:51.882,2.0297,2.02995,0.70,8.60
2007.10.22 18:01:52.026,2.02965,2.02995,22.50,0.60
2007.10.22 18:01:52.169,2.02965,2.02995,23.30,0.60
2007.10.22 18:01:52.806,2.02965,2.02995,23.30,0.60
2007.10.22 18:01:54.078,2.02965,2.02995,23.20,0.60
2007.10.22 18:01:55.086,2.02965,2.02995,23.20,0.60
2007.10.22 18:01:58.352,2.02965,2.02995,23.20,0.60
2007.10.22 18:02:00.124,2.02965,2.02995,23.20,0.60
2007.10.22 18:02:04.246,2.02965,2.02995,22.80,0.60
2007.10.22 18:02:04.555,2.02965,2.02995,22.80,0.60
2007.10.22 18:02:04.761,2.02965,2.02995,22.80,0.60
2007.10.22 18:02:04.993,2.0297,2.0299,0.50,4.00
2007.10.22 18:02:05.365,2.0297,2.0299,0.60,6.40
2007.10.22 18:02:05.886,2.0297,2.0299,0.90,6.40
2007.10.22 18:02:08.184,2.0297,2.02975,0.70,3.70
2007.10.22 18:02:08.342,2.0297,2.02975,0.90,3.70
2007.10.22 18:02:08.500,2.02965,2.02975,0.90,2.00
2007.10.22 18:02:08.658,2.02955,2.02975,27.20,4.60
2007.10.22 18:02:08.816,2.02965,2.0297,0.60,4.00
2007.10.22 18:02:09.054,2.0296,2.0297,1.60,4.00
2007.10.22 18:02:09.293,2.02955,2.02975,12.80,2.60
2007.10.22 18:02:09.531,2.02955,2.02975,18.80,0.60
2007.10.22 18:02:09.768,2.02955,2.0298,18.80,6.40
2007.10.22 18:02:09.970,2.02955,2.0298,18.80,6.40
2007.10.22 18:02:12.393,2.02955,2.0298,18.80,6.40
2007.10.22 18:02:15.185,2.02955,2.0298,18.80,6.40
2007.10.22 18:02:16.061,2.0296,2.02965,0.50,0.50
2007.10.22 18:02:16.323,2.0296,2.02975,0.90,3.00
2007.10.22 18:02:16.585,2.0295,2.02965,7.20,2.60
2007.10.22 18:02:16.872,2.0295,2.0296,4.80,4.00
2007.10.22 18:02:17.135,2.02945,2.0296,16.00,4.00
2007.10.22 18:02:17.308,2.02945,2.0296,15.20,4.00
2007.10.22 18:02:17.480,2.02945,2.0296,0.90,6.40
2007.10.22 18:02:18.298,2.0294,2.0296,18.40,6.40
2007.10.22 18:02:19.191,2.0294,2.0296,18.40,6.40
2007.10.22 18:02:19.404,2.02955,2.0296,0.80,2.40
2007.10.22 18:02:19.617,2.0295,2.0297,4.80,6.40
2007.10.22 18:02:19.829,2.02955,2.0297,1.00,6.40
2007.10.22 18:02:20.043,2.02955,2.0297,1.50,6.40
2007.10.22 18:02:20.255,2.0295,2.0297,12.80,6.40
2007.10.22 18:02:20.954,2.02955,2.0297,0.50,6.40
2007.10.22 18:02:21.226,2.02955,2.0297,0.80,6.40
2007.10.22 18:02:21.454,2.0296,2.02975,1.00,2.60
2007.10.22 18:02:21.681,2.02955,2.0298,6.80,6.40
2007.10.22 18:02:21.909,2.0296,2.0298,1.10,6.40
2007.10.22 18:02:22.401,2.02955,2.0298,6.80,6.40
2007.10.22 18:02:22.544,2.02955,2.0298,6.80,6.40
2007.10.22 18:02:22.686,2.02955,2.0298,6.80,6.40
2007.10.22 18:02:22.829,2.02955,2.0298,6.80,6.40
2007.10.22 18:02:23.041,2.0296,2.0298,0.80,6.40
2007.10.22 18:02:23.184,2.02955,2.02975,4.80,2.00
2007.10.22 18:02:23.328,2.0296,2.02975,2.40,2.60
2007.10.22 18:02:23.605,2.0296,2.02975,2.40,2.80
2007.10.22 18:02:23.884,2.0296,2.0297,2.40,4.00
2007.10.22 18:02:24.162,2.0296,2.0297,2.40,4.00
2007.10.22 18:02:24.439,2.02955,2.0297,2.40,6.40
2007.10.22 18:02:24.641,2.02955,2.0297,0.80,6.40
2007.10.22 18:02:25.335,2.02955,2.0297,0.80,6.40
2007.10.22 18:02:25.579,2.02955,2.0297,0.80,6.40
2007.10.22 18:02:25.795,2.02955,2.0297,0.80,6.40
2007.10.22 18:02:25.922,2.0295,2.0296,2.40,6.40
2007.10.22 18:02:26.050,2.0295,2.0296,2.40,6.40
2007.10.22 18:02:26.177,2.0295,2.0296,2.40,6.40
2007.10.22 18:02:26.304,2.0295,2.0296,2.40,6.40
2007.10.22 18:02:26.432,2.02945,2.0296,10.40,6.40
2007.10.22 18:02:26.765,2.0294,2.02955,2.40,2.00
2007.10.22 18:02:27.098,2.0294,2.02955,2.40,2.60
2007.10.22 18:02:27.431,2.0294,2.02955,2.40,2.00
2007.10.22 18:02:27.689,2.0294,2.02955,2.40,2.00
2007.10.22 18:02:27.892,2.0294,2.02955,2.40,2.00
2007.10.22 18:02:28.394,2.02935,2.02955,13.60,2.00
2007.10.22 18:02:28.677,2.0293,2.02955,5.60,2.60
2007.10.22 18:02:28.961,2.02935,2.02955,8.00,0.60
2007.10.22 18:02:30.079,2.02935,2.02955,8.00,0.60
2007.10.22 18:02:30.313,2.02935,2.02955,8.00,0.60
2007.10.22 18:02:30.712,2.02935,2.02955,8.00,0.60
2007.10.22 18:02:31.038,2.0293,2.02955,3.20,0.60
2007.10.22 18:02:31.305,2.0293,2.02955,2.40,0.80
2007.10.22 18:02:31.574,2.02925,2.02955,12.40,0.80
2007.10.22 18:02:31.787,2.02925,2.02955,10.80,1.00
2007.10.22 18:02:31.999,2.02925,2.02955,2.80,1.00
2007.10.22 18:02:32.403,2.02925,2.02955,2.80,15.30
2007.10.22 18:02:32.616,2.02925,2.0295,10.80,6.40
2007.10.22 18:02:32.884,2.02925,2.02945,10.80,0.80
2007.10.22 18:02:33.152,2.02925,2.02945,2.80,0.90
2007.10.22 18:02:33.420,2.02925,2.0294,2.80,4.00
2007.10.22 18:02:33.688,2.02925,2.0294,2.00,4.00
2007.10.22 18:02:33.926,2.02915,2.0294,12.40,4.00
2007.10.22 18:02:34.164,2.02915,2.0294,10.40,6.40
2007.10.22 18:02:34.402,2.02915,2.0294,10.40,6.40
2007.10.22 18:02:34.640,2.02915,2.0294,10.40,6.40
2007.10.22 18:02:34.861,2.02915,2.0294,11.20,6.40
2007.10.22 18:02:35.079,2.02915,2.0294,17.60,6.40
2007.10.22 18:02:35.358,2.02925,2.0294,0.90,6.40
2007.10.22 18:02:35.575,2.0292,2.0294,2.40,6.40
2007.10.22 18:02:35.793,2.0292,2.0294,3.20,6.40
2007.10.22 18:02:36.082,2.02925,2.02945,14.00,0.60
2007.10.22 18:02:36.370,2.02925,2.02945,14.00,0.60
2007.10.22 18:02:36.658,2.02925,2.02945,14.00,0.60
2007.10.22 18:02:36.865,2.02925,2.0295,15.60,6.40
2007.10.22 18:02:37.073,2.02935,2.0295,8.00,6.40
2007.10.22 18:02:37.427,2.02935,2.0295,8.00,6.40
2007.10.22 18:02:37.636,2.02935,2.0295,8.00,6.40
2007.10.22 18:02:37.829,2.02935,2.0295,8.00,6.40
2007.10.22 18:02:38.023,2.02925,2.0295,9.60,6.40
2007.10.22 18:02:38.215,2.02925,2.0295,9.60,6.40
2007.10.22 18:02:38.408,2.02925,2.0295,9.60,6.40
2007.10.22 18:02:39.236,2.02925,2.0295,10.00,6.40
2007.10.22 18:02:40.411,2.02925,2.0295,10.00,6.40
2007.10.22 18:02:41.197,2.02925,2.0295,12.00,6.40
2007.10.22 18:02:41.530,2.02925,2.0295,15.20,6.40
2007.10.22 18:02:41.609,2.02925,2.02955,15.20,13.80
2007.10.22 18:02:41.863,2.02925,2.02955,19.20,9.80
2007.10.22 18:02:41.975,2.0293,2.02955,2.40,9.80
2007.10.22 18:02:42.913,2.0293,2.0295,2.40,0.70
2007.10.22 18:02:43.136,2.0293,2.0295,2.40,0.70
2007.10.22 18:02:43.371,2.02925,2.0295,14.00,0.70
2007.10.22 18:02:43.593,2.02925,2.02955,11.60,24.10
2007.10.22 18:02:43.948,2.02925,2.02955,11.60,32.10
2007.10.22 18:02:44.221,2.02925,2.02945,8.00,0.60
2007.10.22 18:02:44.494,2.02925,2.0295,13.20,7.00
2007.10.22 18:02:44.767,2.02925,2.0295,14.80,0.80
2007.10.22 18:02:45.113,2.0293,2.02955,2.40,21.80
2007.10.22 18:02:45.424,2.0293,2.02955,2.40,21.80
2007.10.22 18:02:50.458,2.0293,2.02955,2.40,21.80
2007.10.22 18:02:51.268,2.0293,2.0295,2.40,0.70
2007.10.22 18:02:55.483,2.0293,2.02955,2.40,21.80
2007.10.22 18:02:56.103,2.0293,2.02955,2.40,21.80
2007.10.22 18:02:56.426,2.0293,2.0295,2.40,0.70
2007.10.22 18:02:56.685,2.0293,2.02955,2.40,17.80
2007.10.22 18:02:56.944,2.0293,2.02955,2.40,9.80
2007.10.22 18:02:57.784,2.0293,2.02955,2.40,9.80
2007.10.22 18:02:57.957,2.0293,2.02955,2.40,9.80
2007.10.22 18:02:58.313,2.0293,2.02955,2.40,9.80
2007.10.22 18:02:58.547,2.0293,2.02955,2.40,9.80
2007.10.22 18:02:58.841,2.0293,2.02955,2.40,9.80
2007.10.22 18:02:59.133,2.0293,2.02955,2.40,9.80
2007.10.22 18:02:59.446,2.0293,2.0295,2.40,0.90
2007.10.22 18:02:59.738,2.0293,2.02955,2.40,9.80
2007.10.22 18:03:00.255,2.0293,2.02955,2.40,9.80
2007.10.22 18:03:00.477,2.02935,2.0295,0.80,0.70
2007.10.22 18:03:00.701,2.0294,2.0296,2.40,8.40
2007.10.22 18:03:00.824,2.0294,2.0296,2.40,0.80
2007.10.22 18:03:00.976,2.0294,2.02965,2.40,17.80
2007.10.22 18:03:01.099,2.02945,2.02965,0.80,17.00
2007.10.22 18:03:02.017,2.02945,2.02965,0.80,17.00
2007.10.22 18:03:02.437,2.02945,2.02965,0.80,17.00
2007.10.22 18:03:02.851,2.02945,2.02965,0.80,9.00
2007.10.22 18:03:03.685,2.02945,2.02965,0.80,9.00
2007.10.22 18:03:03.985,2.02945,2.02965,4.80,9.00
2007.10.22 18:03:04.196,2.02945,2.0296,0.80,0.50
2007.10.22 18:03:04.899,2.0295,2.02965,2.40,5.00
2007.10.22 18:03:05.062,2.0295,2.0297,2.40,11.40
2007.10.22 18:03:05.225,2.0295,2.0297,2.40,9.00
2007.10.22 18:03:05.388,2.0295,2.0297,2.40,9.00
2007.10.22 18:03:05.874,2.0295,2.0297,2.40,9.00
2007.10.22 18:03:08.120,2.0295,2.0297,2.40,9.00
2007.10.22 18:03:10.551,2.0295,2.02965,2.40,2.60
2007.10.22 18:03:12.673,2.0295,2.0297,2.40,9.00
2007.10.22 18:03:15.579,2.0295,2.0297,2.40,9.00
2007.10.22 18:03:16.907,2.0295,2.02965,2.40,0.50
2007.10.22 18:03:17.122,2.0295,2.0297,2.40,9.00
2007.10.22 18:03:18.522,2.0295,2.0297,2.40,9.00
2007.10.22 18:03:20.601,2.0295,2.0297,2.40,9.00
2007.10.22 18:03:23.436,2.0295,2.0297,2.40,9.00
2007.10.22 18:03:25.634,2.0295,2.0297,2.40,9.00
2007.10.22 18:03:27.886,2.0295,2.0297,2.40,9.00
2007.10.22 18:03:28.469,2.0295,2.02965,2.40,0.60
2007.10.22 18:03:29.575,2.0295,2.02965,2.40,0.90
2007.10.22 18:03:30.651,2.0295,2.0297,2.40,9.00
2007.10.22 18:03:31.632,2.02945,2.0297,8.80,9.00
2007.10.22 18:03:32.914,2.02945,2.0297,16.80,9.00
2007.10.22 18:03:33.534,2.02945,2.02965,12.80,0.50
2007.10.22 18:03:35.677,2.02945,2.0297,12.80,9.00
2007.10.22 18:03:35.921,2.02945,2.0297,4.80,9.00
2007.10.22 18:03:40.702,2.02945,2.0297,4.80,9.00
2007.10.22 18:03:41.016,2.02945,2.02965,8.80,0.70
2007.10.22 18:03:41.260,2.02945,2.0297,16.80,9.00
2007.10.22 18:03:41.946,2.02945,2.02965,8.80,0.50
2007.10.22 18:03:42.949,2.02945,2.02965,8.80,0.50
2007.10.22 18:03:43.445,2.02945,2.02965,12.80,2.60
2007.10.22 18:03:45.735,2.02945,2.02965,12.80,2.60
2007.10.22 18:03:50.155,2.02945,2.02965,20.80,2.60
2007.10.22 18:03:50.369,2.02945,2.02965,12.80,2.60
2007.10.22 18:03:50.757,2.02945,2.02965,12.80,2.60
2007.10.22 18:03:51.213,2.02945,2.02965,20.80,2.60
2007.10.22 18:03:55.780,2.02945,2.02965,20.80,2.60
2007.10.22 18:04:00.405,2.02945,2.02965,11.20,2.00
2007.10.22 18:04:00.795,2.02945,2.02965,11.20,2.00
2007.10.22 18:04:01.026,2.02945,2.02965,11.20,2.00
2007.10.22 18:04:01.217,2.02945,2.02965,7.20,2.00
2007.10.22 18:04:01.622,2.02945,2.02965,11.20,2.00
2007.10.22 18:04:05.824,2.02945,2.02965,11.20,2.00
2007.10.22 18:04:10.843,2.02945,2.02965,11.20,2.00
2007.10.22 18:04:11.454,2.02945,2.02965,19.20,2.00
2007.10.22 18:04:15.860,2.02945,2.02965,19.20,2.00
2007.10.22 18:04:18.019,2.02945,2.02965,1.80,2.00
2007.10.22 18:04:20.435,2.02945,2.02965,4.10,2.00
2007.10.22 18:04:20.880,2.02945,2.02965,3.70,2.00
2007.10.22 18:04:22.327,2.0294,2.02965,19.20,2.60
2007.10.22 18:04:22.640,2.0294,2.02965,19.20,2.60
2007.10.22 18:04:25.908,2.0294,2.02965,19.20,2.60
2007.10.22 18:04:29.956,2.0294,2.02965,27.20,2.60
2007.10.22 18:04:30.925,2.0294,2.02965,27.20,2.60
2007.10.22 18:04:31.879,2.02935,2.02965,36.30,2.60
2007.10.22 18:04:32.061,2.02935,2.02965,36.30,2.60
2007.10.22 18:04:34.134,2.02935,2.02965,35.90,3.00
2007.10.22 18:04:34.775,2.02945,2.02965,1.20,3.00
2007.10.22 18:04:35.948,2.02935,2.02965,35.90,3.00
2007.10.22 18:04:37.142,2.02945,2.02965,0.60,0.50
2007.10.22 18:04:37.691,2.02945,2.02965,0.80,0.50
2007.10.22 18:04:37.954,2.02935,2.02985,35.90,43.50
2007.10.22 18:04:40.386,2.02945,2.02975,2.20,15.00
2007.10.22 18:04:40.528,2.02945,2.02975,1.10,15.00
2007.10.22 18:04:40.671,2.02935,2.02975,36.80,15.00
2007.10.22 18:04:40.854,2.0294,2.0297,21.60,8.80
2007.10.22 18:04:41.067,2.0294,2.0297,21.60,8.80
2007.10.22 18:04:41.280,2.02945,2.0297,3.80,8.80
2007.10.22 18:04:41.493,2.0294,2.0297,25.60,8.80
2007.10.22 18:04:41.929,2.0294,2.0297,25.60,8.80
2007.10.22 18:04:42.242,2.0295,2.0297,3.60,8.80
2007.10.22 18:04:42.555,2.0295,2.0297,6.00,8.80
2007.10.22 18:04:42.868,2.0295,2.0297,10.00,8.80
2007.10.22 18:04:43.222,2.0295,2.0297,6.00,8.80
2007.10.22 18:04:43.769,2.02955,2.0297,1.30,8.80
2007.10.22 18:04:43.994,2.02955,2.0297,1.30,8.80
2007.10.22 18:04:44.217,2.0295,2.0297,6.40,8.80
2007.10.22 18:04:45.362,2.02955,2.0297,1.60,8.80
2007.10.22 18:04:45.556,2.02955,2.0297,1.60,8.80
2007.10.22 18:04:45.748,2.02955,2.0297,2.40,8.80
2007.10.22 18:04:45.941,2.02955,2.0297,6.40,8.80
2007.10.22 18:04:46.173,2.02955,2.0297,14.40,8.80
2007.10.22 18:04:46.481,2.02955,2.0297,10.40,8.80
2007.10.22 18:04:46.800,2.02955,2.0297,14.40,8.80
2007.10.22 18:04:49.466,2.02955,2.0297,12.80,8.80
2007.10.22 18:04:49.679,2.02955,2.02975,12.80,3.00
2007.10.22 18:04:49.862,2.02955,2.02975,19.30,2.00
2007.10.22 18:04:50.044,2.02955,2.02985,22.10,9.00
2007.10.22 18:04:50.227,2.02955,2.02985,22.10,1.00
2007.10.22 18:04:50.409,2.02965,2.02985,1.60,1.00
2007.10.22 18:04:51.016,2.02965,2.02985,1.60,1.00
2007.10.22 18:04:52.168,2.02965,2.02985,1.60,1.00
2007.10.22 18:04:55.708,2.02965,2.02985,1.60,1.00
2007.10.22 18:04:55.970,2.02965,2.02985,1.60,9.00
2007.10.22 18:04:56.190,2.02965,2.02985,1.60,1.00
2007.10.22 18:04:58.160,2.02965,2.02985,1.60,9.00
2007.10.22 18:05:00.765,2.02965,2.02985,1.60,9.00
2007.10.22 18:05:01.007,2.02965,2.02985,1.60,1.00
2007.10.22 18:05:02.359,2.02965,2.02985,1.60,1.00
2007.10.22 18:05:02.736,2.02965,2.0299,1.60,8.80
2007.10.22 18:05:03.019,2.02965,2.0299,3.60,8.80
2007.10.22 18:05:04.274,2.02965,2.0299,5.20,8.80
2007.10.22 18:05:05.941,2.02965,2.0299,13.80,8.80
2007.10.22 18:05:06.254,2.02965,2.02995,13.80,17.40
2007.10.22 18:05:06.567,2.02965,2.02995,4.30,3.00
2007.10.22 18:05:06.880,2.02965,2.02995,12.30,3.00
2007.10.22 18:05:07.147,2.02975,2.02995,1.60,2.00
2007.10.22 18:05:07.415,2.02975,2.02995,1.60,1.00
2007.10.22 18:05:07.682,2.02975,2.02995,1.60,1.00
2007.10.22 18:05:07.951,2.02975,2.03,2.00,4.00
2007.10.22 18:05:08.268,2.02975,2.03,2.00,4.00
2007.10.22 18:05:08.515,2.02975,2.03,10.00,4.00
2007.10.22 18:05:08.763,2.02985,2.03,1.60,4.00
2007.10.22 18:05:09.011,2.02985,2.03,1.60,4.00
2007.10.22 18:05:09.214,2.02985,2.03,1.60,4.00
2007.10.22 18:05:09.416,2.02985,2.03,1.60,4.00
2007.10.22 18:05:09.700,2.02985,2.03,1.60,8.80
2007.10.22 18:05:10.253,2.02985,2.03,1.60,8.80
2007.10.22 18:05:11.115,2.02985,2.03,1.60,8.80
2007.10.22 18:05:12.680,2.02985,2.03,1.60,8.80
2007.10.22 18:05:12.908,2.02985,2.03,1.60,8.80
2007.10.22 18:05:13.135,2.02985,2.03,1.60,8.80
2007.10.22 18:05:13.655,2.02985,2.03,1.60,8.80
2007.10.22 18:05:14.161,2.02985,2.03,1.60,8.80
2007.10.22 18:05:16.140,2.02985,2.03,1.60,8.80
2007.10.22 18:05:17.437,2.02985,2.03,1.60,8.80
2007.10.22 18:05:17.909,2.02985,2.03,1.60,8.80
2007.10.22 18:05:18.211,2.02985,2.03005,1.60,9.40
2007.10.22 18:05:18.408,2.02985,2.03005,1.60,3.00
2007.10.22 18:05:18.606,2.02985,2.03005,3.20,2.00
2007.10.22 18:05:18.804,2.02985,2.03005,3.20,14.00
2007.10.22 18:05:19.002,2.02985,2.03005,3.20,6.00
2007.10.22 18:05:19.200,2.02975,2.03005,22.40,3.00
2007.10.22 18:05:19.397,2.02985,2.03005,1.60,3.00
2007.10.22 18:05:19.720,2.02985,2.03005,1.60,1.00
2007.10.22 18:05:20.499,2.02975,2.03005,22.40,1.00
2007.10.22 18:05:21.162,2.02975,2.03005,22.40,1.00
2007.10.22 18:05:24.956,2.02975,2.03005,22.60,1.00
2007.10.22 18:05:26.185,2.02975,2.03005,22.60,1.00
2007.10.22 18:05:27.180,2.02975,2.03005,18.60,1.00
2007.10.22 18:05:27.463,2.02975,2.03,14.80,4.00
2007.10.22 18:05:27.747,2.02975,2.03,14.80,6.40
2007.10.22 18:05:27.919,2.02975,2.03,14.80,8.80
2007.10.22 18:05:28.976,2.02975,2.03,14.80,8.80
2007.10.22 18:05:29.392,2.02975,2.03,14.80,8.80
2007.10.22 18:05:29.646,2.02975,2.03,15.30,8.80
2007.10.22 18:05:29.853,2.0298,2.03005,2.40,7.00
2007.10.22 18:05:30.061,2.02985,2.03005,1.60,2.00
2007.10.22 18:05:30.269,2.02985,2.03005,2.00,2.00
2007.10.22 18:05:30.477,2.02985,2.0301,5.60,6.40
2007.10.22 18:05:30.685,2.02985,2.0301,5.60,6.40
2007.10.22 18:05:30.943,2.02985,2.0301,8.80,6.40
2007.10.22 18:05:31.206,2.02985,2.0301,8.80,6.40
2007.10.22 18:05:31.465,2.0299,2.0301,2.40,6.40
2007.10.22 18:05:31.722,2.0299,2.0301,2.40,6.40
2007.10.22 18:05:32.336,2.0299,2.0301,2.40,6.40
2007.10.22 18:05:32.615,2.0299,2.0301,2.40,6.40
2007.10.22 18:05:32.893,2.0299,2.0301,2.40,6.40
2007.10.22 18:05:33.691,2.0299,2.0301,2.40,2.40
2007.10.22 18:05:34.725,2.0299,2.0301,2.40,2.40
2007.10.22 18:05:36.230,2.0299,2.0301,2.40,2.40
2007.10.22 18:05:36.595,2.0299,2.0301,2.40,2.40
2007.10.22 18:05:37.536,2.0299,2.0301,2.40,2.40
2007.10.22 18:05:37.824,2.03005,2.03015,1.60,11.00
2007.10.22 18:05:38.113,2.03005,2.03015,1.60,2.00
2007.10.22 18:05:38.290,2.03005,2.03015,1.60,2.00
2007.10.22 18:05:38.468,2.03005,2.03015,1.60,2.00
2007.10.22 18:05:38.759,2.03005,2.0302,1.60,2.40
2007.10.22 18:05:39.889,2.03005,2.0302,2.00,2.40
2007.10.22 18:05:40.209,2.03005,2.0302,2.00,2.40
2007.10.22 18:05:40.476,2.03,2.0302,6.80,2.40
2007.10.22 18:05:40.726,2.03,2.0302,6.80,2.40
2007.10.22 18:05:41.046,2.03,2.0302,7.10,2.40
2007.10.22 18:05:41.252,2.03005,2.0302,0.90,2.40
2007.10.22 18:05:43.235,2.03,2.0302,7.10,2.40
2007.10.22 18:05:44.662,2.03,2.0302,11.10,2.40
2007.10.22 18:05:44.824,2.03005,2.03025,5.50,3.00
2007.10.22 18:05:44.987,2.0301,2.03035,0.50,1.00
2007.10.22 18:05:45.163,2.03005,2.03035,15.50,1.00
2007.10.22 18:05:45.456,2.0301,2.03035,4.00,1.80
2007.10.22 18:05:46.273,2.0301,2.03035,4.00,1.80
2007.10.22 18:05:50.859,2.03015,2.03035,0.90,1.80
2007.10.22 18:05:51.297,2.0301,2.03035,4.00,1.80
2007.10.22 18:05:51.577,2.03015,2.03035,1.10,1.80
2007.10.22 18:05:52.943,2.0301,2.03035,4.00,1.80
2007.10.22 18:05:53.360,2.0301,2.03035,4.00,1.80
2007.10.22 18:05:56.328,2.0301,2.03035,4.00,1.80
2007.10.22 18:05:57.050,2.03015,2.03035,0.70,9.80
2007.10.22 18:05:58.748,2.0301,2.03035,4.00,9.80
2007.10.22 18:05:58.967,2.03015,2.03035,0.60,9.00
2007.10.22 18:05:59.358,2.03015,2.03035,0.60,9.00
2007.10.22 18:05:59.575,2.0301,2.03035,4.00,1.00
2007.10.22 18:05:59.794,2.0301,2.03035,4.00,1.00
2007.10.22 18:06:00.013,2.0301,2.0304,4.00,2.40
2007.10.22 18:06:00.805,2.03015,2.03035,0.70,1.00
2007.10.22 18:06:01.350,2.03015,2.03035,0.80,1.00
2007.10.22 18:06:01.547,2.0301,2.03035,4.00,1.00
2007.10.22 18:06:01.935,2.0301,2.03035,0.60,1.00
2007.10.22 18:06:02.258,2.03005,2.03035,29.80,1.00
2007.10.22 18:06:02.580,2.03015,2.0304,2.00,2.40
2007.10.22 18:06:02.905,2.0302,2.0304,1.40,2.40
2007.10.22 18:06:03.091,2.0302,2.0304,1.50,2.40
2007.10.22 18:06:03.278,2.03015,2.0304,15.10,2.40
2007.10.22 18:06:03.466,2.03015,2.0304,17.10,2.40
2007.10.22 18:06:06.372,2.03015,2.0304,17.10,2.40
2007.10.22 18:06:07.832,2.03015,2.0304,17.20,2.40
2007.10.22 18:06:09.532,2.0302,2.0304,1.20,2.40
2007.10.22 18:06:10.179,2.0302,2.0304,0.50,2.40
2007.10.22 18:06:10.340,2.0302,2.0304,1.10,2.40
2007.10.22 18:06:10.498,2.03015,2.0304,16.40,2.40
2007.10.22 18:06:10.655,2.0302,2.0304,1.40,2.40
2007.10.22 18:06:10.816,2.0302,2.0304,1.50,2.40
2007.10.22 18:06:11.034,2.03015,2.0304,8.40,2.40
2007.10.22 18:06:11.368,2.0302,2.0304,1.00,2.40
2007.10.22 18:06:12.492,2.03015,2.0304,16.40,2.40
2007.10.22 18:06:12.735,2.0302,2.0304,0.80,2.40
2007.10.22 18:06:12.978,2.0302,2.0304,0.50,2.40
2007.10.22 18:06:13.220,2.03015,2.0304,28.10,2.40
2007.10.22 18:06:13.741,2.0302,2.0304,1.00,2.40
2007.10.22 18:06:13.954,2.03015,2.0304,24.10,2.40
2007.10.22 18:06:15.135,2.03015,2.0304,32.10,2.40
2007.10.22 18:06:16.427,2.0302,2.0304,1.90,2.40
2007.10.22 18:06:16.828,2.03015,2.0304,30.80,2.40
2007.10.22 18:06:17.071,2.03015,2.0304,31.40,2.40
2007.10.22 18:06:17.314,2.03015,2.0304,32.80,2.40
2007.10.22 18:06:18.984,2.0302,2.0304,2.50,2.40
2007.10.22 18:06:21.448,2.03015,2.0304,32.80,2.40
2007.10.22 18:06:22.455,2.03015,2.0304,32.80,2.40
2007.10.22 18:06:24.140,2.03015,2.0304,24.80,2.40
2007.10.22 18:06:26.468,2.0302,2.0304,2.80,2.40
2007.10.22 18:06:26.956,2.0302,2.0304,2.70,2.40
2007.10.22 18:06:29.741,2.0302,2.0304,1.20,2.40
2007.10.22 18:06:29.918,2.03015,2.0304,32.80,2.40
2007.10.22 18:06:30.822,2.0302,2.0304,1.60,2.40
2007.10.22 18:06:31.025,2.0303,2.03045,1.10,11.00
2007.10.22 18:06:31.228,2.03025,2.03045,4.80,11.00
2007.10.22 18:06:31.490,2.03025,2.03045,4.80,11.00
2007.10.22 18:06:31.693,2.0303,2.03045,0.60,11.00
2007.10.22 18:06:32.853,2.0302,2.03045,6.40,11.00
2007.10.22 18:06:33.007,2.03015,2.03045,31.00,11.00
2007.10.22 18:06:33.160,2.0302,2.03035,1.40,1.00
2007.10.22 18:06:33.312,2.03015,2.03035,22.50,1.00
2007.10.22 18:06:33.769,2.03015,2.03035,20.50,3.00
2007.10.22 18:06:34.804,2.0302,2.03035,2.90,3.00
2007.10.22 18:06:35.825,2.0302,2.03035,7.70,3.00
2007.10.22 18:06:36.113,2.0302,2.03035,9.40,2.00
2007.10.22 18:06:36.401,2.0303,2.03035,0.60,2.00
2007.10.22 18:06:36.796,2.0303,2.03035,1.00,2.00
2007.10.22 18:06:37.064,2.03025,2.03045,6.80,2.00
2007.10.22 18:06:37.332,2.0303,2.03045,0.90,2.00
2007.10.22 18:06:37.943,2.0303,2.03045,2.20,2.00
2007.10.22 18:06:38.181,2.0303,2.03045,2.20,2.00
2007.10.22 18:06:38.419,2.0303,2.0305,2.20,2.40
2007.10.22 18:06:39.176,2.0303,2.0305,2.20,2.40
2007.10.22 18:06:39.848,2.0303,2.0305,2.20,2.40
2007.10.22 18:06:40.046,2.0303,2.0305,2.20,2.40
2007.10.22 18:06:40.243,2.0303,2.0305,2.20,2.40
2007.10.22 18:06:40.441,2.0303,2.0305,4.60,2.40
2007.10.22 18:06:40.639,2.0303,2.0305,4.60,2.40
2007.10.22 18:06:40.837,2.0303,2.0305,4.60,2.40
2007.10.22 18:06:41.035,2.0303,2.0305,4.60,2.40
2007.10.22 18:06:41.318,2.0303,2.0305,2.20,2.40
2007.10.22 18:06:41.601,2.0303,2.0305,2.20,2.40
2007.10.22 18:06:42.585,2.0303,2.0305,2.20,2.40
2007.10.22 18:06:42.935,2.0303,2.0305,2.20,2.40
2007.10.22 18:06:43.197,2.0303,2.0305,2.20,2.40
2007.10.22 18:06:44.136,2.0303,2.0305,2.20,2.40
2007.10.22 18:06:44.935,2.0303,2.03055,2.20,20.60
2007.10.22 18:06:44.980,2.0303,2.03055,2.20,20.60
2007.10.22 18:06:45.143,2.0303,2.03055,2.20,20.60
2007.10.22 18:06:45.397,2.0303,2.03055,2.20,28.50
2007.10.22 18:06:45.560,2.03025,2.0305,2.00,3.40
2007.10.22 18:06:45.723,2.03025,2.03045,2.00,0.70
2007.10.22 18:06:45.886,2.03025,2.03045,2.00,0.50
2007.10.22 18:06:46.048,2.03025,2.03045,2.00,0.50
2007.10.22 18:06:46.555,2.03025,2.0305,2.00,3.40
2007.10.22 18:06:47.220,2.0302,2.03045,2.20,0.50
2007.10.22 18:06:49.184,2.03025,2.0305,0.60,3.40
2007.10.22 18:06:49.422,2.03025,2.0305,8.70,3.40
2007.10.22 18:06:49.660,2.03025,2.03045,0.70,0.70
2007.10.22 18:06:49.898,2.03025,2.0305,0.80,3.40
2007.10.22 18:06:50.137,2.03025,2.0305,2.40,0.70
2007.10.22 18:06:50.424,2.03025,2.03055,2.40,28.50
2007.10.22 18:06:50.712,2.0302,2.0305,5.40,3.40
2007.10.22 18:06:51.000,2.0302,2.0305,2.20,3.40
2007.10.22 18:06:51.575,2.0302,2.0305,2.20,3.40
2007.10.22 18:06:52.149,2.03025,2.03045,2.00,0.60
2007.10.22 18:06:52.372,2.0302,2.0305,2.20,3.40
2007.10.22 18:06:52.640,2.0302,2.0305,2.20,3.40
2007.10.22 18:06:53.813,2.0302,2.0305,2.20,3.40
2007.10.22 18:06:53.966,2.0302,2.0305,2.20,3.40
2007.10.22 18:06:54.351,2.0302,2.0305,2.20,3.40
2007.10.22 18:06:54.574,2.03025,2.03045,0.50,0.90
2007.10.22 18:06:54.797,2.03025,2.0305,0.50,3.40
2007.10.22 18:06:55.020,2.0302,2.0305,2.20,3.40
2007.10.22 18:06:55.290,2.0302,2.0305,2.20,3.40
2007.10.22 18:06:56.222,2.0302,2.03045,2.20,0.70
2007.10.22 18:06:56.600,2.0302,2.0305,2.20,3.40
2007.10.22 18:06:56.813,2.0302,2.03045,2.20,0.60
2007.10.22 18:06:56.991,2.0302,2.03045,2.20,0.50
2007.10.22 18:06:57.168,2.0302,2.0305,2.20,8.20
2007.10.22 18:06:57.346,2.0302,2.0305,2.20,10.20
2007.10.22 18:06:57.634,2.0302,2.03045,2.40,6.20
2007.10.22 18:07:00.238,2.03025,2.03045,0.50,6.20
2007.10.22 18:07:00.465,2.03025,2.0304,0.50,0.90
2007.10.22 18:07:00.809,2.03025,2.03045,0.50,6.20
2007.10.22 18:07:00.997,2.03025,2.03045,8.50,6.20
2007.10.22 18:07:01.185,2.03025,2.03045,0.50,6.20
2007.10.22 18:07:01.490,2.03025,2.03045,0.60,6.20
2007.10.22 18:07:01.677,2.03025,2.03045,0.60,6.20
2007.10.22 18:07:02.040,2.03025,2.03045,2.20,6.20
2007.10.22 18:07:02.287,2.03025,2.03045,2.20,6.20
2007.10.22 18:07:02.535,2.03025,2.0304,10.40,0.90
2007.10.22 18:07:05.077,2.03025,2.0304,9.60,0.80
2007.10.22 18:07:05.402,2.03025,2.03045,1.60,6.20
2007.10.22 18:07:05.605,2.0302,2.0304,4.80,0.50
2007.10.22 18:07:05.925,2.0302,2.0304,4.80,0.90
2007.10.22 18:07:06.259,2.0302,2.03045,4.80,6.20
2007.10.22 18:07:06.592,2.0302,2.0304,2.40,0.70
2007.10.22 18:07:07.073,2.0302,2.0304,2.40,0.80
2007.10.22 18:07:11.673,2.0302,2.03045,2.40,6.20
2007.10.22 18:07:13.788,2.0302,2.0304,2.40,2.40
2007.10.22 18:07:13.945,2.03025,2.0304,8.00,2.40
2007.10.22 18:07:14.996,2.03025,2.0304,4.10,2.40
2007.10.22 18:07:15.481,2.0302,2.0304,1.10,2.40
2007.10.22 18:07:15.784,2.0301,2.0304,16.90,2.40
2007.10.22 18:07:16.087,2.0301,2.0304,28.10,2.40
2007.10.22 18:07:16.427,2.0302,2.0304,1.60,2.40
2007.10.22 18:07:16.692,2.03015,2.0304,21.70,2.40
2007.10.22 18:07:16.961,2.03015,2.0304,21.80,2.40
2007.10.22 18:07:18.751,2.03015,2.0304,21.80,2.40
2007.10.22 18:07:18.980,2.0301,2.0304,17.80,2.40
2007.10.22 18:07:19.213,2.03015,2.0304,3.90,2.40
2007.10.22 18:07:19.445,2.0301,2.0304,25.00,2.40
2007.10.22 18:07:19.747,2.0301,2.0304,25.90,2.40
2007.10.22 18:07:19.980,2.0302,2.0304,0.80,2.40
2007.10.22 18:07:21.715,2.03015,2.0304,21.90,2.40
2007.10.22 18:07:21.898,2.03015,2.0304,23.50,2.40
2007.10.22 18:07:22.080,2.0302,2.0304,0.70,2.40
2007.10.22 18:07:23.355,2.0302,2.0304,1.30,2.40
2007.10.22 18:07:23.983,2.03015,2.0304,23.60,2.40
2007.10.22 18:07:24.195,2.0302,2.0304,0.60,2.40
2007.10.22 18:07:26.500,2.03015,2.0304,23.20,2.40
2007.10.22 18:07:26.622,2.0302,2.0304,0.80,2.40
2007.10.22 18:07:26.750,2.03015,2.0304,23.60,2.40
2007.10.22 18:07:26.925,2.03015,2.0304,23.60,2.40
2007.10.22 18:07:27.048,2.03015,2.0304,23.50,2.40
2007.10.22 18:07:27.171,2.03015,2.0304,23.60,2.40
2007.10.22 18:07:27.342,2.0302,2.0304,0.50,2.40
2007.10.22 18:07:27.465,2.03015,2.0304,23.60,2.40
2007.10.22 18:07:27.641,2.03015,2.0304,22.00,2.40
2007.10.22 18:07:27.973,2.03015,2.0304,23.60,2.40
2007.10.22 18:07:29.454,2.0302,2.0304,1.40,2.40
2007.10.22 18:07:29.876,2.03015,2.0304,23.60,2.40
2007.10.22 18:07:30.099,2.0302,2.0304,0.90,2.40
2007.10.22 18:07:31.777,2.0302,2.0304,0.70,2.40
2007.10.22 18:07:36.807,2.03015,2.0304,23.50,2.40
2007.10.22 18:07:41.828,2.03015,2.0304,23.50,2.40
2007.10.22 18:07:46.848,2.0302,2.0304,2.40,2.40
2007.10.22 18:07:51.410,2.03015,2.03045,20.20,3.00
2007.10.22 18:07:51.860,2.03015,2.03045,20.20,3.00
2007.10.22 18:07:52.445,2.0302,2.03045,2.40,3.00
2007.10.22 18:07:52.738,2.0302,2.03045,2.40,1.00
2007.10.22 18:07:56.892,2.0302,2.03045,2.40,1.00
2007.10.22 18:07:58.184,2.0302,2.0305,2.40,3.40
2007.10.22 18:08:01.617,2.0302,2.03045,2.40,0.80
2007.10.22 18:08:01.915,2.0302,2.0305,2.40,3.40
2007.10.22 18:08:02.767,2.0302,2.0305,2.40,3.40
2007.10.22 18:08:04.849,2.0302,2.0305,2.40,3.40
2007.10.22 18:08:05.508,2.0302,2.0305,2.40,3.40
2007.10.22 18:08:05.695,2.0302,2.0305,2.40,3.40
2007.10.22 18:08:05.852,2.0302,2.0305,2.40,3.40
2007.10.22 18:08:06.940,2.0302,2.0305,2.40,3.40
2007.10.22 18:08:11.327,2.03025,2.0305,1.60,3.40
2007.10.22 18:08:11.960,2.03025,2.0305,1.60,3.40
2007.10.22 18:08:12.247,2.03025,2.0305,1.60,3.40
2007.10.22 18:08:15.721,2.0302,2.0305,2.40,3.40
2007.10.22 18:08:16.978,2.0302,2.0305,2.40,3.40
2007.10.22 18:08:17.141,2.0302,2.0305,2.40,8.20
2007.10.22 18:08:17.304,2.0302,2.03045,2.40,0.80
2007.10.22 18:08:17.466,2.0302,2.0305,2.40,8.20
2007.10.22 18:08:17.629,2.0302,2.0304,2.40,0.60
2007.10.22 18:08:17.837,2.0302,2.03045,2.40,6.20
2007.10.22 18:08:18.051,2.0302,2.03045,2.40,6.40
2007.10.22 18:08:19.406,2.0302,2.0304,2.40,0.60
2007.10.22 18:08:20.642,2.0302,2.03045,2.40,14.40
2007.10.22 18:08:22.005,2.0302,2.0304,2.40,0.50
2007.10.22 18:08:22.257,2.0302,2.03045,2.40,14.40
2007.10.22 18:08:23.415,2.0302,2.03035,2.40,0.30
2007.10.22 18:08:27.034,2.0302,2.0304,2.40,2.70
2007.10.22 18:08:27.762,2.0302,2.0304,2.40,2.70
2007.10.22 18:08:32.057,2.0302,2.03035,2.40,0.30
2007.10.22 18:08:37.081,2.0302,2.0304,2.40,2.70
2007.10.22 18:08:42.110,2.0302,2.03035,2.40,0.30
2007.10.22 18:08:47.126,2.0302,2.03035,2.40,0.30
2007.10.22 18:08:49.150,2.03015,2.03045,19.60,11.30
2007.10.22 18:08:50.510,2.03015,2.03035,19.60,0.30
2007.10.22 18:08:52.152,2.03015,2.03035,19.60,0.30
2007.10.22 18:08:57.173,2.03015,2.03035,19.60,0.30
2007.10.22 18:08:57.746,2.03015,2.03035,20.40,0.30
2007.10.22 18:08:59.209,2.03015,2.03045,20.40,3.00
2007.10.22 18:09:00.414,2.03015,2.03045,20.40,3.00
2007.10.22 18:09:02.201,2.03015,2.03045,20.40,3.00
2007.10.22 18:09:02.884,2.03015,2.03045,20.00,3.00
2007.10.22 18:09:03.297,2.03015,2.03045,20.10,3.00
2007.10.22 18:09:03.539,2.03015,2.03045,20.00,3.00
2007.10.22 18:09:04.131,2.03015,2.03045,20.00,11.00
2007.10.22 18:09:05.081,2.03015,2.03045,20.00,11.00
2007.10.22 18:09:05.587,2.03015,2.0304,20.00,2.40
2007.10.22 18:09:05.831,2.03015,2.0304,13.20,2.40
2007.10.22 18:09:06.098,2.03015,2.0304,13.20,2.40
2007.10.22 18:09:06.342,2.03015,2.0304,20.80,2.40
2007.10.22 18:09:06.584,2.03015,2.0304,20.80,2.40
2007.10.22 18:09:06.837,2.0302,2.0304,2.40,2.40
2007.10.22 18:09:07.090,2.0302,2.0304,2.40,2.40
2007.10.22 18:09:10.532,2.0302,2.0304,0.60,2.40
2007.10.22 18:09:12.250,2.03015,2.0304,23.20,2.40
2007.10.22 18:09:12.803,2.03015,2.0304,23.70,2.40
2007.10.22 18:09:13.036,2.0302,2.0304,1.20,2.40
2007.10.22 18:09:17.271,2.03015,2.0304,23.20,2.40
2007.10.22 18:09:20.137,2.03015,2.03045,23.20,3.00
2007.10.22 18:09:20.391,2.03015,2.03045,23.70,1.00
2007.10.22 18:09:20.644,2.0302,2.03045,4.00,1.00
2007.10.22 18:09:21.741,2.0302,2.03045,4.00,1.00
2007.10.22 18:09:22.408,2.03025,2.03045,1.00,1.00
2007.10.22 18:09:27.322,2.03025,2.03045,0.90,1.00
2007.10.22 18:09:30.322,2.0302,2.03045,4.00,1.00
2007.10.22 18:09:31.843,2.03025,2.03045,0.50,1.00
2007.10.22 18:09:32.229,2.0302,2.03045,4.00,1.00
2007.10.22 18:09:32.422,2.0302,2.03045,4.00,1.00
2007.10.22 18:09:35.041,2.03025,2.03045,0.60,1.00
2007.10.22 18:09:35.418,2.03025,2.03045,0.70,1.00
2007.10.22 18:09:37.362,2.03025,2.03045,0.50,1.00
2007.10.22 18:09:38.418,2.03025,2.03045,1.60,9.00
2007.10.22 18:09:39.191,2.03025,2.03045,1.60,9.00
2007.10.22 18:09:39.374,2.03025,2.03045,1.60,1.00
2007.10.22 18:09:39.886,2.03025,2.03045,1.60,1.00
2007.10.22 18:09:40.144,2.03025,2.03045,1.60,1.00
2007.10.22 18:09:40.804,2.0302,2.03045,4.00,1.00
2007.10.22 18:09:40.817,2.0302,2.03045,4.00,1.00
2007.10.22 18:09:40.985,2.03025,2.03045,1.20,1.00
2007.10.22 18:09:42.382,2.0302,2.03045,4.00,1.00
2007.10.22 18:09:43.786,2.0302,2.03045,4.00,1.00
2007.10.22 18:09:43.993,2.0302,2.03045,4.00,1.00
2007.10.22 18:09:46.068,2.03025,2.03045,0.90,1.00
2007.10.22 18:09:46.296,2.0302,2.03045,4.00,1.00
2007.10.22 18:09:46.452,2.03015,2.03045,28.90,1.00
2007.10.22 18:09:46.714,2.0302,2.03045,0.50,1.00
2007.10.22 18:09:46.944,2.0302,2.03045,1.30,1.00
2007.10.22 18:09:47.252,2.03015,2.03045,24.20,1.00
2007.10.22 18:09:48.967,2.03015,2.03045,24.10,1.00
2007.10.22 18:09:51.957,2.03005,2.03045,48.10,1.00
2007.10.22 18:09:52.173,2.03005,2.03045,48.10,1.00
2007.10.22 18:09:52.429,2.03005,2.03045,48.10,1.00
2007.10.22 18:09:53.073,2.03005,2.03045,48.10,1.00
2007.10.22 18:09:57.252,2.03015,2.03045,20.90,1.00
2007.10.22 18:09:57.458,2.03025,2.03045,1.10,1.00
2007.10.22 18:09:58.698,2.03015,2.03045,21.70,1.00
2007.10.22 18:09:58.910,2.03015,2.03045,23.30,1.00
2007.10.22 18:09:59.209,2.03015,2.03045,21.70,1.00
2007.10.22 18:09:59.422,2.0302,2.0305,25.60,2.40
2007.10.22 18:09:59.670,2.0302,2.0305,25.60,2.40
2007.10.22 18:09:59.918,2.0303,2.0305,0.80,2.40
2007.10.22 18:10:00.618,2.03025,2.0305,22.80,2.40
2007.10.22 18:10:01.151,2.03025,2.0305,14.80,2.40
2007.10.22 18:10:01.425,2.0302,2.0305,14.00,2.40
2007.10.22 18:10:01.698,2.0302,2.03045,4.00,1.00
2007.10.22 18:10:02.491,2.0302,2.03045,4.00,1.00
2007.10.22 18:10:03.762,2.03025,2.03045,0.70,1.00
2007.10.22 18:10:04.041,2.0302,2.03045,4.00,1.00
2007.10.22 18:10:04.319,2.0302,2.03045,4.00,9.00
2007.10.22 18:10:04.597,2.03015,2.03045,24.10,9.00
2007.10.22 18:10:07.521,2.03015,2.03045,24.10,9.00
2007.10.22 18:10:10.160,2.0302,2.03045,2.40,1.00
2007.10.22 18:10:12.544,2.0302,2.03045,2.40,1.00
2007.10.22 18:10:12.872,2.0302,2.03045,2.40,9.00
2007.10.22 18:10:17.643,2.0302,2.03045,2.40,9.00
2007.10.22 18:10:18.759,2.0302,2.03045,2.40,9.00
2007.10.22 18:10:19.023,2.03015,2.03045,10.40,9.00
2007.10.22 18:10:19.285,2.03015,2.03045,9.60,9.00
2007.10.22 18:10:20.884,2.03015,2.03045,1.60,9.00
2007.10.22 18:10:21.093,2.03015,2.03045,1.60,1.00
2007.10.22 18:10:21.301,2.03015,2.03045,4.80,1.00
2007.10.22 18:10:21.508,2.03015,2.03045,20.10,9.00
2007.10.22 18:10:21.737,2.0302,2.03045,2.40,9.00
2007.10.22 18:10:21.945,2.0302,2.03045,2.40,1.00
2007.10.22 18:10:22.574,2.0302,2.03045,2.40,1.00
2007.10.22 18:10:25.619,2.0302,2.03045,2.40,1.00
2007.10.22 18:10:25.871,2.0302,2.03045,2.40,1.00
2007.10.22 18:10:26.123,2.0302,2.03035,2.40,0.60
2007.10.22 18:10:26.378,2.03015,2.0303,19.60,2.40
2007.10.22 18:10:26.631,2.03015,2.0303,2.00,2.40
2007.10.22 18:10:26.843,2.0301,2.0303,2.40,2.40
2007.10.22 18:10:27.056,2.03005,2.03035,11.60,3.00
2007.10.22 18:10:27.270,2.03005,2.03035,11.60,3.00
2007.10.22 18:10:27.482,2.03005,2.03035,3.60,3.00
2007.10.22 18:10:27.713,2.03005,2.03035,3.60,3.00
2007.10.22 18:10:28.001,2.03005,2.03035,3.60,3.00
2007.10.22 18:10:28.320,2.03005,2.03035,3.60,3.00
2007.10.22 18:10:29.501,2.03005,2.03035,3.60,1.00
2007.10.22 18:10:29.712,2.03005,2.03035,1.60,3.30
2007.10.22 18:10:29.926,2.03005,2.03035,1.60,3.30
2007.10.22 18:10:30.088,2.03005,2.03035,1.60,3.30
2007.10.22 18:10:30.251,2.03005,2.03035,1.60,4.90
2007.10.22 18:10:30.414,2.03005,2.03025,1.60,1.00
2007.10.22 18:10:30.576,2.03005,2.03035,3.20,26.40
2007.10.22 18:10:30.739,2.03005,2.03035,3.20,34.40
2007.10.22 18:10:30.902,2.03005,2.03025,1.60,1.00
2007.10.22 18:10:31.185,2.02995,2.03025,11.60,1.00
2007.10.22 18:10:31.468,2.02995,2.03025,10.10,1.00
2007.10.22 18:10:31.751,2.02995,2.03025,16.50,1.00
2007.10.22 18:10:32.033,2.02995,2.03025,19.30,1.00
2007.10.22 18:10:32.241,2.03005,2.03025,8.00,1.00
2007.10.22 18:10:32.448,2.03005,2.03025,9.60,1.00
2007.10.22 18:10:32.709,2.03005,2.03025,9.60,1.00
2007.10.22 18:10:32.902,2.03,2.03025,12.00,1.00
2007.10.22 18:10:32.916,2.03005,2.03025,2.90,1.00
2007.10.22 18:10:33.301,2.03,2.03025,11.10,1.00
2007.10.22 18:10:33.633,2.03005,2.03025,1.30,1.00
2007.10.22 18:10:33.967,2.0301,2.03035,2.40,3.00
2007.10.22 18:10:34.299,2.0301,2.03035,2.40,3.00
2007.10.22 18:10:34.497,2.03015,2.03035,1.60,3.00
2007.10.22 18:10:34.694,2.03015,2.03035,1.60,3.00
2007.10.22 18:10:34.892,2.03015,2.03035,1.60,3.00
2007.10.22 18:10:35.175,2.03015,2.03035,1.60,3.00
2007.10.22 18:10:35.403,2.03015,2.03035,1.60,3.00
2007.10.22 18:10:35.631,2.03015,2.03035,1.60,3.00
2007.10.22 18:10:35.859,2.03015,2.03035,1.60,2.00
2007.10.22 18:10:36.087,2.03015,2.03045,1.60,11.40
2007.10.22 18:10:36.314,2.03015,2.03045,1.60,11.30
2007.10.22 18:10:36.832,2.03015,2.03045,1.60,11.30
2007.10.22 18:10:37.241,2.03015,2.03045,1.60,11.30
2007.10.22 18:10:37.421,2.03015,2.03045,2.40,17.70
2007.10.22 18:10:37.598,2.03015,2.03045,8.80,15.80
2007.10.22 18:10:37.841,2.0302,2.03045,2.40,15.00
2007.10.22 18:10:38.020,2.0302,2.03045,2.40,11.00
2007.10.22 18:10:38.198,2.0302,2.03045,2.40,11.00
2007.10.22 18:10:38.376,2.0302,2.03045,2.40,11.00
2007.10.22 18:10:38.662,2.0302,2.03045,2.40,11.00
2007.10.22 18:10:39.187,2.0302,2.03045,2.40,9.00
2007.10.22 18:10:40.336,2.0302,2.03045,2.40,9.00
2007.10.22 18:10:41.891,2.0302,2.03045,2.40,9.00
2007.10.22 18:10:42.240,2.03025,2.03045,1.60,9.00
2007.10.22 18:10:42.519,2.03025,2.03045,1.60,9.00
2007.10.22 18:10:42.762,2.03025,2.03045,1.60,9.00
2007.10.22 18:10:42.934,2.03025,2.03045,1.60,9.00
2007.10.22 18:10:43.105,2.0302,2.03045,2.40,9.00
2007.10.22 18:10:43.941,2.0302,2.03045,2.40,1.00
2007.10.22 18:10:45.385,2.0302,2.03045,2.40,1.00
2007.10.22 18:10:46.730,2.0302,2.03045,2.40,1.00
2007.10.22 18:10:46.973,2.0302,2.03045,2.40,1.00
2007.10.22 18:10:47.216,2.0302,2.03045,2.40,9.00
2007.10.22 18:10:47.788,2.0302,2.03045,2.40,9.00
2007.10.22 18:10:48.088,2.0302,2.03045,2.40,1.00
2007.10.22 18:10:50.776,2.0302,2.0304,2.40,4.00
2007.10.22 18:10:50.964,2.0302,2.0304,2.40,4.00
2007.10.22 18:10:51.152,2.0302,2.03035,2.40,1.00
2007.10.22 18:10:51.340,2.0302,2.03035,2.40,1.00
2007.10.22 18:10:52.217,2.0302,2.03035,2.40,3.00
2007.10.22 18:10:52.818,2.0302,2.03035,2.40,3.00
2007.10.22 18:10:56.531,2.0302,2.03035,2.40,3.00
2007.10.22 18:10:56.747,2.0302,2.03035,2.40,3.00
2007.10.22 18:10:57.847,2.0302,2.03035,2.40,3.00
2007.10.22 18:10:58.298,2.0302,2.03035,2.40,3.00
2007.10.22 18:11:02.438,2.0302,2.03035,0.50,3.00
2007.10.22 18:11:02.877,2.0302,2.03035,2.40,3.00
2007.10.22 18:11:07.891,2.0302,2.03035,2.40,3.00
2007.10.22 18:11:10.808,2.0302,2.03035,2.40,3.00
2007.10.22 18:11:10.996,2.0302,2.03035,2.40,2.00
2007.10.22 18:11:11.183,2.0302,2.03035,2.40,2.00
2007.10.22 18:11:11.953,2.0302,2.03045,2.40,1.00
2007.10.22 18:11:12.910,2.0302,2.03045,2.40,1.00
2007.10.22 18:11:14.620,2.0302,2.03045,2.40,1.00
2007.10.22 18:11:14.835,2.0302,2.03045,2.40,1.00
2007.10.22 18:11:14.964,2.0302,2.03045,2.40,1.00
2007.10.22 18:11:15.328,2.0302,2.03045,2.40,1.00
2007.10.22 18:11:15.455,2.0302,2.03045,2.40,9.00
2007.10.22 18:11:15.824,2.0302,2.03045,6.40,9.00
2007.10.22 18:11:16.156,2.03025,2.03045,4.00,8.00
2007.10.22 18:11:16.490,2.0303,2.03045,2.40,8.00
2007.10.22 18:11:17.822,2.0303,2.0305,2.40,2.40
2007.10.22 18:11:19.393,2.0303,2.0305,2.40,2.40
2007.10.22 18:11:19.658,2.0303,2.0305,2.40,2.40
2007.10.22 18:11:19.786,2.0303,2.0305,2.40,2.40
2007.10.22 18:11:19.914,2.0303,2.0305,4.80,2.40
2007.10.22 18:11:20.079,2.0303,2.0305,4.80,2.40
2007.10.22 18:11:20.204,2.0303,2.0305,4.80,2.40
2007.10.22 18:11:20.387,2.0303,2.0305,4.80,2.40
2007.10.22 18:11:20.515,2.0303,2.0305,4.80,2.40
2007.10.22 18:11:20.924,2.0303,2.0305,4.80,2.40
2007.10.22 18:11:21.257,2.0303,2.0305,2.40,2.40
2007.10.22 18:11:21.590,2.0303,2.0305,2.40,2.40
2007.10.22 18:11:21.772,2.0303,2.0305,2.40,2.40
2007.10.22 18:11:21.973,2.0303,2.0305,2.40,2.40
2007.10.22 18:11:22.155,2.0303,2.0305,2.40,2.40
2007.10.22 18:11:22.339,2.0303,2.0305,2.40,2.40
2007.10.22 18:11:22.958,2.0303,2.0305,2.40,2.40
2007.10.22 18:11:23.254,2.0303,2.0305,2.40,2.40
2007.10.22 18:11:24.051,2.0303,2.03045,2.40,8.00
2007.10.22 18:11:27.060,2.0303,2.0305,2.40,2.40
2007.10.22 18:11:27.333,2.0303,2.0305,2.40,2.40
2007.10.22 18:11:27.633,2.0303,2.03045,2.40,8.00
2007.10.22 18:11:27.988,2.0303,2.03045,2.40,8.00
2007.10.22 18:11:28.466,2.0303,2.0305,2.40,2.40
2007.10.22 18:11:28.884,2.0303,2.03045,2.40,8.00
2007.10.22 18:11:29.098,2.0303,2.0305,2.40,2.40
2007.10.22 18:11:30.131,2.0303,2.0305,2.40,2.40
2007.10.22 18:11:33.023,2.0303,2.0305,2.40,2.40
2007.10.22 18:11:34.771,2.0303,2.0305,2.40,2.40
2007.10.22 18:11:35.008,2.0303,2.0305,2.40,2.40
2007.10.22 18:11:35.145,2.0303,2.0305,2.40,2.40
2007.10.22 18:11:35.397,2.0303,2.03045,2.40,8.00
2007.10.22 18:11:38.039,2.0303,2.03045,2.40,8.00
2007.10.22 18:11:38.341,2.0303,2.0305,2.40,2.40
2007.10.22 18:11:38.666,2.0303,2.0305,2.40,2.40
2007.10.22 18:11:41.813,2.0303,2.0305,2.40,2.40
2007.10.22 18:11:42.041,2.0303,2.0305,2.40,2.40
2007.10.22 18:11:42.269,2.0303,2.03045,2.40,8.00
2007.10.22 18:11:43.061,2.0303,2.03045,2.40,8.00
2007.10.22 18:11:43.893,2.0303,2.0305,2.40,2.40
2007.10.22 18:11:48.088,2.0303,2.0305,2.40,2.40
2007.10.22 18:11:53.119,2.03025,2.03055,5.20,19.00
2007.10.22 18:11:57.175,2.03025,2.03055,5.20,19.20
2007.10.22 18:11:57.352,2.03025,2.03055,5.20,19.00
2007.10.22 18:11:58.141,2.03025,2.03055,5.20,19.00
2007.10.22 18:12:03.173,2.03025,2.03055,5.20,19.00
2007.10.22 18:12:03.436,2.03025,2.03055,5.20,19.20
2007.10.22 18:12:04.768,2.03025,2.03055,5.20,0.90
2007.10.22 18:12:04.935,2.03025,2.03065,5.20,37.30
2007.10.22 18:12:05.245,2.03025,2.03065,5.20,37.50
2007.10.22 18:12:05.382,2.03025,2.03065,5.20,38.30
2007.10.22 18:12:05.565,2.03025,2.03055,5.20,19.60
2007.10.22 18:12:08.196,2.03025,2.03045,5.20,0.70
2007.10.22 18:12:11.532,2.03025,2.0305,2.00,10.40
2007.10.22 18:12:11.732,2.03015,2.03045,1.60,0.60
2007.10.22 18:12:11.945,2.03015,2.03045,1.60,0.80
2007.10.22 18:12:12.142,2.03015,2.03045,3.20,0.60
2007.10.22 18:12:12.340,2.03015,2.03045,3.20,0.80
2007.10.22 18:12:12.554,2.03015,2.0304,3.20,0.70
2007.10.22 18:12:12.899,2.03015,2.03045,3.20,28.50
2007.10.22 18:12:13.114,2.03015,2.0304,3.20,0.90
2007.10.22 18:12:13.355,2.03015,2.0304,3.20,0.70
2007.10.22 18:12:13.844,2.03015,2.03045,3.20,29.20
2007.10.22 18:12:14.374,2.03015,2.03035,1.60,0.70
2007.10.22 18:12:15.465,2.03015,2.0304,1.60,3.40
2007.10.22 18:12:16.393,2.03015,2.0304,1.60,3.40
2007.10.22 18:12:16.556,2.03015,2.03035,1.60,0.50
2007.10.22 18:12:16.919,2.03015,2.0304,1.60,3.40
2007.10.22 18:12:17.083,2.03015,2.03035,1.60,0.90
2007.10.22 18:12:17.245,2.03005,2.03035,3.60,0.70
2007.10.22 18:12:17.494,2.03005,2.03035,3.60,0.50
2007.10.22 18:12:17.966,2.03005,2.03035,1.60,0.70
2007.10.22 18:12:18.215,2.03005,2.0304,3.20,22.50
2007.10.22 18:12:18.505,2.03005,2.03035,3.20,18.50
2007.10.22 18:12:19.414,2.03005,2.0303,3.20,0.60
2007.10.22 18:12:20.150,2.03005,2.03035,3.20,20.50
2007.10.22 18:12:20.563,2.03005,2.03035,3.20,28.50
2007.10.22 18:12:20.722,2.03,2.0303,2.40,3.40
2007.10.22 18:12:22.546,2.03,2.03025,2.40,0.50
2007.10.22 18:12:23.262,2.03,2.03025,2.40,0.70
2007.10.22 18:12:27.812,2.03,2.03025,0.90,0.70
2007.10.22 18:12:27.847,2.03,2.0303,4.00,3.40
2007.10.22 18:12:28.285,2.03,2.0303,4.00,3.40
2007.10.22 18:12:30.597,2.02995,2.0303,23.90,3.40
2007.10.22 18:12:32.852,2.02995,2.03025,23.90,1.00
2007.10.22 18:12:33.021,2.03,2.03025,0.60,1.00
2007.10.22 18:12:33.307,2.02995,2.03025,23.90,1.00
2007.10.22 18:12:36.418,2.03005,2.03025,1.20,1.00
2007.10.22 18:12:37.806,2.03005,2.03025,0.60,1.00
2007.10.22 18:12:38.331,2.03,2.03025,4.00,1.00
2007.10.22 18:12:41.720,2.03,2.03025,4.00,1.00
2007.10.22 18:12:42.025,2.03,2.0303,5.60,2.40
2007.10.22 18:12:42.335,2.03005,2.03025,1.00,1.00
2007.10.22 18:12:43.350,2.03005,2.03025,0.50,1.00
2007.10.22 18:12:47.852,2.03,2.0303,5.60,2.40
2007.10.22 18:12:48.366,2.03,2.0303,5.60,2.40
2007.10.22 18:12:53.401,2.02995,2.03035,20.70,25.30
2007.10.22 18:12:54.948,2.02995,2.03035,20.80,25.30
2007.10.22 18:12:55.110,2.03005,2.03035,1.30,25.30
2007.10.22 18:12:55.279,2.02995,2.03035,22.70,25.30
2007.10.22 18:12:55.442,2.02995,2.03035,27.00,17.30
2007.10.22 18:12:55.771,2.03005,2.03035,16.10,3.00
2007.10.22 18:12:56.099,2.0302,2.03035,2.40,3.00
2007.10.22 18:12:56.427,2.0302,2.03035,2.40,2.00
2007.10.22 18:12:57.080,2.0302,2.03045,2.40,11.00
2007.10.22 18:12:57.328,2.0302,2.03045,2.40,11.00
2007.10.22 18:12:57.577,2.0302,2.03045,2.40,9.00
2007.10.22 18:12:57.834,2.0302,2.03045,2.40,9.00
2007.10.22 18:12:58.424,2.0302,2.03045,2.40,9.00
2007.10.22 18:12:58.685,2.0302,2.03045,2.40,9.00
2007.10.22 18:12:58.974,2.0302,2.03045,2.40,9.00
2007.10.22 18:12:59.222,2.03035,2.03045,0.60,9.00
2007.10.22 18:12:59.470,2.03035,2.03045,0.60,1.00
2007.10.22 18:12:59.810,2.03035,2.03045,0.50,1.00
2007.10.22 18:13:00.018,2.03035,2.03045,0.50,1.00
2007.10.22 18:13:00.847,2.03035,2.03045,0.50,1.00
2007.10.22 18:13:00.993,2.03035,2.03045,0.50,1.00
2007.10.22 18:13:01.138,2.03035,2.0305,0.50,2.40
2007.10.22 18:13:01.610,2.03035,2.0305,0.50,2.40
2007.10.22 18:13:01.888,2.0303,2.0305,2.40,2.40
2007.10.22 18:13:02.651,2.0303,2.0305,2.40,2.40
2007.10.22 18:13:03.444,2.0303,2.0305,2.40,2.40
2007.10.22 18:13:04.335,2.0303,2.0305,2.40,2.40
2007.10.22 18:13:04.623,2.0303,2.0305,2.40,2.40
2007.10.22 18:13:04.911,2.0303,2.0305,2.40,2.40
2007.10.22 18:13:08.280,2.0303,2.0305,2.40,2.40
2007.10.22 18:13:08.465,2.0303,2.0305,2.40,2.40
2007.10.22 18:13:09.100,2.03025,2.0305,14.00,2.40
2007.10.22 18:13:09.394,2.03025,2.0305,5.20,2.40
2007.10.22 18:13:09.687,2.03025,2.03045,3.60,1.00
2007.10.22 18:13:11.264,2.03025,2.03045,1.60,1.00
2007.10.22 18:13:12.099,2.03025,2.03045,1.60,1.00
2007.10.22 18:13:12.318,2.03025,2.03045,1.60,1.00
2007.10.22 18:13:12.622,2.03025,2.03045,1.60,1.00
2007.10.22 18:13:12.840,2.03025,2.03045,1.60,1.00
2007.10.22 18:13:13.493,2.03025,2.03045,1.60,1.00
2007.10.22 18:13:14.179,2.03025,2.03045,1.60,1.00
2007.10.22 18:13:15.736,2.03025,2.03045,1.60,1.00
2007.10.22 18:13:15.884,2.03025,2.03045,1.60,1.00
2007.10.22 18:13:16.031,2.03025,2.03045,1.60,9.00
2007.10.22 18:13:16.219,2.03025,2.03045,1.60,9.00
2007.10.22 18:13:16.407,2.03025,2.03045,1.60,9.00
2007.10.22 18:13:17.355,2.03025,2.0305,1.60,12.20
2007.10.22 18:13:17.725,2.03025,2.0305,1.60,11.40
2007.10.22 18:13:17.983,2.03025,2.0305,1.60,3.40
2007.10.22 18:13:18.242,2.03025,2.03045,1.60,0.70
2007.10.22 18:13:18.517,2.03025,2.03045,1.60,0.90
2007.10.22 18:13:22.736,2.03025,2.03045,1.60,0.60
2007.10.22 18:13:22.919,2.03025,2.03045,3.60,0.70
2007.10.22 18:13:23.191,2.03025,2.03045,11.60,0.60
2007.10.22 18:13:23.539,2.03025,2.0305,11.60,3.40
2007.10.22 18:13:23.798,2.03025,2.0305,9.60,3.40
2007.10.22 18:13:24.308,2.03025,2.0305,10.10,3.40
2007.10.22 18:13:24.580,2.03025,2.03045,10.20,0.80
2007.10.22 18:13:25.105,2.03025,2.03045,11.00,0.70
2007.10.22 18:13:25.378,2.03025,2.03055,12.60,23.00
2007.10.22 18:13:25.575,2.03025,2.0305,14.60,0.80
2007.10.22 18:13:25.773,2.0303,2.03055,2.40,22.20
2007.10.22 18:13:27.505,2.0303,2.0305,2.40,0.50
2007.10.22 18:13:27.752,2.0303,2.03055,2.40,22.20
2007.10.22 18:13:27.942,2.0303,2.03055,2.40,14.20
2007.10.22 18:13:28.557,2.0303,2.0305,2.40,0.50
2007.10.22 18:13:31.438,2.03035,2.0305,0.50,0.80
2007.10.22 18:13:31.582,2.0303,2.0305,2.40,0.70
2007.10.22 18:13:31.725,2.0303,2.0305,2.40,0.70
2007.10.22 18:13:33.582,2.0303,2.03055,2.40,14.20
2007.10.22 18:13:37.107,2.0303,2.03055,2.40,14.20
2007.10.22 18:13:37.285,2.0303,2.0305,2.40,0.60
2007.10.22 18:13:38.144,2.0303,2.0305,2.40,0.50
2007.10.22 18:13:38.393,2.03035,2.03055,0.80,5.40
2007.10.22 18:13:39.184,2.03035,2.03055,0.80,5.40
2007.10.22 18:13:39.400,2.03035,2.0305,0.80,0.80
2007.10.22 18:13:39.610,2.0303,2.03055,3.20,5.40
2007.10.22 18:13:39.813,2.03025,2.03055,19.60,12.60
2007.10.22 18:13:40.038,2.03025,2.03055,17.20,12.60
2007.10.22 18:13:40.389,2.03025,2.03055,16.60,12.60
2007.10.22 18:13:43.638,2.03025,2.03055,16.60,12.60
2007.10.22 18:13:45.891,2.03025,2.0305,16.60,2.40
2007.10.22 18:13:46.179,2.03025,2.0305,16.40,2.40
2007.10.22 18:13:46.370,2.0303,2.0305,1.10,2.40
2007.10.22 18:13:46.553,2.03025,2.0305,16.40,2.40
2007.10.22 18:13:47.656,2.03025,2.0305,16.50,2.40
2007.10.22 18:13:47.979,2.0303,2.0305,1.10,2.40
2007.10.22 18:13:48.655,2.0303,2.0305,0.70,2.40
2007.10.22 18:13:48.841,2.0303,2.0305,1.40,2.40
2007.10.22 18:13:50.025,2.03025,2.0305,16.60,2.40
2007.10.22 18:13:50.187,2.0303,2.0305,2.60,2.40
2007.10.22 18:13:50.418,2.0303,2.0305,2.60,2.40
2007.10.22 18:13:50.739,2.0303,2.0305,0.80,2.40
2007.10.22 18:13:50.944,2.03025,2.0305,17.20,2.40
2007.10.22 18:13:52.314,2.03025,2.0305,16.60,2.40
2007.10.22 18:13:53.677,2.0303,2.0305,0.60,2.40
2007.10.22 18:13:57.569,2.0303,2.0305,0.80,2.40
2007.10.22 18:13:57.984,2.0303,2.0305,1.20,2.40
2007.10.22 18:13:58.708,2.0303,2.0305,1.10,2.40
2007.10.22 18:14:03.732,2.03025,2.0305,16.60,2.40
2007.10.22 18:14:06.010,2.03025,2.0305,16.50,2.40
2007.10.22 18:14:08.708,2.0303,2.0305,2.40,2.40
2007.10.22 18:14:09.670,2.0303,2.0305,2.40,2.40
2007.10.22 18:14:13.785,2.03025,2.03055,13.20,17.40
2007.10.22 18:14:15.750,2.03025,2.03055,13.30,17.40
2007.10.22 18:14:18.802,2.03025,2.03055,13.30,17.40
2007.10.22 18:14:19.620,2.03025,2.03055,13.40,17.40
2007.10.22 18:14:22.342,2.03025,2.03055,13.40,17.40
2007.10.22 18:14:22.620,2.03015,2.03055,45.80,17.40
2007.10.22 18:14:22.669,2.03025,2.03055,6.80,17.40
2007.10.22 18:14:23.029,2.03015,2.03055,45.00,17.40
2007.10.22 18:14:23.256,2.03015,2.03055,45.60,17.40
2007.10.22 18:14:23.484,2.03035,2.03055,0.20,9.40
2007.10.22 18:14:23.769,2.03025,2.03055,17.20,7.00
2007.10.22 18:14:23.997,2.03035,2.0305,0.80,2.40
2007.10.22 18:14:24.270,2.03035,2.0305,0.80,2.40
2007.10.22 18:14:24.542,2.0303,2.0305,2.40,2.40
2007.10.22 18:14:24.919,2.0303,2.0305,2.40,2.40
2007.10.22 18:14:25.962,2.0303,2.0305,2.40,2.40
2007.10.22 18:14:28.854,2.0303,2.0305,2.40,2.40
2007.10.22 18:14:31.738,2.0303,2.0305,2.40,2.40
2007.10.22 18:14:31.970,2.0303,2.0305,2.40,2.40
2007.10.22 18:14:32.775,2.0303,2.0305,2.40,2.40
2007.10.22 18:14:32.968,2.0303,2.0305,2.40,2.40
2007.10.22 18:14:33.565,2.0303,2.0305,2.40,2.40
2007.10.22 18:14:33.810,2.0303,2.0305,2.40,2.40
2007.10.22 18:14:34.957,2.0303,2.0305,2.40,2.40
2007.10.22 18:14:35.251,2.0303,2.0305,2.40,2.40
2007.10.22 18:14:38.354,2.0303,2.0305,2.40,2.40
2007.10.22 18:14:38.895,2.0303,2.0305,2.40,2.40
2007.10.22 18:14:41.420,2.0303,2.0305,2.40,2.40
2007.10.22 18:14:41.729,2.0303,2.0305,2.40,2.40
2007.10.22 18:14:41.967,2.03035,2.0305,0.80,2.40
2007.10.22 18:14:42.204,2.03035,2.0305,0.80,2.40
2007.10.22 18:14:43.912,2.03035,2.0305,0.80,2.40
2007.10.22 18:14:45.892,2.03035,2.0305,8.80,2.40
2007.10.22 18:14:48.934,2.03035,2.0305,8.80,2.40
2007.10.22 18:14:50.237,2.03035,2.0305,0.80,2.40
2007.10.22 18:14:50.454,2.03035,2.0305,0.80,2.40
2007.10.22 18:14:50.743,2.03035,2.0305,0.80,2.40
2007.10.22 18:14:53.682,2.03035,2.0305,0.80,0.50
2007.10.22 18:14:53.954,2.03035,2.03055,0.80,6.20
2007.10.22 18:14:55.257,2.03035,2.0305,0.80,0.90
2007.10.22 18:14:55.524,2.03035,2.0305,0.80,0.90
2007.10.22 18:14:55.792,2.03035,2.03055,0.80,14.10
2007.10.22 18:14:56.020,2.0303,2.0305,2.40,0.90
2007.10.22 18:14:56.247,2.0303,2.0305,2.40,0.80
2007.10.22 18:14:56.476,2.03025,2.03055,14.00,21.40
2007.10.22 18:14:56.706,2.03025,2.0305,14.80,0.80
2007.10.22 18:14:56.934,2.0303,2.03055,2.40,13.40
2007.10.22 18:14:57.769,2.0303,2.03055,2.40,13.40
2007.10.22 18:14:58.103,2.0303,2.0305,2.40,0.90
2007.10.22 18:14:58.971,2.0303,2.0305,2.40,0.80
2007.10.22 18:15:00.005,2.0303,2.0305,2.40,0.80
2007.10.22 18:15:00.840,2.0303,2.03055,2.40,21.40
2007.10.22 18:15:01.489,2.0303,2.0305,2.40,0.70
2007.10.22 18:15:02.831,2.0303,2.0305,2.40,0.90
2007.10.22 18:15:04.003,2.0303,2.03055,2.40,13.40
2007.10.22 18:15:07.266,2.0303,2.0305,2.40,0.50
2007.10.22 18:15:07.503,2.0303,2.0305,2.40,0.60
2007.10.22 18:15:07.741,2.0303,2.03055,2.40,21.40
2007.10.22 18:15:08.306,2.0303,2.03055,2.40,21.60
2007.10.22 18:15:08.509,2.0303,2.0305,2.40,0.60
2007.10.22 18:15:08.811,2.0303,2.03055,2.40,37.50
2007.10.22 18:15:09.014,2.03025,2.0305,5.20,0.50
2007.10.22 18:15:09.217,2.03025,2.03055,3.60,36.50
2007.10.22 18:15:09.420,2.03025,2.0305,3.60,3.40
2007.10.22 18:15:09.717,2.03025,2.0305,3.60,3.40
2007.10.22 18:15:10.016,2.03025,2.03045,3.60,0.50
2007.10.22 18:15:12.202,2.03025,2.0305,11.60,3.40
2007.10.22 18:15:12.939,2.03025,2.0305,10.00,3.40
2007.10.22 18:15:13.769,2.03025,2.0305,8.00,3.40
2007.10.22 18:15:14.045,2.03025,2.0305,8.00,3.40
2007.10.22 18:15:15.952,2.0302,2.03045,3.20,0.60
2007.10.22 18:15:19.073,2.0302,2.0305,3.20,3.40
2007.10.22 18:15:19.951,2.03025,2.0305,8.00,3.40
2007.10.22 18:15:24.095,2.03025,2.03045,8.00,1.00
2007.10.22 18:15:24.384,2.0302,2.03045,3.20,1.00
2007.10.22 18:15:25.519,2.0302,2.03045,3.20,1.00
2007.10.22 18:15:25.934,2.0302,2.03045,3.20,1.00
2007.10.22 18:15:26.144,2.0302,2.03045,3.20,1.00
2007.10.22 18:15:26.336,2.0302,2.03045,3.20,1.00
2007.10.22 18:15:27.183,2.03025,2.03045,8.00,1.00
2007.10.22 18:15:29.111,2.03025,2.03045,8.00,1.00
2007.10.22 18:15:31.015,2.03025,2.03045,8.00,1.00
2007.10.22 18:15:34.089,2.03025,2.03045,0.80,1.00
2007.10.22 18:15:34.134,2.0302,2.03045,10.40,1.00
2007.10.22 18:15:38.443,2.03015,2.03045,27.60,1.00
2007.10.22 18:15:38.783,2.0302,2.03045,1.70,1.00
2007.10.22 18:15:38.920,2.0302,2.03045,7.20,1.00
2007.10.22 18:15:39.058,2.0302,2.0305,20.40,2.40
2007.10.22 18:15:39.422,2.0303,2.0305,1.40,2.40
2007.10.22 18:15:40.316,2.0303,2.0305,0.90,2.40
2007.10.22 18:15:40.639,2.0302,2.03045,16.40,1.00
2007.10.22 18:15:40.856,2.03025,2.03045,3.20,1.00
2007.10.22 18:15:41.150,2.0302,2.03045,12.00,1.00
2007.10.22 18:15:41.360,2.0302,2.03045,12.00,1.00
2007.10.22 18:15:41.777,2.03025,2.03045,2.00,1.00
2007.10.22 18:15:44.180,2.03025,2.03045,4.50,1.00
2007.10.22 18:15:44.392,2.0302,2.03045,4.00,1.00
2007.10.22 18:15:44.604,2.0302,2.03045,4.00,1.00
2007.10.22 18:15:44.853,2.03015,2.03045,20.10,1.00
2007.10.22 18:15:45.100,2.0301,2.03045,8.40,1.00
2007.10.22 18:15:45.348,2.0301,2.03045,6.00,1.00
2007.10.22 18:15:45.597,2.0301,2.03045,25.30,11.00
2007.10.22 18:15:45.840,2.03015,2.03045,2.30,11.00
2007.10.22 18:15:46.083,2.0302,2.03045,0.70,11.00
2007.10.22 18:15:46.829,2.03015,2.03045,23.30,9.00
2007.10.22 18:15:47.937,2.0302,2.03045,1.50,9.00
2007.10.22 18:15:48.110,2.03015,2.03045,23.30,1.00
2007.10.22 18:15:48.456,2.03015,2.03045,23.30,1.00
2007.10.22 18:15:49.199,2.0302,2.03045,0.60,1.00
2007.10.22 18:15:49.510,2.03015,2.03045,23.30,1.00
2007.10.22 18:15:51.984,2.03015,2.03045,23.30,1.00
2007.10.22 18:15:52.370,2.0301,2.03045,24.10,1.00
2007.10.22 18:15:52.602,2.03015,2.03045,2.00,1.00
2007.10.22 18:15:52.835,2.0301,2.03045,4.00,3.00
2007.10.22 18:15:53.069,2.03015,2.03045,0.50,3.00
2007.10.22 18:15:53.380,2.03015,2.03045,1.10,3.00
2007.10.22 18:15:53.592,2.03005,2.03045,37.20,3.00
2007.10.22 18:15:53.822,2.03005,2.03045,29.20,14.90
2007.10.22 18:15:54.035,2.0301,2.03045,4.00,18.10
2007.10.22 18:15:54.248,2.03015,2.03045,4.90,26.90
2007.10.22 18:15:54.427,2.0301,2.03045,13.60,26.10
2007.10.22 18:15:54.605,2.0301,2.03045,4.00,3.00
2007.10.22 18:15:54.782,2.03015,2.03045,1.10,3.00
2007.10.22 18:15:54.997,2.03015,2.03045,3.70,11.20
2007.10.22 18:15:55.175,2.03015,2.03045,3.50,11.00
2007.10.22 18:15:55.465,2.03015,2.03045,4.10,9.00
2007.10.22 18:15:56.631,2.0301,2.03045,12.00,11.00
2007.10.22 18:15:57.371,2.0301,2.03045,18.40,11.00
2007.10.22 18:15:57.635,2.0301,2.03045,25.30,11.00
2007.10.22 18:15:57.897,2.03015,2.03045,9.10,11.00
2007.10.22 18:15:58.161,2.0302,2.03045,1.40,11.00
2007.10.22 18:15:59.246,2.0302,2.03045,1.40,11.00
2007.10.22 18:15:59.364,2.0302,2.03045,1.30,9.00
2007.10.22 18:15:59.482,2.03015,2.03045,23.30,9.00
2007.10.22 18:16:00.095,2.03015,2.03045,23.30,9.00
2007.10.22 18:16:00.897,2.03015,2.03045,16.90,9.00
2007.10.22 18:16:01.230,2.0301,2.03045,8.40,1.00
2007.10.22 18:16:01.564,2.0301,2.03045,6.00,1.00
2007.10.22 18:16:01.878,2.0301,2.03045,12.40,1.00
2007.10.22 18:16:02.071,2.0301,2.03045,26.00,9.00
2007.10.22 18:16:02.264,2.03015,2.03045,20.90,1.00
2007.10.22 18:16:02.456,2.03015,2.03045,20.90,1.00
2007.10.22 18:16:02.764,2.0302,2.03045,2.40,1.00
2007.10.22 18:16:03.072,2.0302,2.03045,2.40,1.00
2007.10.22 18:16:03.379,2.0302,2.03045,2.40,9.00
2007.10.22 18:16:04.142,2.0302,2.03045,2.40,1.00
2007.10.22 18:16:04.464,2.0302,2.03045,2.40,1.00
2007.10.22 18:16:05.200,2.0302,2.03045,2.40,1.00
2007.10.22 18:16:05.948,2.0302,2.03045,2.40,9.00
2007.10.22 18:16:06.141,2.0302,2.03045,2.40,9.00
2007.10.22 18:16:07.264,2.0302,2.03045,0.80,9.00
2007.10.22 18:16:07.440,2.03015,2.03045,21.30,1.00
2007.10.22 18:16:09.289,2.0302,2.03045,0.70,1.00
2007.10.22 18:16:09.466,2.03015,2.03045,21.30,1.00
2007.10.22 18:16:09.882,2.03015,2.03045,21.30,3.00
2007.10.22 18:16:10.096,2.0302,2.03045,4.00,3.00
2007.10.22 18:16:10.420,2.03025,2.03045,0.70,3.00
2007.10.22 18:16:11.307,2.0302,2.03045,4.00,3.00
2007.10.22 18:16:12.514,2.0302,2.03045,4.00,1.00
2007.10.22 18:16:12.742,2.0302,2.03045,4.00,1.00
2007.10.22 18:16:14.149,2.0302,2.03045,4.00,1.00
2007.10.22 18:16:15.082,2.0302,2.03045,4.00,1.00
2007.10.22 18:16:15.725,2.03025,2.03045,1.20,1.00
2007.10.22 18:16:16.556,2.03025,2.03045,1.00,1.00
2007.10.22 18:16:19.077,2.0302,2.03045,4.00,1.00
2007.10.22 18:16:19.337,2.03025,2.03045,0.50,1.00
2007.10.22 18:16:22.432,2.0302,2.03045,4.00,1.00
2007.10.22 18:16:24.366,2.03025,2.03045,1.10,1.00
2007.10.22 18:16:29.395,2.0302,2.03045,4.00,1.00
2007.10.22 18:16:33.661,2.03015,2.03045,20.30,1.00
2007.10.22 18:16:34.418,2.03025,2.03045,0.90,1.00
2007.10.22 18:16:35.652,2.03025,2.03045,1.00,1.00
2007.10.22 18:16:39.443,2.03025,2.03045,1.60,1.00
2007.10.22 18:16:44.460,2.03025,2.03045,1.60,1.00
2007.10.22 18:16:48.328,2.03025,2.03045,1.60,1.00
2007.10.22 18:16:49.467,2.03025,2.03045,1.60,1.00
2007.10.22 18:16:49.885,2.03025,2.03045,1.60,1.00
2007.10.22 18:16:53.778,2.03015,2.03055,16.50,25.20
2007.10.22 18:16:54.503,2.03015,2.03055,16.50,25.20
2007.10.22 18:16:59.474,2.03015,2.03055,16.50,25.40
2007.10.22 18:16:59.706,2.03015,2.03055,16.50,25.20
2007.10.22 18:17:03.037,2.03015,2.03055,16.50,24.80
2007.10.22 18:17:03.260,2.03015,2.03055,16.50,24.30
2007.10.22 18:17:03.442,2.03025,2.03045,1.60,1.00
2007.10.22 18:17:03.625,2.03025,2.03045,1.60,1.00
2007.10.22 18:17:04.556,2.03025,2.03045,1.60,1.00
2007.10.22 18:17:09.579,2.03025,2.03045,1.60,1.00
2007.10.22 18:17:12.630,2.03015,2.03045,20.30,1.00
2007.10.22 18:17:14.724,2.03015,2.03045,20.30,1.00
2007.10.22 18:17:19.036,2.03025,2.03045,1.10,1.00
2007.10.22 18:17:19.250,2.03015,2.03045,20.10,1.00
2007.10.22 18:17:19.748,2.03025,2.03045,1.00,1.00
2007.10.22 18:17:20.009,2.03025,2.03045,0.50,1.00
2007.10.22 18:17:20.272,2.03025,2.03045,1.20,9.00
2007.10.22 18:17:20.555,2.03025,2.03045,1.10,1.00
2007.10.22 18:17:20.855,2.03025,2.03045,0.60,1.00
2007.10.22 18:17:21.210,2.03015,2.03045,20.30,1.00
2007.10.22 18:17:21.492,2.03025,2.03045,0.70,1.00
2007.10.22 18:17:24.773,2.03015,2.03045,24.30,1.00
2007.10.22 18:17:29.066,2.03015,2.03045,22.30,1.00
2007.10.22 18:17:29.803,2.03015,2.03045,22.30,1.00
2007.10.22 18:17:30.845,2.03025,2.03045,1.10,1.00
2007.10.22 18:17:31.005,2.03025,2.03045,0.60,1.00
2007.10.22 18:17:31.487,2.03025,2.03045,1.20,9.00
2007.10.22 18:17:31.643,2.03015,2.03045,18.10,9.00
2007.10.22 18:17:32.137,2.03015,2.03045,18.10,1.00
2007.10.22 18:17:32.470,2.03015,2.03045,18.10,1.00
2007.10.22 18:17:34.759,2.03025,2.03045,0.70,0.90
2007.10.22 18:17:34.829,2.03015,2.03045,18.10,1.00
2007.10.22 18:17:37.108,2.03015,2.03045,18.10,1.00
2007.10.22 18:17:37.300,2.03025,2.03045,0.90,1.00
2007.10.22 18:17:37.493,2.03015,2.03045,18.10,1.00
2007.10.22 18:17:37.855,2.03015,2.03045,18.10,1.00
2007.10.22 18:17:38.048,2.03025,2.03045,0.50,1.00
2007.10.22 18:17:39.862,2.03025,2.03045,0.90,1.00
2007.10.22 18:17:44.887,2.03025,2.03045,1.60,1.00
2007.10.22 18:17:49.904,2.03025,2.03045,1.60,1.00
2007.10.22 18:17:53.797,2.03025,2.03045,1.60,0.50
2007.10.22 18:17:54.931,2.03025,2.03055,1.60,23.30
2007.10.22 18:17:59.281,2.03025,2.03045,1.60,0.80
2007.10.22 18:17:59.539,2.03025,2.03055,1.60,23.30
2007.10.22 18:17:59.797,2.03025,2.03055,1.60,23.30
2007.10.22 18:18:00.015,2.03025,2.0305,9.60,3.40
2007.10.22 18:18:03.257,2.03025,2.03055,11.20,26.50
2007.10.22 18:18:03.596,2.03025,2.0305,11.20,0.70
2007.10.22 18:18:03.840,2.03025,2.03055,12.00,18.60
2007.10.22 18:18:04.114,2.0303,2.03055,2.40,18.60
2007.10.22 18:18:04.864,2.0303,2.03055,2.40,10.60
2007.10.22 18:18:07.939,2.0303,2.03055,2.40,18.60
2007.10.22 18:18:08.208,2.0303,2.03055,2.40,10.60
2007.10.22 18:18:10.000,2.0303,2.0305,2.40,0.70
2007.10.22 18:18:15.031,2.0303,2.03055,2.40,10.60
2007.10.22 18:18:19.403,2.0303,2.03055,2.40,18.60
2007.10.22 18:18:20.061,2.0303,2.03055,2.40,18.60
2007.10.22 18:18:20.238,2.03025,2.0305,11.20,0.90
2007.10.22 18:18:20.547,2.03025,2.0305,9.60,3.40
2007.10.22 18:18:20.855,2.03025,2.0305,9.60,3.40
2007.10.22 18:18:22.637,2.03025,2.0305,9.60,3.40
2007.10.22 18:18:25.085,2.03025,2.03045,9.60,1.00
2007.10.22 18:18:25.271,2.03025,2.03045,1.60,1.00
2007.10.22 18:18:27.738,2.03025,2.03045,1.60,1.00
2007.10.22 18:18:27.896,2.03025,2.03045,1.60,1.00
2007.10.22 18:18:30.110,2.03025,2.03045,1.60,1.00
2007.10.22 18:18:31.264,2.03025,2.03045,1.60,1.00
2007.10.22 18:18:31.545,2.03025,2.03045,1.60,1.00
2007.10.22 18:18:31.820,2.0302,2.03045,2.40,1.00
2007.10.22 18:18:32.043,2.0302,2.03045,2.40,9.00
2007.10.22 18:18:32.355,2.0302,2.03045,2.40,1.00
2007.10.22 18:18:32.578,2.0302,2.03045,2.40,1.00
2007.10.22 18:18:33.002,2.0302,2.03045,2.40,1.00
2007.10.22 18:18:33.281,2.0302,2.03045,2.40,1.00
2007.10.22 18:18:33.558,2.0302,2.03045,2.40,1.00
2007.10.22 18:18:33.836,2.0302,2.03045,2.40,1.00
2007.10.22 18:18:34.188,2.0302,2.03045,2.40,1.00
2007.10.22 18:18:34.452,2.0302,2.03045,3.20,1.00
2007.10.22 18:18:35.130,2.0302,2.03045,3.20,1.00
2007.10.22 18:18:35.322,2.0302,2.03045,3.20,1.00
2007.10.22 18:18:36.843,2.03025,2.03045,8.00,1.00
2007.10.22 18:18:40.155,2.03025,2.03045,8.00,1.00
2007.10.22 18:18:40.793,2.03025,2.03045,8.00,1.00
2007.10.22 18:18:41.297,2.03025,2.03045,9.60,1.00
2007.10.22 18:18:42.339,2.03025,2.03045,1.60,1.00
2007.10.22 18:18:45.175,2.03025,2.03045,1.60,1.00
2007.10.22 18:18:50.202,2.03025,2.03045,1.60,1.00
2007.10.22 18:18:54.935,2.03025,2.03045,1.60,1.00
2007.10.22 18:18:55.068,2.03025,2.03045,1.60,1.00
2007.10.22 18:18:55.213,2.03025,2.03045,1.60,1.00
2007.10.22 18:18:59.244,2.03025,2.03045,0.60,1.00
2007.10.22 18:18:59.516,2.03025,2.03045,0.70,1.00
2007.10.22 18:18:59.705,2.03025,2.03045,1.20,1.00
2007.10.22 18:19:00.244,2.0302,2.03045,4.80,1.00
2007.10.22 18:19:01.059,2.03025,2.03045,1.00,1.00
2007.10.22 18:19:01.298,2.03025,2.03045,0.70,1.00
2007.10.22 18:19:01.536,2.03025,2.03045,0.70,1.00
2007.10.22 18:19:02.937,2.0302,2.03045,4.80,1.00
2007.10.22 18:19:03.951,2.0302,2.03045,4.80,1.00
2007.10.22 18:19:05.270,2.0302,2.03045,4.80,1.00
2007.10.22 18:19:05.695,2.03015,2.03045,27.10,1.00
2007.10.22 18:19:06.480,2.03015,2.03045,26.90,1.00
2007.10.22 18:19:10.292,2.03015,2.03045,26.90,1.00
2007.10.22 18:19:11.254,2.0302,2.03045,1.00,1.00
2007.10.22 18:19:11.502,2.03015,2.03045,27.10,1.00
2007.10.22 18:19:11.959,2.03015,2.03045,26.90,1.00
2007.10.22 18:19:12.207,2.0302,2.03045,1.60,1.80
2007.10.22 18:19:12.374,2.0302,2.03045,0.90,4.20
2007.10.22 18:19:12.541,2.03015,2.03045,19.30,4.20
2007.10.22 18:19:12.709,2.0302,2.03045,0.90,4.20
2007.10.22 18:19:12.877,2.03015,2.0304,19.20,2.40
2007.10.22 18:19:13.045,2.03015,2.0304,19.20,2.40
2007.10.22 18:19:13.342,2.03015,2.0304,19.30,2.40
2007.10.22 18:19:13.641,2.03015,2.0304,19.20,2.40
2007.10.22 18:19:13.939,2.03015,2.0304,19.30,2.40
2007.10.22 18:19:14.237,2.0302,2.0304,0.60,2.40
2007.10.22 18:19:14.404,2.03015,2.0304,19.40,2.40
2007.10.22 18:19:14.572,2.0302,2.0304,0.80,2.40
2007.10.22 18:19:14.932,2.0302,2.0304,1.60,2.40
2007.10.22 18:19:15.101,2.03015,2.0304,19.20,2.40
2007.10.22 18:19:15.309,2.0302,2.0304,0.90,2.40
2007.10.22 18:19:15.486,2.03015,2.0304,19.30,2.40
2007.10.22 18:19:15.659,2.03015,2.0304,19.20,2.40
2007.10.22 18:19:15.831,2.03015,2.0304,19.30,2.40
2007.10.22 18:19:16.004,2.0302,2.0304,1.50,2.40
2007.10.22 18:19:16.284,2.03015,2.0304,19.30,2.40
2007.10.22 18:19:16.520,2.03015,2.0304,19.20,2.40
2007.10.22 18:19:18.389,2.03015,2.03045,21.60,6.60
2007.10.22 18:19:18.441,2.0302,2.0304,0.80,0.50
2007.10.22 18:19:18.936,2.0302,2.0304,0.80,0.90
2007.10.22 18:19:20.341,2.03015,2.03045,19.30,6.60
2007.10.22 18:19:21.661,2.03015,2.03045,19.40,6.60
2007.10.22 18:19:22.271,2.03015,2.0305,19.40,9.00
2007.10.22 18:19:22.514,2.03015,2.0305,27.20,3.40
2007.10.22 18:19:22.742,2.03025,2.03045,0.60,0.60
2007.10.22 18:19:22.971,2.0302,2.03055,14.40,26.50
2007.10.22 18:19:23.199,2.03025,2.0305,0.80,0.60
2007.10.22 18:19:23.521,2.0302,2.03055,14.40,18.60
2007.10.22 18:19:23.747,2.0302,2.03055,15.20,18.60
2007.10.22 18:19:24.064,2.03025,2.03055,18.40,10.60
2007.10.22 18:19:24.473,2.0303,2.0305,0.50,0.90
2007.10.22 18:19:25.204,2.03025,2.03055,18.90,13.00
2007.10.22 18:19:25.491,2.03025,2.03055,19.10,10.60
2007.10.22 18:19:25.778,2.03025,2.0305,0.90,0.80
2007.10.22 18:19:26.047,2.03025,2.0305,0.50,0.60
2007.10.22 18:19:26.375,2.03025,2.0305,0.90,0.90
2007.10.22 18:19:26.643,2.0302,2.03055,15.70,10.60
2007.10.22 18:19:26.911,2.03025,2.03055,14.90,18.60
2007.10.22 18:19:27.103,2.03025,2.03055,14.90,18.60
2007.10.22 18:19:27.301,2.0302,2.03055,16.50,18.60
2007.10.22 18:19:27.494,2.03025,2.0305,0.90,0.60
2007.10.22 18:19:27.687,2.03025,2.0305,10.00,3.40
2007.10.22 18:19:28.021,2.03025,2.0305,2.00,3.40
2007.10.22 18:19:28.353,2.03025,2.03045,1.60,0.50
2007.10.22 18:19:28.686,2.03025,2.0305,1.60,3.40
2007.10.22 18:19:29.019,2.0302,2.0305,2.40,3.40
2007.10.22 18:19:29.226,2.0302,2.03045,2.40,0.90
2007.10.22 18:19:29.434,2.0302,2.03045,2.40,0.90
2007.10.22 18:19:30.384,2.0302,2.0305,2.40,3.40
2007.10.22 18:19:33.667,2.03025,2.03045,1.60,0.90
2007.10.22 18:19:35.407,2.03025,2.0305,1.60,3.40
2007.10.22 18:19:35.633,2.03025,2.0305,2.50,3.40
2007.10.22 18:19:35.787,2.03025,2.0305,1.60,3.40
2007.10.22 18:19:35.938,2.03045,2.0306,1.60,0.70
2007.10.22 18:19:36.226,2.03045,2.03065,1.60,18.60
2007.10.22 18:19:36.513,2.03045,2.03065,1.60,16.20
2007.10.22 18:19:36.801,2.03045,2.03065,1.60,12.20
2007.10.22 18:19:37.090,2.0305,2.0307,2.40,11.40
2007.10.22 18:19:37.282,2.0305,2.0307,2.40,11.40
2007.10.22 18:19:38.346,2.0305,2.03065,2.40,0.70
2007.10.22 18:19:39.302,2.0305,2.0307,2.40,11.40
2007.10.22 18:19:40.424,2.0305,2.0307,2.40,11.40
2007.10.22 18:19:42.747,2.0305,2.03065,2.40,0.50
2007.10.22 18:19:42.850,2.0305,2.0307,2.40,11.40
2007.10.22 18:19:42.954,2.0305,2.03065,2.40,0.60
2007.10.22 18:19:43.056,2.03055,2.03065,1.60,0.70
2007.10.22 18:19:43.189,2.03055,2.0307,1.60,10.40
2007.10.22 18:19:43.365,2.03055,2.0307,3.20,10.40
2007.10.22 18:19:43.469,2.03055,2.0307,3.20,0.80
2007.10.22 18:19:44.270,2.03055,2.0307,1.60,0.70
2007.10.22 18:19:44.578,2.03055,2.0307,1.60,0.50
2007.10.22 18:19:44.776,2.03055,2.03075,1.60,16.20
2007.10.22 18:19:45.447,2.03055,2.0307,1.60,0.50
2007.10.22 18:19:46.630,2.03055,2.0307,3.20,2.40
2007.10.22 18:19:47.090,2.03055,2.0307,3.20,2.40
2007.10.22 18:19:49.581,2.03055,2.0307,3.20,2.40
2007.10.22 18:19:49.814,2.03055,2.0307,3.20,2.40
2007.10.22 18:19:50.472,2.03055,2.0307,3.20,2.40
2007.10.22 18:19:51.289,2.0306,2.03075,2.40,4.00
2007.10.22 18:19:51.522,2.0306,2.0308,2.40,6.40
2007.10.22 18:19:51.892,2.0306,2.0308,2.40,6.40
2007.10.22 18:19:53.285,2.0306,2.0308,2.40,6.40
2007.10.22 18:19:55.396,2.0306,2.0308,2.40,2.40
2007.10.22 18:19:55.544,2.0306,2.0308,2.40,2.40
2007.10.22 18:19:55.882,2.0306,2.0308,2.40,2.40
2007.10.22 18:19:56.109,2.0306,2.0308,2.40,2.40
2007.10.22 18:19:56.442,2.0306,2.0308,2.40,2.40
2007.10.22 18:19:56.835,2.0306,2.0308,2.40,2.40
2007.10.22 18:19:57.254,2.0306,2.0308,2.40,2.40
2007.10.22 18:19:57.477,2.0306,2.0308,2.40,2.40
2007.10.22 18:19:57.701,2.0306,2.0308,2.40,2.40
2007.10.22 18:19:57.924,2.0306,2.0308,2.40,2.40
2007.10.22 18:19:59.998,2.0306,2.0308,2.40,2.40
2007.10.22 18:20:00.523,2.0306,2.0308,2.40,2.40
2007.10.22 18:20:02.341,2.0306,2.0308,2.40,2.40
2007.10.22 18:20:02.544,2.0306,2.0308,2.40,2.40
2007.10.22 18:20:02.747,2.03065,2.0308,1.60,2.40
2007.10.22 18:20:02.950,2.03065,2.0308,1.60,2.40
2007.10.22 18:20:04.318,2.03065,2.0308,1.60,2.40
2007.10.22 18:20:04.486,2.03065,2.0308,3.20,2.40
2007.10.22 18:20:04.842,2.03065,2.0308,3.20,2.40
2007.10.22 18:20:05.010,2.03065,2.0308,1.60,2.40
2007.10.22 18:20:05.178,2.0306,2.0308,4.80,2.40
2007.10.22 18:20:05.371,2.0306,2.0308,2.40,2.40
2007.10.22 18:20:09.148,2.0306,2.0308,2.40,2.40
2007.10.22 18:20:10.564,2.0306,2.0308,2.40,2.40
2007.10.22 18:20:10.759,2.0306,2.0308,2.40,2.40
2007.10.22 18:20:11.669,2.0306,2.0308,2.40,2.40
2007.10.22 18:20:12.933,2.0306,2.0308,2.40,2.40
2007.10.22 18:20:13.569,2.03065,2.0308,0.20,2.40
2007.10.22 18:20:13.741,2.0306,2.0308,2.40,2.40
2007.10.22 18:20:13.914,2.0306,2.0308,2.40,2.40
2007.10.22 18:20:14.087,2.03065,2.0308,8.00,2.40
2007.10.22 18:20:14.282,2.03065,2.0308,9.60,2.40
2007.10.22 18:20:14.737,2.0306,2.0308,12.00,2.40
2007.10.22 18:20:14.787,2.0306,2.0308,10.40,2.40
2007.10.22 18:20:15.035,2.03055,2.0308,15.30,2.40
2007.10.22 18:20:15.582,2.0306,2.0308,0.70,2.40
2007.10.22 18:20:19.330,2.03065,2.0308,1.20,2.40
2007.10.22 18:20:19.528,2.03065,2.03085,6.40,1.00
2007.10.22 18:20:19.700,2.0307,2.0309,4.00,2.40
2007.10.22 18:20:19.872,2.0307,2.0309,6.40,2.40
2007.10.22 18:20:20.608,2.03075,2.0309,0.80,2.40
2007.10.22 18:20:22.171,2.0307,2.0309,6.40,2.40
2007.10.22 18:20:22.424,2.0307,2.0309,6.40,2.40
2007.10.22 18:20:24.498,2.0307,2.0309,6.40,2.40
2007.10.22 18:20:24.681,2.0307,2.0309,6.40,2.40
2007.10.22 18:20:24.883,2.0307,2.0309,6.40,2.40
2007.10.22 18:20:25.087,2.03075,2.0309,0.80,2.40
2007.10.22 18:20:25.638,2.03075,2.0309,1.00,2.40
2007.10.22 18:20:29.451,2.0307,2.0309,6.40,2.40
2007.10.22 18:20:29.604,2.0307,2.0309,8.00,2.40
2007.10.22 18:20:30.664,2.0307,2.0309,8.00,2.40
2007.10.22 18:20:30.982,2.0307,2.0309,8.00,2.40
2007.10.22 18:20:31.180,2.03065,2.0309,16.80,2.40
2007.10.22 18:20:31.416,2.03065,2.0309,14.40,2.40
2007.10.22 18:20:32.398,2.03065,2.0309,14.40,2.40
2007.10.22 18:20:32.591,2.0306,2.0309,16.00,2.40
2007.10.22 18:20:32.783,2.0306,2.0309,13.60,2.40
2007.10.22 18:20:32.977,2.0306,2.0309,18.40,2.40
2007.10.22 18:20:33.169,2.0306,2.0309,18.40,2.40
2007.10.22 18:20:33.477,2.0307,2.0309,0.90,2.40
2007.10.22 18:20:35.698,2.0307,2.0309,1.40,2.40
2007.10.22 18:20:37.880,2.0307,2.0309,1.60,2.40
2007.10.22 18:20:38.042,2.03065,2.03085,14.40,4.00
2007.10.22 18:20:38.205,2.03065,2.03085,12.80,5.00
2007.10.22 18:20:38.367,2.03065,2.03085,12.80,5.00
2007.10.22 18:20:39.886,2.03065,2.03085,14.40,4.00
2007.10.22 18:20:40.025,2.0307,2.0309,0.60,4.80
2007.10.22 18:20:40.163,2.03065,2.0309,14.40,2.40
2007.10.22 18:20:40.720,2.03065,2.0309,14.40,2.40
2007.10.22 18:20:45.130,2.0307,2.03095,2.40,18.60
2007.10.22 18:20:45.744,2.0307,2.03095,2.40,18.60
2007.10.22 18:20:47.749,2.0307,2.0309,2.40,0.90
2007.10.22 18:20:50.766,2.0307,2.03095,2.40,18.60
2007.10.22 18:20:55.793,2.0307,2.03095,2.40,18.60
2007.10.22 18:20:58.464,2.0307,2.0309,2.40,0.60
2007.10.22 18:20:58.632,2.03065,2.03095,11.20,18.60
2007.10.22 18:20:58.991,2.03065,2.03095,11.20,18.60
2007.10.22 18:21:00.815,2.03065,2.03095,11.20,18.60
2007.10.22 18:21:00.930,2.03065,2.03095,11.30,18.60
2007.10.22 18:21:01.480,2.03065,2.03095,12.10,18.60
2007.10.22 18:21:01.733,2.03065,2.03095,14.50,16.20
2007.10.22 18:21:01.986,2.0307,2.0309,2.40,0.60
2007.10.22 18:21:04.827,2.0307,2.03095,2.40,16.20
2007.10.22 18:21:04.979,2.0307,2.0309,2.40,0.50
2007.10.22 18:21:05.132,2.0307,2.03095,2.40,0.50
2007.10.22 18:21:05.285,2.0307,2.031,2.40,11.40
2007.10.22 18:21:05.838,2.0307,2.03095,2.40,0.80
2007.10.22 18:21:09.778,2.0307,2.031,2.40,11.40
2007.10.22 18:21:10.854,2.0307,2.03095,2.40,0.60
2007.10.22 18:21:11.831,2.0307,2.031,2.40,11.40
2007.10.22 18:21:14.407,2.0307,2.03095,2.40,9.00
2007.10.22 18:21:15.188,2.03075,2.03095,1.60,9.00
2007.10.22 18:21:15.883,2.03075,2.03095,1.60,9.00
2007.10.22 18:21:19.589,2.03075,2.03095,1.60,9.00
2007.10.22 18:21:20.902,2.03075,2.03095,1.60,9.00
2007.10.22 18:21:22.400,2.03075,2.03095,1.60,9.00
2007.10.22 18:21:23.801,2.03075,2.03095,1.60,9.00
2007.10.22 18:21:23.954,2.03075,2.03095,1.60,9.00
2007.10.22 18:21:25.933,2.03075,2.03095,1.60,9.00
2007.10.22 18:21:30.433,2.03075,2.03095,1.60,1.00
2007.10.22 18:21:30.847,2.03075,2.03095,1.60,1.00
2007.10.22 18:21:31.081,2.03075,2.03095,1.60,9.00
2007.10.22 18:21:31.891,2.03075,2.03095,1.60,9.00
2007.10.22 18:21:32.139,2.03075,2.03095,1.60,9.00
2007.10.22 18:21:32.387,2.03075,2.03095,3.20,8.00
2007.10.22 18:21:32.739,2.03075,2.03095,1.60,9.00
2007.10.22 18:21:34.074,2.03075,2.03095,1.60,9.00
2007.10.22 18:21:34.212,2.03075,2.03095,1.60,9.00
2007.10.22 18:21:35.975,2.03075,2.03095,1.60,9.00
2007.10.22 18:21:36.124,2.03075,2.03095,1.60,9.00
2007.10.22 18:21:37.309,2.03075,2.03095,1.10,9.00
2007.10.22 18:21:38.432,2.03075,2.03095,0.80,9.00
2007.10.22 18:21:38.574,2.03075,2.03095,1.20,9.00
2007.10.22 18:21:40.256,2.03075,2.03095,0.60,9.00
2007.10.22 18:21:40.414,2.03065,2.03095,19.00,9.00
2007.10.22 18:21:40.992,2.03065,2.03095,19.00,9.00
2007.10.22 18:21:42.602,2.03065,2.03095,19.10,9.00
2007.10.22 18:21:42.820,2.03065,2.03095,19.00,9.00
2007.10.22 18:21:46.019,2.03075,2.03095,0.70,9.00
2007.10.22 18:21:49.776,2.03055,2.03095,45.60,9.00
2007.10.22 18:21:51.034,2.03065,2.03095,8.50,9.00
2007.10.22 18:21:55.603,2.03055,2.03095,45.60,9.00
2007.10.22 18:21:56.063,2.03055,2.03095,45.60,9.00
2007.10.22 18:22:01.097,2.03055,2.03095,45.60,9.00
2007.10.22 18:22:02.448,2.03055,2.03095,45.60,1.00
2007.10.22 18:22:03.663,2.03055,2.03095,45.60,1.00
2007.10.22 18:22:04.482,2.03055,2.03095,45.60,1.00
2007.10.22 18:22:05.704,2.03075,2.03095,1.60,1.00
2007.10.22 18:22:06.120,2.03075,2.03095,1.60,1.00
2007.10.22 18:22:07.610,2.03075,2.03095,1.60,1.80
2007.10.22 18:22:07.858,2.0307,2.03095,2.40,5.80
2007.10.22 18:22:08.110,2.0307,2.0309,2.40,2.40
2007.10.22 18:22:08.283,2.0307,2.0309,2.40,2.40
2007.10.22 18:22:09.815,2.0307,2.0309,2.40,2.40
2007.10.22 18:22:11.142,2.0307,2.0309,2.40,2.40
2007.10.22 18:22:11.707,2.0307,2.0309,2.40,2.40
2007.10.22 18:22:11.900,2.03075,2.0309,0.70,2.40
2007.10.22 18:22:12.208,2.03075,2.0309,8.70,2.40
2007.10.22 18:22:12.515,2.03075,2.0309,10.30,2.40
2007.10.22 18:22:12.823,2.03075,2.0309,10.30,2.40
2007.10.22 18:22:13.133,2.03075,2.0309,11.10,2.40
2007.10.22 18:22:13.356,2.03075,2.0309,4.70,2.40
2007.10.22 18:22:13.579,2.03075,2.0309,3.10,2.40
2007.10.22 18:22:13.802,2.03075,2.0309,11.10,2.40
2007.10.22 18:22:14.025,2.03075,2.0309,12.70,2.40
2007.10.22 18:22:15.237,2.0308,2.031,2.40,4.80
2007.10.22 18:22:15.360,2.0308,2.031,2.40,4.80
2007.10.22 18:22:15.482,2.0308,2.031,2.40,2.40
2007.10.22 18:22:15.911,2.0308,2.031,2.40,2.40
2007.10.22 18:22:16.173,2.0308,2.031,2.40,2.40
2007.10.22 18:22:16.933,2.0308,2.031,2.40,2.40
2007.10.22 18:22:19.716,2.0308,2.031,2.40,2.40
2007.10.22 18:22:19.900,2.0308,2.031,2.40,2.40
2007.10.22 18:22:21.196,2.0308,2.031,2.40,2.40
2007.10.22 18:22:24.662,2.0308,2.031,2.40,2.40
2007.10.22 18:22:24.834,2.0308,2.031,2.40,2.40
2007.10.22 18:22:25.032,2.0308,2.031,4.80,2.40
2007.10.22 18:22:25.204,2.0308,2.031,4.80,2.40
2007.10.22 18:22:25.416,2.0308,2.031,4.80,2.40
2007.10.22 18:22:25.629,2.0308,2.031,2.40,2.40
2007.10.22 18:22:26.224,2.0308,2.031,2.40,2.40
2007.10.22 18:22:28.205,2.0308,2.031,2.40,2.40
2007.10.22 18:22:28.427,2.0308,2.03105,2.40,9.00
2007.10.22 18:22:29.861,2.0308,2.03105,2.40,1.00
2007.10.22 18:22:30.586,2.0308,2.03105,2.40,1.80
2007.10.22 18:22:30.715,2.0308,2.03105,2.40,1.80
2007.10.22 18:22:30.843,2.0308,2.03105,2.40,13.80
2007.10.22 18:22:31.254,2.0308,2.03105,2.40,13.80
2007.10.22 18:22:31.387,2.0308,2.031,2.40,2.40
2007.10.22 18:22:35.034,2.0308,2.031,2.40,2.40
2007.10.22 18:22:35.773,2.0308,2.031,2.40,2.40
2007.10.22 18:22:36.000,2.0308,2.031,2.40,2.40
2007.10.22 18:22:36.227,2.0308,2.031,2.40,2.40
2007.10.22 18:22:36.664,2.0308,2.031,1.40,2.40
2007.10.22 18:22:37.161,2.0308,2.031,1.50,2.40
2007.10.22 18:22:41.299,2.0308,2.031,0.60,2.40
2007.10.22 18:22:43.662,2.03075,2.031,17.30,2.40
2007.10.22 18:22:46.327,2.03075,2.031,17.30,2.40
2007.10.22 18:22:49.143,2.0308,2.031,0.70,2.40
2007.10.22 18:22:49.686,2.0308,2.031,0.60,2.40
2007.10.22 18:22:49.880,2.0308,2.031,1.40,2.40
2007.10.22 18:22:50.072,2.0308,2.031,1.60,2.40
2007.10.22 18:22:51.352,2.0308,2.031,1.50,2.40
2007.10.22 18:22:54.661,2.0308,2.031,1.20,2.40
2007.10.22 18:22:56.371,2.0308,2.031,1.40,2.40
2007.10.22 18:22:59.501,2.03075,2.031,9.30,2.40
2007.10.22 18:22:59.815,2.0308,2.031,0.70,2.40
2007.10.22 18:23:01.388,2.03075,2.031,17.30,2.40
2007.10.22 18:23:01.845,2.03075,2.03105,1.00,13.00
2007.10.22 18:23:06.410,2.03075,2.03105,14.90,13.00
2007.10.22 18:23:07.932,2.03065,2.03105,37.70,13.00
2007.10.22 18:23:11.262,2.03075,2.03105,4.00,13.00
2007.10.22 18:23:11.409,2.03065,2.03105,36.10,13.00
2007.10.22 18:23:16.574,2.03075,2.03105,3.70,13.00
2007.10.22 18:23:18.647,2.03065,2.03105,36.10,13.00
2007.10.22 18:23:18.880,2.03075,2.03105,0.70,20.40
2007.10.22 18:23:19.113,2.03065,2.03105,31.40,20.40
2007.10.22 18:23:19.400,2.03075,2.03105,1.10,20.50
2007.10.22 18:23:19.687,2.03075,2.03105,0.80,20.60
2007.10.22 18:23:19.974,2.03075,2.03095,1.40,8.00
2007.10.22 18:23:20.660,2.03065,2.03095,31.20,8.00
2007.10.22 18:23:21.591,2.03075,2.03095,0.60,8.00
2007.10.22 18:23:22.710,2.0308,2.03085,1.30,0.80
2007.10.22 18:23:22.934,2.03075,2.03085,0.50,0.80
2007.10.22 18:23:23.157,2.03065,2.03085,14.00,0.80
2007.10.22 18:23:23.319,2.0306,2.0308,16.40,2.40
2007.10.22 18:23:23.482,2.03065,2.0308,0.50,2.40
2007.10.22 18:23:23.644,2.03065,2.0308,0.50,2.40
2007.10.22 18:23:24.721,2.0306,2.0308,3.00,2.40
2007.10.22 18:23:25.192,2.0306,2.0308,4.60,2.40
2007.10.22 18:23:25.459,2.0306,2.0308,12.60,2.40
2007.10.22 18:23:26.205,2.03065,2.0308,6.00,2.40
2007.10.22 18:23:26.412,2.0306,2.0308,15.80,2.40
2007.10.22 18:23:26.635,2.0306,2.0308,16.60,2.40
2007.10.22 18:23:26.859,2.0306,2.0308,16.70,2.40
2007.10.22 18:23:28.533,2.03065,2.0308,1.80,2.40
2007.10.22 18:23:28.631,2.0306,2.0308,17.60,2.40
2007.10.22 18:23:28.813,2.03065,2.0308,0.80,2.40
2007.10.22 18:23:28.910,2.0306,2.0308,19.20,2.40
2007.10.22 18:23:29.253,2.0306,2.0308,24.00,2.40
2007.10.22 18:23:29.351,2.0307,2.0309,0.90,2.40
2007.10.22 18:23:29.684,2.03065,2.03095,22.90,9.00
2007.10.22 18:23:30.016,2.0307,2.03095,1.40,9.00
2007.10.22 18:23:30.395,2.0307,2.03095,2.90,1.00
2007.10.22 18:23:31.637,2.03075,2.03095,0.50,1.00
2007.10.22 18:23:31.909,2.0307,2.03095,2.90,1.00
2007.10.22 18:23:32.546,2.03075,2.03095,0.50,1.00
2007.10.22 18:23:34.944,2.03075,2.03095,0.50,9.00
2007.10.22 18:23:36.666,2.03075,2.03095,0.50,9.00
2007.10.22 18:23:41.686,2.03075,2.03095,0.50,9.00
2007.10.22 18:23:46.092,2.03075,2.031,0.50,11.40
2007.10.22 18:23:46.714,2.03075,2.031,0.50,11.40
2007.10.22 18:23:51.730,2.03075,2.031,0.50,11.40
2007.10.22 18:23:54.884,2.03075,2.031,2.00,11.40
2007.10.22 18:23:56.754,2.03075,2.031,2.00,11.40
2007.10.22 18:23:58.954,2.03075,2.031,2.00,11.40
2007.10.22 18:24:01.013,2.03075,2.03095,0.50,0.70
2007.10.22 18:24:01.775,2.03075,2.03105,0.50,23.60
2007.10.22 18:24:03.768,2.03075,2.03095,2.00,0.70
2007.10.22 18:24:06.798,2.03075,2.03115,1.60,1.26
2007.10.22 18:24:07.305,2.03075,2.03095,2.40,0.50
2007.10.22 18:24:07.454,2.03075,2.03105,4.00,5.00
2007.10.22 18:24:07.918,2.0308,2.03105,2.40,4.20
2007.10.22 18:24:08.171,2.0308,2.03105,2.40,18.80
2007.10.22 18:24:08.485,2.0308,2.031,2.40,0.70
2007.10.22 18:24:08.805,2.0308,2.03105,2.40,18.60
2007.10.22 18:24:11.844,2.0308,2.03105,2.40,18.60
2007.10.22 18:24:12.023,2.0308,2.03105,2.40,18.60
2007.10.22 18:24:15.820,2.03075,2.031,3.70,2.40
2007.10.22 18:24:15.949,2.03075,2.031,3.60,2.40
2007.10.22 18:24:16.077,2.03075,2.03095,2.00,1.00
2007.10.22 18:24:16.204,2.03075,2.03095,2.00,1.00
2007.10.22 18:24:16.357,2.03075,2.03095,2.00,9.00
2007.10.22 18:24:16.507,2.03075,2.03095,2.00,9.00
2007.10.22 18:24:16.719,2.03075,2.03095,0.50,9.00
2007.10.22 18:24:16.871,2.03075,2.03095,0.50,9.00
2007.10.22 18:24:17.132,2.03075,2.03095,2.00,9.00
2007.10.22 18:24:17.395,2.03075,2.03095,2.00,9.00
2007.10.22 18:24:17.657,2.03075,2.03095,0.50,9.00
2007.10.22 18:24:17.993,2.03075,2.03095,0.50,9.00
2007.10.22 18:24:18.192,2.03075,2.03095,0.50,1.00
2007.10.22 18:24:21.905,2.03075,2.03095,0.50,1.00
2007.10.22 18:24:26.928,2.03075,2.03095,0.50,1.00
2007.10.22 18:24:31.461,2.03065,2.03095,1.60,1.00
2007.10.22 18:24:31.948,2.03065,2.03095,1.60,1.00
2007.10.22 18:24:32.780,2.03065,2.03095,1.60,1.00
2007.10.22 18:24:33.012,2.03065,2.03095,1.60,1.20
2007.10.22 18:24:33.245,2.03065,2.03095,9.60,9.00
2007.10.22 18:24:33.541,2.03065,2.03095,9.60,9.00
2007.10.22 18:24:33.794,2.03065,2.03095,9.60,9.30
2007.10.22 18:24:34.047,2.03065,2.03095,1.60,24.30
2007.10.22 18:24:34.300,2.03065,2.03095,3.20,24.30
2007.10.22 18:24:34.552,2.03065,2.0309,3.20,2.40
2007.10.22 18:24:36.977,2.03065,2.0309,3.20,2.40
2007.10.22 18:24:39.187,2.03065,2.0309,3.20,2.40
2007.10.22 18:24:39.916,2.03065,2.03085,3.20,8.00
2007.10.22 18:24:40.953,2.03065,2.0309,3.20,2.40
2007.10.22 18:24:41.319,2.03065,2.03095,3.20,26.50
2007.10.22 18:24:41.994,2.03065,2.03095,3.20,26.50
2007.10.22 18:24:43.155,2.03065,2.03085,1.60,0.60
2007.10.22 18:24:45.077,2.03065,2.0309,1.60,3.40
2007.10.22 18:24:45.291,2.03065,2.0309,1.60,3.40
2007.10.22 18:24:45.506,2.0306,2.0309,2.40,11.40
2007.10.22 18:24:46.381,2.0306,2.03085,2.40,0.60
2007.10.22 18:24:46.583,2.0306,2.0309,2.40,16.20
2007.10.22 18:24:46.902,2.0306,2.0309,2.40,21.00
2007.10.22 18:24:47.104,2.0306,2.03085,2.40,14.60
2007.10.22 18:24:52.046,2.0306,2.0308,2.40,0.70
2007.10.22 18:24:52.944,2.03065,2.0308,0.80,0.80
2007.10.22 18:24:57.066,2.03065,2.0308,0.80,0.50
2007.10.22 18:24:57.790,2.0306,2.03085,2.40,14.60
2007.10.22 18:25:01.401,2.0306,2.0308,2.40,0.50
2007.10.22 18:25:01.544,2.0306,2.0308,2.40,0.60
2007.10.22 18:25:01.706,2.03065,2.03085,3.20,13.60
2007.10.22 18:25:01.914,2.03065,2.03085,3.20,11.20
2007.10.22 18:25:02.123,2.0307,2.0309,2.40,17.60
2007.10.22 18:25:07.166,2.0307,2.0309,2.40,17.60
2007.10.22 18:25:12.198,2.0307,2.03085,2.40,8.80
2007.10.22 18:25:12.992,2.0307,2.03085,2.40,12.80
2007.10.22 18:25:13.144,2.0307,2.03085,2.40,13.80
2007.10.22 18:25:13.399,2.0307,2.03085,2.40,13.80
2007.10.22 18:25:13.633,2.03065,2.0308,1.60,2.40
2007.10.22 18:25:13.865,2.0306,2.0308,4.80,2.40
2007.10.22 18:25:14.098,2.0306,2.0308,2.40,2.40
2007.10.22 18:25:14.857,2.0306,2.0308,2.40,2.40
2007.10.22 18:25:15.386,2.0306,2.03085,2.40,12.20
2007.10.22 18:25:16.378,2.0306,2.03085,2.40,12.20
2007.10.22 18:25:16.506,2.0308,2.03085,2.40,0.60
2007.10.22 18:25:16.634,2.0308,2.03085,2.40,0.80
2007.10.22 18:25:16.761,2.0308,2.03085,2.40,0.70
2007.10.22 18:25:17.216,2.0308,2.03085,2.40,0.50
2007.10.22 18:25:18.248,2.0308,2.03085,2.40,0.70
2007.10.22 18:25:18.890,2.0308,2.03085,2.40,0.80
2007.10.22 18:25:20.959,2.03065,2.03085,3.20,11.40
2007.10.22 18:25:21.107,2.0306,2.03085,4.80,12.40
2007.10.22 18:25:21.255,2.0306,2.03085,4.80,12.40
2007.10.22 18:25:21.403,2.0306,2.03085,2.40,12.40
2007.10.22 18:25:22.069,2.0306,2.03085,2.40,12.40
2007.10.22 18:25:22.307,2.0306,2.0308,2.40,0.50
2007.10.22 18:25:26.923,2.0306,2.0307,2.40,0.50
2007.10.22 18:25:27.156,2.0305,2.03075,4.80,29.70
2007.10.22 18:25:27.390,2.0305,2.0307,2.40,0.90
2007.10.22 18:25:27.623,2.03055,2.03075,1.60,3.40
2007.10.22 18:25:27.912,2.0305,2.0307,2.40,0.80
2007.10.22 18:25:28.200,2.0305,2.03075,2.40,0.70
2007.10.22 18:25:32.291,2.0305,2.03075,2.40,0.70
2007.10.22 18:25:34.667,2.0305,2.0308,2.40,11.40
2007.10.22 18:25:35.081,2.0305,2.03075,2.40,0.70
2007.10.22 18:25:35.295,2.0305,2.0308,2.40,3.40
2007.10.22 18:25:35.464,2.0305,2.0308,2.40,3.40
2007.10.22 18:25:35.631,2.0305,2.03075,2.40,0.70
2007.10.22 18:25:36.132,2.0305,2.03075,2.40,0.80
2007.10.22 18:25:36.533,2.0305,2.03075,2.40,0.60
2007.10.22 18:25:36.785,2.0305,2.03075,2.40,0.50
2007.10.22 18:25:37.070,2.0305,2.03075,2.40,12.20
2007.10.22 18:25:37.315,2.0305,2.0307,2.40,0.50
2007.10.22 18:25:38.412,2.0305,2.03075,2.40,12.60
2007.10.22 18:25:38.696,2.0305,2.0307,2.40,0.80
2007.10.22 18:25:40.471,2.0305,2.0307,2.40,0.50
2007.10.22 18:25:40.960,2.03045,2.03075,9.60,12.50
2007.10.22 18:25:41.178,2.03045,2.03075,3.20,26.80
2007.10.22 18:25:41.331,2.03045,2.0307,3.20,0.70
2007.10.22 18:25:42.349,2.03045,2.03075,3.20,26.80
2007.10.22 18:25:47.368,2.03045,2.0307,3.20,2.40
2007.10.22 18:25:48.957,2.03045,2.0307,3.20,2.40
2007.10.22 18:25:49.235,2.03045,2.0307,3.20,2.40
2007.10.22 18:25:49.576,2.03045,2.0307,3.20,2.40
2007.10.22 18:25:52.398,2.03045,2.0307,3.20,2.40
2007.10.22 18:25:57.431,2.03045,2.0307,3.20,2.40
2007.10.22 18:25:57.643,2.03045,2.0307,3.20,2.40
2007.10.22 18:25:57.912,2.03045,2.0307,3.20,2.40
2007.10.22 18:25:58.181,2.03045,2.0307,11.20,2.40
2007.10.22 18:26:02.454,2.03045,2.0307,11.20,2.40
2007.10.22 18:26:07.477,2.03045,2.0307,11.20,2.40
2007.10.22 18:26:09.102,2.03045,2.0307,11.20,0.50
2007.10.22 18:26:11.144,2.03045,2.03075,11.30,26.50
2007.10.22 18:26:11.372,2.03045,2.03085,11.50,42.70
2007.10.22 18:26:11.601,2.03045,2.03075,11.50,0.50
2007.10.22 18:26:11.829,2.03045,2.0308,9.90,11.40
2007.10.22 18:26:12.057,2.03045,2.0308,10.70,3.40
2007.10.22 18:26:12.285,2.03045,2.0308,18.70,11.40
2007.10.22 18:26:12.552,2.03045,2.03075,20.00,0.50
2007.10.22 18:26:12.820,2.0305,2.03075,2.40,0.90
2007.10.22 18:26:13.964,2.0305,2.0308,2.40,3.40
2007.10.22 18:26:17.534,2.0305,2.03075,2.40,0.90
2007.10.22 18:26:18.644,2.0305,2.03075,2.40,0.50
2007.10.22 18:26:22.547,2.0305,2.03075,2.40,0.50
2007.10.22 18:26:25.627,2.0305,2.0308,2.40,3.40
2007.10.22 18:26:25.866,2.0305,2.03075,2.40,0.60
2007.10.22 18:26:27.574,2.0305,2.03075,2.40,0.80
2007.10.22 18:26:28.231,2.0305,2.03075,2.40,0.90
2007.10.22 18:26:28.450,2.0305,2.03075,2.40,0.60
2007.10.22 18:26:28.668,2.0305,2.0308,2.40,15.40
2007.10.22 18:26:28.920,2.0305,2.03075,2.40,0.70
2007.10.22 18:26:29.138,2.0305,2.0308,2.40,7.40
2007.10.22 18:26:29.381,2.0305,2.0308,2.40,3.40
2007.10.22 18:26:29.683,2.0305,2.0308,2.40,3.40
2007.10.22 18:26:30.786,2.0305,2.0308,2.40,3.40
2007.10.22 18:26:30.978,2.0305,2.0308,2.40,3.40
2007.10.22 18:26:31.171,2.0305,2.0308,2.40,3.40
2007.10.22 18:26:31.363,2.03055,2.03075,1.60,0.60
2007.10.22 18:26:32.250,2.03055,2.0308,1.60,3.40
2007.10.22 18:26:32.597,2.03055,2.0308,1.60,3.40
2007.10.22 18:26:32.993,2.03055,2.0308,1.60,3.40
2007.10.22 18:26:35.010,2.03055,2.0308,1.60,3.40
2007.10.22 18:26:36.250,2.03055,2.03075,1.60,1.00
2007.10.22 18:26:36.887,2.03055,2.03075,1.60,9.00
2007.10.22 18:26:37.092,2.03055,2.03075,1.60,9.00
2007.10.22 18:26:37.284,2.03055,2.03075,1.60,9.00
2007.10.22 18:26:37.477,2.03055,2.03075,1.60,9.00
2007.10.22 18:26:42.006,2.0305,2.03075,2.40,9.00
2007.10.22 18:26:42.358,2.0305,2.03075,2.40,9.00
2007.10.22 18:26:42.634,2.0305,2.03075,2.40,9.00
2007.10.22 18:26:42.865,2.0305,2.03075,2.40,1.00
2007.10.22 18:26:43.067,2.0305,2.03075,2.40,1.00
2007.10.22 18:26:43.270,2.0305,2.03075,2.40,1.00
2007.10.22 18:26:43.493,2.0305,2.03075,2.40,9.00
2007.10.22 18:26:44.747,2.0305,2.03075,2.40,9.00
2007.10.22 18:26:45.684,2.0305,2.03075,2.40,9.00
2007.10.22 18:26:47.190,2.0305,2.03075,2.40,9.00
2007.10.22 18:26:47.659,2.0305,2.03075,2.40,9.00
2007.10.22 18:26:50.011,2.0305,2.03075,2.40,9.00
2007.10.22 18:26:50.183,2.0305,2.03075,2.40,9.40
2007.10.22 18:26:50.356,2.0305,2.03075,2.40,11.40
2007.10.22 18:26:50.528,2.0305,2.03075,2.40,11.20
2007.10.22 18:26:50.701,2.0305,2.03065,2.40,1.00
2007.10.22 18:26:50.874,2.03045,2.03065,9.60,1.00
2007.10.22 18:26:51.209,2.03045,2.0307,11.20,2.40
2007.10.22 18:26:51.565,2.03045,2.0307,11.20,2.40
2007.10.22 18:26:52.689,2.03045,2.0307,11.20,2.40
2007.10.22 18:26:53.401,2.0304,2.0307,13.60,2.40
2007.10.22 18:26:56.676,2.03045,2.0307,3.90,2.40
2007.10.22 18:26:56.819,2.03045,2.0307,4.80,2.40
2007.10.22 18:26:56.962,2.0304,2.0307,19.20,2.40
2007.10.22 18:26:57.149,2.0304,2.0307,19.20,2.40
2007.10.22 18:26:57.406,2.03045,2.0307,5.00,2.40
2007.10.22 18:26:57.665,2.0304,2.0307,13.60,2.40
2007.10.22 18:27:02.741,2.0304,2.0307,13.60,2.40
2007.10.22 18:27:06.225,2.03045,2.0307,3.20,2.40
2007.10.22 18:27:06.443,2.0304,2.0307,13.60,2.40
2007.10.22 18:27:06.662,2.0304,2.0307,13.60,2.40
2007.10.22 18:27:06.922,2.0304,2.03065,12.00,1.00
2007.10.22 18:27:07.140,2.0304,2.03065,4.00,1.00
2007.10.22 18:27:07.358,2.0304,2.03065,4.00,1.00
2007.10.22 18:27:07.574,2.0304,2.03065,4.00,1.00
2007.10.22 18:27:07.792,2.0304,2.03065,4.00,1.00
2007.10.22 18:27:08.210,2.0304,2.03065,4.00,1.00
2007.10.22 18:27:09.166,2.0304,2.03065,4.00,1.00
2007.10.22 18:27:09.379,2.0304,2.03065,4.00,1.00
2007.10.22 18:27:09.975,2.0304,2.0307,5.60,2.40
2007.10.22 18:27:10.718,2.0304,2.0307,5.60,2.40
2007.10.22 18:27:10.924,2.03045,2.0307,1.20,2.40
2007.10.22 18:27:11.112,2.03045,2.0307,1.10,2.40
2007.10.22 18:27:11.482,2.03045,2.0307,0.50,2.40
2007.10.22 18:27:11.672,2.0304,2.0307,13.60,2.40
2007.10.22 18:27:11.861,2.03045,2.0307,1.80,2.40
2007.10.22 18:27:12.134,2.03045,2.0307,1.20,2.40
2007.10.22 18:27:12.734,2.03045,2.0307,1.50,2.40
2007.10.22 18:27:13.007,2.03045,2.0307,1.30,2.40
2007.10.22 18:27:13.285,2.0304,2.03065,4.00,1.00
2007.10.22 18:27:14.502,2.03045,2.03065,0.60,1.00
2007.10.22 18:27:15.111,2.03045,2.03065,0.50,1.00
2007.10.22 18:27:15.269,2.03045,2.03065,0.70,1.00
2007.10.22 18:27:16.001,2.03045,2.0307,0.80,2.40
2007.10.22 18:27:17.815,2.03045,2.0307,1.60,2.40
2007.10.22 18:27:19.967,2.03045,2.0307,1.00,2.40
2007.10.22 18:27:20.101,2.03045,2.0307,1.10,2.40
2007.10.22 18:27:20.234,2.0304,2.0307,5.60,2.40
2007.10.22 18:27:20.476,2.03045,2.0307,2.10,2.40
2007.10.22 18:27:20.797,2.0304,2.0307,13.70,2.40
2007.10.22 18:27:21.219,2.03045,2.0307,2.40,2.40
2007.10.22 18:27:21.503,2.03045,2.0307,6.40,2.40
2007.10.22 18:27:21.785,2.0304,2.0307,16.00,2.40
2007.10.22 18:27:22.067,2.03045,2.0307,0.70,2.40
2007.10.22 18:27:22.836,2.03045,2.0307,3.20,2.40
2007.10.22 18:27:23.770,2.03045,2.0307,3.20,2.40
2007.10.22 18:27:24.083,2.03045,2.0307,11.20,2.40
2007.10.22 18:27:24.371,2.03045,2.0307,11.20,2.40
2007.10.22 18:27:24.686,2.03045,2.0307,12.00,2.40
2007.10.22 18:27:24.950,2.03045,2.0307,12.00,2.40
2007.10.22 18:27:25.213,2.03045,2.0307,3.20,2.40
2007.10.22 18:27:25.476,2.03045,2.0307,3.20,2.40
2007.10.22 18:27:25.739,2.03045,2.0307,3.20,2.40
2007.10.22 18:27:25.997,2.03045,2.0307,3.20,2.40
2007.10.22 18:27:26.255,2.03045,2.03065,1.60,1.00
2007.10.22 18:27:27.213,2.03045,2.03065,1.60,1.00
2007.10.22 18:27:27.415,2.03045,2.03065,1.60,1.00
2007.10.22 18:27:27.722,2.03045,2.03065,1.60,1.00
2007.10.22 18:27:27.935,2.03045,2.0307,3.20,2.40
2007.10.22 18:27:28.239,2.03045,2.03065,1.60,1.00
2007.10.22 18:27:28.422,2.03045,2.03065,1.60,1.80
2007.10.22 18:27:28.604,2.03045,2.03065,1.60,9.80
2007.10.22 18:27:29.076,2.03045,2.03065,1.60,11.30
2007.10.22 18:27:29.408,2.0304,2.03045,2.40,1.10
2007.10.22 18:27:29.741,2.03035,2.03045,4.80,0.80
2007.10.22 18:27:29.954,2.0303,2.03045,4.80,0.20
2007.10.22 18:27:30.167,2.0303,2.03045,2.40,0.70
2007.10.22 18:27:30.380,2.0303,2.03045,2.40,3.80
2007.10.22 18:27:30.696,2.0303,2.03045,2.40,3.80
2007.10.22 18:27:30.944,2.0303,2.03045,2.40,1.00
2007.10.22 18:27:31.192,2.0303,2.0305,2.40,2.40
2007.10.22 18:27:31.541,2.0303,2.03045,2.40,0.50
2007.10.22 18:27:31.789,2.0303,2.03045,2.40,2.40
2007.10.22 18:27:31.966,2.0303,2.03045,2.40,3.50
2007.10.22 18:27:32.156,2.0303,2.03045,2.40,3.50
2007.10.22 18:27:32.334,2.0303,2.03045,2.40,4.30
2007.10.22 18:27:32.512,2.0303,2.03045,2.40,4.80
2007.10.22 18:27:32.891,2.0303,2.03045,2.40,4.80
2007.10.22 18:27:33.127,2.0303,2.03045,2.40,4.80
2007.10.22 18:27:33.364,2.0303,2.03045,2.40,8.80
2007.10.22 18:27:33.628,2.0303,2.03045,2.40,8.10
2007.10.22 18:27:33.866,2.0303,2.03045,2.40,8.10
2007.10.22 18:27:34.456,2.0303,2.03045,2.40,7.80
2007.10.22 18:27:34.765,2.0303,2.03035,2.40,0.20
2007.10.22 18:27:34.888,2.0303,2.03045,2.40,7.80
2007.10.22 18:27:35.176,2.0303,2.03045,2.40,7.80
2007.10.22 18:27:35.300,2.0303,2.03045,2.40,3.00
2007.10.22 18:27:35.442,2.0303,2.03045,2.40,3.00
2007.10.22 18:27:36.169,2.0303,2.03045,2.40,7.00
2007.10.22 18:27:36.428,2.0303,2.03045,2.40,7.80
2007.10.22 18:27:36.685,2.0303,2.03045,2.40,8.00
2007.10.22 18:27:37.921,2.0303,2.03045,2.40,8.00
2007.10.22 18:27:38.568,2.0303,2.03045,2.40,7.80
2007.10.22 18:27:40.649,2.0303,2.03045,2.40,8.00
2007.10.22 18:27:40.752,2.0303,2.03045,2.40,7.80
2007.10.22 18:27:42.481,2.0303,2.03045,2.40,7.80
2007.10.22 18:27:42.645,2.0303,2.03045,2.40,7.80
2007.10.22 18:27:42.807,2.0303,2.03045,2.40,1.80
2007.10.22 18:27:42.971,2.0303,2.0305,2.40,2.40
2007.10.22 18:27:46.115,2.0303,2.0305,2.40,2.40
2007.10.22 18:27:46.272,2.0303,2.0305,2.40,2.40
2007.10.22 18:27:46.852,2.0303,2.0305,2.40,2.40
2007.10.22 18:27:47.160,2.0303,2.0305,2.40,2.40
2007.10.22 18:27:47.368,2.0303,2.03045,2.40,0.80
2007.10.22 18:27:47.646,2.0303,2.03045,2.40,3.80
2007.10.22 18:27:47.943,2.0303,2.03045,2.40,3.80
2007.10.22 18:27:48.220,2.0303,2.03045,2.40,3.80
2007.10.22 18:27:48.548,2.0303,2.03045,2.40,3.80
2007.10.22 18:27:48.875,2.0303,2.03045,2.40,3.80
2007.10.22 18:27:49.203,2.0303,2.03045,2.40,3.80
2007.10.22 18:27:51.258,2.0303,2.03045,2.40,3.00
2007.10.22 18:27:51.495,2.03035,2.03055,1.60,1.00
2007.10.22 18:27:52.225,2.03035,2.03055,1.60,1.00
2007.10.22 18:27:52.393,2.03035,2.03055,1.60,1.00
2007.10.22 18:27:52.736,2.03035,2.03055,1.60,1.00
2007.10.22 18:27:52.938,2.03035,2.03055,1.60,1.00
2007.10.22 18:27:53.153,2.03035,2.03055,1.60,1.00
2007.10.22 18:27:53.340,2.0303,2.03055,2.40,1.00
2007.10.22 18:27:53.850,2.03035,2.03055,1.60,1.00
2007.10.22 18:27:54.214,2.03035,2.03055,1.60,1.80
2007.10.22 18:27:54.508,2.0303,2.03055,2.40,15.80
2007.10.22 18:27:54.822,2.0303,2.0305,2.40,2.40
2007.10.22 18:27:57.733,2.0303,2.0305,0.80,2.40
2007.10.22 18:27:58.017,2.0303,2.0305,0.60,2.40
2007.10.22 18:28:03.042,2.0303,2.0305,1.50,2.40
2007.10.22 18:28:03.246,2.03025,2.0305,19.30,2.40
2007.10.22 18:28:03.353,2.0303,2.0305,1.60,2.40
2007.10.22 18:28:03.460,2.0303,2.0305,0.70,2.40
2007.10.22 18:28:03.568,2.03025,2.0305,19.30,2.40
2007.10.22 18:28:03.833,2.03025,2.0305,19.30,2.40
2007.10.22 18:28:04.165,2.03025,2.0305,11.30,2.40
2007.10.22 18:28:06.227,2.0303,2.03045,1.00,0.80
2007.10.22 18:28:06.405,2.03025,2.03045,5.60,2.80
2007.10.22 18:28:06.584,2.0303,2.03045,0.90,2.80
2007.10.22 18:28:06.762,2.0303,2.03045,0.80,3.80
2007.10.22 18:28:06.979,2.03025,2.03045,4.00,3.80
2007.10.22 18:28:07.197,2.03025,2.03045,4.00,3.80
2007.10.22 18:28:08.067,2.03025,2.03045,4.00,3.80
2007.10.22 18:28:13.096,2.0303,2.03045,1.50,3.80
2007.10.22 18:28:18.123,2.03025,2.03045,4.00,3.80
2007.10.22 18:28:18.633,2.0303,2.03045,1.50,3.80
2007.10.22 18:28:21.141,2.0303,2.03045,0.50,0.50
2007.10.22 18:28:22.803,2.03025,2.0305,4.00,10.70
2007.10.22 18:28:22.976,2.0302,2.0305,10.40,19.20
2007.10.22 18:28:23.149,2.0302,2.0305,10.40,19.20
2007.10.22 18:28:23.430,2.0303,2.03045,0.80,0.90
2007.10.22 18:28:23.762,2.0303,2.03045,0.90,0.70
2007.10.22 18:28:24.741,2.0302,2.0305,10.40,19.80
2007.10.22 18:28:24.944,2.03015,2.0304,10.80,3.20
2007.10.22 18:28:25.147,2.03015,2.0304,4.00,8.60
2007.10.22 18:28:25.350,2.03015,2.0304,4.00,8.60
2007.10.22 18:28:25.632,2.03015,2.03045,8.40,20.60
2007.10.22 18:28:26.305,2.0302,2.0304,0.60,0.70
2007.10.22 18:28:26.492,2.03015,2.03045,8.40,20.60
2007.10.22 18:28:26.723,2.0302,2.0304,0.80,0.50
2007.10.22 18:28:26.923,2.03015,2.03045,8.40,20.60
2007.10.22 18:28:27.245,2.0302,2.0304,2.40,0.60
2007.10.22 18:28:27.461,2.0302,2.03045,2.40,20.60
2007.10.22 18:28:27.665,2.0302,2.03045,2.40,20.80
2007.10.22 18:28:27.868,2.0302,2.0304,2.40,0.60
2007.10.22 18:28:28.167,2.0302,2.03045,2.40,20.60
2007.10.22 18:28:28.337,2.0302,2.03045,2.40,20.80
2007.10.22 18:28:28.575,2.0302,2.0304,2.40,0.50
2007.10.22 18:28:28.812,2.0302,2.03045,2.40,20.80
2007.10.22 18:28:29.051,2.0302,2.03045,2.40,20.60
2007.10.22 18:28:29.948,2.0302,2.03045,2.40,20.80
2007.10.22 18:28:30.161,2.0302,2.0304,2.40,0.60
2007.10.22 18:28:30.523,2.0302,2.03045,2.40,20.80
2007.10.22 18:28:30.725,2.0302,2.03045,2.40,20.60
2007.10.22 18:28:31.349,2.0302,2.0304,2.40,8.40
2007.10.22 18:28:31.551,2.0302,2.03035,2.40,0.60
2007.10.22 18:28:31.719,2.0302,2.03035,2.40,0.90
2007.10.22 18:28:32.697,2.0302,2.0304,2.40,11.80
2007.10.22 18:28:33.183,2.0302,2.0304,2.40,11.80
2007.10.22 18:28:34.390,2.0302,2.03035,2.40,0.70
2007.10.22 18:28:34.698,2.0302,2.0304,2.40,11.80
2007.10.22 18:28:34.805,2.0302,2.0304,2.40,15.80
2007.10.22 18:28:34.913,2.0302,2.03035,2.40,0.50
2007.10.22 18:28:35.021,2.0302,2.0304,2.40,15.80
2007.10.22 18:28:35.314,2.0302,2.03035,2.40,0.80
2007.10.22 18:28:35.421,2.0301,2.0303,4.80,0.60
2007.10.22 18:28:35.530,2.0301,2.03035,4.80,8.60
2007.10.22 18:28:35.777,2.0301,2.03035,4.80,12.60
2007.10.22 18:28:36.025,2.0301,2.0303,2.40,0.80
2007.10.22 18:28:36.273,2.0301,2.0303,2.40,0.70
2007.10.22 18:28:36.724,2.0301,2.03035,2.40,8.60
2007.10.22 18:28:37.145,2.0301,2.0303,2.40,0.90
2007.10.22 18:28:37.273,2.0301,2.03035,2.40,12.60
2007.10.22 18:28:37.884,2.0301,2.03035,2.40,12.60
2007.10.22 18:28:38.216,2.0301,2.03035,2.40,12.60
2007.10.22 18:28:38.548,2.0301,2.03035,2.40,12.60
2007.10.22 18:28:38.995,2.0301,2.03035,2.40,12.60
2007.10.22 18:28:39.248,2.0301,2.0303,2.40,0.70
2007.10.22 18:28:39.501,2.0301,2.03035,2.40,8.60
2007.10.22 18:28:39.959,2.0301,2.03035,2.40,8.60
2007.10.22 18:28:40.260,2.0301,2.03035,2.40,6.20
2007.10.22 18:28:40.487,2.03015,2.03035,1.60,6.20
2007.10.22 18:28:40.714,2.0301,2.03035,2.40,10.20
2007.10.22 18:28:40.941,2.0302,2.0303,2.40,0.70
2007.10.22 18:28:41.185,2.0302,2.0304,2.40,16.60
2007.10.22 18:28:41.833,2.0302,2.0304,2.40,16.60
2007.10.22 18:28:42.116,2.0302,2.03035,2.40,0.60
2007.10.22 18:28:42.339,2.0302,2.0304,2.40,12.60
2007.10.22 18:28:42.712,2.0302,2.03035,2.40,0.70
2007.10.22 18:28:43.230,2.0302,2.03035,2.40,0.50
2007.10.22 18:28:43.494,2.0301,2.03035,4.80,8.60
2007.10.22 18:28:43.758,2.0301,2.0303,4.80,0.80
2007.10.22 18:28:44.020,2.0301,2.03035,2.40,8.60
2007.10.22 18:28:45.391,2.0301,2.03035,2.40,8.60
2007.10.22 18:28:46.203,2.0301,2.03035,2.40,8.60
2007.10.22 18:28:48.261,2.0301,2.03035,2.40,8.60
2007.10.22 18:28:50.485,2.0301,2.03035,2.40,8.60
2007.10.22 18:28:51.301,2.0301,2.03035,2.40,6.20
2007.10.22 18:28:51.519,2.0301,2.0303,2.40,0.90
2007.10.22 18:28:51.737,2.0301,2.03035,4.80,6.20
2007.10.22 18:28:51.953,2.0302,2.0304,2.40,12.60
2007.10.22 18:28:52.172,2.0302,2.03035,2.40,0.80
2007.10.22 18:28:53.027,2.0302,2.0304,2.40,12.60
2007.10.22 18:28:53.285,2.0302,2.03035,2.40,0.50
2007.10.22 18:28:53.482,2.0302,2.0304,2.40,12.60
2007.10.22 18:28:53.680,2.0302,2.0304,2.40,12.60
2007.10.22 18:28:54.221,2.0302,2.03035,2.40,0.50
2007.10.22 18:28:54.419,2.0302,2.0304,2.40,12.60
2007.10.22 18:28:54.792,2.0302,2.0304,2.40,12.60
2007.10.22 18:28:55.065,2.0302,2.0304,2.40,3.40
2007.10.22 18:28:55.338,2.0302,2.03045,2.40,20.80
2007.10.22 18:28:55.586,2.0302,2.03045,2.40,20.60
2007.10.22 18:28:55.834,2.0302,2.0304,2.40,0.70
2007.10.22 18:28:56.082,2.0302,2.03045,2.40,20.60
2007.10.22 18:28:56.331,2.0302,2.03045,2.40,20.80
2007.10.22 18:28:56.574,2.0302,2.03045,2.40,20.60
2007.10.22 18:28:58.222,2.0302,2.03045,2.40,20.80
2007.10.22 18:29:02.565,2.0302,2.03045,2.40,20.80
2007.10.22 18:29:03.295,2.0302,2.03045,2.40,20.80
2007.10.22 18:29:03.529,2.03015,2.03045,3.20,20.80
2007.10.22 18:29:03.767,2.03015,2.0304,3.20,0.60
2007.10.22 18:29:04.223,2.03015,2.03045,3.20,20.80
2007.10.22 18:29:04.524,2.03015,2.0304,3.20,0.70
2007.10.22 18:29:07.826,2.03015,2.0304,3.20,0.60
2007.10.22 18:29:08.133,2.03015,2.03045,3.20,28.80
2007.10.22 18:29:08.441,2.03015,2.03045,3.20,28.70
2007.10.22 18:29:08.749,2.03015,2.03045,3.20,28.70
2007.10.22 18:29:09.056,2.03015,2.0304,3.20,0.50
2007.10.22 18:29:09.274,2.03015,2.03045,3.20,28.50
2007.10.22 18:29:09.486,2.03015,2.03045,3.20,28.50
2007.10.22 18:29:09.699,2.03015,2.0304,3.20,0.70
2007.10.22 18:29:10.018,2.03015,2.03045,3.20,28.50
2007.10.22 18:29:10.506,2.03015,2.03045,3.20,28.50
2007.10.22 18:29:10.848,2.03015,2.03045,11.20,28.50
2007.10.22 18:29:11.011,2.03015,2.03035,9.60,0.50
2007.10.22 18:29:11.764,2.03015,2.03035,9.60,0.80
2007.10.22 18:29:12.454,2.03015,2.03035,1.60,0.80
2007.10.22 18:29:13.402,2.03015,2.03035,1.60,0.80
2007.10.22 18:29:15.268,2.03015,2.03035,1.60,0.70
2007.10.22 18:29:15.437,2.03015,2.0304,1.60,3.40
2007.10.22 18:29:16.094,2.0301,2.03035,2.40,0.60
2007.10.22 18:29:16.813,2.0301,2.0304,2.40,3.40
2007.10.22 18:29:16.981,2.0301,2.0304,2.40,11.40
2007.10.22 18:29:17.209,2.0301,2.0304,2.40,11.40
2007.10.22 18:29:18.134,2.03015,2.0304,1.60,11.40
2007.10.22 18:29:18.400,2.03015,2.03035,1.60,0.80
2007.10.22 18:29:18.953,2.03015,2.03045,3.20,28.50
2007.10.22 18:29:19.987,2.03015,2.0304,1.60,3.40
2007.10.22 18:29:20.184,2.03015,2.0304,1.60,11.90
2007.10.22 18:29:20.361,2.0301,2.03025,2.40,0.60
2007.10.22 18:29:20.540,2.03,2.0302,4.80,0.80
2007.10.22 18:29:20.717,2.03,2.03025,4.80,8.60
2007.10.22 18:29:20.895,2.03,2.03025,2.40,8.60
2007.10.22 18:29:23.351,2.03,2.03025,2.40,8.60
2007.10.22 18:29:23.853,2.03,2.03025,2.40,8.60
2007.10.22 18:29:26.108,2.03,2.03025,2.40,8.60
2007.10.22 18:29:26.430,2.03,2.0302,2.40,0.90
2007.10.22 18:29:26.677,2.03,2.03025,2.40,8.60
2007.10.22 18:29:26.926,2.03,2.03025,2.40,8.60
2007.10.22 18:29:27.174,2.03005,2.03025,4.40,3.40
2007.10.22 18:29:27.458,2.0301,2.03025,2.40,0.60
2007.10.22 18:29:27.686,2.0301,2.03025,2.40,0.60
2007.10.22 18:29:27.914,2.0301,2.03025,6.40,0.70
2007.10.22 18:29:28.142,2.0302,2.0303,2.40,0.50
2007.10.22 18:29:28.370,2.0302,2.03045,2.40,22.20
2007.10.22 18:29:28.862,2.0302,2.0304,2.40,2.40
2007.10.22 18:29:29.428,2.0302,2.0304,2.40,2.40
2007.10.22 18:29:29.919,2.03015,2.0304,5.20,2.40
2007.10.22 18:29:30.118,2.03015,2.03035,1.60,1.00
2007.10.22 18:29:30.314,2.03015,2.03035,1.60,1.00
2007.10.22 18:29:30.512,2.03015,2.03035,1.60,1.00
2007.10.22 18:29:30.700,2.03015,2.03035,0.20,1.00
2007.10.22 18:29:30.888,2.03015,2.03035,0.20,1.00
2007.10.22 18:29:31.076,2.03015,2.0304,1.70,2.40
2007.10.22 18:29:31.263,2.03015,2.03035,2.10,1.00
2007.10.22 18:29:31.452,2.03015,2.03035,4.50,1.00
2007.10.22 18:29:31.664,2.03015,2.0304,14.10,2.40
2007.10.22 18:29:31.972,2.0302,2.0304,2.40,2.40
2007.10.22 18:29:32.426,2.0302,2.0304,2.40,2.40
2007.10.22 18:29:32.937,2.0302,2.0304,2.40,2.40
2007.10.22 18:29:33.516,2.0302,2.0304,2.40,2.40
2007.10.22 18:29:35.494,2.0302,2.0304,2.40,0.50
2007.10.22 18:29:35.613,2.0302,2.03045,2.40,20.60
2007.10.22 18:29:38.066,2.0302,2.0304,2.40,0.70
2007.10.22 18:29:38.547,2.0302,2.03045,2.40,20.60
2007.10.22 18:29:39.515,2.0302,2.03045,2.40,20.60
2007.10.22 18:29:40.487,2.0302,2.03045,2.40,20.60
2007.10.22 18:29:40.694,2.0302,2.0304,2.40,0.50
2007.10.22 18:29:43.581,2.0302,2.0304,2.40,0.50
2007.10.22 18:29:45.952,2.0302,2.03045,2.40,20.60
2007.10.22 18:29:46.072,2.0302,2.0304,2.40,0.60
2007.10.22 18:29:46.557,2.0302,2.0304,2.40,0.50
2007.10.22 18:29:46.766,2.0302,2.03045,2.40,20.60
2007.10.22 18:29:46.974,2.0302,2.0304,2.40,0.80
2007.10.22 18:29:47.182,2.03015,2.0304,1.60,5.40
2007.10.22 18:29:47.391,2.0301,2.03035,2.40,0.90
2007.10.22 18:29:47.663,2.0301,2.03045,2.40,11.00
2007.10.22 18:29:47.936,2.0301,2.03035,2.40,0.90
2007.10.22 18:29:48.447,2.03015,2.03035,6.40,0.80
2007.10.22 18:29:48.639,2.03015,2.03035,7.20,0.70
2007.10.22 18:29:48.833,2.03015,2.03035,9.60,0.60
2007.10.22 18:29:49.027,2.0302,2.03035,2.40,0.90
2007.10.22 18:29:49.366,2.0302,2.03045,2.40,11.00
2007.10.22 18:29:49.674,2.03025,2.03035,1.60,0.90
2007.10.22 18:29:52.230,2.03025,2.03045,1.60,11.00
2007.10.22 18:29:52.676,2.03025,2.03045,1.60,9.00
2007.10.22 18:29:52.809,2.03025,2.0305,1.60,11.40
2007.10.22 18:29:53.397,2.03025,2.0305,1.60,3.40
2007.10.22 18:29:53.716,2.03025,2.0305,1.60,3.40
2007.10.22 18:29:54.035,2.03035,2.03045,6.80,0.50
2007.10.22 18:29:54.353,2.03055,2.0307,3.00,11.40
2007.10.22 18:29:54.605,2.03045,2.0307,11.30,0.70
2007.10.22 18:29:54.858,2.03045,2.0307,6.60,0.70
2007.10.22 18:29:55.112,2.03055,2.03075,0.30,18.60
2007.10.22 18:29:55.398,2.0305,2.0307,2.40,0.60
2007.10.22 18:29:55.635,2.03045,2.0306,8.00,0.80
2007.10.22 18:29:55.873,2.03045,2.0306,0.30,7.80
2007.10.22 18:29:56.113,2.0304,2.03065,7.20,8.80
2007.10.22 18:29:56.351,2.0304,2.03065,7.20,5.60
2007.10.22 18:29:56.589,2.03045,2.0307,0.80,6.00
2007.10.22 18:29:56.892,2.0304,2.03065,0.80,0.60
2007.10.22 18:29:57.196,2.03035,2.0307,9.60,3.60
2007.10.22 18:29:58.049,2.03035,2.0307,9.70,3.60
2007.10.22 18:29:58.246,2.03035,2.0307,9.70,3.60
2007.10.22 18:29:58.634,2.03035,2.03065,9.70,0.70
2007.10.22 18:29:59.100,2.03035,2.0307,9.60,3.80
2007.10.22 18:29:59.347,2.03035,2.03065,9.60,0.60
2007.10.22 18:30:01.172,2.03035,2.0307,1.60,3.60
2007.10.22 18:30:01.534,2.03035,2.03065,9.60,0.90
2007.10.22 18:30:01.763,2.03035,2.03065,12.40,0.50
2007.10.22 18:30:01.950,2.03045,2.03065,1.60,0.30
2007.10.22 18:30:02.138,2.03035,2.03065,21.70,0.70
2007.10.22 18:30:02.326,2.03045,2.0307,1.60,3.60
2007.10.22 18:30:02.514,2.03045,2.0307,1.60,3.60
2007.10.22 18:30:03.199,2.03045,2.0307,1.60,3.60
2007.10.22 18:30:03.498,2.03045,2.03065,1.60,0.90
2007.10.22 18:30:05.382,2.03045,2.03065,1.60,1.20
2007.10.22 18:30:05.691,2.03045,2.03065,1.60,1.20
2007.10.22 18:30:06.132,2.03045,2.03065,1.60,1.20
2007.10.22 18:30:07.842,2.03045,2.03065,1.90,1.20
2007.10.22 18:30:08.017,2.03045,2.03065,2.60,1.20
2007.10.22 18:30:08.190,2.03045,2.03065,4.60,1.20
2007.10.22 18:30:08.363,2.03045,2.03065,6.20,0.30
2007.10.22 18:30:08.536,2.03045,2.03065,5.40,0.30
2007.10.22 18:30:08.709,2.03045,2.03065,3.40,0.30
2007.10.22 18:30:10.443,2.03045,2.0306,3.40,2.40
2007.10.22 18:30:10.680,2.03045,2.0306,3.40,2.40
2007.10.22 18:30:10.918,2.03045,2.0306,0.30,2.40
2007.10.22 18:30:11.096,2.0304,2.0306,2.40,2.40
2007.10.22 18:30:12.309,2.0304,2.0306,2.40,2.40
2007.10.22 18:30:12.500,2.0304,2.0306,2.40,2.40
2007.10.22 18:30:12.664,2.03045,2.0306,0.80,2.40
2007.10.22 18:30:12.826,2.03045,2.0306,0.80,2.40
2007.10.22 18:30:13.029,2.0305,2.03065,2.40,3.20
2007.10.22 18:30:13.537,2.0305,2.03065,2.40,3.20
2007.10.22 18:30:13.825,2.0305,2.03065,2.40,3.20
2007.10.22 18:30:16.106,2.0305,2.03065,2.40,3.20
2007.10.22 18:30:16.594,2.0305,2.03065,2.40,3.20
2007.10.22 18:30:16.752,2.0305,2.03065,2.40,3.20
2007.10.22 18:30:16.910,2.0305,2.03065,2.40,3.10
2007.10.22 18:30:17.068,2.0305,2.03065,2.40,3.10
2007.10.22 18:30:17.361,2.0305,2.03065,2.40,3.90
2007.10.22 18:30:18.822,2.0305,2.03065,2.40,3.90
2007.10.22 18:30:19.053,2.0305,2.03065,2.40,3.90
2007.10.22 18:30:19.276,2.0305,2.03065,2.40,3.90
2007.10.22 18:30:20.067,2.0305,2.03065,2.40,2.80
2007.10.22 18:30:20.314,2.0305,2.03065,2.40,0.10
2007.10.22 18:30:21.896,2.03055,2.03065,0.20,0.10
2007.10.22 18:30:22.180,2.0305,2.03065,2.40,0.10
2007.10.22 18:30:22.463,2.0305,2.03065,2.40,0.10
2007.10.22 18:30:22.686,2.0305,2.03065,2.40,0.10
2007.10.22 18:30:23.566,2.0305,2.03065,2.40,0.10
2007.10.22 18:30:23.871,2.0305,2.03065,2.40,0.10
2007.10.22 18:30:24.200,2.0305,2.03065,2.40,0.10
2007.10.22 18:30:24.592,2.0305,2.03065,2.40,2.00
2007.10.22 18:30:24.860,2.0305,2.03065,2.40,3.90
2007.10.22 18:30:26.203,2.0305,2.03065,2.40,3.90
2007.10.22 18:30:27.039,2.03055,2.03065,0.08,3.80
2007.10.22 18:30:28.456,2.03055,2.03065,0.08,3.80
2007.10.22 18:30:28.574,2.03055,2.03065,0.08,10.20
2007.10.22 18:30:28.691,2.03055,2.0306,0.08,2.40
2007.10.22 18:30:28.808,2.03055,2.0306,0.08,2.40
2007.10.22 18:30:29.109,2.03055,2.0306,0.08,2.40
2007.10.22 18:30:30.068,2.03035,2.0306,4.00,2.40
2007.10.22 18:30:30.401,2.03035,2.0306,12.00,2.40
2007.10.22 18:30:30.733,2.03035,2.0306,11.40,2.40
2007.10.22 18:30:30.896,2.03035,2.0306,3.20,2.40
2007.10.22 18:30:31.060,2.03035,2.0306,11.20,2.40
2007.10.22 18:30:31.223,2.03035,2.0306,12.30,2.40
2007.10.22 18:30:31.386,2.03035,2.0306,12.30,2.40
2007.10.22 18:30:31.548,2.03035,2.0306,20.00,2.40
2007.10.22 18:30:31.881,2.03035,2.0306,19.90,2.40
2007.10.22 18:30:32.213,2.0304,2.0306,2.40,2.40
2007.10.22 18:30:32.546,2.0304,2.0306,2.40,2.40
2007.10.22 18:30:33.924,2.0304,2.0306,2.40,2.40
2007.10.22 18:30:34.179,2.0304,2.0306,2.40,2.40
2007.10.22 18:30:34.376,2.0304,2.0306,2.40,2.40
2007.10.22 18:30:34.693,2.0304,2.0306,2.40,2.40
2007.10.22 18:30:34.981,2.0304,2.0306,2.40,2.40
2007.10.22 18:30:35.269,2.03035,2.0306,11.20,2.40
2007.10.22 18:30:35.556,2.03035,2.0306,11.20,2.40
2007.10.22 18:30:35.779,2.03035,2.0306,9.60,2.40
2007.10.22 18:30:38.080,2.03035,2.0306,9.60,0.80
2007.10.22 18:30:38.956,2.03035,2.03065,9.60,12.60
2007.10.22 18:30:43.977,2.03035,2.03065,9.60,12.60
2007.10.22 18:30:44.775,2.03035,2.03065,11.20,12.60
2007.10.22 18:30:47.024,2.03035,2.0306,11.20,0.70
2007.10.22 18:30:47.506,2.03035,2.03065,12.40,12.60
2007.10.22 18:30:47.633,2.03035,2.0306,14.40,0.60
2007.10.22 18:30:48.031,2.03035,2.03065,14.90,12.60
2007.10.22 18:30:48.160,2.03035,2.03065,21.30,8.60
2007.10.22 18:30:48.341,2.03035,2.0306,21.30,0.80
2007.10.22 18:30:48.561,2.03035,2.03065,21.20,8.60
2007.10.22 18:30:48.879,2.0304,2.03065,2.40,8.60
2007.10.22 18:30:50.598,2.0304,2.0306,2.40,0.50
2007.10.22 18:30:53.085,2.0304,2.03065,2.40,8.60
2007.10.22 18:30:54.024,2.0304,2.03065,2.40,8.60
2007.10.22 18:30:59.053,2.0304,2.03065,2.40,8.60
2007.10.22 18:31:04.080,2.0304,2.03065,2.40,8.60
2007.10.22 18:31:04.127,2.03035,2.03065,23.80,11.00
2007.10.22 18:31:09.098,2.0304,2.0306,1.20,2.40
2007.10.22 18:31:12.295,2.03045,2.0306,0.20,2.40
2007.10.22 18:31:12.494,2.03035,2.0306,25.10,2.40
2007.10.22 18:31:12.824,2.0304,2.0306,3.20,2.40
2007.10.22 18:31:13.117,2.0304,2.0306,8.00,2.40
2007.10.22 18:31:13.315,2.0304,2.0306,8.00,2.40
2007.10.22 18:31:13.638,2.0305,2.03065,0.70,3.00
2007.10.22 18:31:14.113,2.03045,2.03065,4.00,3.00
2007.10.22 18:31:19.136,2.03045,2.03065,4.00,3.00
2007.10.22 18:31:21.064,2.03045,2.03065,8.00,3.00
2007.10.22 18:31:21.257,2.03045,2.03065,8.10,3.00
2007.10.22 18:31:21.357,2.0305,2.0307,1.30,2.40
2007.10.22 18:31:21.895,2.0305,2.0307,0.60,2.40
2007.10.22 18:31:22.118,2.0305,2.0307,0.80,2.40
2007.10.22 18:31:24.076,2.0305,2.0307,1.40,2.40
2007.10.22 18:31:24.283,2.03045,2.0307,15.00,2.40
2007.10.22 18:31:24.492,2.03045,2.0307,14.10,2.40
2007.10.22 18:31:26.275,2.0305,2.0307,1.10,2.40
2007.10.22 18:31:26.382,2.03055,2.0307,0.80,2.40
2007.10.22 18:31:26.490,2.0305,2.0307,3.20,2.40
2007.10.22 18:31:26.607,2.03055,2.0307,0.80,2.40
2007.10.22 18:31:26.714,2.03065,2.0307,0.80,2.40
2007.10.22 18:31:26.823,2.03065,2.0307,0.20,2.40
2007.10.22 18:31:27.116,2.03055,2.03075,4.00,11.80
2007.10.22 18:31:27.409,2.0306,2.03075,0.70,3.80
2007.10.22 18:31:27.702,2.0305,2.0307,6.40,2.40
2007.10.22 18:31:27.995,2.03045,2.0307,15.30,2.40
2007.10.22 18:31:28.437,2.03045,2.0307,15.30,2.40
2007.10.22 18:31:29.173,2.03045,2.0307,15.30,2.40
2007.10.22 18:31:31.940,2.03045,2.0307,23.30,2.40
2007.10.22 18:31:32.372,2.0305,2.0307,0.50,2.40
2007.10.22 18:31:32.590,2.03045,2.0307,15.30,2.40
2007.10.22 18:31:34.203,2.03045,2.0307,15.30,2.40
2007.10.22 18:31:34.616,2.03045,2.0307,31.20,2.40
2007.10.22 18:31:34.819,2.03055,2.03075,0.60,2.00
2007.10.22 18:31:35.022,2.0305,2.03085,4.00,9.20
2007.10.22 18:31:35.224,2.0305,2.03085,4.00,14.30
2007.10.22 18:31:35.543,2.0305,2.03085,5.60,18.70
2007.10.22 18:31:35.861,2.0305,2.0308,5.60,2.40
2007.10.22 18:31:37.829,2.0305,2.0308,4.00,2.40
2007.10.22 18:31:39.076,2.0305,2.0308,4.00,2.40
2007.10.22 18:31:39.325,2.03045,2.0308,5.70,2.40
2007.10.22 18:31:39.669,2.0304,2.03075,4.00,1.00
2007.10.22 18:31:39.942,2.03045,2.03075,0.70,1.00
2007.10.22 18:31:40.216,2.03045,2.03075,1.00,1.00
2007.10.22 18:31:41.128,2.0304,2.03075,5.60,1.00
2007.10.22 18:31:41.391,2.0304,2.03075,22.70,1.00
2007.10.22 18:31:41.518,2.03045,2.03075,20.80,1.00
2007.10.22 18:31:41.649,2.0305,2.03075,4.00,1.00
2007.10.22 18:31:43.098,2.03055,2.03075,1.10,1.00
2007.10.22 18:31:43.426,2.0305,2.03075,4.00,1.00
2007.10.22 18:31:44.252,2.0305,2.03075,4.00,1.00
2007.10.22 18:31:44.663,2.0305,2.03075,4.00,1.00
2007.10.22 18:31:44.881,2.03045,2.03075,15.30,3.80
2007.10.22 18:31:45.223,2.03045,2.0307,15.30,2.40
2007.10.22 18:31:49.277,2.0305,2.0307,1.20,2.40
2007.10.22 18:31:49.933,2.03045,2.0307,15.60,2.40
2007.10.22 18:31:54.304,2.0305,2.0307,0.50,2.40
2007.10.22 18:31:54.511,2.03045,2.0307,23.60,2.40
2007.10.22 18:32:02.739,2.03045,2.0307,23.50,2.40
2007.10.22 18:32:03.460,2.03045,2.0307,24.40,2.40
2007.10.22 18:32:03.837,2.03045,2.0307,24.40,2.40
2007.10.22 18:32:04.345,2.03045,2.0307,24.40,2.40
2007.10.22 18:32:07.268,2.03045,2.0307,25.50,2.40
2007.10.22 18:32:07.395,2.03045,2.0307,26.10,2.40
2007.10.22 18:32:07.582,2.03045,2.0307,26.10,2.40
2007.10.22 18:32:07.770,2.03045,2.0307,26.20,2.40
2007.10.22 18:32:07.957,2.0305,2.0307,1.60,2.40
2007.10.22 18:32:09.364,2.03045,2.0307,27.80,2.40
2007.10.22 18:32:10.564,2.0305,2.0307,0.70,2.40
2007.10.22 18:32:14.399,2.0305,2.0307,0.70,2.40
2007.10.22 18:32:17.570,2.03035,2.03075,41.80,3.00
2007.10.22 18:32:19.421,2.03045,2.03075,6.40,3.00
2007.10.22 18:32:20.390,2.03035,2.03075,41.70,3.00
2007.10.22 18:32:20.612,2.03035,2.03075,41.70,3.00
2007.10.22 18:32:20.719,2.03045,2.03075,25.00,3.00
2007.10.22 18:32:20.827,2.03045,2.03075,23.50,3.00
2007.10.22 18:32:21.227,2.03045,2.03075,23.50,3.00
2007.10.22 18:32:21.736,2.03055,2.0307,0.80,2.40
2007.10.22 18:32:21.959,2.03055,2.0307,1.30,2.40
2007.10.22 18:32:22.182,2.03055,2.0307,4.90,2.40
2007.10.22 18:32:22.404,2.03055,2.03075,13.10,3.80
2007.10.22 18:32:23.670,2.0306,2.03075,2.40,3.80
2007.10.22 18:32:24.439,2.0306,2.03075,2.40,3.80
2007.10.22 18:32:24.710,2.0306,2.03075,2.40,3.80
2007.10.22 18:32:24.868,2.0306,2.03075,2.40,3.80
2007.10.22 18:32:25.237,2.0306,2.03075,2.40,3.80
2007.10.22 18:32:25.654,2.0306,2.03075,2.40,3.80
2007.10.22 18:32:25.972,2.0306,2.03075,2.40,1.00
2007.10.22 18:32:26.170,2.0306,2.0308,2.40,2.40
2007.10.22 18:32:29.053,2.0306,2.0308,2.40,2.40
2007.10.22 18:32:29.262,2.0306,2.0308,2.40,2.40
2007.10.22 18:32:29.473,2.03065,2.0308,0.20,2.40
2007.10.22 18:32:31.748,2.0306,2.0308,2.40,2.40
2007.10.22 18:32:32.056,2.0306,2.0308,2.40,2.40
2007.10.22 18:32:32.239,2.0306,2.0308,2.40,2.40
2007.10.22 18:32:33.089,2.0306,2.0308,2.40,2.40
2007.10.22 18:32:34.498,2.0306,2.0308,2.40,2.40
2007.10.22 18:32:36.738,2.0306,2.03075,2.40,0.80
2007.10.22 18:32:36.900,2.0306,2.03075,2.40,2.80
2007.10.22 18:32:37.064,2.0306,2.03075,2.40,3.80
2007.10.22 18:32:38.147,2.0306,2.03075,2.40,3.80
2007.10.22 18:32:39.176,2.0306,2.03075,2.40,3.80
2007.10.22 18:32:39.526,2.0306,2.03075,2.40,3.80
2007.10.22 18:32:39.859,2.0306,2.03075,1.50,3.80
2007.10.22 18:32:41.031,2.03055,2.03075,13.20,3.80
2007.10.22 18:32:41.294,2.0306,2.03075,0.70,3.80
2007.10.22 18:32:41.588,2.03055,2.03075,14.10,3.80
2007.10.22 18:32:41.750,2.03055,2.03075,14.50,3.80
2007.10.22 18:32:41.912,2.0306,2.03075,2.60,3.80
2007.10.22 18:32:42.379,2.03065,2.03075,0.90,3.80
2007.10.22 18:32:42.700,2.0306,2.03075,1.00,1.80
2007.10.22 18:32:42.992,2.03055,2.03075,18.00,1.00
2007.10.22 18:32:43.286,2.0306,2.0308,0.70,2.40
2007.10.22 18:32:43.453,2.0306,2.0308,0.50,2.40
2007.10.22 18:32:43.827,2.03055,2.0308,24.10,2.40
2007.10.22 18:32:44.041,2.03055,2.0308,23.30,2.40
2007.10.22 18:32:44.244,2.03055,2.0308,19.50,2.40
2007.10.22 18:32:44.445,2.03055,2.0308,11.50,2.40
2007.10.22 18:32:44.731,2.03055,2.0308,4.00,2.40
2007.10.22 18:32:45.015,2.0305,2.0308,16.80,2.40
2007.10.22 18:32:45.298,2.0305,2.0308,13.70,2.40
2007.10.22 18:32:45.566,2.0305,2.0308,12.10,2.40
2007.10.22 18:32:45.833,2.03055,2.0308,0.60,2.40
2007.10.22 18:32:47.330,2.0305,2.0308,4.00,2.40
2007.10.22 18:32:49.575,2.0305,2.0308,4.00,2.40
2007.10.22 18:32:50.554,2.0305,2.0308,4.80,2.40
2007.10.22 18:32:51.491,2.0305,2.03075,4.80,1.00
2007.10.22 18:32:54.241,2.0305,2.0308,6.40,2.40
2007.10.22 18:32:54.591,2.0305,2.0308,6.40,2.40
2007.10.22 18:32:54.776,2.03055,2.0308,0.50,2.40
2007.10.22 18:32:54.903,2.03055,2.0308,2.20,2.40
2007.10.22 18:32:55.216,2.0305,2.0308,8.40,2.40
2007.10.22 18:32:55.529,2.0305,2.0308,28.20,2.40
2007.10.22 18:32:55.841,2.03055,2.0308,24.20,2.40
2007.10.22 18:32:57.739,2.0306,2.03075,0.80,0.80
2007.10.22 18:32:57.892,2.03055,2.03075,17.00,0.80
2007.10.22 18:32:58.044,2.03055,2.03075,14.90,2.80
2007.10.22 18:32:58.232,2.0306,2.03075,0.50,3.80
2007.10.22 18:32:59.212,2.03055,2.03075,12.80,3.80
2007.10.22 18:32:59.616,2.03055,2.03075,12.80,3.80
2007.10.22 18:33:01.819,2.03055,2.03075,19.20,3.80
2007.10.22 18:33:01.933,2.03055,2.03075,22.80,1.00
2007.10.22 18:33:02.045,2.0306,2.03075,0.60,1.00
2007.10.22 18:33:02.158,2.03055,2.0308,24.20,2.40
2007.10.22 18:33:04.643,2.03055,2.0308,24.20,2.40
2007.10.22 18:33:09.158,2.03055,2.0308,26.60,2.40
2007.10.22 18:33:09.661,2.0306,2.0308,0.50,2.40
2007.10.22 18:33:14.680,2.03055,2.0308,24.20,2.40
2007.10.22 18:33:19.708,2.03055,2.0308,24.20,2.40
2007.10.22 18:33:21.058,2.03055,2.0308,16.20,2.40
2007.10.22 18:33:22.996,2.03055,2.0308,17.70,2.40
2007.10.22 18:33:23.209,2.0306,2.0308,2.60,2.40
2007.10.22 18:33:23.728,2.03055,2.0308,17.70,2.40
2007.10.22 18:33:23.917,2.0306,2.0308,0.90,2.40
2007.10.22 18:33:24.728,2.03055,2.0308,17.70,2.40
2007.10.22 18:33:28.062,2.03055,2.0308,25.30,2.40
2007.10.22 18:33:28.286,2.03055,2.0308,24.10,2.40
2007.10.22 18:33:29.094,2.03055,2.0308,16.10,2.40
2007.10.22 18:33:29.752,2.03055,2.0308,16.10,2.40
2007.10.22 18:33:30.491,2.0306,2.0308,1.60,2.40
2007.10.22 18:33:30.699,2.03055,2.0308,16.10,2.40
2007.10.22 18:33:30.906,2.03055,2.0308,16.40,2.40
2007.10.22 18:33:31.113,2.03055,2.0308,24.40,2.40
2007.10.22 18:33:34.777,2.03045,2.03085,46.70,3.00
2007.10.22 18:33:36.375,2.03045,2.03085,46.60,3.00
2007.10.22 18:33:36.629,2.0306,2.03075,0.50,2.80
2007.10.22 18:33:36.766,2.0306,2.03075,1.00,3.80
2007.10.22 18:33:36.903,2.03055,2.03075,11.40,3.80
2007.10.22 18:33:37.646,2.0306,2.03075,2.40,3.80
2007.10.22 18:33:37.849,2.0306,2.03075,2.40,3.00
2007.10.22 18:33:38.186,2.0306,2.03075,2.40,3.00
2007.10.22 18:33:39.793,2.0306,2.03075,2.40,3.00
2007.10.22 18:33:42.149,2.0306,2.03075,2.40,3.00
2007.10.22 18:33:42.309,2.03055,2.03075,16.20,3.00
2007.10.22 18:33:42.462,2.03055,2.03065,15.50,0.60
2007.10.22 18:33:42.671,2.03055,2.03065,15.20,0.60
2007.10.22 18:33:42.883,2.0306,2.03065,1.40,0.90
2007.10.22 18:33:43.095,2.03045,2.03065,27.60,0.70
2007.10.22 18:33:43.308,2.03045,2.03065,26.80,1.80
2007.10.22 18:33:43.521,2.03045,2.03065,22.40,3.80
2007.10.22 18:33:43.734,2.0305,2.03065,1.50,3.80
2007.10.22 18:33:44.046,2.0305,2.03065,1.50,3.00
2007.10.22 18:33:44.360,2.03045,2.03065,18.10,3.00
2007.10.22 18:33:44.673,2.0305,2.03065,0.90,3.00
2007.10.22 18:33:45.920,2.03045,2.03065,18.30,3.00
2007.10.22 18:33:46.209,2.0305,2.03065,1.00,3.00
2007.10.22 18:33:46.496,2.03055,2.0307,1.00,2.40
2007.10.22 18:33:47.697,2.0305,2.0307,10.50,2.40
2007.10.22 18:33:47.869,2.03055,2.0307,2.10,2.40
2007.10.22 18:33:49.843,2.03055,2.0307,1.50,2.40
2007.10.22 18:33:54.422,2.03055,2.0307,1.70,2.40
2007.10.22 18:33:54.632,2.03055,2.0307,2.30,2.40
2007.10.22 18:33:54.869,2.03055,2.0307,3.40,2.40
2007.10.22 18:33:55.300,2.0305,2.0307,10.40,2.40
2007.10.22 18:33:56.138,2.03045,2.0307,24.80,2.40
2007.10.22 18:33:56.259,2.03045,2.0307,24.70,2.40
2007.10.22 18:33:56.472,2.03045,2.0307,24.60,2.40
2007.10.22 18:33:56.806,2.03045,2.0307,21.40,2.40
2007.10.22 18:33:56.922,2.03045,2.0307,21.10,2.40
2007.10.22 18:33:57.035,2.03045,2.0307,20.90,2.40
2007.10.22 18:33:57.368,2.03045,2.0307,20.90,2.40
2007.10.22 18:33:59.461,2.03045,2.03075,23.30,8.60
2007.10.22 18:33:59.886,2.03045,2.03075,20.90,8.60
2007.10.22 18:34:03.377,2.03045,2.03075,21.20,8.60
2007.10.22 18:34:04.008,2.03045,2.03075,21.20,8.60
2007.10.22 18:34:04.437,2.0305,2.0307,0.80,0.80
2007.10.22 18:34:04.768,2.03045,2.03075,21.20,8.60
2007.10.22 18:34:04.956,2.0305,2.0307,0.90,0.50
2007.10.22 18:34:05.144,2.03045,2.03075,13.20,8.60
2007.10.22 18:34:05.332,2.0305,2.0307,0.70,0.90
2007.10.22 18:34:05.683,2.03045,2.03075,21.30,8.60
2007.10.22 18:34:06.001,2.0305,2.03075,2.60,8.60
2007.10.22 18:34:06.319,2.0305,2.03075,10.50,8.60
2007.10.22 18:34:06.491,2.0305,2.03075,2.60,8.60
2007.10.22 18:34:07.160,2.03055,2.0307,0.30,0.70
2007.10.22 18:34:07.683,2.0305,2.03075,2.80,8.60
2007.10.22 18:34:07.875,2.03055,2.0307,0.60,0.80
2007.10.22 18:34:08.068,2.0305,2.03075,2.80,8.60
2007.10.22 18:34:08.261,2.03055,2.0307,0.40,0.70
2007.10.22 18:34:08.453,2.0305,2.03075,8.30,6.20
2007.10.22 18:34:08.731,2.0305,2.03075,14.70,5.40
2007.10.22 18:34:09.010,2.0306,2.03075,0.80,0.70
2007.10.22 18:34:09.287,2.0306,2.03075,0.80,0.80
2007.10.22 18:34:09.564,2.0306,2.03075,0.50,0.80
2007.10.22 18:34:09.931,2.03055,2.0308,17.20,7.80
2007.10.22 18:34:10.582,2.0306,2.0308,2.40,7.80
2007.10.22 18:34:10.997,2.0306,2.03075,2.40,0.60
2007.10.22 18:34:11.983,2.0306,2.03075,2.40,0.70
2007.10.22 18:34:12.190,2.0306,2.0308,2.40,8.60
2007.10.22 18:34:12.317,2.0306,2.0308,2.40,8.60
2007.10.22 18:34:12.445,2.0305,2.0307,4.80,0.50
2007.10.22 18:34:12.693,2.0305,2.0307,4.80,0.50
2007.10.22 18:34:12.971,2.03055,2.0307,0.20,0.60
2007.10.22 18:34:13.219,2.03055,2.03075,0.30,8.60
2007.10.22 18:34:14.956,2.03055,2.0307,0.30,0.90
2007.10.22 18:34:18.920,2.03055,2.0308,0.30,10.20
2007.10.22 18:34:19.100,2.03055,2.0308,0.30,7.80
2007.10.22 18:34:19.213,2.0305,2.0308,2.40,3.40
2007.10.22 18:34:19.330,2.0305,2.0308,2.40,3.40
2007.10.22 18:34:19.550,2.0305,2.03075,2.40,0.60
2007.10.22 18:34:19.977,2.0305,2.0308,2.40,3.40
2007.10.22 18:34:20.294,2.0305,2.0308,2.40,3.40
2007.10.22 18:34:20.612,2.0305,2.0308,2.40,3.40
2007.10.22 18:34:21.378,2.0305,2.0308,2.40,3.40
2007.10.22 18:34:21.713,2.0305,2.03075,2.40,0.60
2007.10.22 18:34:21.896,2.03055,2.0308,1.60,3.40
2007.10.22 18:34:22.808,2.03055,2.03075,1.60,0.70
2007.10.22 18:34:23.621,2.03055,2.03075,1.60,0.50
2007.10.22 18:34:23.908,2.03055,2.0308,1.60,3.40
2007.10.22 18:34:24.066,2.03055,2.03075,1.60,0.50
2007.10.22 18:34:24.281,2.03055,2.03075,1.60,0.90
2007.10.22 18:34:24.414,2.03055,2.0308,1.60,3.40
2007.10.22 18:34:24.641,2.03055,2.03075,1.60,0.80
2007.10.22 18:34:25.004,2.03055,2.03075,1.60,0.50
2007.10.22 18:34:25.265,2.03055,2.0308,1.60,3.40
2007.10.22 18:34:26.185,2.03055,2.0308,1.60,3.40
2007.10.22 18:34:29.524,2.03055,2.0308,1.60,4.40
2007.10.22 18:34:30.028,2.03055,2.0308,1.60,3.40
2007.10.22 18:34:35.042,2.03055,2.0308,1.60,3.40
2007.10.22 18:34:38.448,2.03055,2.0308,1.60,3.40
2007.10.22 18:34:40.062,2.03055,2.0308,1.60,3.40
2007.10.22 18:34:40.221,2.0305,2.03075,2.40,0.60
2007.10.22 18:34:44.735,2.0305,2.0308,2.40,3.40
2007.10.22 18:34:44.938,2.03055,2.0308,1.60,3.40
2007.10.22 18:34:45.766,2.03055,2.03075,1.60,0.60
2007.10.22 18:34:50.106,2.03055,2.03075,1.60,0.50
2007.10.22 18:34:50.579,2.03055,2.03085,1.60,18.20
2007.10.22 18:34:50.717,2.03055,2.03075,1.70,0.80
2007.10.22 18:34:50.772,2.0305,2.03085,4.10,18.20
2007.10.22 18:34:51.102,2.03055,2.03075,0.70,0.70
2007.10.22 18:34:51.375,2.0305,2.03085,10.60,18.20
2007.10.22 18:34:51.647,2.03055,2.03075,0.50,0.70
2007.10.22 18:34:54.039,2.03055,2.03075,0.50,0.50
2007.10.22 18:34:54.172,2.0305,2.03075,10.40,1.30
2007.10.22 18:34:54.306,2.03055,2.03065,0.90,0.60
2007.10.22 18:34:54.438,2.03055,2.03065,0.50,0.50
2007.10.22 18:34:54.571,2.0304,2.0307,4.80,10.40
2007.10.22 18:34:54.704,2.0304,2.03055,0.90,0.70
2007.10.22 18:34:54.837,2.0304,2.03055,0.90,0.60
2007.10.22 18:34:54.969,2.03035,2.03065,24.10,4.00
2007.10.22 18:34:55.102,2.03035,2.0307,30.40,6.20
2007.10.22 18:34:55.394,2.03045,2.03055,0.90,0.60
2007.10.22 18:34:55.746,2.03045,2.03055,0.60,0.70
2007.10.22 18:34:56.040,2.03045,2.03065,0.70,0.50
2007.10.22 18:34:56.332,2.0304,2.03065,0.90,0.70
2007.10.22 18:34:56.555,2.03035,2.03085,36.30,38.20
2007.10.22 18:34:56.778,2.03045,2.03065,0.20,0.90
2007.10.22 18:34:57.001,2.0304,2.03085,6.60,36.60
2007.10.22 18:34:57.224,2.03045,2.03075,0.80,0.90
2007.10.22 18:34:59.223,2.0304,2.03075,14.60,1.00
2007.10.22 18:34:59.385,2.03045,2.03075,4.50,1.00
2007.10.22 18:34:59.548,2.03045,2.03075,5.10,1.00
2007.10.22 18:34:59.710,2.0304,2.03075,37.90,1.00
2007.10.22 18:34:59.953,2.03045,2.03075,14.50,1.00
2007.10.22 18:35:00.116,2.03045,2.03075,3.50,1.00
2007.10.22 18:35:00.279,2.03045,2.03075,1.50,1.00
2007.10.22 18:35:00.612,2.03045,2.03075,3.70,1.00
2007.10.22 18:35:01.673,2.03045,2.03065,0.60,1.00
2007.10.22 18:35:01.801,2.0304,2.03065,13.00,3.00
2007.10.22 18:35:05.178,2.0304,2.03065,13.00,3.00
2007.10.22 18:35:05.699,2.0304,2.03065,13.00,1.00
2007.10.22 18:35:05.916,2.03045,2.03075,2.60,1.00
2007.10.22 18:35:06.323,2.0304,2.03075,15.00,1.00
2007.10.22 18:35:06.540,2.0304,2.03075,19.50,1.00
2007.10.22 18:35:06.724,2.0304,2.03075,37.70,1.00
2007.10.22 18:35:06.906,2.03055,2.03075,1.10,1.00
2007.10.22 18:35:07.089,2.03055,2.03075,0.90,1.00
2007.10.22 18:35:07.291,2.0305,2.03075,1.90,1.00
2007.10.22 18:35:07.473,2.03045,2.03075,35.00,1.00
2007.10.22 18:35:07.752,2.03055,2.03075,1.20,1.00
2007.10.22 18:35:08.029,2.03055,2.03075,0.90,1.00
2007.10.22 18:35:08.307,2.0305,2.03075,6.40,1.00
2007.10.22 18:35:08.681,2.03055,2.03075,1.10,1.00
2007.10.22 18:35:09.028,2.0305,2.03075,6.40,1.00
2007.10.22 18:35:09.247,2.0305,2.03075,6.50,1.00
2007.10.22 18:35:09.464,2.03055,2.03075,3.30,1.00
2007.10.22 18:35:10.200,2.0305,2.03075,14.50,1.00
2007.10.22 18:35:15.226,2.03055,2.03075,0.90,1.00
2007.10.22 18:35:17.684,2.0305,2.03085,16.10,19.00
2007.10.22 18:35:20.246,2.03055,2.03085,11.30,19.00
2007.10.22 18:35:20.474,2.03055,2.03085,3.30,19.00
2007.10.22 18:35:21.150,2.03055,2.03085,11.30,19.00
2007.10.22 18:35:21.996,2.03055,2.03085,11.30,19.00
2007.10.22 18:35:24.017,2.03055,2.03085,11.40,19.00
2007.10.22 18:35:24.607,2.03055,2.03085,11.40,19.00
2007.10.22 18:35:24.825,2.03055,2.0308,11.20,3.20
2007.10.22 18:35:25.043,2.03055,2.0308,3.20,3.20
2007.10.22 18:35:25.260,2.03055,2.03075,1.60,9.00
2007.10.22 18:35:25.476,2.0305,2.03075,2.40,9.00
2007.10.22 18:35:26.010,2.0305,2.03075,2.40,9.00
2007.10.22 18:35:26.323,2.0305,2.03075,2.40,9.00
2007.10.22 18:35:26.602,2.03045,2.03075,11.80,9.00
2007.10.22 18:35:26.880,2.03045,2.03075,9.80,9.00
2007.10.22 18:35:27.157,2.03045,2.03075,9.80,9.00
2007.10.22 18:35:27.435,2.03045,2.03075,1.80,1.00
2007.10.22 18:35:28.478,2.03045,2.03075,1.80,1.00
2007.10.22 18:35:29.108,2.03045,2.03075,1.80,1.00
2007.10.22 18:35:29.843,2.03045,2.03075,1.90,1.00
2007.10.22 18:35:30.076,2.03045,2.03075,2.00,1.00
2007.10.22 18:35:30.309,2.03045,2.03075,10.00,9.00
2007.10.22 18:35:32.802,2.03045,2.03075,10.40,9.00
2007.10.22 18:35:32.980,2.03045,2.03075,11.10,9.00
2007.10.22 18:35:33.158,2.03045,2.03075,29.40,9.00
2007.10.22 18:35:33.335,2.03055,2.03075,1.60,9.00
2007.10.22 18:35:33.514,2.03055,2.03075,1.60,1.00
2007.10.22 18:35:33.734,2.03055,2.03075,1.60,1.00
2007.10.22 18:35:33.891,2.03055,2.03075,1.60,1.00
2007.10.22 18:35:34.185,2.03055,2.03075,1.60,1.00
2007.10.22 18:35:34.343,2.03055,2.03075,1.60,1.00
2007.10.22 18:35:34.501,2.03055,2.03075,1.60,1.00
2007.10.22 18:35:34.731,2.03055,2.0308,3.20,2.40
2007.10.22 18:35:35.135,2.03055,2.0308,3.20,2.40
2007.10.22 18:35:35.542,2.03055,2.0308,3.30,2.40
2007.10.22 18:35:35.863,2.03055,2.0308,3.50,2.40
2007.10.22 18:35:38.194,2.03055,2.0308,4.00,2.40
2007.10.22 18:35:38.382,2.03055,2.0308,4.10,2.40
2007.10.22 18:35:38.570,2.03055,2.0308,4.10,2.40
2007.10.22 18:35:38.868,2.03055,2.0308,4.10,2.40
2007.10.22 18:35:40.344,2.03055,2.0308,4.10,2.40
2007.10.22 18:35:40.728,2.03055,2.0308,4.30,2.40
2007.10.22 18:35:41.114,2.03055,2.0308,5.10,2.40
2007.10.22 18:35:41.387,2.03055,2.0308,7.60,2.40
2007.10.22 18:35:41.660,2.0306,2.0308,2.40,2.40
2007.10.22 18:35:41.933,2.0306,2.0308,2.40,2.40
2007.10.22 18:35:42.166,2.03055,2.0308,4.00,2.40
2007.10.22 18:35:42.399,2.03055,2.0308,3.50,2.40
2007.10.22 18:35:42.631,2.03055,2.0308,3.50,2.40
2007.10.22 18:35:44.115,2.03055,2.03075,1.90,1.00
2007.10.22 18:35:45.375,2.03055,2.03075,1.90,1.00
2007.10.22 18:35:49.630,2.03055,2.03075,1.90,1.00
2007.10.22 18:35:49.818,2.03055,2.03075,0.40,6.20
2007.10.22 18:35:50.138,2.03055,2.0307,0.40,2.40
2007.10.22 18:35:50.389,2.03055,2.0307,0.40,2.40
2007.10.22 18:35:52.281,2.03055,2.0307,0.40,2.40
2007.10.22 18:35:52.748,2.03055,2.0307,0.50,2.40
2007.10.22 18:35:52.936,2.03055,2.0307,0.90,2.40
2007.10.22 18:35:53.162,2.03055,2.03075,0.90,8.60
2007.10.22 18:35:53.596,2.03055,2.0307,0.50,0.70
2007.10.22 18:35:54.671,2.03055,2.03075,0.50,6.20
2007.10.22 18:35:54.858,2.03055,2.0307,0.50,0.50
2007.10.22 18:35:55.170,2.0306,2.0308,2.40,12.60
2007.10.22 18:35:55.413,2.0306,2.0308,2.40,12.60
2007.10.22 18:35:58.083,2.0306,2.0308,2.40,12.60
2007.10.22 18:35:58.607,2.0306,2.0308,2.40,15.00
2007.10.22 18:35:58.810,2.03055,2.03075,0.20,8.60
2007.10.22 18:35:59.014,2.03055,2.03075,0.20,8.60
2007.10.22 18:35:59.216,2.03055,2.03075,0.20,8.60
2007.10.22 18:36:00.436,2.03055,2.03075,0.20,8.60
2007.10.22 18:36:00.638,2.03055,2.0307,0.20,0.90
2007.10.22 18:36:00.852,2.03055,2.0307,0.30,0.60
2007.10.22 18:36:01.064,2.03055,2.0307,0.30,0.50
2007.10.22 18:36:01.276,2.0306,2.03075,2.40,0.80
2007.10.22 18:36:05.453,2.0306,2.03075,2.40,0.90
2007.10.22 18:36:06.650,2.0306,2.0308,2.40,12.60
2007.10.22 18:36:06.868,2.0306,2.03075,2.40,0.80
2007.10.22 18:36:08.788,2.0306,2.03075,2.40,0.50
2007.10.22 18:36:09.525,2.0306,2.03075,2.40,0.80
2007.10.22 18:36:10.151,2.0306,2.0308,2.40,12.60
2007.10.22 18:36:10.480,2.0306,2.0308,2.40,12.60
2007.10.22 18:36:10.707,2.0306,2.03075,2.40,0.90
2007.10.22 18:36:11.210,2.0306,2.0308,2.40,12.60
2007.10.22 18:36:11.523,2.0306,2.0308,2.40,12.60
2007.10.22 18:36:14.152,2.0306,2.0308,4.80,12.60
2007.10.22 18:36:15.510,2.0306,2.03075,4.80,0.80
2007.10.22 18:36:16.414,2.0305,2.0308,8.80,12.60
2007.10.22 18:36:18.645,2.03055,2.0308,4.80,12.60
2007.10.22 18:36:20.539,2.0306,2.03075,0.90,3.80
2007.10.22 18:36:23.192,2.03055,2.03075,4.80,3.80
2007.10.22 18:36:25.561,2.03055,2.03075,4.80,3.80
2007.10.22 18:36:28.310,2.03055,2.03075,4.80,3.80
2007.10.22 18:36:28.619,2.03055,2.03075,4.80,3.80
2007.10.22 18:36:30.583,2.03055,2.03075,4.80,3.80
2007.10.22 18:36:34.610,2.03055,2.03075,4.80,3.80
2007.10.22 18:36:35.608,2.03055,2.03075,4.80,3.80
2007.10.22 18:36:36.404,2.03055,2.03075,4.80,3.80
2007.10.22 18:36:37.117,2.03055,2.03075,4.80,3.80
2007.10.22 18:36:38.010,2.0306,2.03075,0.50,3.80
2007.10.22 18:36:39.984,2.03055,2.03075,12.80,3.80
2007.10.22 18:36:40.633,2.03055,2.03075,12.80,3.80
2007.10.22 18:36:43.355,2.0306,2.03075,0.60,3.80
2007.10.22 18:36:44.301,2.03055,2.03075,4.80,3.80
2007.10.22 18:36:45.665,2.0306,2.03075,2.40,3.80
2007.10.22 18:36:48.205,2.0306,2.03075,2.40,3.80
2007.10.22 18:36:49.891,2.03055,2.03075,8.00,3.00
2007.10.22 18:36:50.690,2.03055,2.03075,8.00,3.00
2007.10.22 18:36:52.781,2.03055,2.03075,8.00,5.40
2007.10.22 18:36:52.884,2.03055,2.0307,8.00,2.40
2007.10.22 18:36:52.988,2.0305,2.0307,4.80,2.40
2007.10.22 18:36:53.223,2.0305,2.0307,2.40,2.40
2007.10.22 18:36:55.719,2.0305,2.0307,2.40,2.40
2007.10.22 18:36:58.896,2.0305,2.0307,2.40,2.40
2007.10.22 18:37:00.070,2.03055,2.0307,0.30,2.40
2007.10.22 18:37:00.285,2.03055,2.0307,0.40,2.40
2007.10.22 18:37:00.500,2.03055,2.0307,0.50,2.40
2007.10.22 18:37:00.759,2.03055,2.0307,0.50,2.40
2007.10.22 18:37:01.017,2.03055,2.03075,0.50,1.00
2007.10.22 18:37:01.274,2.03055,2.0308,2.10,2.40
2007.10.22 18:37:01.651,2.03055,2.0308,2.10,2.40
2007.10.22 18:37:01.939,2.03055,2.0308,3.70,2.40
2007.10.22 18:37:03.175,2.03055,2.0308,3.70,2.40
2007.10.22 18:37:03.394,2.03055,2.0308,16.90,2.40
2007.10.22 18:37:03.786,2.0306,2.0308,2.40,2.40
2007.10.22 18:37:05.762,2.0306,2.0308,2.40,2.40
2007.10.22 18:37:10.858,2.0306,2.0308,2.40,2.40
2007.10.22 18:37:11.370,2.0306,2.0308,4.80,2.40
2007.10.22 18:37:11.542,2.0306,2.03085,4.80,19.80
2007.10.22 18:37:12.861,2.0306,2.0309,4.80,29.40
2007.10.22 18:37:15.917,2.0306,2.03085,4.80,19.80
2007.10.22 18:37:17.701,2.0306,2.03085,4.80,19.80
2007.10.22 18:37:17.955,2.0306,2.03085,4.80,19.80
2007.10.22 18:37:18.208,2.03065,2.03085,0.30,11.80
2007.10.22 18:37:18.400,2.03065,2.03085,0.40,7.80
2007.10.22 18:37:18.593,2.03065,2.03085,0.50,7.80
2007.10.22 18:37:18.790,2.03065,2.03085,0.90,7.80
2007.10.22 18:37:18.983,2.03065,2.03085,0.50,7.80
2007.10.22 18:37:19.176,2.03065,2.03085,8.50,7.80
2007.10.22 18:37:19.510,2.03065,2.03085,11.00,3.00
2007.10.22 18:37:19.842,2.0307,2.03085,4.80,3.00
2007.10.22 18:37:20.941,2.0307,2.03085,4.80,3.00
2007.10.22 18:37:25.305,2.0307,2.03085,4.80,3.00
2007.10.22 18:37:25.712,2.0307,2.03085,4.80,3.00
2007.10.22 18:37:25.920,2.0307,2.03085,2.40,3.00
2007.10.22 18:37:26.371,2.0307,2.03085,2.40,3.00
2007.10.22 18:37:27.721,2.0307,2.03085,2.40,3.00
2007.10.22 18:37:27.949,2.0307,2.03085,2.40,3.00
2007.10.22 18:37:28.457,2.0307,2.03085,2.40,3.00
2007.10.22 18:37:28.635,2.0307,2.03085,2.40,3.00
2007.10.22 18:37:29.496,2.0307,2.03085,2.40,3.00
2007.10.22 18:37:29.777,2.0307,2.03085,2.40,3.00
2007.10.22 18:37:29.974,2.0307,2.03085,2.40,1.00
2007.10.22 18:37:30.172,2.0307,2.03095,2.40,1.00
2007.10.22 18:37:30.370,2.0307,2.03095,2.40,1.00
2007.10.22 18:37:30.665,2.0307,2.03095,2.40,1.00
2007.10.22 18:37:30.989,2.0307,2.03095,2.40,1.00
2007.10.22 18:37:34.465,2.0307,2.03095,2.40,1.00
2007.10.22 18:37:34.727,2.0307,2.03095,2.40,1.00
2007.10.22 18:37:35.937,2.0307,2.03095,2.40,1.00
2007.10.22 18:37:36.138,2.0307,2.03095,2.40,1.00
2007.10.22 18:37:36.285,2.0307,2.03095,2.40,1.00
2007.10.22 18:37:36.433,2.0307,2.03095,2.40,1.00
2007.10.22 18:37:38.016,2.0307,2.03095,2.40,1.00
2007.10.22 18:37:38.431,2.0307,2.03095,2.40,1.00
2007.10.22 18:37:40.422,2.0307,2.03095,2.40,1.00
2007.10.22 18:37:41.044,2.0307,2.03095,2.40,1.00
2007.10.22 18:37:41.298,2.0307,2.03095,2.40,1.80
2007.10.22 18:37:41.520,2.0307,2.03095,2.40,3.80
2007.10.22 18:37:41.909,2.0307,2.0309,2.40,2.40
2007.10.22 18:37:44.545,2.0307,2.0309,2.40,2.40
2007.10.22 18:37:44.687,2.0307,2.0309,2.40,2.40
2007.10.22 18:37:44.831,2.0307,2.0309,2.40,2.40
2007.10.22 18:37:45.379,2.0307,2.0309,2.40,2.40
2007.10.22 18:37:46.067,2.0307,2.0309,2.40,2.40
2007.10.22 18:37:51.100,2.0307,2.0309,2.40,2.40
2007.10.22 18:37:51.780,2.0307,2.0309,2.40,2.40
2007.10.22 18:37:52.953,2.0307,2.0309,2.40,2.40
2007.10.22 18:37:53.789,2.0307,2.0309,2.40,2.40
2007.10.22 18:37:53.957,2.0307,2.0309,2.40,2.40
2007.10.22 18:37:54.624,2.0307,2.0309,2.40,2.40
2007.10.22 18:37:55.142,2.0307,2.0309,2.40,2.40
2007.10.22 18:37:56.126,2.0307,2.0309,2.40,2.40
2007.10.22 18:37:56.330,2.0307,2.0309,2.40,2.40
2007.10.22 18:37:56.955,2.0307,2.0309,2.40,2.40
2007.10.22 18:37:57.280,2.0307,2.0309,2.40,2.40
2007.10.22 18:38:00.184,2.0307,2.0309,2.40,2.40
2007.10.22 18:38:01.153,2.0307,2.0309,2.40,2.40
2007.10.22 18:38:01.351,2.0307,2.0309,2.40,2.40
2007.10.22 18:38:01.658,2.0307,2.0309,2.40,2.40
2007.10.22 18:38:01.966,2.03065,2.0309,13.20,2.40
2007.10.22 18:38:02.275,2.0306,2.03085,2.40,1.00
2007.10.22 18:38:02.583,2.03055,2.03085,1.60,1.00
2007.10.22 18:38:02.795,2.03055,2.03085,1.60,1.00
2007.10.22 18:38:03.008,2.03055,2.03085,1.60,1.00
2007.10.22 18:38:03.289,2.03055,2.03085,1.60,1.00
2007.10.22 18:38:03.502,2.03055,2.03085,1.60,1.00
2007.10.22 18:38:03.734,2.03055,2.03085,1.60,1.00
2007.10.22 18:38:03.967,2.03055,2.03085,1.60,1.00
2007.10.22 18:38:04.200,2.03055,2.03085,9.60,1.00
2007.10.22 18:38:04.707,2.03055,2.03085,9.60,1.00
2007.10.22 18:38:04.940,2.03055,2.03085,9.60,1.00
2007.10.22 18:38:05.328,2.03055,2.03085,9.60,12.90
2007.10.22 18:38:05.562,2.03055,2.03085,11.20,18.10
2007.10.22 18:38:06.056,2.03055,2.0308,11.20,2.40
2007.10.22 18:38:06.115,2.03055,2.03075,9.60,1.00
2007.10.22 18:38:07.068,2.03055,2.03075,8.00,1.00
2007.10.22 18:38:07.326,2.0305,2.03075,2.40,1.00
2007.10.22 18:38:07.584,2.03055,2.03075,8.00,1.00
2007.10.22 18:38:08.780,2.03055,2.03075,8.00,1.00
2007.10.22 18:38:09.005,2.0305,2.03075,2.40,1.00
2007.10.22 18:38:09.132,2.0305,2.03075,2.40,1.00
2007.10.22 18:38:11.207,2.0305,2.03075,2.40,1.00
2007.10.22 18:38:11.359,2.0305,2.03075,2.40,1.00
2007.10.22 18:38:11.872,2.03055,2.03075,1.60,1.00
2007.10.22 18:38:12.222,2.03055,2.0308,1.60,3.40
2007.10.22 18:38:13.631,2.03055,2.0308,1.60,3.40
2007.10.22 18:38:13.769,2.03055,2.03075,1.60,0.80
2007.10.22 18:38:13.967,2.0305,2.0308,2.40,10.20
2007.10.22 18:38:14.164,2.0305,2.0308,2.40,10.80
2007.10.22 18:38:14.362,2.0305,2.03075,2.40,6.80
2007.10.22 18:38:14.560,2.0305,2.0307,2.40,0.90
2007.10.22 18:38:14.902,2.0305,2.03075,2.40,10.80
2007.10.22 18:38:16.173,2.0305,2.03075,2.40,10.90
2007.10.22 18:38:16.388,2.0305,2.03075,2.40,29.30
2007.10.22 18:38:16.551,2.03045,2.03075,3.20,37.30
2007.10.22 18:38:16.713,2.0304,2.03065,2.40,0.90
2007.10.22 18:38:16.876,2.03035,2.03065,10.00,0.70
2007.10.22 18:38:17.237,2.03035,2.03065,10.00,0.60
2007.10.22 18:38:17.836,2.03035,2.0307,10.00,3.40
2007.10.22 18:38:18.164,2.03035,2.0307,20.00,3.40
2007.10.22 18:38:18.347,2.03035,2.0307,21.30,3.40
2007.10.22 18:38:18.530,2.0304,2.0307,2.40,3.40
2007.10.22 18:38:21.261,2.0304,2.03065,2.40,0.50
2007.10.22 18:38:26.286,2.0304,2.0307,2.40,3.40
2007.10.22 18:38:29.352,2.0304,2.0307,2.40,3.40
2007.10.22 18:38:29.768,2.0304,2.0307,2.40,3.40
2007.10.22 18:38:30.665,2.0304,2.0307,2.40,3.40
2007.10.22 18:38:31.130,2.0304,2.03065,2.40,1.60
2007.10.22 18:38:31.364,2.0304,2.03055,2.40,0.60
2007.10.22 18:38:31.645,2.03035,2.0306,9.60,4.00
2007.10.22 18:38:31.922,2.03035,2.03055,8.00,0.80
2007.10.22 18:38:32.200,2.0303,2.0306,2.40,5.40
2007.10.22 18:38:32.478,2.0303,2.0306,2.40,12.00
2007.10.22 18:38:32.761,2.0303,2.03055,2.40,0.60
2007.10.22 18:38:33.043,2.0303,2.03055,2.40,12.80
2007.10.22 18:38:33.368,2.0303,2.0305,2.40,0.60
2007.10.22 18:38:33.585,2.0303,2.03055,2.40,12.80
2007.10.22 18:38:34.311,2.0303,2.03055,2.40,12.60
2007.10.22 18:38:35.681,2.0303,2.03055,2.40,8.60
2007.10.22 18:38:35.987,2.0303,2.03055,2.40,12.60
2007.10.22 18:38:36.333,2.0303,2.03055,2.40,12.60
2007.10.22 18:38:36.565,2.03035,2.03055,9.60,0.70
2007.10.22 18:38:36.794,2.03035,2.0306,9.60,3.40
2007.10.22 18:38:37.024,2.03035,2.0306,8.00,3.40
2007.10.22 18:38:37.461,2.0303,2.0306,2.40,3.40
2007.10.22 18:38:39.887,2.0303,2.03055,2.40,0.80
2007.10.22 18:38:40.056,2.0303,2.03055,2.40,0.80
2007.10.22 18:38:40.224,2.0303,2.03055,2.40,0.90
2007.10.22 18:38:40.411,2.0303,2.0306,2.40,12.60
2007.10.22 18:38:40.619,2.0303,2.03055,2.40,12.60
2007.10.22 18:38:41.310,2.0303,2.0305,2.40,0.70
2007.10.22 18:38:41.564,2.0303,2.03055,2.40,8.60
2007.10.22 18:38:42.130,2.0303,2.03055,2.40,8.60
2007.10.22 18:38:42.525,2.0303,2.03055,2.40,8.80
2007.10.22 18:38:42.863,2.0303,2.0305,2.40,0.60
2007.10.22 18:38:43.157,2.0303,2.03055,2.40,17.20
2007.10.22 18:38:43.449,2.0303,2.03055,2.40,21.20
2007.10.22 18:38:44.224,2.0303,2.03055,2.40,20.80
2007.10.22 18:38:44.949,2.0303,2.0305,2.40,0.80
2007.10.22 18:38:46.380,2.0303,2.03055,2.40,12.80
2007.10.22 18:38:46.647,2.0303,2.0305,2.40,0.50
2007.10.22 18:38:47.008,2.0303,2.0305,2.40,0.50
2007.10.22 18:38:47.404,2.03025,2.03055,6.00,12.60
2007.10.22 18:38:47.717,2.03025,2.03045,1.60,0.70
2007.10.22 18:38:47.914,2.03025,2.0305,1.60,3.40
2007.10.22 18:38:48.175,2.03025,2.03045,1.60,0.80
2007.10.22 18:38:48.372,2.03025,2.03045,1.60,0.80
2007.10.22 18:38:48.569,2.03025,2.03045,1.60,0.60
2007.10.22 18:38:49.014,2.03025,2.0305,1.60,3.40
2007.10.22 18:38:49.632,2.03025,2.03045,1.60,0.60
2007.10.22 18:38:49.825,2.03025,2.0305,1.60,3.40
2007.10.22 18:38:50.017,2.03025,2.0305,1.60,3.40
2007.10.22 18:38:50.211,2.03025,2.03045,1.60,0.60
2007.10.22 18:38:50.683,2.03025,2.0305,1.60,3.40
2007.10.22 18:38:50.941,2.03025,2.03045,1.60,0.70
2007.10.22 18:38:51.199,2.03025,2.0305,1.60,3.40
2007.10.22 18:38:51.458,2.0302,2.03045,2.40,0.80
2007.10.22 18:38:51.716,2.0302,2.0305,2.40,3.40
2007.10.22 18:38:52.023,2.0302,2.0305,2.40,3.40
2007.10.22 18:38:52.332,2.0302,2.0305,2.40,3.40
2007.10.22 18:38:52.640,2.0302,2.0305,2.40,3.40
2007.10.22 18:38:52.947,2.0302,2.03035,2.40,0.80
2007.10.22 18:38:53.165,2.0301,2.0303,4.80,0.60
2007.10.22 18:38:53.383,2.0301,2.0303,2.40,0.50
2007.10.22 18:38:53.515,2.0301,2.0303,0.70,0.50
2007.10.22 18:38:53.601,2.03005,2.03035,22.80,15.80
2007.10.22 18:38:53.820,2.0301,2.0303,0.80,0.50
2007.10.22 18:38:54.490,2.03005,2.0304,22.80,11.00
2007.10.22 18:38:54.789,2.03015,2.03035,0.50,0.60
2007.10.22 18:38:55.124,2.03005,2.0304,25.70,10.20
2007.10.22 18:38:55.414,2.03005,2.03035,25.70,6.20
2007.10.22 18:38:56.432,2.0301,2.0303,0.50,0.90
2007.10.22 18:38:59.295,2.03005,2.03035,25.70,6.40
2007.10.22 18:38:59.548,2.0301,2.0303,0.60,0.50
2007.10.22 18:38:59.801,2.0301,2.0303,0.70,0.50
2007.10.22 18:39:00.287,2.0301,2.0303,0.60,0.80
2007.10.22 18:39:01.112,2.0301,2.0303,0.80,0.50
2007.10.22 18:39:01.350,2.0301,2.0303,0.90,0.70
2007.10.22 18:39:01.936,2.03005,2.03035,17.70,7.00
2007.10.22 18:39:06.481,2.03005,2.0303,17.70,2.40
2007.10.22 18:39:11.513,2.0301,2.0303,1.60,2.40
2007.10.22 18:39:13.073,2.0301,2.0303,0.80,2.40
2007.10.22 18:39:13.256,2.0301,2.0303,1.40,2.40
2007.10.22 18:39:13.521,2.0301,2.0303,1.40,2.40
2007.10.22 18:39:13.822,2.0301,2.0303,0.70,2.40
2007.10.22 18:39:15.069,2.03005,2.0303,13.70,2.40
2007.10.22 18:39:15.272,2.03005,2.0303,13.70,2.40
2007.10.22 18:39:15.700,2.0301,2.0303,0.60,2.40
2007.10.22 18:39:15.883,2.03005,2.0303,13.70,2.40
2007.10.22 18:39:16.530,2.03005,2.0303,13.70,2.40
2007.10.22 18:39:16.990,2.03005,2.0303,16.10,2.40
2007.10.22 18:39:17.218,2.03005,2.0303,16.10,2.40
2007.10.22 18:39:17.494,2.03005,2.0303,11.30,2.40
2007.10.22 18:39:17.752,2.03005,2.0303,13.70,2.40
2007.10.22 18:39:18.010,2.03005,2.0303,11.30,2.40
2007.10.22 18:39:18.268,2.0301,2.0303,1.20,2.40
2007.10.22 18:39:18.526,2.03005,2.0303,11.30,2.40
2007.10.22 18:39:21.558,2.0301,2.0303,2.40,2.40
2007.10.22 18:39:26.587,2.0301,2.0303,2.40,2.40
2007.10.22 18:39:28.988,2.0301,2.0303,2.40,2.40
2007.10.22 18:39:30.793,2.0301,2.03035,2.40,13.40
2007.10.22 18:39:30.879,2.0301,2.0303,2.40,0.60
2007.10.22 18:39:31.607,2.0301,2.03035,2.40,21.40
2007.10.22 18:39:31.929,2.0301,2.03035,2.40,21.60
2007.10.22 18:39:32.184,2.0301,2.0303,2.40,0.80
2007.10.22 18:39:32.447,2.0301,2.0303,2.40,0.80
2007.10.22 18:39:32.711,2.03,2.0302,4.80,3.40
2007.10.22 18:39:32.975,2.03,2.03015,2.40,0.60
2007.10.22 18:39:33.238,2.03,2.03025,2.40,11.00
2007.10.22 18:39:33.521,2.03,2.0302,2.40,0.90
2007.10.22 18:39:35.519,2.03,2.0303,2.40,11.00
2007.10.22 18:39:35.713,2.03,2.0303,2.40,6.60
2007.10.22 18:39:35.905,2.03,2.0303,2.40,3.40
2007.10.22 18:39:36.631,2.03,2.03025,2.40,0.60
2007.10.22 18:39:37.255,2.03,2.0303,2.40,3.60
2007.10.22 18:39:37.508,2.03,2.0303,2.40,3.40
2007.10.22 18:39:37.721,2.03,2.0303,2.40,3.40
2007.10.22 18:39:37.934,2.03,2.03025,2.40,0.90
2007.10.22 18:39:38.191,2.03,2.0303,2.40,5.40
2007.10.22 18:39:38.477,2.03,2.0303,2.40,9.40
2007.10.22 18:39:38.725,2.03,2.03025,2.40,0.60
2007.10.22 18:39:38.972,2.03,2.03025,2.40,0.80
2007.10.22 18:39:39.306,2.03,2.03025,2.40,9.20
2007.10.22 18:39:39.655,2.03,2.03025,2.40,9.40
2007.10.22 18:39:39.869,2.03,2.03025,2.40,9.20
2007.10.22 18:39:40.191,2.03,2.0302,2.40,0.50
2007.10.22 18:39:40.622,2.03,2.03025,2.40,17.30
2007.10.22 18:39:40.956,2.03,2.0302,2.40,0.50
2007.10.22 18:39:41.230,2.03,2.0302,2.40,0.90
2007.10.22 18:39:41.389,2.03,2.0302,2.40,0.90
2007.10.22 18:39:41.651,2.03,2.03025,2.40,17.70
2007.10.22 18:39:41.917,2.03,2.03025,2.40,18.30
2007.10.22 18:39:42.180,2.03,2.03025,2.40,17.40
2007.10.22 18:39:42.856,2.03,2.03025,2.40,17.20
2007.10.22 18:39:44.945,2.03,2.03025,2.40,17.40
2007.10.22 18:39:46.675,2.03,2.0302,2.40,0.50
2007.10.22 18:39:47.352,2.03,2.03025,2.40,16.80
2007.10.22 18:39:47.671,2.03,2.03025,2.40,20.80
2007.10.22 18:39:49.014,2.03,2.03025,2.40,21.40
2007.10.22 18:39:51.702,2.03,2.03025,2.40,21.40
2007.10.22 18:39:54.704,2.03,2.0302,2.40,0.50
2007.10.22 18:39:54.947,2.03,2.03025,2.40,13.30
2007.10.22 18:39:55.231,2.03,2.0302,2.40,0.90
2007.10.22 18:39:55.474,2.03,2.0302,2.40,0.70
2007.10.22 18:39:55.965,2.03,2.03025,2.40,12.60
2007.10.22 18:39:56.243,2.03005,2.0303,8.00,3.40
2007.10.22 18:39:56.521,2.03005,2.03025,8.00,0.90
2007.10.22 18:39:56.799,2.03005,2.03025,9.60,0.80
2007.10.22 18:39:57.011,2.03005,2.03025,1.60,0.80
2007.10.22 18:39:57.224,2.03005,2.03025,1.60,0.50
2007.10.22 18:39:57.437,2.03005,2.03025,1.60,0.80
2007.10.22 18:39:57.840,2.03005,2.0303,1.60,3.40
2007.10.22 18:39:58.073,2.03005,2.03025,1.60,0.50
2007.10.22 18:39:58.318,2.03,2.03025,2.40,0.80
2007.10.22 18:40:01.056,2.03005,2.03025,0.80,1.00
2007.10.22 18:40:01.268,2.03005,2.03025,2.80,1.00
2007.10.22 18:40:01.481,2.03005,2.0303,6.00,2.40
2007.10.22 18:40:01.694,2.0301,2.0303,2.40,2.40
2007.10.22 18:40:01.907,2.0301,2.0303,2.40,2.40
2007.10.22 18:40:02.180,2.0301,2.0303,2.40,2.40
2007.10.22 18:40:04.254,2.0301,2.0303,2.40,2.40
2007.10.22 18:40:05.091,2.0301,2.0303,2.40,2.40
2007.10.22 18:40:05.434,2.0301,2.0303,2.40,2.40
2007.10.22 18:40:05.857,2.0301,2.0303,2.40,2.40
2007.10.22 18:40:06.015,2.0301,2.0303,2.40,2.40
2007.10.22 18:40:06.348,2.03,2.03025,5.60,1.00
2007.10.22 18:40:06.682,2.03,2.03025,2.40,1.00
2007.10.22 18:40:07.014,2.03,2.03025,2.40,1.00
2007.10.22 18:40:07.525,2.03,2.03025,2.40,1.00
2007.10.22 18:40:08.587,2.03,2.03025,2.40,1.00
2007.10.22 18:40:08.780,2.03005,2.03025,1.60,1.00
2007.10.22 18:40:09.115,2.03005,2.03025,1.60,1.00
2007.10.22 18:40:09.307,2.03005,2.03025,1.60,1.00
2007.10.22 18:40:09.501,2.03005,2.03025,1.60,1.00
2007.10.22 18:40:09.695,2.03005,2.03025,1.60,1.00
2007.10.22 18:40:09.887,2.03005,2.03025,1.60,3.00
2007.10.22 18:40:10.080,2.03,2.03025,6.40,3.00
2007.10.22 18:40:10.415,2.03,2.03025,2.40,10.40
2007.10.22 18:40:10.747,2.03005,2.03025,1.60,3.80
2007.10.22 18:40:11.080,2.03005,2.03025,1.60,3.00
2007.10.22 18:40:11.303,2.03005,2.03025,1.60,1.00
2007.10.22 18:40:11.526,2.03005,2.03025,1.60,1.00
2007.10.22 18:40:11.748,2.03,2.03025,2.40,1.00
2007.10.22 18:40:12.218,2.03005,2.03025,1.60,1.00
2007.10.22 18:40:13.928,2.03005,2.03025,1.60,1.00
2007.10.22 18:40:14.086,2.03005,2.03025,1.60,1.00
2007.10.22 18:40:14.244,2.03005,2.03025,1.60,1.00
2007.10.22 18:40:14.417,2.03005,2.03025,1.60,1.00
2007.10.22 18:40:14.589,2.03005,2.03025,1.60,1.00
2007.10.22 18:40:14.869,2.03005,2.03025,1.60,1.00
2007.10.22 18:40:15.169,2.03005,2.03025,9.60,1.00
2007.10.22 18:40:15.568,2.03005,2.03025,9.60,1.00
2007.10.22 18:40:16.817,2.03005,2.03025,9.60,1.00
2007.10.22 18:40:17.313,2.03005,2.0303,11.20,2.40
2007.10.22 18:40:17.560,2.03005,2.0303,3.20,2.40
2007.10.22 18:40:17.808,2.03005,2.03035,3.20,1.00
2007.10.22 18:40:18.057,2.03005,2.03035,9.60,1.00
2007.10.22 18:40:18.304,2.03005,2.03035,9.60,1.00
2007.10.22 18:40:18.582,2.03005,2.03035,9.60,1.00
2007.10.22 18:40:19.087,2.03005,2.03035,16.00,1.00
2007.10.22 18:40:19.365,2.03005,2.03035,20.90,1.00
2007.10.22 18:40:19.721,2.03005,2.03035,20.90,1.00
2007.10.22 18:40:19.955,2.03015,2.03035,1.60,1.00
2007.10.22 18:40:20.188,2.03015,2.03035,1.60,1.00
2007.10.22 18:40:20.421,2.0301,2.03035,2.40,1.00
2007.10.22 18:40:20.664,2.03005,2.03035,13.70,1.00
2007.10.22 18:40:20.993,2.03005,2.03035,9.60,1.00
2007.10.22 18:40:21.235,2.03005,2.03035,9.60,1.00
2007.10.22 18:40:21.840,2.03005,2.03035,9.60,1.00
2007.10.22 18:40:22.216,2.03005,2.03035,9.60,1.60
2007.10.22 18:40:22.454,2.03005,2.03035,9.60,1.60
2007.10.22 18:40:22.702,2.03005,2.03035,9.60,8.80
2007.10.22 18:40:22.950,2.03005,2.03025,1.60,1.00
2007.10.22 18:40:23.199,2.03005,2.03025,1.60,1.00
2007.10.22 18:40:23.446,2.03005,2.0303,14.00,2.40
2007.10.22 18:40:23.744,2.0301,2.0303,2.40,2.40
2007.10.22 18:40:26.860,2.0301,2.0303,2.40,2.40
2007.10.22 18:40:27.266,2.0301,2.0303,2.40,2.40
2007.10.22 18:40:28.833,2.0301,2.0303,2.40,2.40
2007.10.22 18:40:29.461,2.0301,2.0303,2.40,2.40
2007.10.22 18:40:29.589,2.0301,2.03035,2.40,9.40
2007.10.22 18:40:29.877,2.0301,2.03035,2.40,1.00
2007.10.22 18:40:30.166,2.0301,2.03035,2.40,1.00
2007.10.22 18:40:30.453,2.03015,2.03035,1.60,1.00
2007.10.22 18:40:31.132,2.03015,2.03035,1.00,1.00
2007.10.22 18:40:31.884,2.03015,2.03035,0.60,1.00
2007.10.22 18:40:36.908,2.03015,2.03035,1.10,1.00
2007.10.22 18:40:38.718,2.0301,2.03035,4.00,1.00
2007.10.22 18:40:38.926,2.0301,2.03035,4.00,1.00
2007.10.22 18:40:39.169,2.03015,2.03035,1.10,3.00
2007.10.22 18:40:39.411,2.03015,2.03035,0.60,3.00
2007.10.22 18:40:39.654,2.0301,2.03035,4.00,3.00
2007.10.22 18:40:39.897,2.0301,2.03035,4.00,1.00
2007.10.22 18:40:40.140,2.03005,2.03035,25.70,1.00
2007.10.22 18:40:41.208,2.03005,2.03035,25.70,1.00
2007.10.22 18:40:41.479,2.03005,2.03035,25.70,1.00
2007.10.22 18:40:41.681,2.03015,2.03035,1.00,1.00
2007.10.22 18:40:41.884,2.03015,2.03035,1.20,1.00
2007.10.22 18:40:42.087,2.0301,2.03035,4.00,1.00
2007.10.22 18:40:42.335,2.0301,2.03035,12.00,1.00
2007.10.22 18:40:43.887,2.0301,2.03035,4.00,1.00
2007.10.22 18:40:44.109,2.0301,2.03035,12.00,1.00
2007.10.22 18:40:46.962,2.0301,2.03035,12.00,1.00
2007.10.22 18:40:48.107,2.03015,2.03035,3.20,1.00
2007.10.22 18:40:48.350,2.0301,2.03035,12.00,1.00
2007.10.22 18:40:48.513,2.03015,2.03035,0.90,1.00
2007.10.22 18:40:48.714,2.0301,2.03035,4.00,1.00
2007.10.22 18:40:48.876,2.0301,2.03035,1.20,1.00
2007.10.22 18:40:49.038,2.0301,2.03035,0.80,1.00
2007.10.22 18:40:49.201,2.03015,2.03035,3.50,1.00
2007.10.22 18:40:49.364,2.0301,2.03035,12.00,1.00
2007.10.22 18:40:49.696,2.03015,2.03035,1.80,1.00
2007.10.22 18:40:50.028,2.03015,2.03035,4.30,1.00
2007.10.22 18:40:51.153,2.03015,2.03035,1.40,1.00
2007.10.22 18:40:51.385,2.0301,2.03035,12.00,1.00
2007.10.22 18:40:51.668,2.0301,2.03035,12.00,1.00
2007.10.22 18:40:51.920,2.03005,2.03035,25.70,1.00
2007.10.22 18:40:52.191,2.03005,2.03035,25.70,1.00
2007.10.22 18:40:52.443,2.0301,2.03035,0.80,1.00
2007.10.22 18:40:52.821,2.03005,2.03035,25.90,1.00
2007.10.22 18:40:53.073,2.0301,2.03035,4.00,1.00
2007.10.22 18:40:55.754,2.0301,2.03035,4.00,1.00
2007.10.22 18:40:56.172,2.0301,2.03035,12.00,1.00
2007.10.22 18:40:57.007,2.0301,2.03035,12.00,1.00
2007.10.22 18:40:58.183,2.03015,2.03035,0.80,0.50
2007.10.22 18:40:58.264,2.0301,2.0304,12.00,3.40
2007.10.22 18:41:00.907,2.03015,2.03045,9.60,26.10
2007.10.22 18:41:02.030,2.03015,2.03035,9.60,0.70
2007.10.22 18:41:02.291,2.03015,2.03055,11.20,47.10
2007.10.22 18:41:03.013,2.03015,2.03035,9.60,0.80
2007.10.22 18:41:07.061,2.03015,2.03045,9.60,26.10
2007.10.22 18:41:12.080,2.03015,2.03035,9.60,0.90
2007.10.22 18:41:12.243,2.03015,2.03045,11.20,0.90
2007.10.22 18:41:12.908,2.03015,2.03035,9.60,0.90
2007.10.22 18:41:13.099,2.03015,2.03045,9.60,25.80
2007.10.22 18:41:13.327,2.03015,2.03045,9.60,26.20
2007.10.22 18:41:13.555,2.03015,2.03045,1.60,26.20
2007.10.22 18:41:14.229,2.03005,2.03035,20.10,0.60
2007.10.22 18:41:15.687,2.03005,2.03045,20.10,26.20
2007.10.22 18:41:15.829,2.03005,2.03045,20.10,26.10
2007.10.22 18:41:16.222,2.03005,2.03045,20.40,25.80
2007.10.22 18:41:16.440,2.03015,2.03045,9.60,25.90
2007.10.22 18:41:16.657,2.03015,2.03045,9.60,26.10
2007.10.22 18:41:17.052,2.03015,2.03045,9.60,25.80
2007.10.22 18:41:22.136,2.03015,2.03035,9.60,0.60
2007.10.22 18:41:23.570,2.03015,2.03045,9.60,26.10
2007.10.22 18:41:25.792,2.03015,2.03045,9.60,25.80
2007.10.22 18:41:26.342,2.03005,2.03035,20.90,1.00
2007.10.22 18:41:26.470,2.03005,2.03035,20.90,1.00
2007.10.22 18:41:27.158,2.03015,2.03035,1.70,1.00
2007.10.22 18:41:27.886,2.03015,2.03035,0.90,1.00
2007.10.22 18:41:28.462,2.03005,2.03035,25.90,1.00
2007.10.22 18:41:28.666,2.0301,2.03035,8.00,1.00
2007.10.22 18:41:29.344,2.0301,2.03035,8.00,1.00
2007.10.22 18:41:29.557,2.0301,2.03035,8.00,1.00
2007.10.22 18:41:29.720,2.03015,2.0304,1.60,2.40
2007.10.22 18:41:29.883,2.0301,2.0304,27.60,2.40
2007.10.22 18:41:30.046,2.03015,2.03045,1.10,1.00
2007.10.22 18:41:30.209,2.03015,2.03045,6.80,1.00
2007.10.22 18:41:30.372,2.0301,2.03045,38.00,1.00
2007.10.22 18:41:30.535,2.03015,2.03045,9.30,1.00
2007.10.22 18:41:30.773,2.0301,2.03045,39.40,1.00
2007.10.22 18:41:31.011,2.03015,2.03045,35.40,1.00
2007.10.22 18:41:31.694,2.03025,2.03045,0.70,1.00
2007.10.22 18:41:31.867,2.03025,2.03045,1.00,1.00
2007.10.22 18:41:32.115,2.03025,2.03045,0.60,1.00
2007.10.22 18:41:32.288,2.0302,2.03045,4.00,1.00
2007.10.22 18:41:32.461,2.03025,2.03045,0.50,1.00
2007.10.22 18:41:32.635,2.03025,2.03055,1.10,1.00
2007.10.22 18:41:32.922,2.0302,2.03055,4.00,1.00
2007.10.22 18:41:33.210,2.03025,2.03055,1.10,9.00
2007.10.22 18:41:33.498,2.0302,2.03055,4.00,11.20
2007.10.22 18:41:33.786,2.0302,2.03055,4.00,11.60
2007.10.22 18:41:34.021,2.03025,2.03055,0.90,3.00
2007.10.22 18:41:34.253,2.03025,2.03055,1.00,9.40
2007.10.22 18:41:34.598,2.0302,2.03055,5.60,11.20
2007.10.22 18:41:34.845,2.0302,2.0305,5.60,2.40
2007.10.22 18:41:34.998,2.0302,2.0305,5.60,2.40
2007.10.22 18:41:35.266,2.03025,2.0305,1.70,2.40
2007.10.22 18:41:35.795,2.0302,2.0305,5.60,2.40
2007.10.22 18:41:36.216,2.03025,2.0305,1.20,2.40
2007.10.22 18:41:36.633,2.0302,2.0305,5.60,2.40
2007.10.22 18:41:36.841,2.0302,2.03045,4.00,1.00
2007.10.22 18:41:37.049,2.0302,2.03045,4.00,1.00
2007.10.22 18:41:37.257,2.03025,2.03045,0.80,1.00
2007.10.22 18:41:37.464,2.03025,2.0305,1.40,2.40
2007.10.22 18:41:37.672,2.0302,2.0305,5.60,2.40
2007.10.22 18:41:37.979,2.0302,2.03045,0.90,1.00
2007.10.22 18:41:38.287,2.0302,2.03045,1.50,1.00
2007.10.22 18:41:38.594,2.03025,2.03045,0.80,1.00
2007.10.22 18:41:42.234,2.0302,2.03045,4.00,1.00
2007.10.22 18:41:43.274,2.0302,2.03045,4.00,1.00
2007.10.22 18:41:43.532,2.03025,2.0305,0.90,2.40
2007.10.22 18:41:43.808,2.0302,2.0305,5.60,2.40
2007.10.22 18:41:46.731,2.0302,2.03055,5.60,18.20
2007.10.22 18:41:46.884,2.0302,2.03055,5.60,11.80
2007.10.22 18:41:47.037,2.03025,2.03055,0.70,1.00
2007.10.22 18:41:47.220,2.0302,2.03055,4.00,1.00
2007.10.22 18:41:48.586,2.03025,2.03055,0.80,1.00
2007.10.22 18:41:51.558,2.03025,2.03055,0.60,1.00
2007.10.22 18:41:52.283,2.0302,2.03055,4.00,1.00
2007.10.22 18:41:52.812,2.03025,2.03055,0.60,1.00
2007.10.22 18:41:52.993,2.0302,2.03055,4.00,1.00
2007.10.22 18:41:53.234,2.0302,2.03055,4.20,1.00
2007.10.22 18:41:53.478,2.03025,2.03055,1.00,1.00
2007.10.22 18:41:53.790,2.03015,2.03055,28.20,1.00
2007.10.22 18:41:54.033,2.03015,2.03055,11.90,1.00
2007.10.22 18:41:54.276,2.03025,2.03055,0.50,1.00
2007.10.22 18:41:54.454,2.03015,2.03055,29.10,1.00
2007.10.22 18:41:54.631,2.03015,2.03055,29.10,1.00
2007.10.22 18:41:54.930,2.03025,2.03055,1.10,1.00
2007.10.22 18:41:57.299,2.03025,2.03055,1.60,1.00
2007.10.22 18:42:01.900,2.03025,2.03055,1.60,9.00
2007.10.22 18:42:02.323,2.03025,2.03055,1.60,9.00
2007.10.22 18:42:02.938,2.03025,2.03055,1.60,1.00
2007.10.22 18:42:06.536,2.0302,2.03055,4.00,1.00
2007.10.22 18:42:07.349,2.03025,2.03055,0.60,1.00
2007.10.22 18:42:08.600,2.03025,2.03055,0.70,2.10
2007.10.22 18:42:08.879,2.03025,2.03035,0.70,9.60
2007.10.22 18:42:09.071,2.03005,2.03025,16.40,1.00
2007.10.22 18:42:09.326,2.03005,2.03025,15.60,1.00
2007.10.22 18:42:09.519,2.03005,2.03025,30.00,1.00
2007.10.22 18:42:09.712,2.0301,2.03025,1.10,1.00
2007.10.22 18:42:09.905,2.03005,2.03025,30.10,1.00
2007.10.22 18:42:10.202,2.0301,2.03025,4.00,1.00
2007.10.22 18:42:10.500,2.03015,2.03025,0.70,1.00
2007.10.22 18:42:10.798,2.0301,2.03025,4.00,1.00
2007.10.22 18:42:10.976,2.0301,2.03035,4.00,1.00
2007.10.22 18:42:11.155,2.0301,2.03035,4.00,1.00
2007.10.22 18:42:12.154,2.0301,2.03035,4.00,1.00
2007.10.22 18:42:12.412,2.0301,2.03035,4.00,1.00
2007.10.22 18:42:12.789,2.03015,2.03035,0.50,1.00
2007.10.22 18:42:13.056,2.03005,2.03035,23.30,3.80
2007.10.22 18:42:13.331,2.0301,2.03035,0.70,3.80
2007.10.22 18:42:13.599,2.0301,2.0303,1.50,2.40
2007.10.22 18:42:13.868,2.03015,2.03035,1.00,1.80
2007.10.22 18:42:14.090,2.03015,2.03035,0.90,1.00
2007.10.22 18:42:14.313,2.0301,2.03035,4.00,1.00
2007.10.22 18:42:14.535,2.03015,2.03035,0.80,1.00
2007.10.22 18:42:16.478,2.0301,2.03035,4.00,1.00
2007.10.22 18:42:17.391,2.03015,2.03035,1.20,1.00
2007.10.22 18:42:19.633,2.0301,2.03035,4.00,1.00
2007.10.22 18:42:19.816,2.0301,2.03035,4.00,1.00
2007.10.22 18:42:20.466,2.0301,2.03035,4.00,1.00
2007.10.22 18:42:21.304,2.0301,2.03035,4.00,1.00
2007.10.22 18:42:21.446,2.0301,2.03035,4.00,3.80
2007.10.22 18:42:21.590,2.03005,2.03035,23.60,3.80
2007.10.22 18:42:21.732,2.03005,2.03035,23.30,3.80
2007.10.22 18:42:21.929,2.0301,2.0303,1.00,2.40
2007.10.22 18:42:22.418,2.0301,2.0303,0.60,2.40
2007.10.22 18:42:24.758,2.0301,2.0303,1.10,2.40
2007.10.22 18:42:24.921,2.03005,2.0303,23.30,2.40
2007.10.22 18:42:25.084,2.0301,2.0303,1.40,2.40
2007.10.22 18:42:25.247,2.03005,2.0303,19.30,2.40
2007.10.22 18:42:25.409,2.03005,2.0303,19.30,2.40
2007.10.22 18:42:25.769,2.03005,2.0303,19.30,2.40
2007.10.22 18:42:25.977,2.03005,2.0303,19.30,2.40
2007.10.22 18:42:26.184,2.03005,2.0303,23.30,2.40
2007.10.22 18:42:26.392,2.03005,2.03035,23.30,3.00
2007.10.22 18:42:26.580,2.03005,2.03035,23.50,1.00
2007.10.22 18:42:27.093,2.0301,2.03035,4.00,1.00
2007.10.22 18:42:27.446,2.0301,2.03035,4.00,1.00
2007.10.22 18:42:27.649,2.0301,2.03035,12.00,1.00
2007.10.22 18:42:28.304,2.0301,2.0304,13.60,2.40
2007.10.22 18:42:28.507,2.03015,2.03045,2.00,3.00
2007.10.22 18:42:28.747,2.03015,2.03045,2.10,1.00
2007.10.22 18:42:28.985,2.0301,2.03045,34.00,1.00
2007.10.22 18:42:29.223,2.03015,2.03045,3.90,1.00
2007.10.22 18:42:29.461,2.0302,2.03045,1.10,1.00
2007.10.22 18:42:30.649,2.03015,2.03045,31.40,1.00
2007.10.22 18:42:30.842,2.03015,2.03045,33.00,1.00
2007.10.22 18:42:31.035,2.0302,2.0305,12.40,2.40
2007.10.22 18:42:31.462,2.03025,2.0305,8.40,2.40
2007.10.22 18:42:31.676,2.0303,2.0305,1.20,2.40
2007.10.22 18:42:31.867,2.0303,2.03055,1.00,17.40
2007.10.22 18:42:32.049,2.0303,2.03055,0.50,1.00
2007.10.22 18:42:32.232,2.03025,2.03055,15.50,1.00
2007.10.22 18:42:32.414,2.03035,2.03055,0.80,1.00
2007.10.22 18:42:33.008,2.03035,2.03055,0.50,1.00
2007.10.22 18:42:35.942,2.03035,2.0306,1.60,4.20
2007.10.22 18:42:36.843,2.03035,2.0306,1.60,4.20
2007.10.22 18:42:37.000,2.03035,2.0306,1.60,4.20
2007.10.22 18:42:37.261,2.03035,2.0306,1.60,4.20
2007.10.22 18:42:37.419,2.03035,2.0306,1.60,4.20
2007.10.22 18:42:37.578,2.03035,2.03055,3.20,0.90
2007.10.22 18:42:40.949,2.03035,2.03055,3.20,0.90
2007.10.22 18:42:42.512,2.03035,2.03055,3.20,0.80
2007.10.22 18:42:47.544,2.03035,2.03055,3.20,0.70
2007.10.22 18:42:52.569,2.03035,2.0306,3.20,11.20
2007.10.22 18:42:57.273,2.03035,2.0306,3.20,11.20
2007.10.22 18:42:57.591,2.03035,2.0306,3.20,11.20
2007.10.22 18:42:57.759,2.03035,2.0306,3.20,10.40
2007.10.22 18:42:57.932,2.03035,2.03055,3.50,0.80
2007.10.22 18:42:58.105,2.03035,2.03065,3.60,29.30
2007.10.22 18:42:58.278,2.03035,2.0306,5.60,0.80
2007.10.22 18:42:58.450,2.03035,2.0307,5.60,16.60
2007.10.22 18:42:58.784,2.03035,2.03065,4.00,0.50
2007.10.22 18:42:59.116,2.03035,2.0307,13.60,5.80
2007.10.22 18:42:59.450,2.0304,2.0307,2.40,3.40
2007.10.22 18:42:59.632,2.0304,2.03065,2.40,0.90
2007.10.22 18:42:59.980,2.0304,2.03065,2.40,0.50
2007.10.22 18:43:00.164,2.0304,2.0307,2.40,11.40
2007.10.22 18:43:00.469,2.0304,2.03065,2.40,0.70
2007.10.22 18:43:00.651,2.03045,2.0307,1.60,3.40
2007.10.22 18:43:01.064,2.0304,2.03065,2.40,0.90
2007.10.22 18:43:02.125,2.0304,2.03065,2.40,0.70
2007.10.22 18:43:02.332,2.0304,2.03065,2.40,0.70
2007.10.22 18:43:02.540,2.03045,2.03065,1.60,0.60
2007.10.22 18:43:02.748,2.03045,2.03065,1.60,0.80
2007.10.22 18:43:03.010,2.03045,2.0307,1.60,11.40
2007.10.22 18:43:03.273,2.03045,2.0307,3.20,10.40
2007.10.22 18:43:03.535,2.03045,2.0307,1.60,11.40
2007.10.22 18:43:04.097,2.03045,2.03065,1.60,1.00
2007.10.22 18:43:04.716,2.03045,2.03065,1.60,1.00
2007.10.22 18:43:04.969,2.03045,2.03065,1.70,1.00
2007.10.22 18:43:05.186,2.03045,2.03065,1.70,1.00
2007.10.22 18:43:05.405,2.03045,2.03065,3.60,1.00
2007.10.22 18:43:05.623,2.03035,2.0304,8.50,2.40
2007.10.22 18:43:05.840,2.0303,2.03035,2.40,3.00
2007.10.22 18:43:06.154,2.0302,2.03035,2.40,3.00
2007.10.22 18:43:06.467,2.0302,2.03035,2.40,3.00
2007.10.22 18:43:06.779,2.0301,2.0303,2.40,2.40
2007.10.22 18:43:07.000,2.0301,2.0303,2.40,0.80
2007.10.22 18:43:07.002,2.0301,2.03035,2.40,5.80
2007.10.22 18:43:07.227,2.0301,2.03035,2.40,8.60
2007.10.22 18:43:07.451,2.0301,2.03035,2.40,7.80
2007.10.22 18:43:07.673,2.0301,2.0303,2.40,0.80
2007.10.22 18:43:07.896,2.0301,2.03035,2.40,6.60
2007.10.22 18:43:08.199,2.0301,2.0303,2.40,0.60
2007.10.22 18:43:08.502,2.0301,2.0303,2.40,0.70
2007.10.22 18:43:08.806,2.0301,2.03035,2.40,5.80
2007.10.22 18:43:09.043,2.03,2.03035,2.40,28.10
2007.10.22 18:43:09.282,2.03005,2.0303,2.00,0.80
2007.10.22 18:43:09.519,2.03005,2.0303,2.00,0.50
2007.10.22 18:43:09.756,2.03005,2.0303,2.00,0.80
2007.10.22 18:43:09.995,2.03005,2.0303,2.00,0.80
2007.10.22 18:43:10.188,2.02995,2.03035,8.10,37.10
2007.10.22 18:43:10.381,2.02995,2.0303,9.10,0.50
2007.10.22 18:43:10.574,2.02995,2.03035,8.70,36.10
2007.10.22 18:43:10.859,2.02995,2.03035,8.70,36.10
2007.10.22 18:43:11.052,2.02995,2.03025,18.10,0.70
2007.10.22 18:43:11.265,2.02995,2.03025,18.30,0.90
2007.10.22 18:43:11.478,2.03005,2.0303,0.50,3.40
2007.10.22 18:43:11.691,2.03005,2.0303,0.60,3.40
2007.10.22 18:43:11.967,2.03005,2.0303,2.40,3.40
2007.10.22 18:43:12.289,2.03005,2.0303,2.20,3.40
2007.10.22 18:43:12.606,2.03005,2.0303,2.00,3.40
2007.10.22 18:43:12.924,2.03005,2.03025,2.00,0.50
2007.10.22 18:43:13.243,2.03005,2.03025,2.00,1.50
2007.10.22 18:43:13.481,2.02985,2.03015,4.00,0.20
2007.10.22 18:43:13.719,2.0299,2.03025,2.40,35.40
2007.10.22 18:43:13.956,2.0299,2.03015,2.40,0.20
2007.10.22 18:43:14.195,2.0297,2.03015,4.80,0.20
2007.10.22 18:43:14.508,2.0297,2.03025,4.80,37.10
2007.10.22 18:43:14.820,2.0297,2.03015,4.80,0.60
2007.10.22 18:43:15.133,2.02965,2.03015,0.20,0.50
2007.10.22 18:43:15.376,2.02975,2.03015,0.30,0.50
2007.10.22 18:43:15.619,2.02975,2.0302,0.20,13.60
2007.10.22 18:43:15.861,2.02965,2.03025,14.00,32.10
2007.10.22 18:43:16.103,2.02975,2.0303,4.00,9.40
2007.10.22 18:43:16.397,2.02975,2.0303,4.00,6.40
2007.10.22 18:43:16.689,2.02965,2.03025,13.60,0.90
2007.10.22 18:43:16.982,2.02975,2.0303,4.00,14.50
2007.10.22 18:43:17.275,2.02975,2.03035,4.00,30.60
2007.10.22 18:43:17.483,2.02965,2.03025,12.00,18.00
2007.10.22 18:43:17.691,2.02965,2.03025,12.00,19.60
2007.10.22 18:43:17.899,2.02965,2.03025,12.40,18.30
2007.10.22 18:43:18.107,2.02975,2.0303,4.40,18.30
2007.10.22 18:43:18.440,2.02975,2.0303,4.40,20.70
2007.10.22 18:43:18.870,2.02975,2.0303,12.40,5.60
2007.10.22 18:43:19.202,2.02985,2.03025,1.60,2.60
2007.10.22 18:43:19.851,2.02985,2.03025,1.60,2.60
2007.10.22 18:43:20.054,2.03005,2.03015,5.20,0.80
2007.10.22 18:43:20.257,2.03005,2.0304,8.40,27.20
2007.10.22 18:43:20.540,2.0301,2.0304,4.80,27.00
2007.10.22 18:43:21.457,2.0301,2.0304,4.80,19.00
2007.10.22 18:43:21.754,2.0301,2.0304,4.80,19.00
2007.10.22 18:43:21.963,2.0301,2.0304,4.80,18.20
2007.10.22 18:43:22.171,2.0301,2.0304,4.80,26.20
2007.10.22 18:43:22.379,2.0301,2.03035,4.80,0.70
2007.10.22 18:43:22.627,2.0301,2.0304,4.80,18.20
2007.10.22 18:43:22.874,2.0301,2.0304,4.80,14.20
2007.10.22 18:43:23.208,2.0301,2.0304,4.80,14.20
2007.10.22 18:43:24.471,2.0301,2.0304,4.80,14.20
2007.10.22 18:43:25.199,2.0301,2.0304,4.80,14.20
2007.10.22 18:43:25.402,2.0301,2.03035,4.80,0.90
2007.10.22 18:43:25.600,2.03005,2.03035,11.60,10.20
2007.10.22 18:43:25.798,2.03005,2.03025,1.60,0.50
2007.10.22 18:43:25.996,2.03005,2.03025,1.60,0.70
2007.10.22 18:43:26.194,2.03005,2.03035,1.60,10.20
2007.10.22 18:43:26.392,2.03005,2.03035,1.60,10.20
2007.10.22 18:43:27.005,2.03005,2.03035,1.60,11.80
2007.10.22 18:43:27.327,2.03005,2.03035,1.60,11.80
2007.10.22 18:43:27.827,2.03005,2.03025,1.60,0.50
2007.10.22 18:43:28.060,2.02995,2.03035,1.70,27.80
2007.10.22 18:43:28.293,2.02995,2.03035,1.60,27.80
2007.10.22 18:43:28.525,2.02995,2.03035,1.60,27.80
2007.10.22 18:43:28.808,2.02995,2.0303,1.60,3.40
2007.10.22 18:43:29.091,2.02995,2.0303,1.60,3.40
2007.10.22 18:43:29.397,2.02995,2.03025,1.60,0.50
2007.10.22 18:43:29.620,2.02995,2.0303,1.60,3.40
2007.10.22 18:43:30.015,2.02995,2.0303,1.60,3.40
2007.10.22 18:43:30.239,2.02995,2.03025,1.60,0.70
2007.10.22 18:43:30.461,2.02995,2.03025,1.80,0.60
2007.10.22 18:43:30.709,2.02995,2.03025,1.80,0.90
2007.10.22 18:43:30.957,2.02995,2.0303,1.60,3.40
2007.10.22 18:43:31.205,2.02995,2.0303,1.60,3.40
2007.10.22 18:43:31.453,2.02995,2.0303,1.60,3.40
2007.10.22 18:43:31.710,2.02995,2.03025,1.60,0.70
2007.10.22 18:43:31.968,2.02995,2.03025,1.60,0.70
2007.10.22 18:43:32.226,2.02995,2.0303,1.60,3.60
2007.10.22 18:43:32.484,2.02995,2.0303,1.60,3.60
2007.10.22 18:43:32.762,2.02995,2.0303,1.60,3.40
2007.10.22 18:43:33.040,2.02995,2.0303,1.60,3.60
2007.10.22 18:43:33.318,2.02995,2.0303,1.60,3.40
2007.10.22 18:43:33.596,2.02995,2.0303,1.60,3.40
2007.10.22 18:43:33.894,2.02995,2.0303,1.80,3.40
2007.10.22 18:43:34.192,2.02995,2.03025,9.60,1.00
2007.10.22 18:43:34.548,2.02995,2.03025,9.60,1.00
2007.10.22 18:43:36.021,2.02995,2.03025,9.70,1.00
2007.10.22 18:43:36.179,2.02995,2.03025,1.90,1.00
2007.10.22 18:43:36.337,2.02995,2.03025,1.90,1.00
2007.10.22 18:43:36.495,2.02995,2.03025,2.30,1.00
2007.10.22 18:43:36.773,2.02995,2.03025,3.90,1.00
2007.10.22 18:43:37.050,2.02995,2.03025,15.10,1.00
2007.10.22 18:43:37.328,2.02995,2.03025,20.90,1.00
2007.10.22 18:43:37.605,2.02995,2.03025,14.50,1.00
2007.10.22 18:43:37.837,2.02995,2.03025,9.60,1.00
2007.10.22 18:43:38.070,2.02995,2.03025,9.60,1.00
2007.10.22 18:43:38.442,2.02995,2.03025,9.60,1.00
2007.10.22 18:43:39.203,2.02995,2.03025,1.60,1.00
2007.10.22 18:43:39.524,2.02995,2.03025,1.60,1.00
2007.10.22 18:43:39.842,2.02995,2.03025,1.60,1.00
2007.10.22 18:43:40.565,2.02995,2.03025,1.60,1.00
2007.10.22 18:43:41.453,2.02995,2.03025,1.60,1.00
2007.10.22 18:43:41.631,2.02995,2.03025,2.00,1.00
2007.10.22 18:43:41.808,2.02995,2.03025,1.90,1.00
2007.10.22 18:43:42.052,2.02995,2.03025,1.90,1.00
2007.10.22 18:43:42.295,2.02995,2.03025,9.90,1.00
2007.10.22 18:43:42.538,2.02995,2.03025,1.90,1.00
2007.10.22 18:43:42.898,2.02995,2.03025,1.90,1.00
2007.10.22 18:43:43.125,2.02995,2.03025,9.90,1.00
2007.10.22 18:43:43.397,2.02995,2.03025,9.90,1.00
2007.10.22 18:43:43.627,2.02995,2.03025,9.60,1.00
2007.10.22 18:43:43.855,2.03005,2.03035,1.60,1.00
2007.10.22 18:43:44.167,2.03005,2.03035,1.60,1.00
2007.10.22 18:43:44.926,2.03005,2.03035,1.60,1.00
2007.10.22 18:43:45.074,2.03005,2.03035,1.60,1.00
2007.10.22 18:43:45.221,2.03005,2.03035,1.60,1.20
2007.10.22 18:43:45.412,2.03005,2.03035,1.60,1.20
2007.10.22 18:43:45.560,2.03005,2.03035,1.60,1.20
2007.10.22 18:43:45.708,2.03005,2.03035,1.60,1.20
2007.10.22 18:43:45.856,2.03005,2.03035,1.60,3.20
2007.10.22 18:43:46.129,2.03005,2.03035,1.60,3.20
2007.10.22 18:43:46.470,2.03005,2.03035,1.60,4.00
2007.10.22 18:43:46.743,2.03005,2.03025,1.60,1.00
2007.10.22 18:43:47.016,2.03005,2.03025,1.60,1.00
2007.10.22 18:43:47.249,2.03005,2.03025,1.60,1.00
2007.10.22 18:43:47.482,2.03005,2.03025,1.60,1.00
2007.10.22 18:43:47.715,2.03005,2.03015,1.60,2.00
2007.10.22 18:43:47.948,2.02995,2.03015,10.30,3.00
2007.10.22 18:43:48.196,2.02985,2.0299,6.80,2.40
2007.10.22 18:43:48.444,2.02975,2.0299,1.60,4.80
2007.10.22 18:43:48.692,2.02975,2.0299,1.60,4.80
2007.10.22 18:43:48.973,2.0297,2.0299,2.40,4.80
2007.10.22 18:43:49.296,2.02965,2.0298,8.80,2.40
2007.10.22 18:43:49.620,2.02965,2.0298,8.80,2.40
2007.10.22 18:43:49.943,2.02965,2.0298,8.00,2.40
2007.10.22 18:43:50.166,2.02965,2.0298,8.00,2.40
2007.10.22 18:43:50.529,2.02965,2.0298,8.00,2.40
2007.10.22 18:43:50.752,2.02965,2.0298,8.00,2.40
2007.10.22 18:43:50.976,2.02965,2.0298,8.00,2.40
2007.10.22 18:43:51.294,2.02965,2.0298,8.00,2.40
2007.10.22 18:43:51.612,2.02965,2.03,8.00,2.40
2007.10.22 18:43:51.930,2.02965,2.03,8.50,2.40
2007.10.22 18:43:52.248,2.02965,2.02995,8.00,1.10
2007.10.22 18:43:52.501,2.02965,2.02975,8.00,0.60
2007.10.22 18:43:52.754,2.02965,2.02975,8.00,1.00
2007.10.22 18:43:53.008,2.02955,2.02975,16.70,1.20
2007.10.22 18:43:53.261,2.02955,2.02975,8.00,2.90
2007.10.22 18:43:53.516,2.0295,2.02975,2.40,3.80
2007.10.22 18:43:53.768,2.0295,2.02975,2.40,4.60
2007.10.22 18:43:54.021,2.0295,2.02975,2.40,3.80
2007.10.22 18:43:54.323,2.02955,2.02975,0.50,0.50
2007.10.22 18:43:54.626,2.02955,2.02975,0.70,0.50
2007.10.22 18:43:54.963,2.02955,2.02975,8.70,0.50
2007.10.22 18:43:55.271,2.02965,2.02985,0.30,1.00
2007.10.22 18:43:55.676,2.02975,2.02985,0.40,1.00
2007.10.22 18:43:55.825,2.02975,2.0299,1.60,2.40
2007.10.22 18:43:56.103,2.02975,2.0299,3.20,2.40
2007.10.22 18:43:56.347,2.02975,2.0299,11.20,2.40
2007.10.22 18:43:56.590,2.0297,2.0299,6.40,2.40
2007.10.22 18:43:56.833,2.0297,2.02985,4.00,1.00
2007.10.22 18:43:57.076,2.0297,2.02985,4.00,1.00
2007.10.22 18:43:57.389,2.02975,2.02995,0.80,1.00
2007.10.22 18:43:57.702,2.02965,2.02995,9.70,1.00
2007.10.22 18:43:58.014,2.02965,2.02995,13.70,1.00
2007.10.22 18:43:58.328,2.02975,2.02995,0.80,1.00
2007.10.22 18:43:58.585,2.02975,2.02995,0.80,1.00
2007.10.22 18:43:58.842,2.02975,2.02995,0.80,1.00
2007.10.22 18:43:59.100,2.02975,2.02995,0.80,1.00
2007.10.22 18:43:59.411,2.02975,2.02995,0.80,1.00
2007.10.22 18:43:59.680,2.02965,2.02995,9.70,1.00
2007.10.22 18:44:00.347,2.02965,2.02995,9.60,1.00
2007.10.22 18:44:00.554,2.02965,2.02995,2.30,1.00
2007.10.22 18:44:01.050,2.02955,2.02995,41.80,1.00
2007.10.22 18:44:01.279,2.02955,2.02995,31.90,1.00
2007.10.22 18:44:01.506,2.02955,2.02995,31.90,1.00
2007.10.22 18:44:01.823,2.02955,2.02995,31.90,1.00
2007.10.22 18:44:02.078,2.02965,2.02995,0.50,1.00
2007.10.22 18:44:02.331,2.0297,2.03005,4.00,1.00
2007.10.22 18:44:02.584,2.0297,2.03005,4.00,1.00
2007.10.22 18:44:02.818,2.02975,2.03005,0.60,1.00
2007.10.22 18:44:03.051,2.02975,2.03005,1.10,1.00
2007.10.22 18:44:04.441,2.0297,2.03005,4.00,1.00
2007.10.22 18:44:04.640,2.0297,2.03005,4.00,1.80
2007.10.22 18:44:04.839,2.02975,2.02995,0.90,0.60
2007.10.22 18:44:05.037,2.02975,2.02995,0.60,0.60
2007.10.22 18:44:05.234,2.0297,2.02995,4.00,0.80
2007.10.22 18:44:05.433,2.0297,2.02995,4.00,0.80
2007.10.22 18:44:05.735,2.02975,2.02995,0.60,1.90
2007.10.22 18:44:06.039,2.0297,2.02995,4.00,3.50
2007.10.22 18:44:06.342,2.02965,2.02995,16.90,12.70
2007.10.22 18:44:06.644,2.02965,2.0299,16.90,2.40
2007.10.22 18:44:06.834,2.02965,2.0299,16.90,2.40
2007.10.22 18:44:07.036,2.0297,2.02985,1.60,0.60
2007.10.22 18:44:07.522,2.0297,2.0298,1.20,4.00
2007.10.22 18:44:07.770,2.02955,2.0297,10.40,2.40
2007.10.22 18:44:08.040,2.0295,2.0297,10.40,2.40
2007.10.22 18:44:08.289,2.02955,2.0297,3.90,2.40
2007.10.22 18:44:08.537,2.0295,2.0297,10.40,2.40
2007.10.22 18:44:08.839,2.0295,2.0297,10.40,2.40
2007.10.22 18:44:09.143,2.0295,2.02975,24.70,2.00
2007.10.22 18:44:09.446,2.02955,2.02985,11.30,1.00
2007.10.22 18:44:09.749,2.02965,2.02995,0.70,1.00
2007.10.22 18:44:09.982,2.02955,2.02995,23.10,1.00
2007.10.22 18:44:11.065,2.02955,2.02995,23.10,1.00
2007.10.22 18:44:11.318,2.02965,2.02995,1.70,1.00
2007.10.22 18:44:11.571,2.02965,2.02995,0.90,1.00
2007.10.22 18:44:11.774,2.02955,2.02995,24.70,1.00
2007.10.22 18:44:11.977,2.02975,2.02995,0.20,1.00
2007.10.22 18:44:12.185,2.02965,2.02995,9.80,1.00
2007.10.22 18:44:13.022,2.02965,2.02995,9.80,1.00
2007.10.22 18:44:13.260,2.02965,2.02995,4.80,1.00
2007.10.22 18:44:14.697,2.02965,2.02995,0.70,1.00
2007.10.22 18:44:15.827,2.02965,2.02995,0.60,1.00
2007.10.22 18:44:16.196,2.02965,2.02995,0.60,1.00
2007.10.22 18:44:16.448,2.02955,2.02995,13.60,1.00
2007.10.22 18:44:16.701,2.02965,2.02995,1.00,1.00
2007.10.22 18:44:18.042,2.02955,2.02995,12.80,1.00
2007.10.22 18:44:18.496,2.02955,2.02995,12.80,1.00
2007.10.22 18:44:18.625,2.02955,2.02995,11.50,1.20
2007.10.22 18:44:18.752,2.02965,2.02995,0.70,1.00
2007.10.22 18:44:19.064,2.02965,2.02995,3.80,1.00
2007.10.22 18:44:19.378,2.02965,2.02995,3.30,1.00
2007.10.22 18:44:19.690,2.02965,2.02995,3.50,1.00
2007.10.22 18:44:20.031,2.02955,2.02995,13.40,1.00
2007.10.22 18:44:20.236,2.02965,2.02995,4.80,1.00
2007.10.22 18:44:20.420,2.02965,2.02995,1.10,1.00
2007.10.22 18:44:20.609,2.02965,2.02995,1.50,1.00
2007.10.22 18:44:20.796,2.0296,2.02995,12.50,1.00
2007.10.22 18:44:21.119,2.0296,2.02995,12.40,1.00
2007.10.22 18:44:21.442,2.0296,2.02995,12.20,1.00
2007.10.22 18:44:21.998,2.02965,2.02995,2.50,1.00
2007.10.22 18:44:22.925,2.0296,2.02995,12.40,1.00
2007.10.22 18:44:23.148,2.0296,2.02995,12.40,1.00
2007.10.22 18:44:24.291,2.0296,2.02995,12.60,1.00
2007.10.22 18:44:24.544,2.02965,2.02995,2.40,1.00
2007.10.22 18:44:24.797,2.0296,2.02995,12.40,1.00
2007.10.22 18:44:25.153,2.0296,2.02995,12.40,1.00
2007.10.22 18:44:25.462,2.02965,2.02995,3.50,1.00
2007.10.22 18:44:26.352,2.0296,2.02995,13.20,1.00
2007.10.22 18:44:27.472,2.0296,2.02995,13.20,1.00
2007.10.22 18:44:27.704,2.0296,2.02995,13.20,1.00
2007.10.22 18:44:28.087,2.0296,2.02995,13.20,1.00
2007.10.22 18:44:28.707,2.02965,2.02995,4.80,1.00
2007.10.22 18:44:28.935,2.0296,2.02995,13.20,1.00
2007.10.22 18:44:29.752,2.02975,2.03,1.60,2.40
2007.10.22 18:44:30.502,2.02975,2.03,1.60,2.40
2007.10.22 18:44:30.625,2.02975,2.03,2.40,2.40
2007.10.22 18:44:30.748,2.02975,2.03,4.00,2.40
2007.10.22 18:44:30.870,2.02975,2.03,14.00,2.40
2007.10.22 18:44:31.106,2.0298,2.03,2.40,2.40
2007.10.22 18:44:31.265,2.0298,2.03,2.40,2.40
2007.10.22 18:44:33.117,2.0298,2.03,2.40,2.40
2007.10.22 18:44:34.388,2.0298,2.03,2.40,2.40
2007.10.22 18:44:34.915,2.0298,2.03,2.40,2.40
2007.10.22 18:44:36.471,2.0298,2.03,2.40,2.40
2007.10.22 18:44:37.098,2.0298,2.03,2.40,2.40
2007.10.22 18:44:37.231,2.0298,2.03,2.40,2.40
2007.10.22 18:44:37.416,2.0298,2.03,2.40,2.40
2007.10.22 18:44:37.703,2.0298,2.03,2.40,2.40
2007.10.22 18:44:38.139,2.0298,2.03,2.40,2.40
2007.10.22 18:44:39.959,2.0298,2.03,2.40,2.40
2007.10.22 18:44:41.521,2.0298,2.03,2.40,2.40
2007.10.22 18:44:43.175,2.0298,2.03,2.40,2.40
2007.10.22 18:44:45.573,2.0298,2.03,2.40,2.40
2007.10.22 18:44:46.256,2.0298,2.03,2.40,2.40
2007.10.22 18:44:48.196,2.0298,2.03,2.40,2.40
2007.10.22 18:44:51.097,2.0298,2.03005,2.40,9.40
2007.10.22 18:44:51.275,2.02985,2.03005,1.60,1.00
2007.10.22 18:44:51.453,2.02985,2.03005,1.60,1.00
2007.10.22 18:44:51.631,2.02985,2.03005,2.40,1.00
2007.10.22 18:44:51.809,2.02985,2.0301,4.00,2.40
2007.10.22 18:44:51.881,2.02985,2.03015,4.00,12.60
2007.10.22 18:44:51.987,2.02985,2.0301,6.00,0.80
2007.10.22 18:44:52.239,2.0299,2.03015,2.40,12.60
2007.10.22 18:44:53.223,2.0299,2.0301,2.40,0.50
2007.10.22 18:44:55.387,2.0299,2.0301,2.40,0.60
2007.10.22 18:44:55.591,2.0299,2.03015,2.40,10.20
2007.10.22 18:44:55.719,2.0299,2.03015,2.40,0.50
2007.10.22 18:44:55.846,2.0299,2.0302,2.40,3.40
2007.10.22 18:44:55.973,2.0299,2.03025,2.40,29.60
2007.10.22 18:44:57.567,2.0299,2.03025,2.40,28.90
2007.10.22 18:44:57.672,2.0299,2.03015,4.80,0.90
2007.10.22 18:44:57.760,2.0299,2.03025,4.80,28.80
2007.10.22 18:44:57.847,2.0299,2.03025,4.80,28.50
2007.10.22 18:44:57.947,2.0299,2.03025,4.80,26.80
2007.10.22 18:44:58.045,2.0299,2.03015,4.80,0.90
2007.10.22 18:44:58.165,2.0299,2.03015,4.80,0.80
2007.10.22 18:44:58.253,2.02995,2.03025,1.60,26.20
2007.10.22 18:44:58.369,2.02995,2.03025,1.60,26.20
2007.10.22 18:44:58.702,2.02995,2.03025,3.20,0.80
2007.10.22 18:44:59.035,2.02995,2.03025,3.20,0.50
2007.10.22 18:44:59.368,2.02995,2.03035,1.60,29.50
2007.10.22 18:44:59.614,2.02995,2.03025,1.60,0.80
2007.10.22 18:44:59.806,2.02995,2.0303,3.20,24.50
2007.10.22 18:45:00.453,2.02995,2.03025,3.20,0.80
2007.10.22 18:45:01.167,2.02995,2.03025,3.20,0.50
2007.10.22 18:45:01.460,2.02995,2.0303,5.20,19.00
2007.10.22 18:45:01.642,2.02995,2.0303,5.20,19.00
2007.10.22 18:45:01.825,2.03,2.03025,4.80,0.90
2007.10.22 18:45:03.281,2.03,2.03025,4.80,0.80
2007.10.22 18:45:04.012,2.03,2.0303,4.80,19.00
2007.10.22 18:45:04.241,2.02995,2.03005,2.00,0.60
2007.10.22 18:45:04.469,2.0299,2.0301,4.80,11.80
2007.10.22 18:45:04.661,2.0299,2.0301,4.80,11.80
2007.10.22 18:45:04.855,2.0299,2.0301,4.80,11.80
2007.10.22 18:45:05.047,2.0299,2.0301,4.80,11.80
2007.10.22 18:45:05.241,2.0299,2.0301,4.80,11.80
2007.10.22 18:45:05.508,2.0299,2.0301,4.80,11.80
2007.10.22 18:45:05.836,2.0299,2.03005,4.80,0.70
2007.10.22 18:45:06.226,2.0299,2.0301,4.80,11.80
2007.10.22 18:45:06.706,2.02985,2.03005,9.60,0.80
2007.10.22 18:45:06.889,2.0298,2.03005,7.20,0.60
2007.10.22 18:45:07.073,2.0298,2.0301,4.80,12.60
2007.10.22 18:45:07.255,2.02985,2.03005,0.20,0.90
2007.10.22 18:45:07.439,2.02985,2.03015,1.70,0.80
2007.10.22 18:45:07.887,2.02985,2.03025,2.30,28.40
2007.10.22 18:45:08.155,2.02985,2.03015,3.10,0.90
2007.10.22 18:45:08.422,2.02985,2.03015,13.60,0.50
2007.10.22 18:45:08.690,2.0299,2.03025,2.40,18.10
2007.10.22 18:45:08.904,2.0299,2.03015,4.80,0.70
2007.10.22 18:45:09.138,2.0299,2.03015,4.80,0.50
2007.10.22 18:45:09.881,2.0299,2.03025,4.80,18.10
2007.10.22 18:45:10.346,2.0299,2.03015,4.80,0.60
2007.10.22 18:45:10.612,2.02995,2.03025,0.80,18.10
2007.10.22 18:45:10.865,2.02995,2.0303,6.00,19.00
2007.10.22 18:45:11.170,2.02995,2.03025,14.00,0.60
2007.10.22 18:45:11.423,2.03,2.0303,4.80,19.00
2007.10.22 18:45:11.675,2.03,2.03025,4.80,0.70
2007.10.22 18:45:11.883,2.03,2.0303,4.80,3.40
2007.10.22 18:45:12.091,2.03,2.03025,4.80,0.90
2007.10.22 18:45:12.331,2.03,2.03035,4.80,26.80
2007.10.22 18:45:12.539,2.03,2.03035,4.80,26.20
2007.10.22 18:45:12.796,2.03,2.03025,4.80,0.80
2007.10.22 18:45:13.316,2.03,2.03035,4.80,26.10
2007.10.22 18:45:15.129,2.03,2.03035,4.80,26.10
2007.10.22 18:45:18.349,2.03,2.03035,4.80,26.10
2007.10.22 18:45:18.937,2.03,2.03025,4.80,0.50
2007.10.22 18:45:21.768,2.03005,2.03025,1.60,1.00
2007.10.22 18:45:22.006,2.03005,2.03025,1.60,1.00
2007.10.22 18:45:22.634,2.03005,2.03025,2.00,1.00
2007.10.22 18:45:22.822,2.03005,2.03035,3.60,18.10
2007.10.22 18:45:23.369,2.03005,2.03035,3.60,18.10
2007.10.22 18:45:23.626,2.03005,2.03035,11.60,18.10
2007.10.22 18:45:23.884,2.03005,2.03035,6.40,10.20
2007.10.22 18:45:24.154,2.0301,2.03035,2.40,10.20
2007.10.22 18:45:24.447,2.0301,2.03035,4.80,10.20
2007.10.22 18:45:25.130,2.0301,2.03035,4.80,10.20
2007.10.22 18:45:25.444,2.0301,2.03035,4.80,10.20
2007.10.22 18:45:26.167,2.0301,2.03035,4.80,3.80
2007.10.22 18:45:26.340,2.0301,2.03035,4.80,1.00
2007.10.22 18:45:26.514,2.0301,2.03035,4.80,1.00
2007.10.22 18:45:26.896,2.0301,2.03035,4.80,1.00
2007.10.22 18:45:27.191,2.0301,2.03035,4.80,1.00
2007.10.22 18:45:28.252,2.0301,2.03035,4.80,1.00
2007.10.22 18:45:28.484,2.0301,2.03035,4.80,1.00
2007.10.22 18:45:28.728,2.0301,2.03035,4.80,1.00
2007.10.22 18:45:29.348,2.0301,2.03035,4.80,1.00
2007.10.22 18:45:29.601,2.0301,2.03035,4.80,1.00
2007.10.22 18:45:30.607,2.0301,2.03035,4.80,1.00
2007.10.22 18:45:31.212,2.0301,2.03035,4.80,1.00
2007.10.22 18:45:33.425,2.0301,2.03035,4.80,1.00
2007.10.22 18:45:35.442,2.0301,2.03035,4.80,1.00
2007.10.22 18:45:35.757,2.0301,2.03035,4.80,1.00
2007.10.22 18:45:35.945,2.0301,2.03035,4.80,1.00
2007.10.22 18:45:36.405,2.0301,2.03035,4.80,1.00
2007.10.22 18:45:36.593,2.0301,2.03035,4.80,1.00
2007.10.22 18:45:36.916,2.0301,2.03035,4.80,1.80
2007.10.22 18:45:37.239,2.0301,2.03035,2.40,8.30
2007.10.22 18:45:37.563,2.03005,2.03035,3.20,11.20
2007.10.22 18:45:37.776,2.03005,2.03035,3.20,11.30
2007.10.22 18:45:37.989,2.03005,2.03035,3.20,19.30
2007.10.22 18:45:38.203,2.03005,2.03035,3.20,19.30
2007.10.22 18:45:38.415,2.03005,2.03025,1.60,1.00
2007.10.22 18:45:40.832,2.03005,2.03025,1.60,1.00
2007.10.22 18:45:41.010,2.03005,2.03025,1.60,1.00
2007.10.22 18:45:41.188,2.03005,2.03025,1.60,1.00
2007.10.22 18:45:41.366,2.03005,2.03025,1.60,1.00
2007.10.22 18:45:42.163,2.03005,2.03025,1.60,1.00
2007.10.22 18:45:42.396,2.03,2.03025,4.80,10.20
2007.10.22 18:45:43.101,2.02995,2.03025,20.90,10.20
2007.10.22 18:45:43.416,2.02995,2.03025,12.90,10.20
2007.10.22 18:45:43.826,2.02995,2.03025,20.90,10.20
2007.10.22 18:45:48.486,2.03,2.03025,2.70,10.20
2007.10.22 18:45:51.906,2.02995,2.03025,20.90,18.20
2007.10.22 18:45:52.330,2.02995,2.03025,20.90,18.40
2007.10.22 18:45:52.553,2.02995,2.03025,20.90,18.80
2007.10.22 18:45:53.507,2.02995,2.03025,20.90,18.80
2007.10.22 18:45:55.598,2.02995,2.03025,20.90,18.40
2007.10.22 18:45:56.433,2.02995,2.03025,20.90,10.40
2007.10.22 18:45:58.532,2.03,2.03025,1.30,10.40
2007.10.22 18:46:03.434,2.03,2.03025,0.80,10.40
2007.10.22 18:46:03.632,2.02995,2.0302,20.90,2.40
2007.10.22 18:46:04.519,2.02995,2.0302,20.90,2.40
2007.10.22 18:46:06.507,2.02995,2.0302,20.90,2.40
2007.10.22 18:46:07.373,2.03,2.0302,1.60,2.40
2007.10.22 18:46:08.588,2.03,2.0302,1.50,2.40
2007.10.22 18:46:13.613,2.03,2.0302,2.40,2.40
2007.10.22 18:46:17.909,2.03,2.0302,2.40,2.40
2007.10.22 18:46:18.627,2.03,2.0302,2.40,2.40
2007.10.22 18:46:19.396,2.03,2.0302,2.40,2.40
2007.10.22 18:46:20.668,2.03,2.03025,2.40,21.20
2007.10.22 18:46:23.656,2.03,2.0302,2.40,0.70
2007.10.22 18:46:27.104,2.03,2.03025,2.40,13.20
2007.10.22 18:46:28.677,2.03,2.0302,2.40,0.60
2007.10.22 18:46:29.190,2.03,2.03025,2.40,21.20
2007.10.22 18:46:30.198,2.03,2.03025,2.40,13.20
2007.10.22 18:46:33.705,2.02995,2.03035,15.30,34.10
2007.10.22 18:46:35.896,2.02995,2.03035,15.30,34.10
2007.10.22 18:46:38.725,2.02995,2.03035,15.30,34.10
2007.10.22 18:46:43.751,2.02995,2.03025,15.30,0.50
2007.10.22 18:46:45.208,2.02995,2.03035,15.30,30.10
2007.10.22 18:46:47.971,2.02995,2.03025,15.30,10.00
2007.10.22 18:46:48.761,2.02995,2.03025,15.30,10.00
2007.10.22 18:46:49.128,2.02995,2.03025,15.30,9.60
2007.10.22 18:46:52.751,2.02995,2.03025,11.60,9.00
2007.10.22 18:46:52.965,2.02995,2.03025,15.30,10.00
2007.10.22 18:46:53.127,2.02995,2.03025,13.70,10.20
2007.10.22 18:46:53.324,2.02995,2.03025,13.70,18.10
2007.10.22 18:46:53.784,2.02995,2.03025,13.70,18.10
2007.10.22 18:46:53.982,2.02995,2.03025,5.70,10.10
2007.10.22 18:46:55.943,2.02995,2.03025,5.70,10.00
2007.10.22 18:46:56.571,2.02995,2.03025,5.70,9.60
2007.10.22 18:46:56.988,2.02995,2.03025,5.70,9.40
2007.10.22 18:46:57.250,2.02995,2.03025,5.70,9.40
2007.10.22 18:46:57.513,2.02995,2.03025,5.70,9.60
2007.10.22 18:46:57.671,2.02995,2.03025,5.70,9.40
2007.10.22 18:46:57.924,2.02995,2.03025,5.70,9.60
2007.10.22 18:46:58.137,2.02995,2.03025,5.70,9.40
2007.10.22 18:46:58.348,2.02995,2.03025,5.70,9.60
2007.10.22 18:46:58.552,2.02995,2.03025,5.70,9.40
2007.10.22 18:46:58.807,2.02995,2.03025,5.70,9.40
2007.10.22 18:46:58.992,2.02995,2.03025,5.70,9.40
2007.10.22 18:46:59.271,2.02995,2.03025,5.70,9.60
2007.10.22 18:46:59.459,2.02995,2.03025,5.70,9.40
2007.10.22 18:46:59.863,2.02995,2.03025,5.70,9.60
2007.10.22 18:47:00.091,2.02995,2.03025,5.70,9.40
2007.10.22 18:47:00.319,2.02995,2.03025,5.70,9.60
2007.10.22 18:47:00.547,2.02995,2.03025,5.70,9.80
2007.10.22 18:47:00.709,2.02995,2.03025,5.70,9.40
2007.10.22 18:47:03.807,2.02995,2.03025,5.70,9.60
2007.10.22 18:47:07.519,2.02995,2.03025,5.70,10.00
2007.10.22 18:47:08.445,2.02995,2.03025,5.70,9.60
2007.10.22 18:47:08.854,2.02995,2.03025,5.70,9.60
2007.10.22 18:47:09.035,2.02995,2.03025,5.70,10.00
2007.10.22 18:47:09.495,2.02995,2.03025,5.70,9.60
2007.10.22 18:47:09.804,2.02995,2.03025,5.70,9.40
2007.10.22 18:47:09.986,2.02995,2.03025,13.70,9.40
2007.10.22 18:47:10.428,2.02995,2.03025,5.70,9.40
2007.10.22 18:47:11.256,2.02995,2.03025,5.70,10.20
2007.10.22 18:47:11.563,2.02995,2.03025,5.70,9.40
2007.10.22 18:47:12.154,2.02995,2.03025,5.70,10.20
2007.10.22 18:47:13.077,2.02995,2.03025,13.70,10.20
2007.10.22 18:47:13.340,2.02995,2.03025,13.70,18.00
2007.10.22 18:47:13.742,2.02995,2.03025,13.70,17.40
2007.10.22 18:47:14.005,2.02995,2.03025,13.70,9.40
2007.10.22 18:47:14.515,2.02995,2.03025,13.70,9.40
2007.10.22 18:47:16.932,2.02995,2.03025,17.70,9.40
2007.10.22 18:47:17.558,2.02995,2.03025,17.70,9.40
2007.10.22 18:47:18.891,2.02995,2.03025,17.70,9.40
2007.10.22 18:47:23.914,2.02995,2.03025,17.70,9.40
2007.10.22 18:47:27.247,2.02995,2.03035,17.70,31.50
2007.10.22 18:47:28.069,2.02995,2.03035,17.70,31.70
2007.10.22 18:47:28.295,2.02995,2.03035,17.70,31.50
2007.10.22 18:47:28.933,2.02995,2.03035,17.70,31.50
2007.10.22 18:47:32.916,2.02995,2.03035,26.50,29.10
2007.10.22 18:47:33.084,2.03005,2.0302,0.80,0.50
2007.10.22 18:47:33.958,2.03005,2.0302,0.80,0.90
2007.10.22 18:47:36.633,2.03005,2.03025,2.40,5.40
2007.10.22 18:47:37.138,2.03005,2.03025,0.80,5.40
2007.10.22 18:47:38.985,2.03005,2.03025,0.80,5.40
2007.10.22 18:47:44.002,2.03005,2.0302,0.80,0.80
2007.10.22 18:47:49.030,2.03005,2.03025,0.80,5.40
2007.10.22 18:47:49.198,2.03005,2.0302,0.80,0.90
2007.10.22 18:47:50.998,2.03005,2.03025,8.80,7.80
2007.10.22 18:47:51.131,2.03005,2.0302,8.00,0.50
2007.10.22 18:47:51.426,2.03005,2.03025,8.00,8.60
2007.10.22 18:47:51.835,2.03005,2.03025,8.00,8.60
2007.10.22 18:47:52.371,2.03,2.0302,2.40,0.80
2007.10.22 18:47:53.667,2.03,2.03025,2.40,8.60
2007.10.22 18:47:53.855,2.03,2.0302,2.40,0.50
2007.10.22 18:47:54.055,2.03,2.03025,2.40,8.60
2007.10.22 18:47:54.910,2.03,2.03025,2.40,8.60
2007.10.22 18:47:55.960,2.03,2.0302,2.40,2.40
2007.10.22 18:47:56.238,2.03,2.0302,2.40,2.40
2007.10.22 18:47:57.413,2.03,2.0302,2.40,2.40
2007.10.22 18:47:58.309,2.02995,2.0302,23.30,2.40
2007.10.22 18:47:59.073,2.03,2.0302,0.60,2.40
2007.10.22 18:48:01.961,2.02995,2.0302,41.60,2.40
2007.10.22 18:48:02.139,2.03,2.03025,4.00,1.00
2007.10.22 18:48:02.398,2.03005,2.03035,0.80,1.00
2007.10.22 18:48:02.879,2.03,2.03035,12.00,1.00
2007.10.22 18:48:04.098,2.03005,2.03035,4.30,1.00
2007.10.22 18:48:06.426,2.03005,2.03035,0.60,1.00
2007.10.22 18:48:06.710,2.0301,2.0304,10.00,2.40
2007.10.22 18:48:06.993,2.03015,2.0304,8.40,2.40
2007.10.22 18:48:07.276,2.03015,2.0304,16.40,2.40
2007.10.22 18:48:07.558,2.0302,2.0304,0.70,2.40
2007.10.22 18:48:09.121,2.0302,2.0304,0.70,2.40
2007.10.22 18:48:13.019,2.03015,2.0304,5.90,2.40
2007.10.22 18:48:13.128,2.0301,2.0304,16.40,2.40
2007.10.22 18:48:13.308,2.03005,2.03035,14.00,1.00
2007.10.22 18:48:13.417,2.03005,2.03035,14.00,1.00
2007.10.22 18:48:13.526,2.03005,2.03035,41.10,1.00
2007.10.22 18:48:13.634,2.0301,2.03035,22.00,1.00
2007.10.22 18:48:13.742,2.0301,2.0304,29.70,2.40
2007.10.22 18:48:14.069,2.03015,2.0304,23.30,2.40
2007.10.22 18:48:14.399,2.03025,2.0304,1.10,2.40
2007.10.22 18:48:14.726,2.0303,2.0305,1.60,4.80
2007.10.22 18:48:15.054,2.0303,2.0305,1.30,2.40
2007.10.22 18:48:18.620,2.0303,2.0305,1.00,2.40
2007.10.22 18:48:19.173,2.0303,2.0305,1.50,2.40
2007.10.22 18:48:23.032,2.0303,2.0305,1.50,2.40
2007.10.22 18:48:23.224,2.0303,2.0305,1.40,2.40
2007.10.22 18:48:23.447,2.03025,2.0305,30.50,2.40
2007.10.22 18:48:23.669,2.0303,2.0305,2.00,2.40
2007.10.22 18:48:24.190,2.03025,2.0305,30.50,2.40
2007.10.22 18:48:24.412,2.03025,2.0305,30.50,2.40
2007.10.22 18:48:25.805,2.0303,2.0305,1.30,2.40
2007.10.22 18:48:26.048,2.03025,2.0305,30.50,2.40
2007.10.22 18:48:26.514,2.03025,2.0305,28.10,2.40
2007.10.22 18:48:26.723,2.03025,2.0305,8.80,2.40
2007.10.22 18:48:26.930,2.0303,2.0305,1.10,2.40
2007.10.22 18:48:27.137,2.03025,2.0305,0.50,2.40
2007.10.22 18:48:27.345,2.0302,2.0305,2.40,2.40
2007.10.22 18:48:27.609,2.03025,2.0305,0.90,2.40
2007.10.22 18:48:27.872,2.0302,2.03045,0.80,1.00
2007.10.22 18:48:28.706,2.03015,2.03045,25.90,1.00
2007.10.22 18:48:28.954,2.03015,2.03045,29.90,1.00
2007.10.22 18:48:29.129,2.03025,2.03045,0.80,1.00
2007.10.22 18:48:29.301,2.0302,2.0305,10.80,2.40
2007.10.22 18:48:29.475,2.03025,2.0305,2.40,2.40
2007.10.22 18:48:29.737,2.03025,2.0305,8.40,2.40
2007.10.22 18:48:30.000,2.03025,2.0305,16.40,2.40
2007.10.22 18:48:30.379,2.03025,2.0305,16.40,2.40
2007.10.22 18:48:30.913,2.0303,2.0305,0.90,2.40
2007.10.22 18:48:31.491,2.03025,2.0305,6.40,2.40
2007.10.22 18:48:31.740,2.03025,2.03055,0.80,1.20
2007.10.22 18:48:31.986,2.03025,2.03055,0.50,1.20
2007.10.22 18:48:32.234,2.0302,2.03025,1.50,2.40
2007.10.22 18:48:32.482,2.03025,2.03055,1.10,6.60
2007.10.22 18:48:32.716,2.0302,2.03025,1.60,2.40
2007.10.22 18:48:32.949,2.03005,2.03025,41.40,2.40
2007.10.22 18:48:33.182,2.0301,2.03025,1.90,2.40
2007.10.22 18:48:34.247,2.0301,2.03025,1.70,2.40
2007.10.22 18:48:35.670,2.03005,2.03025,26.30,2.40
2007.10.22 18:48:35.900,2.0301,2.03025,1.00,2.40
2007.10.22 18:48:36.500,2.03005,2.03025,17.40,2.40
2007.10.22 18:48:36.921,2.0301,2.03025,1.10,2.40
2007.10.22 18:48:37.497,2.03005,2.03025,4.70,2.40
2007.10.22 18:48:37.685,2.03,2.03025,9.20,3.40
2007.10.22 18:48:37.874,2.03,2.03025,8.00,2.40
2007.10.22 18:48:38.091,2.03,2.03025,5.60,2.40
2007.10.22 18:48:38.309,2.03005,2.03025,1.50,2.40
2007.10.22 18:48:38.527,2.03,2.0303,5.60,2.40
2007.10.22 18:48:39.033,2.03,2.03035,5.60,9.40
2007.10.22 18:48:39.206,2.03,2.03035,5.60,1.00
2007.10.22 18:48:39.380,2.03,2.03035,5.60,1.00
2007.10.22 18:48:39.552,2.03,2.03035,4.00,1.00
2007.10.22 18:48:39.725,2.03,2.03035,4.00,1.00
2007.10.22 18:48:40.059,2.03,2.03035,8.80,1.00
2007.10.22 18:48:40.342,2.03005,2.03035,1.50,1.00
2007.10.22 18:48:40.625,2.0301,2.03035,1.20,1.00
2007.10.22 18:48:41.109,2.0301,2.03035,1.50,1.00
2007.10.22 18:48:41.251,2.03005,2.03035,15.70,1.00
2007.10.22 18:48:41.395,2.0301,2.03035,1.00,1.00
2007.10.22 18:48:41.537,2.0301,2.03035,1.30,1.00
2007.10.22 18:48:41.680,2.03005,2.03035,43.60,1.00
2007.10.22 18:48:41.822,2.03005,2.03035,43.90,1.00
2007.10.22 18:48:42.156,2.03015,2.03045,1.00,1.00
2007.10.22 18:48:42.489,2.03015,2.03045,1.00,1.00
2007.10.22 18:48:42.822,2.0302,2.03045,0.80,1.00
2007.10.22 18:48:43.155,2.03015,2.03045,13.90,1.00
2007.10.22 18:48:43.373,2.0302,2.03045,0.80,1.00
2007.10.22 18:48:43.591,2.0302,2.03045,0.80,1.00
2007.10.22 18:48:43.809,2.03025,2.03045,0.90,1.00
2007.10.22 18:48:44.026,2.0302,2.0305,6.40,2.40
2007.10.22 18:48:44.404,2.03025,2.0305,0.80,2.40
2007.10.22 18:48:44.727,2.03025,2.03055,1.60,1.00
2007.10.22 18:48:45.050,2.03025,2.03055,1.60,1.00
2007.10.22 18:48:45.259,2.03025,2.03055,2.40,1.00
2007.10.22 18:48:45.467,2.0303,2.03055,4.80,1.00
2007.10.22 18:48:45.675,2.0303,2.03055,4.80,1.00
2007.10.22 18:48:45.883,2.0303,2.03055,4.80,1.00
2007.10.22 18:48:46.090,2.0303,2.03055,4.80,1.00
2007.10.22 18:48:46.398,2.03035,2.03055,0.80,1.00
2007.10.22 18:48:46.706,2.03035,2.03055,0.80,1.00
2007.10.22 18:48:47.059,2.03035,2.03055,0.80,1.00
2007.10.22 18:48:47.297,2.03035,2.03055,2.40,1.00
2007.10.22 18:48:49.323,2.03035,2.03055,2.40,1.00
2007.10.22 18:48:50.927,2.03035,2.03055,2.40,1.00
2007.10.22 18:48:51.160,2.03035,2.03055,2.40,1.00
2007.10.22 18:48:51.393,2.03035,2.03055,2.40,1.00
2007.10.22 18:48:51.515,2.03035,2.03055,2.40,1.00
2007.10.22 18:48:51.637,2.03035,2.03055,2.40,1.00
2007.10.22 18:48:51.771,2.03035,2.03055,2.40,1.00
2007.10.22 18:48:54.347,2.03035,2.03055,2.40,1.00
2007.10.22 18:48:55.099,2.03035,2.03055,2.40,1.00
2007.10.22 18:48:55.276,2.03035,2.03055,2.40,1.00
2007.10.22 18:48:55.899,2.03035,2.03055,2.40,1.00
2007.10.22 18:48:56.314,2.03035,2.03055,2.40,1.00
2007.10.22 18:48:56.723,2.03035,2.03055,2.40,1.00
2007.10.22 18:48:56.883,2.03035,2.03055,0.80,1.00
2007.10.22 18:48:57.039,2.03035,2.03055,0.80,1.00
2007.10.22 18:48:57.236,2.03035,2.03055,0.80,1.00
2007.10.22 18:48:57.394,2.03035,2.03055,2.40,1.00
2007.10.22 18:48:58.492,2.03035,2.03055,2.40,1.00
2007.10.22 18:48:58.692,2.03035,2.03055,2.40,1.00
2007.10.22 18:48:59.002,2.03035,2.03055,2.40,1.00
2007.10.22 18:48:59.365,2.03035,2.03055,2.40,1.00
2007.10.22 18:48:59.636,2.03035,2.03055,1.10,1.00
2007.10.22 18:48:59.667,2.03035,2.03055,1.20,1.00
2007.10.22 18:48:59.970,2.0303,2.03055,9.60,1.00
2007.10.22 18:49:00.272,2.0303,2.03055,9.60,1.00
2007.10.22 18:49:00.668,2.03035,2.03055,0.60,1.00
2007.10.22 18:49:00.962,2.0303,2.03055,13.60,1.00
2007.10.22 18:49:01.432,2.03035,2.03055,4.00,1.00
2007.10.22 18:49:01.724,2.03035,2.03065,19.30,3.00
2007.10.22 18:49:01.953,2.0304,2.03065,1.30,1.00
2007.10.22 18:49:02.180,2.03035,2.03065,19.30,1.00
2007.10.22 18:49:02.594,2.03035,2.03065,23.40,1.00
2007.10.22 18:49:02.898,2.0304,2.03065,1.50,1.00
2007.10.22 18:49:03.201,2.03035,2.03065,32.40,1.00
2007.10.22 18:49:03.505,2.0304,2.03065,1.50,1.00
2007.10.22 18:49:03.784,2.03035,2.03065,23.20,1.00
2007.10.22 18:49:04.021,2.03035,2.03065,23.20,1.00
2007.10.22 18:49:04.391,2.03035,2.03065,23.20,1.00
2007.10.22 18:49:05.085,2.03035,2.03065,23.20,1.00
2007.10.22 18:49:05.418,2.03035,2.03065,23.20,1.00
2007.10.22 18:49:06.140,2.0304,2.03065,0.90,1.00
2007.10.22 18:49:06.651,2.03035,2.03065,23.20,1.00
2007.10.22 18:49:06.933,2.03035,2.03065,23.20,1.00
2007.10.22 18:49:07.216,2.03035,2.03065,23.20,1.60
2007.10.22 18:49:07.593,2.03035,2.03065,11.30,1.60
2007.10.22 18:49:07.890,2.0303,2.03065,6.40,1.80
2007.10.22 18:49:08.188,2.03035,2.03065,1.10,15.40
2007.10.22 18:49:08.518,2.0303,2.03065,5.60,18.20
2007.10.22 18:49:08.815,2.03035,2.0306,1.60,2.40
2007.10.22 18:49:09.216,2.03035,2.0306,0.60,2.40
2007.10.22 18:49:09.449,2.0303,2.0306,5.60,2.40
2007.10.22 18:49:11.292,2.0303,2.0306,5.60,2.40
2007.10.22 18:49:11.566,2.0303,2.0306,9.60,2.40
2007.10.22 18:49:11.840,2.03035,2.03065,1.10,1.00
2007.10.22 18:49:12.038,2.0303,2.03065,8.80,1.00
2007.10.22 18:49:12.238,2.03045,2.03065,4.00,1.00
2007.10.22 18:49:12.435,2.03055,2.0307,0.80,2.40
2007.10.22 18:49:12.634,2.03055,2.0307,0.80,2.40
2007.10.22 18:49:12.922,2.03045,2.0307,9.70,2.40
2007.10.22 18:49:13.211,2.03055,2.0307,0.80,2.40
2007.10.22 18:49:13.498,2.03055,2.0307,0.80,2.40
2007.10.22 18:49:13.785,2.03055,2.0307,0.80,2.40
2007.10.22 18:49:13.974,2.03055,2.0307,0.80,2.40
2007.10.22 18:49:14.438,2.03045,2.0307,9.70,2.40
2007.10.22 18:49:15.079,2.03055,2.0307,1.10,2.40
2007.10.22 18:49:15.412,2.03055,2.0307,1.30,2.40
2007.10.22 18:49:15.744,2.03045,2.0307,11.60,2.40
2007.10.22 18:49:17.388,2.03045,2.0307,19.60,2.40
2007.10.22 18:49:17.655,2.03055,2.0307,1.30,2.40
2007.10.22 18:49:17.923,2.03045,2.0307,11.30,2.40
2007.10.22 18:49:19.472,2.03045,2.0307,11.30,2.40
2007.10.22 18:49:20.861,2.03045,2.0307,19.30,2.40
2007.10.22 18:49:24.489,2.03055,2.0307,0.80,2.40
2007.10.22 18:49:28.962,2.03055,2.0307,2.40,2.40
2007.10.22 18:49:29.516,2.03055,2.0307,2.40,2.40
2007.10.22 18:49:34.538,2.03055,2.0307,2.40,2.40
2007.10.22 18:49:35.044,2.03055,2.0307,2.40,0.90
2007.10.22 18:49:39.568,2.03055,2.0307,2.40,0.80
2007.10.22 18:49:44.584,2.03045,2.03075,6.80,0.80
2007.10.22 18:49:46.185,2.03045,2.03075,6.90,0.90
2007.10.22 18:49:47.224,2.03045,2.03075,7.30,0.90
2007.10.22 18:49:47.966,2.03045,2.03085,7.40,27.50
2007.10.22 18:49:48.274,2.03045,2.03085,15.40,27.50
2007.10.22 18:49:49.113,2.03045,2.03085,7.40,27.50
2007.10.22 18:49:49.608,2.03045,2.03075,7.40,0.80
2007.10.22 18:49:51.570,2.03045,2.03075,7.50,0.50
2007.10.22 18:49:53.200,2.0305,2.0307,2.40,4.00
2007.10.22 18:49:53.348,2.0305,2.03065,2.40,4.40
2007.10.22 18:49:53.497,2.0305,2.03065,2.40,5.40
2007.10.22 18:49:53.645,2.03045,2.03065,4.80,5.40
2007.10.22 18:49:53.793,2.03045,2.03065,0.80,5.40
2007.10.22 18:49:53.941,2.03045,2.03065,0.80,5.40
2007.10.22 18:49:54.143,2.03045,2.03065,0.80,11.80
2007.10.22 18:49:54.292,2.03045,2.0306,0.80,3.40
2007.10.22 18:49:54.619,2.03035,2.0306,2.40,3.40
2007.10.22 18:49:54.948,2.03035,2.03065,2.40,0.50
2007.10.22 18:49:55.275,2.03035,2.03065,2.40,0.50
2007.10.22 18:49:55.513,2.03035,2.03065,3.70,0.60
2007.10.22 18:49:55.750,2.03035,2.0307,2.40,10.20
2007.10.22 18:49:55.989,2.03035,2.0307,2.40,3.40
2007.10.22 18:49:56.820,2.03035,2.03065,2.40,0.50
2007.10.22 18:49:57.143,2.03035,2.03065,2.40,0.90
2007.10.22 18:49:57.386,2.03035,2.0307,12.90,3.40
2007.10.22 18:49:57.830,2.0304,2.0307,2.40,3.40
2007.10.22 18:49:58.033,2.0304,2.0307,2.40,3.40
2007.10.22 18:49:59.659,2.0304,2.03065,2.40,0.90
2007.10.22 18:50:00.169,2.0304,2.0307,6.40,3.40
2007.10.22 18:50:00.362,2.03045,2.03075,12.40,16.60
2007.10.22 18:50:00.585,2.03045,2.0307,12.40,0.60
2007.10.22 18:50:00.807,2.0305,2.03075,2.40,16.40
2007.10.22 18:50:01.030,2.0305,2.03075,2.40,15.80
2007.10.22 18:50:01.704,2.0305,2.03075,2.40,14.20
2007.10.22 18:50:02.334,2.0305,2.03075,2.40,14.20
2007.10.22 18:50:02.804,2.0305,2.03075,2.40,6.20
2007.10.22 18:50:03.146,2.0305,2.03075,2.40,6.20
2007.10.22 18:50:03.873,2.0305,2.0307,2.40,0.50
2007.10.22 18:50:04.168,2.0305,2.03075,2.40,14.20
2007.10.22 18:50:04.680,2.0305,2.0307,2.40,0.90
2007.10.22 18:50:05.397,2.0305,2.0307,2.40,0.80
2007.10.22 18:50:09.496,2.0305,2.03075,2.40,14.20
2007.10.22 18:50:09.709,2.0305,2.03075,2.40,14.20
2007.10.22 18:50:12.872,2.0305,2.03075,2.40,6.20
2007.10.22 18:50:13.081,2.0305,2.03075,2.40,6.20
2007.10.22 18:50:13.915,2.0305,2.0307,2.40,0.70
2007.10.22 18:50:14.167,2.0305,2.0307,2.40,0.80
2007.10.22 18:50:14.736,2.0305,2.03075,2.40,6.20
2007.10.22 18:50:15.324,2.0305,2.03075,2.40,6.20
2007.10.22 18:50:15.828,2.0305,2.0307,2.40,0.60
2007.10.22 18:50:16.661,2.0305,2.03075,2.40,6.40
2007.10.22 18:50:16.968,2.0305,2.0307,2.40,0.90
2007.10.22 18:50:17.402,2.0305,2.0307,2.40,0.90
2007.10.22 18:50:17.554,2.0305,2.03075,2.40,6.40
2007.10.22 18:50:17.917,2.0305,2.03075,2.40,14.40
2007.10.22 18:50:19.762,2.0305,2.0307,2.40,2.40
2007.10.22 18:50:19.900,2.0305,2.0307,2.40,2.40
2007.10.22 18:50:24.779,2.0305,2.0307,2.40,2.40
2007.10.22 18:50:29.808,2.0305,2.0307,2.40,2.40
2007.10.22 18:50:34.831,2.03045,2.03075,11.60,3.20
2007.10.22 18:50:39.858,2.03045,2.03075,11.60,3.20
2007.10.22 18:50:44.881,2.03045,2.03075,11.60,3.20
2007.10.22 18:50:45.003,2.03045,2.03075,11.70,3.20
2007.10.22 18:50:46.402,2.03045,2.03075,11.70,0.50
2007.10.22 18:50:46.665,2.03045,2.03085,11.90,40.10
2007.10.22 18:50:49.913,2.03045,2.03075,8.70,0.70
2007.10.22 18:50:50.901,2.03045,2.03085,11.90,40.10
2007.10.22 18:50:54.931,2.03045,2.03085,11.90,40.10
2007.10.22 18:50:57.235,2.03045,2.03085,11.90,40.10
2007.10.22 18:50:59.951,2.03045,2.03085,11.90,40.10
2007.10.22 18:51:02.681,2.03045,2.03075,12.00,0.70
2007.10.22 18:51:05.068,2.03045,2.03075,12.00,0.60
2007.10.22 18:51:06.141,2.03045,2.03085,8.00,45.00
2007.10.22 18:51:10.097,2.03045,2.03085,8.00,45.00
2007.10.22 18:51:10.283,2.03045,2.03085,7.90,45.00
2007.10.22 18:51:11.167,2.03045,2.03085,8.00,44.90
2007.10.22 18:51:11.449,2.03045,2.03075,8.00,0.50
2007.10.22 18:51:12.440,2.03045,2.03075,8.00,0.60
2007.10.22 18:51:12.537,2.03045,2.03085,7.60,46.40
2007.10.22 18:51:12.635,2.03045,2.03075,7.60,0.60
2007.10.22 18:51:13.037,2.03045,2.03075,7.60,0.50
2007.10.22 18:51:13.648,2.03045,2.03075,9.60,11.40
2007.10.22 18:51:13.925,2.03045,2.03075,8.00,11.30
2007.10.22 18:51:15.120,2.03045,2.03065,8.00,3.00
2007.10.22 18:51:17.119,2.03045,2.03065,4.00,3.00
2007.10.22 18:51:19.121,2.03045,2.03065,6.00,1.00
2007.10.22 18:51:19.273,2.03045,2.03075,7.60,15.20
2007.10.22 18:51:20.143,2.03045,2.03075,7.60,15.20
2007.10.22 18:51:20.335,2.03045,2.03075,7.60,15.20
2007.10.22 18:51:20.529,2.03045,2.0305,3.20,2.40
2007.10.22 18:51:20.721,2.03035,2.0305,10.70,2.40
2007.10.22 18:51:20.914,2.03035,2.0305,6.70,2.40
2007.10.22 18:51:21.107,2.03035,2.0305,4.50,2.40
2007.10.22 18:51:21.299,2.03035,2.0305,2.40,2.40
2007.10.22 18:51:22.136,2.03035,2.0305,0.80,2.40
2007.10.22 18:51:22.327,2.03035,2.0305,3.20,2.40
2007.10.22 18:51:22.459,2.0304,2.03055,2.40,1.00
2007.10.22 18:51:22.593,2.0304,2.03055,2.40,1.00
2007.10.22 18:51:22.725,2.0304,2.03065,2.40,1.00
2007.10.22 18:51:25.170,2.0304,2.03065,2.40,1.00
2007.10.22 18:51:30.192,2.0304,2.03065,2.40,1.00
2007.10.22 18:51:32.841,2.0304,2.03065,2.40,2.60
2007.10.22 18:51:33.006,2.03035,2.0304,5.70,2.40
2007.10.22 18:51:33.169,2.03035,2.0304,2.00,2.40
2007.10.22 18:51:33.331,2.03025,2.0304,5.60,2.40
2007.10.22 18:51:35.215,2.03025,2.0304,5.60,2.40
2007.10.22 18:51:39.333,2.03025,2.0304,4.00,2.40
2007.10.22 18:51:39.425,2.0303,2.0304,6.40,2.40
2007.10.22 18:51:39.518,2.0303,2.03045,6.40,3.00
2007.10.22 18:51:39.611,2.0303,2.0305,6.40,2.40
2007.10.22 18:51:39.704,2.0303,2.03055,7.20,1.00
2007.10.22 18:51:40.002,2.03035,2.03055,1.60,1.00
2007.10.22 18:51:40.300,2.03035,2.03055,1.60,1.00
2007.10.22 18:51:41.832,2.03035,2.03055,1.60,1.00
2007.10.22 18:51:42.433,2.03035,2.03055,5.60,1.00
2007.10.22 18:51:42.561,2.03035,2.03055,8.40,1.00
2007.10.22 18:51:42.688,2.03035,2.0306,10.00,2.40
2007.10.22 18:51:42.966,2.0304,2.0306,2.40,2.40
2007.10.22 18:51:45.266,2.0304,2.0306,2.40,2.40
2007.10.22 18:51:45.836,2.03035,2.0306,12.40,2.40
2007.10.22 18:51:46.216,2.03035,2.0306,13.10,2.40
2007.10.22 18:51:46.468,2.03035,2.0306,13.60,2.40
2007.10.22 18:51:46.721,2.0304,2.03065,0.50,1.00
2007.10.22 18:51:47.450,2.0304,2.03065,4.00,1.00
2007.10.22 18:51:47.959,2.0304,2.03065,4.00,1.00
2007.10.22 18:51:48.098,2.0303,2.03065,12.00,9.00
2007.10.22 18:51:48.302,2.0303,2.03065,9.60,9.00
2007.10.22 18:51:48.465,2.03035,2.03065,1.30,9.00
2007.10.22 18:51:48.628,2.0303,2.03065,7.20,1.00
2007.10.22 18:51:48.791,2.03035,2.03065,1.30,2.60
2007.10.22 18:51:48.954,2.0303,2.0306,7.20,2.40
2007.10.22 18:51:49.117,2.03035,2.03055,0.80,1.00
2007.10.22 18:51:49.299,2.0303,2.03055,5.60,1.00
2007.10.22 18:51:49.546,2.0303,2.03055,0.80,1.00
2007.10.22 18:51:49.794,2.0302,2.03055,10.40,1.00
2007.10.22 18:51:50.042,2.0302,2.03055,2.40,1.00
2007.10.22 18:51:50.290,2.03025,2.03055,0.60,1.00
2007.10.22 18:51:50.508,2.0302,2.03055,15.60,1.00
2007.10.22 18:51:50.725,2.0302,2.03055,17.70,1.00
2007.10.22 18:51:50.944,2.0302,2.03055,8.90,1.00
2007.10.22 18:51:51.162,2.0302,2.03055,4.80,1.00
2007.10.22 18:51:51.479,2.03025,2.03055,1.10,1.00
2007.10.22 18:51:51.797,2.03025,2.03055,1.10,1.00
2007.10.22 18:51:52.115,2.03025,2.03055,0.80,1.00
2007.10.22 18:51:52.433,2.0302,2.03055,4.80,1.00
2007.10.22 18:51:52.965,2.03025,2.03055,0.60,1.00
2007.10.22 18:51:53.179,2.03025,2.03055,1.20,1.00
2007.10.22 18:51:53.499,2.0302,2.03055,4.80,1.00
2007.10.22 18:51:55.187,2.0302,2.03055,4.80,1.00
2007.10.22 18:51:55.402,2.03025,2.03055,1.10,1.00
2007.10.22 18:51:55.725,2.0302,2.03055,4.80,1.00
2007.10.22 18:51:56.268,2.0302,2.03055,4.80,1.00
2007.10.22 18:51:56.426,2.0302,2.03055,4.80,1.00
2007.10.22 18:51:56.744,2.03025,2.03055,0.50,1.00
2007.10.22 18:51:57.062,2.0302,2.03055,4.80,1.00
2007.10.22 18:51:57.381,2.0302,2.03055,4.80,1.00
2007.10.22 18:51:57.568,2.0302,2.03055,4.80,1.00
2007.10.22 18:51:57.756,2.0302,2.03055,4.80,1.60
2007.10.22 18:51:57.944,2.03025,2.03055,0.70,6.70
2007.10.22 18:51:58.131,2.0302,2.03055,4.80,11.10
2007.10.22 18:51:58.319,2.0302,2.03055,6.40,10.90
2007.10.22 18:51:58.506,2.0302,2.03055,6.40,10.90
2007.10.22 18:51:58.799,2.03015,2.03045,36.80,1.00
2007.10.22 18:51:59.590,2.03015,2.03045,37.10,1.00
2007.10.22 18:51:59.783,2.03015,2.03045,35.70,1.00
2007.10.22 18:51:59.976,2.03025,2.03045,0.80,1.00
2007.10.22 18:52:00.233,2.0302,2.0305,4.80,2.40
2007.10.22 18:52:00.424,2.0302,2.0305,4.80,2.40
2007.10.22 18:52:00.618,2.0302,2.03055,4.80,1.00
2007.10.22 18:52:00.951,2.0302,2.03055,4.80,7.40
2007.10.22 18:52:01.284,2.03025,2.03055,1.00,10.20
2007.10.22 18:52:01.617,2.0302,2.0305,4.80,2.40
2007.10.22 18:52:02.986,2.0302,2.0305,4.80,2.40
2007.10.22 18:52:03.119,2.0302,2.0305,4.80,2.40
2007.10.22 18:52:03.254,2.0302,2.03045,4.80,1.00
2007.10.22 18:52:03.386,2.03025,2.03045,1.20,1.00
2007.10.22 18:52:03.518,2.0302,2.03045,0.80,1.00
2007.10.22 18:52:03.852,2.03025,2.03055,0.70,1.00
2007.10.22 18:52:05.066,2.03025,2.03055,0.60,1.00
2007.10.22 18:52:05.348,2.03025,2.03055,0.80,1.00
2007.10.22 18:52:10.137,2.03025,2.03055,1.20,1.00
2007.10.22 18:52:10.421,2.0302,2.03055,7.20,1.00
2007.10.22 18:52:10.703,2.0302,2.03055,6.40,10.20
2007.10.22 18:52:11.107,2.03025,2.0305,1.90,2.40
2007.10.22 18:52:15.014,2.03025,2.03055,1.90,12.60
2007.10.22 18:52:15.179,2.03025,2.03055,3.20,20.60
2007.10.22 18:52:20.418,2.03025,2.03055,3.20,20.60
2007.10.22 18:52:20.723,2.03025,2.03055,3.20,20.60
2007.10.22 18:52:20.885,2.03025,2.0305,3.20,0.80
2007.10.22 18:52:21.048,2.03025,2.03055,3.20,20.60
2007.10.22 18:52:21.210,2.03025,2.03055,3.20,21.30
2007.10.22 18:52:21.542,2.03025,2.03055,3.20,13.30
2007.10.22 18:52:22.021,2.03025,2.03045,1.60,0.50
2007.10.22 18:52:23.328,2.03025,2.03045,1.60,0.50
2007.10.22 18:52:23.491,2.03025,2.0305,1.60,3.40
2007.10.22 18:52:23.653,2.03025,2.0305,1.60,3.40
2007.10.22 18:52:23.942,2.03025,2.0305,1.60,3.40
2007.10.22 18:52:25.438,2.03025,2.03045,1.60,0.80
2007.10.22 18:52:26.068,2.03025,2.0305,1.60,3.40
2007.10.22 18:52:26.216,2.03025,2.03045,1.60,0.50
2007.10.22 18:52:26.364,2.03025,2.0305,1.60,3.40
2007.10.22 18:52:30.463,2.03025,2.0305,1.60,3.40
2007.10.22 18:52:30.697,2.03025,2.03045,1.60,0.70
2007.10.22 18:52:30.930,2.03025,2.0305,1.60,3.40
2007.10.22 18:52:31.162,2.0302,2.0305,2.40,3.40
2007.10.22 18:52:31.396,2.0302,2.0305,2.40,3.40
2007.10.22 18:52:31.728,2.03025,2.0305,1.60,3.40
2007.10.22 18:52:32.048,2.0302,2.0305,4.00,4.40
2007.10.22 18:52:32.090,2.0302,2.0305,4.00,3.40
2007.10.22 18:52:32.422,2.0302,2.0305,4.00,3.40
2007.10.22 18:52:32.635,2.0302,2.0305,4.00,4.20
2007.10.22 18:52:32.848,2.03015,2.0305,16.10,6.20
2007.10.22 18:52:33.061,2.03015,2.0305,15.30,5.80
2007.10.22 18:52:33.274,2.0302,2.0305,4.00,3.40
2007.10.22 18:52:34.741,2.0302,2.0305,4.00,3.40
2007.10.22 18:52:34.904,2.0302,2.0305,4.00,3.40
2007.10.22 18:52:35.070,2.03025,2.03045,0.60,0.80
2007.10.22 18:52:35.234,2.03025,2.03045,0.50,0.50
2007.10.22 18:52:35.484,2.0302,2.0305,4.00,3.40
2007.10.22 18:52:35.773,2.0302,2.03045,0.80,0.80
2007.10.22 18:52:36.060,2.03015,2.0305,15.30,3.40
2007.10.22 18:52:36.832,2.0302,2.03045,0.50,0.70
2007.10.22 18:52:37.165,2.0302,2.03045,0.60,0.80
2007.10.22 18:52:37.459,2.03015,2.0305,15.60,3.40
2007.10.22 18:52:37.751,2.03015,2.0305,15.60,3.40
2007.10.22 18:52:38.054,2.03025,2.03045,0.50,0.60
2007.10.22 18:52:38.560,2.0302,2.0305,4.00,3.40
2007.10.22 18:52:39.184,2.03025,2.03045,0.60,0.50
2007.10.22 18:52:40.044,2.03025,2.03045,0.70,0.50
2007.10.22 18:52:40.182,2.0302,2.0305,4.20,3.40
2007.10.22 18:52:40.319,2.0302,2.03055,5.80,20.50
2007.10.22 18:52:40.456,2.03025,2.0305,0.60,0.80
2007.10.22 18:52:40.594,2.03025,2.03055,0.60,0.60
2007.10.22 18:52:40.733,2.0302,2.0306,4.20,3.40
2007.10.22 18:52:41.066,2.0302,2.03065,4.20,1.80
2007.10.22 18:52:41.399,2.03025,2.03055,0.50,0.90
2007.10.22 18:52:41.732,2.0302,2.03065,22.70,26.90
2007.10.22 18:52:42.071,2.03025,2.0306,16.30,3.40
2007.10.22 18:52:42.692,2.03025,2.0306,16.30,3.40
2007.10.22 18:52:42.915,2.03025,2.0306,16.10,3.40
2007.10.22 18:52:43.157,2.0302,2.03055,9.60,1.00
2007.10.22 18:52:43.380,2.0302,2.03055,8.80,1.00
2007.10.22 18:52:43.603,2.0302,2.03055,6.40,1.00
2007.10.22 18:52:44.011,2.0302,2.03055,6.40,1.00
2007.10.22 18:52:44.169,2.03015,2.03045,25.90,3.80
2007.10.22 18:52:44.533,2.0302,2.0304,1.50,2.40
2007.10.22 18:52:44.897,2.03015,2.0304,17.90,2.40
2007.10.22 18:52:45.540,2.0302,2.0304,1.30,2.40
2007.10.22 18:52:50.570,2.03015,2.0304,17.90,2.40
2007.10.22 18:52:51.071,2.03015,2.0304,16.30,2.40
2007.10.22 18:52:51.299,2.03015,2.03045,15.50,1.00
2007.10.22 18:52:54.339,2.0302,2.03045,1.20,1.00
2007.10.22 18:52:54.973,2.0302,2.03045,4.00,1.00
2007.10.22 18:52:55.585,2.03025,2.03045,1.20,1.00
2007.10.22 18:52:55.763,2.0302,2.03045,4.00,1.00
2007.10.22 18:52:56.963,2.0302,2.03045,4.00,1.00
2007.10.22 18:52:57.799,2.03025,2.03045,0.60,1.00
2007.10.22 18:52:57.957,2.0302,2.03045,4.00,1.00
2007.10.22 18:52:58.217,2.03025,2.03045,0.90,1.00
2007.10.22 18:52:58.350,2.03025,2.03045,1.20,1.00
2007.10.22 18:52:58.484,2.0302,2.03045,4.00,1.00
2007.10.22 18:52:58.617,2.0301,2.03045,11.80,1.00
2007.10.22 18:52:58.750,2.03015,2.03045,0.60,1.00
2007.10.22 18:52:58.882,2.0301,2.03045,9.00,1.00
2007.10.22 18:52:59.016,2.03015,2.03045,2.70,1.00
2007.10.22 18:52:59.149,2.03015,2.03055,27.20,1.20
2007.10.22 18:52:59.281,2.03025,2.03055,1.10,1.20
2007.10.22 18:52:59.615,2.0302,2.03055,4.10,1.20
2007.10.22 18:52:59.947,2.0302,2.03055,4.10,1.20
2007.10.22 18:53:00.543,2.0302,2.03055,11.30,1.20
2007.10.22 18:53:00.751,2.03035,2.03055,1.10,1.20
2007.10.22 18:53:01.223,2.0303,2.03055,4.00,1.20
2007.10.22 18:53:01.560,2.0303,2.03055,4.00,1.20
2007.10.22 18:53:01.841,2.03025,2.03055,0.80,1.20
2007.10.22 18:53:02.125,2.03025,2.03055,1.20,1.20
2007.10.22 18:53:05.636,2.03025,2.03055,0.70,1.20
2007.10.22 18:53:07.263,2.0302,2.03055,4.00,1.20
2007.10.22 18:53:09.772,2.03025,2.03055,0.80,1.20
2007.10.22 18:53:10.189,2.0302,2.03055,4.00,1.20
2007.10.22 18:53:10.489,2.03025,2.03055,0.50,1.20
2007.10.22 18:53:10.655,2.0302,2.03055,4.00,1.20
2007.10.22 18:53:10.908,2.0302,2.03055,7.20,1.20
2007.10.22 18:53:11.785,2.03025,2.03055,1.30,1.20
2007.10.22 18:53:12.511,2.0302,2.03055,11.40,3.60
2007.10.22 18:53:12.750,2.03025,2.0305,9.00,4.80
2007.10.22 18:53:12.947,2.0303,2.03045,0.70,3.00
2007.10.22 18:53:13.146,2.0302,2.0304,7.20,2.40
2007.10.22 18:53:13.343,2.0302,2.0304,7.20,2.40
2007.10.22 18:53:13.540,2.03015,2.0304,25.20,2.40
2007.10.22 18:53:15.681,2.03015,2.0304,25.20,2.40
2007.10.22 18:53:19.984,2.0302,2.0304,1.20,2.40
2007.10.22 18:53:20.706,2.0302,2.0304,0.80,2.40
2007.10.22 18:53:21.485,2.03015,2.0304,17.30,2.40
2007.10.22 18:53:22.245,2.03015,2.0304,25.30,2.40
2007.10.22 18:53:22.353,2.0302,2.03045,2.40,6.20
2007.10.22 18:53:25.683,2.03025,2.0304,0.30,2.40
2007.10.22 18:53:25.972,2.0302,2.0304,3.20,2.40
2007.10.22 18:53:26.194,2.0302,2.0304,7.20,2.40
2007.10.22 18:53:26.417,2.0303,2.0304,0.80,2.40
2007.10.22 18:53:26.640,2.0303,2.03055,0.80,1.00
2007.10.22 18:53:27.189,2.0303,2.03055,0.80,1.00
2007.10.22 18:53:27.473,2.0303,2.03055,0.80,1.00
2007.10.22 18:53:27.755,2.0303,2.03055,0.80,1.00
2007.10.22 18:53:28.038,2.0303,2.03055,0.80,1.00
2007.10.22 18:53:28.546,2.0303,2.03055,0.80,1.00
2007.10.22 18:53:28.754,2.0303,2.03055,0.80,1.00
2007.10.22 18:53:28.961,2.0303,2.03055,0.80,1.00
2007.10.22 18:53:29.170,2.0303,2.03055,0.80,1.00
2007.10.22 18:53:29.382,2.03035,2.03055,1.60,0.05
2007.10.22 18:53:29.594,2.03035,2.03055,1.60,0.05
2007.10.22 18:53:29.807,2.03035,2.03055,1.60,0.05
2007.10.22 18:53:30.759,2.03035,2.03055,1.60,0.05
2007.10.22 18:53:31.426,2.03035,2.03055,2.40,0.05
2007.10.22 18:53:31.947,2.03035,2.03055,2.40,0.05
2007.10.22 18:53:32.289,2.03035,2.03055,2.40,1.00
2007.10.22 18:53:32.501,2.03035,2.03055,4.00,0.05
2007.10.22 18:53:32.713,2.03035,2.03055,4.00,0.05
2007.10.22 18:53:32.925,2.03035,2.03055,2.40,0.05
2007.10.22 18:53:33.139,2.03035,2.03055,2.40,0.05
2007.10.22 18:53:33.368,2.03035,2.03055,0.80,3.80
2007.10.22 18:53:33.594,2.03025,2.0305,17.70,2.40
2007.10.22 18:53:33.822,2.03025,2.0305,12.50,2.40
2007.10.22 18:53:34.050,2.03025,2.0305,8.50,2.40
2007.10.22 18:53:34.279,2.03025,2.03055,8.80,1.00
2007.10.22 18:53:34.612,2.0303,2.03055,0.80,1.00
2007.10.22 18:53:34.945,2.0303,2.03055,0.80,1.00
2007.10.22 18:53:35.278,2.0303,2.03055,0.80,1.00
2007.10.22 18:53:35.651,2.0303,2.03055,3.20,1.00
2007.10.22 18:53:36.294,2.0303,2.03055,3.20,1.00
2007.10.22 18:53:36.606,2.0303,2.03055,3.20,1.80
2007.10.22 18:53:36.919,2.0303,2.03055,3.20,3.80
2007.10.22 18:53:37.233,2.03025,2.03045,13.20,1.00
2007.10.22 18:53:37.456,2.03025,2.03045,2.60,1.00
2007.10.22 18:53:37.679,2.03025,2.03045,2.70,1.00
2007.10.22 18:53:37.901,2.03025,2.0305,4.00,2.40
2007.10.22 18:53:38.526,2.03025,2.0305,4.00,2.40
2007.10.22 18:53:38.720,2.03025,2.0305,11.20,2.40
2007.10.22 18:53:38.912,2.0303,2.0305,2.40,2.40
2007.10.22 18:53:40.820,2.0303,2.0305,2.40,2.40
2007.10.22 18:53:41.691,2.0303,2.0305,2.40,2.40
2007.10.22 18:53:41.968,2.0303,2.0305,2.40,2.40
2007.10.22 18:53:42.246,2.03025,2.0305,5.70,2.40
2007.10.22 18:53:42.455,2.03025,2.03045,1.60,1.00
2007.10.22 18:53:43.236,2.03025,2.03045,1.60,1.00
2007.10.22 18:53:44.276,2.03025,2.03045,1.60,1.00
2007.10.22 18:53:45.849,2.03025,2.03045,1.60,1.00
2007.10.22 18:53:46.023,2.03025,2.03045,1.60,1.00
2007.10.22 18:53:46.263,2.03025,2.03045,1.60,1.00
2007.10.22 18:53:48.033,2.03025,2.03045,1.60,1.00
2007.10.22 18:53:48.807,2.03025,2.03045,1.60,1.00
2007.10.22 18:53:49.225,2.03025,2.03045,1.60,1.00
2007.10.22 18:53:50.496,2.03025,2.03045,1.60,1.00
2007.10.22 18:53:50.731,2.03025,2.03045,1.60,1.00
2007.10.22 18:53:51.394,2.0302,2.03045,2.40,1.00
2007.10.22 18:53:53.304,2.0302,2.03045,2.40,1.00
2007.10.22 18:53:53.412,2.0302,2.03045,2.40,1.00
2007.10.22 18:53:53.628,2.03025,2.03045,1.60,1.00
2007.10.22 18:53:53.735,2.03025,2.03045,1.60,1.00
2007.10.22 18:53:53.843,2.03025,2.03045,1.60,1.00
2007.10.22 18:53:54.111,2.03025,2.03045,1.60,1.00
2007.10.22 18:53:54.379,2.03025,2.03045,1.60,1.00
2007.10.22 18:53:54.647,2.03025,2.03045,1.60,1.00
2007.10.22 18:53:54.971,2.03025,2.0305,1.60,2.40
2007.10.22 18:53:55.894,2.03025,2.0305,1.60,2.40
2007.10.22 18:53:57.011,2.03025,2.0305,3.20,2.40
2007.10.22 18:53:59.132,2.03025,2.0305,3.20,2.40
2007.10.22 18:53:59.391,2.03025,2.0305,3.20,2.40
2007.10.22 18:54:00.674,2.03025,2.0305,3.20,2.40
2007.10.22 18:54:00.842,2.03025,2.0305,3.20,2.40
2007.10.22 18:54:01.010,2.03025,2.0305,3.20,2.40
2007.10.22 18:54:01.178,2.03025,2.0305,3.20,2.40
2007.10.22 18:54:01.511,2.0302,2.03045,2.40,1.00
2007.10.22 18:54:01.843,2.0302,2.03045,2.40,1.00
2007.10.22 18:54:02.786,2.0302,2.03045,2.40,1.00
2007.10.22 18:54:03.007,2.0302,2.03045,2.40,1.00
2007.10.22 18:54:03.847,2.03025,2.03045,1.60,1.00
2007.10.22 18:54:03.884,2.0302,2.03045,4.00,1.00
2007.10.22 18:54:05.178,2.0302,2.03045,4.00,1.00
2007.10.22 18:54:05.475,2.0302,2.03045,4.00,1.00
2007.10.22 18:54:05.875,2.0302,2.03045,1.00,1.00
2007.10.22 18:54:06.132,2.0302,2.03045,1.50,1.00
2007.10.22 18:54:06.369,2.0302,2.03045,0.80,1.00
2007.10.22 18:54:06.567,2.0302,2.03045,0.80,1.00
2007.10.22 18:54:06.765,2.03015,2.03045,16.10,1.00
2007.10.22 18:54:06.962,2.0302,2.03045,1.40,1.00
2007.10.22 18:54:07.402,2.0302,2.03045,4.00,1.00
2007.10.22 18:54:09.822,2.0302,2.03045,4.00,9.00
2007.10.22 18:54:10.973,2.0302,2.03045,4.00,9.00
2007.10.22 18:54:12.865,2.0302,2.03045,4.00,1.00
2007.10.22 18:54:13.697,2.0302,2.03045,4.00,1.00
2007.10.22 18:54:13.877,2.0302,2.03045,4.00,1.00
2007.10.22 18:54:14.054,2.03025,2.03045,0.50,1.00
2007.10.22 18:54:14.552,2.03025,2.03045,0.70,1.00
2007.10.22 18:54:16.005,2.0302,2.03045,4.00,1.00
2007.10.22 18:54:16.431,2.0302,2.03045,4.00,1.00
2007.10.22 18:54:16.558,2.0302,2.03045,4.00,1.00
2007.10.22 18:54:19.571,2.03025,2.03045,0.80,1.00
2007.10.22 18:54:19.789,2.03025,2.03045,0.90,1.00
2007.10.22 18:54:19.961,2.03025,2.03045,1.00,1.00
2007.10.22 18:54:20.134,2.03025,2.03045,1.10,1.00
2007.10.22 18:54:20.359,2.03015,2.03045,16.50,1.00
2007.10.22 18:54:21.033,2.03015,2.03045,16.50,1.00
2007.10.22 18:54:23.336,2.03015,2.03045,16.60,1.00
2007.10.22 18:54:24.444,2.03025,2.03045,1.20,1.00
2007.10.22 18:54:26.056,2.0302,2.03045,4.00,1.00
2007.10.22 18:54:26.890,2.0302,2.03045,1.60,1.00
2007.10.22 18:54:27.202,2.0302,2.03045,1.50,1.00
2007.10.22 18:54:27.311,2.03015,2.03045,16.10,1.00
2007.10.22 18:54:27.907,2.0302,2.03045,1.50,1.00
2007.10.22 18:54:28.522,2.03015,2.03045,16.40,1.00
2007.10.22 18:54:28.780,2.0302,2.03045,1.50,1.00
2007.10.22 18:54:29.039,2.0302,2.03045,1.30,1.00
2007.10.22 18:54:31.071,2.03015,2.03045,12.50,1.00
2007.10.22 18:54:31.683,2.03015,2.03045,12.80,1.00
2007.10.22 18:54:32.296,2.03025,2.03055,1.60,26.20
2007.10.22 18:54:32.497,2.03025,2.03045,1.60,1.00
2007.10.22 18:54:36.094,2.03025,2.03045,1.60,1.00
2007.10.22 18:54:37.914,2.03025,2.03055,3.20,26.20
2007.10.22 18:54:41.116,2.03025,2.03055,3.20,26.20
2007.10.22 18:54:46.139,2.03025,2.03055,3.20,26.20
2007.10.22 18:54:51.155,2.03025,2.03055,3.20,26.20
2007.10.22 18:54:52.294,2.03025,2.03055,1.60,26.20
2007.10.22 18:54:55.064,2.03025,2.03065,1.60,48.50
2007.10.22 18:54:56.174,2.03025,2.03055,1.60,0.60
2007.10.22 18:54:58.941,2.03025,2.03065,3.20,48.50
2007.10.22 18:55:00.339,2.03025,2.03065,3.20,48.50
2007.10.22 18:55:00.506,2.03025,2.03045,3.20,0.70
2007.10.22 18:55:00.674,2.03025,2.03055,3.20,27.20
2007.10.22 18:55:00.842,2.03025,2.03045,3.20,0.50
2007.10.22 18:55:01.040,2.0302,2.0305,2.40,10.80
2007.10.22 18:55:01.332,2.0302,2.0305,2.40,8.40
2007.10.22 18:55:01.530,2.0302,2.03045,2.40,0.90
2007.10.22 18:55:01.739,2.0302,2.0305,2.40,8.00
2007.10.22 18:55:02.062,2.0302,2.0305,2.40,18.80
2007.10.22 18:55:02.384,2.0302,2.03045,2.40,14.80
2007.10.22 18:55:03.549,2.0302,2.03045,2.40,14.90
2007.10.22 18:55:06.224,2.0302,2.0304,2.40,0.90
2007.10.22 18:55:07.724,2.0302,2.0304,2.40,0.70
2007.10.22 18:55:08.163,2.0302,2.03045,2.40,6.90
2007.10.22 18:55:08.993,2.0302,2.03045,2.40,10.90
2007.10.22 18:55:09.423,2.0302,2.0304,2.40,0.60
2007.10.22 18:55:09.841,2.0302,2.03045,2.40,18.80
2007.10.22 18:55:11.250,2.0302,2.0304,2.40,0.50
2007.10.22 18:55:16.269,2.0302,2.0304,2.40,0.50
2007.10.22 18:55:17.085,2.0302,2.0304,2.40,0.60
2007.10.22 18:55:17.502,2.0302,2.03045,2.40,19.30
2007.10.22 18:55:19.914,2.0302,2.03045,2.40,19.90
2007.10.22 18:55:20.103,2.0302,2.0304,2.40,0.90
2007.10.22 18:55:20.290,2.0302,2.03035,2.40,0.50
2007.10.22 18:55:20.512,2.0302,2.03035,2.40,0.60
2007.10.22 18:55:20.736,2.0302,2.0304,2.40,15.20
2007.10.22 18:55:20.958,2.03015,2.03035,1.60,31.90
2007.10.22 18:55:21.180,2.03005,2.03025,1.60,0.90
2007.10.22 18:55:21.403,2.03,2.0303,2.40,6.10
2007.10.22 18:55:21.676,2.03,2.03025,2.40,0.60
2007.10.22 18:55:21.950,2.03,2.0303,2.40,19.60
2007.10.22 18:55:22.222,2.03,2.03025,2.40,0.50
2007.10.22 18:55:22.494,2.03,2.0302,2.40,2.40
2007.10.22 18:55:22.735,2.03,2.0302,2.40,2.40
2007.10.22 18:55:22.959,2.03,2.0302,2.40,2.40
2007.10.22 18:55:23.182,2.03,2.0302,2.40,2.40
2007.10.22 18:55:23.506,2.03,2.0302,2.40,2.40
2007.10.22 18:55:24.032,2.03,2.0302,2.40,2.40
2007.10.22 18:55:26.226,2.03,2.0302,2.40,2.40
2007.10.22 18:55:26.470,2.03,2.0302,2.40,2.40
2007.10.22 18:55:26.692,2.03,2.0302,2.40,2.40
2007.10.22 18:55:27.806,2.03,2.0302,2.40,2.40
2007.10.22 18:55:28.070,2.03,2.0302,6.40,2.40
2007.10.22 18:55:28.333,2.03,2.0302,6.40,2.40
2007.10.22 18:55:28.595,2.03005,2.03025,0.80,1.00
2007.10.22 18:55:28.875,2.03005,2.03025,0.80,1.00
2007.10.22 18:55:29.150,2.03,2.03025,6.40,3.00
2007.10.22 18:55:29.424,2.03,2.0302,6.40,2.40
2007.10.22 18:55:29.697,2.03,2.0302,6.40,2.40
2007.10.22 18:55:30.978,2.03,2.0302,6.40,2.40
2007.10.22 18:55:31.207,2.03,2.0302,2.40,2.40
2007.10.22 18:55:31.435,2.03,2.0302,2.40,2.40
2007.10.22 18:55:32.007,2.03,2.0302,2.40,2.40
2007.10.22 18:55:32.447,2.03,2.0302,2.40,2.40
2007.10.22 18:55:33.087,2.03,2.0302,2.40,2.40
2007.10.22 18:55:34.246,2.03,2.0302,2.40,2.40
2007.10.22 18:55:34.429,2.03,2.0302,2.40,2.40
2007.10.22 18:55:34.611,2.03,2.0302,2.40,2.40
2007.10.22 18:55:35.090,2.03,2.0302,2.40,2.40
2007.10.22 18:55:35.320,2.03,2.0302,2.40,2.40
2007.10.22 18:55:35.543,2.03,2.0302,2.40,2.40
2007.10.22 18:55:35.952,2.03,2.0302,2.40,2.40
2007.10.22 18:55:36.359,2.03,2.0302,2.40,2.40
2007.10.22 18:55:36.626,2.03,2.0302,2.40,2.40
2007.10.22 18:55:36.893,2.03,2.0302,2.40,2.40
2007.10.22 18:55:38.217,2.03,2.0302,2.40,2.40
2007.10.22 18:55:38.515,2.03,2.0302,2.40,2.40
2007.10.22 18:55:39.997,2.03,2.0302,2.40,2.40
2007.10.22 18:55:40.198,2.03,2.0302,2.40,2.40
2007.10.22 18:55:40.327,2.03,2.0302,2.40,2.40
2007.10.22 18:55:40.455,2.03,2.03025,6.40,3.00
2007.10.22 18:55:40.583,2.03,2.03025,6.40,1.00
2007.10.22 18:55:40.727,2.03,2.03025,6.40,1.00
2007.10.22 18:55:40.855,2.03,2.03025,6.40,1.00
2007.10.22 18:55:41.188,2.03005,2.03025,1.60,1.00
2007.10.22 18:55:41.522,2.03005,2.03025,1.60,1.00
2007.10.22 18:55:41.854,2.0301,2.03035,2.40,20.30
2007.10.22 18:55:42.072,2.0301,2.03025,2.40,1.00
2007.10.22 18:55:42.510,2.0301,2.03025,2.40,1.00
2007.10.22 18:55:42.729,2.0301,2.03025,2.40,1.00
2007.10.22 18:55:42.947,2.0301,2.03035,2.40,20.00
2007.10.22 18:55:43.115,2.0301,2.03025,2.40,1.00
2007.10.22 18:55:43.275,2.03005,2.03025,4.00,1.00
2007.10.22 18:55:46.400,2.03005,2.03025,4.00,1.00
2007.10.22 18:55:49.956,2.03005,2.03025,4.00,1.00
2007.10.22 18:55:50.145,2.03005,2.03025,4.00,1.00
2007.10.22 18:55:50.302,2.0301,2.03025,0.60,1.00
2007.10.22 18:55:50.445,2.0301,2.03025,0.60,1.00
2007.10.22 18:55:50.588,2.0301,2.03025,1.60,1.00
2007.10.22 18:55:50.731,2.0301,2.03025,1.00,1.00
2007.10.22 18:55:50.874,2.0301,2.03035,1.30,7.00
2007.10.22 18:55:51.017,2.0303,2.03035,0.50,1.00
2007.10.22 18:55:51.325,2.0302,2.03045,4.00,1.00
2007.10.22 18:55:51.633,2.0302,2.03045,6.40,18.20
2007.10.22 18:55:51.941,2.0302,2.03045,6.40,3.00
2007.10.22 18:55:52.250,2.03025,2.03045,4.00,1.00
2007.10.22 18:55:52.518,2.03015,2.03035,17.60,1.00
2007.10.22 18:55:52.786,2.03015,2.03035,15.60,3.00
2007.10.22 18:55:53.054,2.03025,2.0304,4.00,2.40
2007.10.22 18:55:53.267,2.03025,2.03045,4.00,9.00
2007.10.22 18:55:53.480,2.03025,2.03045,4.00,1.00
2007.10.22 18:55:53.723,2.0303,2.03045,1.20,1.00
2007.10.22 18:55:53.936,2.0303,2.03045,0.80,1.00
2007.10.22 18:55:54.151,2.0303,2.03045,0.60,1.00
2007.10.22 18:55:54.394,2.0303,2.03045,1.30,1.00
2007.10.22 18:55:54.637,2.0304,2.03045,1.60,1.00
2007.10.22 18:55:54.940,2.0304,2.03045,0.50,1.00
2007.10.22 18:55:55.183,2.0303,2.03055,4.00,9.80
2007.10.22 18:55:55.461,2.0303,2.03055,4.00,9.80
2007.10.22 18:55:55.739,2.0304,2.03045,1.60,0.20
2007.10.22 18:55:56.017,2.0302,2.03045,6.40,9.30
2007.10.22 18:55:56.296,2.0302,2.03045,6.40,18.40
2007.10.22 18:55:56.558,2.0302,2.03045,6.40,18.20
2007.10.22 18:55:58.164,2.0303,2.03045,1.00,18.40
2007.10.22 18:55:58.789,2.0302,2.03045,6.40,18.20
2007.10.22 18:55:59.328,2.0303,2.03045,1.40,18.20
2007.10.22 18:55:59.597,2.0303,2.03045,0.90,9.00
2007.10.22 18:55:59.865,2.03025,2.03045,4.00,13.00
2007.10.22 18:56:00.133,2.0303,2.03045,1.50,13.00
2007.10.22 18:56:00.401,2.03025,2.03045,4.00,5.00
2007.10.22 18:56:00.795,2.0303,2.03045,1.40,5.20
2007.10.22 18:56:00.999,2.03025,2.03045,4.00,13.00
2007.10.22 18:56:01.203,2.0303,2.03045,0.80,5.00
2007.10.22 18:56:01.406,2.0304,2.03045,1.30,5.00
2007.10.22 18:56:01.658,2.0304,2.03045,0.50,1.00
2007.10.22 18:56:01.912,2.0303,2.03055,4.00,25.00
2007.10.22 18:56:02.165,2.0302,2.03055,6.40,27.80
2007.10.22 18:56:02.418,2.0303,2.03045,1.10,7.40
2007.10.22 18:56:02.676,2.0303,2.03045,1.20,18.20
2007.10.22 18:56:02.934,2.0303,2.03045,1.20,6.20
2007.10.22 18:56:03.192,2.0302,2.03045,6.40,14.20
2007.10.22 18:56:03.858,2.0303,2.03045,0.70,13.40
2007.10.22 18:56:04.096,2.0304,2.03045,1.20,1.00
2007.10.22 18:56:04.334,2.0304,2.03045,0.70,1.00
2007.10.22 18:56:04.571,2.0303,2.03045,1.10,1.00
2007.10.22 18:56:04.845,2.03025,2.03045,4.00,1.00
2007.10.22 18:56:05.118,2.03025,2.03045,4.10,1.00
2007.10.22 18:56:06.494,2.03025,2.03045,4.10,1.00
2007.10.22 18:56:11.519,2.0303,2.03045,2.40,1.00
2007.10.22 18:56:14.633,2.0303,2.03045,2.40,1.00
2007.10.22 18:56:15.805,2.03025,2.03045,4.10,1.00
2007.10.22 18:56:16.534,2.03025,2.03045,4.10,1.00
2007.10.22 18:56:19.387,2.0303,2.03045,1.30,1.00
2007.10.22 18:56:20.459,2.03025,2.03045,4.10,1.00
2007.10.22 18:56:21.558,2.03025,2.03045,4.10,1.00
2007.10.22 18:56:22.779,2.03025,2.03045,4.10,1.00
2007.10.22 18:56:23.193,2.03025,2.03045,4.10,1.00
2007.10.22 18:56:23.507,2.0303,2.03045,1.30,1.00
2007.10.22 18:56:25.056,2.0303,2.03045,1.00,1.00
2007.10.22 18:56:25.890,2.0303,2.03045,0.80,1.00
2007.10.22 18:56:26.004,2.03025,2.03045,4.10,10.20
2007.10.22 18:56:26.116,2.03025,2.03045,2.50,18.20
2007.10.22 18:56:26.583,2.03025,2.03045,2.50,18.20
2007.10.22 18:56:30.017,2.0302,2.0304,2.50,2.40
2007.10.22 18:56:31.618,2.03025,2.0304,0.10,2.40
2007.10.22 18:56:33.001,2.0302,2.0304,2.50,2.40
2007.10.22 18:56:34.046,2.0302,2.0304,2.50,2.40
2007.10.22 18:56:36.634,2.03025,2.0304,0.10,2.40
2007.10.22 18:56:41.653,2.0302,2.0304,2.50,2.40
2007.10.22 18:56:42.874,2.0302,2.0304,2.50,2.40
2007.10.22 18:56:42.979,2.03025,2.0304,0.10,0.50
2007.10.22 18:56:46.232,2.0302,2.0304,2.40,0.50
2007.10.22 18:56:46.410,2.0302,2.03045,2.40,13.30
2007.10.22 18:56:46.588,2.0302,2.0304,2.40,0.70
2007.10.22 18:56:47.065,2.0302,2.0304,2.40,0.50
2007.10.22 18:56:47.905,2.0302,2.03045,2.40,21.20
2007.10.22 18:56:48.346,2.0302,2.0304,2.40,0.90
2007.10.22 18:56:49.619,2.0302,2.03045,2.40,21.50
2007.10.22 18:56:49.847,2.0302,2.03045,2.40,21.50
2007.10.22 18:56:50.141,2.0302,2.03045,2.40,21.40
2007.10.22 18:56:51.700,2.0302,2.0304,2.40,0.50
2007.10.22 18:56:54.004,2.0302,2.03045,2.40,22.20
2007.10.22 18:56:54.417,2.0302,2.03045,2.40,22.20
2007.10.22 18:56:54.839,2.0302,2.0304,2.40,10.40
2007.10.22 18:56:56.721,2.0302,2.0304,2.40,10.40
2007.10.22 18:56:57.000,2.0302,2.0304,2.40,10.40
2007.10.22 18:56:57.217,2.0302,2.03045,2.40,22.20
2007.10.22 18:56:57.435,2.0302,2.0303,2.40,0.50
2007.10.22 18:56:57.653,2.03015,2.0302,2.00,0.70
2007.10.22 18:56:57.871,2.03,2.0302,2.40,0.90
2007.10.22 18:56:58.088,2.02995,2.03025,10.00,8.60
2007.10.22 18:56:58.287,2.02995,2.03025,2.40,12.60
2007.10.22 18:56:58.485,2.02995,2.0302,2.40,0.60
2007.10.22 18:56:58.683,2.02995,2.0302,2.40,0.90
2007.10.22 18:56:58.880,2.02995,2.0302,2.40,3.40
2007.10.22 18:56:59.172,2.02995,2.03015,2.40,0.60
2007.10.22 18:57:00.295,2.02995,2.0302,2.40,3.40
2007.10.22 18:57:01.746,2.02995,2.03015,2.40,0.80
2007.10.22 18:57:02.066,2.02995,2.03025,3.70,12.60
2007.10.22 18:57:03.681,2.02995,2.03025,3.70,20.50
2007.10.22 18:57:03.849,2.02995,2.03025,3.20,20.50
2007.10.22 18:57:04.017,2.02995,2.0302,3.20,0.70
2007.10.22 18:57:06.198,2.02995,2.03025,3.20,28.50
2007.10.22 18:57:06.762,2.02995,2.03025,3.20,28.50
2007.10.22 18:57:07.054,2.02995,2.03025,3.20,28.50
2007.10.22 18:57:07.258,2.02995,2.0302,1.60,3.40
2007.10.22 18:57:07.460,2.02995,2.0302,1.60,3.40
2007.10.22 18:57:07.663,2.02995,2.0302,8.80,3.40
2007.10.22 18:57:07.866,2.02995,2.03025,12.40,14.20
2007.10.22 18:57:08.091,2.03,2.03025,2.40,14.20
2007.10.22 18:57:09.790,2.03,2.03025,2.40,14.40
2007.10.22 18:57:10.052,2.02995,2.03025,12.40,14.20
2007.10.22 18:57:10.316,2.02995,2.03025,12.40,0.90
2007.10.22 18:57:10.559,2.02995,2.0303,12.40,21.30
2007.10.22 18:57:10.802,2.02995,2.03025,12.40,0.80
2007.10.22 18:57:11.044,2.02995,2.03025,12.40,11.80
2007.10.22 18:57:11.286,2.02995,2.0303,12.40,20.60
2007.10.22 18:57:11.595,2.02995,2.0303,20.40,20.60
2007.10.22 18:57:11.902,2.02995,2.0303,20.40,12.60
2007.10.22 18:57:12.440,2.02995,2.0303,20.40,20.60
2007.10.22 18:57:12.759,2.02995,2.0303,20.40,21.30
2007.10.22 18:57:13.713,2.02995,2.0303,20.40,20.80
2007.10.22 18:57:13.981,2.02995,2.03025,12.40,0.50
2007.10.22 18:57:14.249,2.02995,2.03005,10.00,3.40
2007.10.22 18:57:14.516,2.0299,2.03005,4.00,3.40
2007.10.22 18:57:14.780,2.03,2.03015,2.40,4.00
2007.10.22 18:57:15.043,2.03,2.03025,2.40,20.80
2007.10.22 18:57:15.307,2.03,2.03025,2.40,12.60
2007.10.22 18:57:15.969,2.03,2.0302,2.40,0.60
2007.10.22 18:57:16.188,2.02995,2.03,1.60,0.60
2007.10.22 18:57:16.406,2.0299,2.03005,2.40,3.40
2007.10.22 18:57:16.625,2.02985,2.03,11.60,0.50
2007.10.22 18:57:18.073,2.02985,2.03005,11.60,3.40
2007.10.22 18:57:18.331,2.02985,2.03005,10.80,3.40
2007.10.22 18:57:19.428,2.02985,2.03005,10.80,3.40
2007.10.22 18:57:19.681,2.02985,2.0301,12.40,6.40
2007.10.22 18:57:19.939,2.02985,2.0301,12.40,6.40
2007.10.22 18:57:21.837,2.02985,2.0301,12.40,6.40
2007.10.22 18:57:23.428,2.02985,2.0301,12.40,6.40
2007.10.22 18:57:24.068,2.02985,2.03,6.00,0.50
2007.10.22 18:57:24.207,2.0298,2.03005,2.40,5.40
2007.10.22 18:57:24.493,2.02975,2.03,9.70,0.90
2007.10.22 18:57:24.630,2.02975,2.03,9.70,0.90
2007.10.22 18:57:25.223,2.02975,2.03,9.70,0.90
2007.10.22 18:57:25.733,2.02975,2.03005,9.70,7.80
2007.10.22 18:57:25.866,2.02975,2.03,5.70,0.90
2007.10.22 18:57:26.044,2.02975,2.03005,5.70,12.40
2007.10.22 18:57:26.177,2.02975,2.03,5.70,0.50
2007.10.22 18:57:26.309,2.02975,2.03,4.40,3.40
2007.10.22 18:57:26.461,2.02975,2.03,4.40,3.40
2007.10.22 18:57:26.594,2.02975,2.02995,4.40,0.90
2007.10.22 18:57:26.927,2.02975,2.03005,4.40,21.30
2007.10.22 18:57:31.878,2.02975,2.03,4.40,0.90
2007.10.22 18:57:36.912,2.02975,2.03,4.40,2.40
2007.10.22 18:57:37.532,2.02975,2.03,4.40,2.40
2007.10.22 18:57:37.865,2.02975,2.03,4.40,2.40
2007.10.22 18:57:38.206,2.02975,2.03,4.40,2.40
2007.10.22 18:57:38.420,2.02975,2.03,4.40,2.40
2007.10.22 18:57:38.623,2.02975,2.03,4.40,2.40
2007.10.22 18:57:38.726,2.02975,2.02995,4.40,1.00
2007.10.22 18:57:38.839,2.02975,2.02995,4.40,1.00
2007.10.22 18:57:39.105,2.02975,2.03,4.40,2.40
2007.10.22 18:57:39.382,2.02975,2.03,4.40,2.40
2007.10.22 18:57:39.780,2.02975,2.02995,4.40,1.20
2007.10.22 18:57:40.059,2.02975,2.02995,4.40,0.80
2007.10.22 18:57:40.338,2.02955,2.0296,2.40,2.40
2007.10.22 18:57:40.532,2.02955,2.0296,2.40,2.40
2007.10.22 18:57:40.726,2.02945,2.0296,4.00,2.40
2007.10.22 18:57:40.918,2.0294,2.0296,4.80,2.40
2007.10.22 18:57:41.111,2.0294,2.0296,4.80,2.40
2007.10.22 18:57:41.304,2.0293,2.02955,4.80,1.00
2007.10.22 18:57:41.628,2.0293,2.02955,2.40,1.00
2007.10.22 18:57:41.957,2.0293,2.02955,2.40,1.00
2007.10.22 18:57:42.239,2.0293,2.02955,2.40,0.90
2007.10.22 18:57:42.277,2.02935,2.02965,7.20,17.00
2007.10.22 18:57:42.520,2.02935,2.02965,7.20,19.40
2007.10.22 18:57:42.763,2.02935,2.0296,7.30,6.40
2007.10.22 18:57:43.007,2.02935,2.0295,7.20,0.90
2007.10.22 18:57:43.249,2.02935,2.0295,5.90,0.60
2007.10.22 18:57:44.007,2.02935,2.02955,5.90,3.40
2007.10.22 18:57:44.366,2.02935,2.02955,5.20,3.40
2007.10.22 18:57:44.584,2.02935,2.02955,4.80,3.40
2007.10.22 18:57:45.096,2.02935,2.02955,0.80,8.20
2007.10.22 18:57:45.314,2.02935,2.0295,0.80,3.40
2007.10.22 18:57:45.523,2.02925,2.02945,4.80,3.40
2007.10.22 18:57:45.731,2.0292,2.0294,4.80,0.90
2007.10.22 18:57:45.939,2.02925,2.02945,0.50,4.20
2007.10.22 18:57:46.148,2.02925,2.02945,0.50,4.20
2007.10.22 18:57:46.782,2.0292,2.02945,2.40,4.20
2007.10.22 18:57:47.070,2.0292,2.02945,2.40,4.20
2007.10.22 18:57:47.735,2.0292,2.0294,2.40,0.60
2007.10.22 18:57:48.028,2.02925,2.02945,0.20,12.20
2007.10.22 18:57:48.462,2.02925,2.0294,0.20,0.80
2007.10.22 18:57:48.878,2.02925,2.0294,0.20,0.90
2007.10.22 18:57:49.092,2.02925,2.0294,4.10,0.60
2007.10.22 18:57:49.240,2.02925,2.0294,4.90,0.90
2007.10.22 18:57:49.387,2.02925,2.02945,4.90,3.40
2007.10.22 18:57:49.620,2.02925,2.0294,0.80,5.60
2007.10.22 18:57:49.854,2.0292,2.02925,2.40,0.90
2007.10.22 18:57:50.086,2.0291,2.0293,4.00,3.40
2007.10.22 18:57:50.319,2.0291,2.0294,6.40,3.40
2007.10.22 18:57:50.553,2.02915,2.0294,0.80,3.40
2007.10.22 18:57:50.821,2.02915,2.02945,0.80,9.60
2007.10.22 18:57:51.088,2.02915,2.02945,0.80,0.90
2007.10.22 18:57:51.356,2.02915,2.0295,0.80,11.00
2007.10.22 18:57:51.982,2.02915,2.0295,0.80,11.00
2007.10.22 18:57:52.209,2.02915,2.0295,0.80,11.00
2007.10.22 18:57:52.437,2.02915,2.0295,0.80,11.00
2007.10.22 18:57:52.666,2.02935,2.0295,2.00,10.40
2007.10.22 18:57:52.920,2.02935,2.0295,3.60,10.40
2007.10.22 18:57:53.172,2.02935,2.0295,3.60,10.40
2007.10.22 18:57:56.112,2.02935,2.02955,3.60,20.30
2007.10.22 18:57:56.615,2.02935,2.0295,3.60,8.80
2007.10.22 18:57:56.848,2.02935,2.0294,1.60,0.50
2007.10.22 18:57:56.991,2.0293,2.0294,2.40,0.50
2007.10.22 18:57:57.134,2.02925,2.0294,9.70,0.70
2007.10.22 18:57:57.277,2.02925,2.02945,10.50,3.20
2007.10.22 18:57:57.444,2.02925,2.02945,10.50,3.20
2007.10.22 18:57:58.441,2.02925,2.02945,10.50,11.20
2007.10.22 18:57:59.195,2.02925,2.0294,8.40,0.50
2007.10.22 18:58:00.837,2.02925,2.02945,8.40,12.90
2007.10.22 18:58:01.050,2.02925,2.0294,8.40,0.90
2007.10.22 18:58:01.263,2.0292,2.02935,2.40,0.80
2007.10.22 18:58:01.480,2.02915,2.0294,2.40,3.40
2007.10.22 18:58:01.693,2.02915,2.02935,3.20,0.70
2007.10.22 18:58:02.039,2.02915,2.02935,3.20,0.50
2007.10.22 18:58:02.373,2.02915,2.0294,1.60,3.40
2007.10.22 18:58:02.706,2.02915,2.0294,1.60,6.50
2007.10.22 18:58:03.039,2.0291,2.02935,2.40,0.80
2007.10.22 18:58:03.282,2.0291,2.02935,2.40,0.50
2007.10.22 18:58:03.525,2.0291,2.02935,2.40,0.70
2007.10.22 18:58:03.768,2.0291,2.0294,2.40,5.80
2007.10.22 18:58:04.012,2.0291,2.0294,2.40,4.30
2007.10.22 18:58:04.284,2.0291,2.0294,2.40,11.10
2007.10.22 18:58:04.557,2.0291,2.02935,2.40,0.60
2007.10.22 18:58:04.831,2.02915,2.0293,9.20,0.90
2007.10.22 18:58:05.104,2.02915,2.02935,9.20,12.80
2007.10.22 18:58:05.342,2.02915,2.0293,7.60,0.90
2007.10.22 18:58:07.061,2.02915,2.02935,7.60,13.80
2007.10.22 18:58:07.298,2.02915,2.02935,1.60,15.90
2007.10.22 18:58:07.536,2.0291,2.02925,2.40,0.20
2007.10.22 18:58:07.793,2.0291,2.02925,2.40,0.50
2007.10.22 18:58:08.928,2.0291,2.0293,2.40,3.00
2007.10.22 18:58:09.332,2.0291,2.02925,2.40,0.80
2007.10.22 18:58:09.609,2.0291,2.0293,2.40,3.20
2007.10.22 18:58:09.727,2.0291,2.0293,2.40,3.20
2007.10.22 18:58:09.850,2.0291,2.02925,2.40,0.80
2007.10.22 18:58:09.967,2.0291,2.02925,2.40,0.80
2007.10.22 18:58:10.173,2.02905,2.0292,10.00,0.90
2007.10.22 18:58:12.088,2.02905,2.0292,10.00,2.40
2007.10.22 18:58:13.218,2.02905,2.0292,10.00,2.40
2007.10.22 18:58:13.495,2.02905,2.0292,10.00,2.40
2007.10.22 18:58:13.640,2.02915,2.0292,4.00,2.40
2007.10.22 18:58:13.728,2.02915,2.0292,4.80,2.40
2007.10.22 18:58:13.816,2.0292,2.0293,2.40,2.40
2007.10.22 18:58:13.904,2.0292,2.02935,2.40,8.00
2007.10.22 18:58:17.116,2.0292,2.02935,2.40,8.00
2007.10.22 18:58:21.079,2.0292,2.02935,2.40,8.00
2007.10.22 18:58:21.267,2.02925,2.02935,2.00,8.00
2007.10.22 18:58:21.455,2.02925,2.02935,3.60,8.00
2007.10.22 18:58:21.638,2.02925,2.02935,3.60,8.00
2007.10.22 18:58:21.830,2.02925,2.0294,3.60,2.40
2007.10.22 18:58:22.011,2.02925,2.0294,3.60,2.40
2007.10.22 18:58:25.127,2.02925,2.02935,3.60,0.80
2007.10.22 18:58:25.358,2.02925,2.02935,3.60,0.80
2007.10.22 18:58:25.594,2.02925,2.02935,3.60,8.80
2007.10.22 18:58:25.831,2.02925,2.02935,1.60,8.90
2007.10.22 18:58:26.069,2.0292,2.02935,2.40,8.00
2007.10.22 18:58:26.351,2.0292,2.02935,2.40,8.00
2007.10.22 18:58:27.162,2.0292,2.02935,2.40,8.00
2007.10.22 18:58:30.161,2.0292,2.02935,2.40,8.00
2007.10.22 18:58:30.411,2.0292,2.02945,2.40,9.20
2007.10.22 18:58:30.658,2.02925,2.02945,1.60,9.20
2007.10.22 18:58:30.906,2.02925,2.02945,1.60,9.60
2007.10.22 18:58:32.188,2.02925,2.02945,1.60,9.60
2007.10.22 18:58:33.814,2.02925,2.02945,1.60,9.80
2007.10.22 18:58:34.148,2.02925,2.02945,1.60,12.20
2007.10.22 18:58:34.440,2.0292,2.02945,2.40,14.80
2007.10.22 18:58:34.628,2.0292,2.02945,2.40,14.40
2007.10.22 18:58:34.816,2.0292,2.02945,2.40,9.20
2007.10.22 18:58:35.003,2.02925,2.02945,1.60,9.20
2007.10.22 18:58:35.191,2.02925,2.02945,1.60,9.20
2007.10.22 18:58:35.475,2.02925,2.02935,1.60,8.00
2007.10.22 18:58:35.958,2.02925,2.02945,1.60,9.70
2007.10.22 18:58:36.273,2.02925,2.02945,1.60,9.80
2007.10.22 18:58:36.445,2.02925,2.02945,1.60,9.70
2007.10.22 18:58:36.636,2.02925,2.02945,1.60,10.50
2007.10.22 18:58:36.809,2.0292,2.02945,2.40,14.40
2007.10.22 18:58:37.137,2.0292,2.02945,2.40,13.60
2007.10.22 18:58:37.310,2.02925,2.02945,1.60,9.70
2007.10.22 18:58:37.644,2.02925,2.02945,1.60,9.70
2007.10.22 18:58:37.976,2.02925,2.02945,1.60,9.80
2007.10.22 18:58:38.308,2.0292,2.02945,2.40,15.10
2007.10.22 18:58:38.675,2.0292,2.02945,2.40,12.80
2007.10.22 18:58:38.868,2.02925,2.02945,1.60,10.00
2007.10.22 18:58:39.061,2.02925,2.02945,1.60,10.00
2007.10.22 18:58:39.254,2.02925,2.02945,1.60,13.00
2007.10.22 18:58:39.446,2.0292,2.02945,2.40,15.00
2007.10.22 18:58:39.694,2.0292,2.02945,2.40,15.10
2007.10.22 18:58:39.942,2.02925,2.02945,1.60,9.90
2007.10.22 18:58:40.190,2.02925,2.02945,1.60,12.90
2007.10.22 18:58:40.438,2.0292,2.02945,2.40,14.90
2007.10.22 18:58:40.743,2.0292,2.02945,2.40,14.10
2007.10.22 18:58:40.981,2.02925,2.02945,1.60,9.70
2007.10.22 18:58:41.218,2.02925,2.02945,1.60,9.70
2007.10.22 18:58:41.456,2.02925,2.02945,1.60,8.70
2007.10.22 18:58:41.568,2.02925,2.0295,1.60,11.10
2007.10.22 18:58:41.738,2.02925,2.0295,1.60,11.10
2007.10.22 18:58:42.246,2.02925,2.0295,1.60,11.10
2007.10.22 18:58:43.400,2.02925,2.0295,1.60,11.10
2007.10.22 18:58:43.648,2.02925,2.0295,1.60,17.20
2007.10.22 18:58:43.872,2.02925,2.02945,1.60,0.50
2007.10.22 18:58:44.094,2.02915,2.02935,3.20,0.50
2007.10.22 18:58:44.317,2.02915,2.0294,3.20,10.40
2007.10.22 18:58:44.608,2.02915,2.0294,3.20,10.40
2007.10.22 18:58:44.915,2.02915,2.0294,1.60,11.40
2007.10.22 18:58:45.272,2.02915,2.02935,1.60,0.70
2007.10.22 18:58:45.608,2.02915,2.02935,1.60,0.90
2007.10.22 18:58:45.816,2.02915,2.0294,1.60,20.60
2007.10.22 18:58:46.024,2.0291,2.02935,2.40,0.60
2007.10.22 18:58:46.395,2.0291,2.02935,2.40,18.60
2007.10.22 18:58:46.603,2.0291,2.0293,2.40,10.40
2007.10.22 18:58:47.268,2.0291,2.0293,2.40,10.40
2007.10.22 18:58:47.626,2.0291,2.02935,2.40,18.70
2007.10.22 18:58:49.188,2.0291,2.0293,2.40,2.90
2007.10.22 18:58:49.376,2.0291,2.02935,2.40,18.50
2007.10.22 18:58:50.343,2.0291,2.0293,2.40,10.40
2007.10.22 18:58:51.317,2.0291,2.0293,2.40,10.40
2007.10.22 18:58:51.510,2.02905,2.02935,1.60,42.40
2007.10.22 18:58:51.703,2.02905,2.02935,1.60,42.40
2007.10.22 18:58:51.896,2.02895,2.02935,2.00,42.40
2007.10.22 18:58:52.119,2.02895,2.02935,3.60,42.40
2007.10.22 18:58:52.627,2.02895,2.02915,3.60,0.80
2007.10.22 18:58:52.851,2.0288,2.0291,6.40,3.40
2007.10.22 18:58:53.104,2.0288,2.0291,6.40,3.40
2007.10.22 18:58:53.357,2.0288,2.02905,6.40,3.40
2007.10.22 18:58:53.610,2.0288,2.029,6.40,0.80
2007.10.22 18:58:53.863,2.0288,2.02905,6.40,3.40
2007.10.22 18:58:54.134,2.0288,2.02905,6.40,3.40
2007.10.22 18:58:54.341,2.0288,2.029,6.40,0.90
2007.10.22 18:58:54.548,2.0288,2.02905,6.40,4.20
2007.10.22 18:58:54.872,2.0288,2.02905,6.40,12.20
2007.10.22 18:58:55.106,2.0288,2.029,6.40,0.70
2007.10.22 18:58:57.316,2.0288,2.029,6.40,0.70
2007.10.22 18:58:58.814,2.0288,2.02905,6.40,11.40
2007.10.22 18:58:59.211,2.0288,2.0291,6.40,13.80
2007.10.22 18:58:59.414,2.02885,2.02915,3.20,24.70
2007.10.22 18:58:59.616,2.02885,2.02915,3.20,22.30
2007.10.22 18:58:59.910,2.02885,2.02905,1.60,0.50
2007.10.22 18:59:00.422,2.02885,2.0291,3.20,0.50
2007.10.22 18:59:00.922,2.02885,2.0291,1.60,3.40
2007.10.22 18:59:01.194,2.02885,2.0291,1.60,3.40
2007.10.22 18:59:01.587,2.02885,2.02905,1.60,0.70
2007.10.22 18:59:01.791,2.02885,2.0291,1.60,6.20
2007.10.22 18:59:01.973,2.0288,2.02905,6.40,0.70
2007.10.22 18:59:02.156,2.0288,2.0291,6.40,7.80
2007.10.22 18:59:02.469,2.0288,2.02905,6.40,0.80
2007.10.22 18:59:02.782,2.02885,2.0291,3.20,0.70
2007.10.22 18:59:03.236,2.02885,2.02915,3.20,23.10
2007.10.22 18:59:03.586,2.02885,2.0291,3.20,0.50
2007.10.22 18:59:03.999,2.02885,2.0291,1.60,3.40
2007.10.22 18:59:04.247,2.02885,2.0291,3.70,0.60
2007.10.22 18:59:04.450,2.02895,2.0291,2.00,0.50
2007.10.22 18:59:04.653,2.02895,2.02905,3.60,0.80
2007.10.22 18:59:04.855,2.02895,2.02905,3.60,0.70
2007.10.22 18:59:05.059,2.02895,2.02905,3.60,0.80
2007.10.22 18:59:05.262,2.02895,2.0291,3.60,16.30
2007.10.22 18:59:05.584,2.0288,2.029,2.40,0.60
2007.10.22 18:59:05.908,2.0288,2.02905,2.40,14.40
2007.10.22 18:59:06.231,2.0288,2.029,2.40,0.80
2007.10.22 18:59:06.538,2.0288,2.02905,2.40,14.30
2007.10.22 18:59:06.781,2.0288,2.029,2.40,0.50
2007.10.22 18:59:07.365,2.0288,2.02905,2.40,14.40
2007.10.22 18:59:07.593,2.0288,2.029,2.40,0.50
2007.10.22 18:59:07.894,2.0288,2.029,2.40,0.60
2007.10.22 18:59:09.142,2.0288,2.02905,2.40,14.10
2007.10.22 18:59:09.811,2.02885,2.02905,1.60,14.10
2007.10.22 18:59:09.973,2.02885,2.0291,1.60,15.30
2007.10.22 18:59:10.137,2.02885,2.0291,1.60,12.10
2007.10.22 18:59:11.882,2.02885,2.02905,1.60,10.90
2007.10.22 18:59:12.230,2.02885,2.02905,1.60,10.90
2007.10.22 18:59:12.398,2.0288,2.02905,2.40,13.70
2007.10.22 18:59:12.736,2.0288,2.02905,2.40,13.80
2007.10.22 18:59:12.975,2.0288,2.029,2.40,2.40
2007.10.22 18:59:13.212,2.0288,2.029,2.40,2.40
2007.10.22 18:59:13.450,2.0288,2.029,2.40,2.40
2007.10.22 18:59:13.708,2.0288,2.029,2.40,2.40
2007.10.22 18:59:16.157,2.0288,2.029,2.40,2.40
2007.10.22 18:59:16.428,2.0288,2.029,2.40,2.40
2007.10.22 18:59:16.936,2.0288,2.029,2.40,2.40
2007.10.22 18:59:17.409,2.0288,2.029,2.40,2.40
2007.10.22 18:59:20.059,2.0288,2.029,2.40,2.40
2007.10.22 18:59:22.444,2.0288,2.029,2.40,2.40
2007.10.22 18:59:23.516,2.0288,2.029,2.40,2.40
2007.10.22 18:59:23.764,2.0288,2.029,2.40,2.40
2007.10.22 18:59:23.941,2.0288,2.029,2.40,2.40
2007.10.22 18:59:23.982,2.0288,2.02905,2.40,16.00
2007.10.22 18:59:24.726,2.0288,2.02905,2.40,15.30
2007.10.22 18:59:24.904,2.0288,2.029,2.40,0.60
2007.10.22 18:59:27.011,2.0288,2.02905,2.40,15.20
2007.10.22 18:59:27.434,2.0288,2.029,2.40,0.90
2007.10.22 18:59:29.416,2.0288,2.029,2.40,0.80
2007.10.22 18:59:31.639,2.0288,2.02905,2.40,16.00
2007.10.22 18:59:31.833,2.0288,2.02905,2.40,16.00
2007.10.22 18:59:32.495,2.0288,2.029,2.40,0.60
2007.10.22 18:59:32.693,2.0288,2.02905,2.40,16.00
2007.10.22 18:59:35.709,2.0288,2.02905,2.40,15.30
2007.10.22 18:59:36.171,2.0288,2.029,2.40,2.70
2007.10.22 18:59:36.414,2.0288,2.02905,2.40,14.80
2007.10.22 18:59:36.658,2.0288,2.02905,2.40,15.00
2007.10.22 18:59:37.216,2.0288,2.029,2.40,0.50
2007.10.22 18:59:37.418,2.0288,2.02905,2.40,14.80
2007.10.22 18:59:37.754,2.0288,2.02905,2.40,14.40
2007.10.22 18:59:40.574,2.0288,2.02905,2.40,15.20
2007.10.22 18:59:40.782,2.0288,2.02905,2.40,14.40
2007.10.22 18:59:42.541,2.0288,2.029,2.40,0.80
2007.10.22 18:59:43.564,2.02875,2.02905,12.10,0.70
2007.10.22 18:59:45.823,2.02875,2.02915,12.10,32.50
2007.10.22 18:59:47.569,2.02875,2.02905,12.10,0.50
2007.10.22 18:59:47.737,2.02875,2.02915,12.10,32.70
2007.10.22 18:59:49.416,2.02875,2.02905,12.10,0.60
2007.10.22 18:59:49.715,2.02875,2.02915,12.10,32.50
2007.10.22 18:59:49.879,2.02875,2.02895,12.10,0.80
2007.10.22 18:59:50.041,2.02875,2.02905,12.10,15.20
2007.10.22 18:59:50.361,2.02875,2.02905,9.70,21.00
2007.10.22 18:59:50.523,2.02875,2.02905,9.20,21.00
2007.10.22 18:59:50.811,2.0288,2.029,2.40,16.00
2007.10.22 18:59:51.099,2.02875,2.0289,10.00,0.80
2007.10.22 18:59:51.399,2.02875,2.0289,10.00,0.80
2007.10.22 18:59:52.327,2.02875,2.0289,10.00,0.80
2007.10.22 18:59:52.657,2.02875,2.02895,10.00,13.20
2007.10.22 18:59:53.479,2.02875,2.0289,8.40,2.40
2007.10.22 18:59:53.737,2.02875,2.0289,7.60,2.40
2007.10.22 18:59:53.995,2.02875,2.0289,7.60,2.40
2007.10.22 18:59:55.639,2.02875,2.0289,8.40,2.40
2007.10.22 18:59:55.934,2.02875,2.0289,8.40,2.40
2007.10.22 18:59:57.716,2.02875,2.0289,8.40,2.40
2007.10.22 18:59:58.794,2.02875,2.0289,10.80,2.40
2007.10.22 18:59:59.012,2.02875,2.0289,10.80,2.40
2007.10.22 18:59:59.605,2.02875,2.0289,10.80,2.40
2007.10.22 18:59:59.878,2.02875,2.0289,10.00,2.40
