2008.11.27 12:00:00.282,1.5431,1.54345,2.00,1.00
2008.11.27 12:00:00.632,1.5431,1.5435,2.00,1.60
2008.11.27 12:00:00.922,1.5432,1.5435,3.80,1.60
2008.11.27 12:00:01.322,1.5433,1.5435,5.00,1.60
2008.11.27 12:00:01.442,1.5433,1.5435,1.00,1.60
2008.11.27 12:00:01.682,1.5433,1.5435,1.60,1.60
2008.11.27 12:00:01.792,1.5433,1.5436,2.00,1.60
2008.11.27 12:00:02.081,1.54335,1.5436,1.00,2.60
2008.11.27 12:00:02.372,1.54335,1.5435,1.00,1.60
2008.11.27 12:00:02.602,1.5434,1.54345,1.00,4.80
2008.11.27 12:00:02.891,1.54345,1.5435,1.00,4.50
2008.11.27 12:00:03.181,1.54325,1.54345,2.40,6.40
2008.11.27 12:00:04.431,1.54345,1.5435,2.40,6.90
2008.11.27 12:00:06.181,1.5432,1.5434,4.00,3.20
2008.11.27 12:00:06.411,1.5431,1.5434,3.20,3.20
2008.11.27 12:00:06.581,1.54325,1.5433,2.40,3.20
2008.11.27 12:00:06.981,1.5432,1.54335,2.80,4.80
2008.11.27 12:00:07.150,1.54325,1.54335,1.00,4.80
2008.11.27 12:00:07.501,1.5434,1.54345,1.00,6.40
2008.11.27 12:00:07.970,1.54335,1.54345,1.00,6.40
2008.11.27 12:00:09.060,1.5434,1.54345,1.00,6.40
2008.11.27 12:00:09.730,1.5433,1.54345,3.00,6.40
2008.11.27 12:00:09.960,1.54335,1.54345,1.00,6.40
2008.11.27 12:00:11.229,1.5435,1.54355,1.00,11.50
2008.11.27 12:00:12.100,1.54345,1.5435,1.00,6.90
2008.11.27 12:00:12.549,1.5431,1.54335,3.20,4.80
2008.11.27 12:00:12.789,1.5433,1.54335,2.40,4.80
2008.11.27 12:00:12.959,1.5433,1.54335,2.80,4.80
2008.11.27 12:00:14.379,1.5433,1.54335,3.40,4.80
2008.11.27 12:00:15.238,1.5433,1.54335,1.00,4.80
2008.11.27 12:00:15.408,1.54335,1.5434,1.00,6.10
2008.11.27 12:00:19.227,1.5433,1.54335,3.40,4.80
2008.11.27 12:00:19.577,1.5433,1.54335,2.80,4.80
2008.11.27 12:00:19.977,1.5433,1.54335,3.40,4.80
2008.11.27 12:00:20.797,1.54325,1.54335,1.00,4.80
2008.11.27 12:00:23.676,1.5433,1.54335,1.00,4.80
2008.11.27 12:00:26.836,1.54325,1.54335,1.00,4.80
2008.11.27 12:00:27.405,1.5433,1.54335,1.00,4.80
2008.11.27 12:00:29.615,1.54325,1.54335,1.00,4.80
2008.11.27 12:00:29.795,1.54325,1.54335,1.00,4.80
2008.11.27 12:00:30.155,1.5433,1.54335,1.00,4.80
2008.11.27 12:00:31.904,1.54325,1.54335,3.40,4.80
2008.11.27 12:00:32.444,1.54325,1.54335,1.00,4.80
2008.11.27 12:00:32.734,1.54325,1.54335,1.00,4.80
2008.11.27 12:00:34.444,1.54325,1.54335,2.80,4.80
2008.11.27 12:00:34.774,1.5433,1.54335,1.00,4.80
2008.11.27 12:00:35.464,1.54335,1.5434,1.00,5.60
2008.11.27 12:00:40.092,1.54335,1.5434,1.00,6.40
2008.11.27 12:00:41.302,1.5433,1.54335,3.40,6.40
2008.11.27 12:00:41.992,1.54335,1.5434,1.00,6.90
2008.11.27 12:00:42.273,1.54335,1.5434,1.00,5.60
2008.11.27 12:00:45.221,1.5433,1.54335,3.40,4.80
2008.11.27 12:00:45.781,1.54335,1.5434,1.00,5.60
2008.11.27 12:00:46.731,1.5434,1.54345,1.00,10.80
2008.11.27 12:00:49.290,1.5434,1.54345,1.00,10.80
2008.11.27 12:00:50.450,1.5434,1.54345,1.00,10.80
2008.11.27 12:00:50.730,1.54335,1.54345,1.00,11.60
2008.11.27 12:00:51.010,1.54335,1.5434,1.00,6.90
2008.11.27 12:00:51.640,1.54335,1.5434,1.00,5.60
2008.11.27 12:00:52.729,1.54335,1.54345,1.00,11.60
2008.11.27 12:00:54.559,1.54335,1.5434,1.00,6.10
2008.11.27 12:00:56.688,1.5433,1.54335,1.00,4.80
2008.11.27 12:00:56.808,1.54325,1.54335,1.00,4.80
2008.11.27 12:00:58.458,1.5433,1.54335,1.00,4.80
2008.11.27 12:01:01.277,1.5433,1.54335,1.00,4.80
2008.11.27 12:01:02.007,1.5433,1.54335,1.00,4.80
2008.11.27 12:01:02.297,1.54325,1.54335,1.00,4.80
2008.11.27 12:01:02.757,1.5433,1.54335,1.00,4.80
2008.11.27 12:01:02.977,1.5433,1.54335,1.00,6.40
2008.11.27 12:01:03.037,1.54325,1.5433,1.00,4.80
2008.11.27 12:01:03.277,1.54325,1.5433,1.00,4.80
2008.11.27 12:01:07.806,1.54325,1.5433,1.00,3.20
2008.11.27 12:01:08.146,1.54325,1.5434,1.00,6.40
2008.11.27 12:01:08.505,1.54325,1.5434,1.00,6.40
2008.11.27 12:01:08.785,1.5433,1.5434,1.00,6.40
2008.11.27 12:01:09.006,1.54335,1.54345,1.00,12.00
2008.11.27 12:01:09.365,1.54335,1.54345,1.00,6.40
2008.11.27 12:01:09.705,1.54335,1.5434,1.00,6.90
2008.11.27 12:01:10.895,1.54325,1.5433,1.00,6.10
2008.11.27 12:01:11.305,1.5432,1.54325,3.40,4.80
2008.11.27 12:01:14.194,1.5432,1.54325,2.60,4.80
2008.11.27 12:01:19.993,1.54315,1.5432,3.40,4.80
2008.11.27 12:01:20.443,1.5431,1.54315,1.00,4.80
2008.11.27 12:01:20.623,1.54305,1.54315,1.00,4.80
2008.11.27 12:01:20.963,1.5431,1.54315,1.00,4.80
2008.11.27 12:01:22.262,1.5431,1.54315,1.00,4.80
2008.11.27 12:01:22.882,1.54315,1.5432,1.00,6.40
2008.11.27 12:01:24.112,1.54315,1.5432,1.00,6.40
2008.11.27 12:01:25.561,1.54315,1.5432,1.00,6.40
2008.11.27 12:01:25.861,1.54305,1.54315,1.00,4.80
2008.11.27 12:01:27.311,1.5431,1.54315,1.00,4.80
2008.11.27 12:01:27.481,1.54305,1.54315,1.00,4.80
2008.11.27 12:01:27.651,1.54305,1.54315,2.80,4.80
2008.11.27 12:01:27.991,1.5431,1.54315,1.00,4.80
2008.11.27 12:01:28.291,1.54305,1.54315,2.80,4.80
2008.11.27 12:01:29.191,1.54305,1.54315,3.40,4.80
2008.11.27 12:01:29.740,1.54305,1.54325,3.40,4.80
2008.11.27 12:01:30.790,1.54305,1.54325,3.40,6.40
2008.11.27 12:01:31.800,1.54305,1.54325,3.40,4.80
2008.11.27 12:01:33.180,1.54315,1.54325,1.00,4.80
2008.11.27 12:01:40.768,1.54315,1.5433,1.00,5.80
2008.11.27 12:01:41.058,1.54315,1.54335,1.00,8.80
2008.11.27 12:01:41.577,1.5432,1.54335,1.00,8.80
2008.11.27 12:01:42.347,1.54325,1.54335,1.00,6.40
2008.11.27 12:01:42.637,1.54325,1.54345,1.00,9.20
2008.11.27 12:01:42.748,1.54325,1.54345,1.00,6.40
2008.11.27 12:01:43.777,1.5433,1.54335,1.00,6.40
2008.11.27 12:01:45.327,1.54325,1.54335,3.00,6.40
2008.11.27 12:01:45.677,1.54325,1.54335,2.80,6.40
2008.11.27 12:01:45.957,1.54305,1.5432,1.60,1.60
2008.11.27 12:01:46.426,1.5429,1.54295,1.60,2.40
2008.11.27 12:01:46.866,1.5432,1.5434,1.00,6.40
2008.11.27 12:01:47.036,1.5432,1.54345,1.00,6.40
2008.11.27 12:01:47.746,1.54325,1.54345,1.00,6.40
2008.11.27 12:01:47.986,1.54325,1.54345,1.00,6.40
2008.11.27 12:01:48.266,1.5432,1.54335,1.00,6.40
2008.11.27 12:01:48.546,1.54295,1.543,1.00,2.40
2008.11.27 12:01:48.876,1.543,1.5431,1.60,1.00
2008.11.27 12:01:49.226,1.5432,1.54325,1.00,7.60
2008.11.27 12:01:49.516,1.5432,1.5435,1.00,9.60
2008.11.27 12:01:49.855,1.5432,1.54335,1.00,6.40
2008.11.27 12:01:50.485,1.54335,1.5434,1.00,6.90
2008.11.27 12:01:51.005,1.5433,1.54335,1.00,6.40
2008.11.27 12:01:51.365,1.54285,1.5431,2.20,2.40
2008.11.27 12:01:51.705,1.5432,1.54325,1.00,5.40
2008.11.27 12:01:51.995,1.5432,1.54345,1.00,1.60
2008.11.27 12:01:52.615,1.5431,1.54335,1.00,6.40
2008.11.27 12:01:52.835,1.54325,1.54335,1.00,6.40
2008.11.27 12:01:54.005,1.54305,1.54315,1.60,1.60
2008.11.27 12:01:54.244,1.5429,1.543,1.60,2.40
2008.11.27 12:01:54.415,1.54285,1.543,1.00,2.40
2008.11.27 12:01:54.694,1.5429,1.5431,1.60,4.80
2008.11.27 12:01:55.104,1.5429,1.5432,1.60,6.40
2008.11.27 12:01:55.454,1.54315,1.5433,1.00,1.60
2008.11.27 12:01:57.194,1.543,1.54325,3.40,1.00
2008.11.27 12:01:57.814,1.54295,1.5432,9.20,1.00
2008.11.27 12:01:58.043,1.54295,1.5432,6.80,1.00
2008.11.27 12:01:58.533,1.54295,1.54315,6.40,1.00
2008.11.27 12:01:58.823,1.54295,1.5431,6.40,1.00
2008.11.27 12:01:59.543,1.54295,1.543,6.40,1.00
2008.11.27 12:01:59.923,1.5428,1.543,1.60,1.00
2008.11.27 12:02:00.553,1.5428,1.54305,2.00,1.00
2008.11.27 12:02:00.833,1.5429,1.5431,1.00,8.80
2008.11.27 12:02:01.183,1.54285,1.5431,1.00,8.20
2008.11.27 12:02:01.643,1.5429,1.54315,2.00,11.40
2008.11.27 12:02:02.033,1.5429,1.543,1.60,1.00
2008.11.27 12:02:02.433,1.5429,1.5431,1.60,1.00
2008.11.27 12:02:03.412,1.54285,1.54305,5.20,1.60
2008.11.27 12:02:03.862,1.5429,1.543,1.00,1.00
2008.11.27 12:02:04.072,1.54275,1.543,2.00,2.60
2008.11.27 12:02:04.242,1.54275,1.543,2.00,1.00
2008.11.27 12:02:04.762,1.54275,1.54295,1.60,1.00
2008.11.27 12:02:05.382,1.54275,1.543,2.00,1.00
2008.11.27 12:02:05.662,1.54275,1.54295,1.60,1.00
2008.11.27 12:02:05.962,1.54275,1.543,2.00,3.40
2008.11.27 12:02:06.681,1.54275,1.54295,1.60,1.00
2008.11.27 12:02:07.091,1.54275,1.543,2.00,3.40
2008.11.27 12:02:08.241,1.54275,1.543,2.00,1.00
2008.11.27 12:02:09.231,1.54275,1.54295,1.60,1.00
2008.11.27 12:02:09.681,1.54275,1.543,2.00,1.00
2008.11.27 12:02:10.951,1.5428,1.54305,1.00,3.40
2008.11.27 12:02:11.790,1.54275,1.543,2.00,1.00
2008.11.27 12:02:12.010,1.54275,1.54295,1.60,1.00
2008.11.27 12:02:12.340,1.54275,1.543,2.00,1.00
2008.11.27 12:02:16.209,1.5428,1.54305,1.00,3.40
2008.11.27 12:02:16.949,1.54275,1.543,2.00,1.00
2008.11.27 12:02:18.799,1.54275,1.54295,1.60,1.00
2008.11.27 12:02:20.318,1.54275,1.5429,1.60,1.00
2008.11.27 12:02:20.988,1.5426,1.5427,1.60,1.00
2008.11.27 12:02:21.228,1.5426,1.5427,1.60,1.00
2008.11.27 12:02:22.918,1.5426,1.54275,1.60,2.60
2008.11.27 12:02:23.438,1.5426,1.5427,1.60,1.00
2008.11.27 12:02:23.997,1.5426,1.54275,1.60,1.00
2008.11.27 12:02:24.108,1.5426,1.5427,1.60,1.00
2008.11.27 12:02:25.947,1.5426,1.54275,1.60,2.60
2008.11.27 12:02:26.307,1.5426,1.5427,1.60,1.00
2008.11.27 12:02:29.136,1.5426,1.54285,2.00,2.60
2008.11.27 12:02:29.366,1.5426,1.54275,1.60,1.00
2008.11.27 12:02:30.146,1.5426,1.54285,2.00,3.40
2008.11.27 12:02:30.475,1.54265,1.5429,1.00,5.00
2008.11.27 12:02:30.706,1.54265,1.5429,1.00,3.40
2008.11.27 12:02:31.345,1.5426,1.5427,1.60,1.00
2008.11.27 12:02:33.755,1.5426,1.54275,1.60,3.40
2008.11.27 12:02:34.035,1.5426,1.5427,1.60,1.00
2008.11.27 12:02:35.654,1.5426,1.54275,1.60,1.00
2008.11.27 12:02:36.215,1.5426,1.5427,1.60,1.00
2008.11.27 12:02:40.354,1.5426,1.5427,1.60,2.60
2008.11.27 12:02:41.293,1.5426,1.5427,1.60,1.00
2008.11.27 12:02:41.463,1.5426,1.54275,1.60,5.00
2008.11.27 12:02:41.813,1.54255,1.54275,2.60,2.60
2008.11.27 12:02:42.093,1.54255,1.5427,1.60,1.00
2008.11.27 12:02:44.492,1.54255,1.5427,1.60,2.60
2008.11.27 12:02:46.872,1.54255,1.5427,1.60,5.00
2008.11.27 12:02:47.282,1.54255,1.54265,1.60,1.00
2008.11.27 12:02:48.191,1.54255,1.5426,1.60,1.00
2008.11.27 12:02:48.422,1.54255,1.54265,1.60,5.00
2008.11.27 12:02:48.832,1.54255,1.54265,1.60,3.40
2008.11.27 12:02:49.111,1.54245,1.5425,1.00,1.60
2008.11.27 12:02:49.461,1.5423,1.54245,1.00,5.80
2008.11.27 12:02:49.941,1.5422,1.5424,2.00,7.20
2008.11.27 12:02:50.681,1.54225,1.5424,1.60,7.20
2008.11.27 12:02:51.001,1.54225,1.54245,2.80,1.00
2008.11.27 12:02:51.391,1.5423,1.54255,1.00,3.40
2008.11.27 12:02:51.621,1.5423,1.54255,2.00,5.80
2008.11.27 12:02:51.911,1.54235,1.5425,1.00,3.20
2008.11.27 12:02:52.141,1.54235,1.5426,1.00,4.20
2008.11.27 12:02:52.470,1.54245,1.54265,1.00,2.60
2008.11.27 12:02:52.800,1.54235,1.5426,1.00,1.00
2008.11.27 12:02:53.200,1.5424,1.5426,1.00,4.80
2008.11.27 12:02:53.480,1.5424,1.54265,1.00,7.40
2008.11.27 12:02:54.410,1.54245,1.54265,1.00,6.40
2008.11.27 12:02:54.730,1.5424,1.54265,1.00,7.40
2008.11.27 12:02:55.410,1.54235,1.5426,1.00,1.00
2008.11.27 12:02:55.769,1.5424,1.54265,1.00,7.40
2008.11.27 12:02:57.159,1.54245,1.54265,1.00,6.40
2008.11.27 12:02:57.449,1.54245,1.54265,1.00,4.80
2008.11.27 12:02:58.309,1.54245,1.54265,1.00,8.00
2008.11.27 12:02:59.749,1.54245,1.54265,1.00,4.80
2008.11.27 12:03:00.039,1.54245,1.54265,1.00,8.00
2008.11.27 12:03:00.488,1.54245,1.5427,1.00,5.80
2008.11.27 12:03:01.008,1.54255,1.5427,1.00,4.80
2008.11.27 12:03:01.298,1.54255,1.5427,1.00,6.40
2008.11.27 12:03:05.387,1.54255,1.5427,1.00,1.60
2008.11.27 12:03:05.617,1.54255,1.54275,1.00,4.20
2008.11.27 12:03:06.077,1.54245,1.54265,3.40,2.60
2008.11.27 12:03:06.367,1.54245,1.5426,1.00,4.80
2008.11.27 12:03:07.047,1.54245,1.5426,1.00,6.40
2008.11.27 12:03:07.167,1.5424,1.54255,3.40,4.80
2008.11.27 12:03:09.066,1.5424,1.5426,3.40,7.20
2008.11.27 12:03:10.306,1.5424,1.5426,1.00,8.20
2008.11.27 12:03:10.526,1.54235,1.5426,3.40,8.20
2008.11.27 12:03:11.196,1.5423,1.54245,1.60,1.00
2008.11.27 12:03:11.836,1.5423,1.54255,2.00,1.00
2008.11.27 12:03:13.185,1.5423,1.54255,2.00,5.80
2008.11.27 12:03:13.245,1.5423,1.54255,1.00,5.80
2008.11.27 12:03:13.645,1.54225,1.54245,1.60,1.00
2008.11.27 12:03:15.665,1.54225,1.54235,1.60,1.00
2008.11.27 12:03:15.905,1.54225,1.54245,1.60,1.00
2008.11.27 12:03:16.305,1.54225,1.54235,1.60,1.00
2008.11.27 12:03:16.534,1.54225,1.54245,1.60,1.00
2008.11.27 12:03:17.574,1.54215,1.54225,1.00,1.00
2008.11.27 12:03:17.844,1.542,1.54225,2.20,1.00
2008.11.27 12:03:18.055,1.542,1.5422,1.00,2.60
2008.11.27 12:03:18.344,1.5419,1.54205,3.40,2.40
2008.11.27 12:03:18.634,1.5419,1.542,1.00,1.00
2008.11.27 12:03:18.994,1.5418,1.54205,1.00,8.20
2008.11.27 12:03:19.824,1.54175,1.542,2.00,1.00
2008.11.27 12:03:20.214,1.5418,1.54205,1.00,8.20
2008.11.27 12:03:20.563,1.5418,1.542,1.00,1.00
2008.11.27 12:03:20.904,1.5418,1.54205,1.00,8.20
2008.11.27 12:03:21.243,1.5418,1.542,1.00,1.00
2008.11.27 12:03:21.593,1.5418,1.54205,1.00,8.20
2008.11.27 12:03:21.873,1.5418,1.542,1.00,1.00
2008.11.27 12:03:22.324,1.5418,1.54205,1.00,8.20
2008.11.27 12:03:22.543,1.5418,1.5419,1.00,1.60
2008.11.27 12:03:22.773,1.5418,1.5421,1.00,1.60
2008.11.27 12:03:22.993,1.54175,1.5421,1.00,2.60
2008.11.27 12:03:24.203,1.5417,1.54195,2.00,1.00
2008.11.27 12:03:25.572,1.5417,1.54175,1.00,1.00
2008.11.27 12:03:25.912,1.5416,1.5418,1.00,9.80
2008.11.27 12:03:26.202,1.5417,1.5418,1.00,3.20
2008.11.27 12:03:26.442,1.5417,1.5419,1.00,4.00
2008.11.27 12:03:26.902,1.54165,1.54185,1.60,1.00
2008.11.27 12:03:27.522,1.54165,1.5418,1.60,4.80
2008.11.27 12:03:27.742,1.5415,1.54175,2.00,1.00
2008.11.27 12:03:28.542,1.5415,1.5417,2.00,1.00
2008.11.27 12:03:28.922,1.5416,1.5418,2.00,2.60
2008.11.27 12:03:29.281,1.5416,1.54175,1.60,1.00
2008.11.27 12:03:30.082,1.5416,1.5417,1.60,1.00
2008.11.27 12:03:32.001,1.54155,1.5416,1.60,1.00
2008.11.27 12:03:32.291,1.54155,1.5417,1.60,4.80
2008.11.27 12:03:32.581,1.54165,1.54175,1.60,4.20
2008.11.27 12:03:32.931,1.54165,1.54175,1.60,1.00
2008.11.27 12:03:33.220,1.54165,1.5417,1.60,1.00
2008.11.27 12:03:33.731,1.5416,1.5417,1.00,1.00
2008.11.27 12:03:34.060,1.54155,1.54175,1.60,1.00
2008.11.27 12:03:34.520,1.5415,1.54175,1.00,1.00
2008.11.27 12:03:34.811,1.54155,1.5418,1.00,8.20
2008.11.27 12:03:35.400,1.5416,1.5418,1.00,8.20
2008.11.27 12:03:36.100,1.54155,1.5418,1.00,8.20
2008.11.27 12:03:36.340,1.54155,1.5418,2.80,5.80
2008.11.27 12:03:36.670,1.54155,1.5418,2.00,1.00
2008.11.27 12:03:36.889,1.54155,1.5418,2.80,8.20
2008.11.27 12:03:37.130,1.54155,1.5418,3.40,8.20
2008.11.27 12:03:37.300,1.54155,1.5418,2.00,8.20
2008.11.27 12:03:37.530,1.54155,1.5418,2.00,3.40
2008.11.27 12:03:37.879,1.5417,1.5419,1.00,8.00
2008.11.27 12:03:38.229,1.5417,1.5419,1.00,3.20
2008.11.27 12:03:38.519,1.5416,1.54185,1.00,1.00
2008.11.27 12:03:39.779,1.54165,1.5419,1.00,9.00
2008.11.27 12:03:40.069,1.5417,1.5419,1.60,2.60
2008.11.27 12:03:40.409,1.5417,1.5419,3.20,4.80
2008.11.27 12:03:41.009,1.5417,1.5419,3.20,1.60
2008.11.27 12:03:42.448,1.5417,1.5419,2.00,1.60
2008.11.27 12:03:42.788,1.5417,1.54195,2.00,2.60
2008.11.27 12:03:42.908,1.5417,1.5419,1.60,1.00
2008.11.27 12:03:43.558,1.5417,1.54195,3.20,2.60
2008.11.27 12:03:44.368,1.54175,1.54195,1.00,2.60
2008.11.27 12:03:44.598,1.54175,1.54195,1.00,1.00
2008.11.27 12:03:45.058,1.54175,1.542,1.00,5.80
2008.11.27 12:03:45.388,1.54175,1.542,1.00,1.00
2008.11.27 12:03:46.408,1.54175,1.542,3.40,1.00
2008.11.27 12:03:46.737,1.5418,1.54205,1.00,2.40
2008.11.27 12:03:46.857,1.54185,1.54205,1.00,2.40
2008.11.27 12:03:47.017,1.54185,1.542,1.00,4.80
2008.11.27 12:03:47.807,1.5419,1.542,1.60,4.80
2008.11.27 12:03:47.978,1.5419,1.54205,2.00,4.80
2008.11.27 12:03:48.667,1.5419,1.542,2.00,4.80
2008.11.27 12:03:49.117,1.5419,1.54195,2.00,4.80
2008.11.27 12:03:49.347,1.5418,1.5419,2.40,4.80
2008.11.27 12:03:49.877,1.54185,1.5419,1.60,4.80
2008.11.27 12:03:50.117,1.5419,1.542,1.00,6.40
2008.11.27 12:03:50.416,1.5419,1.54195,1.00,4.80
2008.11.27 12:03:50.826,1.5418,1.54185,1.00,4.80
2008.11.27 12:03:51.166,1.5419,1.542,1.00,2.80
2008.11.27 12:03:51.616,1.54185,1.542,1.00,2.40
2008.11.27 12:03:52.036,1.54185,1.5419,1.00,4.80
2008.11.27 12:03:52.326,1.54185,1.542,1.00,7.20
2008.11.27 12:03:52.496,1.5418,1.542,3.40,7.20
2008.11.27 12:03:53.066,1.5418,1.542,1.00,7.20
2008.11.27 12:03:53.646,1.5418,1.542,2.00,7.20
2008.11.27 12:03:53.886,1.54185,1.542,1.00,4.80
2008.11.27 12:03:54.166,1.54185,1.54205,1.00,10.60
2008.11.27 12:03:54.566,1.5418,1.542,1.00,4.20
2008.11.27 12:03:54.895,1.5418,1.54205,1.00,4.20
2008.11.27 12:03:55.475,1.5418,1.54205,1.00,1.00
2008.11.27 12:03:56.105,1.54175,1.542,4.00,1.00
2008.11.27 12:04:01.364,1.54175,1.54195,4.00,2.60
2008.11.27 12:04:01.704,1.54175,1.54195,4.00,1.00
2008.11.27 12:04:01.924,1.54175,1.542,4.00,2.60
2008.11.27 12:04:02.144,1.54175,1.542,4.00,1.00
2008.11.27 12:04:03.043,1.5418,1.54205,1.00,3.40
2008.11.27 12:04:03.204,1.5418,1.54205,2.00,1.00
2008.11.27 12:04:03.493,1.5418,1.542,1.60,1.00
2008.11.27 12:04:05.273,1.54175,1.542,4.00,1.00
2008.11.27 12:04:05.743,1.54175,1.542,4.20,1.00
2008.11.27 12:04:05.972,1.54175,1.542,4.00,1.00
2008.11.27 12:04:06.202,1.54175,1.542,3.20,1.00
2008.11.27 12:04:06.603,1.54175,1.54195,2.80,1.00
2008.11.27 12:04:07.002,1.54175,1.54195,1.60,1.00
2008.11.27 12:04:07.322,1.54175,1.542,2.00,1.00
2008.11.27 12:04:08.352,1.54175,1.54195,2.00,1.00
2008.11.27 12:04:08.532,1.54175,1.54195,3.20,1.00
2008.11.27 12:04:08.822,1.54175,1.54195,2.80,1.00
2008.11.27 12:04:09.122,1.54175,1.54195,3.20,1.00
2008.11.27 12:04:09.542,1.54175,1.542,3.20,1.00
2008.11.27 12:04:11.031,1.54175,1.54195,3.20,1.00
2008.11.27 12:04:14.321,1.54165,1.54185,1.70,1.00
2008.11.27 12:04:14.761,1.54165,1.5419,2.80,4.20
2008.11.27 12:04:14.980,1.5418,1.54205,1.00,1.00
2008.11.27 12:04:15.660,1.5418,1.54205,1.00,1.00
2008.11.27 12:04:17.400,1.5418,1.54205,2.00,1.00
2008.11.27 12:04:19.819,1.5418,1.54205,1.60,5.80
2008.11.27 12:04:20.239,1.5417,1.5419,1.00,8.20
2008.11.27 12:04:20.599,1.54165,1.5419,3.40,8.20
2008.11.27 12:04:21.389,1.5417,1.5419,1.00,7.20
2008.11.27 12:04:21.759,1.5417,1.5419,1.00,8.20
2008.11.27 12:04:22.858,1.5417,1.54185,1.00,2.40
2008.11.27 12:04:23.309,1.5417,1.54175,1.00,2.40
2008.11.27 12:04:23.539,1.54135,1.54175,1.80,2.40
2008.11.27 12:04:23.658,1.5416,1.54185,1.00,5.60
2008.11.27 12:04:23.818,1.5416,1.54185,1.00,2.40
2008.11.27 12:04:27.277,1.5417,1.5419,1.00,13.00
2008.11.27 12:04:27.337,1.5417,1.5419,1.00,11.40
2008.11.27 12:04:30.107,1.5417,1.5419,1.00,10.40
2008.11.27 12:04:31.177,1.5417,1.5419,1.00,10.40
2008.11.27 12:04:31.406,1.5417,1.54185,1.00,4.00
2008.11.27 12:04:31.816,1.5417,1.54185,1.00,1.60
2008.11.27 12:04:31.926,1.5417,1.5419,1.00,6.40
2008.11.27 12:04:31.986,1.5417,1.5419,1.00,3.20
2008.11.27 12:04:32.636,1.54185,1.542,1.00,8.80
2008.11.27 12:04:32.916,1.54185,1.542,1.00,3.20
2008.11.27 12:04:33.096,1.54185,1.5421,1.00,1.00
2008.11.27 12:04:35.186,1.5419,1.54215,1.00,9.80
2008.11.27 12:04:36.245,1.5419,1.54215,4.20,5.00
2008.11.27 12:04:36.515,1.5421,1.54225,1.20,2.60
2008.11.27 12:04:36.745,1.5421,1.5423,1.20,2.60
2008.11.27 12:04:37.015,1.5421,1.5423,1.80,1.00
2008.11.27 12:04:37.185,1.5421,1.54225,1.80,1.00
2008.11.27 12:04:40.714,1.54205,1.54225,2.60,5.80
2008.11.27 12:04:40.944,1.542,1.5422,1.60,4.20
2008.11.27 12:04:41.284,1.542,1.54225,1.60,9.00
2008.11.27 12:04:43.064,1.542,1.5422,1.60,4.20
2008.11.27 12:04:46.403,1.54205,1.5422,1.60,4.20
2008.11.27 12:04:47.153,1.54205,1.5422,1.60,1.00
2008.11.27 12:04:48.632,1.54205,1.54215,1.60,1.00
2008.11.27 12:04:49.172,1.542,1.54205,1.80,1.00
2008.11.27 12:04:49.842,1.54205,1.5421,1.60,1.00
2008.11.27 12:04:55.011,1.542,1.5422,1.80,3.00
2008.11.27 12:04:55.301,1.542,1.54215,1.80,2.20
2008.11.27 12:04:55.690,1.54215,1.5422,1.60,3.40
2008.11.27 12:04:55.990,1.54215,1.5422,1.60,5.20
2008.11.27 12:04:56.670,1.5421,1.54215,1.60,2.40
2008.11.27 12:04:57.220,1.54195,1.542,4.90,1.60
2008.11.27 12:04:57.560,1.542,1.54215,1.80,3.80
2008.11.27 12:04:57.940,1.542,1.54205,1.80,2.20
2008.11.27 12:04:58.280,1.542,1.54205,3.80,2.40
2008.11.27 12:04:59.350,1.54195,1.542,7.30,1.60
2008.11.27 12:05:00.369,1.5421,1.54235,1.60,7.00
2008.11.27 12:05:00.599,1.5421,1.5424,1.60,16.20
2008.11.27 12:05:02.619,1.542,1.54205,2.00,1.60
2008.11.27 12:05:02.899,1.5421,1.5422,1.60,1.00
2008.11.27 12:05:03.159,1.5421,1.5422,1.60,3.40
2008.11.27 12:05:03.449,1.54205,1.5421,1.80,1.00
2008.11.27 12:05:04.198,1.54205,1.5422,1.80,2.20
2008.11.27 12:05:04.928,1.542,1.54215,1.80,2.20
2008.11.27 12:05:05.458,1.542,1.54205,3.70,2.40
2008.11.27 12:05:05.908,1.54195,1.542,4.20,2.40
2008.11.27 12:05:06.358,1.54205,1.54215,1.60,1.00
2008.11.27 12:05:06.708,1.5419,1.542,5.60,1.00
2008.11.27 12:05:07.008,1.5419,1.54195,5.60,1.00
2008.11.27 12:05:07.348,1.5419,1.54195,1.60,1.00
2008.11.27 12:05:07.578,1.5419,1.542,1.60,1.00
2008.11.27 12:05:08.108,1.5419,1.54195,1.60,1.00
2008.11.27 12:05:10.577,1.5419,1.54205,1.60,1.00
2008.11.27 12:05:11.427,1.5419,1.54195,1.60,1.00
2008.11.27 12:05:11.837,1.5419,1.54205,1.00,1.80
2008.11.27 12:05:12.227,1.54185,1.5419,2.20,1.00
2008.11.27 12:05:12.447,1.54185,1.5419,5.10,1.00
2008.11.27 12:05:13.666,1.5419,1.54195,4.00,1.60
2008.11.27 12:05:13.837,1.5419,1.54195,4.00,4.00
2008.11.27 12:05:14.006,1.54185,1.5419,5.10,2.60
2008.11.27 12:05:14.516,1.54185,1.542,2.20,1.00
2008.11.27 12:05:14.906,1.54185,1.542,1.60,1.00
2008.11.27 12:05:15.206,1.54185,1.5419,1.60,1.00
2008.11.27 12:05:15.856,1.5418,1.5419,40.40,1.00
2008.11.27 12:05:16.895,1.5418,1.5419,39.00,1.00
2008.11.27 12:05:17.755,1.54185,1.5419,1.60,1.00
2008.11.27 12:05:18.035,1.5419,1.54195,3.80,2.20
2008.11.27 12:05:18.196,1.54185,1.5419,5.10,1.00
2008.11.27 12:05:19.825,1.5419,1.54195,4.00,2.60
2008.11.27 12:05:20.165,1.5419,1.54195,4.00,1.00
2008.11.27 12:05:23.015,1.5419,1.542,4.00,1.00
2008.11.27 12:05:23.124,1.5419,1.542,1.00,1.00
2008.11.27 12:05:23.284,1.5419,1.542,3.80,1.00
2008.11.27 12:05:23.334,1.5419,1.542,4.00,1.00
2008.11.27 12:05:23.734,1.5419,1.542,3.80,1.00
2008.11.27 12:05:24.294,1.54195,1.542,1.60,1.00
2008.11.27 12:05:24.593,1.54195,1.54215,1.60,2.60
2008.11.27 12:05:24.883,1.5418,1.542,39.40,1.00
2008.11.27 12:05:24.993,1.5418,1.5419,39.00,1.00
2008.11.27 12:05:25.513,1.5419,1.54215,4.00,3.80
2008.11.27 12:05:25.963,1.5419,1.54195,4.00,1.00
2008.11.27 12:05:26.233,1.54185,1.5419,4.40,1.00
2008.11.27 12:05:27.103,1.54185,1.5419,4.40,2.60
2008.11.27 12:05:28.203,1.5419,1.54205,4.00,2.40
2008.11.27 12:05:30.162,1.54185,1.5419,4.40,1.60
2008.11.27 12:05:30.332,1.5419,1.54205,4.00,2.40
2008.11.27 12:05:30.442,1.5419,1.54215,4.00,1.60
2008.11.27 12:05:31.312,1.5419,1.542,4.00,2.40
2008.11.27 12:05:32.292,1.5419,1.542,4.00,4.00
2008.11.27 12:05:36.011,1.5419,1.54225,4.00,1.60
2008.11.27 12:05:36.401,1.5419,1.5421,4.00,1.00
2008.11.27 12:05:36.571,1.5419,1.542,4.00,1.00
2008.11.27 12:05:37.430,1.5419,1.542,4.00,1.00
2008.11.27 12:05:37.710,1.54185,1.5419,4.40,1.00
2008.11.27 12:05:37.880,1.5419,1.54205,4.00,4.00
2008.11.27 12:05:38.050,1.5419,1.542,4.00,2.40
2008.11.27 12:05:38.470,1.54185,1.54195,4.40,3.00
2008.11.27 12:05:38.780,1.54185,1.5419,4.40,3.80
2008.11.27 12:05:39.110,1.54185,1.5419,1.00,3.40
2008.11.27 12:05:39.330,1.54185,1.5419,4.30,2.40
2008.11.27 12:05:39.560,1.54185,1.5419,4.40,2.40
2008.11.27 12:05:39.910,1.5419,1.542,1.00,12.80
2008.11.27 12:05:40.020,1.5418,1.5419,18.40,5.60
2008.11.27 12:05:41.879,1.54185,1.5419,1.60,5.60
2008.11.27 12:05:41.989,1.54185,1.5419,1.60,5.00
2008.11.27 12:05:43.129,1.54185,1.5419,1.60,2.60
2008.11.27 12:05:43.529,1.54195,1.542,1.20,6.60
2008.11.27 12:05:43.749,1.542,1.54225,1.60,5.20
2008.11.27 12:05:43.989,1.54205,1.54235,1.00,1.60
2008.11.27 12:05:44.149,1.5419,1.542,2.40,1.00
2008.11.27 12:05:44.319,1.5419,1.542,1.60,1.00
2008.11.27 12:05:44.999,1.5419,1.5421,1.60,4.20
2008.11.27 12:05:45.608,1.5419,1.542,1.60,1.00
2008.11.27 12:05:47.388,1.54195,1.542,1.20,1.00
2008.11.27 12:05:47.618,1.54195,1.54215,1.20,3.40
2008.11.27 12:05:47.738,1.54195,1.54215,2.80,3.40
2008.11.27 12:05:48.748,1.54195,1.5421,1.20,4.80
2008.11.27 12:05:48.808,1.54195,1.542,1.20,1.00
2008.11.27 12:05:49.298,1.5419,1.542,1.60,1.00
2008.11.27 12:05:55.026,1.5418,1.542,9.80,1.00
2008.11.27 12:05:55.306,1.5418,1.542,9.20,1.00
2008.11.27 12:05:58.355,1.54185,1.542,1.60,1.00
2008.11.27 12:05:58.475,1.54185,1.542,1.60,4.20
2008.11.27 12:05:59.465,1.5418,1.542,9.60,3.40
2008.11.27 12:05:59.755,1.5418,1.542,6.40,8.20
2008.11.27 12:06:00.235,1.5418,1.542,6.00,8.20
2008.11.27 12:06:02.484,1.5418,1.542,6.00,3.40
2008.11.27 12:06:02.664,1.54185,1.542,1.60,4.20
2008.11.27 12:06:07.343,1.54175,1.5418,4.40,1.00
2008.11.27 12:06:07.573,1.5418,1.5421,5.20,1.00
2008.11.27 12:06:07.793,1.5418,1.5421,6.00,4.20
2008.11.27 12:06:09.343,1.5418,1.542,4.80,4.20
2008.11.27 12:06:09.683,1.5418,1.542,3.80,1.00
2008.11.27 12:06:10.082,1.5418,1.542,3.20,4.20
2008.11.27 12:06:12.742,1.5418,1.54185,3.20,1.00
2008.11.27 12:06:13.382,1.5418,1.542,3.20,1.00
2008.11.27 12:06:13.562,1.5418,1.542,3.20,4.20
2008.11.27 12:06:20.660,1.5417,1.54185,1.60,1.00
2008.11.27 12:06:20.920,1.5417,1.5419,1.60,1.00
2008.11.27 12:06:21.660,1.54175,1.5419,1.60,1.00
2008.11.27 12:06:22.869,1.54175,1.54195,1.60,1.00
2008.11.27 12:06:22.989,1.5417,1.54195,1.60,1.00
2008.11.27 12:06:23.549,1.5417,1.5419,1.60,1.00
2008.11.27 12:06:25.219,1.54175,1.5419,1.20,1.00
2008.11.27 12:06:25.399,1.54175,1.542,2.00,5.00
2008.11.27 12:06:25.509,1.54175,1.542,2.60,5.00
2008.11.27 12:06:25.969,1.5418,1.542,1.00,5.00
2008.11.27 12:06:28.988,1.5418,1.542,1.20,5.00
2008.11.27 12:06:29.158,1.5418,1.542,1.20,3.40
2008.11.27 12:06:29.208,1.5418,1.542,1.20,1.00
2008.11.27 12:06:30.298,1.5418,1.54205,1.20,2.60
2008.11.27 12:06:30.887,1.5418,1.54205,1.20,1.00
2008.11.27 12:06:33.717,1.5418,1.54205,1.00,1.00
2008.11.27 12:06:34.626,1.5418,1.54205,1.00,7.40
2008.11.27 12:06:36.486,1.5418,1.54205,1.00,7.40
2008.11.27 12:06:38.746,1.54185,1.54205,1.00,6.40
2008.11.27 12:06:39.136,1.5419,1.54205,1.00,6.40
2008.11.27 12:06:46.854,1.54185,1.54205,1.00,6.40
2008.11.27 12:06:46.974,1.54185,1.54205,1.00,6.40
2008.11.27 12:06:47.214,1.5418,1.54205,1.00,7.40
2008.11.27 12:06:48.164,1.54185,1.54205,1.00,6.40
2008.11.27 12:06:48.723,1.5418,1.54205,1.00,7.40
2008.11.27 12:06:49.533,1.5418,1.54205,1.00,7.40
2008.11.27 12:06:50.663,1.54185,1.54205,1.00,6.40
2008.11.27 12:06:51.593,1.5418,1.54205,1.00,7.40
2008.11.27 12:06:51.762,1.54185,1.54205,1.00,6.40
2008.11.27 12:06:52.392,1.5418,1.54205,1.00,7.40
2008.11.27 12:06:52.622,1.54185,1.54205,1.00,6.40
2008.11.27 12:06:53.422,1.5419,1.54205,1.00,6.40
2008.11.27 12:06:53.652,1.54185,1.54205,1.00,6.40
2008.11.27 12:06:53.932,1.5418,1.54205,1.00,7.40
2008.11.27 12:06:54.263,1.5417,1.54205,1.60,7.40
2008.11.27 12:06:54.732,1.5417,1.54185,1.00,1.00
2008.11.27 12:06:54.972,1.54165,1.5418,1.00,1.00
2008.11.27 12:06:55.212,1.5415,1.5418,2.00,1.00
2008.11.27 12:06:55.552,1.5417,1.5419,1.60,3.20
2008.11.27 12:06:55.832,1.5417,1.54215,1.60,10.60
2008.11.27 12:07:01.450,1.5417,1.5419,1.60,1.00
2008.11.27 12:07:03.030,1.5417,1.5418,1.60,1.00
2008.11.27 12:07:05.799,1.5417,1.5419,1.60,2.60
2008.11.27 12:07:06.079,1.5417,1.5419,1.60,1.00
2008.11.27 12:07:07.179,1.5417,1.54195,1.60,5.00
2008.11.27 12:07:07.409,1.5417,1.54195,1.60,2.60
2008.11.27 12:07:07.519,1.5417,1.54195,1.60,1.00
2008.11.27 12:07:10.418,1.5417,1.542,1.60,5.80
2008.11.27 12:07:10.938,1.5417,1.542,1.60,4.20
2008.11.27 12:07:11.118,1.5417,1.54195,1.60,1.00
2008.11.27 12:07:13.147,1.5418,1.54195,1.00,1.00
2008.11.27 12:07:13.327,1.5418,1.54195,1.60,1.00
2008.11.27 12:07:13.387,1.5418,1.54205,5.80,5.80
2008.11.27 12:07:13.497,1.5418,1.54205,5.80,1.00
2008.11.27 12:07:14.367,1.54185,1.5421,1.00,2.60
2008.11.27 12:07:15.917,1.5418,1.54205,5.80,1.00
2008.11.27 12:07:19.146,1.5418,1.54205,7.40,1.00
2008.11.27 12:07:22.735,1.54185,1.5421,1.00,2.60
2008.11.27 12:07:24.244,1.54185,1.5421,1.00,2.60
2008.11.27 12:07:26.104,1.5418,1.54205,7.40,1.00
2008.11.27 12:07:27.194,1.5419,1.5421,1.00,2.40
2008.11.27 12:07:30.683,1.5419,1.5421,1.00,1.60
2008.11.27 12:07:30.973,1.5419,1.5421,1.00,2.60
2008.11.27 12:07:46.769,1.54185,1.5421,3.40,2.60
2008.11.27 12:07:48.938,1.5419,1.5421,1.40,2.60
2008.11.27 12:07:49.678,1.54185,1.5421,3.40,2.60
2008.11.27 12:07:49.788,1.54185,1.5421,2.00,2.60
2008.11.27 12:07:49.848,1.54185,1.5421,3.20,2.60
2008.11.27 12:07:50.008,1.54185,1.5421,4.20,2.60
2008.11.27 12:07:50.658,1.5419,1.54215,1.00,1.00
2008.11.27 12:07:51.818,1.54195,1.54215,1.00,1.00
2008.11.27 12:07:52.448,1.5419,1.54215,1.00,1.00
2008.11.27 12:07:56.677,1.54185,1.54205,3.60,6.40
2008.11.27 12:07:57.007,1.54185,1.54205,1.20,6.40
2008.11.27 12:07:57.066,1.54185,1.54205,1.20,4.80
2008.11.27 12:07:57.177,1.5418,1.54205,1.60,4.80
2008.11.27 12:07:58.726,1.5418,1.54205,2.00,4.80
2008.11.27 12:07:59.996,1.5418,1.54205,1.60,4.80
2008.11.27 12:08:05.625,1.5418,1.54205,2.00,4.80
2008.11.27 12:08:06.504,1.5418,1.54205,1.60,4.80
2008.11.27 12:08:07.724,1.5418,1.54205,1.00,4.80
2008.11.27 12:08:08.124,1.54175,1.54205,2.00,4.80
2008.11.27 12:08:09.034,1.5418,1.54205,1.00,4.80
2008.11.27 12:08:10.693,1.54175,1.54205,2.00,4.80
2008.11.27 12:08:17.112,1.54175,1.54205,1.60,4.80
2008.11.27 12:08:17.452,1.54175,1.54205,1.60,5.80
2008.11.27 12:08:18.491,1.54175,1.542,1.60,1.00
2008.11.27 12:08:22.910,1.54175,1.54195,1.60,4.80
2008.11.27 12:08:24.330,1.5417,1.5419,2.00,1.60
2008.11.27 12:08:24.390,1.5417,1.54175,1.00,4.80
2008.11.27 12:08:24.630,1.5417,1.54175,1.00,4.80
2008.11.27 12:08:24.750,1.54175,1.5418,1.60,6.90
2008.11.27 12:08:24.910,1.54175,1.5419,1.60,2.80
2008.11.27 12:08:25.130,1.54175,1.54195,1.60,4.80
2008.11.27 12:08:27.759,1.5418,1.542,1.60,5.80
2008.11.27 12:08:27.989,1.5418,1.542,1.60,1.00
2008.11.27 12:08:35.907,1.54175,1.542,1.60,1.00
2008.11.27 12:08:37.747,1.54165,1.54185,5.20,1.60
2008.11.27 12:08:37.907,1.54165,1.5418,1.00,8.20
2008.11.27 12:08:38.147,1.54155,1.5418,1.00,8.20
2008.11.27 12:08:41.386,1.5416,1.5418,1.20,8.20
2008.11.27 12:08:41.566,1.54175,1.5418,1.60,8.20
2008.11.27 12:08:41.736,1.54175,1.54195,1.60,7.20
2008.11.27 12:08:41.966,1.54175,1.5419,1.80,3.20
2008.11.27 12:08:42.146,1.54175,1.5421,2.40,1.60
2008.11.27 12:08:49.534,1.5418,1.54215,1.60,7.40
2008.11.27 12:08:50.224,1.5419,1.54225,5.60,6.40
2008.11.27 12:08:50.684,1.5419,1.54225,5.60,1.60
2008.11.27 12:08:50.974,1.54195,1.54225,1.60,1.60
2008.11.27 12:08:56.982,1.5419,1.54215,4.00,4.20
2008.11.27 12:08:57.092,1.54185,1.54215,1.60,9.00
2008.11.27 12:09:02.661,1.5419,1.54215,1.00,9.00
2008.11.27 12:09:04.181,1.54185,1.54215,2.00,9.00
2008.11.27 12:09:05.120,1.54185,1.54215,1.60,7.40
2008.11.27 12:09:06.690,1.54185,1.54215,1.60,9.00
2008.11.27 12:09:07.629,1.54185,1.54215,1.60,7.40
2008.11.27 12:09:07.799,1.54185,1.54215,1.60,5.80
2008.11.27 12:09:09.289,1.54185,1.5421,1.60,4.80
2008.11.27 12:09:09.349,1.5418,1.5421,1.60,4.80
2008.11.27 12:09:09.799,1.5417,1.54205,2.20,6.40
2008.11.27 12:09:10.079,1.5417,1.54205,2.00,6.40
2008.11.27 12:09:10.539,1.54175,1.54205,1.60,4.80
2008.11.27 12:09:11.338,1.54185,1.54205,1.60,4.80
2008.11.27 12:09:11.569,1.54185,1.54195,1.60,1.00
2008.11.27 12:09:12.099,1.54185,1.542,1.60,1.00
2008.11.27 12:09:12.378,1.54185,1.54205,1.60,1.00
2008.11.27 12:09:12.848,1.5418,1.54205,2.00,1.00
2008.11.27 12:09:13.708,1.5418,1.54215,2.00,7.40
2008.11.27 12:09:20.336,1.5418,1.542,2.00,1.00
2008.11.27 12:09:21.016,1.5418,1.54205,2.00,1.00
2008.11.27 12:09:21.876,1.5418,1.54195,1.60,1.00
2008.11.27 12:09:22.116,1.54175,1.54195,2.80,1.00
2008.11.27 12:09:22.296,1.54175,1.542,2.80,1.00
2008.11.27 12:09:22.476,1.54175,1.542,2.20,1.00
2008.11.27 12:09:22.596,1.54175,1.542,2.00,1.00
2008.11.27 12:09:24.286,1.54175,1.542,1.00,1.00
2008.11.27 12:09:24.585,1.54175,1.542,1.00,5.80
2008.11.27 12:09:24.886,1.5417,1.54195,2.00,1.00
2008.11.27 12:09:25.215,1.54165,1.5419,4.40,1.00
2008.11.27 12:09:25.505,1.54165,1.5419,2.00,1.00
2008.11.27 12:09:27.985,1.5417,1.5419,1.00,1.00
2008.11.27 12:09:28.415,1.5417,1.54195,1.00,3.40
2008.11.27 12:09:29.814,1.5417,1.54195,1.00,5.00
2008.11.27 12:09:30.634,1.5417,1.54195,1.40,5.00
2008.11.27 12:09:30.934,1.54185,1.54205,1.60,5.00
2008.11.27 12:09:31.264,1.54185,1.54205,2.40,5.00
2008.11.27 12:09:32.624,1.54185,1.54205,3.60,5.00
2008.11.27 12:09:32.803,1.54195,1.54205,1.60,5.00
2008.11.27 12:09:33.024,1.542,1.54205,3.80,5.00
2008.11.27 12:09:33.194,1.542,1.54205,4.00,5.00
2008.11.27 12:09:33.483,1.542,1.54205,5.60,1.00
2008.11.27 12:09:33.593,1.542,1.5424,5.60,3.20
2008.11.27 12:09:33.933,1.542,1.54245,5.60,2.60
2008.11.27 12:09:35.703,1.542,1.54215,5.60,1.00
2008.11.27 12:09:36.402,1.5421,1.54215,3.80,1.00
2008.11.27 12:09:36.693,1.5421,1.5422,4.00,1.00
2008.11.27 12:09:38.532,1.5421,1.54225,4.00,1.00
2008.11.27 12:09:40.072,1.5421,1.5422,4.00,1.00
2008.11.27 12:09:40.602,1.5421,1.54225,4.00,1.00
2008.11.27 12:09:41.571,1.5421,1.5422,4.00,1.00
2008.11.27 12:09:43.391,1.5421,1.54225,4.00,5.00
2008.11.27 12:09:43.911,1.542,1.5421,1.20,1.00
2008.11.27 12:09:44.191,1.542,1.5422,5.40,1.00
2008.11.27 12:09:44.471,1.542,1.54225,5.80,3.40
2008.11.27 12:09:44.701,1.5421,1.54225,1.00,5.00
2008.11.27 12:09:45.670,1.5421,1.54225,1.00,2.60
2008.11.27 12:09:45.841,1.5421,1.54225,1.00,1.00
2008.11.27 12:09:47.800,1.5421,1.54215,1.00,1.00
2008.11.27 12:09:48.909,1.5421,1.5422,1.00,1.00
2008.11.27 12:09:49.149,1.5421,1.5422,1.00,5.00
2008.11.27 12:09:49.609,1.54205,1.5421,1.00,1.00
2008.11.27 12:09:49.909,1.54195,1.54215,1.60,1.00
2008.11.27 12:09:50.249,1.542,1.54215,4.00,1.00
2008.11.27 12:09:59.547,1.542,1.54225,4.00,1.00
2008.11.27 12:10:01.187,1.542,1.54215,4.00,1.00
2008.11.27 12:10:10.084,1.542,1.54225,4.00,1.00
2008.11.27 12:10:21.652,1.542,1.54215,4.00,1.00
2008.11.27 12:10:23.531,1.542,1.54225,4.00,1.00
2008.11.27 12:10:33.579,1.54205,1.5423,1.00,5.00
2008.11.27 12:10:34.048,1.5421,1.5423,1.00,5.00
2008.11.27 12:10:34.579,1.5421,1.54225,1.00,1.00
2008.11.27 12:10:34.638,1.542,1.54225,6.00,1.00
2008.11.27 12:10:35.748,1.5421,1.5423,1.00,5.00
2008.11.27 12:10:36.458,1.5421,1.54225,1.00,1.00
2008.11.27 12:10:36.638,1.542,1.54225,6.40,1.00
2008.11.27 12:10:37.048,1.542,1.54225,6.00,1.00
2008.11.27 12:10:38.318,1.542,1.54225,6.00,2.60
2008.11.27 12:10:39.967,1.542,1.54225,6.00,1.00
2008.11.27 12:10:40.087,1.54205,1.5423,1.00,5.00
2008.11.27 12:10:40.547,1.5421,1.5423,1.00,5.00
2008.11.27 12:10:40.657,1.54205,1.5423,1.00,5.00
2008.11.27 12:10:40.957,1.5421,1.5423,1.00,5.00
2008.11.27 12:10:43.046,1.54205,1.5423,1.00,5.00
2008.11.27 12:10:43.106,1.5421,1.5423,1.00,5.00
2008.11.27 12:10:44.496,1.5421,1.54235,1.00,5.60
2008.11.27 12:10:44.886,1.542,1.54235,6.00,5.60
2008.11.27 12:10:46.386,1.542,1.54225,6.00,1.60
2008.11.27 12:10:52.554,1.542,1.5423,5.80,3.20
2008.11.27 12:10:52.724,1.542,1.5423,6.00,3.20
2008.11.27 12:10:54.284,1.54205,1.5423,1.00,4.20
2008.11.27 12:10:54.564,1.54205,1.5423,1.00,2.60
2008.11.27 12:10:56.293,1.54205,1.5423,1.00,2.60
2008.11.27 12:10:58.793,1.5421,1.5423,1.00,1.60
2008.11.27 12:10:59.403,1.54205,1.5423,2.80,2.60
2008.11.27 12:11:00.352,1.54205,1.5423,3.40,2.60
2008.11.27 12:11:00.792,1.542,1.54225,6.00,1.00
2008.11.27 12:11:01.522,1.54205,1.54225,1.00,1.00
2008.11.27 12:11:02.732,1.542,1.54225,6.00,1.00
2008.11.27 12:11:04.101,1.542,1.54225,6.00,2.60
2008.11.27 12:11:04.571,1.54205,1.5423,1.00,3.20
2008.11.27 12:11:04.751,1.54205,1.54225,1.00,2.80
2008.11.27 12:11:08.361,1.54225,1.5423,1.00,3.60
2008.11.27 12:11:08.830,1.5422,1.54225,1.00,2.80
2008.11.27 12:11:09.230,1.5421,1.54225,1.00,2.80
2008.11.27 12:11:09.700,1.54225,1.54235,1.00,3.60
2008.11.27 12:11:10.260,1.54235,1.5424,1.00,6.50
2008.11.27 12:11:10.670,1.5423,1.54235,1.00,4.10
2008.11.27 12:11:11.240,1.5422,1.54225,1.00,2.80
2008.11.27 12:11:11.520,1.54215,1.54225,1.00,2.80
2008.11.27 12:11:11.749,1.5422,1.54225,1.00,2.80
2008.11.27 12:11:13.039,1.5421,1.54225,1.00,2.80
2008.11.27 12:11:13.279,1.54215,1.54225,1.00,2.80
2008.11.27 12:11:13.559,1.54225,1.54235,1.00,3.60
2008.11.27 12:11:13.919,1.5422,1.54225,1.00,2.80
2008.11.27 12:11:14.260,1.5421,1.54225,1.90,2.80
2008.11.27 12:11:15.639,1.5423,1.54235,1.00,3.60
2008.11.27 12:11:16.149,1.54225,1.54235,1.00,3.60
2008.11.27 12:11:17.368,1.5421,1.54225,2.20,2.80
2008.11.27 12:11:17.698,1.54215,1.54225,1.00,2.80
2008.11.27 12:11:18.048,1.5422,1.54225,1.00,2.80
2008.11.27 12:11:18.919,1.54225,1.5423,1.00,3.60
2008.11.27 12:11:20.577,1.54215,1.54225,5.20,2.80
2008.11.27 12:11:20.917,1.5422,1.54225,1.60,2.80
2008.11.27 12:11:21.207,1.54215,1.54225,5.20,2.80
2008.11.27 12:11:22.067,1.54225,1.5423,1.00,3.60
2008.11.27 12:11:22.417,1.5421,1.54225,3.40,2.80
2008.11.27 12:11:22.867,1.54225,1.54235,1.00,3.60
2008.11.27 12:11:23.267,1.54215,1.54225,2.80,2.80
2008.11.27 12:11:23.437,1.5422,1.54225,1.00,2.80
2008.11.27 12:11:24.416,1.5422,1.54225,1.00,2.80
2008.11.27 12:11:24.806,1.5421,1.54225,5.20,2.80
2008.11.27 12:11:25.436,1.54225,1.5424,1.00,5.20
2008.11.27 12:11:27.066,1.5422,1.54225,3.40,2.80
2008.11.27 12:11:27.416,1.54225,1.54245,1.00,6.00
2008.11.27 12:11:28.216,1.5422,1.54225,1.00,2.80
2008.11.27 12:11:28.386,1.5422,1.54225,1.00,2.80
2008.11.27 12:11:28.565,1.54215,1.54225,1.00,2.80
2008.11.27 12:11:28.736,1.54215,1.54225,1.00,2.80
2008.11.27 12:11:28.896,1.5421,1.54225,2.00,2.80
2008.11.27 12:11:29.175,1.54215,1.54225,2.00,2.80
2008.11.27 12:11:29.525,1.54215,1.54225,2.60,2.80
2008.11.27 12:11:30.975,1.5422,1.54225,1.00,2.80
2008.11.27 12:11:31.155,1.5422,1.54225,1.00,2.80
2008.11.27 12:11:33.924,1.54235,1.54255,1.00,4.10
2008.11.27 12:11:34.094,1.5423,1.5425,1.00,5.70
2008.11.27 12:11:34.204,1.5423,1.5425,1.00,5.20
2008.11.27 12:11:35.874,1.5422,1.54225,3.90,1.40
2008.11.27 12:11:36.663,1.5425,1.5427,1.00,4.80
2008.11.27 12:11:36.993,1.5423,1.54275,2.00,1.00
2008.11.27 12:11:37.293,1.54225,1.54255,2.20,4.80
2008.11.27 12:11:37.523,1.5422,1.54255,1.00,4.80
2008.11.27 12:11:37.634,1.5422,1.54245,1.00,4.80
2008.11.27 12:11:37.923,1.5422,1.54225,2.00,4.80
2008.11.27 12:11:38.213,1.54225,1.54235,3.00,6.40
2008.11.27 12:11:38.443,1.5423,1.54235,1.00,6.40
2008.11.27 12:11:38.613,1.5422,1.54225,4.20,4.80
2008.11.27 12:11:38.883,1.5422,1.54225,4.60,4.80
2008.11.27 12:11:39.054,1.54235,1.5424,1.00,7.80
2008.11.27 12:11:39.173,1.54235,1.5424,1.00,7.60
2008.11.27 12:11:39.353,1.54235,1.54245,1.00,4.80
2008.11.27 12:11:39.673,1.54235,1.54255,1.00,2.80
2008.11.27 12:11:39.843,1.54235,1.54265,1.00,6.40
2008.11.27 12:11:40.133,1.5424,1.54265,1.60,4.80
2008.11.27 12:11:40.522,1.54245,1.54265,1.60,4.80
2008.11.27 12:11:43.002,1.54245,1.5428,1.60,9.20
2008.11.27 12:11:43.352,1.54245,1.5428,1.60,6.40
2008.11.27 12:11:43.712,1.5425,1.5428,1.00,6.40
2008.11.27 12:11:44.002,1.5424,1.5428,2.20,6.40
2008.11.27 12:11:44.512,1.54245,1.5428,3.00,6.40
2008.11.27 12:11:44.632,1.5426,1.54285,2.00,4.20
2008.11.27 12:11:44.922,1.5426,1.54285,2.00,1.00
2008.11.27 12:11:45.441,1.54265,1.5429,1.00,1.00
2008.11.27 12:11:47.241,1.5426,1.54285,1.80,1.20
2008.11.27 12:11:48.211,1.54255,1.54285,1.80,1.20
2008.11.27 12:11:49.310,1.54245,1.54275,4.80,1.60
2008.11.27 12:11:49.640,1.54265,1.54275,1.80,1.00
2008.11.27 12:11:49.991,1.54255,1.54275,4.80,1.60
2008.11.27 12:11:50.220,1.5424,1.54265,1.60,8.00
2008.11.27 12:11:50.920,1.54235,1.5426,1.80,4.80
2008.11.27 12:11:52.010,1.54235,1.54265,1.80,8.00
2008.11.27 12:11:52.480,1.5425,1.54265,1.60,8.00
2008.11.27 12:11:52.770,1.54255,1.54275,1.60,1.20
2008.11.27 12:11:53.010,1.54255,1.54265,5.60,1.20
2008.11.27 12:11:53.239,1.5426,1.5427,1.60,1.20
2008.11.27 12:11:53.409,1.5426,1.5427,5.40,1.20
2008.11.27 12:11:53.529,1.5426,1.54275,5.40,1.20
2008.11.27 12:11:53.640,1.5426,1.54275,5.60,1.20
2008.11.27 12:11:53.919,1.5426,1.5428,5.60,2.80
2008.11.27 12:11:54.079,1.5426,1.5428,5.60,1.20
2008.11.27 12:11:58.628,1.5427,1.5428,1.60,1.20
2008.11.27 12:11:58.868,1.5427,1.54285,5.40,2.80
2008.11.27 12:11:58.988,1.5427,1.54285,5.60,1.20
2008.11.27 12:11:59.168,1.54275,1.54285,3.80,1.20
2008.11.27 12:11:59.508,1.54275,1.5429,6.40,1.20
2008.11.27 12:12:00.937,1.54275,1.5429,2.40,1.20
2008.11.27 12:12:01.158,1.5428,1.54285,1.00,1.20
2008.11.27 12:12:01.517,1.5427,1.5429,5.60,1.20
2008.11.27 12:12:01.807,1.5427,1.54295,6.00,3.60
2008.11.27 12:12:02.867,1.5427,1.5429,5.60,1.20
2008.11.27 12:12:03.647,1.54275,1.54295,3.80,5.20
2008.11.27 12:12:03.757,1.54275,1.54295,6.40,5.20
2008.11.27 12:12:04.367,1.54275,1.5429,6.40,1.20
2008.11.27 12:12:04.487,1.54275,1.5429,2.40,1.20
2008.11.27 12:12:04.787,1.54275,1.54295,2.40,2.80
2008.11.27 12:12:04.897,1.5428,1.543,1.60,4.40
2008.11.27 12:12:05.017,1.54275,1.543,3.20,4.40
2008.11.27 12:12:05.227,1.54275,1.543,1.80,4.40
2008.11.27 12:12:05.347,1.54275,1.54295,1.60,1.20
2008.11.27 12:12:05.816,1.54275,1.543,1.80,3.60
2008.11.27 12:12:06.267,1.5429,1.543,1.20,3.80
2008.11.27 12:12:06.726,1.5429,1.54295,2.60,1.00
2008.11.27 12:12:06.846,1.5429,1.543,1.60,3.60
2008.11.27 12:12:07.146,1.54275,1.54285,2.00,4.80
2008.11.27 12:12:07.376,1.54275,1.5428,1.80,3.20
2008.11.27 12:12:07.616,1.5427,1.54295,1.80,2.80
2008.11.27 12:12:07.896,1.5428,1.54305,1.60,1.00
2008.11.27 12:12:08.126,1.5428,1.5429,1.60,1.00
2008.11.27 12:12:08.466,1.5428,1.54295,1.60,1.00
2008.11.27 12:12:10.456,1.5428,1.54285,1.60,1.20
2008.11.27 12:12:10.865,1.5428,1.54285,5.60,1.20
2008.11.27 12:12:11.145,1.54285,1.54295,1.60,3.20
2008.11.27 12:12:11.715,1.5428,1.54285,1.60,1.20
2008.11.27 12:12:11.935,1.5428,1.5429,1.60,1.20
2008.11.27 12:12:13.245,1.54275,1.5429,1.20,1.20
2008.11.27 12:12:13.365,1.5427,1.5428,2.20,1.20
2008.11.27 12:12:13.544,1.54275,1.5428,1.00,1.20
2008.11.27 12:12:13.715,1.54265,1.5428,2.60,1.20
2008.11.27 12:12:13.835,1.54265,1.5428,1.80,1.20
2008.11.27 12:12:14.005,1.54265,1.5428,1.60,1.20
2008.11.27 12:12:15.084,1.5426,1.5428,1.60,2.80
2008.11.27 12:12:15.405,1.5426,1.54275,1.60,1.20
2008.11.27 12:12:15.464,1.5425,1.54275,3.40,1.20
2008.11.27 12:12:17.304,1.5425,1.54275,1.80,1.20
2008.11.27 12:12:17.533,1.5425,1.54275,1.80,2.80
2008.11.27 12:12:17.804,1.5425,1.54275,3.40,2.80
2008.11.27 12:12:17.974,1.54255,1.54275,1.00,1.60
2008.11.27 12:12:19.003,1.54265,1.54275,1.00,1.60
2008.11.27 12:12:19.523,1.5425,1.54275,2.60,2.80
2008.11.27 12:12:19.923,1.5425,1.54275,3.40,1.20
2008.11.27 12:12:24.522,1.54255,1.5428,1.20,2.80
2008.11.27 12:12:25.102,1.5425,1.54275,3.40,1.20
2008.11.27 12:12:25.971,1.5425,1.54275,3.40,2.80
2008.11.27 12:12:26.381,1.54265,1.54275,1.00,1.60
2008.11.27 12:12:26.612,1.54265,1.5427,1.00,1.60
2008.11.27 12:12:27.001,1.54265,1.54275,1.00,10.80
2008.11.27 12:12:27.121,1.54265,1.54275,1.00,9.60
2008.11.27 12:12:27.951,1.5425,1.54275,2.60,10.80
2008.11.27 12:12:28.281,1.5425,1.54275,3.40,10.80
2008.11.27 12:12:30.980,1.54255,1.54275,1.00,9.60
2008.11.27 12:12:31.570,1.5425,1.5427,2.60,1.60
2008.11.27 12:12:32.040,1.5425,1.54265,2.60,1.60
2008.11.27 12:12:32.780,1.5425,1.54265,3.40,1.60
2008.11.27 12:12:33.750,1.5425,1.54265,1.20,1.60
2008.11.27 12:12:33.870,1.5425,1.54265,1.00,1.60
2008.11.27 12:12:33.990,1.54245,1.54265,3.40,1.60
2008.11.27 12:12:34.100,1.54245,1.5425,2.40,1.20
2008.11.27 12:12:34.210,1.5423,1.5425,1.60,1.20
2008.11.27 12:12:34.490,1.54225,1.5425,2.60,1.20
2008.11.27 12:12:35.069,1.5424,1.54255,1.00,1.60
2008.11.27 12:12:36.409,1.54235,1.54255,1.00,2.80
2008.11.27 12:12:36.989,1.5424,1.5426,1.00,1.60
2008.11.27 12:12:38.079,1.54245,1.5426,1.00,1.60
2008.11.27 12:12:39.238,1.54245,1.5426,1.00,6.40
2008.11.27 12:12:39.348,1.54245,1.54255,1.00,1.60
2008.11.27 12:12:40.048,1.54245,1.54255,1.20,1.60
2008.11.27 12:12:46.827,1.5425,1.54255,1.00,1.60
2008.11.27 12:12:48.326,1.5425,1.54255,1.20,1.60
2008.11.27 12:12:49.606,1.5425,1.54255,1.00,1.60
2008.11.27 12:12:49.726,1.5425,1.54265,1.00,10.80
2008.11.27 12:12:49.906,1.5424,1.54265,3.40,10.80
2008.11.27 12:12:50.137,1.54235,1.54255,2.60,1.60
2008.11.27 12:12:50.826,1.54245,1.54255,1.00,1.60
2008.11.27 12:12:51.226,1.5423,1.54255,2.60,1.20
2008.11.27 12:12:52.006,1.54235,1.5426,1.00,2.80
2008.11.27 12:12:52.585,1.5423,1.54255,3.40,1.20
2008.11.27 12:12:52.825,1.54235,1.5426,1.00,2.80
2008.11.27 12:12:53.825,1.5423,1.54255,3.40,1.20
2008.11.27 12:12:54.514,1.54235,1.5426,1.00,2.80
2008.11.27 12:12:55.384,1.54255,1.5426,1.00,1.60
2008.11.27 12:12:55.964,1.54255,1.54265,1.00,1.60
2008.11.27 12:12:56.524,1.54255,1.5426,1.00,1.60
2008.11.27 12:12:57.164,1.54245,1.5426,2.60,1.60
2008.11.27 12:12:57.564,1.54245,1.5426,3.40,1.60
2008.11.27 12:12:57.794,1.54255,1.5426,1.00,1.60
2008.11.27 12:12:58.354,1.54255,1.5426,1.00,4.60
2008.11.27 12:12:58.644,1.5425,1.54255,1.00,1.60
2008.11.27 12:12:58.934,1.54245,1.54255,3.40,1.60
2008.11.27 12:12:59.154,1.5425,1.54255,1.00,1.60
2008.11.27 12:12:59.333,1.54245,1.54255,2.60,1.60
2008.11.27 12:12:59.614,1.54245,1.5425,2.60,1.60
2008.11.27 12:13:00.623,1.54245,1.54255,2.60,4.80
2008.11.27 12:13:00.843,1.54245,1.5426,3.40,1.60
2008.11.27 12:13:01.073,1.5425,1.5426,1.00,1.60
2008.11.27 12:13:01.313,1.5425,1.54255,1.00,1.60
2008.11.27 12:13:01.703,1.54255,1.54265,1.00,2.20
2008.11.27 12:13:01.883,1.54265,1.5427,1.00,5.40
2008.11.27 12:13:02.543,1.54255,1.54265,1.00,2.20
2008.11.27 12:13:02.833,1.54255,1.5426,1.00,1.60
2008.11.27 12:13:04.022,1.54245,1.5426,2.60,1.60
2008.11.27 12:13:04.322,1.54245,1.5426,3.40,1.60
2008.11.27 12:13:06.082,1.54245,1.5426,1.20,1.60
2008.11.27 12:13:06.472,1.5424,1.5426,3.40,1.60
2008.11.27 12:13:06.642,1.54235,1.5426,3.40,2.80
2008.11.27 12:13:06.872,1.54235,1.5426,1.00,2.80
2008.11.27 12:13:07.042,1.5423,1.54255,1.00,1.20
2008.11.27 12:13:07.442,1.5423,1.54255,1.00,2.80
2008.11.27 12:13:08.241,1.5424,1.54255,1.00,1.60
2008.11.27 12:13:09.601,1.54245,1.54255,1.00,1.60
2008.11.27 12:13:10.941,1.54235,1.54255,2.60,1.60
2008.11.27 12:13:11.231,1.54235,1.54255,3.40,1.60
2008.11.27 12:13:11.860,1.5424,1.54255,1.00,1.60
2008.11.27 12:13:12.140,1.54245,1.54255,1.00,1.60
2008.11.27 12:13:12.371,1.54255,1.5426,1.00,1.60
2008.11.27 12:13:13.380,1.54245,1.5426,2.60,1.60
2008.11.27 12:13:13.790,1.54255,1.5426,1.00,1.60
2008.11.27 12:13:14.350,1.54255,1.54265,1.00,1.60
2008.11.27 12:13:21.948,1.54245,1.5426,3.40,1.60
2008.11.27 12:13:22.338,1.54255,1.54265,1.00,2.40
2008.11.27 12:13:22.688,1.54245,1.54255,2.60,6.40
2008.11.27 12:13:22.968,1.54245,1.5426,1.00,1.60
2008.11.27 12:13:24.468,1.5425,1.5426,1.00,1.60
2008.11.27 12:13:25.657,1.54255,1.5426,1.00,1.60
2008.11.27 12:13:28.097,1.54245,1.5426,2.60,1.60
2008.11.27 12:13:28.736,1.54245,1.5426,1.00,1.60
2008.11.27 12:13:29.077,1.54245,1.54265,1.00,2.80
2008.11.27 12:13:29.306,1.54255,1.5427,1.00,2.80
2008.11.27 12:13:29.536,1.5426,1.5427,1.00,1.60
2008.11.27 12:13:31.176,1.5425,1.5427,1.80,1.60
2008.11.27 12:13:32.626,1.54265,1.5427,1.00,1.60
2008.11.27 12:13:33.455,1.5427,1.54275,1.00,2.20
2008.11.27 12:13:33.745,1.54265,1.5427,1.00,1.60
2008.11.27 12:13:36.225,1.54255,1.5427,1.00,1.60
2008.11.27 12:13:39.084,1.54255,1.54275,1.00,2.80
2008.11.27 12:13:39.204,1.54255,1.54275,1.00,1.60
2008.11.27 12:13:39.424,1.54255,1.5428,1.00,2.80
2008.11.27 12:13:39.904,1.54255,1.5428,1.00,1.20
2008.11.27 12:13:41.664,1.5425,1.54275,3.40,1.20
2008.11.27 12:13:43.283,1.54255,1.54275,3.80,1.20
2008.11.27 12:13:43.513,1.5427,1.54285,1.00,1.60
2008.11.27 12:13:43.683,1.54265,1.54285,1.00,1.60
2008.11.27 12:13:44.013,1.5427,1.54285,1.00,1.60
2008.11.27 12:13:44.932,1.54265,1.54285,1.00,2.80
2008.11.27 12:13:45.423,1.5427,1.5429,1.00,1.60
2008.11.27 12:13:45.702,1.54275,1.5429,1.00,1.60
2008.11.27 12:13:46.682,1.5427,1.54295,1.20,2.80
2008.11.27 12:13:47.632,1.54275,1.54295,1.00,1.60
2008.11.27 12:13:48.252,1.54275,1.54295,1.00,2.80
2008.11.27 12:13:49.051,1.54275,1.54295,1.00,1.20
2008.11.27 12:13:49.281,1.5429,1.54295,3.80,1.20
2008.11.27 12:13:49.451,1.5429,1.54305,3.80,1.20
2008.11.27 12:13:49.901,1.5429,1.5431,3.80,1.20
2008.11.27 12:13:50.431,1.5429,1.5432,1.00,3.20
2008.11.27 12:13:50.711,1.5429,1.5432,1.80,3.20
2008.11.27 12:13:50.881,1.5429,1.5432,5.60,1.60
2008.11.27 12:13:51.841,1.54305,1.5433,3.80,6.80
2008.11.27 12:13:52.131,1.54305,1.54325,3.80,1.60
2008.11.27 12:13:53.170,1.54305,1.54325,1.60,1.60
2008.11.27 12:13:56.370,1.54305,1.54315,1.60,1.20
2008.11.27 12:13:56.940,1.54305,1.5431,1.60,1.20
2008.11.27 12:13:57.739,1.5431,1.5432,1.60,3.60
2008.11.27 12:13:57.969,1.5431,1.5432,1.60,1.20
2008.11.27 12:13:59.039,1.5431,1.54325,1.60,1.20
2008.11.27 12:13:59.499,1.5431,1.5432,1.60,1.20
2008.11.27 12:14:01.839,1.54315,1.54335,1.60,1.20
2008.11.27 12:14:02.118,1.54315,1.5433,1.60,1.20
2008.11.27 12:14:03.628,1.5432,1.54335,1.60,5.20
2008.11.27 12:14:06.707,1.5432,1.5433,1.60,1.20
2008.11.27 12:14:07.167,1.5432,1.54335,1.60,3.60
2008.11.27 12:14:08.677,1.5432,1.5434,1.60,3.60
2008.11.27 12:14:09.826,1.5432,1.5434,1.60,5.20
2008.11.27 12:14:10.007,1.5432,1.54335,1.60,1.20
2008.11.27 12:14:10.626,1.5432,1.5433,1.60,1.20
2008.11.27 12:14:11.086,1.5432,1.54335,1.60,1.20
2008.11.27 12:14:11.427,1.54315,1.54335,1.80,1.20
2008.11.27 12:14:11.776,1.5432,1.54335,1.60,1.20
2008.11.27 12:14:12.116,1.5432,1.5434,1.80,5.20
2008.11.27 12:14:12.466,1.54325,1.5434,1.60,1.20
2008.11.27 12:14:12.746,1.54325,1.5433,1.60,1.20
2008.11.27 12:14:13.156,1.5433,1.54335,1.60,1.20
2008.11.27 12:14:13.555,1.54325,1.5433,1.80,1.20
2008.11.27 12:14:15.545,1.54325,1.5433,1.00,1.20
2008.11.27 12:14:15.665,1.5431,1.5433,1.60,2.80
2008.11.27 12:14:18.154,1.54305,1.54325,1.20,1.60
2008.11.27 12:14:18.334,1.54305,1.54325,1.20,6.40
2008.11.27 12:14:18.435,1.543,1.54325,5.00,7.60
2008.11.27 12:14:18.774,1.543,1.54325,6.60,1.20
2008.11.27 12:14:20.084,1.543,1.5432,6.40,1.20
2008.11.27 12:14:20.674,1.543,1.5432,4.80,2.80
2008.11.27 12:14:20.784,1.543,1.5432,4.80,7.60
2008.11.27 12:14:21.014,1.543,1.5431,1.60,1.20
2008.11.27 12:14:21.294,1.543,1.5432,4.80,4.40
2008.11.27 12:14:21.593,1.543,1.5432,4.80,1.20
2008.11.27 12:14:21.873,1.543,1.54315,4.80,1.20
2008.11.27 12:14:23.653,1.543,1.5432,4.80,2.80
2008.11.27 12:14:24.033,1.543,1.5432,4.80,1.20
2008.11.27 12:14:24.213,1.543,1.5432,4.80,1.20
2008.11.27 12:14:24.553,1.543,1.5432,3.20,1.20
2008.11.27 12:14:25.063,1.543,1.54325,3.60,2.80
2008.11.27 12:14:25.223,1.543,1.54325,3.60,1.20
2008.11.27 12:14:27.032,1.54305,1.5433,1.00,7.60
2008.11.27 12:14:28.422,1.54305,1.5433,1.80,4.40
2008.11.27 12:14:28.662,1.54305,1.5433,5.60,1.20
2008.11.27 12:14:28.902,1.54305,1.5433,6.60,1.20
2008.11.27 12:14:29.242,1.5431,1.54335,1.20,3.60
2008.11.27 12:14:29.362,1.5431,1.54335,1.20,1.20
2008.11.27 12:14:30.652,1.54315,1.54335,3.80,1.20
2008.11.27 12:14:30.831,1.5432,1.54335,1.80,1.20
2008.11.27 12:14:31.501,1.5431,1.54335,1.80,1.20
2008.11.27 12:14:32.061,1.5431,1.5433,1.60,1.20
2008.11.27 12:14:33.361,1.5432,1.5433,1.00,1.20
2008.11.27 12:14:33.471,1.5432,1.5433,1.80,1.20
2008.11.27 12:14:35.790,1.54325,1.5433,3.80,1.20
2008.11.27 12:14:35.960,1.5433,1.5434,1.60,2.80
2008.11.27 12:14:36.140,1.5433,1.5434,1.80,1.20
2008.11.27 12:14:39.279,1.5433,1.5434,5.60,1.20
2008.11.27 12:14:39.419,1.5433,1.5434,7.00,1.20
2008.11.27 12:14:39.479,1.54335,1.5434,1.60,1.20
2008.11.27 12:14:39.579,1.54335,1.5434,1.80,1.20
2008.11.27 12:14:39.639,1.54335,1.5434,2.40,1.20
2008.11.27 12:14:40.039,1.54335,1.5435,2.80,5.20
2008.11.27 12:14:40.159,1.54335,1.5435,4.00,2.80
2008.11.27 12:14:40.339,1.5434,1.5435,3.80,2.80
2008.11.27 12:14:40.509,1.5434,1.5435,4.00,1.20
2008.11.27 12:14:40.679,1.54335,1.5435,2.40,1.20
2008.11.27 12:14:40.859,1.54335,1.5435,2.20,1.20
2008.11.27 12:14:41.139,1.54335,1.5435,1.60,1.20
2008.11.27 12:14:43.859,1.54335,1.5435,1.80,1.20
2008.11.27 12:14:43.968,1.54335,1.5435,1.60,1.20
2008.11.27 12:14:45.228,1.5433,1.5435,1.60,1.20
2008.11.27 12:14:45.348,1.5433,1.54345,1.60,1.20
2008.11.27 12:14:46.518,1.5433,1.5435,1.60,3.60
2008.11.27 12:14:46.748,1.5433,1.5435,1.80,5.20
2008.11.27 12:14:47.158,1.5433,1.5434,1.80,1.20
2008.11.27 12:14:47.667,1.54335,1.5435,2.20,3.60
2008.11.27 12:14:48.057,1.5433,1.5434,2.00,1.20
2008.11.27 12:14:48.347,1.5433,1.5434,1.80,1.20
2008.11.27 12:14:49.207,1.5433,1.5435,1.80,5.20
2008.11.27 12:14:49.507,1.5433,1.5434,1.80,1.20
2008.11.27 12:14:50.417,1.54335,1.5434,1.60,1.20
2008.11.27 12:14:50.586,1.54335,1.5435,1.60,5.20
2008.11.27 12:14:50.706,1.54335,1.5435,2.20,5.20
2008.11.27 12:14:50.986,1.54335,1.5435,2.40,5.20
2008.11.27 12:14:53.056,1.54335,1.5435,2.40,2.80
2008.11.27 12:14:53.296,1.54335,1.5435,2.40,1.20
2008.11.27 12:14:53.526,1.54335,1.54355,2.40,5.20
2008.11.27 12:14:54.766,1.54335,1.5435,2.40,1.20
2008.11.27 12:14:58.485,1.54335,1.54355,2.40,5.20
2008.11.27 12:14:58.985,1.54335,1.5435,2.40,1.20
2008.11.27 12:14:59.044,1.54335,1.5435,1.60,1.20
2008.11.27 12:15:00.384,1.54335,1.5435,1.60,2.80
2008.11.27 12:15:01.754,1.54335,1.54355,1.60,2.80
2008.11.27 12:15:02.094,1.54335,1.54355,2.40,5.20
2008.11.27 12:15:04.553,1.54335,1.54355,2.40,3.60
2008.11.27 12:15:05.353,1.54335,1.54355,2.40,5.20
2008.11.27 12:15:06.453,1.54335,1.54355,2.40,1.20
2008.11.27 12:15:06.793,1.5434,1.54355,5.60,1.20
2008.11.27 12:15:07.663,1.54345,1.5436,2.20,1.20
2008.11.27 12:15:07.942,1.54345,1.5436,2.40,1.20
2008.11.27 12:15:08.462,1.54345,1.5437,2.80,1.20
2008.11.27 12:15:08.692,1.5435,1.54375,6.00,2.80
2008.11.27 12:15:08.902,1.5435,1.54375,6.00,1.20
2008.11.27 12:15:09.142,1.54355,1.5438,1.00,1.20
2008.11.27 12:15:10.122,1.5435,1.54375,6.00,1.20
2008.11.27 12:15:10.622,1.54355,1.5438,1.00,1.20
2008.11.27 12:15:12.601,1.5435,1.5437,5.60,1.20
2008.11.27 12:15:12.981,1.54355,1.5438,1.00,1.20
2008.11.27 12:15:13.691,1.5436,1.54385,1.00,2.80
2008.11.27 12:15:16.800,1.54365,1.54385,1.00,1.60
2008.11.27 12:15:17.140,1.54365,1.5439,1.00,7.60
2008.11.27 12:15:17.480,1.54375,1.5439,1.00,1.60
2008.11.27 12:15:17.820,1.5437,1.5439,1.00,7.60
2008.11.27 12:15:18.150,1.54365,1.5439,1.00,7.60
2008.11.27 12:15:18.440,1.5436,1.54385,1.00,1.20
2008.11.27 12:15:18.610,1.54355,1.5438,1.80,1.20
2008.11.27 12:15:19.180,1.54355,1.54375,1.60,1.20
2008.11.27 12:15:19.300,1.54355,1.5438,1.80,1.20
2008.11.27 12:15:20.089,1.54355,1.5438,2.60,1.20
2008.11.27 12:15:20.309,1.5437,1.5439,1.20,1.20
2008.11.27 12:15:20.609,1.54355,1.5438,1.80,6.00
2008.11.27 12:15:20.889,1.5437,1.5438,1.00,4.80
2008.11.27 12:15:21.119,1.5437,1.5439,1.00,4.40
2008.11.27 12:15:21.399,1.5437,1.5439,1.20,1.20
2008.11.27 12:15:22.669,1.5436,1.5438,1.20,1.20
2008.11.27 12:15:22.889,1.54355,1.5438,1.80,1.20
2008.11.27 12:15:23.069,1.54355,1.5436,1.00,1.60
2008.11.27 12:15:23.299,1.54355,1.5436,1.00,6.40
2008.11.27 12:15:23.699,1.54355,1.5436,1.00,1.60
2008.11.27 12:15:23.979,1.54345,1.5436,2.60,1.60
2008.11.27 12:15:24.098,1.54345,1.54355,1.00,1.60
2008.11.27 12:15:24.568,1.54345,1.5436,1.00,2.80
2008.11.27 12:15:25.078,1.54345,1.5436,1.00,1.20
2008.11.27 12:15:25.188,1.54345,1.54365,1.00,1.60
2008.11.27 12:15:26.178,1.54345,1.5437,1.00,2.80
2008.11.27 12:15:27.118,1.5435,1.5437,3.80,6.00
2008.11.27 12:15:27.288,1.5435,1.5437,3.80,1.20
2008.11.27 12:15:30.957,1.54345,1.5437,1.00,1.20
2008.11.27 12:15:31.077,1.54345,1.5437,4.00,1.20
2008.11.27 12:15:33.406,1.5435,1.54375,1.00,2.80
2008.11.27 12:15:33.766,1.5435,1.54375,1.00,1.20
2008.11.27 12:15:34.276,1.5435,1.54375,4.00,1.20
2008.11.27 12:15:34.456,1.5435,1.54375,1.00,2.80
2008.11.27 12:15:35.036,1.5435,1.54375,1.00,1.20
2008.11.27 12:15:35.146,1.54355,1.54375,3.80,1.20
2008.11.27 12:15:36.236,1.5435,1.54375,1.80,1.20
2008.11.27 12:15:37.455,1.5435,1.5437,1.60,1.20
2008.11.27 12:15:39.645,1.5435,1.54375,1.80,1.20
2008.11.27 12:15:40.874,1.5435,1.54375,6.00,1.20
2008.11.27 12:15:41.154,1.5435,1.54375,6.00,1.20
2008.11.27 12:15:46.733,1.54355,1.5438,1.00,1.20
2008.11.27 12:15:47.643,1.5435,1.5437,6.00,1.20
2008.11.27 12:16:01.030,1.5435,1.54375,6.00,1.20
2008.11.27 12:16:01.849,1.5435,1.5437,6.00,1.20
2008.11.27 12:16:02.199,1.54355,1.5438,1.00,1.20
2008.11.27 12:16:02.769,1.5435,1.54375,6.00,1.20
2008.11.27 12:16:04.738,1.5435,1.5437,6.00,1.20
2008.11.27 12:16:12.057,1.5435,1.54375,6.00,5.20
2008.11.27 12:16:15.716,1.5435,1.5437,6.00,1.20
2008.11.27 12:16:16.706,1.5435,1.5437,5.60,1.20
2008.11.27 12:16:17.056,1.5435,1.54365,5.60,1.20
2008.11.27 12:16:17.476,1.5435,1.5436,5.60,1.20
2008.11.27 12:16:18.815,1.5435,1.5437,5.60,2.80
2008.11.27 12:16:18.975,1.5435,1.54365,6.00,1.60
2008.11.27 12:16:19.255,1.5435,1.5437,1.80,5.20
2008.11.27 12:16:19.435,1.5435,1.54365,1.60,1.20
2008.11.27 12:16:19.955,1.5434,1.5436,4.00,6.40
2008.11.27 12:16:20.115,1.5434,1.54355,4.00,1.20
2008.11.27 12:16:20.755,1.5434,1.5436,4.40,6.00
2008.11.27 12:16:20.975,1.5434,1.5436,4.40,1.20
2008.11.27 12:16:21.255,1.5434,1.5436,4.40,1.60
2008.11.27 12:16:21.544,1.5434,1.5436,4.40,6.40
2008.11.27 12:16:24.224,1.5434,1.54345,4.40,6.40
2008.11.27 12:16:24.454,1.5434,1.54345,1.00,6.40
2008.11.27 12:16:24.624,1.5434,1.54345,1.00,1.60
2008.11.27 12:16:29.953,1.5434,1.5435,1.00,4.40
2008.11.27 12:16:30.122,1.5434,1.5435,1.00,1.60
2008.11.27 12:16:30.633,1.5434,1.54365,4.00,2.80
2008.11.27 12:16:46.149,1.54345,1.54365,1.00,1.60
2008.11.27 12:16:48.288,1.5435,1.54365,1.00,1.60
2008.11.27 12:16:49.268,1.54345,1.54365,1.20,1.60
2008.11.27 12:16:49.848,1.54345,1.54365,1.00,2.80
2008.11.27 12:16:50.178,1.5434,1.54365,3.40,2.80
2008.11.27 12:16:50.477,1.54345,1.54365,1.00,1.60
2008.11.27 12:16:52.607,1.54345,1.54365,1.20,1.60
2008.11.27 12:16:54.187,1.5436,1.5437,1.60,2.80
2008.11.27 12:16:54.407,1.5436,1.5437,5.60,1.60
2008.11.27 12:16:54.636,1.54365,1.5439,1.00,5.20
2008.11.27 12:16:56.456,1.5436,1.5438,5.60,1.20
2008.11.27 12:16:56.856,1.5436,1.54385,6.00,1.20
2008.11.27 12:17:01.725,1.5437,1.5439,1.60,5.20
2008.11.27 12:17:05.654,1.54365,1.5439,8.00,5.20
2008.11.27 12:17:05.704,1.54365,1.5439,2.80,5.20
2008.11.27 12:17:05.824,1.54365,1.5439,2.00,5.20
2008.11.27 12:17:05.884,1.54365,1.5439,1.80,5.20
2008.11.27 12:17:10.823,1.5437,1.5439,1.00,5.20
2008.11.27 12:17:11.063,1.5437,1.5439,1.00,3.60
2008.11.27 12:17:11.243,1.5437,1.5439,1.00,1.20
2008.11.27 12:17:12.542,1.5437,1.54395,1.00,3.60
2008.11.27 12:17:12.712,1.5437,1.54395,1.00,5.20
2008.11.27 12:17:14.142,1.5437,1.54395,1.00,2.80
2008.11.27 12:17:14.362,1.5437,1.54385,1.20,4.80
2008.11.27 12:17:14.532,1.54365,1.54385,3.40,4.80
2008.11.27 12:17:14.712,1.54365,1.54385,3.40,6.40
2008.11.27 12:17:15.282,1.54365,1.5438,1.00,1.20
2008.11.27 12:17:15.851,1.5436,1.5438,1.00,1.20
2008.11.27 12:17:17.011,1.5436,1.54375,1.00,4.80
2008.11.27 12:17:19.570,1.5435,1.54375,1.80,6.00
2008.11.27 12:17:19.911,1.5435,1.5437,1.60,1.20
2008.11.27 12:17:20.140,1.5435,1.54375,1.80,6.00
2008.11.27 12:17:20.650,1.54365,1.5438,1.00,1.60
2008.11.27 12:17:20.880,1.54365,1.5439,1.00,2.80
2008.11.27 12:17:23.310,1.54365,1.5439,1.20,2.80
2008.11.27 12:17:23.540,1.5437,1.5439,1.60,5.20
2008.11.27 12:17:23.829,1.5437,1.5439,1.60,2.80
2008.11.27 12:17:23.890,1.5438,1.5439,1.80,1.60
2008.11.27 12:17:23.940,1.5438,1.54405,1.80,5.20
2008.11.27 12:17:24.169,1.5438,1.54405,1.80,2.80
2008.11.27 12:17:24.440,1.5438,1.54405,1.00,2.80
2008.11.27 12:17:24.559,1.5437,1.54395,13.00,6.00
2008.11.27 12:17:24.849,1.5437,1.54395,13.00,1.20
2008.11.27 12:17:27.128,1.5437,1.54395,13.00,2.80
2008.11.27 12:17:32.907,1.54375,1.5439,1.60,1.20
2008.11.27 12:17:35.557,1.54375,1.54395,1.60,5.20
2008.11.27 12:17:36.166,1.5438,1.54395,1.60,5.20
2008.11.27 12:17:36.577,1.5438,1.544,1.60,5.20
2008.11.27 12:17:36.976,1.54375,1.54395,1.60,1.20
2008.11.27 12:17:38.366,1.54375,1.54395,1.60,2.80
2008.11.27 12:17:38.416,1.54375,1.5439,1.60,1.20
2008.11.27 12:17:38.706,1.54375,1.54395,1.60,5.20
2008.11.27 12:17:39.975,1.5437,1.54395,13.00,5.20
2008.11.27 12:17:40.206,1.5437,1.5439,12.80,1.20
2008.11.27 12:17:43.874,1.54375,1.54395,1.60,4.00
2008.11.27 12:17:44.164,1.54375,1.544,1.60,1.60
2008.11.27 12:17:44.385,1.5437,1.5438,15.00,4.80
2008.11.27 12:17:44.564,1.54355,1.5436,4.10,4.80
2008.11.27 12:17:44.794,1.54355,1.5436,1.80,4.80
2008.11.27 12:17:45.024,1.5435,1.5436,1.80,6.00
2008.11.27 12:17:45.434,1.5435,1.54355,1.80,4.80
2008.11.27 12:17:45.604,1.5435,1.54355,1.80,8.00
2008.11.27 12:17:45.764,1.54355,1.5436,1.00,10.20
2008.11.27 12:17:48.313,1.54355,1.5436,1.20,10.20
2008.11.27 12:17:49.133,1.54355,1.54365,1.20,4.60
2008.11.27 12:17:49.193,1.54355,1.54365,1.20,2.80
2008.11.27 12:17:49.253,1.54355,1.5437,1.20,4.80
2008.11.27 12:17:49.943,1.54355,1.5437,1.20,6.40
2008.11.27 12:17:50.333,1.54355,1.5437,1.00,6.40
2008.11.27 12:17:50.623,1.54355,1.54375,1.00,7.60
2008.11.27 12:17:50.963,1.5436,1.5438,1.60,1.20
2008.11.27 12:17:51.263,1.5436,1.5438,3.20,1.20
2008.11.27 12:17:51.543,1.54365,1.5438,1.60,1.20
2008.11.27 12:17:51.983,1.54365,1.54385,1.60,1.20
2008.11.27 12:17:53.242,1.5436,1.54385,1.80,1.20
2008.11.27 12:17:57.081,1.5437,1.54385,1.60,1.20
2008.11.27 12:17:57.311,1.5437,1.54395,1.80,2.80
2008.11.27 12:17:57.541,1.54365,1.5439,1.80,1.20
2008.11.27 12:17:57.781,1.5437,1.54385,1.60,1.20
2008.11.27 12:17:58.131,1.5437,1.5438,1.60,1.20
2008.11.27 12:17:59.761,1.54365,1.5438,2.40,1.20
2008.11.27 12:17:59.931,1.54365,1.5438,1.80,1.20
2008.11.27 12:18:00.151,1.54365,1.5438,1.60,1.20
2008.11.27 12:18:00.551,1.54365,1.54385,1.60,3.60
2008.11.27 12:18:01.011,1.54365,1.54385,1.60,5.20
2008.11.27 12:18:01.490,1.54365,1.5438,1.60,1.20
2008.11.27 12:18:02.570,1.54365,1.54385,1.60,2.80
2008.11.27 12:18:02.870,1.54365,1.5439,1.80,5.20
2008.11.27 12:18:04.490,1.54365,1.54385,1.60,1.20
2008.11.27 12:18:04.770,1.5437,1.54395,1.00,5.20
2008.11.27 12:18:05.000,1.5437,1.54395,1.00,1.20
2008.11.27 12:18:05.119,1.54365,1.54385,1.60,1.20
2008.11.27 12:18:05.939,1.54365,1.5439,1.80,1.20
2008.11.27 12:18:06.169,1.5437,1.5439,1.00,1.20
2008.11.27 12:18:07.089,1.54365,1.5439,1.80,1.20
2008.11.27 12:18:08.359,1.54365,1.5439,1.80,2.80
2008.11.27 12:18:10.709,1.54365,1.5439,1.80,5.20
2008.11.27 12:18:11.068,1.54365,1.54385,1.60,1.20
2008.11.27 12:18:20.006,1.5437,1.5439,1.00,5.20
2008.11.27 12:18:20.286,1.5437,1.5439,1.00,1.20
2008.11.27 12:18:26.844,1.54375,1.5439,1.60,1.20
2008.11.27 12:18:27.014,1.5438,1.5439,1.60,1.20
2008.11.27 12:18:27.244,1.5438,1.54405,1.80,1.20
2008.11.27 12:18:27.474,1.5438,1.54405,1.80,6.00
2008.11.27 12:18:27.754,1.5438,1.54405,1.00,1.20
2008.11.27 12:18:27.984,1.54375,1.54395,1.60,1.20
2008.11.27 12:18:31.323,1.54375,1.54395,1.60,2.80
2008.11.27 12:18:32.203,1.54375,1.54395,1.60,1.20
2008.11.27 12:18:32.413,1.54375,1.54395,1.60,2.80
2008.11.27 12:18:41.321,1.5437,1.54395,5.00,2.80
2008.11.27 12:18:46.190,1.54375,1.54395,1.60,2.80
2008.11.27 12:18:46.479,1.5438,1.54395,1.00,1.60
2008.11.27 12:18:46.709,1.5438,1.54405,1.00,5.20
2008.11.27 12:18:46.929,1.5438,1.54405,1.80,5.20
2008.11.27 12:18:48.439,1.5438,1.54405,1.80,2.80
2008.11.27 12:18:48.719,1.5438,1.54405,1.80,1.20
2008.11.27 12:18:52.728,1.54385,1.5441,1.20,5.20
2008.11.27 12:18:53.638,1.54385,1.5441,1.80,5.20
2008.11.27 12:18:57.267,1.54385,1.5441,1.80,2.80
2008.11.27 12:18:57.677,1.5439,1.54415,1.00,1.20
2008.11.27 12:18:59.457,1.5439,1.54415,1.20,1.20
2008.11.27 12:19:04.975,1.544,1.5442,1.00,1.60
2008.11.27 12:19:06.414,1.544,1.5442,1.20,1.60
2008.11.27 12:19:08.084,1.544,1.5442,3.40,1.60
2008.11.27 12:19:08.204,1.5441,1.5442,1.00,1.60
2008.11.27 12:19:08.485,1.54405,1.5442,1.00,1.60
2008.11.27 12:19:08.774,1.54405,1.5442,1.20,1.60
2008.11.27 12:19:09.694,1.54405,1.5442,3.40,1.60
2008.11.27 12:19:09.914,1.5441,1.5442,1.00,1.60
2008.11.27 12:19:10.144,1.544,1.5442,3.40,1.60
2008.11.27 12:19:10.414,1.544,1.5442,1.00,2.80
2008.11.27 12:19:11.993,1.544,1.54425,1.00,2.80
2008.11.27 12:19:12.923,1.544,1.54415,1.00,2.80
2008.11.27 12:19:29.389,1.5442,1.54425,1.00,3.60
2008.11.27 12:19:29.559,1.544,1.54415,1.00,2.80
2008.11.27 12:19:33.548,1.5441,1.54415,1.00,2.80
2008.11.27 12:19:34.068,1.544,1.54415,1.20,2.80
2008.11.27 12:19:34.378,1.544,1.54415,1.00,2.80
2008.11.27 12:19:34.548,1.54385,1.54415,2.40,2.80
2008.11.27 12:19:34.658,1.54385,1.54415,1.60,2.80
2008.11.27 12:19:40.786,1.5439,1.54415,3.80,2.80
2008.11.27 12:19:40.946,1.544,1.54415,1.00,2.80
2008.11.27 12:19:53.933,1.544,1.54415,6.00,2.80
2008.11.27 12:19:58.182,1.544,1.54415,2.00,2.80
2008.11.27 12:19:58.352,1.544,1.54415,1.80,2.80
2008.11.27 12:19:58.642,1.5439,1.54415,6.60,2.80
2008.11.27 12:19:59.522,1.54405,1.54415,4.00,2.80
2008.11.27 12:19:59.752,1.5441,1.54415,1.60,2.80
2008.11.27 12:19:59.932,1.5441,1.54415,1.20,2.80
2008.11.27 12:20:00.571,1.5442,1.54445,1.00,4.20
2008.11.27 12:20:01.781,1.54425,1.54445,1.00,3.60
2008.11.27 12:20:02.081,1.5442,1.54445,1.00,4.20
2008.11.27 12:20:05.231,1.54435,1.54455,1.60,3.40
2008.11.27 12:20:07.410,1.54435,1.5445,1.60,1.20
2008.11.27 12:20:08.390,1.5443,1.5445,1.60,1.20
2008.11.27 12:20:09.230,1.54425,1.5444,1.60,1.20
2008.11.27 12:20:10.419,1.54425,1.54435,1.60,1.20
2008.11.27 12:20:10.959,1.54425,1.5445,1.60,8.80
2008.11.27 12:20:11.079,1.54425,1.5445,1.60,6.40
2008.11.27 12:20:11.249,1.54425,1.5445,1.60,4.80
2008.11.27 12:20:11.479,1.54425,1.54455,1.60,1.20
2008.11.27 12:20:11.809,1.54435,1.54455,1.00,1.20
2008.11.27 12:20:12.109,1.5443,1.54435,1.00,4.80
2008.11.27 12:20:12.399,1.544,1.54435,5.40,4.80
2008.11.27 12:20:12.808,1.5439,1.5441,3.40,4.80
2008.11.27 12:20:13.208,1.5439,1.5443,4.00,3.20
2008.11.27 12:20:13.438,1.544,1.5444,3.80,1.60
2008.11.27 12:20:19.527,1.5441,1.54425,4.00,1.20
2008.11.27 12:20:19.697,1.5441,1.54425,3.80,1.20
2008.11.27 12:20:19.867,1.544,1.54425,1.20,1.20
2008.11.27 12:20:20.027,1.54395,1.5442,4.40,1.60
2008.11.27 12:20:20.197,1.54395,1.5442,3.80,1.60
2008.11.27 12:20:22.396,1.54385,1.5442,1.80,6.40
2008.11.27 12:20:22.676,1.54385,1.5442,1.60,6.40
2008.11.27 12:20:23.026,1.5438,1.54415,1.60,2.80
2008.11.27 12:20:23.366,1.5438,1.5441,1.60,4.80
2008.11.27 12:20:23.826,1.54375,1.5441,1.60,6.40
2008.11.27 12:20:24.746,1.54375,1.54405,1.60,1.20
2008.11.27 12:20:25.066,1.5438,1.54395,1.60,1.20
2008.11.27 12:20:25.605,1.54375,1.54395,1.60,1.20
2008.11.27 12:20:26.385,1.5437,1.54395,1.80,1.20
2008.11.27 12:20:28.285,1.54375,1.5438,1.60,1.00
2008.11.27 12:20:28.615,1.54365,1.5437,1.00,1.60
2008.11.27 12:20:29.015,1.54355,1.5438,1.00,10.80
2008.11.27 12:20:29.245,1.5435,1.5438,1.00,10.80
2008.11.27 12:20:29.475,1.54355,1.5438,1.00,10.80
2008.11.27 12:20:29.594,1.5437,1.54375,1.00,1.60
2008.11.27 12:20:29.875,1.5437,1.54415,1.00,1.20
2008.11.27 12:20:30.114,1.54375,1.54415,1.00,1.20
2008.11.27 12:20:30.334,1.5437,1.5441,1.20,2.80
2008.11.27 12:20:30.555,1.5437,1.5441,1.00,2.80
2008.11.27 12:20:31.384,1.5437,1.5438,1.00,9.20
2008.11.27 12:20:31.564,1.5435,1.54375,3.20,1.60
2008.11.27 12:20:31.894,1.5435,1.54375,1.00,1.60
2008.11.27 12:20:32.294,1.54355,1.54375,1.00,1.60
2008.11.27 12:20:33.644,1.5435,1.54375,1.00,1.60
2008.11.27 12:20:34.253,1.5435,1.54385,1.80,1.60
2008.11.27 12:20:35.553,1.54355,1.54385,1.00,1.60
2008.11.27 12:20:37.173,1.54355,1.54385,1.20,1.60
2008.11.27 12:20:37.643,1.5437,1.5442,4.00,1.60
2008.11.27 12:20:37.992,1.5437,1.54425,5.60,1.60
2008.11.27 12:20:38.222,1.54375,1.5443,1.60,1.60
2008.11.27 12:20:38.443,1.54375,1.5443,2.20,1.60
2008.11.27 12:20:38.733,1.54385,1.54405,2.40,4.80
2008.11.27 12:20:39.122,1.5438,1.5439,1.00,3.20
2008.11.27 12:20:39.402,1.54335,1.5437,2.20,1.20
2008.11.27 12:20:39.682,1.5433,1.54355,1.60,1.20
2008.11.27 12:20:40.212,1.5433,1.5435,1.60,1.20
2008.11.27 12:20:40.682,1.5434,1.5436,1.60,6.00
2008.11.27 12:20:41.502,1.5436,1.5437,1.60,5.80
2008.11.27 12:20:41.672,1.54355,1.5437,1.60,2.80
2008.11.27 12:20:42.062,1.5435,1.54365,1.00,1.20
2008.11.27 12:20:42.352,1.5433,1.54355,2.60,10.80
2008.11.27 12:20:42.772,1.54345,1.5435,1.80,1.60
2008.11.27 12:20:43.032,1.54345,1.54365,1.80,4.80
2008.11.27 12:20:43.441,1.54345,1.54365,1.00,4.80
2008.11.27 12:20:43.771,1.5436,1.5437,1.60,4.40
2008.11.27 12:20:44.291,1.54365,1.5438,1.60,5.20
2008.11.27 12:20:44.861,1.54365,1.5438,1.60,2.80
2008.11.27 12:20:45.141,1.54365,1.5438,1.60,1.20
2008.11.27 12:20:46.411,1.54365,1.54385,1.60,1.20
2008.11.27 12:20:46.810,1.5436,1.54385,1.80,1.20
2008.11.27 12:20:47.630,1.5437,1.5439,1.00,9.20
2008.11.27 12:20:49.430,1.5436,1.54385,1.80,1.20
2008.11.27 12:20:51.389,1.5436,1.5438,1.60,1.20
2008.11.27 12:20:51.500,1.5436,1.5438,5.40,1.20
2008.11.27 12:20:51.559,1.5436,1.5438,5.60,1.20
2008.11.27 12:20:53.529,1.5436,1.5438,5.60,2.80
2008.11.27 12:20:58.037,1.5437,1.5438,3.80,1.20
2008.11.27 12:20:58.138,1.5437,1.5438,5.40,1.20
2008.11.27 12:20:58.368,1.5437,1.5438,5.60,1.20
2008.11.27 12:20:58.477,1.5437,1.5439,5.60,1.20
2008.11.27 12:20:58.598,1.5437,1.54395,2.00,5.20
2008.11.27 12:20:58.827,1.5437,1.54395,1.80,5.20
2008.11.27 12:21:00.057,1.5437,1.54395,1.00,2.80
2008.11.27 12:21:00.227,1.5436,1.54385,1.80,1.20
2008.11.27 12:21:02.667,1.5437,1.54385,1.60,1.20
2008.11.27 12:21:02.946,1.5437,1.54395,1.80,5.20
2008.11.27 12:21:03.286,1.5437,1.54395,1.80,1.20
2008.11.27 12:21:03.576,1.5437,1.54405,1.60,3.20
2008.11.27 12:21:03.746,1.54365,1.5438,4.40,1.20
2008.11.27 12:21:03.797,1.54365,1.5438,1.00,1.20
2008.11.27 12:21:04.026,1.5436,1.5438,1.60,1.20
2008.11.27 12:21:04.136,1.5437,1.5438,1.60,1.20
2008.11.27 12:21:04.366,1.5437,1.544,1.60,1.20
2008.11.27 12:21:04.686,1.54365,1.5439,1.20,1.20
2008.11.27 12:21:04.966,1.5436,1.54375,1.00,2.80
2008.11.27 12:21:05.196,1.5435,1.5437,1.60,4.80
2008.11.27 12:21:05.816,1.5435,1.5436,1.60,1.20
2008.11.27 12:21:06.225,1.5435,1.5437,1.60,6.00
2008.11.27 12:21:06.446,1.54345,1.5437,1.60,6.00
2008.11.27 12:21:06.746,1.54345,1.5437,1.80,6.00
2008.11.27 12:21:07.426,1.54345,1.54365,1.60,1.20
2008.11.27 12:21:07.595,1.54345,1.54355,1.60,1.20
2008.11.27 12:21:07.825,1.54335,1.54355,1.80,3.60
2008.11.27 12:21:08.116,1.54335,1.5434,1.80,1.20
2008.11.27 12:21:08.505,1.54335,1.5434,1.60,1.20
2008.11.27 12:21:08.735,1.5433,1.5434,1.60,1.20
2008.11.27 12:21:10.145,1.5432,1.54325,1.80,1.20
2008.11.27 12:21:10.955,1.5432,1.54335,1.90,2.40
2008.11.27 12:21:11.065,1.5432,1.54325,1.90,1.20
2008.11.27 12:21:13.024,1.5432,1.54325,1.20,1.20
2008.11.27 12:21:13.144,1.54285,1.54305,2.40,1.60
2008.11.27 12:21:13.314,1.54285,1.54305,2.60,7.60
2008.11.27 12:21:13.484,1.54255,1.54305,1.00,4.80
2008.11.27 12:21:13.604,1.5426,1.54315,1.60,7.40
2008.11.27 12:21:13.764,1.5427,1.54315,1.60,7.40
2008.11.27 12:21:13.934,1.5427,1.5431,1.60,1.60
2008.11.27 12:21:14.274,1.5427,1.543,1.60,6.40
2008.11.27 12:21:14.553,1.5428,1.54295,1.60,1.60
2008.11.27 12:21:16.323,1.5428,1.54295,1.60,2.00
2008.11.27 12:21:16.553,1.54265,1.5427,2.40,6.40
2008.11.27 12:21:16.663,1.54255,1.5427,1.60,4.80
2008.11.27 12:21:16.823,1.54255,1.54275,1.60,1.20
2008.11.27 12:21:17.063,1.54255,1.5429,1.60,1.60
2008.11.27 12:21:17.693,1.54255,1.5429,1.80,1.60
2008.11.27 12:21:17.983,1.5426,1.54295,1.60,6.40
2008.11.27 12:21:18.783,1.54265,1.54295,1.60,1.60
2008.11.27 12:21:19.023,1.54265,1.54295,1.00,6.40
2008.11.27 12:21:19.832,1.5426,1.5429,1.80,4.80
2008.11.27 12:21:20.063,1.5427,1.54295,1.00,9.60
2008.11.27 12:21:20.303,1.5426,1.5428,1.00,1.60
2008.11.27 12:21:20.652,1.5426,1.5428,1.00,6.40
2008.11.27 12:21:20.942,1.5426,1.5429,1.00,1.60
2008.11.27 12:21:22.442,1.5426,1.5428,1.20,1.60
2008.11.27 12:21:23.572,1.5426,1.5428,1.00,1.60
2008.11.27 12:21:24.271,1.5426,1.5428,1.20,1.60
2008.11.27 12:21:27.440,1.5427,1.5428,1.00,1.60
2008.11.27 12:21:27.661,1.5429,1.54325,1.60,4.80
2008.11.27 12:21:27.950,1.54305,1.5433,1.00,3.20
2008.11.27 12:21:28.230,1.54315,1.5434,1.00,4.80
2008.11.27 12:21:29.170,1.5433,1.54335,1.00,7.80
2008.11.27 12:21:29.410,1.5433,1.54335,1.00,9.60
2008.11.27 12:21:32.329,1.54325,1.54335,1.00,9.60
2008.11.27 12:21:32.489,1.54285,1.5433,1.60,1.60
2008.11.27 12:21:32.899,1.54285,1.5433,1.60,6.40
2008.11.27 12:21:33.179,1.5428,1.54325,1.60,1.60
2008.11.27 12:21:35.989,1.54295,1.54325,1.60,1.60
2008.11.27 12:21:36.788,1.5429,1.54325,1.60,1.60
2008.11.27 12:21:37.008,1.5429,1.54325,1.80,1.60
2008.11.27 12:21:37.238,1.543,1.54335,1.60,2.80
2008.11.27 12:21:37.468,1.543,1.5433,1.60,4.80
2008.11.27 12:21:37.968,1.543,1.54335,1.60,6.00
2008.11.27 12:21:38.148,1.543,1.54335,1.60,2.80
2008.11.27 12:21:38.708,1.543,1.54335,1.60,1.60
2008.11.27 12:21:39.997,1.543,1.54335,1.60,2.80
2008.11.27 12:21:41.017,1.543,1.5433,1.60,1.20
2008.11.27 12:21:41.537,1.543,1.54335,1.60,2.80
2008.11.27 12:21:42.837,1.54305,1.54335,1.60,1.20
2008.11.27 12:21:42.997,1.54305,1.5434,1.60,1.60
2008.11.27 12:21:45.256,1.54305,1.54335,1.60,4.80
2008.11.27 12:21:45.496,1.543,1.5433,1.60,1.20
2008.11.27 12:21:45.776,1.54295,1.5433,1.60,2.80
2008.11.27 12:21:46.816,1.54295,1.54315,1.60,1.20
2008.11.27 12:21:47.506,1.54295,1.5431,1.60,1.20
2008.11.27 12:21:47.906,1.54295,1.54305,1.60,1.20
2008.11.27 12:21:49.815,1.54295,1.54315,1.60,2.80
2008.11.27 12:21:51.575,1.543,1.5432,4.00,1.20
2008.11.27 12:21:51.925,1.543,1.5432,3.80,1.20
2008.11.27 12:21:52.214,1.54295,1.5432,1.60,1.20
2008.11.27 12:21:52.564,1.54295,1.54325,1.60,1.20
2008.11.27 12:21:52.914,1.543,1.54325,1.60,1.20
2008.11.27 12:21:55.234,1.543,1.54305,1.60,1.20
2008.11.27 12:21:55.464,1.54295,1.5431,1.60,1.20
2008.11.27 12:21:55.984,1.54295,1.5432,1.60,1.20
2008.11.27 12:21:56.503,1.54295,1.5432,1.60,1.20
2008.11.27 12:21:57.963,1.54295,1.5431,1.60,1.20
2008.11.27 12:22:00.183,1.54305,1.5431,1.60,1.20
2008.11.27 12:22:00.412,1.54305,1.5431,6.00,1.20
2008.11.27 12:22:00.582,1.54305,1.5431,6.40,1.20
2008.11.27 12:22:01.612,1.54305,1.5432,6.40,1.20
2008.11.27 12:22:06.641,1.54305,1.5432,7.60,1.20
2008.11.27 12:22:06.701,1.5432,1.5433,1.80,2.80
2008.11.27 12:22:07.211,1.5432,1.5433,1.80,5.20
2008.11.27 12:22:08.031,1.5432,1.5433,1.80,1.20
2008.11.27 12:22:14.919,1.5432,1.5433,1.00,1.20
2008.11.27 12:22:14.969,1.5432,1.54325,1.00,1.20
2008.11.27 12:22:15.299,1.54305,1.54325,6.40,1.20
2008.11.27 12:22:22.797,1.54315,1.54325,5.40,1.20
2008.11.27 12:22:23.017,1.54315,1.54325,6.40,1.20
2008.11.27 12:22:31.635,1.54315,1.5433,6.40,1.20
2008.11.27 12:22:33.314,1.54315,1.54335,6.40,1.20
2008.11.27 12:22:39.823,1.5432,1.5434,1.20,1.20
2008.11.27 12:22:43.972,1.54315,1.5433,6.40,1.20
2008.11.27 12:22:56.009,1.54315,1.5432,6.40,1.20
2008.11.27 12:22:56.649,1.54315,1.54325,6.40,2.80
2008.11.27 12:22:57.219,1.54315,1.54335,6.60,2.80
2008.11.27 12:22:57.489,1.54315,1.54335,6.60,1.20
2008.11.27 12:22:58.718,1.54315,1.5433,6.40,1.20
2008.11.27 12:22:59.698,1.54315,1.54325,6.40,1.20
2008.11.27 12:23:01.838,1.54315,1.5432,6.40,1.20
2008.11.27 12:23:02.927,1.54315,1.5432,2.40,1.20
2008.11.27 12:23:03.237,1.54315,1.5432,2.20,1.20
2008.11.27 12:23:03.637,1.54315,1.5432,2.20,2.80
2008.11.27 12:23:04.737,1.54305,1.5432,2.20,2.80
2008.11.27 12:23:05.847,1.54305,1.5433,2.60,1.20
2008.11.27 12:23:10.636,1.54305,1.5433,1.20,4.40
2008.11.27 12:23:10.865,1.54305,1.5433,1.20,2.80
2008.11.27 12:23:11.035,1.54305,1.5433,1.80,2.80
2008.11.27 12:23:11.095,1.54305,1.5433,1.80,1.20
2008.11.27 12:23:11.425,1.54305,1.5433,2.60,1.20
2008.11.27 12:23:11.476,1.5431,1.5433,1.60,1.20
2008.11.27 12:23:11.835,1.54305,1.5433,1.20,1.20
2008.11.27 12:23:12.065,1.5431,1.5433,1.00,2.80
2008.11.27 12:23:12.345,1.5431,1.5433,1.60,2.80
2008.11.27 12:23:12.575,1.5431,1.5433,1.00,1.20
2008.11.27 12:23:12.875,1.54305,1.5433,1.20,2.80
2008.11.27 12:23:13.115,1.5431,1.5433,1.60,2.80
2008.11.27 12:23:13.455,1.54305,1.5433,6.60,2.80
2008.11.27 12:23:13.695,1.5431,1.54325,1.60,1.20
2008.11.27 12:23:17.824,1.54305,1.5433,1.80,4.40
2008.11.27 12:23:17.944,1.54305,1.5433,1.80,2.80
2008.11.27 12:23:19.403,1.54305,1.54315,1.20,1.60
2008.11.27 12:23:20.033,1.54305,1.5432,1.20,3.20
2008.11.27 12:23:20.213,1.54305,1.5431,1.20,1.60
2008.11.27 12:23:23.223,1.54305,1.5431,1.00,1.60
2008.11.27 12:23:23.613,1.5429,1.5431,1.60,1.60
2008.11.27 12:23:33.130,1.5429,1.5431,1.60,2.80
2008.11.27 12:23:37.519,1.5429,1.54295,1.60,1.60
2008.11.27 12:23:37.739,1.54285,1.54295,1.00,1.60
2008.11.27 12:23:37.959,1.54275,1.54285,1.00,1.60
2008.11.27 12:23:38.239,1.54275,1.54305,1.00,2.80
2008.11.27 12:23:38.479,1.54275,1.54285,1.00,1.60
2008.11.27 12:23:38.769,1.54275,1.54285,1.80,1.60
2008.11.27 12:23:39.109,1.54265,1.543,1.20,1.60
2008.11.27 12:23:39.399,1.5427,1.543,1.00,1.60
2008.11.27 12:23:42.688,1.5428,1.54295,1.00,1.80
2008.11.27 12:23:45.367,1.54285,1.54295,1.00,1.80
2008.11.27 12:23:48.866,1.5428,1.54295,1.20,1.80
2008.11.27 12:23:49.166,1.5428,1.54295,1.00,1.80
2008.11.27 12:23:56.474,1.54285,1.54295,1.00,1.80
2008.11.27 12:23:59.324,1.5428,1.54295,1.20,1.80
2008.11.27 12:23:59.384,1.5428,1.54295,1.00,1.80
2008.11.27 12:24:05.262,1.54285,1.54295,1.00,1.80
2008.11.27 12:24:07.782,1.54275,1.54295,5.20,1.80
2008.11.27 12:24:08.061,1.5428,1.54295,1.00,1.80
2008.11.27 12:24:08.292,1.54285,1.54295,1.00,1.80
2008.11.27 12:24:19.969,1.54275,1.54295,2.20,1.80
2008.11.27 12:24:20.339,1.54275,1.54295,1.60,1.80
2008.11.27 12:24:26.367,1.54275,1.54285,1.60,1.20
2008.11.27 12:24:28.187,1.54275,1.54295,1.60,3.20
2008.11.27 12:24:29.036,1.54275,1.54295,1.60,1.80
2008.11.27 12:24:30.266,1.54275,1.54295,1.80,1.80
2008.11.27 12:24:31.836,1.54275,1.54295,1.60,1.80
2008.11.27 12:24:34.165,1.54275,1.54295,1.80,1.80
2008.11.27 12:24:34.575,1.54275,1.54295,1.60,1.80
2008.11.27 12:24:37.774,1.54275,1.54285,1.60,1.20
2008.11.27 12:24:38.115,1.5427,1.54285,1.80,1.20
2008.11.27 12:24:46.282,1.5427,1.54285,1.80,2.80
2008.11.27 12:24:48.712,1.54275,1.54285,1.60,1.20
2008.11.27 12:24:57.540,1.54255,1.5426,2.40,3.20
2008.11.27 12:24:57.720,1.5421,1.54255,1.00,1.60
2008.11.27 12:24:57.890,1.54215,1.54255,1.00,4.40
2008.11.27 12:24:58.069,1.5421,1.54245,1.00,1.60
2008.11.27 12:24:58.879,1.54215,1.54235,1.80,1.60
2008.11.27 12:24:59.579,1.54215,1.54235,1.60,2.80
2008.11.27 12:25:02.298,1.54215,1.54235,1.60,4.40
2008.11.27 12:25:03.468,1.5421,1.54235,1.80,2.80
2008.11.27 12:25:05.508,1.5421,1.54225,1.80,1.60
2008.11.27 12:25:05.558,1.54205,1.54215,1.20,1.60
2008.11.27 12:25:05.678,1.54205,1.54215,3.40,1.60
2008.11.27 12:25:05.847,1.54205,1.5422,3.40,3.20
2008.11.27 12:25:05.898,1.54205,1.5421,3.40,1.60
2008.11.27 12:25:06.478,1.54205,1.5421,3.40,2.80
2008.11.27 12:25:06.657,1.54205,1.5421,1.00,2.80
2008.11.27 12:25:06.938,1.54205,1.5421,1.00,1.60
2008.11.27 12:25:07.177,1.54205,1.54215,1.00,3.20
2008.11.27 12:25:07.467,1.54195,1.54215,3.60,6.00
2008.11.27 12:25:07.697,1.54195,1.54205,2.80,1.60
2008.11.27 12:25:07.927,1.54195,1.54205,1.00,1.60
2008.11.27 12:25:08.217,1.54195,1.542,1.00,1.20
2008.11.27 12:25:08.507,1.5418,1.54195,1.30,2.80
2008.11.27 12:25:08.907,1.5416,1.54185,1.00,1.60
2008.11.27 12:25:09.047,1.5415,1.54185,1.60,1.60
2008.11.27 12:25:10.646,1.5416,1.54175,1.60,1.20
2008.11.27 12:25:11.806,1.5415,1.54175,4.40,1.20
2008.11.27 12:25:11.976,1.5415,1.5417,1.00,2.80
2008.11.27 12:25:12.556,1.54145,1.5417,1.80,2.80
2008.11.27 12:25:13.366,1.54145,1.54165,1.60,2.80
2008.11.27 12:25:14.805,1.5416,1.54165,1.60,2.80
2008.11.27 12:25:14.966,1.5416,1.54165,1.60,1.20
2008.11.27 12:25:15.805,1.5416,1.5417,1.60,1.60
2008.11.27 12:25:15.925,1.5416,1.5419,1.60,2.80
2008.11.27 12:25:16.045,1.5416,1.54185,1.60,1.60
2008.11.27 12:25:16.155,1.5416,1.5419,1.60,2.80
2008.11.27 12:25:16.555,1.5416,1.54185,1.60,1.60
2008.11.27 12:25:17.195,1.54175,1.54185,1.00,1.60
2008.11.27 12:25:17.895,1.54175,1.54185,1.80,1.60
2008.11.27 12:25:18.295,1.54185,1.5422,1.00,1.60
2008.11.27 12:25:18.745,1.542,1.5422,1.00,1.60
2008.11.27 12:25:19.104,1.542,1.54225,1.00,1.60
2008.11.27 12:25:19.394,1.542,1.5423,1.00,1.60
2008.11.27 12:25:19.505,1.542,1.5423,1.00,1.60
2008.11.27 12:25:19.684,1.54195,1.5423,1.00,1.60
2008.11.27 12:25:20.674,1.542,1.54235,6.00,1.60
2008.11.27 12:25:20.884,1.5421,1.54235,1.00,1.60
2008.11.27 12:25:21.054,1.54205,1.54235,4.80,1.60
2008.11.27 12:25:21.384,1.5421,1.54235,3.80,1.60
2008.11.27 12:25:21.715,1.5421,1.54235,1.00,1.60
2008.11.27 12:25:21.884,1.54205,1.5424,2.40,1.60
2008.11.27 12:25:22.004,1.5421,1.5424,3.80,1.60
2008.11.27 12:25:22.404,1.5421,1.5424,4.00,1.60
2008.11.27 12:25:22.803,1.5421,1.5424,1.20,1.60
2008.11.27 12:25:23.303,1.5421,1.5424,4.40,1.60
2008.11.27 12:25:24.553,1.5421,1.5424,1.20,1.60
2008.11.27 12:25:24.663,1.5421,1.5424,1.20,1.60
2008.11.27 12:25:25.133,1.5421,1.5424,1.20,1.60
2008.11.27 12:25:25.253,1.5421,1.5424,4.40,1.60
2008.11.27 12:25:25.403,1.5421,1.5424,1.20,1.60
2008.11.27 12:25:25.573,1.5421,1.5424,1.20,1.60
2008.11.27 12:25:26.942,1.54215,1.5424,1.00,1.60
2008.11.27 12:25:27.652,1.5421,1.5424,1.20,1.60
2008.11.27 12:25:27.943,1.5421,1.5424,1.20,1.60
2008.11.27 12:25:28.233,1.54215,1.54245,1.00,1.60
2008.11.27 12:25:28.802,1.5421,1.54245,1.60,1.60
2008.11.27 12:25:29.532,1.5421,1.54245,5.40,1.60
2008.11.27 12:25:29.642,1.5423,1.54245,1.00,1.60
2008.11.27 12:25:31.012,1.54215,1.54245,1.00,1.60
2008.11.27 12:25:31.131,1.5422,1.54245,1.00,1.60
2008.11.27 12:25:31.882,1.5422,1.54245,1.20,1.60
2008.11.27 12:25:33.011,1.54215,1.5424,1.20,1.20
2008.11.27 12:25:33.481,1.54215,1.5424,1.00,1.20
2008.11.27 12:25:36.220,1.5421,1.54235,1.80,1.20
2008.11.27 12:25:37.240,1.5421,1.54235,5.60,1.20
2008.11.27 12:25:37.640,1.5422,1.54245,1.00,2.80
2008.11.27 12:25:42.359,1.5421,1.54225,5.60,1.20
2008.11.27 12:25:42.469,1.5421,1.54245,5.60,1.60
2008.11.27 12:25:42.759,1.5421,1.54245,5.60,2.80
2008.11.27 12:25:43.439,1.5421,1.54245,5.60,1.60
2008.11.27 12:25:46.848,1.5421,1.54245,1.80,1.60
2008.11.27 12:25:47.148,1.5421,1.54245,1.60,1.60
2008.11.27 12:25:48.767,1.5421,1.54245,5.40,1.60
2008.11.27 12:25:48.997,1.54225,1.54245,3.80,1.60
2008.11.27 12:25:50.747,1.5422,1.54245,3.80,1.60
2008.11.27 12:25:51.617,1.54225,1.54245,1.00,1.60
2008.11.27 12:25:54.586,1.54235,1.54245,1.00,1.60
2008.11.27 12:25:55.396,1.54235,1.54245,1.00,2.80
2008.11.27 12:25:55.566,1.54235,1.5424,1.00,1.60
2008.11.27 12:25:56.945,1.5424,1.54255,1.00,3.20
2008.11.27 12:25:57.185,1.5425,1.5426,3.80,1.20
2008.11.27 12:25:57.305,1.5425,1.54265,3.80,2.80
2008.11.27 12:25:58.745,1.54255,1.54265,3.80,2.80
2008.11.27 12:25:59.105,1.54245,1.5427,1.00,2.80
2008.11.27 12:25:59.215,1.54245,1.5427,1.00,2.80
2008.11.27 12:26:02.584,1.5425,1.5427,1.00,1.60
2008.11.27 12:26:03.044,1.54255,1.5427,1.00,1.60
2008.11.27 12:26:03.334,1.54245,1.5427,1.20,2.80
2008.11.27 12:26:03.634,1.54245,1.5427,1.00,2.80
2008.11.27 12:26:04.903,1.5425,1.5427,1.00,1.60
2008.11.27 12:26:05.134,1.54245,1.5427,1.00,2.80
2008.11.27 12:26:07.603,1.54255,1.5427,1.00,1.60
2008.11.27 12:26:08.173,1.54245,1.54265,1.20,2.80
2008.11.27 12:26:08.462,1.54245,1.54265,1.00,2.80
2008.11.27 12:26:10.652,1.54245,1.54265,1.00,1.60
2008.11.27 12:26:11.092,1.54245,1.54265,1.00,2.80
2008.11.27 12:26:13.601,1.54245,1.54265,1.00,1.60
2008.11.27 12:26:14.061,1.54245,1.5427,1.00,4.40
2008.11.27 12:26:14.171,1.54245,1.54265,1.00,2.80
2008.11.27 12:26:19.980,1.54245,1.5427,1.00,2.80
2008.11.27 12:26:37.925,1.54245,1.5426,1.00,2.80
2008.11.27 12:26:42.114,1.5423,1.54245,1.00,1.60
2008.11.27 12:26:45.434,1.54225,1.54245,1.20,1.60
2008.11.27 12:26:45.594,1.54225,1.54245,1.00,1.60
2008.11.27 12:26:48.903,1.54225,1.5424,1.00,1.80
2008.11.27 12:26:50.872,1.5422,1.54245,1.00,1.60
2008.11.27 12:26:51.112,1.54225,1.54245,1.00,1.60
2008.11.27 12:26:54.701,1.54225,1.54245,1.00,3.20
2008.11.27 12:27:00.630,1.5424,1.54245,1.00,3.20
2008.11.27 12:27:01.739,1.54225,1.54245,1.00,3.20
2008.11.27 12:27:10.127,1.5424,1.54245,1.00,3.20
2008.11.27 12:27:11.677,1.5424,1.5425,1.00,3.40
2008.11.27 12:27:12.117,1.5424,1.5425,1.00,3.20
2008.11.27 12:27:13.127,1.5424,1.54245,1.00,1.60
2008.11.27 12:27:13.457,1.5424,1.5426,1.00,2.80
2008.11.27 12:27:15.136,1.5423,1.5426,6.00,2.80
2008.11.27 12:27:18.336,1.54245,1.5426,1.00,2.80
2008.11.27 12:27:18.796,1.5424,1.5426,1.00,2.80
2008.11.27 12:27:18.906,1.5423,1.5426,6.00,2.80
2008.11.27 12:27:29.863,1.54235,1.5426,1.00,2.80
2008.11.27 12:27:31.552,1.5423,1.5426,6.00,2.80
2008.11.27 12:27:41.610,1.54235,1.5426,1.00,2.80
2008.11.27 12:27:46.609,1.5423,1.5426,6.00,2.80
2008.11.27 12:27:47.399,1.54235,1.5426,1.00,2.80
2008.11.27 12:27:48.309,1.54245,1.5426,1.00,2.80
2008.11.27 12:27:49.258,1.5424,1.5426,1.00,2.80
2008.11.27 12:27:50.748,1.5423,1.5426,6.60,2.80
2008.11.27 12:27:50.978,1.5423,1.5426,6.00,2.80
2008.11.27 12:27:52.487,1.54235,1.5426,1.60,2.80
2008.11.27 12:27:52.717,1.54235,1.5426,6.00,2.80
2008.11.27 12:27:52.947,1.54235,1.5426,6.40,2.80
2008.11.27 12:27:53.477,1.5424,1.5426,1.20,2.80
2008.11.27 12:27:54.777,1.5424,1.5426,1.20,4.40
2008.11.27 12:27:55.007,1.5424,1.5426,1.00,4.40
2008.11.27 12:27:55.067,1.54235,1.5426,2.00,5.80
2008.11.27 12:27:55.187,1.54235,1.5425,2.00,1.60
2008.11.27 12:27:55.237,1.54235,1.5425,1.80,1.60
2008.11.27 12:27:56.556,1.54235,1.5424,1.80,1.60
2008.11.27 12:27:56.666,1.54235,1.5424,1.80,2.80
2008.11.27 12:27:56.776,1.54235,1.54245,1.20,3.00
2008.11.27 12:28:03.465,1.54225,1.5423,1.00,1.60
2008.11.27 12:28:03.975,1.5423,1.54245,1.00,3.40
2008.11.27 12:28:04.664,1.5422,1.5423,1.00,1.60
2008.11.27 12:28:06.264,1.54225,1.5423,1.00,1.60
2008.11.27 12:28:10.473,1.5423,1.54245,1.00,3.40
2008.11.27 12:28:15.552,1.54215,1.5423,2.20,1.60
2008.11.27 12:28:15.932,1.54215,1.5423,1.60,1.60
2008.11.27 12:28:26.499,1.54215,1.5423,1.80,1.60
2008.11.27 12:28:26.589,1.5423,1.54245,1.00,3.40
2008.11.27 12:28:27.729,1.54235,1.54245,1.00,3.40
2008.11.27 12:28:31.870,1.54235,1.5424,1.00,2.80
2008.11.27 12:28:33.527,1.54235,1.5424,1.20,2.80
2008.11.27 12:28:34.147,1.54235,1.5424,1.00,2.80
2008.11.27 12:28:36.117,1.5423,1.5424,1.00,2.80
2008.11.27 12:28:37.656,1.54225,1.5424,1.00,2.80
2008.11.27 12:28:38.226,1.5423,1.5424,1.00,2.80
2008.11.27 12:28:39.087,1.54235,1.5424,1.00,2.80
2008.11.27 12:28:40.286,1.54235,1.5424,1.20,2.80
2008.11.27 12:28:41.326,1.5424,1.54245,1.00,5.20
2008.11.27 12:28:41.505,1.54235,1.54245,1.20,2.80
2008.11.27 12:28:41.675,1.54235,1.54245,1.20,3.40
2008.11.27 12:28:42.016,1.5424,1.54245,1.00,3.40
2008.11.27 12:28:42.825,1.5423,1.5424,1.00,3.40
2008.11.27 12:28:43.515,1.5422,1.5423,2.20,1.60
2008.11.27 12:28:43.855,1.54235,1.5424,1.00,3.40
2008.11.27 12:28:49.643,1.54225,1.5424,1.00,2.80
2008.11.27 12:28:53.363,1.54225,1.5423,1.00,1.60
2008.11.27 12:28:57.165,1.5423,1.5424,1.00,3.40
2008.11.27 12:28:57.852,1.54225,1.5423,1.00,1.60
2008.11.27 12:29:00.791,1.5422,1.5423,1.80,1.60
2008.11.27 12:29:02.351,1.5422,1.5423,1.60,1.60
2008.11.27 12:29:05.500,1.5422,1.5423,1.80,1.60
2008.11.27 12:29:05.740,1.5422,1.5423,1.60,1.60
2008.11.27 12:29:06.329,1.5422,1.5423,1.80,1.60
2008.11.27 12:29:06.900,1.54225,1.5423,1.00,1.60
2008.11.27 12:29:08.759,1.54225,1.5424,1.00,4.40
2008.11.27 12:29:09.059,1.54225,1.5424,1.00,3.20
2008.11.27 12:29:09.239,1.5422,1.5424,1.80,3.20
2008.11.27 12:29:12.018,1.5422,1.5424,1.80,1.60
2008.11.27 12:29:12.128,1.5422,1.5424,1.60,1.60
2008.11.27 12:29:18.446,1.5422,1.54235,1.80,1.60
2008.11.27 12:29:21.596,1.5422,1.54235,1.00,1.60
2008.11.27 12:29:22.396,1.5423,1.54235,1.00,1.60
2008.11.27 12:29:22.975,1.54225,1.54235,1.00,1.60
2008.11.27 12:29:28.274,1.5422,1.54245,1.60,4.40
2008.11.27 12:29:28.394,1.5422,1.54235,1.60,1.60
2008.11.27 12:29:28.514,1.5421,1.54235,1.60,1.60
2008.11.27 12:29:29.654,1.5421,1.5424,1.60,3.20
2008.11.27 12:29:29.894,1.54205,1.5423,1.80,1.60
2008.11.27 12:29:30.074,1.5422,1.5423,1.60,1.60
2008.11.27 12:29:30.244,1.54205,1.5423,1.80,1.60
2008.11.27 12:29:39.581,1.54205,1.5423,1.60,1.60
2008.11.27 12:29:43.920,1.54205,1.5422,1.60,2.80
2008.11.27 12:29:52.568,1.54205,1.5422,1.60,2.80
2008.11.27 12:30:03.276,1.54205,1.5422,1.80,2.80
2008.11.27 12:30:04.425,1.5421,1.5422,1.00,2.80
2008.11.27 12:30:04.706,1.54205,1.5422,1.80,2.80
2008.11.27 12:30:05.045,1.5421,1.5422,1.00,2.80
2008.11.27 12:30:05.505,1.5422,1.54235,1.00,4.40
2008.11.27 12:30:05.615,1.5421,1.5422,1.00,2.80
2008.11.27 12:30:06.455,1.54205,1.5422,1.80,2.80
2008.11.27 12:30:06.725,1.5422,1.54235,1.00,4.40
2008.11.27 12:30:07.185,1.54205,1.5422,1.20,2.80
2008.11.27 12:30:07.645,1.5422,1.54235,1.00,4.40
2008.11.27 12:30:08.354,1.54225,1.54235,1.00,3.20
2008.11.27 12:30:08.635,1.5421,1.5422,2.40,2.80
2008.11.27 12:30:08.974,1.54205,1.5422,1.20,2.80
2008.11.27 12:30:09.254,1.54225,1.54235,1.00,3.20
2008.11.27 12:30:10.584,1.5423,1.54235,1.00,3.20
2008.11.27 12:30:12.274,1.54225,1.54235,1.00,3.20
2008.11.27 12:30:12.863,1.54205,1.5422,1.70,2.80
2008.11.27 12:30:13.313,1.54205,1.5422,1.60,2.80
2008.11.27 12:30:15.573,1.54205,1.5422,1.80,2.80
2008.11.27 12:30:15.803,1.54205,1.5422,1.60,2.80
2008.11.27 12:30:19.522,1.54205,1.5422,1.80,2.80
2008.11.27 12:30:20.042,1.5421,1.5422,1.00,2.80
2008.11.27 12:30:21.131,1.54205,1.5422,1.60,2.80
2008.11.27 12:30:22.841,1.5421,1.5422,1.00,2.80
2008.11.27 12:30:23.211,1.54205,1.5422,1.20,2.80
2008.11.27 12:30:25.010,1.5421,1.5422,1.20,2.80
2008.11.27 12:30:25.230,1.5421,1.5422,1.00,2.80
2008.11.27 12:30:25.830,1.5421,1.5422,1.80,2.80
2008.11.27 12:30:27.810,1.5421,1.5422,1.20,2.80
2008.11.27 12:30:28.030,1.5421,1.5422,1.80,2.80
2008.11.27 12:30:28.200,1.54215,1.5422,1.60,2.80
2008.11.27 12:30:29.569,1.5422,1.54245,1.00,3.60
2008.11.27 12:30:30.359,1.54225,1.54245,1.00,3.60
2008.11.27 12:30:32.959,1.5423,1.54245,1.00,3.60
2008.11.27 12:30:33.548,1.54215,1.5422,1.60,2.80
2008.11.27 12:30:34.638,1.54235,1.54255,1.00,1.60
2008.11.27 12:30:34.978,1.5423,1.54255,1.00,1.60
2008.11.27 12:30:35.268,1.54215,1.5423,1.80,2.80
2008.11.27 12:30:35.668,1.5422,1.5423,1.00,2.80
2008.11.27 12:30:36.358,1.5422,1.54255,1.00,2.80
2008.11.27 12:30:36.568,1.54225,1.5425,1.00,1.60
2008.11.27 12:30:37.288,1.5422,1.5425,1.20,1.60
2008.11.27 12:30:37.627,1.5422,1.5424,1.20,3.20
2008.11.27 12:30:39.847,1.54225,1.5424,1.00,3.20
2008.11.27 12:30:40.057,1.5422,1.5424,1.00,3.20
2008.11.27 12:30:40.387,1.54225,1.5424,1.00,3.20
2008.11.27 12:30:41.087,1.5422,1.5424,1.00,3.20
2008.11.27 12:30:41.557,1.5422,1.5424,1.20,3.20
2008.11.27 12:30:41.906,1.54225,1.5424,1.00,3.20
2008.11.27 12:30:42.256,1.54225,1.5424,1.00,1.60
2008.11.27 12:30:42.476,1.5422,1.5424,1.20,1.60
2008.11.27 12:30:42.686,1.54225,1.5424,1.00,1.60
2008.11.27 12:30:43.026,1.5422,1.5424,1.20,1.60
2008.11.27 12:30:43.306,1.54225,1.5424,1.00,1.60
2008.11.27 12:30:43.656,1.54225,1.54245,1.00,1.60
2008.11.27 12:30:44.716,1.5423,1.54245,1.00,1.60
2008.11.27 12:30:45.465,1.54235,1.54245,1.00,1.60
2008.11.27 12:30:45.816,1.54225,1.5424,1.00,3.20
2008.11.27 12:30:46.055,1.54235,1.5424,1.00,6.40
2008.11.27 12:30:46.345,1.54235,1.54245,1.00,1.60
2008.11.27 12:30:46.805,1.54215,1.5424,1.00,4.80
2008.11.27 12:30:47.145,1.54215,1.5424,1.00,6.40
2008.11.27 12:30:47.495,1.54235,1.54245,1.00,4.80
2008.11.27 12:30:47.845,1.5423,1.54245,1.00,1.60
2008.11.27 12:30:48.315,1.54215,1.5424,1.00,9.60
2008.11.27 12:30:48.705,1.54235,1.54245,1.00,4.80
2008.11.27 12:30:48.995,1.54235,1.5424,1.00,1.60
2008.11.27 12:30:49.714,1.54225,1.5424,1.20,1.60
2008.11.27 12:30:50.524,1.54225,1.5424,1.20,2.40
2008.11.27 12:30:50.584,1.54225,1.54235,1.00,9.60
2008.11.27 12:30:50.764,1.5421,1.54235,1.80,7.60
2008.11.27 12:30:50.984,1.54225,1.5424,1.00,1.60
2008.11.27 12:30:52.014,1.5422,1.5424,1.00,1.60
2008.11.27 12:30:52.414,1.5422,1.5424,1.00,2.80
2008.11.27 12:30:52.834,1.5422,1.54235,1.00,9.20
2008.11.27 12:30:53.333,1.54205,1.5423,1.00,2.80
2008.11.27 12:30:53.673,1.5422,1.5423,1.00,1.60
2008.11.27 12:30:54.143,1.5422,1.5424,1.00,2.80
2008.11.27 12:30:54.673,1.5421,1.5424,1.80,1.60
2008.11.27 12:30:55.903,1.5421,1.54245,1.80,2.80
2008.11.27 12:30:58.363,1.5421,1.5424,1.80,1.60
2008.11.27 12:30:58.642,1.5421,1.54235,1.80,1.20
2008.11.27 12:31:00.022,1.54215,1.5424,1.00,2.80
2008.11.27 12:31:00.532,1.54215,1.5424,1.00,1.20
2008.11.27 12:31:01.271,1.54215,1.5424,1.00,2.80
2008.11.27 12:31:02.241,1.54215,1.5424,1.20,2.80
2008.11.27 12:31:03.161,1.5422,1.5424,1.60,2.80
2008.11.27 12:31:03.341,1.5422,1.54245,1.80,1.20
2008.11.27 12:31:08.230,1.5423,1.5425,1.00,8.00
2008.11.27 12:31:08.750,1.54225,1.54245,1.00,1.20
2008.11.27 12:31:09.100,1.54225,1.54245,1.00,2.80
2008.11.27 12:31:11.949,1.5422,1.54245,1.20,2.80
2008.11.27 12:31:13.609,1.5422,1.54245,1.20,4.40
2008.11.27 12:31:14.358,1.5422,1.54245,1.20,2.80
2008.11.27 12:31:14.648,1.54225,1.5425,1.00,10.80
2008.11.27 12:31:14.768,1.5422,1.54245,1.20,2.80
2008.11.27 12:31:15.898,1.5422,1.54245,1.20,4.40
2008.11.27 12:31:16.128,1.5422,1.5424,1.20,1.20
2008.11.27 12:31:16.290,1.5422,1.5424,1.00,1.20
2008.11.27 12:31:16.828,1.5422,1.54245,1.00,5.20
2008.11.27 12:31:18.138,1.5422,1.5424,1.00,1.20
2008.11.27 12:31:18.367,1.54225,1.5425,1.00,10.80
2008.11.27 12:31:20.537,1.54225,1.5425,1.20,10.80
2008.11.27 12:31:22.427,1.54225,1.5425,3.40,10.80
2008.11.27 12:31:22.487,1.5423,1.5425,1.00,9.60
2008.11.27 12:31:22.786,1.5423,1.5425,1.20,9.60
2008.11.27 12:31:25.096,1.5423,1.5425,3.40,9.60
2008.11.27 12:31:25.426,1.54235,1.5425,1.00,3.20
2008.11.27 12:31:27.635,1.54235,1.5425,1.20,3.20
2008.11.27 12:31:29.475,1.54235,1.5425,1.20,1.60
2008.11.27 12:31:30.635,1.54235,1.5425,1.00,1.60
2008.11.27 12:31:34.464,1.5423,1.5425,3.40,1.60
2008.11.27 12:31:43.721,1.54235,1.5425,1.00,1.60
2008.11.27 12:31:49.980,1.5423,1.5425,3.40,2.80
2008.11.27 12:31:50.090,1.5423,1.5425,1.20,2.80
2008.11.27 12:31:50.270,1.5423,1.5425,1.00,2.80
2008.11.27 12:31:51.709,1.54225,1.5425,3.40,2.80
2008.11.27 12:31:51.989,1.5422,1.54245,3.40,1.20
2008.11.27 12:31:52.320,1.5422,1.54245,2.60,1.20
2008.11.27 12:31:52.659,1.5422,1.54245,1.00,1.20
2008.11.27 12:31:55.318,1.5422,1.54245,1.20,1.20
2008.11.27 12:31:55.489,1.54225,1.5425,1.00,2.80
2008.11.27 12:31:55.958,1.5422,1.54245,3.40,1.20
2008.11.27 12:31:56.068,1.5422,1.54245,2.60,1.20
2008.11.27 12:31:57.038,1.5422,1.54245,2.60,2.80
2008.11.27 12:31:57.328,1.5422,1.5424,3.40,1.60
2008.11.27 12:31:57.678,1.5422,1.54235,1.20,1.60
2008.11.27 12:31:58.548,1.5422,1.54235,1.00,1.60
2008.11.27 12:31:58.888,1.5421,1.54235,7.40,2.80
2008.11.27 12:31:59.468,1.5421,1.54235,5.00,2.80
2008.11.27 12:31:59.797,1.54215,1.5424,1.00,2.80
2008.11.27 12:32:00.027,1.5421,1.54235,6.60,1.20
2008.11.27 12:32:02.187,1.54215,1.54235,1.60,1.20
2008.11.27 12:32:02.417,1.54215,1.5424,1.80,5.20
2008.11.27 12:32:05.416,1.54215,1.5424,1.80,2.80
2008.11.27 12:32:05.526,1.5422,1.54245,1.00,1.20
2008.11.27 12:32:07.026,1.54225,1.5425,1.00,2.80
2008.11.27 12:32:12.234,1.54225,1.5424,1.00,2.80
2008.11.27 12:32:18.333,1.5422,1.5424,1.00,4.20
2008.11.27 12:32:19.833,1.54215,1.5424,1.80,4.20
2008.11.27 12:32:20.063,1.54215,1.54235,1.60,1.20
2008.11.27 12:32:20.402,1.54225,1.54235,1.60,1.20
2008.11.27 12:32:20.633,1.5423,1.5424,1.00,2.80
2008.11.27 12:32:20.922,1.54235,1.5424,1.00,2.80
2008.11.27 12:32:21.162,1.5423,1.5424,5.60,2.80
2008.11.27 12:32:22.302,1.5423,1.5424,1.60,2.80
2008.11.27 12:32:23.492,1.5423,1.5424,1.80,2.80
2008.11.27 12:32:26.435,1.54235,1.5424,1.00,2.80
2008.11.27 12:32:28.610,1.54245,1.54265,1.00,6.00
2008.11.27 12:32:30.530,1.54245,1.54275,1.00,1.60
2008.11.27 12:32:32.130,1.5425,1.54265,1.00,1.60
2008.11.27 12:32:32.371,1.54245,1.54265,1.00,1.60
2008.11.27 12:32:32.759,1.5423,1.54265,1.80,1.60
2008.11.27 12:32:34.279,1.5423,1.54265,6.00,1.60
2008.11.27 12:32:34.619,1.5425,1.54265,1.00,1.60
2008.11.27 12:32:37.398,1.5426,1.54265,1.00,6.40
2008.11.27 12:32:38.208,1.54265,1.5428,1.00,2.40
2008.11.27 12:32:38.368,1.54265,1.54275,1.00,1.60
2008.11.27 12:32:38.659,1.5426,1.5428,1.00,1.60
2008.11.27 12:32:38.998,1.54265,1.54275,1.00,4.80
2008.11.27 12:32:40.198,1.54275,1.5431,1.00,7.60
2008.11.27 12:32:40.598,1.54275,1.543,1.00,1.60
2008.11.27 12:32:40.767,1.5427,1.54295,1.20,4.80
2008.11.27 12:32:41.038,1.5427,1.54295,1.00,4.80
2008.11.27 12:32:42.307,1.5427,1.54295,1.00,1.20
2008.11.27 12:32:42.417,1.5427,1.543,1.00,1.60
2008.11.27 12:32:42.527,1.5427,1.54305,1.80,6.40
2008.11.27 12:32:42.937,1.5427,1.54295,1.20,1.60
2008.11.27 12:32:43.257,1.5428,1.54295,1.00,1.60
2008.11.27 12:32:43.947,1.5428,1.543,1.00,1.60
2008.11.27 12:32:47.226,1.5428,1.54305,1.00,1.60
2008.11.27 12:32:47.396,1.5428,1.54305,1.00,1.60
2008.11.27 12:32:47.876,1.5428,1.5431,1.00,1.60
2008.11.27 12:32:51.505,1.5428,1.54315,1.80,1.60
2008.11.27 12:33:01.283,1.5428,1.54315,1.60,1.60
2008.11.27 12:33:33.125,1.5429,1.54315,1.20,1.60
2008.11.27 12:33:33.185,1.54305,1.54315,3.80,1.60
2008.11.27 12:33:33.405,1.54305,1.5432,6.00,1.20
2008.11.27 12:33:33.525,1.54305,1.54335,6.40,2.80
2008.11.27 12:33:33.635,1.54305,1.5434,6.60,3.20
2008.11.27 12:33:34.105,1.54295,1.5432,1.80,1.20
2008.11.27 12:33:36.394,1.54295,1.543,1.80,1.60
2008.11.27 12:33:36.564,1.5426,1.54305,5.00,8.00
2008.11.27 12:33:36.804,1.5426,1.54305,4.80,8.00
2008.11.27 12:33:37.024,1.5426,1.543,1.60,1.60
2008.11.27 12:33:40.213,1.5427,1.54305,1.60,1.60
2008.11.27 12:33:40.323,1.54275,1.54305,1.00,1.60
2008.11.27 12:33:45.602,1.543,1.54305,1.00,1.60
2008.11.27 12:33:45.662,1.543,1.5431,1.00,2.80
2008.11.27 12:33:45.782,1.54265,1.5431,1.80,1.60
2008.11.27 12:33:54.160,1.54285,1.5431,3.80,1.60
2008.11.27 12:33:54.330,1.54285,1.54315,6.00,1.20
2008.11.27 12:33:54.491,1.54295,1.5432,1.00,2.80
2008.11.27 12:33:54.770,1.54295,1.5431,1.00,1.60
2008.11.27 12:33:54.999,1.5428,1.5431,1.60,1.60
2008.11.27 12:34:01.718,1.54285,1.5431,3.80,1.60
2008.11.27 12:34:02.008,1.54295,1.5432,1.00,2.80
2008.11.27 12:34:02.238,1.54285,1.54315,4.80,2.80
2008.11.27 12:34:02.298,1.54285,1.54315,4.00,2.80
2008.11.27 12:34:02.528,1.5428,1.54315,1.60,2.80
2008.11.27 12:34:06.917,1.5428,1.543,1.60,3.20
2008.11.27 12:34:07.257,1.5428,1.54295,1.60,1.20
2008.11.27 12:34:07.707,1.5428,1.543,1.60,3.20
2008.11.27 12:34:09.586,1.5428,1.543,1.60,4.80
2008.11.27 12:34:09.936,1.54275,1.543,1.80,8.00
2008.11.27 12:34:15.385,1.5428,1.543,1.60,8.00
2008.11.27 12:34:15.665,1.54285,1.54315,1.00,2.80
2008.11.27 12:34:20.174,1.5429,1.54315,1.00,2.80
2008.11.27 12:34:20.234,1.54295,1.5432,1.00,2.80
2008.11.27 12:34:21.653,1.54285,1.54315,5.00,2.80
2008.11.27 12:34:21.823,1.5429,1.54315,1.00,2.80
2008.11.27 12:34:21.943,1.54285,1.54315,1.00,2.80
2008.11.27 12:34:22.053,1.54285,1.54315,1.00,2.80
2008.11.27 12:34:30.891,1.54285,1.543,1.00,1.60
2008.11.27 12:34:30.951,1.5428,1.54285,1.00,1.20
2008.11.27 12:34:31.151,1.54275,1.543,2.60,6.40
2008.11.27 12:34:31.261,1.54275,1.54295,2.60,1.60
2008.11.27 12:34:31.311,1.54275,1.54295,1.80,1.60
2008.11.27 12:34:31.541,1.54275,1.54295,1.80,1.20
2008.11.27 12:34:31.781,1.54275,1.54295,1.00,1.20
2008.11.27 12:34:32.021,1.54275,1.5431,1.80,4.80
2008.11.27 12:34:32.260,1.54275,1.5431,1.80,3.20
2008.11.27 12:34:32.490,1.54285,1.5431,1.00,3.20
2008.11.27 12:34:34.460,1.543,1.5431,1.20,3.20
2008.11.27 12:34:34.630,1.54305,1.54345,5.00,1.20
2008.11.27 12:34:34.970,1.543,1.54335,1.60,1.20
2008.11.27 12:34:35.270,1.543,1.54355,1.60,9.60
2008.11.27 12:34:35.660,1.54305,1.5434,1.60,1.60
2008.11.27 12:34:36.540,1.54305,1.5434,1.60,6.40
2008.11.27 12:34:36.769,1.54295,1.5433,2.40,1.60
2008.11.27 12:34:36.939,1.54295,1.5433,1.80,1.60
2008.11.27 12:34:37.220,1.54295,1.5433,1.60,1.60
2008.11.27 12:34:38.699,1.5429,1.54325,1.60,1.60
2008.11.27 12:34:39.449,1.54305,1.54335,1.00,1.60
2008.11.27 12:34:53.206,1.54305,1.54335,1.00,3.20
2008.11.27 12:34:53.555,1.54295,1.5432,3.40,1.20
2008.11.27 12:34:54.405,1.54295,1.5432,4.00,1.20
2008.11.27 12:34:54.585,1.543,1.5432,1.60,1.20
2008.11.27 12:34:54.875,1.54305,1.54335,1.00,1.60
2008.11.27 12:34:55.225,1.5432,1.5434,1.60,1.20
2008.11.27 12:34:55.335,1.5433,1.54345,1.00,1.60
2008.11.27 12:34:55.395,1.5433,1.5436,1.00,11.20
2008.11.27 12:34:55.515,1.5433,1.5435,1.00,1.60
2008.11.27 12:34:55.635,1.5432,1.5435,1.00,1.60
2008.11.27 12:34:55.745,1.54305,1.5435,1.60,1.60
2008.11.27 12:34:56.155,1.543,1.54345,1.60,1.60
2008.11.27 12:34:59.744,1.5433,1.54355,1.00,9.20
2008.11.27 12:35:00.094,1.5433,1.5435,1.00,3.20
2008.11.27 12:35:00.214,1.5431,1.54345,1.60,1.60
2008.11.27 12:35:02.863,1.5431,1.54345,1.80,1.60
2008.11.27 12:35:03.383,1.54325,1.54345,1.00,2.80
2008.11.27 12:35:06.272,1.5431,1.5434,1.00,1.60
2008.11.27 12:35:06.592,1.54305,1.54335,6.60,1.20
2008.11.27 12:35:06.712,1.54295,1.5433,1.80,1.60
2008.11.27 12:35:07.202,1.54295,1.5433,1.60,1.60
2008.11.27 12:35:07.382,1.54295,1.54325,1.60,1.60
2008.11.27 12:35:14.030,1.54295,1.54305,1.60,1.20
2008.11.27 12:35:14.260,1.5428,1.5433,6.60,1.60
2008.11.27 12:35:14.430,1.54295,1.5434,1.60,4.80
2008.11.27 12:35:14.671,1.54295,1.5434,1.60,1.60
2008.11.27 12:35:17.030,1.54295,1.5433,2.80,1.60
2008.11.27 12:35:17.150,1.54315,1.54335,1.00,2.80
2008.11.27 12:35:17.439,1.54295,1.54325,6.60,1.20
2008.11.27 12:35:17.490,1.543,1.5432,1.00,1.60
2008.11.27 12:35:17.699,1.54285,1.5432,3.40,1.60
2008.11.27 12:35:23.058,1.54275,1.543,2.20,1.20
2008.11.27 12:35:23.278,1.5428,1.543,1.60,1.20
2008.11.27 12:35:25.737,1.5427,1.543,4.80,1.20
2008.11.27 12:35:26.267,1.54275,1.54295,1.80,1.20
2008.11.27 12:35:26.329,1.54275,1.54295,1.00,1.20
2008.11.27 12:35:28.997,1.5426,1.5429,5.20,1.20
2008.11.27 12:35:29.167,1.54265,1.5429,1.80,1.20
2008.11.27 12:35:30.447,1.54265,1.5428,1.80,1.60
2008.11.27 12:35:30.746,1.54265,1.54275,1.60,4.80
2008.11.27 12:35:31.036,1.54225,1.54275,2.00,8.00
2008.11.27 12:35:31.336,1.5423,1.54275,1.60,9.20
2008.11.27 12:35:31.446,1.5423,1.54275,1.60,10.80
2008.11.27 12:35:33.246,1.5424,1.54275,1.80,10.80
2008.11.27 12:35:35.015,1.5424,1.54275,1.60,10.80
2008.11.27 12:35:36.595,1.5424,1.54265,1.60,1.60
2008.11.27 12:35:36.695,1.5423,1.5426,1.20,6.40
2008.11.27 12:35:36.905,1.54235,1.54255,1.00,1.20
2008.11.27 12:35:37.245,1.54235,1.5426,1.00,7.60
2008.11.27 12:35:37.405,1.54235,1.54255,1.00,1.20
2008.11.27 12:35:37.625,1.54235,1.5426,1.00,7.60
2008.11.27 12:35:37.845,1.5422,1.54255,4.20,1.20
2008.11.27 12:35:38.424,1.54235,1.54255,1.00,1.20
2008.11.27 12:35:39.374,1.5422,1.54255,2.60,1.20
2008.11.27 12:35:42.354,1.54235,1.54255,1.00,1.20
2008.11.27 12:35:44.333,1.54235,1.5426,1.00,7.60
2008.11.27 12:35:44.563,1.54235,1.54255,1.00,1.20
2008.11.27 12:35:46.883,1.5422,1.54255,4.20,1.20
2008.11.27 12:35:47.683,1.54225,1.54255,1.60,2.80
2008.11.27 12:35:49.162,1.54225,1.54255,1.80,2.80
2008.11.27 12:35:52.082,1.54235,1.54255,1.00,2.80
2008.11.27 12:36:04.208,1.5422,1.5425,4.80,1.20
2008.11.27 12:36:05.318,1.54225,1.5425,1.80,2.80
2008.11.27 12:36:07.498,1.54235,1.54255,1.00,2.80
2008.11.27 12:36:09.587,1.5422,1.54255,2.80,2.80
2008.11.27 12:36:10.557,1.54225,1.54235,1.60,1.20
2008.11.27 12:36:11.137,1.54225,1.54255,1.60,2.80
2008.11.27 12:36:13.046,1.54225,1.54255,1.60,4.40
2008.11.27 12:36:18.935,1.54225,1.54235,1.60,1.20
2008.11.27 12:36:28.482,1.54225,1.54235,1.60,1.20
2008.11.27 12:36:28.892,1.54225,1.54265,1.60,4.40
2008.11.27 12:36:31.931,1.54225,1.54235,1.60,1.20
2008.11.27 12:36:36.461,1.54225,1.5424,1.60,1.20
2008.11.27 12:36:36.850,1.54215,1.5424,1.80,1.20
2008.11.27 12:36:38.180,1.5422,1.5424,5.60,1.20
2008.11.27 12:36:38.240,1.5423,1.5425,1.00,2.80
2008.11.27 12:36:38.300,1.5423,1.5425,1.00,1.20
2008.11.27 12:36:38.990,1.5423,1.5425,1.80,1.20
2008.11.27 12:36:39.220,1.54235,1.5426,1.00,5.20
2008.11.27 12:36:39.460,1.54235,1.5426,1.00,2.80
2008.11.27 12:36:39.690,1.54235,1.5426,1.00,1.20
2008.11.27 12:36:42.049,1.5424,1.54265,4.80,4.40
2008.11.27 12:36:42.319,1.54225,1.54255,2.00,1.60
2008.11.27 12:36:43.179,1.54225,1.5426,1.60,3.20
2008.11.27 12:36:43.359,1.54225,1.5426,1.60,6.40
2008.11.27 12:36:43.579,1.54215,1.5425,17.20,1.60
2008.11.27 12:36:44.718,1.5422,1.5425,14.40,1.60
2008.11.27 12:36:45.368,1.5422,1.54245,14.40,1.60
2008.11.27 12:36:45.819,1.5422,1.54245,14.40,2.80
2008.11.27 12:36:46.098,1.5422,1.5424,14.40,1.60
2008.11.27 12:36:46.788,1.542,1.5424,6.00,1.60
2008.11.27 12:36:47.588,1.54205,1.54235,1.60,1.20
2008.11.27 12:36:47.868,1.54205,1.54235,1.60,2.80
2008.11.27 12:36:48.388,1.54195,1.54235,2.80,2.80
2008.11.27 12:36:49.187,1.5421,1.54235,1.00,2.80
2008.11.27 12:36:49.647,1.54195,1.54235,2.80,2.80
2008.11.27 12:36:50.037,1.542,1.54225,1.80,1.20
2008.11.27 12:36:50.377,1.5421,1.5423,1.00,1.60
2008.11.27 12:36:50.607,1.5419,1.54215,3.80,2.80
2008.11.27 12:36:50.777,1.5419,1.5421,1.80,1.60
2008.11.27 12:36:51.007,1.5419,1.54225,1.80,4.40
2008.11.27 12:36:51.177,1.5419,1.5421,1.80,1.20
2008.11.27 12:36:51.468,1.54195,1.54215,1.00,2.80
2008.11.27 12:36:51.697,1.54185,1.54225,2.80,2.80
2008.11.27 12:36:51.877,1.5419,1.54215,1.80,1.20
2008.11.27 12:36:52.276,1.5419,1.54215,1.00,1.20
2008.11.27 12:36:54.006,1.5419,1.5421,1.00,1.20
2008.11.27 12:36:54.876,1.5419,1.54205,1.00,1.60
2008.11.27 12:36:55.166,1.5418,1.542,1.00,1.60
2008.11.27 12:36:55.276,1.54165,1.542,2.60,3.20
2008.11.27 12:36:55.446,1.54165,1.542,1.60,3.20
2008.11.27 12:36:56.036,1.54155,1.54195,2.80,1.60
2008.11.27 12:36:56.096,1.5416,1.54195,1.60,1.60
2008.11.27 12:36:57.125,1.5416,1.54195,5.40,1.60
2008.11.27 12:36:57.406,1.5416,1.54195,5.60,1.60
2008.11.27 12:36:57.685,1.5416,1.54195,6.00,1.60
2008.11.27 12:36:57.865,1.5416,1.54195,1.80,1.60
2008.11.27 12:36:57.985,1.5416,1.54195,1.60,1.60
2008.11.27 12:37:00.445,1.54165,1.542,1.60,3.20
2008.11.27 12:37:00.725,1.54165,1.542,1.60,1.60
2008.11.27 12:37:01.015,1.54165,1.542,1.60,4.40
2008.11.27 12:37:01.235,1.54155,1.5419,2.60,1.60
2008.11.27 12:37:01.414,1.5416,1.5419,1.60,1.60
2008.11.27 12:37:02.054,1.5416,1.54195,1.60,2.80
2008.11.27 12:37:02.294,1.5416,1.54195,1.60,1.60
2008.11.27 12:37:02.824,1.54165,1.54195,1.00,1.60
2008.11.27 12:37:03.004,1.5418,1.54195,1.00,1.60
2008.11.27 12:37:03.234,1.5418,1.542,1.00,3.20
2008.11.27 12:37:03.394,1.5418,1.542,1.00,1.60
2008.11.27 12:37:03.664,1.54165,1.542,6.60,3.20
2008.11.27 12:37:04.224,1.5417,1.542,1.00,3.20
2008.11.27 12:37:04.404,1.5416,1.542,2.00,3.20
2008.11.27 12:37:05.483,1.5417,1.54205,1.60,4.40
2008.11.27 12:37:05.843,1.5417,1.54205,1.60,9.20
2008.11.27 12:37:08.173,1.5417,1.54195,1.60,1.20
2008.11.27 12:37:20.720,1.5417,1.54205,1.60,10.80
2008.11.27 12:37:20.950,1.5417,1.54205,1.60,9.20
2008.11.27 12:37:37.995,1.5417,1.5419,1.60,1.20
2008.11.27 12:37:42.175,1.54175,1.5419,1.60,1.20
2008.11.27 12:37:42.235,1.54175,1.54195,1.60,2.80
2008.11.27 12:37:42.345,1.54175,1.54195,1.60,1.20
2008.11.27 12:37:58.491,1.54175,1.54185,1.60,2.80
2008.11.27 12:38:02.500,1.54165,1.5417,1.80,1.20
2008.11.27 12:38:05.359,1.54165,1.5417,1.80,2.80
2008.11.27 12:38:09.238,1.54165,1.5417,1.80,5.20
2008.11.27 12:38:09.649,1.5416,1.5417,2.60,5.20
2008.11.27 12:38:09.938,1.5417,1.54175,1.60,3.60
2008.11.27 12:38:10.238,1.54165,1.5417,1.80,2.40
2008.11.27 12:38:11.518,1.54165,1.5417,1.80,1.20
2008.11.27 12:38:12.568,1.5417,1.54175,1.60,4.80
2008.11.27 12:38:12.977,1.5417,1.54175,1.60,1.20
2008.11.27 12:38:14.567,1.5417,1.5418,1.60,1.00
2008.11.27 12:38:18.556,1.54165,1.5417,1.80,1.20
2008.11.27 12:38:19.076,1.5417,1.54175,1.60,1.20
2008.11.27 12:38:38.001,1.54165,1.5417,1.80,1.20
2008.11.27 12:38:38.341,1.5417,1.54175,1.60,1.20
2008.11.27 12:38:39.700,1.5417,1.5418,1.60,1.20
2008.11.27 12:38:42.330,1.54165,1.5417,1.80,1.20
2008.11.27 12:38:42.500,1.5417,1.54175,1.60,1.20
2008.11.27 12:38:42.680,1.54165,1.5417,1.80,1.20
2008.11.27 12:38:43.070,1.5417,1.5418,1.60,1.20
2008.11.27 12:38:43.460,1.5417,1.54175,1.60,1.20
2008.11.27 12:38:46.919,1.5416,1.54175,1.60,1.20
2008.11.27 12:38:50.048,1.5416,1.54175,1.60,1.20
2008.11.27 12:38:53.397,1.5416,1.5417,1.60,1.20
2008.11.27 12:38:55.597,1.5415,1.54155,1.80,1.20
2008.11.27 12:38:56.017,1.5415,1.5416,1.80,1.20
2008.11.27 12:38:56.537,1.5416,1.54165,1.60,1.20
2008.11.27 12:38:56.886,1.5415,1.5416,1.80,1.20
2008.11.27 12:38:57.057,1.5416,1.54165,1.60,5.20
2008.11.27 12:38:57.457,1.5415,1.54155,1.80,1.20
2008.11.27 12:38:57.976,1.5415,1.54165,2.00,3.60
2008.11.27 12:38:58.246,1.54155,1.5416,1.60,1.20
2008.11.27 12:38:58.506,1.54155,1.54165,1.60,1.20
2008.11.27 12:38:58.906,1.54155,1.54175,1.60,1.20
2008.11.27 12:39:00.036,1.5416,1.54185,1.80,3.60
2008.11.27 12:39:00.376,1.5415,1.54175,2.80,1.20
2008.11.27 12:39:00.496,1.54155,1.5417,1.60,1.20
2008.11.27 12:39:01.886,1.54155,1.54165,1.60,1.20
2008.11.27 12:39:02.235,1.54155,1.54165,1.80,1.20
2008.11.27 12:39:02.345,1.54155,1.54175,1.60,5.20
2008.11.27 12:39:02.575,1.54145,1.54165,6.60,1.20
2008.11.27 12:39:02.855,1.5415,1.54165,1.60,1.20
2008.11.27 12:39:04.035,1.54155,1.54165,1.60,1.20
2008.11.27 12:39:04.385,1.54155,1.54165,1.60,2.80
2008.11.27 12:39:05.234,1.54165,1.5418,1.60,2.40
2008.11.27 12:39:05.465,1.54165,1.54175,1.60,1.20
2008.11.27 12:39:06.784,1.54155,1.54175,2.60,1.20
2008.11.27 12:39:08.714,1.5416,1.5418,1.60,5.20
2008.11.27 12:39:09.574,1.5416,1.5418,1.60,2.80
2008.11.27 12:39:09.813,1.5417,1.5419,1.00,4.40
2008.11.27 12:39:10.153,1.5417,1.5419,1.00,2.80
2008.11.27 12:39:15.602,1.5417,1.5419,1.80,1.60
2008.11.27 12:39:15.772,1.5417,1.54195,1.80,3.60
2008.11.27 12:39:16.512,1.5418,1.54195,5.40,3.60
2008.11.27 12:39:16.632,1.5418,1.5419,5.60,1.00
2008.11.27 12:39:16.892,1.5418,1.5419,1.00,2.00
2008.11.27 12:39:17.062,1.54185,1.5419,1.60,1.00
2008.11.27 12:39:17.302,1.54175,1.5419,6.60,1.00
2008.11.27 12:39:17.472,1.5418,1.54195,1.00,1.20
2008.11.27 12:39:17.651,1.5418,1.5419,1.00,1.20
2008.11.27 12:39:17.822,1.54165,1.5419,1.80,1.20
2008.11.27 12:39:18.051,1.54175,1.5419,1.60,1.20
2008.11.27 12:39:18.222,1.54175,1.54195,1.60,2.80
2008.11.27 12:39:18.501,1.5418,1.54195,3.80,1.20
2008.11.27 12:39:18.741,1.54195,1.54205,1.60,5.20
2008.11.27 12:39:20.131,1.54195,1.542,1.60,1.20
2008.11.27 12:39:20.471,1.54195,1.54205,1.60,5.20
2008.11.27 12:39:20.531,1.54195,1.54205,2.40,5.20
2008.11.27 12:39:20.821,1.54195,1.54205,2.40,2.80
2008.11.27 12:39:20.881,1.542,1.54205,1.60,2.80
2008.11.27 12:39:20.941,1.542,1.54205,1.80,2.80
2008.11.27 12:39:21.111,1.54205,1.5421,1.60,3.20
2008.11.27 12:39:21.470,1.54205,1.5421,1.60,5.20
2008.11.27 12:39:22.940,1.542,1.54205,3.60,1.20
2008.11.27 12:39:23.230,1.54195,1.54205,3.00,1.20
2008.11.27 12:39:23.400,1.54195,1.542,2.10,1.20
2008.11.27 12:39:24.610,1.542,1.54205,1.60,5.20
2008.11.27 12:39:25.940,1.5419,1.54205,6.00,5.20
2008.11.27 12:39:32.038,1.54195,1.54215,1.60,5.20
2008.11.27 12:39:32.588,1.54195,1.54215,1.60,3.60
2008.11.27 12:39:32.798,1.54195,1.54205,1.60,1.00
2008.11.27 12:39:34.398,1.54195,1.54205,1.80,1.00
2008.11.27 12:39:36.287,1.54195,1.54205,1.60,1.00
2008.11.27 12:39:47.414,1.542,1.54205,1.60,1.00
2008.11.27 12:39:54.383,1.54205,1.5422,1.60,3.00
2008.11.27 12:39:55.063,1.54205,1.54225,1.80,3.50
2008.11.27 12:39:55.292,1.542,1.54205,4.40,1.00
2008.11.27 12:39:56.262,1.54205,1.54225,1.80,2.30
2008.11.27 12:39:57.002,1.5421,1.54225,1.00,1.70
2008.11.27 12:39:57.542,1.5421,1.54225,1.00,2.80
2008.11.27 12:39:58.891,1.54195,1.54225,2.80,2.80
2008.11.27 12:39:59.121,1.542,1.54225,1.80,2.80
2008.11.27 12:39:59.421,1.542,1.54225,1.80,4.20
2008.11.27 12:40:00.791,1.542,1.54215,1.80,2.80
2008.11.27 12:40:02.491,1.54205,1.54215,1.00,2.80
2008.11.27 12:40:02.790,1.5421,1.54215,1.00,2.80
2008.11.27 12:40:03.590,1.54195,1.54215,6.80,2.80
2008.11.27 12:40:03.931,1.542,1.54215,1.60,4.20
2008.11.27 12:40:04.670,1.542,1.54215,1.80,2.80
2008.11.27 12:40:07.329,1.54205,1.54215,1.60,2.80
2008.11.27 12:40:07.439,1.5421,1.54215,1.60,2.80
2008.11.27 12:40:09.729,1.5421,1.54215,4.90,2.80
2008.11.27 12:40:10.019,1.5421,1.54215,5.20,2.80
2008.11.27 12:40:10.189,1.5421,1.54215,4.80,2.80
2008.11.27 12:40:10.349,1.54205,1.54215,8.20,2.80
2008.11.27 12:40:10.470,1.5422,1.5424,1.00,7.40
2008.11.27 12:40:10.639,1.54225,1.5424,1.60,7.40
2008.11.27 12:40:11.109,1.54225,1.54235,1.60,4.60
2008.11.27 12:40:11.279,1.5422,1.54225,1.80,3.30
2008.11.27 12:40:11.858,1.54205,1.5421,5.10,1.20
2008.11.27 12:40:12.088,1.5422,1.54225,1.80,4.10
2008.11.27 12:40:14.388,1.5422,1.54225,1.80,1.90
2008.11.27 12:40:15.278,1.5422,1.54225,1.80,1.80
2008.11.27 12:40:19.826,1.5422,1.54225,1.20,1.90
2008.11.27 12:40:20.007,1.5422,1.54225,2.20,1.90
2008.11.27 12:40:20.236,1.5424,1.54255,1.00,5.20
2008.11.27 12:40:20.466,1.5423,1.5425,2.00,5.20
2008.11.27 12:40:20.746,1.54215,1.54225,5.10,2.80
2008.11.27 12:40:22.466,1.5423,1.54255,1.80,5.80
2008.11.27 12:40:27.175,1.5423,1.54265,1.80,5.20
2008.11.27 12:40:30.984,1.5423,1.54245,1.60,1.20
2008.11.27 12:40:31.374,1.5422,1.54245,2.00,1.20
2008.11.27 12:40:31.663,1.54215,1.54225,3.40,2.80
2008.11.27 12:40:31.764,1.5423,1.54255,1.00,4.20
2008.11.27 12:40:32.454,1.54235,1.5426,1.00,5.40
2008.11.27 12:40:32.853,1.54245,1.5427,1.00,1.60
2008.11.27 12:40:33.183,1.5423,1.5427,1.00,2.80
2008.11.27 12:40:33.633,1.5423,1.54235,2.60,2.80
2008.11.27 12:40:33.973,1.5422,1.54235,1.80,2.80
2008.11.27 12:40:36.282,1.5423,1.54245,1.60,3.40
2008.11.27 12:40:37.102,1.5423,1.54255,1.80,4.20
2008.11.27 12:40:38.072,1.54235,1.5426,1.00,4.20
2008.11.27 12:40:39.132,1.54235,1.5427,4.00,6.80
2008.11.27 12:40:39.432,1.54225,1.54235,3.30,2.80
2008.11.27 12:40:39.712,1.54235,1.54265,1.00,3.40
2008.11.27 12:40:39.942,1.54225,1.54235,2.00,2.80
2008.11.27 12:40:40.701,1.54235,1.5425,1.60,3.40
2008.11.27 12:40:40.962,1.54235,1.54255,1.80,3.40
2008.11.27 12:40:41.131,1.54235,1.54255,2.60,3.40
2008.11.27 12:40:41.251,1.5423,1.54255,1.80,3.40
2008.11.27 12:40:41.542,1.54225,1.5424,2.00,5.20
2008.11.27 12:40:41.651,1.5422,1.54225,5.30,2.00
2008.11.27 12:40:42.121,1.5423,1.5424,1.60,4.80
2008.11.27 12:40:44.390,1.5423,1.5424,1.60,6.00
2008.11.27 12:40:44.730,1.5423,1.5424,1.60,4.80
2008.11.27 12:40:47.640,1.5423,1.5425,1.60,5.20
2008.11.27 12:40:49.469,1.5423,1.5424,1.60,1.20
2008.11.27 12:40:51.409,1.5423,1.5424,1.60,2.80
2008.11.27 12:40:53.128,1.5423,1.5424,1.60,1.20
2008.11.27 12:40:53.278,1.5423,1.54235,1.60,1.20
2008.11.27 12:40:53.808,1.5423,1.5424,1.60,1.20
2008.11.27 12:40:54.608,1.5423,1.54245,1.60,1.20
2008.11.27 12:40:55.078,1.54235,1.5425,1.60,1.20
2008.11.27 12:40:58.647,1.54235,1.54255,1.60,2.80
2008.11.27 12:40:59.057,1.54235,1.54265,1.80,2.80
2008.11.27 12:40:59.827,1.54245,1.54265,1.00,1.60
2008.11.27 12:41:00.107,1.54245,1.5427,1.80,6.80
2008.11.27 12:41:00.397,1.54245,1.54265,1.60,1.20
2008.11.27 12:41:00.697,1.54235,1.54265,2.00,1.20
2008.11.27 12:41:00.936,1.5424,1.54255,1.00,1.20
2008.11.27 12:41:01.156,1.54245,1.54265,1.60,2.80
2008.11.27 12:41:01.437,1.54245,1.54255,1.60,1.60
2008.11.27 12:41:01.606,1.54245,1.5425,1.60,1.20
2008.11.27 12:41:02.106,1.54235,1.5425,2.00,1.20
2008.11.27 12:41:02.286,1.54235,1.54245,1.60,1.20
2008.11.27 12:41:03.126,1.54235,1.54255,1.60,2.80
2008.11.27 12:41:03.426,1.54235,1.54255,1.80,1.60
2008.11.27 12:41:04.995,1.54225,1.5425,2.00,1.20
2008.11.27 12:41:09.374,1.54235,1.54255,1.20,1.60
2008.11.27 12:41:11.524,1.54235,1.54255,1.00,1.60
2008.11.27 12:41:11.914,1.54235,1.54255,1.00,2.80
2008.11.27 12:41:12.154,1.54235,1.54255,1.00,1.60
2008.11.27 12:41:12.943,1.54245,1.54255,1.00,1.60
2008.11.27 12:41:13.573,1.54235,1.54255,1.20,1.60
2008.11.27 12:41:13.863,1.54235,1.54255,1.20,1.60
2008.11.27 12:41:14.203,1.54235,1.54255,1.00,1.60
2008.11.27 12:41:14.493,1.54225,1.54255,2.00,2.80
2008.11.27 12:41:15.383,1.5424,1.54255,1.00,1.60
2008.11.27 12:41:15.493,1.5423,1.54255,2.00,2.80
2008.11.27 12:41:16.073,1.5423,1.5425,1.00,1.20
2008.11.27 12:41:16.293,1.5422,1.54245,2.00,1.20
2008.11.27 12:41:16.862,1.5423,1.54245,1.60,1.20
2008.11.27 12:41:18.312,1.5423,1.5425,1.80,1.20
2008.11.27 12:41:24.831,1.5423,1.54255,1.80,2.80
2008.11.27 12:41:25.111,1.5423,1.5425,1.80,1.20
2008.11.27 12:41:25.291,1.5423,1.54255,1.80,2.80
2008.11.27 12:41:25.750,1.5423,1.5425,1.80,1.20
2008.11.27 12:41:26.080,1.5423,1.54245,1.60,1.20
2008.11.27 12:41:27.810,1.5423,1.5425,1.80,2.80
2008.11.27 12:41:28.100,1.5423,1.5425,1.80,1.20
2008.11.27 12:41:31.479,1.5423,1.54255,1.80,2.80
2008.11.27 12:41:32.799,1.5423,1.5425,1.60,1.20
2008.11.27 12:41:34.828,1.54235,1.5425,3.80,1.20
2008.11.27 12:41:35.108,1.54235,1.54255,7.60,2.80
2008.11.27 12:41:35.218,1.54235,1.54255,6.40,2.80
2008.11.27 12:41:35.388,1.54235,1.54255,5.00,2.80
2008.11.27 12:41:35.498,1.5424,1.5425,1.00,1.20
2008.11.27 12:41:35.618,1.5423,1.5425,2.40,1.20
2008.11.27 12:41:35.848,1.5423,1.5425,1.60,1.20
2008.11.27 12:41:38.337,1.5423,1.5425,1.60,2.80
2008.11.27 12:41:40.697,1.5423,1.5425,1.60,5.20
2008.11.27 12:41:40.807,1.5423,1.54245,1.60,1.20
2008.11.27 12:41:42.526,1.5423,1.5425,1.60,5.20
2008.11.27 12:41:45.576,1.54235,1.54255,1.00,1.60
2008.11.27 12:41:46.845,1.54245,1.54255,1.00,1.60
2008.11.27 12:41:48.405,1.54235,1.54255,1.20,1.60
2008.11.27 12:41:48.685,1.5424,1.54255,1.00,1.60
2008.11.27 12:41:56.033,1.54245,1.54255,1.00,1.60
2008.11.27 12:41:57.373,1.54245,1.54255,1.20,1.60
2008.11.27 12:42:02.472,1.5425,1.54255,1.00,1.60
2008.11.27 12:42:05.231,1.5424,1.54255,1.20,1.60
2008.11.27 12:42:08.380,1.5425,1.54255,1.00,1.60
2008.11.27 12:42:10.400,1.5425,1.54255,1.20,1.60
2008.11.27 12:42:12.429,1.5423,1.54255,2.60,1.60
2008.11.27 12:42:17.318,1.5423,1.54255,1.80,1.60
2008.11.27 12:42:17.898,1.5423,1.54255,1.80,2.80
2008.11.27 12:42:18.238,1.5424,1.54255,1.00,1.60
2008.11.27 12:42:25.886,1.54225,1.5425,4.00,1.20
2008.11.27 12:42:26.066,1.54235,1.54255,1.00,2.80
2008.11.27 12:42:39.543,1.5424,1.54255,1.00,1.60
2008.11.27 12:42:42.412,1.5423,1.54255,2.80,2.80
2008.11.27 12:42:42.582,1.54235,1.54255,1.00,2.80
2008.11.27 12:42:49.090,1.5424,1.54255,1.00,1.60
2008.11.27 12:42:50.880,1.5423,1.54255,2.80,2.80
2008.11.27 12:42:51.110,1.54235,1.54255,1.00,2.80
2008.11.27 12:42:53.339,1.5424,1.54255,1.00,1.60
2008.11.27 12:42:54.009,1.54245,1.54255,1.00,1.60
2008.11.27 12:42:55.339,1.54245,1.54255,1.20,1.60
2008.11.27 12:43:00.897,1.54245,1.54255,1.00,1.60
2008.11.27 12:43:07.266,1.54245,1.54255,1.00,6.40
2008.11.27 12:43:07.386,1.54245,1.54255,1.00,9.60
2008.11.27 12:43:07.566,1.54245,1.54255,1.00,11.20
2008.11.27 12:43:07.806,1.54245,1.5425,1.00,4.40
2008.11.27 12:43:07.916,1.5424,1.54245,1.00,4.80
2008.11.27 12:43:08.156,1.5424,1.54245,1.00,8.00
2008.11.27 12:43:08.385,1.54245,1.54255,1.00,4.80
2008.11.27 12:43:08.505,1.54245,1.54255,1.00,3.20
2008.11.27 12:43:13.944,1.54235,1.54255,1.00,4.40
2008.11.27 12:43:16.484,1.54235,1.54255,1.00,3.20
2008.11.27 12:43:20.902,1.54225,1.54235,2.00,2.80
2008.11.27 12:43:22.262,1.54225,1.54235,1.70,2.80
2008.11.27 12:43:22.432,1.54225,1.54235,1.80,2.80
2008.11.27 12:43:22.543,1.54235,1.54255,1.00,4.20
2008.11.27 12:43:22.992,1.54225,1.54235,1.80,2.80
2008.11.27 12:43:31.830,1.54225,1.54235,1.60,2.80
2008.11.27 12:43:36.209,1.5423,1.54235,1.00,2.80
2008.11.27 12:43:37.359,1.5423,1.54235,1.20,2.80
2008.11.27 12:43:37.888,1.54235,1.54255,1.20,6.60
2008.11.27 12:43:38.059,1.54235,1.54255,7.40,6.60
2008.11.27 12:43:38.118,1.5425,1.54265,2.80,3.40
2008.11.27 12:43:38.418,1.5425,1.54265,1.80,4.20
2008.11.27 12:43:38.529,1.5425,1.54255,1.80,1.60
2008.11.27 12:43:38.818,1.5424,1.54255,2.20,1.60
2008.11.27 12:43:39.170,1.5424,1.54255,1.60,1.60
2008.11.27 12:43:40.578,1.5425,1.54255,1.00,1.60
2008.11.27 12:43:40.818,1.54245,1.54255,1.00,1.60
2008.11.27 12:43:41.448,1.54245,1.54255,1.00,6.40
2008.11.27 12:43:45.736,1.5424,1.54245,1.00,4.80
2008.11.27 12:43:47.406,1.54245,1.54255,1.80,1.60
2008.11.27 12:43:47.516,1.5425,1.54255,1.60,1.60
2008.11.27 12:43:47.636,1.5425,1.54255,1.60,1.40
2008.11.27 12:43:48.326,1.54255,1.5427,1.60,4.60
2008.11.27 12:43:53.875,1.54255,1.54275,1.60,1.20
2008.11.27 12:43:57.684,1.54255,1.5428,1.80,2.00
2008.11.27 12:43:59.503,1.54245,1.54255,1.20,1.40
2008.11.27 12:44:03.323,1.54255,1.54275,1.00,1.20
2008.11.27 12:44:03.592,1.54255,1.54275,1.80,1.20
2008.11.27 12:44:03.702,1.54255,1.5428,1.80,3.60
2008.11.27 12:44:03.822,1.54255,1.54265,1.80,1.40
2008.11.27 12:44:07.291,1.54255,1.5429,1.80,1.20
2008.11.27 12:44:11.700,1.54255,1.54275,1.60,1.20
2008.11.27 12:44:15.219,1.54255,1.5427,1.60,1.20
2008.11.27 12:44:20.938,1.54255,1.54265,1.60,2.80
2008.11.27 12:44:57.839,1.54255,1.54265,1.60,2.80
2008.11.27 12:45:12.096,1.5426,1.54265,1.60,2.80
2008.11.27 12:45:12.765,1.54255,1.54265,1.60,2.80
2008.11.27 12:45:12.945,1.5425,1.54265,1.80,2.80
2008.11.27 12:45:13.066,1.5425,1.54265,1.60,2.80
2008.11.27 12:45:18.144,1.5425,1.54265,1.60,4.20
2008.11.27 12:45:32.571,1.5425,1.54265,1.60,2.80
2008.11.27 12:45:32.851,1.5425,1.54265,5.40,2.80
2008.11.27 12:45:32.971,1.5425,1.54265,1.60,2.80
2008.11.27 12:46:02.844,1.5425,1.54265,1.80,2.80
2008.11.27 12:46:03.133,1.5425,1.54265,1.60,4.20
2008.11.27 12:46:03.244,1.54245,1.54265,1.80,4.20
2008.11.27 12:46:05.903,1.54245,1.54265,1.00,4.20
2008.11.27 12:46:06.123,1.54245,1.5426,1.00,1.60
2008.11.27 12:46:06.243,1.54245,1.54265,1.00,17.80
2008.11.27 12:46:06.422,1.54245,1.54265,1.00,15.40
2008.11.27 12:46:06.533,1.5425,1.5426,1.00,4.80
2008.11.27 12:46:07.352,1.5425,1.5426,1.00,6.40
2008.11.27 12:46:08.442,1.5425,1.54265,1.00,14.00
2008.11.27 12:46:08.502,1.5425,1.54265,1.00,10.80
2008.11.27 12:46:08.972,1.5424,1.54265,1.60,7.60
2008.11.27 12:46:09.982,1.5424,1.5426,1.80,1.60
2008.11.27 12:46:10.322,1.5423,1.54265,1.60,9.20
2008.11.27 12:46:10.741,1.5423,1.54265,1.60,10.60
2008.11.27 12:46:10.921,1.54225,1.54245,2.40,2.80
2008.11.27 12:46:11.162,1.54235,1.54245,1.60,2.80
2008.11.27 12:46:11.501,1.54245,1.5427,1.60,3.40
2008.11.27 12:46:16.810,1.54245,1.54265,5.40,3.40
2008.11.27 12:46:16.870,1.5425,1.54265,1.60,3.40
2008.11.27 12:46:17.090,1.54245,1.54265,2.60,5.20
2008.11.27 12:46:17.210,1.54245,1.54265,2.20,5.80
2008.11.27 12:46:17.390,1.5424,1.54245,1.80,2.80
2008.11.27 12:46:17.620,1.5424,1.54245,1.20,7.60
2008.11.27 12:46:17.781,1.5424,1.54245,1.00,7.60
2008.11.27 12:46:17.900,1.54235,1.54245,1.00,7.60
2008.11.27 12:46:18.470,1.54255,1.54265,1.00,13.60
2008.11.27 12:46:18.590,1.5425,1.54265,1.00,5.20
2008.11.27 12:46:19.029,1.54245,1.5426,1.00,5.20
2008.11.27 12:46:19.199,1.5425,1.54265,1.60,5.80
2008.11.27 12:46:20.449,1.54235,1.54245,2.20,2.80
2008.11.27 12:46:20.859,1.54235,1.54245,2.20,2.80
2008.11.27 12:46:26.008,1.5424,1.54245,1.60,2.80
2008.11.27 12:46:28.258,1.5424,1.54245,1.80,2.80
2008.11.27 12:46:30.956,1.5424,1.54245,1.00,2.80
2008.11.27 12:46:31.287,1.5423,1.54245,1.60,2.80
2008.11.27 12:46:45.103,1.5423,1.5424,1.60,1.20
2008.11.27 12:46:55.651,1.5423,1.54245,1.60,4.20
2008.11.27 12:46:55.941,1.5423,1.5424,1.60,1.20
2008.11.27 12:46:57.340,1.5423,1.54245,1.60,4.20
2008.11.27 12:46:59.050,1.54235,1.54245,1.00,2.80
2008.11.27 12:46:59.110,1.54235,1.54245,1.20,2.80
2008.11.27 12:47:01.219,1.54235,1.54245,1.00,2.80
2008.11.27 12:47:01.510,1.5423,1.54245,1.80,2.80
2008.11.27 12:47:09.397,1.54235,1.54245,1.00,2.80
2008.11.27 12:47:09.488,1.5423,1.54245,1.80,2.80
2008.11.27 12:47:18.745,1.54235,1.54245,1.00,2.80
2008.11.27 12:47:20.634,1.54235,1.54245,1.20,2.80
2008.11.27 12:47:30.612,1.54235,1.54245,3.40,2.80
2008.11.27 12:47:30.852,1.5424,1.54245,1.00,2.80
2008.11.27 12:47:31.882,1.54245,1.54265,3.80,4.20
2008.11.27 12:47:36.540,1.5424,1.54245,1.80,1.00
2008.11.27 12:47:37.460,1.5424,1.54245,1.20,1.00
2008.11.27 12:47:37.731,1.54235,1.54245,3.40,1.00
2008.11.27 12:47:46.068,1.54235,1.54245,1.20,1.00
2008.11.27 12:47:46.298,1.5423,1.54245,1.60,2.40
2008.11.27 12:47:46.578,1.5423,1.54245,1.80,1.00
2008.11.27 12:47:47.658,1.5423,1.54245,1.60,1.00
2008.11.27 12:47:48.248,1.5423,1.54245,1.80,1.00
2008.11.27 12:48:00.715,1.5423,1.54245,1.60,2.40
2008.11.27 12:48:04.224,1.5423,1.54245,1.60,2.60
2008.11.27 12:48:04.404,1.5423,1.54245,1.60,1.00
2008.11.27 12:48:04.584,1.54225,1.54245,1.80,1.00
2008.11.27 12:48:04.694,1.54225,1.54245,1.80,2.90
2008.11.27 12:48:04.864,1.5422,1.54225,1.80,1.20
2008.11.27 12:48:05.204,1.5422,1.5424,1.60,2.80
2008.11.27 12:48:05.494,1.5422,1.5424,1.60,1.20
2008.11.27 12:48:07.573,1.54215,1.5424,1.00,4.40
2008.11.27 12:48:07.693,1.5421,1.54235,1.80,1.20
2008.11.27 12:48:12.053,1.5421,1.54225,1.60,1.20
2008.11.27 12:48:12.682,1.54205,1.54225,2.80,1.20
2008.11.27 12:48:12.732,1.54205,1.54225,1.60,1.20
2008.11.27 12:48:13.242,1.54205,1.5423,1.80,2.80
2008.11.27 12:48:14.022,1.5421,1.54235,1.00,2.80
2008.11.27 12:48:14.422,1.5421,1.54235,1.00,5.20
2008.11.27 12:48:15.351,1.5421,1.54225,1.00,2.80
2008.11.27 12:48:15.801,1.54205,1.54225,1.60,4.20
2008.11.27 12:48:16.561,1.54205,1.54225,1.80,4.20
2008.11.27 12:48:17.701,1.54205,1.54225,1.60,4.20
2008.11.27 12:48:17.921,1.542,1.54225,1.80,4.20
2008.11.27 12:48:18.281,1.54205,1.54225,1.60,4.20
2008.11.27 12:48:30.498,1.54205,1.54215,1.60,1.20
2008.11.27 12:48:32.187,1.54205,1.5422,1.60,3.60
2008.11.27 12:48:32.367,1.54205,1.54225,1.60,5.80
2008.11.27 12:48:32.597,1.54205,1.54225,1.60,4.20
2008.11.27 12:48:33.517,1.54205,1.54225,1.80,2.80
2008.11.27 12:48:33.737,1.54205,1.54225,1.60,4.20
2008.11.27 12:48:35.377,1.54205,1.54225,1.80,2.80
2008.11.27 12:48:35.846,1.54205,1.54225,1.60,4.20
2008.11.27 12:48:41.335,1.542,1.5422,1.80,1.20
2008.11.27 12:48:46.464,1.5421,1.54225,1.00,7.60
2008.11.27 12:48:46.584,1.54205,1.54225,1.80,2.80
2008.11.27 12:48:49.353,1.54205,1.54225,1.00,2.80
2008.11.27 12:48:53.002,1.54205,1.54225,1.00,4.20
2008.11.27 12:48:57.591,1.542,1.54225,3.40,4.20
2008.11.27 12:48:59.821,1.542,1.5422,1.20,1.20
2008.11.27 12:49:00.171,1.542,1.5422,1.00,1.20
2008.11.27 12:49:00.410,1.54195,1.5422,1.80,1.20
2008.11.27 12:49:01.040,1.542,1.5422,1.60,1.20
2008.11.27 12:49:01.260,1.542,1.5422,1.60,2.80
2008.11.27 12:49:06.249,1.542,1.5422,1.80,1.20
2008.11.27 12:49:06.529,1.54205,1.5422,1.60,1.20
2008.11.27 12:49:07.518,1.542,1.5422,1.80,1.20
2008.11.27 12:49:10.228,1.542,1.54225,1.80,10.60
2008.11.27 12:49:10.518,1.54205,1.54225,1.00,9.00
2008.11.27 12:49:11.428,1.542,1.54225,1.00,10.60
2008.11.27 12:49:11.728,1.54205,1.54225,1.00,9.00
2008.11.27 12:49:25.744,1.5421,1.54225,1.00,2.80
2008.11.27 12:49:27.964,1.5421,1.54225,1.00,7.60
2008.11.27 12:49:28.124,1.5421,1.54225,1.00,10.80
2008.11.27 12:49:28.354,1.5421,1.54225,1.00,6.00
2008.11.27 12:49:28.813,1.5421,1.54225,1.00,2.80
2008.11.27 12:49:31.913,1.54215,1.54225,1.00,2.80
2008.11.27 12:49:33.542,1.54215,1.54225,1.20,2.80
2008.11.27 12:49:34.382,1.5421,1.54225,3.40,2.80
2008.11.27 12:49:39.511,1.54205,1.54225,5.00,4.20
2008.11.27 12:49:39.871,1.54205,1.54225,4.20,4.20
2008.11.27 12:49:40.091,1.54205,1.54225,1.80,4.20
2008.11.27 12:49:51.518,1.54205,1.54225,1.60,4.20
2008.11.27 12:49:57.077,1.54205,1.5422,1.60,1.20
2008.11.27 12:50:00.786,1.54205,1.54225,1.60,4.20
2008.11.27 12:50:03.485,1.54205,1.54225,1.80,4.20
2008.11.27 12:50:16.692,1.54205,1.5422,1.60,1.20
2008.11.27 12:50:37.977,1.54205,1.5423,1.60,5.80
2008.11.27 12:50:40.826,1.5421,1.54225,1.00,2.80
2008.11.27 12:50:42.726,1.54205,1.54225,1.60,4.20
2008.11.27 12:50:45.095,1.54205,1.54225,1.80,2.80
2008.11.27 12:50:47.224,1.5421,1.54225,1.00,2.80
2008.11.27 12:50:57.552,1.5421,1.54225,2.60,2.80
2008.11.27 12:50:58.562,1.5421,1.54225,3.40,2.80
2008.11.27 12:51:02.541,1.54215,1.54225,1.00,2.80
2008.11.27 12:51:02.711,1.5421,1.54225,3.40,2.80
2008.11.27 12:51:06.640,1.54215,1.54225,1.20,2.80
2008.11.27 12:51:11.869,1.54215,1.54225,1.00,2.80
2008.11.27 12:51:12.109,1.5421,1.54225,1.00,2.80
2008.11.27 12:51:18.437,1.54215,1.54225,1.00,2.80
2008.11.27 12:51:19.907,1.54205,1.54225,7.40,2.80
2008.11.27 12:51:22.516,1.5421,1.54235,3.40,6.00
2008.11.27 12:51:22.626,1.54215,1.54235,1.00,4.80
2008.11.27 12:51:24.346,1.54215,1.54235,1.20,4.80
2008.11.27 12:51:30.454,1.5422,1.54235,1.00,4.80
2008.11.27 12:51:30.694,1.5421,1.5423,1.00,1.20
2008.11.27 12:51:32.614,1.5421,1.54225,1.00,1.60
2008.11.27 12:51:39.642,1.54205,1.54225,1.60,1.60
2008.11.27 12:51:39.762,1.54205,1.54225,1.60,1.00
2008.11.27 12:51:40.002,1.5421,1.54225,1.00,1.00
2008.11.27 12:51:47.900,1.54215,1.54225,1.00,1.00
2008.11.27 12:51:59.337,1.5421,1.54225,1.20,1.00
2008.11.27 12:52:05.865,1.54215,1.54225,1.00,1.00
2008.11.27 12:52:06.215,1.5421,1.54225,1.20,1.00
2008.11.27 12:52:06.625,1.5421,1.54225,1.00,1.00
2008.11.27 12:52:07.475,1.5421,1.54225,1.20,1.00
2008.11.27 12:52:07.875,1.5421,1.54235,1.20,6.00
2008.11.27 12:52:11.674,1.5421,1.5423,1.20,1.20
2008.11.27 12:52:12.034,1.5421,1.5423,1.00,1.20
2008.11.27 12:52:21.861,1.5421,1.54225,1.00,1.60
2008.11.27 12:52:22.031,1.5421,1.54225,1.00,6.40
2008.11.27 12:52:22.201,1.542,1.5422,1.00,1.20
2008.11.27 12:52:22.252,1.54205,1.5422,1.60,1.20
2008.11.27 12:52:22.362,1.5421,1.5423,1.00,2.80
2008.11.27 12:52:22.471,1.5421,1.5423,1.00,4.40
2008.11.27 12:52:22.831,1.5421,1.54225,1.00,4.80
2008.11.27 12:52:22.892,1.542,1.54225,1.80,6.00
2008.11.27 12:52:28.390,1.542,1.54225,1.80,2.80
2008.11.27 12:52:28.450,1.54205,1.54225,1.60,2.80
2008.11.27 12:52:28.610,1.54205,1.54225,1.60,1.20
2008.11.27 12:52:28.730,1.54205,1.54225,1.80,1.20
2008.11.27 12:52:29.460,1.54205,1.5423,1.80,6.00
2008.11.27 12:52:29.620,1.54205,1.5423,1.80,4.40
2008.11.27 12:52:32.219,1.5421,1.54235,1.00,9.20
2008.11.27 12:52:34.488,1.5421,1.54235,1.20,9.20
2008.11.27 12:52:42.486,1.5421,1.54235,1.20,9.20
2008.11.27 12:52:43.006,1.5421,1.54235,1.00,9.20
2008.11.27 12:52:44.596,1.5421,1.54235,1.20,9.20
2008.11.27 12:52:49.615,1.5422,1.54235,1.00,8.00
2008.11.27 12:52:49.905,1.5422,1.54235,1.00,4.80
2008.11.27 12:52:51.075,1.54215,1.54235,1.20,4.80
2008.11.27 12:52:51.475,1.5421,1.5423,2.20,1.20
2008.11.27 12:52:51.695,1.54215,1.54235,1.00,4.80
2008.11.27 12:52:51.904,1.5421,1.54235,1.80,6.00
2008.11.27 12:52:54.244,1.5422,1.54235,1.00,4.80
2008.11.27 12:52:56.323,1.54215,1.54235,1.20,4.80
2008.11.27 12:52:56.603,1.5421,1.5423,1.60,1.20
2008.11.27 12:52:56.883,1.5421,1.54235,1.60,6.00
2008.11.27 12:53:02.722,1.5421,1.54225,1.60,1.20
2008.11.27 12:53:07.610,1.5421,1.54235,1.60,6.00
2008.11.27 12:53:07.901,1.5421,1.54225,1.60,1.20
2008.11.27 12:53:10.150,1.5421,1.54235,1.60,1.20
2008.11.27 12:53:10.491,1.5421,1.54235,1.60,6.00
2008.11.27 12:53:17.798,1.5421,1.5422,1.60,1.20
2008.11.27 12:53:19.418,1.5421,1.54235,1.80,6.00
2008.11.27 12:53:19.638,1.5421,1.54225,1.60,1.20
2008.11.27 12:53:19.918,1.54225,1.54235,1.00,4.80
2008.11.27 12:53:20.088,1.5421,1.54235,1.60,6.00
2008.11.27 12:53:21.227,1.5421,1.54235,1.80,6.00
2008.11.27 12:53:29.215,1.54215,1.54235,1.00,4.80
2008.11.27 12:53:30.185,1.5421,1.54235,1.80,6.00
2008.11.27 12:53:31.945,1.5422,1.54235,1.60,6.00
2008.11.27 12:53:32.184,1.5422,1.54255,1.60,9.60
2008.11.27 12:53:32.355,1.5422,1.5426,1.80,10.80
2008.11.27 12:53:32.575,1.5422,1.5426,1.80,7.60
2008.11.27 12:53:36.074,1.5423,1.5426,1.00,7.60
2008.11.27 12:53:39.993,1.54245,1.54255,1.00,6.40
2008.11.27 12:53:42.582,1.54255,1.5426,1.00,7.60
2008.11.27 12:53:46.451,1.5425,1.54255,1.90,9.60
2008.11.27 12:53:46.731,1.5425,1.5426,3.40,14.00
2008.11.27 12:53:49.770,1.5425,1.5426,1.20,14.00
2008.11.27 12:53:49.880,1.5425,1.54255,1.00,9.60
2008.11.27 12:53:50.500,1.54245,1.54255,1.00,9.60
2008.11.27 12:53:51.430,1.54235,1.54255,1.00,9.60
2008.11.27 12:53:53.619,1.54245,1.5426,1.00,14.00
2008.11.27 12:53:58.558,1.54235,1.54255,1.00,10.80
2008.11.27 12:53:58.898,1.5423,1.5426,1.00,14.00
2008.11.27 12:54:01.407,1.5423,1.54245,1.00,10.80
2008.11.27 12:54:09.406,1.5423,1.54245,1.00,9.60
2008.11.27 12:54:09.585,1.5423,1.54245,1.20,9.60
2008.11.27 12:54:11.055,1.5423,1.5424,1.20,4.80
2008.11.27 12:54:11.275,1.54225,1.54235,3.40,4.80
2008.11.27 12:54:11.506,1.5423,1.54245,1.00,9.60
2008.11.27 12:54:11.795,1.54225,1.5425,2.60,12.40
2008.11.27 12:54:12.025,1.54225,1.5425,3.40,7.60
2008.11.27 12:54:13.524,1.54225,1.5425,3.40,7.60
2008.11.27 12:54:13.634,1.54225,1.54245,1.00,2.80
2008.11.27 12:54:13.914,1.5422,1.54245,3.40,2.80
2008.11.27 12:54:15.534,1.5423,1.5424,1.00,4.80
2008.11.27 12:54:18.223,1.5422,1.54235,3.40,6.40
2008.11.27 12:54:19.123,1.5422,1.54235,3.40,4.80
2008.11.27 12:54:19.883,1.5422,1.5424,3.40,6.40
2008.11.27 12:54:21.352,1.54225,1.5424,1.00,6.40
2008.11.27 12:54:22.242,1.54225,1.5424,1.00,1.60
2008.11.27 12:54:22.462,1.54225,1.54245,1.00,6.40
2008.11.27 12:54:22.812,1.54235,1.54255,1.00,17.00
2008.11.27 12:54:24.192,1.54235,1.5425,1.00,9.60
2008.11.27 12:54:24.422,1.54235,1.5425,1.00,11.20
2008.11.27 12:54:24.542,1.54235,1.5426,1.00,9.20
2008.11.27 12:54:25.492,1.5423,1.54255,1.20,7.60
2008.11.27 12:54:25.842,1.5423,1.54255,3.40,7.60
2008.11.27 12:54:26.012,1.5423,1.54245,3.40,1.60
2008.11.27 12:54:26.361,1.54235,1.54245,1.00,8.00
2008.11.27 12:54:26.761,1.5424,1.54255,1.00,1.60
2008.11.27 12:54:29.331,1.5424,1.54265,1.00,2.80
2008.11.27 12:54:29.591,1.54245,1.5427,1.00,7.60
2008.11.27 12:54:29.810,1.54245,1.5427,1.00,10.80
2008.11.27 12:54:29.970,1.5425,1.54275,1.60,14.80
2008.11.27 12:54:30.190,1.5425,1.54275,1.60,10.00
2008.11.27 12:54:30.480,1.54245,1.54275,1.00,7.60
2008.11.27 12:54:31.330,1.54245,1.54275,3.40,7.60
2008.11.27 12:54:31.860,1.54245,1.54275,2.60,7.60
2008.11.27 12:54:32.190,1.5425,1.54275,1.60,8.40
2008.11.27 12:54:32.360,1.54245,1.54275,2.60,10.00
2008.11.27 12:54:32.750,1.54245,1.54275,1.00,7.60
2008.11.27 12:54:32.860,1.5424,1.5427,1.80,8.40
2008.11.27 12:54:32.980,1.5424,1.5427,1.00,14.80
2008.11.27 12:54:34.029,1.54245,1.5426,1.00,8.00
2008.11.27 12:54:34.379,1.54245,1.54255,1.00,8.00
2008.11.27 12:54:34.499,1.54245,1.5425,1.00,3.20
2008.11.27 12:54:34.619,1.54245,1.54265,1.00,2.80
2008.11.27 12:54:36.019,1.54245,1.54255,1.00,4.80
2008.11.27 12:54:36.229,1.54245,1.54255,1.00,8.00
2008.11.27 12:54:36.399,1.54245,1.5425,1.00,3.20
2008.11.27 12:54:36.619,1.54245,1.54265,1.00,2.80
2008.11.27 12:54:40.338,1.54245,1.54255,1.20,4.80
2008.11.27 12:54:40.838,1.54245,1.5425,1.20,3.20
2008.11.27 12:54:41.068,1.54245,1.54265,1.20,1.60
2008.11.27 12:54:42.318,1.54245,1.5426,1.20,1.60
2008.11.27 12:54:42.658,1.54245,1.54255,1.20,8.00
2008.11.27 12:54:42.777,1.54245,1.54265,1.20,4.40
2008.11.27 12:54:43.117,1.54245,1.54265,1.20,1.60
2008.11.27 12:54:44.277,1.54245,1.5426,1.20,1.60
2008.11.27 12:54:45.247,1.54245,1.5426,1.00,1.60
2008.11.27 12:54:45.707,1.54245,1.54265,1.00,2.80
2008.11.27 12:54:50.386,1.54245,1.54255,1.00,4.80
2008.11.27 12:54:50.626,1.54245,1.54255,1.00,8.00
2008.11.27 12:54:50.735,1.54245,1.5425,1.00,3.20
2008.11.27 12:54:51.056,1.54245,1.54265,1.00,2.80
2008.11.27 12:54:52.285,1.54245,1.54255,1.00,4.80
2008.11.27 12:54:52.635,1.5424,1.5425,1.00,3.20
2008.11.27 12:54:52.905,1.5424,1.54265,1.00,5.80
2008.11.27 12:54:53.075,1.5424,1.54265,1.00,2.80
2008.11.27 12:54:54.415,1.5424,1.5426,1.00,1.60
2008.11.27 12:54:54.535,1.5424,1.5425,1.00,3.20
2008.11.27 12:54:54.595,1.5424,1.54255,1.00,8.00
2008.11.27 12:54:54.704,1.5424,1.5425,1.00,3.20
2008.11.27 12:54:54.925,1.5424,1.54265,1.00,5.80
2008.11.27 12:54:54.984,1.5424,1.54265,1.00,2.80
2008.11.27 12:54:58.463,1.5424,1.54255,1.00,4.80
2008.11.27 12:54:58.704,1.5424,1.54255,1.00,8.00
2008.11.27 12:54:58.824,1.5424,1.5425,1.00,3.20
2008.11.27 12:54:59.293,1.5424,1.54265,1.00,2.80
2008.11.27 12:55:00.353,1.5423,1.54255,6.60,1.20
2008.11.27 12:55:00.693,1.54235,1.5426,1.00,1.20
2008.11.27 12:55:00.813,1.54235,1.54255,1.00,8.00
2008.11.27 12:55:01.143,1.54235,1.5425,1.00,3.20
2008.11.27 12:55:01.313,1.54235,1.5426,4.00,3.60
2008.11.27 12:55:01.703,1.54245,1.54265,1.60,3.60
2008.11.27 12:55:02.173,1.5425,1.54265,1.60,5.20
2008.11.27 12:55:02.523,1.5425,1.5426,1.60,1.20
2008.11.27 12:55:02.973,1.5425,1.5427,1.60,5.20
2008.11.27 12:55:04.322,1.5425,1.54265,1.60,1.20
2008.11.27 12:55:04.502,1.5425,1.5427,1.60,3.60
2008.11.27 12:55:05.092,1.5425,1.54265,1.60,1.20
2008.11.27 12:55:05.482,1.5425,1.5427,1.60,3.60
2008.11.27 12:55:05.812,1.5425,1.5427,1.60,5.20
2008.11.27 12:55:07.481,1.5425,1.54265,1.60,1.20
2008.11.27 12:55:07.831,1.5425,1.5427,1.60,5.20
2008.11.27 12:55:08.002,1.5425,1.5427,1.60,3.60
2008.11.27 12:55:09.571,1.5425,1.5427,1.60,5.20
2008.11.27 12:55:10.271,1.5426,1.5427,1.60,5.20
2008.11.27 12:55:10.891,1.5425,1.5427,1.60,5.20
2008.11.27 12:55:20.268,1.54265,1.5427,1.00,2.80
2008.11.27 12:55:20.388,1.5427,1.5428,1.60,4.60
2008.11.27 12:55:20.678,1.5427,1.5429,1.60,1.20
2008.11.27 12:55:23.958,1.54265,1.5429,1.80,1.20
2008.11.27 12:55:24.078,1.54275,1.54295,1.00,2.80
2008.11.27 12:55:24.137,1.54275,1.54295,1.00,1.20
2008.11.27 12:55:31.695,1.54275,1.543,1.00,7.60
2008.11.27 12:55:40.693,1.54285,1.543,1.00,6.40
2008.11.27 12:55:40.873,1.54285,1.54305,1.00,2.80
2008.11.27 12:55:41.043,1.54275,1.54295,1.00,1.60
2008.11.27 12:55:41.273,1.54275,1.543,1.00,7.60
2008.11.27 12:55:41.673,1.54275,1.54295,1.00,1.20
2008.11.27 12:55:42.383,1.54275,1.54295,1.00,6.00
2008.11.27 12:55:42.673,1.54265,1.5429,1.80,1.20
2008.11.27 12:55:42.913,1.54265,1.5429,1.80,4.40
2008.11.27 12:55:43.773,1.54265,1.5429,1.80,1.20
2008.11.27 12:55:44.122,1.54275,1.54295,1.00,1.20
2008.11.27 12:55:44.432,1.54265,1.5429,3.40,1.20
2008.11.27 12:55:44.832,1.54265,1.5429,1.80,1.20
2008.11.27 12:55:47.512,1.5427,1.5429,1.60,1.20
2008.11.27 12:56:04.477,1.5427,1.5429,1.60,2.80
2008.11.27 12:56:06.597,1.5427,1.54285,1.60,1.20
2008.11.27 12:56:07.697,1.5427,1.54285,1.60,2.80
2008.11.27 12:56:08.927,1.5427,1.54285,1.60,1.20
2008.11.27 12:56:29.262,1.5427,1.5428,1.60,1.20
2008.11.27 12:56:29.611,1.5427,1.54285,1.60,1.20
2008.11.27 12:56:30.991,1.5427,1.5428,1.60,1.20
2008.11.27 12:56:32.001,1.5427,1.54285,1.60,4.00
2008.11.27 12:56:32.681,1.5427,1.54285,1.60,1.20
2008.11.27 12:56:34.170,1.5427,1.5428,1.60,1.20
2008.11.27 12:56:34.961,1.5427,1.54285,1.60,1.20
2008.11.27 12:56:37.990,1.54265,1.54285,1.80,1.20
2008.11.27 12:56:42.918,1.54265,1.54285,1.60,1.20
2008.11.27 12:56:44.738,1.54265,1.54285,1.60,2.80
2008.11.27 12:56:46.388,1.54265,1.54285,1.60,4.00
2008.11.27 12:56:46.607,1.54265,1.5428,1.60,1.20
2008.11.27 12:56:58.035,1.54265,1.5428,1.60,1.20
2008.11.27 12:56:58.255,1.5426,1.5428,3.20,1.20
2008.11.27 12:56:58.944,1.5426,1.54275,3.20,1.20
2008.11.27 12:56:59.904,1.5426,1.5427,3.20,1.20
2008.11.27 12:57:00.424,1.5426,1.54275,1.60,1.20
2008.11.27 12:57:00.704,1.5426,1.5428,1.60,1.20
2008.11.27 12:57:38.115,1.5426,1.5428,1.60,5.20
2008.11.27 12:57:49.412,1.5426,1.5428,1.60,2.80
2008.11.27 12:57:49.522,1.5426,1.5428,1.60,1.20
2008.11.27 12:57:51.572,1.54265,1.5429,1.80,2.80
2008.11.27 12:57:51.912,1.54265,1.5429,1.80,1.20
2008.11.27 12:57:52.891,1.54265,1.5428,1.60,1.20
2008.11.27 12:57:54.841,1.54265,1.54285,1.60,5.20
2008.11.27 12:57:55.071,1.54265,1.5428,1.60,1.20
2008.11.27 12:57:56.630,1.54265,1.5428,1.60,2.80
2008.11.27 12:57:58.390,1.54265,1.5428,1.60,1.20
2008.11.27 12:57:59.070,1.5426,1.5428,1.60,1.20
2008.11.27 12:57:59.250,1.5426,1.5428,1.60,2.80
2008.11.27 12:58:01.959,1.5426,1.54275,1.60,1.20
2008.11.27 12:58:02.639,1.5426,1.5428,1.60,3.60
2008.11.27 12:58:03.099,1.5426,1.54275,1.60,1.20
2008.11.27 12:58:03.319,1.5426,1.5428,1.60,3.60
2008.11.27 12:58:04.448,1.5426,1.5428,1.60,5.20
2008.11.27 12:58:05.928,1.5426,1.54275,1.60,1.20
2008.11.27 12:58:14.036,1.5426,1.54275,1.60,2.80
2008.11.27 12:58:14.276,1.5426,1.54275,1.60,3.60
2008.11.27 12:58:15.406,1.5426,1.54275,1.60,1.20
2008.11.27 12:58:17.555,1.5426,1.54275,1.60,2.80
2008.11.27 12:58:28.353,1.5426,1.54275,1.60,1.20
2008.11.27 12:58:41.959,1.54265,1.54275,1.60,1.20
2008.11.27 12:58:43.639,1.54265,1.5428,1.60,5.20
2008.11.27 12:58:52.737,1.54265,1.5427,1.60,1.20
2008.11.27 12:59:04.354,1.54265,1.54275,1.60,1.20
2008.11.27 12:59:13.042,1.54255,1.54265,4.10,1.20
2008.11.27 12:59:14.192,1.54265,1.5427,1.60,1.20
2008.11.27 12:59:15.372,1.54255,1.5427,1.80,1.60
2008.11.27 12:59:15.671,1.54265,1.5427,1.60,3.20
2008.11.27 12:59:15.891,1.5426,1.54265,1.60,1.20
2008.11.27 12:59:16.311,1.54255,1.5427,1.80,3.20
2008.11.27 12:59:16.661,1.5426,1.54265,1.60,2.80
2008.11.27 12:59:18.101,1.5426,1.54265,1.60,1.60
2008.11.27 12:59:18.401,1.5426,1.5427,1.60,2.40
2008.11.27 12:59:18.521,1.5426,1.54265,1.60,1.20
2008.11.27 12:59:18.791,1.5426,1.5427,1.60,5.20
2008.11.27 12:59:20.620,1.5426,1.54275,1.60,5.20
2008.11.27 12:59:22.291,1.5426,1.54265,1.60,1.20
2008.11.27 12:59:24.049,1.5426,1.5427,1.60,1.60
2008.11.27 12:59:24.280,1.5426,1.5428,1.60,1.20
2008.11.27 12:59:34.827,1.5426,1.54285,1.80,5.20
2008.11.27 12:59:34.887,1.5426,1.54285,1.80,1.20
2008.11.27 12:59:35.246,1.5426,1.54285,2.00,1.20
2008.11.27 12:59:41.605,1.54265,1.54295,1.00,2.80
2008.11.27 12:59:42.395,1.54265,1.5429,1.00,1.60
2008.11.27 12:59:42.695,1.54265,1.54285,1.00,1.20
2008.11.27 12:59:45.264,1.54265,1.54295,1.00,2.80
2008.11.27 12:59:57.871,1.54265,1.54285,1.00,1.20
2008.11.27 12:59:59.471,1.54285,1.5429,1.00,1.60
2008.11.27 12:59:59.531,1.54285,1.54305,1.00,7.60
2008.11.27 12:59:59.711,1.54285,1.54305,1.00,2.80
2008.11.27 12:59:59.821,1.54285,1.54295,1.00,2.80
2008.11.27 12:59:59.941,1.5427,1.54295,1.00,2.80
