2015.12.16 15:00:00.218,1.50226,1.50237,5.77,2.62
2015.12.16 15:00:00.320,1.50228,1.50237,1.07,2.62
2015.12.16 15:00:00.639,1.50228,1.50233,1.07,2.25
2015.12.16 15:00:00.742,1.50227,1.50233,1.50,2.25
2015.12.16 15:00:01.102,1.50225,1.50232,1.87,1.00
2015.12.16 15:00:01.153,1.50225,1.50232,5.25,1.00
2015.12.16 15:00:01.572,1.50227,1.50236,1.00,1.87
2015.12.16 15:00:01.623,1.5023,1.50236,1.00,1.00
2015.12.16 15:00:02.614,1.5023,1.50237,1.00,1.12
2015.12.16 15:00:03.829,1.5023,1.50234,1.00,1.00
2015.12.16 15:00:04.134,1.5022,1.50223,4.57,1.12
2015.12.16 15:00:04.236,1.50222,1.5023,1.37,1.12
2015.12.16 15:00:05.026,1.50224,1.50231,1.00,3.37
2015.12.16 15:00:05.079,1.50225,1.50234,1.12,1.57
2015.12.16 15:00:05.131,1.50226,1.50236,3.37,2.70
2015.12.16 15:00:05.640,1.50226,1.50237,4.50,3.07
2015.12.16 15:00:06.206,1.50226,1.50236,3.75,1.57
2015.12.16 15:00:06.752,1.50231,1.50235,3.37,1.37
2015.12.16 15:00:06.854,1.50233,1.50236,1.00,1.57
2015.12.16 15:00:07.285,1.50228,1.50235,3.75,1.37
2015.12.16 15:00:07.439,1.50228,1.50233,3.75,1.37
2015.12.16 15:00:07.978,1.50227,1.50234,3.75,1.45
2015.12.16 15:00:08.528,1.50227,1.50235,4.57,1.37
2015.12.16 15:00:09.038,1.5023,1.50236,1.00,1.50
2015.12.16 15:00:09.141,1.5023,1.50236,3.75,1.12
2015.12.16 15:00:09.508,1.50234,1.50241,3.75,1.50
2015.12.16 15:00:09.560,1.50235,1.50238,1.00,1.12
2015.12.16 15:00:09.867,1.50235,1.50237,1.00,1.37
2015.12.16 15:00:10.427,1.50232,1.50237,1.50,1.00
2015.12.16 15:00:10.965,1.50231,1.50237,4.12,1.37
2015.12.16 15:00:11.473,1.50231,1.50237,4.87,1.37
2015.12.16 15:00:11.676,1.50231,1.50241,4.87,2.62
2015.12.16 15:00:11.778,1.50234,1.5024,3.37,1.37
2015.12.16 15:00:12.257,1.50236,1.50242,1.00,1.37
2015.12.16 15:00:13.176,1.50234,1.50237,1.00,1.37
2015.12.16 15:00:13.575,1.50234,1.50241,1.00,1.50
2015.12.16 15:00:14.187,1.50234,1.50241,1.50,1.00
2015.12.16 15:00:14.239,1.50234,1.50241,1.50,3.00
2015.12.16 15:00:14.590,1.50237,1.50243,1.00,4.20
2015.12.16 15:00:14.693,1.50237,1.50245,1.00,1.12
2015.12.16 15:00:15.130,1.50235,1.50243,1.87,1.00
2015.12.16 15:00:15.435,1.50234,1.50238,1.00,1.37
2015.12.16 15:00:15.588,1.50234,1.50242,1.00,1.12
2015.12.16 15:00:15.640,1.50237,1.50242,1.00,1.12
2015.12.16 15:00:15.904,1.50242,1.50248,1.00,1.00
2015.12.16 15:00:16.158,1.50244,1.50251,1.00,2.70
2015.12.16 15:00:16.971,1.50243,1.50245,3.75,1.37
2015.12.16 15:00:17.073,1.50236,1.50244,3.75,1.37
2015.12.16 15:00:17.278,1.50234,1.50242,3.75,1.92
2015.12.16 15:00:17.381,1.50232,1.50239,3.75,1.00
2015.12.16 15:00:17.483,1.50232,1.50238,1.00,1.37
2015.12.16 15:00:17.788,1.5023,1.50239,1.00,1.87
2015.12.16 15:00:17.940,1.50231,1.50239,1.50,1.37
2015.12.16 15:00:18.289,1.50232,1.5024,3.75,1.37
2015.12.16 15:00:18.799,1.50231,1.5024,4.50,1.50
2015.12.16 15:00:19.307,1.50231,1.50238,3.75,1.50
2015.12.16 15:00:19.812,1.50231,1.50239,3.75,1.95
2015.12.16 15:00:20.372,1.5023,1.50239,4.50,2.32
2015.12.16 15:00:20.779,1.5023,1.50238,1.00,1.37
2015.12.16 15:00:21.136,1.50227,1.50235,4.27,2.25
2015.12.16 15:00:21.444,1.50226,1.50233,3.75,1.50
2015.12.16 15:00:21.700,1.50225,1.50233,1.12,2.70
2015.12.16 15:00:22.062,1.50222,1.5023,1.50,1.00
2015.12.16 15:00:22.315,1.5022,1.50227,4.87,1.12
2015.12.16 15:00:22.851,1.50219,1.50227,4.57,1.00
2015.12.16 15:00:23.308,1.50219,1.50229,4.95,1.12
2015.12.16 15:00:24.502,1.50221,1.50228,1.12,1.37
2015.12.16 15:00:24.879,1.50218,1.50227,1.00,2.40
2015.12.16 15:00:25.386,1.50216,1.50224,1.00,1.87
2015.12.16 15:00:27.164,1.50215,1.50223,1.87,1.00
2015.12.16 15:00:27.672,1.50215,1.50223,1.12,1.20
2015.12.16 15:00:28.179,1.50217,1.50225,1.00,2.70
2015.12.16 15:00:28.688,1.50214,1.50223,3.75,1.57
2015.12.16 15:00:30.093,1.50213,1.50222,1.50,1.87
2015.12.16 15:00:31.254,1.50216,1.50222,1.00,1.20
2015.12.16 15:00:31.356,1.50216,1.50224,1.12,1.27
2015.12.16 15:00:31.408,1.50218,1.50226,1.00,1.50
2015.12.16 15:00:31.639,1.50218,1.50227,1.00,1.87
2015.12.16 15:00:32.149,1.50219,1.50228,1.12,2.77
2015.12.16 15:00:32.801,1.50218,1.50228,2.77,1.57
2015.12.16 15:00:33.005,1.50218,1.50228,1.92,4.95
2015.12.16 15:00:33.512,1.50217,1.50227,4.95,1.37
2015.12.16 15:00:34.532,1.50221,1.50226,1.00,1.00
2015.12.16 15:00:35.950,1.50219,1.50228,1.57,4.20
2015.12.16 15:00:36.205,1.5022,1.50229,1.37,2.25
2015.12.16 15:00:38.371,1.5022,1.50229,1.37,1.95
2015.12.16 15:00:38.574,1.50221,1.5023,4.50,1.12
2015.12.16 15:00:38.626,1.50223,1.50231,1.12,1.17
2015.12.16 15:00:38.728,1.50223,1.50233,4.20,1.07
2015.12.16 15:00:39.224,1.50226,1.50231,1.50,1.12
2015.12.16 15:00:39.427,1.50226,1.50234,1.50,2.25
2015.12.16 15:00:39.530,1.50225,1.50232,4.50,1.37
2015.12.16 15:00:39.632,1.50225,1.50235,4.50,1.65
2015.12.16 15:00:40.232,1.50229,1.50238,1.12,2.62
2015.12.16 15:00:40.284,1.50229,1.50238,1.50,1.20
2015.12.16 15:00:40.387,1.5023,1.5024,1.50,1.57
2015.12.16 15:00:40.539,1.5023,1.50239,2.25,1.17
2015.12.16 15:00:41.048,1.5023,1.50239,1.50,1.20
2015.12.16 15:00:41.560,1.50228,1.50239,6.37,1.20
2015.12.16 15:00:42.069,1.50229,1.50238,1.50,1.17
2015.12.16 15:00:42.615,1.5023,1.50238,1.00,1.65
2015.12.16 15:00:43.620,1.5023,1.50235,1.00,2.32
2015.12.16 15:00:43.673,1.50227,1.50235,1.00,2.77
2015.12.16 15:00:43.775,1.50225,1.50235,3.75,2.77
2015.12.16 15:00:44.283,1.50225,1.50233,3.37,1.00
2015.12.16 15:00:44.790,1.50229,1.50234,1.00,1.10
2015.12.16 15:00:44.996,1.50231,1.50237,1.00,1.10
2015.12.16 15:00:45.048,1.50234,1.50239,1.00,1.12
2015.12.16 15:00:45.099,1.50234,1.50241,1.00,3.90
2015.12.16 15:00:45.150,1.50236,1.50242,1.00,1.57
2015.12.16 15:00:45.202,1.50236,1.50242,1.00,1.12
2015.12.16 15:00:45.872,1.5024,1.50245,1.00,1.00
2015.12.16 15:00:45.974,1.50242,1.5025,1.00,4.87
2015.12.16 15:00:46.025,1.50243,1.50251,1.50,1.57
2015.12.16 15:00:46.127,1.50244,1.50252,3.75,1.95
2015.12.16 15:00:46.229,1.50244,1.50252,1.12,1.57
2015.12.16 15:00:46.281,1.50243,1.50248,1.37,1.12
2015.12.16 15:00:46.332,1.50241,1.50248,1.45,1.50
2015.12.16 15:00:46.838,1.50238,1.50243,1.00,1.20
2015.12.16 15:00:46.890,1.50235,1.50244,1.50,1.15
2015.12.16 15:00:47.093,1.50235,1.50245,2.32,1.50
2015.12.16 15:00:47.600,1.50237,1.50245,1.00,1.50
2015.12.16 15:00:48.222,1.50236,1.50245,1.20,1.00
2015.12.16 15:00:49.373,1.50238,1.50246,5.77,1.00
2015.12.16 15:00:49.424,1.50238,1.50248,6.90,1.00
2015.12.16 15:00:49.782,1.50239,1.50247,1.57,1.37
2015.12.16 15:00:50.037,1.50236,1.50244,1.57,1.12
2015.12.16 15:00:50.190,1.50236,1.50244,1.00,1.87
2015.12.16 15:00:50.692,1.50236,1.50244,1.00,1.87
2015.12.16 15:00:51.200,1.50236,1.50243,1.00,1.37
2015.12.16 15:00:51.705,1.50235,1.50243,1.50,1.37
2015.12.16 15:00:51.858,1.50233,1.50242,1.20,2.25
2015.12.16 15:00:51.960,1.5023,1.50241,2.62,4.50
2015.12.16 15:00:52.366,1.5023,1.50239,2.02,1.00
2015.12.16 15:00:52.820,1.50233,1.50241,1.00,3.37
2015.12.16 15:00:52.871,1.50234,1.50243,1.50,3.82
2015.12.16 15:00:53.024,1.50234,1.50244,3.07,1.12
2015.12.16 15:00:53.759,1.50235,1.50244,1.00,4.50
2015.12.16 15:00:54.064,1.5023,1.50239,6.07,1.50
2015.12.16 15:00:54.471,1.50231,1.50242,3.75,6.45
2015.12.16 15:00:55.171,1.5023,1.50241,2.02,1.37
2015.12.16 15:00:55.579,1.5023,1.50238,1.00,1.47
2015.12.16 15:00:56.084,1.50228,1.50233,1.50,1.45
2015.12.16 15:00:56.344,1.50226,1.50233,1.12,1.00
2015.12.16 15:00:56.854,1.50227,1.50233,1.00,1.50
2015.12.16 15:00:57.356,1.50227,1.50234,1.37,1.50
2015.12.16 15:00:57.458,1.50226,1.50237,6.52,4.12
2015.12.16 15:00:58.079,1.50226,1.50237,2.70,4.95
2015.12.16 15:00:58.516,1.50223,1.50231,1.57,1.00
2015.12.16 15:00:58.821,1.5022,1.50227,1.17,1.00
2015.12.16 15:00:59.493,1.50218,1.50227,2.77,1.12
2015.12.16 15:01:00.000,1.50218,1.50226,3.52,1.12
2015.12.16 15:01:00.202,1.5022,1.50229,1.37,1.87
2015.12.16 15:01:00.304,1.5022,1.50227,1.52,1.12
2015.12.16 15:01:00.846,1.5022,1.50229,1.87,3.37
2015.12.16 15:01:01.504,1.5022,1.50227,1.87,1.37
2015.12.16 15:01:02.044,1.5022,1.50228,1.87,1.37
2015.12.16 15:01:03.039,1.50218,1.50227,3.07,1.37
2015.12.16 15:01:03.548,1.50218,1.50226,2.25,1.37
2015.12.16 15:01:04.619,1.50218,1.50227,1.47,1.47
2015.12.16 15:01:05.126,1.50219,1.50228,1.07,1.50
2015.12.16 15:01:05.665,1.50219,1.50227,1.07,1.20
2015.12.16 15:01:06.173,1.50222,1.50228,1.00,1.95
2015.12.16 15:01:06.723,1.50222,1.50226,1.00,1.12
2015.12.16 15:01:07.027,1.50226,1.50229,2.25,1.12
2015.12.16 15:01:07.231,1.50231,1.50237,1.37,1.12
2015.12.16 15:01:07.383,1.5023,1.50234,1.37,1.00
2015.12.16 15:01:07.435,1.50227,1.50234,4.12,2.25
2015.12.16 15:01:07.486,1.50227,1.50234,1.00,2.32
2015.12.16 15:01:07.537,1.50227,1.50231,1.12,1.12
2015.12.16 15:01:07.733,1.50227,1.50234,1.50,1.20
2015.12.16 15:01:07.886,1.50228,1.50234,1.87,1.47
2015.12.16 15:01:07.988,1.50232,1.5024,1.57,4.12
2015.12.16 15:01:08.091,1.50233,1.50242,1.45,4.12
2015.12.16 15:01:08.396,1.50234,1.50243,5.32,1.12
2015.12.16 15:01:09.127,1.50233,1.50236,1.00,1.57
2015.12.16 15:01:09.179,1.50228,1.50236,1.47,1.57
2015.12.16 15:01:09.636,1.50228,1.50238,2.02,1.87
2015.12.16 15:01:10.193,1.5023,1.50238,1.00,1.07
2015.12.16 15:01:11.282,1.50233,1.50238,1.00,1.45
2015.12.16 15:01:11.544,1.50236,1.50245,1.47,1.12
2015.12.16 15:01:12.273,1.50236,1.50245,1.50,2.25
2015.12.16 15:01:12.821,1.50235,1.50243,1.57,1.00
2015.12.16 15:01:12.872,1.50235,1.50242,1.10,1.57
2015.12.16 15:01:16.106,1.50231,1.50241,2.32,1.95
2015.12.16 15:01:17.170,1.5023,1.50238,1.00,1.50
2015.12.16 15:01:17.222,1.5023,1.50238,1.00,1.45
2015.12.16 15:01:17.732,1.50229,1.50239,5.25,1.12
2015.12.16 15:01:17.885,1.50231,1.50241,1.12,3.00
2015.12.16 15:01:18.038,1.50231,1.50241,5.32,1.87
2015.12.16 15:01:18.346,1.50232,1.50236,1.07,1.37
2015.12.16 15:01:18.449,1.5023,1.50236,1.12,1.57
2015.12.16 15:01:18.500,1.50229,1.50236,1.12,2.25
2015.12.16 15:01:19.014,1.50229,1.50234,1.12,1.87
2015.12.16 15:01:19.542,1.50229,1.50234,1.12,1.87
2015.12.16 15:01:20.081,1.50229,1.50234,1.12,1.57
2015.12.16 15:01:20.589,1.50229,1.50234,1.12,1.50
2015.12.16 15:01:21.094,1.50226,1.50234,1.12,1.87
2015.12.16 15:01:21.736,1.50226,1.50234,1.12,1.87
2015.12.16 15:01:22.319,1.50228,1.50234,1.12,1.87
2015.12.16 15:01:22.829,1.50226,1.50234,2.62,1.87
2015.12.16 15:01:23.336,1.50226,1.50233,1.12,1.87
2015.12.16 15:01:23.585,1.50219,1.50223,1.50,1.47
2015.12.16 15:01:23.789,1.50216,1.50222,1.37,1.37
2015.12.16 15:01:24.580,1.50217,1.50223,1.20,1.50
2015.12.16 15:01:25.268,1.50212,1.50218,1.82,1.37
2015.12.16 15:01:25.676,1.50209,1.50218,3.00,1.50
2015.12.16 15:01:26.684,1.50209,1.50217,1.82,1.87
2015.12.16 15:01:27.153,1.50209,1.50214,1.50,1.00
2015.12.16 15:01:27.458,1.50204,1.50209,1.57,1.12
2015.12.16 15:01:27.961,1.50202,1.5021,1.45,1.47
2015.12.16 15:01:28.125,1.50202,1.50211,1.85,1.20
2015.12.16 15:01:28.887,1.50203,1.50213,4.12,2.62
2015.12.16 15:01:29.172,1.50203,1.50211,3.00,1.12
2015.12.16 15:01:29.427,1.50203,1.50213,2.32,1.87
2015.12.16 15:01:29.935,1.50203,1.50214,3.00,3.37
2015.12.16 15:01:30.426,1.50205,1.50214,3.75,3.00
2015.12.16 15:01:30.731,1.50207,1.50215,3.75,1.12
2015.12.16 15:01:30.884,1.50208,1.50216,1.37,1.50
2015.12.16 15:01:31.392,1.50208,1.50214,1.00,1.50
2015.12.16 15:01:31.646,1.50205,1.50214,1.87,1.50
2015.12.16 15:01:33.266,1.50207,1.50215,1.37,1.75
2015.12.16 15:01:33.419,1.50207,1.50217,1.87,1.87
2015.12.16 15:01:33.521,1.50207,1.50217,3.07,1.20
2015.12.16 15:01:33.886,1.50211,1.50219,1.12,1.37
2015.12.16 15:01:33.937,1.50212,1.5022,1.95,1.00
2015.12.16 15:01:34.176,1.50218,1.50222,1.50,1.00
2015.12.16 15:01:34.227,1.50218,1.50227,2.25,1.50
2015.12.16 15:01:34.381,1.50218,1.50227,2.02,1.65
2015.12.16 15:01:34.798,1.50218,1.50225,1.65,1.00
2015.12.16 15:01:35.212,1.50218,1.50223,1.00,1.57
2015.12.16 15:01:35.266,1.50214,1.50223,5.62,1.12
2015.12.16 15:01:35.804,1.50214,1.50225,4.87,3.75
2015.12.16 15:01:36.861,1.50214,1.50217,1.82,1.37
2015.12.16 15:01:37.013,1.50211,1.50217,3.75,1.10
2015.12.16 15:01:37.065,1.50209,1.50213,4.12,1.00
2015.12.16 15:01:37.116,1.50206,1.5021,1.00,1.12
2015.12.16 15:01:37.218,1.50203,1.50212,1.57,1.37
2015.12.16 15:01:37.320,1.50203,1.50209,1.50,1.37
2015.12.16 15:01:37.806,1.50203,1.50211,1.07,1.87
2015.12.16 15:01:38.876,1.50201,1.5021,5.25,1.95
2015.12.16 15:01:39.080,1.50199,1.50206,4.87,1.00
2015.12.16 15:01:39.334,1.50199,1.50205,1.37,1.12
2015.12.16 15:01:39.436,1.502,1.50207,1.50,1.50
2015.12.16 15:01:40.151,1.50202,1.50208,1.00,1.45
2015.12.16 15:01:40.725,1.50201,1.50209,1.00,1.12
2015.12.16 15:01:41.693,1.50202,1.50209,1.00,1.12
2015.12.16 15:01:41.848,1.50202,1.50211,2.62,1.20
2015.12.16 15:01:41.950,1.50204,1.50211,1.37,1.12
2015.12.16 15:01:42.102,1.50202,1.50211,2.70,1.10
2015.12.16 15:01:43.187,1.50203,1.50212,2.32,1.95
2015.12.16 15:01:43.694,1.50203,1.50212,1.95,2.70
2015.12.16 15:01:44.610,1.50202,1.5021,1.57,1.07
2015.12.16 15:01:45.502,1.50202,1.5021,1.50,1.50
2015.12.16 15:01:46.224,1.50204,1.5021,2.25,1.12
2015.12.16 15:01:46.377,1.50205,1.50212,7.12,1.10
2015.12.16 15:01:46.478,1.50207,1.50214,1.57,1.00
2015.12.16 15:01:46.529,1.50207,1.50211,1.57,1.12
2015.12.16 15:01:46.581,1.50205,1.50211,3.75,1.12
2015.12.16 15:01:46.684,1.50206,1.50213,3.37,1.85
2015.12.16 15:01:47.111,1.50208,1.50216,1.12,2.62
2015.12.16 15:01:47.315,1.5021,1.50217,1.00,1.50
2015.12.16 15:01:47.467,1.50211,1.50219,2.25,1.12
2015.12.16 15:01:47.569,1.50213,1.5022,3.75,1.37
2015.12.16 15:01:48.478,1.50219,1.50223,1.00,1.00
2015.12.16 15:01:48.530,1.50219,1.50228,1.00,1.95
2015.12.16 15:01:48.990,1.50219,1.50228,1.50,1.87
2015.12.16 15:01:49.594,1.50218,1.50225,1.50,1.47
2015.12.16 15:01:49.698,1.50215,1.50223,1.10,1.12
2015.12.16 15:01:49.750,1.50215,1.5022,1.10,1.00
2015.12.16 15:01:49.954,1.50214,1.50224,1.45,3.37
2015.12.16 15:01:50.465,1.50214,1.50224,1.95,1.87
2015.12.16 15:01:51.014,1.50216,1.50226,1.87,1.65
2015.12.16 15:01:51.116,1.50217,1.50227,1.12,1.00
2015.12.16 15:01:51.218,1.50218,1.50228,1.57,2.62
2015.12.16 15:01:51.889,1.50217,1.50225,1.37,1.87
2015.12.16 15:01:52.202,1.50214,1.50224,2.70,1.57
2015.12.16 15:01:52.254,1.50214,1.50224,2.32,1.20
2015.12.16 15:01:52.559,1.50214,1.50224,1.95,2.70
2015.12.16 15:01:52.661,1.50214,1.50224,1.57,1.95
2015.12.16 15:01:53.305,1.50214,1.50224,1.57,1.20
2015.12.16 15:01:53.509,1.50214,1.50222,1.57,1.00
2015.12.16 15:01:55.413,1.50215,1.50224,1.10,1.95
2015.12.16 15:01:55.718,1.50219,1.50226,1.37,1.87
2015.12.16 15:01:56.375,1.50218,1.50224,1.12,1.00
2015.12.16 15:01:56.481,1.50216,1.50224,1.00,1.87
2015.12.16 15:01:56.840,1.50212,1.50221,1.10,3.00
2015.12.16 15:01:57.811,1.50211,1.50221,1.57,1.57
2015.12.16 15:01:58.319,1.50212,1.50221,2.62,1.27
2015.12.16 15:01:59.712,1.50212,1.50222,5.25,1.87
2015.12.16 15:01:59.814,1.50215,1.50223,1.00,1.10
2015.12.16 15:02:00.318,1.50214,1.50224,1.82,1.37
2015.12.16 15:02:00.827,1.50216,1.50224,1.10,1.50
2015.12.16 15:02:01.414,1.50214,1.50224,1.20,1.50
2015.12.16 15:02:02.587,1.50214,1.50222,1.20,1.12
2015.12.16 15:02:02.638,1.50213,1.50222,1.50,3.00
2015.12.16 15:02:04.011,1.50209,1.5022,1.82,2.25
2015.12.16 15:02:04.728,1.5021,1.50219,1.57,1.50
2015.12.16 15:02:05.726,1.50208,1.50218,2.62,2.62
2015.12.16 15:02:07.586,1.50205,1.50215,2.62,1.75
2015.12.16 15:02:09.821,1.50206,1.50215,1.37,1.87
2015.12.16 15:02:11.065,1.50206,1.50215,1.75,2.25
2015.12.16 15:02:12.219,1.50206,1.50215,1.75,1.20
2015.12.16 15:02:12.642,1.50208,1.50214,1.00,1.50
2015.12.16 15:02:13.960,1.50205,1.50214,1.37,1.12
2015.12.16 15:02:14.638,1.50205,1.50214,5.25,1.12
2015.12.16 15:02:18.690,1.50207,1.50215,1.00,3.37
2015.12.16 15:02:22.463,1.50205,1.50215,4.87,3.00
2015.12.16 15:02:22.770,1.50216,1.50222,1.37,3.75
2015.12.16 15:02:22.872,1.50217,1.50224,1.75,1.00
2015.12.16 15:02:22.974,1.50218,1.50226,1.37,1.12
2015.12.16 15:02:23.630,1.50216,1.50225,6.00,1.87
2015.12.16 15:02:23.682,1.50216,1.50225,3.00,1.87
2015.12.16 15:02:23.784,1.50216,1.50224,1.37,1.87
2015.12.16 15:02:24.104,1.50213,1.50223,4.12,1.87
2015.12.16 15:02:24.308,1.50215,1.50223,1.12,1.00
2015.12.16 15:02:25.070,1.50214,1.50223,2.25,1.00
2015.12.16 15:02:25.426,1.50213,1.50222,5.70,1.12
2015.12.16 15:02:25.681,1.50214,1.50224,2.62,1.95
2015.12.16 15:02:26.211,1.50214,1.50224,2.32,1.20
2015.12.16 15:02:26.718,1.50214,1.50224,1.95,2.32
2015.12.16 15:02:26.769,1.50216,1.50224,1.00,1.95
2015.12.16 15:02:27.075,1.50217,1.50226,1.75,1.12
2015.12.16 15:02:27.620,1.50218,1.50227,3.75,1.00
2015.12.16 15:02:28.129,1.50219,1.50228,1.75,1.87
2015.12.16 15:02:28.281,1.50218,1.50228,3.45,1.95
2015.12.16 15:02:29.484,1.50219,1.50228,1.87,1.87
2015.12.16 15:02:30.095,1.50219,1.50228,1.87,1.12
2015.12.16 15:02:30.381,1.50218,1.50228,3.45,1.20
2015.12.16 15:02:30.940,1.50219,1.50228,3.37,1.47
2015.12.16 15:02:31.144,1.50219,1.50228,3.52,1.20
2015.12.16 15:02:32.001,1.50219,1.50228,1.87,1.12
2015.12.16 15:02:32.762,1.50219,1.50225,1.87,1.37
2015.12.16 15:02:33.143,1.50215,1.50223,1.50,1.07
2015.12.16 15:02:33.660,1.50215,1.50224,1.12,1.12
2015.12.16 15:02:34.167,1.50216,1.50224,2.25,1.12
2015.12.16 15:02:38.105,1.50215,1.50224,3.00,2.25
2015.12.16 15:02:38.614,1.50215,1.50224,3.37,1.47
2015.12.16 15:02:38.907,1.50215,1.50224,3.45,1.00
2015.12.16 15:02:39.716,1.50215,1.50224,3.07,1.10
2015.12.16 15:02:40.299,1.50216,1.50225,1.87,1.20
2015.12.16 15:02:40.351,1.50218,1.50226,1.00,1.12
2015.12.16 15:02:40.402,1.50218,1.50227,2.25,1.12
2015.12.16 15:02:40.911,1.5022,1.50228,1.87,1.37
2015.12.16 15:02:41.755,1.5022,1.50227,1.75,1.50
2015.12.16 15:02:42.162,1.5022,1.50227,1.07,1.00
2015.12.16 15:02:43.175,1.50219,1.50227,1.87,1.37
2015.12.16 15:02:43.681,1.50219,1.50228,1.87,1.37
2015.12.16 15:02:44.375,1.50219,1.50229,2.25,2.62
2015.12.16 15:02:45.583,1.5022,1.50228,1.12,1.37
2015.12.16 15:02:46.455,1.50219,1.50227,2.25,1.37
2015.12.16 15:02:46.557,1.50219,1.50226,1.07,1.37
2015.12.16 15:02:47.316,1.50218,1.50226,1.47,1.00
2015.12.16 15:02:47.418,1.50218,1.50226,1.10,1.00
2015.12.16 15:02:47.925,1.50218,1.50226,1.10,1.50
2015.12.16 15:02:48.463,1.50218,1.50227,1.20,2.25
2015.12.16 15:02:48.615,1.50216,1.50225,3.45,1.00
2015.12.16 15:02:48.869,1.50216,1.50224,2.32,1.12
2015.12.16 15:02:49.293,1.50216,1.50222,2.25,1.12
2015.12.16 15:02:49.902,1.50213,1.50221,3.37,1.45
2015.12.16 15:02:50.590,1.50213,1.50221,3.45,1.12
2015.12.16 15:02:52.138,1.50213,1.5022,2.25,1.20
2015.12.16 15:02:52.646,1.50213,1.50221,2.25,2.70
2015.12.16 15:02:53.336,1.50211,1.50221,3.37,3.37
2015.12.16 15:02:53.592,1.50211,1.50218,1.12,1.00
2015.12.16 15:02:53.746,1.50208,1.50216,1.00,1.00
2015.12.16 15:02:53.848,1.50205,1.50215,1.95,2.32
2015.12.16 15:02:53.899,1.50204,1.50214,2.62,1.87
2015.12.16 15:02:54.407,1.50204,1.50213,2.25,1.57
2015.12.16 15:02:54.977,1.50204,1.50214,1.57,2.70
2015.12.16 15:02:59.587,1.50208,1.50214,1.00,1.95
2015.12.16 15:02:59.638,1.50208,1.50216,1.00,2.62
2015.12.16 15:02:59.740,1.50208,1.50217,2.32,1.00
2015.12.16 15:02:59.842,1.50209,1.50218,3.82,1.20
2015.12.16 15:03:00.561,1.50208,1.50215,1.12,1.95
2015.12.16 15:03:00.612,1.50205,1.50214,1.47,1.47
2015.12.16 15:03:01.375,1.50208,1.50215,1.00,2.32
2015.12.16 15:03:01.726,1.5021,1.50218,1.12,1.12
2015.12.16 15:03:02.443,1.5021,1.5022,1.57,2.70
2015.12.16 15:03:03.770,1.5021,1.5022,1.95,1.95
2015.12.16 15:03:05.588,1.5021,1.5022,2.70,1.57
2015.12.16 15:03:06.921,1.50211,1.50221,1.82,3.15
2015.12.16 15:03:09.194,1.50213,1.50223,1.12,5.70
2015.12.16 15:03:10.391,1.50215,1.50222,1.20,1.00
2015.12.16 15:03:11.159,1.50214,1.50222,2.20,1.00
2015.12.16 15:03:11.700,1.50214,1.50223,2.20,1.50
2015.12.16 15:03:12.227,1.50214,1.50222,2.20,1.00
2015.12.16 15:03:13.190,1.50215,1.50222,1.20,1.00
2015.12.16 15:03:14.615,1.50214,1.50222,1.12,2.25
2015.12.16 15:03:15.131,1.50214,1.50222,1.12,1.50
2015.12.16 15:03:15.678,1.50214,1.50222,1.12,2.25
2015.12.16 15:03:15.983,1.50216,1.50225,1.37,1.87
2015.12.16 15:03:16.543,1.50215,1.50224,1.87,1.47
2015.12.16 15:03:17.259,1.50216,1.50224,1.57,1.47
2015.12.16 15:03:17.362,1.50218,1.50227,1.12,1.10
2015.12.16 15:03:17.414,1.50218,1.50227,1.87,1.10
2015.12.16 15:03:17.922,1.50218,1.50227,2.62,1.95
2015.12.16 15:03:18.445,1.5022,1.50228,5.25,1.87
2015.12.16 15:03:18.792,1.50223,1.5023,1.65,1.12
2015.12.16 15:03:19.098,1.50223,1.50227,1.57,1.37
2015.12.16 15:03:19.751,1.50223,1.50227,1.57,1.12
2015.12.16 15:03:20.254,1.50223,1.50226,1.57,1.37
2015.12.16 15:03:20.760,1.50223,1.50227,1.57,1.37
2015.12.16 15:03:21.815,1.50221,1.50227,1.10,1.87
2015.12.16 15:03:21.866,1.50221,1.50225,1.10,1.37
2015.12.16 15:03:22.019,1.50218,1.50225,1.50,1.47
2015.12.16 15:03:22.748,1.50218,1.50225,1.50,1.20
2015.12.16 15:03:23.001,1.50219,1.50227,1.50,1.12
2015.12.16 15:03:23.053,1.50219,1.50229,3.07,2.32
2015.12.16 15:03:23.642,1.50221,1.50226,4.20,1.12
2015.12.16 15:03:24.151,1.50221,1.50227,4.20,1.12
2015.12.16 15:03:25.492,1.50221,1.50227,4.20,1.37
2015.12.16 15:03:26.068,1.50221,1.50226,4.20,1.37
2015.12.16 15:03:26.476,1.50221,1.50227,4.20,1.12
2015.12.16 15:03:26.980,1.50221,1.50226,4.20,1.12
2015.12.16 15:03:27.590,1.50221,1.50226,4.20,1.37
2015.12.16 15:03:28.372,1.50221,1.50227,4.20,1.37
2015.12.16 15:03:29.317,1.5022,1.50227,1.95,1.37
2015.12.16 15:03:30.559,1.5022,1.50225,1.45,1.12
2015.12.16 15:03:30.763,1.50217,1.50224,5.77,1.87
2015.12.16 15:03:32.733,1.50217,1.50226,7.20,1.12
2015.12.16 15:03:32.989,1.50221,1.50229,1.00,3.07
2015.12.16 15:03:33.040,1.5022,1.50229,1.20,3.07
2015.12.16 15:03:33.575,1.50219,1.50226,4.20,1.12
2015.12.16 15:03:33.627,1.50218,1.50226,1.50,2.62
2015.12.16 15:03:33.679,1.50218,1.50224,1.50,1.37
2015.12.16 15:03:33.730,1.50217,1.50222,4.87,1.10
2015.12.16 15:03:33.783,1.50217,1.50221,4.87,1.37
2015.12.16 15:03:34.293,1.50216,1.5022,4.87,1.87
2015.12.16 15:03:34.590,1.50213,1.5022,2.25,1.87
2015.12.16 15:03:35.719,1.50213,1.5022,2.25,1.12
2015.12.16 15:03:36.632,1.50213,1.50221,3.00,1.47
2015.12.16 15:03:36.684,1.50214,1.50222,1.57,1.20
2015.12.16 15:03:37.052,1.50217,1.50222,1.00,1.47
2015.12.16 15:03:37.560,1.50216,1.50219,4.00,3.00
2015.12.16 15:03:38.124,1.50211,1.5022,4.12,1.65
2015.12.16 15:03:38.683,1.50212,1.5022,1.37,1.65
2015.12.16 15:03:40.192,1.50213,1.5022,1.12,1.20
2015.12.16 15:03:40.886,1.50213,1.5022,3.37,1.47
2015.12.16 15:03:40.989,1.50213,1.50222,3.82,1.20
2015.12.16 15:03:42.318,1.50214,1.50221,1.87,1.50
2015.12.16 15:03:42.828,1.50213,1.5022,3.00,1.57
2015.12.16 15:03:43.338,1.50213,1.50221,2.62,2.25
2015.12.16 15:03:43.884,1.50214,1.5022,1.37,1.57
2015.12.16 15:03:44.402,1.50214,1.50221,1.37,2.25
2015.12.16 15:03:45.312,1.50214,1.50221,1.12,1.95
2015.12.16 15:03:45.845,1.50214,1.5022,1.12,1.47
2015.12.16 15:03:47.000,1.5021,1.50219,1.37,1.95
2015.12.16 15:03:47.506,1.50211,1.50219,1.50,1.57
2015.12.16 15:03:48.458,1.50214,1.5022,1.00,1.95
2015.12.16 15:03:50.345,1.50214,1.5022,1.00,1.20
2015.12.16 15:03:50.653,1.50217,1.50223,1.37,1.12
2015.12.16 15:03:50.806,1.50217,1.50224,1.37,1.95
2015.12.16 15:03:51.463,1.50217,1.50224,1.37,2.62
2015.12.16 15:03:52.593,1.50217,1.50224,1.12,2.25
2015.12.16 15:03:54.561,1.50216,1.50224,1.00,2.25
2015.12.16 15:03:57.031,1.50215,1.50224,3.00,1.50
2015.12.16 15:03:58.933,1.50216,1.50224,1.00,2.32
2015.12.16 15:04:01.241,1.50216,1.50224,2.32,1.57
2015.12.16 15:04:01.544,1.50219,1.50227,1.47,1.50
2015.12.16 15:04:02.103,1.5022,1.50227,1.12,1.12
2015.12.16 15:04:02.205,1.50218,1.50225,2.32,1.50
2015.12.16 15:04:02.995,1.50216,1.50224,2.32,1.00
2015.12.16 15:04:03.510,1.50219,1.50226,1.10,1.50
2015.12.16 15:04:04.002,1.5022,1.50228,1.20,4.87
2015.12.16 15:04:04.155,1.5022,1.50228,1.20,1.87
2015.12.16 15:04:04.460,1.50219,1.50227,1.12,1.87
2015.12.16 15:04:04.664,1.50217,1.50226,2.70,3.45
2015.12.16 15:04:05.768,1.50217,1.50225,2.32,1.57
2015.12.16 15:04:06.318,1.50217,1.50226,2.32,2.70
2015.12.16 15:04:08.041,1.50218,1.50225,1.10,1.95
2015.12.16 15:04:08.574,1.50217,1.50225,1.07,1.95
2015.12.16 15:04:09.082,1.50216,1.50224,1.12,1.10
2015.12.16 15:04:09.839,1.50218,1.50224,1.00,1.47
2015.12.16 15:04:10.861,1.50218,1.50226,1.00,1.95
2015.12.16 15:04:11.777,1.50217,1.50222,1.95,1.00
2015.12.16 15:04:11.981,1.50212,1.50219,1.00,1.00
2015.12.16 15:04:12.134,1.50212,1.50219,1.00,1.87
2015.12.16 15:04:12.692,1.50212,1.50221,2.25,1.95
2015.12.16 15:04:13.201,1.50212,1.5022,1.00,1.50
2015.12.16 15:04:13.741,1.50213,1.50221,1.50,1.50
2015.12.16 15:04:14.332,1.50213,1.50223,4.57,3.07
2015.12.16 15:04:14.386,1.50216,1.50224,1.50,7.50
2015.12.16 15:04:14.890,1.50215,1.50223,1.12,1.07
2015.12.16 15:04:15.404,1.50215,1.50224,1.20,1.95
2015.12.16 15:04:16.108,1.50216,1.50224,1.00,2.70
2015.12.16 15:04:16.412,1.50213,1.5022,2.40,1.12
2015.12.16 15:04:16.920,1.50212,1.5022,1.00,2.32
2015.12.16 15:04:23.622,1.50211,1.50218,2.62,2.25
2015.12.16 15:04:24.343,1.50211,1.50219,4.12,1.57
2015.12.16 15:04:24.649,1.50214,1.50219,1.12,1.00
2015.12.16 15:04:25.265,1.50213,1.50218,2.25,2.32
2015.12.16 15:04:25.673,1.50213,1.50219,2.25,1.50
2015.12.16 15:04:26.687,1.50213,1.50221,3.00,1.57
2015.12.16 15:04:28.274,1.50215,1.50221,1.00,1.45
2015.12.16 15:04:28.785,1.50213,1.50222,3.90,1.45
2015.12.16 15:04:29.335,1.50213,1.5022,3.00,1.47
2015.12.16 15:04:29.536,1.50211,1.50219,1.50,1.87
2015.12.16 15:04:29.688,1.50213,1.50219,1.12,1.47
2015.12.16 15:04:29.740,1.50213,1.5022,1.12,1.12
2015.12.16 15:04:29.841,1.50214,1.50222,1.12,1.07
2015.12.16 15:04:30.248,1.50212,1.5022,1.12,1.27
2015.12.16 15:04:30.350,1.50212,1.5022,1.00,4.65
2015.12.16 15:04:31.049,1.50211,1.5022,1.12,4.87
2015.12.16 15:04:31.557,1.50212,1.50218,1.00,1.95
2015.12.16 15:04:32.095,1.50212,1.50218,1.00,1.95
2015.12.16 15:04:33.469,1.50212,1.50219,1.00,1.12
2015.12.16 15:04:33.977,1.50212,1.50219,1.00,1.47
2015.12.16 15:04:34.484,1.50212,1.50218,1.00,1.47
2015.12.16 15:04:34.895,1.50213,1.50218,2.32,1.37
2015.12.16 15:04:34.946,1.50214,1.50222,1.50,2.70
2015.12.16 15:04:35.251,1.50216,1.50223,1.00,2.62
2015.12.16 15:04:35.354,1.50216,1.50224,1.50,1.20
2015.12.16 15:04:35.659,1.50218,1.50225,1.00,2.25
2015.12.16 15:04:35.710,1.50216,1.50224,1.50,1.20
2015.12.16 15:04:36.329,1.50216,1.50225,2.40,1.27
2015.12.16 15:04:37.396,1.50216,1.50224,1.95,1.00
2015.12.16 15:04:37.837,1.50213,1.5022,1.12,1.00
2015.12.16 15:04:37.948,1.50211,1.5022,3.37,2.70
2015.12.16 15:04:38.455,1.50215,1.50221,1.00,1.07
2015.12.16 15:04:38.817,1.50216,1.50224,1.00,2.32
2015.12.16 15:04:42.050,1.50217,1.50225,1.00,3.75
2015.12.16 15:04:42.254,1.50219,1.50226,1.20,1.12
2015.12.16 15:04:42.357,1.5022,1.50229,1.50,2.25
2015.12.16 15:04:42.967,1.50222,1.5023,1.50,4.87
2015.12.16 15:04:43.477,1.50224,1.50229,1.50,1.12
2015.12.16 15:04:44.090,1.50224,1.50229,1.50,1.37
2015.12.16 15:04:44.242,1.50225,1.50233,1.57,3.37
2015.12.16 15:04:45.167,1.50225,1.50231,1.20,1.00
2015.12.16 15:04:45.595,1.50223,1.50228,1.50,1.00
2015.12.16 15:04:45.967,1.50218,1.50228,4.12,4.57
2015.12.16 15:04:46.170,1.50219,1.50226,1.45,1.37
2015.12.16 15:04:46.977,1.50218,1.50226,3.75,1.87
2015.12.16 15:04:48.038,1.50218,1.50225,1.95,1.12
2015.12.16 15:04:48.140,1.50217,1.50221,1.12,1.37
2015.12.16 15:04:48.191,1.50215,1.50221,1.20,1.47
2015.12.16 15:04:48.737,1.50213,1.50222,2.70,1.87
2015.12.16 15:04:49.158,1.50214,1.50222,1.57,1.50
2015.12.16 15:04:49.666,1.50215,1.50223,2.62,1.00
2015.12.16 15:04:50.528,1.50215,1.50224,2.62,1.12
2015.12.16 15:04:52.152,1.50215,1.50224,2.62,1.00
2015.12.16 15:04:53.202,1.5022,1.50226,1.50,1.87
2015.12.16 15:04:53.398,1.5022,1.50227,2.25,1.00
2015.12.16 15:04:54.164,1.5022,1.50226,2.25,1.12
2015.12.16 15:04:54.666,1.50218,1.50224,1.12,1.37
2015.12.16 15:04:54.920,1.50215,1.50224,3.37,1.87
2015.12.16 15:04:56.059,1.50216,1.50226,2.40,2.25
2015.12.16 15:04:56.570,1.50216,1.50226,2.40,2.25
2015.12.16 15:04:57.244,1.50216,1.50225,2.40,1.65
2015.12.16 15:04:57.752,1.50215,1.50224,4.12,1.12
2015.12.16 15:04:58.475,1.50214,1.50219,3.75,1.12
2015.12.16 15:04:58.527,1.50211,1.50219,3.07,1.12
2015.12.16 15:04:59.444,1.50211,1.50219,1.87,1.00
2015.12.16 15:05:00.384,1.50211,1.50218,2.25,1.57
2015.12.16 15:05:00.791,1.50211,1.50217,2.25,1.47
2015.12.16 15:05:01.312,1.50211,1.50219,1.87,3.37
2015.12.16 15:05:01.839,1.5021,1.50219,3.07,2.32
2015.12.16 15:05:02.376,1.5021,1.50219,2.62,1.12
2015.12.16 15:05:03.594,1.50211,1.5022,1.37,3.82
2015.12.16 15:05:04.101,1.50211,1.5022,1.57,1.50
2015.12.16 15:05:06.615,1.50212,1.50218,1.00,1.00
2015.12.16 15:05:07.348,1.50212,1.5022,1.00,2.25
2015.12.16 15:05:08.289,1.50211,1.50221,4.20,4.50
2015.12.16 15:05:09.326,1.50211,1.50219,3.00,3.75
2015.12.16 15:05:09.833,1.50211,1.50219,3.75,4.50
2015.12.16 15:05:11.253,1.50211,1.50219,1.00,3.75
2015.12.16 15:05:12.921,1.50211,1.50219,1.12,1.50
2015.12.16 15:05:13.457,1.50211,1.5022,1.10,1.95
2015.12.16 15:05:14.652,1.5021,1.50218,1.87,4.12
2015.12.16 15:05:18.284,1.50209,1.50217,2.62,1.50
2015.12.16 15:05:19.041,1.50209,1.50217,2.62,1.50
2015.12.16 15:05:19.417,1.50209,1.50211,1.12,1.00
2015.12.16 15:05:19.620,1.50204,1.50211,1.12,1.50
2015.12.16 15:05:19.850,1.50203,1.50209,1.37,1.57
2015.12.16 15:05:20.054,1.502,1.50208,1.00,1.47
2015.12.16 15:05:20.561,1.50201,1.50209,1.00,3.45
2015.12.16 15:05:21.075,1.50201,1.50208,1.00,1.10
2015.12.16 15:05:21.229,1.50201,1.50206,1.00,1.00
2015.12.16 15:05:21.761,1.50199,1.50206,1.72,1.00
2015.12.16 15:05:21.914,1.50199,1.50208,1.72,1.10
2015.12.16 15:05:23.566,1.50199,1.50209,2.47,2.32
2015.12.16 15:05:23.693,1.50199,1.50209,3.22,2.32
2015.12.16 15:05:24.216,1.50199,1.50209,1.80,2.62
2015.12.16 15:05:24.856,1.50199,1.50209,2.55,3.37
2015.12.16 15:05:25.374,1.50199,1.50209,1.80,2.62
2015.12.16 15:05:26.180,1.50199,1.50209,2.55,3.37
2015.12.16 15:05:26.687,1.502,1.50209,1.00,1.50
2015.12.16 15:05:26.991,1.50199,1.50205,1.67,1.00
2015.12.16 15:05:27.341,1.50193,1.50196,1.00,1.50
2015.12.16 15:05:27.393,1.5019,1.50196,1.00,1.12
2015.12.16 15:05:27.699,1.50191,1.50197,1.00,1.87
2015.12.16 15:05:28.526,1.5019,1.50197,1.30,1.12
2015.12.16 15:05:29.096,1.5019,1.50198,1.72,1.47
2015.12.16 15:05:29.503,1.50194,1.502,1.12,1.95
2015.12.16 15:05:29.817,1.50197,1.50204,1.72,3.82
2015.12.16 15:05:29.869,1.50199,1.50206,1.12,1.00
2015.12.16 15:05:31.787,1.502,1.50206,1.00,1.87
2015.12.16 15:05:31.889,1.50202,1.50208,1.00,1.37
2015.12.16 15:05:32.193,1.502,1.50206,1.12,1.12
2015.12.16 15:05:32.693,1.502,1.50205,1.12,1.37
2015.12.16 15:05:32.795,1.50199,1.50207,1.47,1.50
2015.12.16 15:05:33.304,1.50199,1.50206,1.95,1.12
2015.12.16 15:05:33.805,1.50199,1.50206,1.95,1.37
2015.12.16 15:05:34.313,1.50199,1.50206,1.95,1.12
2015.12.16 15:05:35.301,1.50198,1.50206,2.02,1.37
2015.12.16 15:05:35.808,1.50198,1.50204,1.65,1.12
2015.12.16 15:05:36.172,1.50198,1.50206,1.20,1.12
2015.12.16 15:05:36.978,1.50197,1.50206,2.40,1.87
2015.12.16 15:05:37.486,1.50196,1.50206,3.45,2.62
2015.12.16 15:05:37.876,1.50197,1.50205,1.17,1.37
2015.12.16 15:05:38.304,1.50197,1.50206,1.17,3.37
2015.12.16 15:05:38.761,1.50196,1.50204,2.02,1.00
2015.12.16 15:05:39.269,1.50195,1.50203,1.95,1.00
2015.12.16 15:05:40.763,1.50193,1.50202,4.12,1.00
2015.12.16 15:05:41.304,1.50193,1.50203,3.75,1.50
2015.12.16 15:05:41.811,1.50195,1.502,1.07,1.00
2015.12.16 15:05:41.862,1.50193,1.502,3.82,5.62
2015.12.16 15:05:41.913,1.50192,1.50199,2.02,1.12
2015.12.16 15:05:42.116,1.50189,1.50199,1.37,2.77
2015.12.16 15:05:42.973,1.50191,1.50199,1.20,1.37
2015.12.16 15:05:43.024,1.50193,1.502,1.00,3.75
2015.12.16 15:05:43.228,1.50194,1.50203,1.95,1.12
2015.12.16 15:05:43.422,1.50194,1.50203,1.12,3.07
2015.12.16 15:05:43.727,1.5019,1.502,2.70,1.87
2015.12.16 15:05:44.234,1.50189,1.50198,4.12,1.00
2015.12.16 15:05:44.835,1.50189,1.50198,1.00,1.20
2015.12.16 15:05:44.937,1.50188,1.50196,1.37,1.00
2015.12.16 15:05:45.039,1.50187,1.50195,2.32,1.00
2015.12.16 15:05:45.090,1.50187,1.50193,1.12,1.00
2015.12.16 15:05:45.192,1.50184,1.50193,1.20,1.20
2015.12.16 15:05:45.447,1.50183,1.50188,1.00,1.00
2015.12.16 15:05:45.550,1.50179,1.50188,2.02,1.12
2015.12.16 15:05:45.601,1.50179,1.50188,1.00,4.50
2015.12.16 15:05:47.110,1.50178,1.50185,3.75,1.00
2015.12.16 15:05:47.415,1.50171,1.50175,1.50,1.37
2015.12.16 15:05:47.518,1.50161,1.50168,1.00,1.00
2015.12.16 15:05:47.570,1.50158,1.50168,4.50,3.37
2015.12.16 15:05:47.823,1.50156,1.50164,1.87,1.37
2015.12.16 15:05:48.066,1.50156,1.50165,1.87,1.12
2015.12.16 15:05:48.118,1.50156,1.50164,1.12,1.37
2015.12.16 15:05:48.626,1.50153,1.50163,5.25,1.50
2015.12.16 15:05:49.247,1.50154,1.50162,1.82,1.00
2015.12.16 15:05:49.552,1.50151,1.50158,1.57,1.00
2015.12.16 15:05:49.603,1.50149,1.50158,3.37,1.00
2015.12.16 15:05:50.274,1.5015,1.50159,1.82,1.12
2015.12.16 15:05:51.177,1.5015,1.50158,1.82,1.00
2015.12.16 15:05:51.927,1.50149,1.50151,1.00,2.25
2015.12.16 15:05:51.981,1.50145,1.5015,1.27,2.25
2015.12.16 15:05:52.812,1.50146,1.50153,1.20,1.12
2015.12.16 15:05:53.320,1.50147,1.50154,1.10,1.00
2015.12.16 15:05:54.614,1.50145,1.50152,1.95,1.00
2015.12.16 15:05:54.915,1.50144,1.5015,1.10,3.75
2015.12.16 15:05:55.223,1.50136,1.5014,3.75,1.37
2015.12.16 15:05:55.325,1.50135,1.50141,3.00,1.12
2015.12.16 15:05:55.696,1.50135,1.50145,3.00,1.37
2015.12.16 15:05:56.938,1.50136,1.50144,1.20,1.37
2015.12.16 15:05:57.226,1.50136,1.50145,1.20,1.12
2015.12.16 15:05:58.238,1.50135,1.50145,2.25,1.87
2015.12.16 15:05:58.527,1.50135,1.50145,2.62,1.87
2015.12.16 15:06:00.100,1.50135,1.50144,1.12,1.50
2015.12.16 15:06:00.456,1.50135,1.50139,1.12,2.62
2015.12.16 15:06:00.559,1.50131,1.50139,1.37,1.87
2015.12.16 15:06:01.068,1.50132,1.50139,1.57,1.00
2015.12.16 15:06:01.304,1.50136,1.50146,1.00,1.57
2015.12.16 15:06:01.356,1.50136,1.50147,1.00,2.77
2015.12.16 15:06:01.918,1.50135,1.50147,1.10,2.02
2015.12.16 15:06:02.021,1.50133,1.50144,3.45,1.00
2015.12.16 15:06:02.074,1.50134,1.50141,1.00,1.37
2015.12.16 15:06:02.466,1.50132,1.50144,1.55,2.70
2015.12.16 15:06:03.063,1.50133,1.50143,1.57,1.50
2015.12.16 15:06:03.165,1.50133,1.50145,3.07,1.27
2015.12.16 15:06:03.216,1.50136,1.50147,1.00,1.27
2015.12.16 15:06:04.321,1.50136,1.50146,1.95,3.00
2015.12.16 15:06:04.828,1.50138,1.50146,1.57,2.62
2015.12.16 15:06:05.168,1.5014,1.50146,1.50,2.25
2015.12.16 15:06:05.833,1.50139,1.50146,1.00,2.25
2015.12.16 15:06:06.373,1.5014,1.50147,1.00,1.00
2015.12.16 15:06:08.156,1.50141,1.50148,1.00,2.62
2015.12.16 15:06:08.851,1.50141,1.5015,1.50,1.00
2015.12.16 15:06:09.460,1.50141,1.5015,1.37,1.87
2015.12.16 15:06:10.082,1.5014,1.50149,4.87,1.50
2015.12.16 15:06:10.666,1.5014,1.50149,4.87,1.00
2015.12.16 15:06:10.972,1.5014,1.50147,4.87,2.25
2015.12.16 15:06:11.499,1.50141,1.50147,1.12,2.25
2015.12.16 15:06:13.011,1.5014,1.50147,1.12,2.25
2015.12.16 15:06:13.521,1.5014,1.50147,1.87,2.25
2015.12.16 15:06:14.703,1.50142,1.50147,1.00,2.25
2015.12.16 15:06:15.891,1.50142,1.50151,1.00,2.25
2015.12.16 15:06:16.298,1.50141,1.50151,1.87,3.00
2015.12.16 15:06:16.605,1.50139,1.50146,1.20,2.25
2015.12.16 15:06:16.707,1.50137,1.50146,1.27,2.62
2015.12.16 15:06:17.214,1.50136,1.50145,1.27,1.00
2015.12.16 15:06:17.889,1.50135,1.50145,3.45,1.87
2015.12.16 15:06:18.177,1.50136,1.50145,1.27,1.12
2015.12.16 15:06:18.330,1.50138,1.50148,1.17,2.25
2015.12.16 15:06:18.635,1.50143,1.50148,2.25,1.12
2015.12.16 15:06:18.901,1.50147,1.50157,1.12,1.95
2015.12.16 15:06:18.952,1.50149,1.50157,1.10,1.50
2015.12.16 15:06:19.187,1.50149,1.50154,1.12,1.00
2015.12.16 15:06:19.391,1.50148,1.50158,1.27,5.25
2015.12.16 15:06:19.898,1.50149,1.50155,1.10,2.25
2015.12.16 15:06:20.402,1.50147,1.50155,1.17,2.25
2015.12.16 15:06:20.606,1.50145,1.50155,1.20,5.32
2015.12.16 15:06:20.657,1.50145,1.50151,1.10,1.00
2015.12.16 15:06:20.709,1.5014,1.50151,3.45,1.57
2015.12.16 15:06:20.862,1.50138,1.50149,6.15,1.37
2015.12.16 15:06:21.473,1.50137,1.50146,4.87,1.20
2015.12.16 15:06:22.459,1.50138,1.50147,1.50,1.20
2015.12.16 15:06:23.013,1.5014,1.50147,1.00,1.12
2015.12.16 15:06:23.678,1.50138,1.50149,1.87,5.02
2015.12.16 15:06:24.262,1.50137,1.50146,1.00,2.32
2015.12.16 15:06:24.314,1.50134,1.50144,1.57,1.10
2015.12.16 15:06:24.366,1.50134,1.50144,1.12,1.57
2015.12.16 15:06:24.828,1.50132,1.50141,1.47,3.82
2015.12.16 15:06:25.539,1.50131,1.50141,1.20,4.27
2015.12.16 15:06:26.080,1.50131,1.50141,1.12,4.57
2015.12.16 15:06:26.700,1.5013,1.50141,2.32,5.32
2015.12.16 15:06:27.250,1.5013,1.5014,1.17,1.87
2015.12.16 15:06:27.607,1.50135,1.50141,1.00,1.00
2015.12.16 15:06:29.015,1.50135,1.50143,1.00,1.65
2015.12.16 15:06:29.537,1.50134,1.50143,1.00,1.65
2015.12.16 15:06:30.046,1.50133,1.50143,1.12,1.95
2015.12.16 15:06:30.948,1.50133,1.50143,1.95,1.57
2015.12.16 15:06:31.304,1.50131,1.50139,4.65,1.00
2015.12.16 15:06:31.356,1.50131,1.50139,1.20,1.00
2015.12.16 15:06:31.509,1.50133,1.50142,1.00,1.85
2015.12.16 15:06:31.895,1.50129,1.50131,4.12,1.00
2015.12.16 15:06:31.947,1.5012,1.50126,1.00,1.50
2015.12.16 15:06:32.050,1.50118,1.5012,1.00,1.00
2015.12.16 15:06:32.103,1.50113,1.5012,3.75,1.12
2015.12.16 15:06:32.155,1.50113,1.50116,3.75,1.00
2015.12.16 15:06:32.257,1.50108,1.50114,3.82,1.00
2015.12.16 15:06:32.309,1.50107,1.50114,7.00,1.45
2015.12.16 15:06:32.361,1.50103,1.50114,4.87,1.82
2015.12.16 15:06:32.464,1.50102,1.5011,1.00,1.00
2015.12.16 15:06:32.618,1.50104,1.50109,1.37,1.20
2015.12.16 15:06:32.920,1.50099,1.50104,1.00,1.00
2015.12.16 15:06:33.073,1.50099,1.50104,1.12,1.20
2015.12.16 15:06:33.175,1.50098,1.50107,1.00,5.02
2015.12.16 15:06:33.227,1.50096,1.50106,1.12,1.20
2015.12.16 15:06:33.330,1.50094,1.50106,2.70,1.57
2015.12.16 15:06:33.535,1.50093,1.50105,1.50,2.25
2015.12.16 15:06:34.058,1.50096,1.50105,1.00,1.20
2015.12.16 15:06:34.111,1.50101,1.50109,1.00,1.52
2015.12.16 15:06:34.215,1.50099,1.50109,1.12,1.52
2015.12.16 15:06:34.733,1.50098,1.50109,1.87,1.52
2015.12.16 15:06:34.937,1.50102,1.5011,1.12,2.25
2015.12.16 15:06:35.039,1.50106,1.50113,1.50,1.00
2015.12.16 15:06:35.262,1.50109,1.50113,1.37,1.00
2015.12.16 15:06:35.313,1.50111,1.5012,1.87,2.32
2015.12.16 15:06:35.839,1.50109,1.50121,1.87,1.57
2015.12.16 15:06:36.348,1.5011,1.50121,1.12,1.55
2015.12.16 15:06:36.923,1.5011,1.50123,3.00,3.37
2015.12.16 15:06:36.975,1.50111,1.50123,1.07,3.00
2015.12.16 15:06:37.284,1.50119,1.50126,1.00,3.75
2015.12.16 15:06:37.385,1.50119,1.5013,1.95,1.57
2015.12.16 15:06:37.984,1.5012,1.50131,1.00,1.57
2015.12.16 15:06:38.036,1.5012,1.50132,1.37,1.65
2015.12.16 15:06:38.138,1.50123,1.50132,1.00,1.00
2015.12.16 15:06:38.240,1.50123,1.50135,3.15,1.37
2015.12.16 15:06:38.292,1.50126,1.50136,1.00,1.20
2015.12.16 15:06:38.599,1.50124,1.50135,1.47,1.37
2015.12.16 15:06:39.128,1.50123,1.50135,1.65,1.37
2015.12.16 15:06:39.817,1.50123,1.50135,1.57,1.75
2015.12.16 15:06:40.173,1.50123,1.50134,1.00,1.50
2015.12.16 15:06:40.682,1.50124,1.50134,1.00,1.50
2015.12.16 15:06:41.532,1.50124,1.50134,1.00,1.45
2015.12.16 15:06:41.735,1.50124,1.50135,1.87,1.12
2015.12.16 15:06:42.242,1.50124,1.50135,2.62,1.75
2015.12.16 15:06:43.153,1.50125,1.50135,1.37,1.12
2015.12.16 15:06:43.459,1.50128,1.50136,1.00,1.12
2015.12.16 15:06:43.510,1.5013,1.50137,1.00,1.00
2015.12.16 15:06:43.562,1.50131,1.50139,1.87,1.50
2015.12.16 15:06:43.964,1.50134,1.5014,1.12,1.47
2015.12.16 15:06:44.471,1.50133,1.50144,1.12,2.25
2015.12.16 15:06:44.523,1.50133,1.50144,1.12,2.25
2015.12.16 15:06:44.574,1.50136,1.50143,1.87,1.00
2015.12.16 15:06:45.189,1.50136,1.50147,1.87,2.25
2015.12.16 15:06:45.699,1.50137,1.50146,1.37,1.20
2015.12.16 15:06:45.750,1.50136,1.50147,1.12,1.50
2015.12.16 15:06:45.853,1.50137,1.50147,1.87,1.50
2015.12.16 15:06:46.005,1.50137,1.50148,1.37,1.87
2015.12.16 15:06:47.332,1.50137,1.50148,1.00,1.57
2015.12.16 15:06:47.841,1.50136,1.50147,1.00,1.95
2015.12.16 15:06:48.149,1.50138,1.50147,1.00,1.20
2015.12.16 15:06:49.529,1.50138,1.50148,1.00,2.70
2015.12.16 15:06:50.034,1.50137,1.50148,1.57,1.07
2015.12.16 15:06:50.997,1.50137,1.50148,2.40,1.65
2015.12.16 15:06:53.302,1.50137,1.50148,2.32,1.95
2015.12.16 15:06:53.906,1.50135,1.50147,4.50,1.57
2015.12.16 15:06:54.110,1.5014,1.5015,1.12,1.55
2015.12.16 15:06:54.265,1.5014,1.50151,1.57,1.50
2015.12.16 15:06:54.825,1.50139,1.50151,2.32,1.75
2015.12.16 15:06:55.113,1.50141,1.50151,1.10,1.00
2015.12.16 15:06:55.166,1.50144,1.50153,1.00,2.02
2015.12.16 15:06:55.270,1.50145,1.50154,2.62,1.12
2015.12.16 15:06:55.322,1.50147,1.50156,1.00,3.07
2015.12.16 15:06:55.863,1.50146,1.50154,1.00,1.00
2015.12.16 15:06:56.119,1.50148,1.50157,1.12,1.12
2015.12.16 15:06:56.415,1.50149,1.50158,1.95,1.47
2015.12.16 15:06:56.923,1.50147,1.50158,3.07,1.47
2015.12.16 15:06:57.883,1.50152,1.50162,1.27,1.12
2015.12.16 15:06:58.138,1.50151,1.5016,3.37,1.00
2015.12.16 15:06:58.240,1.50149,1.5016,1.57,1.50
2015.12.16 15:06:58.341,1.50148,1.50158,1.07,1.37
2015.12.16 15:06:58.596,1.50148,1.50157,1.00,1.00
2015.12.16 15:06:59.231,1.50149,1.50159,1.45,1.20
2015.12.16 15:06:59.991,1.50149,1.50159,1.57,1.50
2015.12.16 15:07:00.561,1.50149,1.50159,1.20,1.37
2015.12.16 15:07:00.663,1.50147,1.50158,2.02,1.20
2015.12.16 15:07:02.613,1.50147,1.50158,1.27,1.65
2015.12.16 15:07:03.177,1.50147,1.50158,1.27,1.20
2015.12.16 15:07:03.280,1.50147,1.50157,1.12,1.45
2015.12.16 15:07:06.930,1.50147,1.50158,1.00,1.57
2015.12.16 15:07:07.857,1.5015,1.50159,1.00,2.25
2015.12.16 15:07:07.908,1.5015,1.5016,1.00,1.47
2015.12.16 15:07:08.416,1.50148,1.50159,2.40,1.00
2015.12.16 15:07:09.342,1.50148,1.5016,1.52,1.65
2015.12.16 15:07:09.854,1.50148,1.50159,1.37,1.17
2015.12.16 15:07:10.363,1.50147,1.50157,3.75,1.57
2015.12.16 15:07:10.817,1.50143,1.50152,1.12,1.12
2015.12.16 15:07:10.869,1.50139,1.5015,4.12,1.95
2015.12.16 15:07:11.074,1.50139,1.50148,1.00,1.45
2015.12.16 15:07:11.481,1.50138,1.50148,1.00,1.15
2015.12.16 15:07:11.839,1.50139,1.50148,1.37,1.65
2015.12.16 15:07:12.268,1.50135,1.50144,1.37,1.57
2015.12.16 15:07:12.837,1.50137,1.50145,1.12,1.27
2015.12.16 15:07:13.414,1.50136,1.50146,1.12,1.95
2015.12.16 15:07:13.950,1.50137,1.50146,1.00,1.57
2015.12.16 15:07:16.170,1.50136,1.50145,1.50,1.65
2015.12.16 15:07:16.930,1.50136,1.50145,1.50,1.65
2015.12.16 15:07:17.656,1.50137,1.50145,2.25,1.17
2015.12.16 15:07:17.760,1.50138,1.50149,2.25,1.20
2015.12.16 15:07:18.616,1.50141,1.50149,1.50,1.20
2015.12.16 15:07:19.125,1.50141,1.50149,1.00,1.20
2015.12.16 15:07:19.227,1.50139,1.50149,1.75,1.50
2015.12.16 15:07:19.766,1.50138,1.50149,3.00,1.00
2015.12.16 15:07:20.174,1.50137,1.50148,3.15,1.00
2015.12.16 15:07:20.382,1.50137,1.50147,2.32,1.37
2015.12.16 15:07:22.998,1.50137,1.50145,1.50,1.00
2015.12.16 15:07:24.049,1.50136,1.50146,2.40,1.00
2015.12.16 15:07:25.569,1.50139,1.50147,1.00,5.25
2015.12.16 15:07:25.622,1.50139,1.50147,1.00,2.25
2015.12.16 15:07:25.673,1.50139,1.50147,2.25,1.50
2015.12.16 15:07:30.345,1.50146,1.50148,1.12,1.50
2015.12.16 15:07:30.397,1.50148,1.50156,1.50,2.25
2015.12.16 15:07:30.803,1.50148,1.50156,1.37,1.50
2015.12.16 15:07:31.311,1.50149,1.50156,1.50,3.75
2015.12.16 15:07:31.514,1.5015,1.50158,1.57,3.75
2015.12.16 15:07:32.022,1.5015,1.50158,1.57,3.75
2015.12.16 15:07:34.285,1.50149,1.50158,2.25,3.75
2015.12.16 15:07:36.021,1.50147,1.50157,2.32,3.75
2015.12.16 15:07:37.718,1.50148,1.50155,1.10,1.37
2015.12.16 15:07:38.092,1.50148,1.50156,3.07,1.12
2015.12.16 15:07:38.194,1.5015,1.50157,1.37,1.50
2015.12.16 15:07:38.398,1.50149,1.50158,1.95,3.75
2015.12.16 15:07:38.905,1.50149,1.50158,1.47,3.75
2015.12.16 15:07:39.536,1.50152,1.50156,1.00,1.12
2015.12.16 15:07:39.790,1.50152,1.50162,2.32,3.00
2015.12.16 15:07:40.297,1.50152,1.50161,1.95,1.37
2015.12.16 15:07:40.824,1.50152,1.50162,1.47,3.37
2015.12.16 15:07:41.130,1.50149,1.50157,3.37,1.50
2015.12.16 15:07:41.436,1.50149,1.50155,2.62,1.12
2015.12.16 15:07:43.994,1.50148,1.50156,1.37,1.12
2015.12.16 15:07:44.622,1.50147,1.50155,1.37,4.95
2015.12.16 15:07:45.423,1.50148,1.50156,2.25,1.82
2015.12.16 15:07:46.339,1.50148,1.50156,3.00,1.82
2015.12.16 15:07:46.972,1.50148,1.50157,3.00,1.87
2015.12.16 15:07:47.175,1.5015,1.50158,2.25,1.27
2015.12.16 15:07:47.226,1.5015,1.50158,2.25,1.27
2015.12.16 15:07:48.232,1.50156,1.5016,1.00,3.00
2015.12.16 15:07:48.385,1.50155,1.50161,1.87,1.00
2015.12.16 15:07:48.437,1.50155,1.50163,1.87,1.27
2015.12.16 15:07:49.344,1.50154,1.50162,1.37,1.10
2015.12.16 15:07:49.853,1.50154,1.50162,1.37,1.07
2015.12.16 15:07:49.904,1.50158,1.50162,1.00,1.15
2015.12.16 15:07:50.108,1.50157,1.50165,1.37,3.75
2015.12.16 15:07:50.489,1.50158,1.50166,1.50,1.00
2015.12.16 15:07:50.998,1.50159,1.50166,1.00,1.00
2015.12.16 15:07:51.505,1.50159,1.50168,1.87,5.32
2015.12.16 15:07:53.199,1.50159,1.50167,1.12,1.50
2015.12.16 15:07:53.967,1.50159,1.50167,1.50,1.50
2015.12.16 15:07:54.627,1.50159,1.50167,1.00,1.57
2015.12.16 15:07:55.159,1.50158,1.50167,1.50,1.95
2015.12.16 15:08:00.180,1.50158,1.50166,1.75,1.07
2015.12.16 15:08:00.488,1.50158,1.50168,1.75,4.65
2015.12.16 15:08:01.477,1.50159,1.50168,1.50,4.57
2015.12.16 15:08:02.669,1.50159,1.50168,1.50,4.57
2015.12.16 15:08:04.483,1.50159,1.50168,1.50,4.57
2015.12.16 15:08:08.090,1.50159,1.50168,2.32,1.50
2015.12.16 15:08:08.796,1.50159,1.50168,2.32,1.12
2015.12.16 15:08:09.306,1.50159,1.50167,1.57,1.00
2015.12.16 15:08:09.560,1.50158,1.50167,2.70,1.50
2015.12.16 15:08:09.898,1.50161,1.50167,1.50,1.50
2015.12.16 15:08:10.204,1.50165,1.50171,2.25,1.87
2015.12.16 15:08:10.306,1.50165,1.50172,3.37,1.50
2015.12.16 15:08:10.560,1.50166,1.50173,1.37,1.50
2015.12.16 15:08:10.765,1.50165,1.50173,3.75,1.87
2015.12.16 15:08:11.639,1.50166,1.50173,1.12,1.87
2015.12.16 15:08:12.167,1.50165,1.50172,2.25,1.00
2015.12.16 15:08:12.218,1.50165,1.50174,2.25,1.20
2015.12.16 15:08:13.490,1.50164,1.50174,3.37,1.20
2015.12.16 15:08:14.016,1.50164,1.50173,3.00,1.00
2015.12.16 15:08:14.573,1.50164,1.50173,3.00,1.00
2015.12.16 15:08:15.075,1.50164,1.50173,2.25,1.00
2015.12.16 15:08:15.650,1.50165,1.50173,1.00,1.00
2015.12.16 15:08:16.158,1.50165,1.50174,1.12,1.57
2015.12.16 15:08:16.659,1.50165,1.50173,1.87,1.00
2015.12.16 15:08:16.761,1.50167,1.50173,1.00,1.00
2015.12.16 15:08:16.914,1.50167,1.50176,1.95,1.50
2015.12.16 15:08:16.966,1.50168,1.50176,1.37,2.25
2015.12.16 15:08:17.473,1.50167,1.50175,1.00,1.12
2015.12.16 15:08:18.023,1.50167,1.50174,1.12,1.12
2015.12.16 15:08:18.530,1.50166,1.50173,1.00,1.12
2015.12.16 15:08:18.733,1.50164,1.50172,1.12,1.12
2015.12.16 15:08:20.569,1.50163,1.50173,2.62,1.00
2015.12.16 15:08:25.719,1.50163,1.50173,2.62,4.12
2015.12.16 15:08:26.230,1.50163,1.50173,1.37,1.50
2015.12.16 15:08:26.737,1.50163,1.50173,1.50,1.12
2015.12.16 15:08:27.508,1.50163,1.50171,1.50,1.50
2015.12.16 15:08:27.762,1.50161,1.50171,1.20,2.25
2015.12.16 15:08:27.866,1.5016,1.50168,1.12,1.00
2015.12.16 15:08:28.172,1.50156,1.50165,3.00,1.65
2015.12.16 15:08:28.676,1.50156,1.50165,1.00,1.95
2015.12.16 15:08:28.987,1.50152,1.50157,1.00,1.20
2015.12.16 15:08:29.089,1.50149,1.50155,1.12,1.20
2015.12.16 15:08:29.480,1.50146,1.50155,1.12,2.32
2015.12.16 15:08:30.098,1.50148,1.50156,1.00,3.07
2015.12.16 15:08:30.878,1.50148,1.50156,1.50,2.70
2015.12.16 15:08:31.487,1.50148,1.50156,1.00,1.95
2015.12.16 15:08:31.539,1.50148,1.50158,1.00,4.50
2015.12.16 15:08:31.641,1.50148,1.50158,1.50,3.52
2015.12.16 15:08:32.212,1.5015,1.50157,1.37,1.20
2015.12.16 15:08:32.382,1.50149,1.50158,1.12,2.02
2015.12.16 15:08:32.889,1.5015,1.50158,1.12,1.57
2015.12.16 15:08:33.106,1.50152,1.50159,1.12,1.65
2015.12.16 15:08:33.259,1.50154,1.50163,1.00,2.32
2015.12.16 15:08:33.362,1.50155,1.50163,4.87,1.20
2015.12.16 15:08:33.895,1.50155,1.50164,3.75,1.57
2015.12.16 15:08:34.302,1.50154,1.50164,5.25,1.27
2015.12.16 15:08:35.362,1.50153,1.50164,2.25,1.20
2015.12.16 15:08:35.870,1.50153,1.50163,2.25,1.45
2015.12.16 15:08:36.583,1.50154,1.50164,1.12,1.65
2015.12.16 15:08:36.838,1.50152,1.50163,3.37,5.02
2015.12.16 15:08:37.144,1.5015,1.5016,2.25,1.20
2015.12.16 15:08:38.296,1.50152,1.5016,1.37,4.57
2015.12.16 15:08:39.011,1.50151,1.5016,1.37,4.20
2015.12.16 15:08:39.216,1.50156,1.50164,1.50,1.10
2015.12.16 15:08:39.267,1.50155,1.50161,1.87,1.00
2015.12.16 15:08:39.604,1.50148,1.50158,2.25,4.20
2015.12.16 15:08:39.858,1.50147,1.50156,1.87,1.57
2015.12.16 15:08:40.267,1.50148,1.50156,1.00,1.00
2015.12.16 15:08:40.421,1.50151,1.50159,1.00,4.95
2015.12.16 15:08:40.722,1.50152,1.50157,1.37,1.00
2015.12.16 15:08:40.825,1.50149,1.50157,1.50,1.37
2015.12.16 15:08:40.927,1.50147,1.50156,1.12,1.12
2015.12.16 15:08:41.434,1.50145,1.50155,1.87,2.02
2015.12.16 15:08:41.738,1.50147,1.50155,1.37,1.92
2015.12.16 15:08:42.316,1.50147,1.50155,1.37,2.02
2015.12.16 15:08:42.825,1.50147,1.50155,1.12,1.55
2015.12.16 15:08:43.401,1.50148,1.50155,1.12,1.65
2015.12.16 15:08:43.503,1.50149,1.50156,1.87,1.00
2015.12.16 15:08:43.556,1.5015,1.50158,1.37,5.77
2015.12.16 15:08:43.710,1.50151,1.50158,1.37,1.20
2015.12.16 15:08:44.221,1.5015,1.50158,1.12,1.47
2015.12.16 15:08:44.621,1.50151,1.5016,1.87,1.65
2015.12.16 15:08:45.237,1.50149,1.50158,1.27,1.50
2015.12.16 15:08:45.542,1.50146,1.50155,1.87,3.07
2015.12.16 15:08:46.340,1.50146,1.50155,1.50,3.07
2015.12.16 15:08:47.142,1.50147,1.50155,1.12,2.70
2015.12.16 15:08:47.244,1.5015,1.50157,1.37,1.95
2015.12.16 15:08:47.752,1.50149,1.50158,1.37,4.95
2015.12.16 15:08:48.191,1.5015,1.50158,1.00,1.10
2015.12.16 15:08:48.596,1.5015,1.50161,4.87,3.07
2015.12.16 15:08:48.749,1.50151,1.50161,1.87,1.10
2015.12.16 15:08:49.256,1.50152,1.50161,1.50,1.20
2015.12.16 15:08:49.727,1.50155,1.50163,1.37,1.45
2015.12.16 15:08:49.931,1.50152,1.5016,3.75,1.10
2015.12.16 15:08:50.033,1.50154,1.5016,1.37,1.10
2015.12.16 15:08:50.237,1.50155,1.50162,1.12,1.20
2015.12.16 15:08:51.109,1.50156,1.50162,1.12,1.20
2015.12.16 15:08:51.646,1.50154,1.50162,1.50,1.20
2015.12.16 15:08:52.171,1.50155,1.50165,2.25,4.95
2015.12.16 15:08:52.377,1.50158,1.50165,1.00,3.45
2015.12.16 15:08:52.615,1.50158,1.50165,1.50,2.25
2015.12.16 15:08:53.327,1.50159,1.50167,1.50,1.12
2015.12.16 15:08:53.581,1.50161,1.50168,1.00,1.00
2015.12.16 15:08:53.882,1.50167,1.50173,1.12,1.12
2015.12.16 15:08:54.416,1.50165,1.50174,2.25,1.50
2015.12.16 15:08:54.720,1.50164,1.50173,1.20,1.57
2015.12.16 15:08:56.138,1.50164,1.50173,1.10,2.70
2015.12.16 15:08:57.342,1.50163,1.50172,1.37,1.87
2015.12.16 15:08:57.850,1.50163,1.50172,1.50,1.50
2015.12.16 15:08:58.355,1.50162,1.50172,2.70,1.50
2015.12.16 15:08:59.151,1.50162,1.50172,1.37,1.65
2015.12.16 15:08:59.909,1.50165,1.50173,1.00,1.07
2015.12.16 15:08:59.960,1.50165,1.50175,1.12,3.90
2015.12.16 15:09:00.316,1.50165,1.50174,1.00,2.02
2015.12.16 15:09:00.418,1.50164,1.50174,1.12,2.77
2015.12.16 15:09:00.521,1.50164,1.50174,1.12,3.52
2015.12.16 15:09:01.099,1.50164,1.50172,1.00,1.00
2015.12.16 15:09:02.022,1.50164,1.50172,3.75,1.00
2015.12.16 15:09:02.124,1.50164,1.50175,3.75,3.15
2015.12.16 15:09:02.655,1.50166,1.50176,1.00,3.90
2015.12.16 15:09:02.858,1.50167,1.50177,5.25,3.15
2015.12.16 15:09:02.960,1.50167,1.50177,5.25,2.32
2015.12.16 15:09:03.165,1.50167,1.50175,3.75,1.00
2015.12.16 15:09:03.267,1.50166,1.50175,1.87,1.37
2015.12.16 15:09:03.319,1.50168,1.50175,1.00,1.57
2015.12.16 15:09:03.687,1.50171,1.50178,1.37,2.25
2015.12.16 15:09:03.967,1.50168,1.50178,4.20,3.07
2015.12.16 15:09:04.171,1.50168,1.50178,1.00,4.50
2015.12.16 15:09:04.678,1.50167,1.50175,1.00,1.57
2015.12.16 15:09:05.223,1.50168,1.50177,1.00,2.62
2015.12.16 15:09:05.731,1.50168,1.50178,1.00,4.12
2015.12.16 15:09:07.413,1.50169,1.50177,1.00,1.47
2015.12.16 15:09:07.515,1.50169,1.50177,1.20,1.10
2015.12.16 15:09:07.909,1.5017,1.50177,1.47,1.00
2015.12.16 15:09:08.455,1.50172,1.50177,1.10,1.00
2015.12.16 15:09:09.161,1.5017,1.50179,1.57,1.95
2015.12.16 15:09:10.657,1.50171,1.50179,1.57,1.57
2015.12.16 15:09:13.881,1.5017,1.50179,1.95,1.07
2015.12.16 15:09:14.856,1.5017,1.50179,1.95,1.57
2015.12.16 15:09:15.445,1.5017,1.50179,1.75,2.25
2015.12.16 15:09:16.561,1.50176,1.50179,1.00,1.87
2015.12.16 15:09:16.764,1.50181,1.50186,1.00,1.75
2015.12.16 15:09:17.273,1.50178,1.50186,4.20,1.50
2015.12.16 15:09:17.324,1.50178,1.50186,4.12,1.87
2015.12.16 15:09:17.529,1.50178,1.50186,4.12,4.50
2015.12.16 15:09:19.205,1.50176,1.50185,4.12,3.37
2015.12.16 15:09:22.460,1.50177,1.50185,1.75,2.25
2015.12.16 15:09:22.674,1.50178,1.50185,4.20,1.00
2015.12.16 15:09:23.282,1.50178,1.50186,4.20,1.00
2015.12.16 15:09:23.790,1.50178,1.50186,1.37,1.10
2015.12.16 15:09:25.229,1.50179,1.50184,1.45,1.00
2015.12.16 15:09:25.331,1.50177,1.50182,1.07,1.00
2015.12.16 15:09:25.382,1.50177,1.50182,4.57,1.00
2015.12.16 15:09:25.636,1.50177,1.50182,1.07,1.00
2015.12.16 15:09:25.687,1.50177,1.50182,1.57,1.00
2015.12.16 15:09:25.789,1.50176,1.50182,1.95,1.87
2015.12.16 15:09:26.296,1.50177,1.50182,1.82,1.00
2015.12.16 15:09:26.448,1.50177,1.50186,1.82,1.12
2015.12.16 15:09:26.601,1.50177,1.50185,1.82,1.87
2015.12.16 15:09:27.513,1.50177,1.50185,1.82,1.12
2015.12.16 15:09:28.288,1.50177,1.50185,2.70,1.00
2015.12.16 15:09:28.801,1.50178,1.50186,3.82,1.00
2015.12.16 15:09:28.853,1.50178,1.50188,4.57,2.32
2015.12.16 15:09:29.465,1.50179,1.50187,1.12,1.50
2015.12.16 15:09:29.782,1.50178,1.50186,1.37,1.87
2015.12.16 15:09:30.088,1.50181,1.50189,1.87,1.57
2015.12.16 15:09:31.929,1.50182,1.50188,1.95,1.00
2015.12.16 15:09:35.412,1.50182,1.50188,1.47,1.00
2015.12.16 15:09:37.038,1.50181,1.50188,2.25,1.00
2015.12.16 15:09:37.905,1.50182,1.5019,4.65,1.87
2015.12.16 15:09:37.957,1.50184,1.50192,2.25,1.12
2015.12.16 15:09:38.110,1.50186,1.50195,1.47,1.57
2015.12.16 15:09:38.445,1.5019,1.50197,1.00,1.12
2015.12.16 15:09:38.852,1.50187,1.50195,1.57,1.00
2015.12.16 15:09:39.161,1.50182,1.5019,1.20,1.50
2015.12.16 15:09:39.516,1.50181,1.50191,2.25,6.07
2015.12.16 15:09:39.618,1.50182,1.50191,1.45,2.25
2015.12.16 15:09:40.157,1.50182,1.50191,1.07,1.50
2015.12.16 15:09:41.021,1.50182,1.50191,1.95,1.50
2015.12.16 15:09:42.030,1.50181,1.5019,1.20,1.00
2015.12.16 15:09:42.132,1.50181,1.50189,1.20,3.75
2015.12.16 15:09:42.963,1.5018,1.50189,1.95,4.50
2015.12.16 15:09:43.678,1.50181,1.50189,1.00,4.87
2015.12.16 15:09:44.265,1.5018,1.50189,1.95,5.25
2015.12.16 15:09:45.390,1.50181,1.50189,1.12,5.62
2015.12.16 15:09:45.725,1.50184,1.50191,1.12,1.07
2015.12.16 15:09:46.257,1.50182,1.50191,1.65,1.65
2015.12.16 15:09:46.360,1.50181,1.50191,2.62,1.95
2015.12.16 15:09:46.716,1.50185,1.5019,1.12,1.00
2015.12.16 15:09:47.265,1.50185,1.50193,1.87,1.50
2015.12.16 15:09:47.570,1.50186,1.50195,1.87,1.50
2015.12.16 15:09:47.773,1.50188,1.50196,1.00,1.87
2015.12.16 15:09:48.280,1.50189,1.50197,1.50,1.87
2015.12.16 15:09:48.788,1.50188,1.50197,1.12,1.87
2015.12.16 15:09:49.480,1.50188,1.50197,2.32,1.45
2015.12.16 15:09:49.987,1.50189,1.50197,1.12,1.45
2015.12.16 15:09:50.495,1.50189,1.50198,1.87,4.87
2015.12.16 15:09:51.189,1.50189,1.50198,1.95,4.20
2015.12.16 15:09:52.382,1.50189,1.50198,2.32,1.20
2015.12.16 15:09:52.724,1.50189,1.50197,1.87,1.12
2015.12.16 15:09:52.826,1.50189,1.50198,1.87,1.95
2015.12.16 15:09:53.334,1.5019,1.50198,1.00,1.95
2015.12.16 15:09:53.896,1.50191,1.50199,1.12,1.12
2015.12.16 15:09:58.459,1.50194,1.50201,4.20,1.50
2015.12.16 15:09:58.968,1.50196,1.50205,1.00,1.57
2015.12.16 15:09:59.375,1.50196,1.50206,1.00,3.45
2015.12.16 15:10:00.397,1.50196,1.50206,1.95,1.95
2015.12.16 15:10:00.753,1.50196,1.50202,1.12,1.00
2015.12.16 15:10:01.148,1.50191,1.502,5.62,1.37
2015.12.16 15:10:01.657,1.50191,1.502,2.25,4.50
2015.12.16 15:10:01.862,1.5019,1.50198,1.27,1.00
2015.12.16 15:10:03.008,1.50184,1.50187,3.75,3.37
2015.12.16 15:10:03.165,1.50178,1.50181,1.00,1.00
2015.12.16 15:10:03.217,1.50174,1.50179,3.37,1.00
2015.12.16 15:10:03.268,1.5017,1.50179,2.62,1.37
2015.12.16 15:10:03.319,1.5017,1.50179,2.25,1.37
2015.12.16 15:10:03.421,1.50169,1.50178,3.12,1.07
2015.12.16 15:10:03.994,1.50168,1.50178,5.25,1.82
2015.12.16 15:10:04.299,1.50168,1.50178,1.87,1.87
2015.12.16 15:10:04.757,1.50167,1.50172,1.00,1.00
2015.12.16 15:10:05.047,1.50161,1.50169,1.12,1.37
2015.12.16 15:10:05.402,1.50159,1.50169,1.27,1.87
2015.12.16 15:10:06.074,1.50158,1.50168,1.87,1.87
2015.12.16 15:10:06.480,1.50158,1.50162,1.12,1.00
2015.12.16 15:10:06.786,1.50147,1.50148,1.00,1.00
2015.12.16 15:10:06.888,1.50138,1.50148,1.87,1.37
2015.12.16 15:10:07.358,1.5014,1.5015,1.37,1.65
2015.12.16 15:10:07.615,1.50145,1.50152,1.37,1.87
2015.12.16 15:10:07.974,1.5015,1.50154,1.00,1.20
2015.12.16 15:10:08.026,1.50151,1.50158,1.37,1.75
2015.12.16 15:10:08.079,1.50156,1.50159,1.12,1.20
2015.12.16 15:10:08.130,1.50157,1.50166,1.00,1.87
2015.12.16 15:10:08.418,1.50157,1.50168,1.57,1.95
2015.12.16 15:10:08.926,1.50159,1.50169,1.50,1.50
2015.12.16 15:10:09.550,1.50154,1.50156,1.00,1.00
2015.12.16 15:10:09.602,1.50152,1.50158,1.12,1.37
2015.12.16 15:10:09.654,1.50149,1.50157,1.57,1.37
2015.12.16 15:10:09.807,1.50149,1.50159,1.57,1.87
2015.12.16 15:10:10.011,1.5015,1.5016,1.37,2.32
2015.12.16 15:10:10.988,1.50152,1.5016,1.00,1.00
2015.12.16 15:10:11.495,1.5015,1.50161,4.95,1.95
2015.12.16 15:10:12.221,1.50152,1.5016,1.50,1.00
2015.12.16 15:10:12.730,1.50152,1.50162,1.65,1.45
2015.12.16 15:10:13.341,1.50153,1.50164,1.12,7.12
2015.12.16 15:10:13.605,1.50156,1.50165,1.47,1.57
2015.12.16 15:10:13.707,1.50157,1.50159,1.12,1.00
2015.12.16 15:10:13.860,1.50151,1.50155,3.75,1.00
2015.12.16 15:10:13.912,1.5015,1.50155,3.75,3.37
2015.12.16 15:10:13.963,1.50147,1.50154,1.65,3.00
2015.12.16 15:10:14.014,1.50148,1.50154,1.37,2.62
2015.12.16 15:10:14.217,1.50148,1.50158,1.57,3.82
2015.12.16 15:10:15.006,1.5015,1.50159,1.95,3.75
2015.12.16 15:10:15.515,1.5015,1.50159,1.95,1.37
2015.12.16 15:10:16.033,1.5015,1.50159,1.87,1.85
2015.12.16 15:10:16.593,1.5015,1.5016,1.47,4.95
2015.12.16 15:10:17.103,1.5015,1.50158,1.37,1.07
2015.12.16 15:10:17.650,1.5015,1.5016,1.57,5.25
2015.12.16 15:10:18.180,1.5015,1.50158,1.57,1.00
2015.12.16 15:10:18.333,1.50149,1.50156,1.37,1.07
2015.12.16 15:10:18.996,1.50149,1.50158,1.87,3.75
2015.12.16 15:10:19.250,1.50149,1.50158,1.87,3.75
2015.12.16 15:10:19.765,1.50151,1.50158,1.07,3.75
2015.12.16 15:10:20.053,1.5015,1.50158,1.47,1.12
2015.12.16 15:10:20.417,1.50148,1.50155,1.37,1.75
2015.12.16 15:10:20.570,1.50148,1.50156,1.50,1.65
2015.12.16 15:10:21.733,1.50148,1.50156,1.50,1.95
2015.12.16 15:10:22.139,1.50148,1.50156,1.87,1.57
2015.12.16 15:10:22.241,1.50148,1.50156,1.87,1.10
2015.12.16 15:10:22.760,1.50148,1.50158,3.07,1.07
2015.12.16 15:10:23.269,1.50148,1.50156,3.00,1.37
2015.12.16 15:10:23.372,1.50148,1.50156,2.32,1.50
2015.12.16 15:10:23.730,1.50147,1.50154,1.37,1.12
2015.12.16 15:10:24.455,1.50146,1.50154,1.87,1.12
2015.12.16 15:10:25.037,1.50147,1.50156,1.37,2.25
2015.12.16 15:10:25.396,1.50146,1.50156,2.32,1.20
2015.12.16 15:10:25.918,1.50149,1.50157,1.00,1.27
2015.12.16 15:10:26.467,1.50148,1.50157,1.20,1.87
2015.12.16 15:10:26.569,1.50146,1.50154,2.70,1.00
2015.12.16 15:10:27.278,1.50147,1.50157,4.12,3.00
2015.12.16 15:10:27.380,1.50149,1.50156,1.00,1.20
2015.12.16 15:10:27.902,1.50149,1.50157,1.00,2.02
2015.12.16 15:10:28.552,1.50148,1.50157,1.85,1.20
2015.12.16 15:10:29.063,1.50148,1.50156,1.95,1.00
2015.12.16 15:10:30.017,1.50147,1.50156,5.62,1.50
2015.12.16 15:10:30.531,1.50148,1.50156,1.85,1.50
2015.12.16 15:10:31.090,1.50149,1.50156,1.00,1.12
2015.12.16 15:10:32.066,1.50149,1.50156,1.00,2.25
2015.12.16 15:10:32.559,1.50148,1.50156,1.75,1.00
2015.12.16 15:10:33.191,1.50148,1.50157,1.75,2.25
2015.12.16 15:10:33.854,1.50148,1.50157,1.75,1.45
2015.12.16 15:10:34.399,1.50148,1.50157,1.75,1.95
2015.12.16 15:10:35.097,1.50148,1.50157,1.95,1.50
2015.12.16 15:10:35.603,1.5015,1.50158,1.57,1.37
2015.12.16 15:10:35.907,1.5015,1.5016,1.65,1.87
2015.12.16 15:10:36.059,1.50152,1.50161,1.07,2.25
2015.12.16 15:10:36.606,1.50152,1.50159,1.07,1.00
2015.12.16 15:10:37.115,1.50152,1.5016,1.57,1.12
2015.12.16 15:10:37.923,1.50152,1.50159,1.45,1.00
2015.12.16 15:10:38.025,1.5015,1.50158,1.10,1.12
2015.12.16 15:10:38.077,1.5015,1.50155,1.10,1.37
2015.12.16 15:10:38.586,1.50148,1.50157,3.37,1.87
2015.12.16 15:10:38.930,1.50149,1.50157,1.57,1.87
2015.12.16 15:10:39.187,1.5015,1.50159,1.47,2.62
2015.12.16 15:10:39.391,1.5015,1.50157,1.47,1.37
2015.12.16 15:10:39.493,1.5015,1.50159,1.95,1.00
2015.12.16 15:10:40.103,1.50151,1.50159,2.25,1.00
2015.12.16 15:10:41.903,1.5015,1.50158,1.12,1.37
2015.12.16 15:10:42.410,1.5015,1.50157,1.12,1.37
2015.12.16 15:10:42.512,1.50149,1.50159,1.95,3.00
2015.12.16 15:10:43.017,1.50149,1.50158,1.95,1.37
2015.12.16 15:10:43.221,1.50152,1.5016,1.07,2.25
2015.12.16 15:10:45.863,1.50151,1.5016,1.87,1.00
2015.12.16 15:10:46.373,1.50152,1.5016,1.87,1.50
2015.12.16 15:10:48.520,1.50153,1.50161,1.87,1.87
2015.12.16 15:10:48.845,1.50155,1.50164,1.87,1.00
2015.12.16 15:10:48.897,1.50155,1.50159,1.00,1.50
2015.12.16 15:10:49.204,1.50151,1.50157,1.12,1.37
2015.12.16 15:10:49.858,1.50151,1.50158,1.75,1.37
2015.12.16 15:10:50.162,1.50153,1.50156,1.37,1.87
2015.12.16 15:10:51.004,1.50153,1.50156,1.00,1.87
2015.12.16 15:10:51.801,1.50152,1.50154,1.37,1.00
2015.12.16 15:10:52.315,1.50151,1.50152,1.00,1.00
2015.12.16 15:10:52.469,1.50144,1.5015,1.00,1.00
2015.12.16 15:10:52.520,1.50141,1.50148,1.57,1.00
2015.12.16 15:10:53.234,1.50142,1.50145,1.12,1.00
2015.12.16 15:10:53.337,1.50138,1.50144,1.07,1.00
2015.12.16 15:10:53.852,1.50138,1.50143,1.87,1.00
2015.12.16 15:10:55.573,1.50138,1.50142,1.87,1.00
2015.12.16 15:10:56.306,1.50144,1.50147,1.00,1.12
2015.12.16 15:10:56.358,1.50147,1.50148,1.00,1.00
2015.12.16 15:10:56.409,1.50149,1.50151,1.00,1.12
2015.12.16 15:10:56.461,1.50148,1.50154,1.65,1.00
2015.12.16 15:10:56.563,1.5015,1.50154,1.50,1.00
2015.12.16 15:10:58.452,1.5015,1.50155,1.50,1.00
2015.12.16 15:11:00.256,1.50151,1.50155,1.07,1.00
2015.12.16 15:11:00.562,1.50152,1.50155,1.37,1.00
2015.12.16 15:11:01.025,1.50149,1.50155,1.95,1.00
2015.12.16 15:11:01.584,1.5015,1.50155,2.25,1.00
2015.12.16 15:11:02.576,1.5015,1.50155,1.57,1.00
2015.12.16 15:11:05.039,1.50148,1.50153,1.20,1.00
2015.12.16 15:11:05.091,1.50148,1.50153,1.10,1.00
2015.12.16 15:11:06.493,1.50148,1.50151,1.00,1.00
2015.12.16 15:11:06.747,1.50139,1.50148,1.50,1.50
2015.12.16 15:11:06.799,1.50139,1.50143,1.10,1.00
2015.12.16 15:11:07.483,1.50137,1.50143,1.20,1.00
2015.12.16 15:11:09.239,1.50137,1.50144,1.95,1.00
2015.12.16 15:11:09.760,1.50138,1.50144,1.20,1.00
2015.12.16 15:11:10.962,1.50138,1.50143,1.10,1.00
2015.12.16 15:11:11.268,1.50136,1.50141,2.62,1.00
2015.12.16 15:11:11.421,1.50138,1.50144,1.10,1.00
2015.12.16 15:11:11.970,1.50136,1.50145,3.00,1.12
2015.12.16 15:11:17.465,1.50137,1.5014,1.20,1.00
2015.12.16 15:11:17.567,1.50135,1.50138,3.00,1.37
2015.12.16 15:11:17.619,1.5013,1.50135,1.00,1.00
2015.12.16 15:11:17.670,1.50133,1.50136,3.37,3.00
2015.12.16 15:11:17.824,1.50126,1.50133,3.15,1.00
2015.12.16 15:11:17.926,1.50127,1.50133,5.02,1.00
2015.12.16 15:11:18.029,1.50128,1.50136,1.57,1.50
2015.12.16 15:11:18.435,1.50128,1.50134,3.90,1.00
2015.12.16 15:11:18.946,1.50128,1.50135,3.90,1.00
2015.12.16 15:11:19.542,1.50128,1.50136,3.90,1.00
2015.12.16 15:11:20.319,1.50127,1.50136,6.07,1.00
2015.12.16 15:11:24.636,1.50127,1.50135,1.57,1.00
2015.12.16 15:11:25.190,1.50127,1.50136,1.57,1.00
2015.12.16 15:11:34.467,1.5013,1.50136,1.87,1.50
2015.12.16 15:11:34.671,1.50134,1.50142,5.02,1.00
2015.12.16 15:11:35.183,1.50134,1.50143,5.02,1.00
2015.12.16 15:11:35.563,1.50136,1.50143,3.75,1.00
2015.12.16 15:11:38.534,1.5014,1.50145,1.00,1.00
2015.12.16 15:11:38.900,1.50141,1.50146,4.20,1.00
2015.12.16 15:11:39.104,1.50139,1.50146,2.25,1.00
2015.12.16 15:11:39.616,1.50138,1.50145,5.25,1.00
2015.12.16 15:11:40.185,1.50139,1.50145,2.62,1.00
2015.12.16 15:11:40.593,1.5014,1.50148,2.25,1.00
2015.12.16 15:11:41.126,1.50141,1.50148,1.57,1.00
2015.12.16 15:11:41.470,1.5014,1.50148,2.25,1.00
2015.12.16 15:11:41.979,1.50143,1.50147,1.37,1.00
2015.12.16 15:11:43.486,1.50143,1.50152,1.85,3.37
2015.12.16 15:11:43.588,1.50146,1.50153,1.37,1.00
2015.12.16 15:11:43.689,1.50147,1.50155,1.50,2.32
2015.12.16 15:11:43.791,1.50148,1.50155,1.12,1.10
2015.12.16 15:11:44.096,1.5015,1.50158,3.82,3.00
2015.12.16 15:11:44.605,1.50149,1.50156,1.47,2.62
2015.12.16 15:11:44.912,1.50143,1.50148,1.95,1.00
2015.12.16 15:11:44.964,1.50143,1.50148,1.10,1.00
2015.12.16 15:11:45.201,1.50139,1.50145,4.12,1.37
2015.12.16 15:11:45.253,1.50139,1.50145,1.00,1.12
2015.12.16 15:11:45.456,1.50138,1.50144,1.37,1.37
2015.12.16 15:11:45.557,1.50138,1.50145,1.37,1.00
2015.12.16 15:11:45.710,1.50139,1.50142,1.50,4.50
2015.12.16 15:11:45.761,1.5014,1.50146,1.87,1.10
2015.12.16 15:11:45.812,1.5014,1.50146,2.32,1.00
2015.12.16 15:11:47.221,1.5014,1.50144,1.50,1.00
2015.12.16 15:11:47.804,1.50139,1.50145,1.37,4.87
2015.12.16 15:11:47.907,1.5014,1.50145,3.75,4.87
2015.12.16 15:11:49.005,1.50142,1.50145,1.07,4.87
2015.12.16 15:11:49.259,1.50138,1.50141,1.10,4.87
2015.12.16 15:11:49.463,1.50136,1.50137,1.00,5.62
2015.12.16 15:11:49.514,1.50134,1.50136,1.57,1.50
2015.12.16 15:11:49.617,1.50127,1.50134,1.87,1.50
2015.12.16 15:11:49.668,1.50126,1.50134,1.55,2.62
2015.12.16 15:11:50.202,1.50127,1.50134,1.47,1.87
2015.12.16 15:11:50.305,1.50127,1.50131,1.47,4.87
2015.12.16 15:11:50.815,1.50127,1.50131,1.95,4.87
2015.12.16 15:11:51.522,1.50126,1.50131,1.92,4.87
2015.12.16 15:11:52.487,1.50128,1.50132,1.12,4.87
2015.12.16 15:11:53.292,1.50127,1.50132,1.95,4.87
2015.12.16 15:11:53.699,1.50121,1.50125,1.75,1.80
2015.12.16 15:11:53.805,1.50115,1.50125,1.00,6.07
2015.12.16 15:11:53.907,1.50118,1.5012,1.12,1.00
2015.12.16 15:11:54.010,1.50116,1.50123,1.12,1.87
2015.12.16 15:11:54.887,1.50117,1.50122,1.00,1.07
2015.12.16 15:11:55.200,1.50114,1.50122,1.37,1.07
2015.12.16 15:11:55.911,1.50114,1.50122,1.87,1.00
2015.12.16 15:11:56.065,1.50117,1.5012,1.00,4.87
2015.12.16 15:11:57.166,1.50117,1.50121,1.00,4.87
2015.12.16 15:11:57.218,1.50115,1.50121,1.87,4.87
2015.12.16 15:11:57.422,1.50111,1.5012,5.62,2.25
2015.12.16 15:11:57.524,1.5011,1.50119,2.25,1.00
2015.12.16 15:11:58.077,1.50111,1.50119,2.25,1.00
2015.12.16 15:11:58.622,1.50112,1.50121,2.32,5.32
2015.12.16 15:11:58.978,1.50116,1.50121,1.00,4.87
2015.12.16 15:11:59.443,1.50116,1.50121,1.57,4.87
2015.12.16 15:11:59.950,1.50117,1.50122,1.07,4.87
2015.12.16 15:12:00.622,1.50116,1.50122,2.25,4.87
2015.12.16 15:12:00.878,1.50119,1.50125,1.87,1.12
2015.12.16 15:12:00.929,1.50119,1.50126,4.50,5.02
2015.12.16 15:12:01.234,1.50117,1.50126,3.82,4.87
2015.12.16 15:12:01.285,1.50117,1.50126,1.10,6.00
2015.12.16 15:12:02.038,1.50119,1.50125,1.37,1.00
2015.12.16 15:12:02.346,1.50127,1.50131,1.00,4.87
2015.12.16 15:12:02.979,1.50124,1.50131,4.95,4.87
2015.12.16 15:12:04.117,1.50126,1.50131,1.27,4.87
2015.12.16 15:12:07.049,1.50127,1.50136,1.10,10.50
2015.12.16 15:12:07.202,1.50124,1.5013,1.87,1.37
2015.12.16 15:12:07.304,1.50121,1.50129,1.10,1.12
2015.12.16 15:12:07.406,1.50122,1.50128,1.07,1.00
2015.12.16 15:12:07.711,1.50125,1.50129,1.00,1.12
2015.12.16 15:12:08.252,1.50126,1.5013,1.20,4.87
2015.12.16 15:12:08.759,1.50127,1.5013,1.20,4.87
2015.12.16 15:12:10.996,1.50127,1.50131,1.20,4.87
2015.12.16 15:12:16.288,1.50129,1.50132,1.50,4.87
2015.12.16 15:12:16.800,1.50129,1.50133,1.50,4.87
2015.12.16 15:12:17.906,1.50127,1.50131,3.82,4.87
2015.12.16 15:12:20.414,1.50126,1.50131,3.15,4.87
2015.12.16 15:12:20.578,1.50128,1.50133,1.00,4.87
2015.12.16 15:12:20.679,1.5013,1.50133,1.12,4.87
2015.12.16 15:12:20.984,1.50133,1.50138,1.00,4.87
2015.12.16 15:12:21.225,1.50128,1.50133,4.50,4.87
2015.12.16 15:12:21.584,1.50128,1.50133,1.00,4.87
2015.12.16 15:12:34.362,1.50128,1.50133,3.75,4.87
2015.12.16 15:12:34.720,1.50127,1.50134,2.32,4.87
2015.12.16 15:12:34.974,1.50128,1.50134,3.37,4.87
2015.12.16 15:12:35.494,1.50128,1.50134,1.12,4.87
2015.12.16 15:12:37.012,1.50127,1.50131,1.20,1.00
2015.12.16 15:12:37.063,1.50127,1.50133,1.20,1.00
2015.12.16 15:12:37.114,1.50124,1.50127,3.52,1.00
2015.12.16 15:12:37.216,1.5012,1.50126,3.52,4.12
2015.12.16 15:12:37.267,1.50117,1.50122,1.12,1.37
2015.12.16 15:12:37.370,1.50115,1.50125,6.37,1.87
2015.12.16 15:12:37.421,1.50115,1.50125,3.37,1.87
2015.12.16 15:12:37.952,1.50118,1.50124,1.57,4.87
2015.12.16 15:12:38.459,1.50122,1.50125,1.20,4.87
2015.12.16 15:12:38.511,1.50123,1.50129,1.17,1.50
2015.12.16 15:12:38.562,1.50122,1.50131,1.20,1.87
2015.12.16 15:12:38.919,1.50125,1.50132,1.37,2.25
2015.12.16 15:12:40.353,1.50125,1.50132,1.50,1.00
2015.12.16 15:12:40.659,1.50125,1.50127,1.00,1.00
2015.12.16 15:12:40.862,1.50115,1.50124,1.82,1.00
2015.12.16 15:12:41.539,1.50114,1.50123,4.95,1.00
2015.12.16 15:12:41.949,1.50116,1.50123,1.57,1.00
2015.12.16 15:12:42.507,1.50116,1.50123,1.65,1.00
2015.12.16 15:12:43.131,1.50115,1.50123,2.40,1.00
2015.12.16 15:12:43.690,1.50114,1.50123,2.02,1.00
2015.12.16 15:12:45.339,1.50115,1.50123,1.17,1.00
2015.12.16 15:12:46.113,1.50115,1.50123,1.10,1.50
2015.12.16 15:12:47.853,1.50114,1.50124,1.27,2.25
2015.12.16 15:12:49.458,1.50116,1.50125,2.25,2.25
2015.12.16 15:12:49.611,1.50117,1.50128,2.25,2.62
2015.12.16 15:12:49.714,1.50119,1.50128,1.47,1.87
2015.12.16 15:12:50.020,1.50122,1.50126,1.07,1.00
2015.12.16 15:12:50.072,1.50121,1.50127,1.00,1.50
2015.12.16 15:12:50.174,1.50117,1.50127,1.27,1.87
2015.12.16 15:12:50.734,1.50117,1.50127,1.27,3.00
2015.12.16 15:12:51.337,1.50117,1.50125,1.27,1.00
2015.12.16 15:12:51.921,1.50117,1.50125,1.27,1.00
2015.12.16 15:12:53.470,1.50117,1.50126,2.02,3.00
2015.12.16 15:12:53.572,1.50117,1.50126,3.37,1.00
2015.12.16 15:12:53.775,1.50118,1.50128,2.25,1.50
2015.12.16 15:12:53.826,1.50118,1.50126,2.62,1.00
2015.12.16 15:12:53.930,1.50118,1.50126,1.15,1.00
2015.12.16 15:12:54.390,1.50117,1.50126,1.10,1.95
2015.12.16 15:12:54.903,1.50115,1.50125,3.45,2.25
2015.12.16 15:12:55.563,1.50116,1.50126,1.95,1.87
2015.12.16 15:12:55.775,1.50118,1.50126,1.17,1.12
2015.12.16 15:12:56.081,1.50119,1.50129,3.45,2.25
2015.12.16 15:12:56.133,1.50119,1.5013,2.40,4.65
2015.12.16 15:12:56.184,1.5012,1.5013,3.75,1.20
2015.12.16 15:12:56.286,1.5012,1.50129,1.00,1.50
2015.12.16 15:12:56.440,1.50118,1.50127,1.20,1.00
2015.12.16 15:12:57.309,1.50117,1.50128,2.40,1.12
2015.12.16 15:12:58.431,1.5012,1.50128,1.00,1.27
2015.12.16 15:12:58.774,1.5012,1.5013,4.95,1.87
2015.12.16 15:12:59.079,1.50123,1.50133,2.02,3.75
2015.12.16 15:12:59.181,1.50125,1.50134,1.00,1.50
2015.12.16 15:12:59.385,1.50125,1.50134,3.90,1.50
2015.12.16 15:13:00.413,1.50125,1.50135,4.65,3.37
2015.12.16 15:13:01.021,1.50125,1.50135,4.57,3.00
2015.12.16 15:13:01.867,1.50125,1.50135,3.82,3.00
2015.12.16 15:13:02.270,1.50125,1.50132,3.82,1.00
2015.12.16 15:13:02.372,1.50125,1.50134,3.82,1.50
2015.12.16 15:13:02.575,1.50123,1.50134,3.37,2.02
2015.12.16 15:13:03.081,1.50124,1.50134,1.87,1.87
2015.12.16 15:13:03.184,1.50126,1.50134,1.47,1.00
2015.12.16 15:13:03.488,1.50129,1.50136,2.25,1.00
2015.12.16 15:13:03.957,1.50131,1.50139,1.12,5.25
2015.12.16 15:13:04.009,1.50131,1.50139,1.12,1.87
2015.12.16 15:13:04.922,1.50129,1.50139,1.75,1.57
2015.12.16 15:13:08.005,1.5013,1.50141,1.87,2.32
2015.12.16 15:13:08.247,1.50135,1.50141,1.37,1.20
2015.12.16 15:13:08.588,1.50137,1.50143,1.12,1.00
2015.12.16 15:13:08.639,1.50138,1.50145,1.07,1.00
2015.12.16 15:13:09.188,1.50136,1.50146,3.00,1.10
2015.12.16 15:13:09.754,1.50136,1.50143,2.62,1.00
2015.12.16 15:13:10.074,1.50136,1.50143,1.20,1.00
2015.12.16 15:13:10.428,1.50136,1.50142,1.47,1.00
2015.12.16 15:13:10.732,1.50136,1.5014,1.20,1.00
2015.12.16 15:13:13.169,1.50135,1.5014,1.57,1.00
2015.12.16 15:13:14.664,1.50135,1.5014,2.25,1.00
2015.12.16 15:13:14.918,1.50135,1.50142,2.25,1.00
2015.12.16 15:13:16.381,1.50135,1.50141,1.57,1.00
2015.12.16 15:13:16.483,1.50135,1.50139,1.20,1.00
2015.12.16 15:13:16.889,1.50133,1.50137,1.12,1.00
2015.12.16 15:13:16.941,1.50131,1.50137,1.87,1.00
2015.12.16 15:13:17.144,1.50129,1.50133,3.82,1.00
2015.12.16 15:13:17.246,1.50129,1.50134,3.82,1.00
2015.12.16 15:13:17.751,1.50129,1.50134,4.87,1.00
2015.12.16 15:13:17.802,1.50129,1.50136,4.87,1.00
2015.12.16 15:13:19.389,1.50129,1.50135,4.87,1.37
2015.12.16 15:13:19.694,1.50129,1.50132,3.75,1.00
2015.12.16 15:13:20.546,1.50129,1.50132,1.00,1.00
2015.12.16 15:13:21.623,1.50127,1.50133,4.20,1.00
2015.12.16 15:13:23.843,1.50129,1.50134,1.57,1.10
2015.12.16 15:13:23.894,1.50131,1.50134,1.37,1.10
2015.12.16 15:13:24.604,1.50132,1.50134,1.37,1.00
2015.12.16 15:13:25.088,1.50131,1.50137,1.37,1.00
2015.12.16 15:13:25.883,1.50132,1.50137,1.37,1.00
2015.12.16 15:13:26.036,1.50135,1.50138,1.00,1.00
2015.12.16 15:13:26.088,1.50135,1.5014,1.87,1.00
2015.12.16 15:13:26.241,1.50136,1.50143,1.95,1.50
2015.12.16 15:13:26.570,1.50135,1.50141,1.57,1.00
2015.12.16 15:13:27.077,1.50135,1.5014,1.57,1.00
2015.12.16 15:13:28.626,1.50135,1.5014,3.75,1.00
2015.12.16 15:13:28.678,1.50136,1.50142,2.25,1.00
2015.12.16 15:13:29.351,1.50137,1.50143,1.75,1.50
2015.12.16 15:13:29.962,1.50139,1.50145,1.12,1.00
2015.12.16 15:13:30.469,1.50139,1.50145,4.87,1.00
2015.12.16 15:13:30.724,1.5014,1.50147,1.57,1.00
2015.12.16 15:13:31.201,1.50141,1.50145,1.00,1.00
2015.12.16 15:13:31.659,1.50139,1.50143,1.07,1.00
2015.12.16 15:13:32.174,1.5014,1.50145,1.12,1.00
2015.12.16 15:13:32.428,1.50139,1.50145,4.20,1.00
2015.12.16 15:13:33.044,1.50139,1.50145,1.95,1.00
2015.12.16 15:13:33.566,1.50139,1.50145,4.20,1.00
2015.12.16 15:13:34.317,1.50138,1.50145,4.12,1.00
2015.12.16 15:13:34.675,1.50139,1.50143,3.00,1.10
2015.12.16 15:13:34.727,1.50136,1.50143,1.37,1.20
2015.12.16 15:13:34.930,1.50135,1.5014,3.75,1.00
2015.12.16 15:13:35.235,1.50135,1.5014,3.75,1.47
2015.12.16 15:13:36.088,1.50132,1.50136,4.12,1.50
2015.12.16 15:13:36.139,1.50132,1.50134,3.75,1.10
2015.12.16 15:13:36.191,1.5013,1.50134,1.00,1.20
2015.12.16 15:13:36.242,1.50126,1.50133,1.47,1.10
2015.12.16 15:13:36.498,1.50125,1.50132,4.50,1.47
2015.12.16 15:13:37.112,1.50125,1.50132,1.37,1.47
2015.12.16 15:13:37.976,1.50124,1.50128,3.82,1.00
2015.12.16 15:13:38.078,1.50122,1.50126,1.87,2.25
2015.12.16 15:13:38.181,1.50118,1.50123,1.12,1.00
2015.12.16 15:13:38.686,1.50116,1.50123,1.50,1.65
2015.12.16 15:13:39.808,1.50116,1.50123,5.70,1.00
2015.12.16 15:13:40.468,1.50117,1.50123,1.50,1.50
2015.12.16 15:13:40.972,1.50116,1.50123,1.00,1.65
2015.12.16 15:13:41.479,1.50117,1.50123,1.00,1.50
2015.12.16 15:13:41.581,1.50118,1.50125,1.50,1.50
2015.12.16 15:13:41.632,1.5012,1.50125,1.12,1.00
2015.12.16 15:13:41.735,1.5012,1.50127,1.12,1.00
2015.12.16 15:13:42.132,1.50122,1.50127,1.00,1.50
2015.12.16 15:13:42.437,1.50122,1.50129,4.95,1.00
2015.12.16 15:13:43.210,1.50126,1.50131,3.75,1.00
2015.12.16 15:13:43.267,1.50126,1.50133,4.20,1.57
2015.12.16 15:13:43.725,1.50126,1.50131,5.32,4.87
2015.12.16 15:13:46.707,1.50126,1.50131,4.20,4.87
2015.12.16 15:13:48.667,1.50126,1.50129,4.20,4.87
2015.12.16 15:13:49.176,1.50125,1.50129,4.20,4.87
2015.12.16 15:13:49.725,1.50128,1.5013,1.00,4.87
2015.12.16 15:13:50.082,1.50129,1.50135,1.57,1.00
2015.12.16 15:13:50.133,1.5013,1.50135,1.50,1.00
2015.12.16 15:13:50.185,1.50131,1.50137,1.12,1.50
2015.12.16 15:13:50.909,1.50131,1.50137,1.82,1.50
2015.12.16 15:13:51.775,1.50131,1.50135,1.45,5.62
2015.12.16 15:13:52.075,1.50126,1.50134,2.25,1.87
2015.12.16 15:13:52.585,1.50126,1.50133,1.75,1.00
2015.12.16 15:13:53.404,1.50127,1.50131,1.12,4.87
2015.12.16 15:13:54.311,1.5013,1.50136,1.50,5.70
2015.12.16 15:13:54.817,1.5013,1.50136,1.50,4.87
2015.12.16 15:13:55.325,1.5013,1.50135,1.50,4.87
2015.12.16 15:13:56.116,1.50133,1.50136,1.12,5.62
2015.12.16 15:13:57.439,1.50134,1.50139,1.20,1.00
2015.12.16 15:13:58.048,1.50134,1.50137,3.07,4.87
2015.12.16 15:13:58.727,1.50136,1.50141,1.57,4.87
2015.12.16 15:14:00.859,1.50136,1.50141,1.87,4.87
2015.12.16 15:14:01.330,1.50136,1.50141,1.50,4.87
2015.12.16 15:14:02.406,1.50136,1.50141,2.25,4.87
2015.12.16 15:14:02.742,1.50136,1.50141,1.57,4.87
2015.12.16 15:14:06.085,1.50135,1.50141,2.25,4.87
2015.12.16 15:14:06.187,1.50134,1.50141,1.20,4.87
2015.12.16 15:14:06.392,1.50134,1.50141,1.50,5.62
2015.12.16 15:14:06.545,1.50133,1.50141,1.50,6.00
2015.12.16 15:14:07.066,1.50133,1.50138,1.87,4.87
2015.12.16 15:14:08.826,1.50129,1.50136,3.75,1.00
2015.12.16 15:14:08.877,1.50129,1.50134,2.25,4.87
2015.12.16 15:14:09.031,1.50127,1.50134,3.00,4.87
2015.12.16 15:14:09.575,1.50127,1.50134,1.87,4.87
2015.12.16 15:14:10.809,1.50128,1.50134,1.12,4.87
2015.12.16 15:14:11.488,1.50127,1.50134,2.25,4.87
2015.12.16 15:14:17.547,1.50127,1.50135,1.87,5.25
2015.12.16 15:14:18.110,1.50127,1.50135,2.62,5.25
2015.12.16 15:14:18.415,1.50129,1.50135,1.12,4.87
2015.12.16 15:14:18.940,1.5013,1.50135,1.75,4.87
2015.12.16 15:14:19.245,1.50133,1.50137,1.12,4.87
2015.12.16 15:14:19.652,1.50133,1.50137,1.12,4.87
2015.12.16 15:14:25.326,1.50133,1.50137,1.50,4.87
2015.12.16 15:14:26.740,1.50136,1.50138,1.00,4.87
2015.12.16 15:14:26.895,1.50136,1.5014,1.12,4.87
2015.12.16 15:14:27.406,1.50137,1.5014,1.20,4.87
2015.12.16 15:14:29.053,1.50136,1.5014,1.50,4.87
2015.12.16 15:14:31.509,1.50136,1.50143,1.50,4.87
2015.12.16 15:14:32.067,1.50139,1.50143,1.00,4.87
2015.12.16 15:14:32.636,1.5014,1.50143,1.00,4.87
2015.12.16 15:14:33.145,1.50139,1.50147,1.50,1.00
2015.12.16 15:14:33.298,1.50137,1.50145,5.25,1.50
2015.12.16 15:14:33.823,1.50137,1.50145,1.12,1.50
2015.12.16 15:14:35.264,1.50135,1.50142,2.25,1.00
2015.12.16 15:14:38.877,1.50135,1.50142,1.87,5.62
2015.12.16 15:14:39.399,1.50136,1.50142,1.12,5.62
2015.12.16 15:14:41.516,1.50136,1.50142,1.07,4.87
2015.12.16 15:14:43.217,1.50135,1.50141,1.37,1.50
2015.12.16 15:14:43.632,1.50137,1.50139,1.12,4.87
2015.12.16 15:14:44.142,1.50137,1.5014,1.10,4.87
2015.12.16 15:14:44.295,1.50137,1.50144,1.10,1.50
2015.12.16 15:14:47.250,1.50135,1.50143,1.87,4.87
2015.12.16 15:14:50.310,1.50136,1.50144,1.57,4.87
2015.12.16 15:14:50.834,1.50136,1.50143,1.20,1.00
2015.12.16 15:14:51.396,1.50136,1.50143,1.50,1.00
2015.12.16 15:14:52.341,1.50136,1.50144,1.50,4.87
2015.12.16 15:14:59.641,1.50136,1.50144,1.57,5.62
2015.12.16 15:15:01.504,1.50138,1.50144,1.10,5.62
2015.12.16 15:15:02.178,1.50136,1.50144,1.50,8.25
2015.12.16 15:15:02.280,1.50134,1.50144,5.62,2.62
2015.12.16 15:15:02.787,1.50134,1.50143,6.37,1.00
2015.12.16 15:15:03.985,1.50134,1.50142,6.37,2.25
2015.12.16 15:15:11.154,1.50134,1.5014,5.32,1.00
2015.12.16 15:15:11.660,1.50134,1.50141,4.57,1.00
2015.12.16 15:15:12.112,1.50133,1.50136,1.12,1.00
2015.12.16 15:15:12.316,1.50128,1.50132,1.20,1.00
2015.12.16 15:15:12.367,1.50126,1.50132,1.12,4.50
2015.12.16 15:15:13.067,1.50126,1.50132,1.07,3.75
2015.12.16 15:15:13.677,1.50126,1.50133,1.57,1.00
2015.12.16 15:15:14.603,1.50126,1.50134,1.07,1.12
2015.12.16 15:15:15.381,1.50126,1.5013,1.07,1.00
2015.12.16 15:15:15.485,1.50122,1.50127,1.57,1.00
2015.12.16 15:15:15.787,1.50116,1.50124,2.62,1.00
2015.12.16 15:15:16.196,1.50117,1.50123,1.57,1.37
2015.12.16 15:15:16.705,1.50117,1.50124,1.57,6.00
2015.12.16 15:15:17.180,1.50117,1.50121,1.07,1.00
2015.12.16 15:15:17.464,1.5011,1.50117,1.00,2.25
2015.12.16 15:15:17.974,1.50109,1.50117,1.12,1.50
2015.12.16 15:15:18.228,1.50111,1.50118,1.57,1.00
2015.12.16 15:15:18.572,1.50112,1.5012,1.20,3.75
2015.12.16 15:15:19.198,1.50112,1.5012,1.87,2.62
2015.12.16 15:15:19.249,1.50113,1.5012,1.12,2.62
2015.12.16 15:15:20.075,1.50113,1.50119,1.12,1.00
2015.12.16 15:15:20.553,1.5011,1.50117,2.25,1.00
2015.12.16 15:15:20.655,1.5011,1.50116,1.45,1.00
2015.12.16 15:15:21.302,1.50109,1.50116,1.95,1.12
2015.12.16 15:15:21.455,1.50109,1.50111,1.20,1.00
2015.12.16 15:15:21.610,1.50103,1.50107,1.50,1.00
2015.12.16 15:15:21.662,1.50103,1.50109,1.45,1.12
2015.12.16 15:15:21.713,1.50101,1.50107,1.47,1.50
2015.12.16 15:15:21.765,1.50101,1.50107,1.07,1.50
2015.12.16 15:15:21.866,1.50104,1.50106,1.00,1.00
2015.12.16 15:15:21.918,1.50105,1.50109,1.87,1.10
2015.12.16 15:15:21.970,1.50105,1.50111,1.20,1.00
2015.12.16 15:15:22.021,1.50104,1.50113,4.57,1.00
2015.12.16 15:15:22.547,1.50108,1.50114,2.25,4.87
2015.12.16 15:15:22.649,1.5011,1.50118,1.50,3.00
2015.12.16 15:15:23.159,1.5011,1.50118,1.50,1.50
2015.12.16 15:15:23.517,1.50113,1.5012,1.00,1.65
2015.12.16 15:15:23.827,1.50115,1.5012,1.20,1.00
2015.12.16 15:15:23.879,1.50115,1.50124,1.20,6.45
2015.12.16 15:15:25.988,1.50115,1.50122,1.07,1.00
2015.12.16 15:15:26.785,1.50115,1.50123,1.07,1.50
2015.12.16 15:15:27.496,1.50116,1.50123,1.20,5.25
2015.12.16 15:15:28.522,1.5012,1.50123,1.00,5.25
2015.12.16 15:15:28.624,1.50122,1.50128,1.00,5.70
2015.12.16 15:15:28.676,1.50123,1.50128,2.25,5.62
2015.12.16 15:15:29.110,1.50123,1.50128,1.87,4.87
2015.12.16 15:15:29.263,1.5012,1.50128,1.12,7.87
2015.12.16 15:15:29.466,1.50121,1.50129,1.20,1.87
2015.12.16 15:15:29.771,1.50121,1.5013,5.25,1.95
2015.12.16 15:15:30.366,1.50124,1.50132,1.10,2.02
2015.12.16 15:15:30.879,1.50124,1.50131,1.10,1.00
2015.12.16 15:15:30.981,1.50125,1.50132,1.12,1.00
2015.12.16 15:15:31.033,1.50127,1.50134,1.00,3.37
2015.12.16 15:15:31.391,1.50128,1.50134,1.12,4.87
2015.12.16 15:15:31.906,1.50129,1.50134,1.07,4.87
2015.12.16 15:15:34.588,1.5013,1.50134,1.57,4.87
2015.12.16 15:15:34.893,1.50133,1.50135,1.10,4.87
2015.12.16 15:15:35.131,1.50133,1.50141,1.85,1.12
2015.12.16 15:15:35.284,1.50135,1.5014,1.12,1.37
2015.12.16 15:15:35.792,1.50135,1.50141,1.12,1.50
2015.12.16 15:15:36.365,1.50135,1.50142,2.25,1.37
2015.12.16 15:15:36.417,1.50137,1.50144,1.45,2.25
2015.12.16 15:15:36.574,1.50135,1.50142,4.57,1.37
2015.12.16 15:15:36.676,1.50137,1.50144,1.00,3.37
2015.12.16 15:15:37.234,1.50136,1.50142,1.12,1.00
2015.12.16 15:15:37.336,1.50136,1.50142,1.50,1.12
2015.12.16 15:15:37.940,1.50137,1.50143,1.12,6.75
2015.12.16 15:15:38.295,1.50137,1.50141,1.12,1.00
2015.12.16 15:15:38.397,1.50134,1.50141,1.12,1.00
2015.12.16 15:15:38.652,1.50134,1.50143,1.12,7.12
2015.12.16 15:15:38.855,1.50134,1.50139,1.12,1.00
2015.12.16 15:15:39.287,1.50134,1.50142,1.87,1.00
2015.12.16 15:15:41.948,1.50134,1.50141,1.12,1.00
2015.12.16 15:15:42.506,1.50134,1.50139,1.12,1.00
2015.12.16 15:15:43.106,1.50134,1.50141,1.87,1.00
2015.12.16 15:15:43.462,1.50133,1.50139,1.75,1.00
2015.12.16 15:15:43.665,1.5013,1.50137,1.50,1.00
2015.12.16 15:15:44.337,1.50131,1.50137,4.57,1.00
2015.12.16 15:15:44.389,1.50131,1.50139,5.32,1.50
2015.12.16 15:15:44.898,1.50133,1.5014,1.12,2.25
2015.12.16 15:15:45.535,1.50133,1.50141,1.87,3.00
2015.12.16 15:15:45.891,1.50135,1.50143,1.12,1.87
2015.12.16 15:15:46.095,1.50134,1.50141,4.95,1.12
2015.12.16 15:15:46.893,1.50135,1.50143,1.57,3.37
2015.12.16 15:15:47.198,1.50134,1.50135,1.20,1.00
2015.12.16 15:15:47.300,1.50129,1.50134,1.87,1.12
2015.12.16 15:15:47.707,1.50126,1.50131,4.12,1.12
2015.12.16 15:15:47.914,1.50124,1.50131,3.82,4.50
2015.12.16 15:15:48.444,1.50123,1.50129,2.62,1.12
2015.12.16 15:15:48.598,1.50123,1.50126,1.12,1.12
2015.12.16 15:15:48.753,1.50119,1.50124,1.07,1.37
2015.12.16 15:15:49.349,1.50118,1.50126,2.25,3.37
2015.12.16 15:15:49.806,1.50118,1.50125,2.25,1.87
2015.12.16 15:15:50.060,1.50119,1.50126,1.20,3.00
2015.12.16 15:15:50.411,1.50118,1.50124,1.50,1.00
2015.12.16 15:15:51.223,1.50118,1.50124,1.75,1.37
2015.12.16 15:15:51.770,1.50118,1.50124,1.75,1.12
2015.12.16 15:15:52.125,1.50118,1.50126,1.75,4.12
2015.12.16 15:15:53.408,1.50116,1.50122,4.57,1.12
2015.12.16 15:15:53.714,1.50112,1.50116,4.50,1.00
2015.12.16 15:15:53.816,1.50108,1.50115,1.75,1.00
2015.12.16 15:15:54.020,1.50107,1.50112,1.87,1.12
2015.12.16 15:15:54.623,1.50109,1.50117,1.50,3.75
2015.12.16 15:15:54.776,1.50111,1.50118,1.50,1.00
2015.12.16 15:15:54.930,1.50113,1.50121,1.20,1.20
2015.12.16 15:15:55.339,1.50114,1.50123,1.07,2.32
2015.12.16 15:15:57.215,1.50114,1.50123,1.07,4.57
2015.12.16 15:15:59.219,1.50114,1.50123,1.07,2.70
2015.12.16 15:15:59.726,1.50114,1.50123,1.12,2.25
2015.12.16 15:16:00.547,1.50114,1.50124,2.25,3.52
2015.12.16 15:16:01.056,1.50114,1.50124,2.25,3.52
2015.12.16 15:16:01.577,1.50114,1.50123,3.00,1.37
2015.12.16 15:16:02.096,1.50119,1.50124,1.00,3.15
2015.12.16 15:16:02.605,1.50119,1.50124,1.00,1.50
2015.12.16 15:16:03.143,1.50118,1.50124,1.00,1.50
2015.12.16 15:16:03.636,1.50118,1.50125,1.00,2.40
2015.12.16 15:16:04.049,1.50118,1.50124,1.00,1.37
2015.12.16 15:16:04.152,1.50118,1.50125,1.10,2.25
2015.12.16 15:16:04.509,1.50118,1.50124,1.10,1.37
2015.12.16 15:16:05.028,1.50118,1.50125,1.10,2.25
2015.12.16 15:16:05.333,1.50119,1.50125,5.32,1.12
2015.12.16 15:16:05.638,1.50119,1.50124,1.57,1.37
2015.12.16 15:16:06.145,1.50119,1.50125,1.57,1.37
2015.12.16 15:16:06.653,1.50119,1.50123,1.20,1.12
2015.12.16 15:16:06.957,1.50119,1.50125,1.20,1.12
2015.12.16 15:16:07.546,1.50119,1.50124,1.20,1.12
2015.12.16 15:16:07.851,1.50119,1.50122,1.20,2.25
2015.12.16 15:16:08.004,1.50118,1.50122,1.20,2.25
2015.12.16 15:16:08.515,1.50119,1.50122,1.00,2.62
2015.12.16 15:16:11.471,1.50119,1.50121,1.00,1.12
2015.12.16 15:16:12.243,1.50119,1.50122,1.00,1.12
2015.12.16 15:16:12.815,1.50119,1.50123,1.00,1.00
2015.12.16 15:16:14.141,1.50119,1.50124,1.10,1.00
2015.12.16 15:16:14.891,1.50119,1.50124,1.12,1.00
2015.12.16 15:16:16.469,1.50118,1.50126,2.25,1.00
2015.12.16 15:16:16.976,1.50118,1.50125,1.87,3.75
2015.12.16 15:16:17.028,1.50118,1.50122,1.20,1.37
2015.12.16 15:16:17.080,1.50118,1.50123,1.10,2.25
2015.12.16 15:16:17.335,1.50118,1.50122,1.00,1.37
2015.12.16 15:16:17.845,1.50118,1.50123,1.00,2.25
2015.12.16 15:16:18.373,1.50118,1.50123,1.00,1.12
2015.12.16 15:16:18.883,1.50118,1.50123,1.20,1.00
2015.12.16 15:16:21.234,1.50119,1.50123,1.10,4.12
2015.12.16 15:16:21.743,1.50119,1.50123,1.10,3.37
2015.12.16 15:16:22.680,1.50119,1.50123,1.10,3.37
2015.12.16 15:16:23.594,1.50119,1.50123,1.00,1.12
2015.12.16 15:16:24.098,1.50118,1.50124,1.00,6.37
2015.12.16 15:16:24.402,1.5012,1.50123,1.00,2.25
2015.12.16 15:16:24.759,1.50119,1.50122,1.00,4.12
2015.12.16 15:16:25.013,1.50113,1.50121,1.95,1.12
2015.12.16 15:16:25.606,1.50113,1.5012,1.20,1.50
2015.12.16 15:16:27.139,1.50115,1.50122,1.00,3.82
2015.12.16 15:16:27.244,1.50115,1.50124,1.50,2.62
2015.12.16 15:16:27.863,1.50115,1.50124,1.50,2.25
2015.12.16 15:16:31.108,1.50115,1.50124,1.87,4.12
2015.12.16 15:16:32.312,1.50116,1.50123,1.20,1.37
2015.12.16 15:16:32.516,1.50116,1.50124,1.20,3.37
2015.12.16 15:16:33.125,1.50116,1.50125,2.25,1.20
2015.12.16 15:16:33.176,1.50116,1.50125,2.62,1.20
2015.12.16 15:16:33.721,1.50116,1.50125,3.00,1.47
2015.12.16 15:16:34.229,1.50116,1.50124,3.75,1.37
2015.12.16 15:16:34.794,1.50116,1.50125,3.75,1.57
2015.12.16 15:16:35.379,1.50116,1.50125,1.85,2.32
2015.12.16 15:16:35.928,1.50116,1.50124,1.85,1.47
2015.12.16 15:16:36.608,1.50116,1.50125,1.85,4.57
2015.12.16 15:16:37.154,1.50116,1.50124,1.85,1.47
2015.12.16 15:16:38.121,1.50116,1.50124,1.85,1.95
2015.12.16 15:16:38.729,1.50116,1.50124,1.85,2.70
2015.12.16 15:16:39.269,1.50116,1.50124,1.85,1.20
2015.12.16 15:16:40.132,1.50116,1.50124,1.85,1.95
2015.12.16 15:16:40.670,1.50116,1.50124,1.47,1.20
2015.12.16 15:16:41.228,1.50116,1.50124,1.47,1.95
2015.12.16 15:16:44.913,1.50115,1.50122,1.57,1.50
2015.12.16 15:16:45.432,1.50115,1.50123,1.47,1.47
2015.12.16 15:16:45.939,1.50115,1.50124,1.47,1.95
2015.12.16 15:16:46.902,1.50116,1.50124,1.50,1.12
2015.12.16 15:16:47.257,1.50116,1.50124,2.62,1.12
2015.12.16 15:16:47.918,1.50117,1.50125,1.57,3.45
2015.12.16 15:16:48.879,1.50118,1.50126,1.87,2.32
2015.12.16 15:16:49.384,1.50119,1.50126,1.95,1.12
2015.12.16 15:16:50.250,1.50119,1.50125,1.95,1.37
2015.12.16 15:16:50.772,1.50119,1.50126,1.12,3.37
2015.12.16 15:16:51.331,1.50118,1.50125,1.87,1.37
2015.12.16 15:16:51.535,1.50118,1.50126,1.12,3.75
2015.12.16 15:16:52.042,1.50118,1.50125,1.12,1.12
2015.12.16 15:16:52.551,1.50118,1.50124,1.12,1.00
2015.12.16 15:16:52.908,1.50118,1.50121,1.12,1.00
2015.12.16 15:16:53.219,1.5011,1.50118,3.90,1.00
2015.12.16 15:16:53.322,1.50109,1.50118,1.50,1.00
2015.12.16 15:16:53.425,1.50109,1.50116,2.25,1.00
2015.12.16 15:16:53.578,1.50108,1.50116,2.02,1.65
2015.12.16 15:16:54.258,1.50109,1.50116,1.00,1.65
2015.12.16 15:16:54.617,1.50107,1.50113,1.12,1.12
2015.12.16 15:16:54.719,1.50108,1.50115,1.00,2.32
2015.12.16 15:16:55.075,1.50106,1.50115,1.20,3.07
2015.12.16 15:16:55.392,1.50108,1.50114,1.00,1.27
2015.12.16 15:16:55.494,1.50108,1.50116,1.00,4.27
2015.12.16 15:16:56.003,1.50109,1.50116,1.10,1.20
2015.12.16 15:16:56.510,1.50109,1.50116,1.57,1.20
2015.12.16 15:16:57.076,1.5011,1.50117,1.57,1.45
2015.12.16 15:16:57.180,1.5011,1.50118,2.25,1.12
2015.12.16 15:16:57.281,1.5011,1.50118,2.62,1.12
2015.12.16 15:16:58.444,1.5011,1.50118,1.87,1.00
2015.12.16 15:16:59.034,1.5011,1.50118,1.07,1.50
2015.12.16 15:16:59.705,1.5011,1.50117,1.07,1.00
2015.12.16 15:17:00.705,1.5011,1.50119,1.95,1.47
2015.12.16 15:17:01.011,1.50111,1.5012,4.65,2.32
2015.12.16 15:17:01.531,1.50112,1.5012,1.65,3.00
2015.12.16 15:17:03.104,1.50112,1.50121,1.17,1.57
2015.12.16 15:17:03.460,1.50111,1.50119,1.95,1.00
2015.12.16 15:17:03.784,1.50111,1.50119,1.00,1.95
2015.12.16 15:17:04.090,1.50114,1.5012,1.00,1.20
2015.12.16 15:17:04.294,1.50116,1.50124,1.00,1.57
2015.12.16 15:17:04.848,1.50117,1.50124,1.20,1.07
2015.12.16 15:17:04.899,1.50119,1.50125,1.00,3.45
2015.12.16 15:17:05.407,1.50119,1.50125,1.00,2.40
2015.12.16 15:17:05.964,1.50119,1.50126,1.00,2.25
2015.12.16 15:17:06.730,1.50119,1.50127,1.10,5.70
2015.12.16 15:17:07.662,1.50119,1.50125,1.00,1.10
2015.12.16 15:17:08.179,1.50119,1.50125,1.00,1.20
2015.12.16 15:17:09.252,1.50119,1.50124,1.00,1.57
2015.12.16 15:17:09.761,1.50118,1.50125,1.10,3.45
2015.12.16 15:17:10.311,1.50119,1.50125,1.10,3.00
2015.12.16 15:17:11.985,1.50119,1.50127,1.10,6.00
2015.12.16 15:17:13.292,1.50118,1.50126,1.07,1.47
2015.12.16 15:17:14.053,1.50118,1.50126,1.00,1.87
2015.12.16 15:17:15.714,1.50118,1.50126,1.50,1.87
2015.12.16 15:17:22.562,1.50118,1.50126,1.12,1.45
2015.12.16 15:17:22.614,1.50118,1.50125,1.12,1.85
2015.12.16 15:17:23.538,1.50117,1.50126,5.25,3.00
2015.12.16 15:17:24.068,1.50119,1.50125,1.12,1.07
2015.12.16 15:17:24.991,1.50119,1.50127,1.20,1.95
2015.12.16 15:17:25.599,1.50119,1.50126,1.20,1.12
2015.12.16 15:17:26.346,1.50117,1.50127,6.37,3.45
2015.12.16 15:17:26.853,1.50118,1.50125,1.12,1.87
2015.12.16 15:17:27.150,1.50118,1.50127,1.20,1.95
2015.12.16 15:17:27.812,1.50117,1.50125,1.57,1.12
2015.12.16 15:17:28.450,1.50117,1.50125,1.50,1.87
2015.12.16 15:17:28.707,1.50118,1.50127,1.27,1.95
2015.12.16 15:17:29.216,1.50118,1.50126,4.57,1.20
2015.12.16 15:17:29.397,1.50118,1.50126,4.57,1.57
2015.12.16 15:17:30.573,1.50123,1.50127,1.00,2.25
2015.12.16 15:17:30.678,1.50124,1.50133,1.00,2.62
2015.12.16 15:17:31.189,1.50125,1.50133,1.00,2.25
2015.12.16 15:17:31.716,1.50125,1.50132,1.00,1.37
2015.12.16 15:17:32.226,1.50125,1.50133,1.00,2.25
2015.12.16 15:17:33.075,1.50125,1.50129,1.00,1.37
2015.12.16 15:17:33.563,1.50122,1.50124,1.10,1.12
2015.12.16 15:17:33.618,1.50119,1.50123,1.47,1.12
2015.12.16 15:17:33.669,1.50118,1.50124,2.70,1.12
2015.12.16 15:17:34.181,1.50118,1.50125,2.70,1.12
2015.12.16 15:17:34.779,1.50119,1.50125,1.10,1.37
2015.12.16 15:17:35.280,1.50119,1.50124,1.10,1.37
2015.12.16 15:17:35.645,1.50119,1.50125,1.10,1.12
2015.12.16 15:17:36.552,1.50119,1.50124,1.10,1.12
2015.12.16 15:17:36.603,1.50119,1.50126,2.40,1.12
2015.12.16 15:17:36.756,1.5012,1.50125,1.20,1.12
2015.12.16 15:17:36.858,1.50118,1.50126,2.70,1.37
2015.12.16 15:17:37.214,1.50118,1.50126,1.95,1.20
2015.12.16 15:17:37.736,1.50118,1.50126,1.95,1.47
2015.12.16 15:17:38.146,1.50121,1.50128,1.00,2.62
2015.12.16 15:17:38.857,1.50122,1.50128,1.00,1.12
2015.12.16 15:17:39.162,1.50123,1.50131,1.15,2.25
2015.12.16 15:17:39.265,1.50122,1.50132,5.32,2.25
2015.12.16 15:17:39.544,1.50123,1.50129,1.45,1.12
2015.12.16 15:17:40.084,1.50123,1.50131,1.10,1.95
2015.12.16 15:17:40.793,1.50123,1.50131,1.10,1.95
2015.12.16 15:17:41.296,1.50124,1.50132,1.00,2.70
2015.12.16 15:17:41.602,1.50121,1.50132,4.57,3.37
2015.12.16 15:17:41.908,1.50123,1.50127,1.00,1.12
2015.12.16 15:17:42.412,1.50119,1.50127,1.00,1.50
2015.12.16 15:17:42.922,1.5012,1.50125,1.00,1.20
2015.12.16 15:17:43.703,1.50119,1.50128,1.10,2.62
2015.12.16 15:17:43.755,1.50119,1.50127,1.20,1.57
2015.12.16 15:17:44.263,1.50118,1.50126,4.57,1.27
2015.12.16 15:17:44.798,1.5012,1.50128,1.20,1.20
2015.12.16 15:17:44.850,1.5012,1.50129,2.32,3.00
2015.12.16 15:17:45.461,1.5012,1.50126,2.70,1.12
2015.12.16 15:17:46.057,1.50121,1.50128,1.07,1.37
2015.12.16 15:17:46.868,1.50121,1.50128,1.07,1.12
2015.12.16 15:17:47.404,1.50121,1.50128,1.27,1.12
2015.12.16 15:17:47.759,1.50121,1.50127,1.27,1.37
2015.12.16 15:17:47.962,1.50122,1.50128,1.20,1.12
2015.12.16 15:17:48.116,1.50125,1.50134,1.47,1.87
2015.12.16 15:17:48.482,1.50126,1.50136,2.25,2.62
2015.12.16 15:17:48.686,1.50126,1.50134,1.50,1.37
2015.12.16 15:17:49.195,1.50126,1.50132,1.00,1.12
2015.12.16 15:17:49.737,1.50123,1.50132,2.70,1.37
2015.12.16 15:17:50.244,1.50123,1.50132,1.65,1.37
2015.12.16 15:17:51.480,1.50123,1.50131,1.65,1.37
2015.12.16 15:17:51.582,1.50123,1.50132,2.40,1.12
2015.12.16 15:17:52.380,1.50123,1.5013,1.55,1.37
2015.12.16 15:17:52.691,1.50131,1.50137,1.87,1.20
2015.12.16 15:17:52.794,1.50132,1.50139,4.12,1.87
2015.12.16 15:17:52.999,1.50132,1.5014,4.87,1.00
2015.12.16 15:17:53.516,1.50134,1.50139,2.25,1.37
2015.12.16 15:17:53.618,1.50135,1.50142,1.00,1.37
2015.12.16 15:17:54.159,1.50135,1.5014,1.00,1.12
2015.12.16 15:17:54.776,1.50135,1.50139,1.10,1.12
2015.12.16 15:17:55.284,1.50135,1.5014,1.10,1.12
2015.12.16 15:17:55.903,1.50133,1.50136,1.10,1.37
2015.12.16 15:17:56.005,1.5013,1.50135,2.70,1.37
2015.12.16 15:17:56.107,1.50132,1.50137,1.00,1.95
2015.12.16 15:17:56.615,1.50131,1.50138,2.32,1.37
2015.12.16 15:17:56.986,1.50131,1.50136,5.40,1.37
2015.12.16 15:17:57.494,1.50132,1.50136,1.10,1.37
2015.12.16 15:17:58.000,1.5013,1.50135,4.57,1.37
2015.12.16 15:17:58.102,1.5013,1.50138,5.32,1.87
2015.12.16 15:17:58.925,1.50132,1.50137,1.95,1.37
2015.12.16 15:17:59.129,1.50136,1.50142,1.00,1.07
2015.12.16 15:17:59.283,1.50136,1.50144,1.12,1.00
2015.12.16 15:17:59.334,1.50134,1.50141,1.47,1.50
2015.12.16 15:17:59.639,1.5013,1.50139,2.32,1.57
2015.12.16 15:17:59.912,1.5013,1.50136,1.10,1.00
2015.12.16 15:18:00.219,1.50128,1.50136,1.00,1.57
2015.12.16 15:18:00.627,1.50125,1.50131,1.57,1.12
2015.12.16 15:18:00.934,1.5012,1.5013,1.37,3.82
2015.12.16 15:18:01.471,1.50119,1.50128,2.25,1.10
2015.12.16 15:18:01.978,1.5012,1.50129,1.87,1.20
2015.12.16 15:18:02.079,1.5012,1.50129,1.12,2.25
2015.12.16 15:18:02.384,1.5012,1.50127,1.12,1.12
2015.12.16 15:18:04.118,1.5012,1.50129,1.12,2.25
2015.12.16 15:18:06.453,1.50119,1.50128,2.62,2.62
2015.12.16 15:18:12.061,1.50122,1.50128,1.12,1.12
2015.12.16 15:18:12.163,1.50123,1.50131,1.65,1.12
2015.12.16 15:18:12.383,1.50124,1.50131,1.50,1.12
2015.12.16 15:18:13.042,1.50124,1.50131,5.32,1.37
2015.12.16 15:18:13.632,1.50124,1.50132,5.32,1.37
2015.12.16 15:18:14.140,1.50125,1.50131,1.37,1.37
2015.12.16 15:18:14.700,1.50125,1.50132,1.37,1.37
2015.12.16 15:18:15.228,1.50124,1.50131,4.57,1.37
2015.12.16 15:18:15.838,1.50124,1.50132,4.57,1.37
2015.12.16 15:18:16.374,1.50124,1.50131,4.57,1.37
2015.12.16 15:18:16.875,1.50124,1.50132,4.57,1.37
2015.12.16 15:18:17.384,1.50124,1.50131,3.52,1.37
2015.12.16 15:18:17.537,1.50122,1.50127,1.10,1.12
2015.12.16 15:18:17.807,1.5012,1.50127,3.37,2.25
2015.12.16 15:18:17.861,1.50119,1.50127,1.00,1.12
2015.12.16 15:18:18.529,1.50119,1.50127,1.00,1.87
2015.12.16 15:18:21.068,1.50119,1.50125,1.00,1.47
2015.12.16 15:18:21.683,1.5012,1.50128,1.37,1.12
2015.12.16 15:18:22.191,1.5012,1.50128,4.50,1.12
2015.12.16 15:18:22.873,1.50117,1.50128,6.45,3.75
2015.12.16 15:18:23.178,1.50117,1.50127,1.00,3.00
2015.12.16 15:18:23.688,1.50118,1.50127,1.87,1.37
2015.12.16 15:18:23.739,1.50118,1.50128,1.87,1.87
2015.12.16 15:18:23.947,1.5012,1.50128,3.37,1.87
2015.12.16 15:18:24.711,1.5012,1.50128,4.50,1.75
2015.12.16 15:18:25.748,1.5012,1.50128,1.12,1.12
2015.12.16 15:18:25.903,1.50118,1.50126,1.10,2.32
2015.12.16 15:18:26.259,1.50117,1.50124,1.00,2.25
2015.12.16 15:18:26.569,1.50115,1.50124,1.10,1.50
2015.12.16 15:18:26.620,1.50117,1.50124,1.00,1.50
2015.12.16 15:18:27.128,1.50117,1.50124,1.00,1.57
2015.12.16 15:18:29.087,1.50117,1.50125,1.20,1.57
2015.12.16 15:18:29.332,1.50117,1.50124,1.50,1.00
2015.12.16 15:18:29.488,1.50114,1.50122,3.82,1.47
2015.12.16 15:18:29.590,1.50113,1.50119,2.70,1.00
2015.12.16 15:18:29.794,1.5011,1.50119,1.12,2.32
2015.12.16 15:18:30.048,1.50108,1.50118,1.57,1.45
2015.12.16 15:18:31.685,1.50109,1.50118,1.00,1.45
2015.12.16 15:18:33.999,1.50108,1.50118,1.95,1.45
2015.12.16 15:18:36.420,1.50107,1.50111,2.62,1.00
2015.12.16 15:18:36.724,1.501,1.50109,1.87,1.00
2015.12.16 15:18:37.369,1.501,1.50108,1.50,1.20
2015.12.16 15:18:38.435,1.501,1.50108,1.00,1.20
2015.12.16 15:18:40.034,1.50101,1.50108,1.00,1.20
2015.12.16 15:18:40.085,1.50101,1.50108,1.50,1.10
2015.12.16 15:18:40.329,1.50099,1.50109,3.37,2.62
2015.12.16 15:18:40.685,1.501,1.50102,1.95,1.00
2015.12.16 15:18:40.787,1.50097,1.50106,4.87,4.12
2015.12.16 15:18:40.838,1.50099,1.50105,1.50,3.00
2015.12.16 15:18:40.940,1.50101,1.50108,1.45,1.37
2015.12.16 15:18:40.992,1.50102,1.50109,1.45,2.25
2015.12.16 15:18:41.297,1.50107,1.50113,1.50,5.25
2015.12.16 15:18:41.348,1.50107,1.50113,1.50,2.25
2015.12.16 15:18:42.104,1.50106,1.50113,2.02,1.50
2015.12.16 15:18:42.510,1.50105,1.5011,2.70,1.00
2015.12.16 15:18:42.714,1.50099,1.50106,1.20,1.37
2015.12.16 15:18:43.220,1.50098,1.50106,1.20,2.62
2015.12.16 15:18:43.830,1.50098,1.50105,1.95,1.37
2015.12.16 15:18:43.932,1.50098,1.50106,1.95,1.87
2015.12.16 15:18:44.823,1.50098,1.50106,1.95,4.12
2015.12.16 15:18:44.925,1.50098,1.50102,1.12,1.50
2015.12.16 15:18:45.078,1.50092,1.50098,4.50,1.00
2015.12.16 15:18:45.339,1.50088,1.50097,1.57,1.87
2015.12.16 15:18:45.846,1.50088,1.50095,1.07,2.25
2015.12.16 15:18:46.106,1.50087,1.50093,1.95,1.37
2015.12.16 15:18:46.158,1.50087,1.50093,1.57,1.37
2015.12.16 15:18:46.738,1.50087,1.50091,1.57,1.12
2015.12.16 15:18:46.942,1.50086,1.50094,5.40,1.37
2015.12.16 15:18:47.401,1.50088,1.50095,1.37,2.25
2015.12.16 15:18:47.904,1.50088,1.50095,1.00,2.25
2015.12.16 15:18:49.260,1.5009,1.50095,1.00,3.37
2015.12.16 15:18:49.770,1.50089,1.50095,1.87,2.70
2015.12.16 15:18:50.311,1.50088,1.50095,1.00,1.37
2015.12.16 15:18:50.842,1.50087,1.50096,1.10,1.50
2015.12.16 15:18:51.446,1.50086,1.50096,4.95,3.75
2015.12.16 15:18:51.751,1.50086,1.50094,4.95,1.37
2015.12.16 15:18:52.157,1.50086,1.50095,4.95,1.12
2015.12.16 15:18:52.701,1.50086,1.50094,4.95,1.12
2015.12.16 15:18:53.209,1.50086,1.50095,4.95,1.87
2015.12.16 15:18:53.974,1.50086,1.50094,4.95,1.00
2015.12.16 15:18:54.332,1.50086,1.50093,4.95,1.37
2015.12.16 15:18:55.330,1.50086,1.50094,4.65,1.12
2015.12.16 15:18:56.354,1.50086,1.50094,4.65,1.37
2015.12.16 15:18:56.996,1.50086,1.50095,4.65,1.37
2015.12.16 15:18:57.623,1.50097,1.50102,1.00,3.75
2015.12.16 15:18:57.928,1.501,1.50107,1.12,1.00
2015.12.16 15:18:58.233,1.50099,1.50109,1.50,1.87
2015.12.16 15:18:58.528,1.50099,1.50108,1.45,1.37
2015.12.16 15:18:58.832,1.50097,1.50108,2.62,3.52
2015.12.16 15:18:58.934,1.50097,1.50103,1.87,1.12
2015.12.16 15:18:59.036,1.50095,1.50103,6.07,1.37
2015.12.16 15:18:59.290,1.50095,1.50099,4.87,1.00
2015.12.16 15:18:59.561,1.5009,1.50095,1.10,1.37
2015.12.16 15:18:59.765,1.50088,1.50098,2.62,1.95
2015.12.16 15:18:59.918,1.5009,1.50098,1.12,1.10
2015.12.16 15:19:00.273,1.5009,1.50097,1.12,1.37
2015.12.16 15:19:00.375,1.50089,1.50098,1.75,1.00
2015.12.16 15:19:02.048,1.50089,1.50098,1.87,2.25
2015.12.16 15:19:02.201,1.50089,1.50097,1.20,1.37
2015.12.16 15:19:02.732,1.50089,1.50095,1.20,2.25
2015.12.16 15:19:03.192,1.50089,1.50098,1.50,1.45
2015.12.16 15:19:03.345,1.5009,1.50099,1.12,1.50
2015.12.16 15:19:03.904,1.50089,1.50099,1.87,1.50
2015.12.16 15:19:04.209,1.50094,1.501,1.00,1.87
2015.12.16 15:19:04.464,1.50099,1.50108,1.87,1.12
2015.12.16 15:19:04.962,1.50105,1.50111,1.07,1.00
2015.12.16 15:19:05.013,1.50107,1.50113,1.50,1.10
2015.12.16 15:19:05.115,1.50107,1.50118,2.25,6.37
2015.12.16 15:19:06.479,1.50108,1.50116,1.12,1.87
2015.12.16 15:19:07.872,1.50106,1.50115,1.45,1.50
2015.12.16 15:19:08.460,1.50106,1.50114,1.20,1.50
2015.12.16 15:19:08.977,1.50106,1.50114,1.12,1.50
2015.12.16 15:19:09.487,1.50106,1.50112,1.12,1.12
2015.12.16 15:19:09.897,1.50106,1.50114,1.12,1.50
2015.12.16 15:19:10.664,1.50106,1.50112,1.12,1.37
2015.12.16 15:19:11.058,1.50103,1.50108,1.47,1.87
2015.12.16 15:19:11.109,1.50101,1.50107,1.12,1.50
2015.12.16 15:19:11.262,1.50099,1.50107,1.12,1.95
2015.12.16 15:19:11.466,1.50097,1.50101,1.20,1.37
2015.12.16 15:19:11.771,1.50093,1.50101,1.75,1.12
2015.12.16 15:19:12.022,1.50093,1.50103,1.87,1.20
2015.12.16 15:19:12.390,1.50097,1.50105,1.20,1.00
2015.12.16 15:19:12.695,1.50097,1.50104,1.10,1.37
2015.12.16 15:19:12.797,1.50097,1.50105,1.10,1.00
2015.12.16 15:19:13.340,1.50097,1.50105,1.10,1.50
2015.12.16 15:19:13.897,1.50097,1.50104,1.10,1.37
2015.12.16 15:19:14.711,1.50097,1.50105,1.10,1.50
2015.12.16 15:19:15.017,1.50097,1.50106,1.50,1.50
2015.12.16 15:19:15.525,1.50097,1.50106,1.75,1.50
2015.12.16 15:19:16.080,1.50097,1.50106,1.87,3.75
2015.12.16 15:19:16.742,1.50099,1.50106,1.50,3.37
2015.12.16 15:19:16.793,1.50099,1.50108,1.47,4.87
2015.12.16 15:19:17.217,1.50101,1.50109,1.20,1.57
2015.12.16 15:19:17.320,1.50103,1.50111,1.00,1.37
2015.12.16 15:19:17.372,1.50104,1.50113,1.00,2.25
2015.12.16 15:19:17.425,1.50106,1.50113,1.00,1.50
2015.12.16 15:19:17.600,1.50107,1.50114,1.00,1.00
2015.12.16 15:19:17.651,1.50107,1.50116,1.37,1.00
2015.12.16 15:19:18.060,1.50108,1.50117,1.37,1.12
2015.12.16 15:19:18.409,1.50111,1.50119,2.25,1.37
2015.12.16 15:19:18.979,1.50111,1.50118,2.25,1.37
2015.12.16 15:19:19.487,1.50111,1.5012,1.82,1.37
2015.12.16 15:19:19.995,1.50111,1.5012,1.50,1.37
2015.12.16 15:19:20.300,1.50111,1.50117,2.25,1.37
2015.12.16 15:19:20.505,1.50111,1.50118,2.25,1.12
2015.12.16 15:19:20.912,1.50113,1.50122,1.00,1.87
2015.12.16 15:19:21.014,1.50113,1.50118,1.00,1.37
2015.12.16 15:19:21.522,1.50113,1.50117,1.00,1.37
2015.12.16 15:19:22.105,1.50111,1.50118,5.25,1.37
2015.12.16 15:19:22.616,1.50111,1.50117,2.25,1.37
2015.12.16 15:19:23.124,1.50111,1.50118,1.50,1.37
2015.12.16 15:19:23.720,1.50111,1.50117,1.50,1.37
2015.12.16 15:19:24.228,1.5011,1.50118,1.12,1.37
2015.12.16 15:19:25.309,1.5011,1.50118,1.12,1.00
2015.12.16 15:19:25.818,1.50111,1.50118,1.07,1.87
2015.12.16 15:19:26.326,1.50111,1.50118,1.07,1.12
2015.12.16 15:19:26.936,1.50111,1.50118,1.07,1.87
2015.12.16 15:19:27.521,1.50111,1.50119,1.07,1.87
2015.12.16 15:19:28.030,1.50111,1.50118,1.07,1.37
2015.12.16 15:19:28.800,1.50111,1.50117,1.57,1.37
2015.12.16 15:19:29.307,1.5011,1.50118,1.12,1.37
2015.12.16 15:19:29.967,1.50109,1.50118,2.62,1.37
2015.12.16 15:19:30.529,1.50109,1.50118,2.62,1.87
2015.12.16 15:19:31.217,1.5011,1.50118,1.57,1.87
2015.12.16 15:19:31.727,1.50111,1.50117,1.47,1.37
2015.12.16 15:19:32.243,1.50111,1.50118,1.47,1.87
2015.12.16 15:19:33.331,1.5011,1.50117,1.12,1.50
2015.12.16 15:19:33.839,1.50109,1.50115,1.47,1.12
2015.12.16 15:19:34.342,1.5011,1.50117,1.50,1.57
2015.12.16 15:19:34.444,1.5011,1.50117,1.50,1.07
2015.12.16 15:19:35.404,1.5011,1.50117,1.95,1.07
2015.12.16 15:19:37.107,1.50111,1.50119,1.57,1.87
2015.12.16 15:19:37.980,1.50114,1.50119,1.00,1.87
2015.12.16 15:19:38.605,1.50118,1.50124,2.25,1.00
2015.12.16 15:19:38.657,1.5012,1.50126,1.00,1.00
2015.12.16 15:19:39.166,1.5012,1.50125,1.00,1.37
2015.12.16 15:19:39.628,1.50123,1.50129,4.50,1.87
2015.12.16 15:19:39.680,1.50123,1.50132,5.32,1.95
2015.12.16 15:19:39.834,1.50122,1.50129,1.50,1.37
2015.12.16 15:19:40.244,1.50125,1.50132,1.37,1.85
2015.12.16 15:19:40.295,1.50125,1.50132,1.37,1.45
2015.12.16 15:19:40.659,1.5012,1.5013,3.37,1.57
2015.12.16 15:19:41.168,1.5012,1.50128,1.50,1.00
2015.12.16 15:19:41.671,1.5012,1.50129,1.12,1.57
2015.12.16 15:19:42.221,1.5012,1.50129,1.12,1.10
2015.12.16 15:19:43.453,1.5012,1.50129,1.12,2.32
2015.12.16 15:19:44.056,1.5012,1.50127,1.85,1.00
2015.12.16 15:19:44.578,1.50118,1.50127,2.62,1.20
2015.12.16 15:19:45.086,1.50121,1.50129,1.45,1.20
2015.12.16 15:19:45.137,1.50121,1.50131,2.25,1.12
2015.12.16 15:19:45.649,1.50126,1.50132,1.75,1.00
2015.12.16 15:19:45.755,1.50127,1.50135,1.87,1.07
2015.12.16 15:19:46.708,1.5013,1.50135,1.00,1.57
2015.12.16 15:19:46.760,1.5013,1.50137,1.50,1.20
2015.12.16 15:19:47.272,1.5013,1.50139,1.87,1.50
2015.12.16 15:19:47.782,1.50128,1.50133,1.57,1.37
2015.12.16 15:19:48.094,1.50128,1.50136,1.50,1.50
2015.12.16 15:19:48.632,1.50131,1.50137,1.37,1.12
2015.12.16 15:19:49.239,1.5013,1.50136,1.75,1.37
2015.12.16 15:19:49.291,1.5013,1.50138,1.50,1.45
2015.12.16 15:19:49.393,1.50131,1.50137,1.37,1.57
2015.12.16 15:19:49.952,1.5013,1.50137,2.25,1.57
2015.12.16 15:19:50.498,1.50131,1.50136,1.37,1.37
2015.12.16 15:19:50.600,1.50131,1.50139,1.50,1.87
2015.12.16 15:19:51.110,1.5013,1.50137,1.87,1.57
2015.12.16 15:19:51.826,1.5013,1.50135,1.75,1.37
2015.12.16 15:19:52.296,1.50131,1.50136,1.00,1.37
2015.12.16 15:19:52.803,1.5013,1.50136,1.37,1.37
2015.12.16 15:19:53.373,1.5013,1.50136,1.37,1.37
2015.12.16 15:19:53.880,1.5013,1.50137,1.37,1.57
2015.12.16 15:19:54.667,1.5013,1.50136,1.75,1.37
2015.12.16 15:19:55.176,1.5013,1.50138,2.25,1.87
2015.12.16 15:19:55.780,1.5013,1.50139,2.40,2.02
2015.12.16 15:19:56.344,1.50131,1.50141,1.95,6.07
2015.12.16 15:19:57.088,1.5013,1.50138,1.20,1.37
2015.12.16 15:19:57.393,1.5013,1.50136,1.12,1.37
2015.12.16 15:19:58.281,1.50131,1.50135,1.10,1.37
2015.12.16 15:19:58.484,1.50131,1.50136,1.10,1.12
2015.12.16 15:19:58.889,1.50131,1.50139,1.00,2.32
2015.12.16 15:19:59.427,1.50131,1.50138,1.00,1.37
2015.12.16 15:19:59.934,1.5013,1.50138,1.85,1.37
2015.12.16 15:20:00.881,1.50129,1.50137,3.37,1.37
2015.12.16 15:20:01.497,1.50131,1.50136,1.37,1.37
2015.12.16 15:20:02.412,1.5013,1.50137,2.25,1.37
2015.12.16 15:20:03.429,1.5013,1.50136,2.25,1.37
2015.12.16 15:20:04.403,1.50127,1.50133,1.95,1.57
2015.12.16 15:20:04.811,1.50128,1.50136,1.37,1.50
2015.12.16 15:20:05.016,1.5013,1.50137,1.37,1.57
2015.12.16 15:20:05.464,1.50131,1.5014,1.00,3.07
2015.12.16 15:20:05.922,1.50131,1.50138,3.00,1.37
2015.12.16 15:20:06.125,1.50132,1.5014,1.00,1.47
2015.12.16 15:20:06.672,1.50132,1.50139,1.37,1.37
2015.12.16 15:20:07.220,1.50132,1.5014,1.37,1.57
2015.12.16 15:20:08.193,1.50132,1.50139,1.37,1.37
2015.12.16 15:20:08.704,1.50132,1.50137,1.12,1.37
2015.12.16 15:20:09.212,1.50132,1.50138,1.12,1.47
2015.12.16 15:20:10.293,1.50132,1.50138,1.37,1.87
2015.12.16 15:20:11.097,1.50132,1.50137,1.37,1.37
2015.12.16 15:20:11.604,1.50132,1.50138,1.37,1.87
2015.12.16 15:20:12.424,1.5013,1.50136,1.47,1.37
2015.12.16 15:20:12.730,1.50127,1.50134,4.12,1.47
2015.12.16 15:20:12.832,1.50128,1.50135,1.87,1.07
2015.12.16 15:20:13.442,1.50128,1.50135,1.87,1.57
2015.12.16 15:20:13.958,1.50128,1.50138,3.00,1.50
2015.12.16 15:20:14.674,1.50128,1.50137,1.50,3.07
2015.12.16 15:20:14.725,1.50127,1.50134,2.32,1.47
2015.12.16 15:20:14.828,1.50127,1.50134,1.87,1.37
2015.12.16 15:20:15.379,1.50126,1.50133,3.07,1.07
2015.12.16 15:20:15.684,1.50128,1.50136,1.87,1.50
2015.12.16 15:20:16.039,1.50128,1.50137,2.62,1.75
2015.12.16 15:20:16.577,1.50128,1.50136,3.45,1.45
2015.12.16 15:20:17.090,1.50128,1.50137,3.45,1.85
2015.12.16 15:20:18.651,1.50128,1.50135,2.32,1.57
2015.12.16 15:20:19.155,1.50128,1.50135,2.32,1.57
2015.12.16 15:20:20.423,1.50128,1.50135,1.75,1.00
2015.12.16 15:20:20.932,1.50127,1.50135,5.70,1.50
2015.12.16 15:20:21.138,1.50126,1.50133,1.50,1.47
2015.12.16 15:20:21.499,1.50124,1.50131,2.70,1.50
2015.12.16 15:20:21.854,1.50125,1.50133,1.95,1.95
2015.12.16 15:20:22.362,1.50124,1.50132,5.32,1.50
2015.12.16 15:20:22.913,1.50124,1.50131,1.95,1.00
2015.12.16 15:20:23.269,1.50127,1.50135,1.00,5.25
2015.12.16 15:20:23.421,1.50128,1.50135,1.37,1.50
2015.12.16 15:20:24.184,1.50127,1.50134,1.50,1.20
2015.12.16 15:20:24.542,1.50126,1.50134,2.62,1.47
2015.12.16 15:20:24.746,1.50129,1.50135,1.00,1.07
2015.12.16 15:20:24.849,1.50129,1.50136,1.87,1.82
2015.12.16 15:20:25.395,1.50129,1.50138,2.25,4.57
2015.12.16 15:20:26.881,1.50128,1.50132,1.12,1.47
2015.12.16 15:20:27.216,1.50125,1.50132,1.87,4.50
2015.12.16 15:20:27.268,1.50125,1.50132,1.50,1.47
2015.12.16 15:20:27.371,1.50125,1.50133,1.50,1.57
2015.12.16 15:20:29.225,1.50129,1.50134,1.00,1.87
2015.12.16 15:20:29.486,1.50127,1.50134,1.50,1.12
2015.12.16 15:20:29.740,1.50127,1.50134,1.50,1.12
2015.12.16 15:20:31.494,1.50126,1.50133,1.12,1.57
2015.12.16 15:20:32.151,1.50128,1.50134,1.00,1.50
2015.12.16 15:20:32.660,1.50129,1.50136,1.50,1.87
2015.12.16 15:20:33.316,1.50129,1.50136,1.50,1.07
2015.12.16 15:20:33.622,1.50129,1.50136,2.70,1.10
2015.12.16 15:20:34.644,1.50131,1.50138,1.37,2.62
2015.12.16 15:20:34.747,1.50131,1.50138,4.87,1.00
2015.12.16 15:20:35.777,1.50133,1.50138,1.37,1.00
2015.12.16 15:20:36.488,1.50133,1.50138,2.25,1.37
2015.12.16 15:20:36.691,1.50133,1.5014,2.25,1.37
2015.12.16 15:20:36.793,1.50133,1.50141,2.25,2.32
2015.12.16 15:20:37.104,1.50133,1.50139,2.25,1.37
2015.12.16 15:20:37.634,1.50133,1.5014,3.00,1.37
2015.12.16 15:20:38.542,1.50133,1.50139,3.00,1.87
2015.12.16 15:20:39.051,1.50134,1.5014,1.37,1.37
2015.12.16 15:20:39.558,1.50135,1.50139,1.00,1.37
2015.12.16 15:20:40.075,1.50132,1.50139,2.25,4.87
2015.12.16 15:20:40.228,1.50132,1.50139,2.62,1.00
2015.12.16 15:20:41.699,1.50134,1.50141,3.00,2.25
2015.12.16 15:20:42.005,1.50133,1.50138,1.50,1.37
2015.12.16 15:20:42.225,1.50132,1.50137,1.00,1.37
2015.12.16 15:20:42.379,1.50134,1.5014,1.50,1.12
2015.12.16 15:20:42.738,1.50134,1.50141,1.87,1.57
2015.12.16 15:20:42.790,1.50134,1.50139,1.87,1.37
2015.12.16 15:20:43.121,1.50135,1.50141,1.12,1.10
2015.12.16 15:20:43.224,1.50137,1.50139,1.12,1.00
2015.12.16 15:20:43.461,1.50138,1.50143,1.57,1.00
2015.12.16 15:20:43.513,1.50138,1.50146,2.32,1.57
2015.12.16 15:20:43.565,1.5014,1.50146,1.00,1.57
2015.12.16 15:20:43.822,1.5014,1.50147,1.20,1.00
2015.12.16 15:20:44.077,1.50138,1.50147,2.70,1.47
2015.12.16 15:20:44.931,1.50136,1.50141,1.57,1.37
2015.12.16 15:20:45.185,1.50136,1.50143,2.25,1.12
2015.12.16 15:20:46.363,1.50138,1.50143,1.00,1.12
2015.12.16 15:20:46.566,1.50139,1.50146,1.10,1.20
2015.12.16 15:20:46.719,1.50139,1.50147,1.57,1.10
2015.12.16 15:20:47.427,1.5014,1.50147,1.50,1.10
2015.12.16 15:20:49.111,1.50142,1.50149,2.25,3.75
2015.12.16 15:20:49.367,1.50146,1.50154,1.12,4.95
2015.12.16 15:20:49.469,1.50147,1.50155,1.00,1.95
2015.12.16 15:20:49.782,1.50147,1.50155,1.10,3.00
2015.12.16 15:20:50.208,1.50147,1.50154,3.82,1.47
2015.12.16 15:20:50.564,1.50148,1.50155,1.37,1.10
2015.12.16 15:20:50.768,1.50149,1.50158,1.87,1.20
2015.12.16 15:20:51.271,1.5015,1.50158,1.07,1.10
2015.12.16 15:20:51.322,1.5015,1.50158,2.25,1.10
2015.12.16 15:20:52.230,1.5015,1.50157,1.12,1.12
2015.12.16 15:20:52.282,1.50149,1.50157,1.87,1.47
2015.12.16 15:20:52.639,1.5015,1.50158,2.25,1.10
2015.12.16 15:21:00.867,1.5015,1.50158,3.15,1.00
2015.12.16 15:21:05.066,1.50151,1.50158,1.20,1.00
2015.12.16 15:21:06.224,1.50152,1.50159,1.57,1.00
2015.12.16 15:21:08.030,1.50151,1.50155,1.50,1.00
2015.12.16 15:21:08.349,1.5015,1.50151,1.12,1.12
2015.12.16 15:21:08.411,1.50144,1.50151,1.50,1.20
2015.12.16 15:21:08.514,1.50143,1.50151,1.00,1.20
2015.12.16 15:21:08.971,1.50142,1.50149,4.95,1.00
2015.12.16 15:21:09.073,1.5014,1.50149,4.95,3.00
2015.12.16 15:21:09.654,1.5014,1.50147,1.45,1.00
2015.12.16 15:21:11.062,1.50139,1.50148,4.57,1.85
2015.12.16 15:21:11.753,1.50138,1.50146,1.55,1.00
2015.12.16 15:21:11.858,1.50137,1.50143,1.12,1.37
2015.12.16 15:21:12.095,1.50136,1.50144,1.50,1.47
2015.12.16 15:21:12.651,1.50137,1.50145,1.12,1.65
2015.12.16 15:21:12.753,1.50137,1.50145,3.37,1.57
2015.12.16 15:21:12.907,1.50137,1.50144,1.00,1.37
2015.12.16 15:21:13.414,1.50135,1.50144,1.87,2.25
2015.12.16 15:21:13.973,1.50135,1.50144,1.50,3.37
2015.12.16 15:21:14.075,1.50134,1.50143,4.20,1.37
2015.12.16 15:21:14.228,1.50134,1.50141,1.00,1.12
2015.12.16 15:21:14.329,1.50132,1.50139,1.55,1.00
2015.12.16 15:21:14.718,1.50129,1.50136,1.20,1.00
2015.12.16 15:21:15.227,1.50128,1.50138,1.57,2.25
2015.12.16 15:21:19.181,1.50129,1.50136,1.17,1.00
2015.12.16 15:21:19.690,1.50129,1.50137,1.17,2.25
2015.12.16 15:21:20.199,1.50128,1.50136,1.57,1.00
2015.12.16 15:21:21.122,1.50128,1.50137,1.57,2.25
2015.12.16 15:21:21.823,1.50128,1.50137,1.95,2.25
2015.12.16 15:21:22.432,1.50129,1.50137,1.17,1.87
2015.12.16 15:21:22.969,1.50129,1.50134,4.95,4.50
2015.12.16 15:21:23.227,1.50123,1.50128,1.07,1.37
2015.12.16 15:21:23.331,1.50119,1.50128,5.40,1.37
2015.12.16 15:21:23.433,1.50124,1.50128,4.87,1.37
2015.12.16 15:21:23.936,1.50124,1.50128,4.87,2.32
2015.12.16 15:21:24.444,1.50124,1.50129,4.87,3.07
2015.12.16 15:21:25.120,1.50128,1.5013,1.87,1.12
2015.12.16 15:21:25.172,1.50135,1.50139,4.87,1.00
2015.12.16 15:21:25.274,1.50135,1.50141,4.87,1.00
2015.12.16 15:21:25.630,1.50135,1.50142,5.62,1.00
2015.12.16 15:21:26.167,1.50137,1.50143,1.00,1.12
2015.12.16 15:21:26.473,1.50135,1.50141,5.32,1.12
2015.12.16 15:21:26.778,1.50135,1.5014,4.87,4.50
2015.12.16 15:21:27.132,1.50138,1.50141,4.87,4.87
2015.12.16 15:21:27.387,1.50132,1.50138,1.45,1.00
2015.12.16 15:21:27.489,1.50131,1.50138,1.20,4.50
2015.12.16 15:21:28.399,1.50131,1.50138,5.02,4.50
2015.12.16 15:21:28.907,1.50131,1.50138,5.02,3.00
2015.12.16 15:21:29.464,1.50131,1.50138,5.02,3.00
2015.12.16 15:21:29.741,1.50132,1.50141,1.27,2.25
2015.12.16 15:21:29.897,1.50138,1.50142,4.87,1.57
2015.12.16 15:21:30.050,1.50139,1.50144,4.87,3.00
2015.12.16 15:21:30.507,1.50139,1.50141,4.87,1.00
2015.12.16 15:21:30.920,1.50139,1.50143,4.87,1.50
2015.12.16 15:21:31.429,1.50139,1.50142,4.87,1.00
2015.12.16 15:21:31.786,1.50137,1.50142,4.87,1.00
2015.12.16 15:21:33.244,1.50137,1.50141,4.87,1.50
2015.12.16 15:21:33.523,1.50134,1.50138,5.32,1.00
2015.12.16 15:21:33.677,1.50131,1.50137,4.87,1.20
2015.12.16 15:21:33.728,1.50131,1.50137,4.87,4.65
2015.12.16 15:21:34.535,1.50131,1.50137,5.02,5.25
2015.12.16 15:21:34.840,1.50131,1.50138,5.02,1.50
2015.12.16 15:21:35.165,1.50133,1.50142,3.90,2.25
2015.12.16 15:21:35.470,1.50137,1.50141,4.87,1.12
2015.12.16 15:21:37.276,1.50139,1.50143,4.87,6.37
2015.12.16 15:21:37.378,1.50136,1.50144,1.12,5.70
2015.12.16 15:21:37.480,1.50137,1.50145,1.00,2.32
2015.12.16 15:21:37.986,1.50137,1.50145,1.57,2.62
2015.12.16 15:21:38.088,1.50137,1.50143,1.10,1.00
2015.12.16 15:21:38.334,1.50135,1.50143,3.82,1.12
2015.12.16 15:21:40.235,1.50135,1.50143,3.37,5.32
2015.12.16 15:21:40.540,1.50135,1.50141,3.00,3.90
2015.12.16 15:21:41.056,1.50136,1.50141,1.00,3.82
2015.12.16 15:21:42.874,1.50135,1.50141,3.00,3.90
2015.12.16 15:21:43.832,1.50135,1.50142,3.00,1.95
2015.12.16 15:21:44.341,1.50135,1.50142,3.00,1.87
2015.12.16 15:21:45.173,1.50137,1.50142,1.00,1.87
2015.12.16 15:21:45.225,1.50135,1.50142,3.37,1.87
2015.12.16 15:21:46.090,1.50135,1.50142,3.00,1.57
2015.12.16 15:21:46.635,1.50136,1.50142,2.25,1.50
2015.12.16 15:21:53.117,1.50137,1.50142,1.00,1.20
2015.12.16 15:21:54.669,1.50139,1.50144,1.00,1.10
2015.12.16 15:21:54.822,1.50139,1.50146,1.12,1.00
2015.12.16 15:21:58.423,1.50141,1.50146,1.00,1.50
2015.12.16 15:21:58.526,1.50139,1.50146,1.10,1.50
2015.12.16 15:22:00.315,1.50139,1.50146,1.10,1.50
2015.12.16 15:22:01.539,1.50139,1.50145,1.10,4.50
2015.12.16 15:22:01.955,1.50139,1.50141,1.10,1.00
2015.12.16 15:22:02.058,1.50135,1.50137,1.10,1.50
2015.12.16 15:22:02.109,1.50132,1.50133,3.00,1.00
2015.12.16 15:22:02.161,1.50129,1.50136,3.37,4.12
2015.12.16 15:22:02.407,1.5012,1.50127,2.25,4.87
2015.12.16 15:22:02.916,1.5012,1.50128,1.00,2.70
2015.12.16 15:22:02.968,1.5012,1.50128,1.87,1.57
2015.12.16 15:22:03.120,1.50122,1.50129,1.12,1.20
2015.12.16 15:22:03.684,1.5012,1.50129,2.25,4.20
2015.12.16 15:22:04.092,1.50119,1.50124,5.62,1.00
2015.12.16 15:22:04.347,1.50113,1.50117,1.37,1.12
2015.12.16 15:22:04.398,1.5011,1.50115,3.00,1.00
2015.12.16 15:22:04.744,1.50111,1.50113,1.00,1.37
2015.12.16 15:22:04.796,1.50104,1.50112,2.70,1.00
2015.12.16 15:22:04.898,1.50103,1.50111,1.20,1.00
2015.12.16 15:22:05.000,1.50102,1.5011,1.07,3.82
2015.12.16 15:22:05.153,1.501,1.50107,1.87,1.12
2015.12.16 15:22:05.561,1.50099,1.50106,1.00,1.00
2015.12.16 15:22:06.079,1.50099,1.50107,1.57,1.00
2015.12.16 15:22:06.828,1.501,1.50108,1.00,1.20
2015.12.16 15:22:07.941,1.501,1.50108,1.00,4.95
2015.12.16 15:22:08.499,1.50099,1.50107,1.10,1.37
2015.12.16 15:22:09.520,1.50099,1.50107,1.15,1.50
2015.12.16 15:22:09.875,1.50099,1.50106,1.15,4.12
2015.12.16 15:22:10.376,1.50097,1.50106,1.95,4.57
2015.12.16 15:22:11.086,1.50097,1.50106,1.37,4.57
2015.12.16 15:22:18.268,1.50096,1.50106,3.82,1.12
2015.12.16 15:22:18.626,1.501,1.50109,1.87,1.50
2015.12.16 15:22:18.931,1.50102,1.50109,1.00,1.50
2015.12.16 15:22:19.918,1.50102,1.50109,1.00,2.25
2015.12.16 15:22:20.546,1.501,1.50109,1.92,1.12
2015.12.16 15:22:21.334,1.50102,1.50111,1.37,1.37
2015.12.16 15:22:21.639,1.50102,1.50108,1.37,1.37
2015.12.16 15:22:21.741,1.50102,1.5011,1.37,3.00
2015.12.16 15:22:22.249,1.50102,1.50109,1.87,1.37
2015.12.16 15:22:22.788,1.50102,1.5011,1.37,1.37
2015.12.16 15:22:23.424,1.50102,1.50109,2.25,1.37
2015.12.16 15:22:24.179,1.50102,1.50108,2.25,1.37
2015.12.16 15:22:24.686,1.50102,1.50109,1.37,1.37
2015.12.16 15:22:25.198,1.50102,1.50108,1.37,1.37
2015.12.16 15:22:25.249,1.50102,1.5011,1.37,1.37
2015.12.16 15:22:26.661,1.50102,1.50109,1.87,1.37
2015.12.16 15:22:27.869,1.50102,1.5011,1.87,1.37
2015.12.16 15:22:28.378,1.50102,1.50109,1.87,1.37
2015.12.16 15:22:28.685,1.50104,1.50113,1.57,1.37
2015.12.16 15:22:28.790,1.50106,1.50114,3.37,1.85
2015.12.16 15:22:28.995,1.50104,1.50113,4.95,1.00
2015.12.16 15:22:29.098,1.50105,1.50111,1.00,1.10
2015.12.16 15:22:29.251,1.50101,1.5011,3.90,1.12
2015.12.16 15:22:29.861,1.501,1.50107,3.75,1.00
2015.12.16 15:22:29.913,1.501,1.50107,1.00,1.00
2015.12.16 15:22:29.965,1.501,1.50109,3.75,1.65
2015.12.16 15:22:30.357,1.501,1.50109,1.20,4.20
2015.12.16 15:22:30.867,1.50099,1.50109,1.95,2.70
2015.12.16 15:22:31.096,1.50099,1.50109,2.02,2.40
2015.12.16 15:22:34.825,1.50099,1.50109,1.95,1.95
2015.12.16 15:22:36.381,1.50098,1.50107,1.45,1.20
2015.12.16 15:22:37.465,1.50098,1.50106,1.00,1.20
2015.12.16 15:22:37.775,1.50094,1.501,1.17,1.00
2015.12.16 15:22:37.878,1.50089,1.50098,1.57,2.25
2015.12.16 15:22:37.931,1.50088,1.50096,3.90,1.37
2015.12.16 15:22:38.135,1.50085,1.50095,1.85,1.10
2015.12.16 15:22:38.644,1.50085,1.50095,2.32,1.17
2015.12.16 15:22:38.898,1.50088,1.50097,1.00,2.02
2015.12.16 15:22:40.024,1.50088,1.50097,1.07,1.20
2015.12.16 15:22:40.644,1.50088,1.50098,1.17,2.32
2015.12.16 15:22:42.300,1.50089,1.50098,1.10,1.57
2015.12.16 15:22:42.986,1.50089,1.50098,1.10,1.57
2015.12.16 15:22:44.736,1.50088,1.50098,1.55,1.95
2015.12.16 15:22:45.264,1.50088,1.50098,5.62,1.37
2015.12.16 15:22:45.315,1.50088,1.50099,5.87,3.15
2015.12.16 15:22:45.417,1.50088,1.50099,6.37,2.02
2015.12.16 15:22:45.927,1.5009,1.50101,3.30,2.62
2015.12.16 15:22:46.284,1.5009,1.50099,7.94,1.37
2015.12.16 15:22:46.896,1.5009,1.50098,5.62,1.37
2015.12.16 15:22:47.474,1.5009,1.50098,5.25,1.12
2015.12.16 15:22:48.142,1.5009,1.501,6.00,1.50
2015.12.16 15:22:48.194,1.50091,1.50101,1.42,1.20
2015.12.16 15:22:48.883,1.50091,1.501,3.07,1.87
2015.12.16 15:22:50.090,1.50092,1.50098,1.57,1.37
2015.12.16 15:22:50.604,1.5009,1.50097,1.17,1.37
2015.12.16 15:22:50.908,1.5009,1.50098,1.17,1.00
2015.12.16 15:22:51.612,1.5009,1.50098,1.17,1.50
2015.12.16 15:22:52.138,1.5009,1.50098,1.17,1.00
2015.12.16 15:22:52.840,1.5009,1.50098,1.17,1.50
2015.12.16 15:22:53.349,1.5009,1.50098,1.20,1.00
2015.12.16 15:22:53.858,1.5009,1.50099,1.20,1.00
2015.12.16 15:22:54.778,1.50093,1.50099,1.00,1.00
2015.12.16 15:22:54.881,1.50093,1.501,1.37,1.00
2015.12.16 15:22:55.033,1.50098,1.50107,1.00,5.25
2015.12.16 15:22:55.135,1.50098,1.50108,1.00,2.25
2015.12.16 15:22:55.186,1.50099,1.50108,1.55,1.57
2015.12.16 15:22:55.508,1.50104,1.5011,1.57,3.75
2015.12.16 15:22:55.560,1.50105,1.50114,1.50,4.50
2015.12.16 15:22:55.713,1.50106,1.50114,1.00,1.00
2015.12.16 15:22:56.221,1.50104,1.50115,4.57,2.62
2015.12.16 15:22:56.680,1.50105,1.50115,3.07,3.82
2015.12.16 15:22:59.983,1.50104,1.50114,4.95,1.00
2015.12.16 15:23:00.493,1.50104,1.50114,1.95,3.00
2015.12.16 15:23:01.053,1.50104,1.50114,1.95,2.25
2015.12.16 15:23:02.086,1.50106,1.50114,1.00,1.00
2015.12.16 15:23:02.390,1.50109,1.50117,1.00,1.12
2015.12.16 15:23:05.230,1.50109,1.50117,1.00,1.50
2015.12.16 15:23:05.893,1.50109,1.50117,1.00,1.50
2015.12.16 15:23:06.757,1.50109,1.50117,1.00,3.00
2015.12.16 15:23:07.327,1.50109,1.50116,1.00,1.87
2015.12.16 15:23:08.043,1.50109,1.50115,1.00,2.62
2015.12.16 15:23:08.957,1.50109,1.50115,1.00,1.12
2015.12.16 15:23:09.465,1.50109,1.50115,1.00,1.27
2015.12.16 15:23:10.140,1.50109,1.50115,1.00,1.00
2015.12.16 15:23:11.882,1.50109,1.50117,1.00,3.07
2015.12.16 15:23:12.839,1.50109,1.50118,1.00,4.50
2015.12.16 15:23:13.454,1.50109,1.50114,1.00,1.00
2015.12.16 15:23:13.556,1.50109,1.50117,1.00,1.00
2015.12.16 15:23:14.155,1.50109,1.50118,1.00,2.25
2015.12.16 15:23:14.409,1.50109,1.50118,1.95,2.32
2015.12.16 15:23:15.072,1.5011,1.50118,1.12,3.07
2015.12.16 15:23:15.581,1.50109,1.50118,1.20,1.50
2015.12.16 15:23:16.741,1.50109,1.50118,1.57,2.25
2015.12.16 15:23:17.278,1.50109,1.50117,1.57,1.87
2015.12.16 15:23:18.045,1.50109,1.50117,1.20,1.57
2015.12.16 15:23:18.500,1.50109,1.50118,1.47,3.82
2015.12.16 15:23:19.194,1.50109,1.50117,1.47,1.47
2015.12.16 15:23:20.065,1.50109,1.50118,1.47,4.57
2015.12.16 15:23:20.372,1.50108,1.50117,2.32,1.95
2015.12.16 15:23:20.576,1.50109,1.50118,1.45,2.40
2015.12.16 15:23:21.498,1.50109,1.50118,1.47,2.32
2015.12.16 15:23:22.223,1.50111,1.50119,1.10,2.25
2015.12.16 15:23:22.376,1.50115,1.50121,1.00,1.00
2015.12.16 15:23:22.724,1.5012,1.50127,1.20,1.50
2015.12.16 15:23:22.982,1.5012,1.50129,1.12,1.10
2015.12.16 15:23:23.084,1.50121,1.5013,4.20,1.95
2015.12.16 15:23:23.390,1.50121,1.5013,3.75,1.65
2015.12.16 15:23:24.458,1.50121,1.50129,1.57,1.87
2015.12.16 15:23:24.864,1.50119,1.50128,1.45,2.70
2015.12.16 15:23:24.915,1.50119,1.50128,1.45,5.70
2015.12.16 15:23:25.465,1.50118,1.50127,1.87,2.40
2015.12.16 15:23:25.972,1.50117,1.50126,4.57,1.65
2015.12.16 15:23:26.510,1.50118,1.50126,3.75,1.17
2015.12.16 15:23:30.580,1.50118,1.50125,3.75,1.57
2015.12.16 15:23:31.118,1.50118,1.50125,3.75,1.10
2015.12.16 15:23:32.472,1.50118,1.50126,3.75,2.25
2015.12.16 15:23:32.777,1.50112,1.50119,1.12,1.00
2015.12.16 15:23:33.031,1.5011,1.50119,4.50,1.65
2015.12.16 15:23:34.422,1.5011,1.50119,4.50,2.02
2015.12.16 15:23:35.417,1.5011,1.50119,4.87,2.02
2015.12.16 15:23:37.144,1.50109,1.50118,6.37,1.20
2015.12.16 15:23:40.736,1.50113,1.5012,1.12,2.02
2015.12.16 15:23:40.838,1.50112,1.50121,3.90,2.02
2015.12.16 15:23:41.345,1.50111,1.50119,4.20,1.95
2015.12.16 15:23:41.599,1.5011,1.50118,1.95,1.12
2015.12.16 15:23:41.998,1.50109,1.50117,1.50,3.07
2015.12.16 15:23:42.050,1.50108,1.50117,1.95,3.07
2015.12.16 15:23:42.560,1.50109,1.50117,1.07,1.12
2015.12.16 15:23:43.110,1.50109,1.50117,1.07,3.37
2015.12.16 15:23:43.619,1.50108,1.50117,1.45,3.07
2015.12.16 15:23:45.607,1.50108,1.50115,1.07,2.62
2015.12.16 15:23:46.158,1.50108,1.50115,1.07,1.50
2015.12.16 15:23:51.744,1.50108,1.50117,3.82,1.47
2015.12.16 15:23:52.170,1.50109,1.50118,4.65,2.70
2015.12.16 15:23:52.682,1.5011,1.50118,1.57,1.87
2015.12.16 15:24:00.515,1.5011,1.50118,2.25,2.62
2015.12.16 15:24:01.025,1.5011,1.50117,1.50,1.00
2015.12.16 15:24:01.690,1.5011,1.50118,1.50,1.50
2015.12.16 15:24:08.529,1.5011,1.50118,1.50,1.12
2015.12.16 15:24:09.536,1.50108,1.50116,2.25,1.00
2015.12.16 15:24:10.179,1.50108,1.50116,1.50,1.00
2015.12.16 15:24:11.059,1.50108,1.50116,1.87,1.00
2015.12.16 15:24:11.314,1.50108,1.50117,1.20,1.57
2015.12.16 15:24:11.670,1.50108,1.50116,1.20,1.37
2015.12.16 15:24:13.171,1.50108,1.50117,1.20,1.10
2015.12.16 15:24:14.708,1.50108,1.50118,2.25,4.57
2015.12.16 15:24:20.611,1.50109,1.50116,1.07,1.00
2015.12.16 15:24:22.549,1.50109,1.50116,1.07,1.37
2015.12.16 15:24:27.042,1.50108,1.50116,4.57,1.95
2015.12.16 15:24:27.543,1.50109,1.50117,1.47,2.32
2015.12.16 15:24:28.069,1.50108,1.50117,2.25,2.70
2015.12.16 15:24:28.374,1.50109,1.50117,1.07,5.02
2015.12.16 15:24:29.075,1.50108,1.50117,4.87,1.20
2015.12.16 15:24:29.585,1.50109,1.50118,1.20,3.82
2015.12.16 15:24:29.637,1.50108,1.50116,2.25,1.00
2015.12.16 15:24:34.053,1.50108,1.50116,2.25,1.50
2015.12.16 15:24:34.561,1.50109,1.50117,1.07,1.65
2015.12.16 15:24:38.793,1.50109,1.50116,1.45,1.37
2015.12.16 15:24:39.302,1.50109,1.50117,1.45,3.00
2015.12.16 15:24:39.810,1.50109,1.50116,1.45,1.37
2015.12.16 15:24:40.354,1.50109,1.50117,1.45,3.75
2015.12.16 15:24:44.561,1.50109,1.50118,1.65,2.70
2015.12.16 15:24:49.144,1.50109,1.50118,1.20,2.70
2015.12.16 15:24:51.414,1.50109,1.50118,1.45,6.37
2015.12.16 15:24:51.922,1.50108,1.50117,1.87,1.57
2015.12.16 15:24:52.763,1.50108,1.50117,1.12,4.27
2015.12.16 15:24:54.086,1.50109,1.50118,1.12,3.82
2015.12.16 15:24:59.390,1.50107,1.50117,5.62,2.70
2015.12.16 15:25:00.349,1.50107,1.50116,1.95,1.57
2015.12.16 15:25:00.851,1.50107,1.50116,1.95,1.50
2015.12.16 15:25:01.054,1.50108,1.50116,1.47,1.50
2015.12.16 15:25:01.561,1.50108,1.50116,3.82,1.00
2015.12.16 15:25:02.673,1.50108,1.50116,3.75,1.12
2015.12.16 15:25:02.876,1.50108,1.50116,1.57,1.20
2015.12.16 15:25:03.550,1.50108,1.50116,1.00,3.00
2015.12.16 15:25:05.463,1.50107,1.50115,4.57,1.20
2015.12.16 15:25:06.095,1.50107,1.50116,5.32,1.82
2015.12.16 15:25:06.604,1.50107,1.50116,5.40,1.37
2015.12.16 15:25:09.684,1.50108,1.50117,3.75,2.02
2015.12.16 15:25:10.404,1.50109,1.50117,1.50,2.62
2015.12.16 15:25:15.175,1.50109,1.50117,1.50,3.00
2015.12.16 15:25:16.378,1.50108,1.50117,5.25,2.25
2015.12.16 15:25:17.073,1.50108,1.50117,5.25,2.25
2015.12.16 15:25:17.580,1.50109,1.50117,1.00,3.37
2015.12.16 15:25:18.106,1.50109,1.50117,1.00,2.25
2015.12.16 15:25:19.302,1.50108,1.50117,5.25,2.62
2015.12.16 15:25:19.963,1.5011,1.50117,1.00,2.25
2015.12.16 15:25:20.474,1.5011,1.50117,1.00,1.50
2015.12.16 15:25:20.995,1.50108,1.50117,2.25,1.87
2015.12.16 15:25:21.354,1.50112,1.50117,1.00,1.00
2015.12.16 15:25:21.665,1.50121,1.50128,3.37,4.50
2015.12.16 15:25:21.768,1.50124,1.50129,1.10,1.00
2015.12.16 15:25:21.870,1.50126,1.50132,1.37,3.90
2015.12.16 15:25:21.972,1.50126,1.50132,1.45,1.10
2015.12.16 15:25:22.473,1.50127,1.50135,1.47,4.95
2015.12.16 15:25:22.982,1.50127,1.50135,4.12,1.12
2015.12.16 15:25:23.490,1.50127,1.50135,3.75,1.37
2015.12.16 15:25:24.262,1.50127,1.50135,4.50,1.12
2015.12.16 15:25:24.770,1.50128,1.50136,2.25,1.00
2015.12.16 15:25:25.298,1.50128,1.50138,5.40,3.00
2015.12.16 15:25:25.806,1.50128,1.50136,4.65,1.87
2015.12.16 15:25:26.775,1.50128,1.50134,3.75,1.10
2015.12.16 15:25:26.827,1.50127,1.50132,3.82,1.00
2015.12.16 15:25:26.929,1.50126,1.5013,1.00,1.00
2015.12.16 15:25:26.981,1.50123,1.5013,3.82,1.37
2015.12.16 15:25:27.236,1.50118,1.50126,5.40,1.50
2015.12.16 15:25:27.985,1.50118,1.50127,5.32,1.10
2015.12.16 15:25:31.572,1.50121,1.50128,1.87,1.47
2015.12.16 15:25:31.878,1.50124,1.5013,1.87,4.20
2015.12.16 15:25:31.980,1.50125,1.50133,1.50,1.85
2015.12.16 15:25:32.082,1.50125,1.50133,2.62,1.20
2015.12.16 15:25:32.595,1.50125,1.50132,1.12,1.95
2015.12.16 15:25:33.104,1.50124,1.50132,1.00,6.07
2015.12.16 15:25:33.410,1.50121,1.50127,3.90,1.37
2015.12.16 15:25:33.987,1.50118,1.50125,3.15,1.50
2015.12.16 15:25:34.498,1.50118,1.50127,3.15,2.25
2015.12.16 15:25:35.830,1.50118,1.50126,3.15,1.65
2015.12.16 15:25:36.400,1.50121,1.50128,1.00,5.02
2015.12.16 15:25:37.001,1.50121,1.50128,1.20,1.50
2015.12.16 15:25:37.753,1.5012,1.50128,2.02,2.70
2015.12.16 15:25:38.261,1.5012,1.50127,1.57,1.50
2015.12.16 15:25:40.728,1.50119,1.50126,1.65,1.10
2015.12.16 15:25:41.264,1.50119,1.50126,1.00,1.50
2015.12.16 15:25:45.467,1.50119,1.50126,1.00,1.50
2015.12.16 15:25:45.988,1.5012,1.50126,1.00,1.50
2015.12.16 15:25:46.689,1.50119,1.50126,1.87,1.10
2015.12.16 15:25:46.842,1.50119,1.50126,1.12,3.82
2015.12.16 15:25:47.350,1.50118,1.50125,1.80,1.45
2015.12.16 15:25:47.856,1.50118,1.50125,1.32,1.45
2015.12.16 15:25:49.143,1.50117,1.50123,1.72,1.00
2015.12.16 15:25:49.195,1.50117,1.50121,1.00,1.12
2015.12.16 15:25:49.399,1.50108,1.50114,2.47,1.00
2015.12.16 15:25:49.451,1.50108,1.50112,2.47,1.00
2015.12.16 15:25:49.655,1.50099,1.50106,1.00,2.32
2015.12.16 15:25:49.758,1.50098,1.50105,1.30,2.25
2015.12.16 15:25:50.102,1.50097,1.50105,1.35,1.95
2015.12.16 15:25:50.612,1.50098,1.50105,1.30,5.70
2015.12.16 15:25:50.714,1.50098,1.50105,1.72,1.57
2015.12.16 15:25:51.291,1.50101,1.50105,1.00,1.10
2015.12.16 15:25:51.342,1.50099,1.50105,1.12,1.10
2015.12.16 15:25:51.395,1.50101,1.50105,1.30,1.00
2015.12.16 15:25:51.501,1.50101,1.50107,1.37,1.12
2015.12.16 15:25:52.094,1.50101,1.50109,1.87,1.57
2015.12.16 15:25:52.692,1.501,1.50107,4.27,1.00
2015.12.16 15:25:52.743,1.50099,1.50107,5.92,1.75
2015.12.16 15:25:52.845,1.50099,1.50106,1.35,4.50
2015.12.16 15:25:53.371,1.50097,1.50104,3.00,1.00
2015.12.16 15:25:53.921,1.50097,1.50104,2.17,1.10
2015.12.16 15:25:54.175,1.50094,1.50102,5.17,1.12
2015.12.16 15:25:54.429,1.50091,1.501,1.80,2.62
2015.12.16 15:25:54.884,1.50093,1.501,3.75,1.20
2015.12.16 15:25:56.622,1.50093,1.501,1.00,1.95
2015.12.16 15:25:56.877,1.50095,1.50101,1.00,4.95
2015.12.16 15:25:56.979,1.50095,1.50102,1.50,1.95
2015.12.16 15:25:57.554,1.50096,1.50103,1.12,1.07
2015.12.16 15:25:58.065,1.50095,1.50104,2.32,1.82
2015.12.16 15:25:59.034,1.50096,1.501,1.37,1.00
2015.12.16 15:25:59.137,1.50095,1.501,1.00,1.12
2015.12.16 15:25:59.239,1.50093,1.50098,1.10,1.00
2015.12.16 15:25:59.573,1.50089,1.50098,4.57,4.87
2015.12.16 15:26:00.605,1.50094,1.50097,1.00,1.12
2015.12.16 15:26:00.758,1.50098,1.50101,1.50,3.75
2015.12.16 15:26:01.002,1.50107,1.50115,1.75,4.95
2015.12.16 15:26:01.361,1.5011,1.50117,4.50,1.57
2015.12.16 15:26:01.615,1.50111,1.5012,4.65,1.12
2015.12.16 15:26:01.716,1.50111,1.5012,4.65,1.50
2015.12.16 15:26:02.063,1.50108,1.50116,2.62,1.00
2015.12.16 15:26:02.380,1.50108,1.50117,2.25,2.25
2015.12.16 15:26:02.787,1.50111,1.50118,1.10,1.37
2015.12.16 15:26:03.534,1.50111,1.50118,1.65,1.37
2015.12.16 15:26:04.299,1.50112,1.50119,1.57,1.47
2015.12.16 15:26:04.795,1.50111,1.50117,1.00,4.87
2015.12.16 15:26:05.312,1.50108,1.50115,1.20,1.37
2015.12.16 15:26:06.151,1.50108,1.50115,1.00,1.37
2015.12.16 15:26:06.306,1.50108,1.50112,1.00,1.75
2015.12.16 15:26:06.568,1.50102,1.50108,4.12,1.00
2015.12.16 15:26:06.620,1.50101,1.50108,1.10,1.50
2015.12.16 15:26:07.454,1.501,1.50108,2.32,1.57
2015.12.16 15:26:07.861,1.50102,1.5011,4.57,1.12
2015.12.16 15:26:08.167,1.50104,1.50113,6.07,1.20
2015.12.16 15:26:09.118,1.50105,1.50113,1.57,1.95
2015.12.16 15:26:10.217,1.50104,1.50113,6.07,1.20
2015.12.16 15:26:13.796,1.50107,1.50114,4.50,1.82
2015.12.16 15:26:14.205,1.50107,1.50114,4.50,1.12
2015.12.16 15:26:16.123,1.50106,1.50114,1.12,2.62
2015.12.16 15:26:16.646,1.50106,1.50114,1.50,1.87
2015.12.16 15:26:20.317,1.50106,1.50114,5.25,1.12
2015.12.16 15:26:20.470,1.50108,1.50116,2.32,1.87
2015.12.16 15:26:20.916,1.50111,1.50118,1.65,1.87
2015.12.16 15:26:21.425,1.50107,1.50116,3.00,1.87
2015.12.16 15:26:22.099,1.50107,1.50116,2.02,1.87
2015.12.16 15:26:22.976,1.50107,1.50116,1.95,2.62
2015.12.16 15:26:23.280,1.50106,1.50108,1.00,1.07
2015.12.16 15:26:23.558,1.50099,1.50104,3.75,1.50
2015.12.16 15:26:23.660,1.50098,1.50104,1.00,1.37
2015.12.16 15:26:23.762,1.50095,1.50101,2.25,1.12
2015.12.16 15:26:24.307,1.50094,1.501,6.00,1.07
2015.12.16 15:26:24.853,1.50095,1.50101,1.50,1.12
2015.12.16 15:26:25.310,1.50096,1.50101,4.12,1.07
2015.12.16 15:26:25.923,1.50098,1.50104,1.00,1.12
2015.12.16 15:26:26.432,1.50098,1.50103,1.00,1.07
2015.12.16 15:26:28.353,1.50098,1.50104,1.00,1.12
2015.12.16 15:26:28.920,1.501,1.50106,1.87,1.12
2015.12.16 15:26:29.174,1.50105,1.50113,4.50,1.07
2015.12.16 15:26:29.684,1.50105,1.50114,5.32,2.25
2015.12.16 15:26:30.115,1.50107,1.50113,1.00,1.27
2015.12.16 15:26:30.167,1.50104,1.50113,2.70,2.70
2015.12.16 15:26:30.545,1.50101,1.50108,1.10,1.47
2015.12.16 15:26:30.799,1.50102,1.5011,1.50,1.85
2015.12.16 15:26:31.053,1.50102,1.50111,4.65,1.12
2015.12.16 15:26:31.756,1.50102,1.50111,4.65,1.12
2015.12.16 15:26:33.977,1.50103,1.50111,2.25,1.12
2015.12.16 15:26:35.666,1.50106,1.50115,2.25,3.37
2015.12.16 15:26:36.538,1.50104,1.50112,4.50,1.07
2015.12.16 15:26:37.037,1.50103,1.50113,5.32,2.62
2015.12.16 15:26:37.343,1.50107,1.50114,1.00,3.37
2015.12.16 15:26:38.171,1.50107,1.50114,1.00,1.50
2015.12.16 15:26:40.000,1.50106,1.50114,1.12,1.50
2015.12.16 15:26:41.701,1.50104,1.50112,4.50,1.07
2015.12.16 15:26:42.208,1.50104,1.50113,4.50,1.87
2015.12.16 15:26:45.847,1.501,1.50109,4.95,3.82
2015.12.16 15:26:46.380,1.501,1.50109,1.55,4.57
2015.12.16 15:26:46.887,1.50099,1.50108,4.57,1.20
2015.12.16 15:26:46.989,1.50099,1.50107,1.10,1.85
2015.12.16 15:26:47.503,1.50098,1.50105,1.20,1.12
2015.12.16 15:26:48.033,1.50098,1.50105,1.20,1.12
2015.12.16 15:26:48.697,1.50092,1.501,5.32,1.50
2015.12.16 15:26:49.012,1.50089,1.50097,1.00,2.20
2015.12.16 15:26:49.551,1.50087,1.50095,2.02,4.12
2015.12.16 15:26:50.379,1.50087,1.50093,2.02,1.00
2015.12.16 15:26:51.025,1.50089,1.50093,1.17,1.00
2015.12.16 15:26:51.620,1.50089,1.50098,4.95,1.12
2015.12.16 15:26:52.384,1.50091,1.50099,3.45,1.20
2015.12.16 15:26:52.435,1.50091,1.501,3.82,1.20
2015.12.16 15:26:52.588,1.50089,1.501,5.70,4.95
2015.12.16 15:26:52.998,1.50089,1.50097,1.12,1.12
2015.12.16 15:26:54.826,1.50089,1.50098,2.62,1.37
2015.12.16 15:26:55.233,1.50088,1.50097,2.77,4.20
2015.12.16 15:26:55.826,1.50088,1.50097,1.55,4.20
2015.12.16 15:26:56.255,1.50091,1.50097,1.00,4.20
2015.12.16 15:26:56.306,1.50093,1.50097,1.57,3.37
2015.12.16 15:26:56.408,1.50092,1.501,4.65,3.75
2015.12.16 15:26:56.510,1.50094,1.50102,2.32,1.57
2015.12.16 15:26:56.613,1.50095,1.50103,1.00,1.50
2015.12.16 15:26:56.664,1.50095,1.50102,1.20,1.00
2015.12.16 15:26:56.989,1.50092,1.50099,1.50,1.37
2015.12.16 15:26:57.091,1.50091,1.50098,1.82,1.37
2015.12.16 15:26:57.142,1.50091,1.50098,1.12,1.87
2015.12.16 15:26:57.194,1.5009,1.50098,1.17,2.25
2015.12.16 15:26:58.215,1.50088,1.50096,1.00,2.32
2015.12.16 15:26:58.723,1.50087,1.50096,1.20,2.70
2015.12.16 15:27:01.727,1.50087,1.50096,1.57,1.95
2015.12.16 15:27:03.330,1.50087,1.50097,6.45,4.87
2015.12.16 15:27:03.483,1.50087,1.50097,10.85,1.20
2015.12.16 15:27:03.830,1.50088,1.50099,1.20,6.37
2015.12.16 15:27:04.646,1.50088,1.50098,3.82,5.70
2015.12.16 15:27:04.697,1.50087,1.50097,1.95,3.82
2015.12.16 15:27:06.067,1.50086,1.50091,3.37,1.00
2015.12.16 15:27:06.118,1.50086,1.5009,1.37,1.00
2015.12.16 15:27:06.220,1.50083,1.5009,4.27,1.20
2015.12.16 15:27:06.754,1.50085,1.50091,1.00,1.47
2015.12.16 15:27:08.097,1.50083,1.50092,1.20,1.87
2015.12.16 15:27:08.199,1.50083,1.50091,4.87,1.07
2015.12.16 15:27:08.656,1.50085,1.50093,5.32,1.07
2015.12.16 15:27:09.348,1.50087,1.50094,1.00,1.07
2015.12.16 15:27:11.249,1.50087,1.50095,1.20,1.57
2015.12.16 15:27:11.756,1.50087,1.50095,1.20,1.20
2015.12.16 15:27:13.511,1.50088,1.50095,1.37,1.10
2015.12.16 15:27:15.078,1.50085,1.50094,1.95,2.32
2015.12.16 15:27:15.790,1.50086,1.50094,1.20,1.57
2015.12.16 15:27:17.390,1.50086,1.50094,1.47,1.10
2015.12.16 15:27:17.442,1.50086,1.50091,1.47,1.12
2015.12.16 15:27:17.810,1.50074,1.50076,6.75,1.12
2015.12.16 15:27:17.863,1.50065,1.50074,1.37,1.00
2015.12.16 15:27:18.083,1.50062,1.50071,1.72,1.37
2015.12.16 15:27:18.289,1.50061,1.50072,1.17,1.87
2015.12.16 15:27:18.442,1.50063,1.50072,1.00,1.12
2015.12.16 15:27:18.797,1.50064,1.50072,1.12,1.10
2015.12.16 15:27:19.097,1.50065,1.50075,1.50,1.87
2015.12.16 15:27:19.353,1.50067,1.50076,1.00,1.12
2015.12.16 15:27:19.861,1.50067,1.50078,3.00,1.12
2015.12.16 15:27:20.881,1.50068,1.50078,1.47,1.12
2015.12.16 15:27:21.869,1.50068,1.50078,1.20,1.12
2015.12.16 15:27:22.858,1.50066,1.50077,3.00,3.07
2015.12.16 15:27:23.361,1.50066,1.50077,3.00,3.07
2015.12.16 15:27:26.691,1.50066,1.50075,1.95,1.07
2015.12.16 15:27:26.895,1.50065,1.50072,3.07,1.00
2015.12.16 15:27:27.199,1.50063,1.50072,1.87,3.00
2015.12.16 15:27:27.746,1.50064,1.50073,2.32,1.57
2015.12.16 15:27:28.254,1.50066,1.50074,1.10,1.07
2015.12.16 15:27:29.223,1.50066,1.50075,1.95,1.12
2015.12.16 15:27:30.035,1.50065,1.50074,1.87,1.50
2015.12.16 15:27:30.086,1.50065,1.50072,1.12,1.50
2015.12.16 15:27:30.539,1.50066,1.50071,2.25,1.50
2015.12.16 15:27:30.642,1.50065,1.50073,1.00,1.10
2015.12.16 15:27:30.693,1.50067,1.50074,1.37,3.00
2015.12.16 15:27:30.998,1.50061,1.50067,1.50,1.47
2015.12.16 15:27:31.510,1.5006,1.50065,1.00,1.27
2015.12.16 15:27:31.760,1.50058,1.50065,1.95,1.27
2015.12.16 15:27:32.271,1.50057,1.50066,3.07,1.12
2015.12.16 15:27:32.781,1.50058,1.50066,1.20,1.45
2015.12.16 15:27:33.459,1.50057,1.50065,1.10,1.07
2015.12.16 15:27:33.919,1.50056,1.50061,1.47,1.00
2015.12.16 15:27:34.072,1.50049,1.50055,1.12,1.00
2015.12.16 15:27:34.578,1.50046,1.50056,5.25,3.37
2015.12.16 15:27:36.067,1.50046,1.50055,1.00,1.47
2015.12.16 15:27:36.118,1.50045,1.50053,1.87,1.12
2015.12.16 15:27:36.220,1.50045,1.50054,2.25,1.12
2015.12.16 15:27:36.779,1.50045,1.50054,2.32,1.57
2015.12.16 15:27:37.286,1.50045,1.50055,1.57,2.25
2015.12.16 15:27:38.405,1.50046,1.50055,1.50,2.62
2015.12.16 15:27:38.761,1.50047,1.50055,1.12,2.32
2015.12.16 15:27:40.425,1.50046,1.50055,1.95,3.07
2015.12.16 15:27:41.125,1.50046,1.50055,1.47,2.32
2015.12.16 15:27:41.685,1.50046,1.50055,1.95,3.82
2015.12.16 15:27:42.491,1.50046,1.50055,1.47,2.32
2015.12.16 15:27:43.301,1.50046,1.50054,1.20,1.00
2015.12.16 15:27:43.606,1.50046,1.50052,1.95,1.00
2015.12.16 15:27:43.918,1.5004,1.50046,3.37,1.50
2015.12.16 15:27:43.969,1.50038,1.50046,1.12,1.87
2015.12.16 15:27:44.478,1.50038,1.50046,3.00,1.47
2015.12.16 15:27:45.473,1.50038,1.50045,1.50,1.10
2015.12.16 15:27:47.202,1.50038,1.50045,1.50,1.20
2015.12.16 15:27:47.304,1.50035,1.50044,4.95,1.12
2015.12.16 15:27:47.811,1.50035,1.50044,6.00,1.12
2015.12.16 15:27:48.679,1.50038,1.50046,2.32,1.57
2015.12.16 15:27:49.085,1.50036,1.50045,3.00,1.45
2015.12.16 15:27:49.980,1.50035,1.50044,3.82,1.07
2015.12.16 15:27:51.083,1.50035,1.50044,4.57,1.20
2015.12.16 15:27:51.589,1.50036,1.50044,1.87,1.20
2015.12.16 15:27:52.904,1.50037,1.50045,2.70,1.12
2015.12.16 15:27:53.415,1.50036,1.50045,1.07,2.32
2015.12.16 15:27:54.174,1.50035,1.50045,3.37,1.10
2015.12.16 15:27:54.957,1.50037,1.50047,2.25,5.02
2015.12.16 15:27:55.725,1.50043,1.50048,1.00,3.37
2015.12.16 15:27:55.828,1.50044,1.50049,1.00,1.82
2015.12.16 15:27:55.931,1.50045,1.50051,1.12,1.12
2015.12.16 15:27:55.983,1.50045,1.50053,6.37,1.00
2015.12.16 15:27:56.280,1.50049,1.50057,1.12,1.37
2015.12.16 15:27:56.788,1.50048,1.50057,1.12,1.50
2015.12.16 15:27:57.297,1.50048,1.50057,1.47,1.87
2015.12.16 15:27:57.398,1.50047,1.50053,3.37,1.00
2015.12.16 15:27:57.949,1.50043,1.50052,1.57,1.85
2015.12.16 15:27:58.457,1.50044,1.50052,1.20,1.47
2015.12.16 15:27:58.974,1.50044,1.50054,1.57,1.87
2015.12.16 15:27:59.476,1.50044,1.50053,2.70,1.07
2015.12.16 15:28:00.492,1.50044,1.50053,1.57,1.45
2015.12.16 15:28:01.073,1.50046,1.50053,1.00,1.45
2015.12.16 15:28:01.226,1.50046,1.50055,1.95,1.12
2015.12.16 15:28:01.734,1.50045,1.50055,1.95,1.12
2015.12.16 15:28:02.717,1.50045,1.50055,1.10,1.50
2015.12.16 15:28:03.174,1.50046,1.50056,1.95,1.20
2015.12.16 15:28:03.786,1.50047,1.50055,1.12,1.87
2015.12.16 15:28:03.837,1.50047,1.50055,1.12,1.10
2015.12.16 15:28:04.954,1.50047,1.50055,1.07,1.07
2015.12.16 15:28:05.507,1.50046,1.50056,2.32,1.37
2015.12.16 15:28:06.016,1.50048,1.50056,1.00,1.37
2015.12.16 15:28:06.820,1.50047,1.50056,3.82,1.50
2015.12.16 15:28:07.359,1.50047,1.50056,1.45,1.37
2015.12.16 15:28:08.024,1.50047,1.50055,2.25,1.37
2015.12.16 15:28:08.076,1.50047,1.50056,1.12,1.57
2015.12.16 15:28:08.586,1.50047,1.50055,2.25,1.37
2015.12.16 15:28:09.092,1.50047,1.50055,1.12,1.12
2015.12.16 15:28:09.691,1.50046,1.50054,6.07,1.00
2015.12.16 15:28:09.997,1.50045,1.50054,2.25,2.25
2015.12.16 15:28:11.106,1.50045,1.50054,2.40,1.37
2015.12.16 15:28:11.752,1.50046,1.50054,1.87,1.37
2015.12.16 15:28:12.279,1.50047,1.50056,2.32,1.50
2015.12.16 15:28:12.787,1.50047,1.50057,2.32,2.70
2015.12.16 15:28:13.636,1.50047,1.50056,3.37,1.00
2015.12.16 15:28:14.194,1.50047,1.50056,1.95,1.95
2015.12.16 15:28:14.348,1.50045,1.50055,3.75,2.32
2015.12.16 15:28:14.809,1.50044,1.50052,1.65,1.12
2015.12.16 15:28:17.695,1.50044,1.50051,1.20,1.87
2015.12.16 15:28:17.949,1.50039,1.50048,1.45,1.07
2015.12.16 15:28:18.812,1.50039,1.50048,1.20,1.57
2015.12.16 15:28:19.326,1.50038,1.50046,1.87,1.07
2015.12.16 15:28:19.868,1.50038,1.50046,1.50,1.07
2015.12.16 15:28:20.779,1.50037,1.50046,2.32,1.57
2015.12.16 15:28:21.595,1.50038,1.50046,1.00,1.95
2015.12.16 15:28:22.132,1.50037,1.50045,2.32,1.12
2015.12.16 15:28:23.843,1.50036,1.50041,1.12,1.37
2015.12.16 15:28:23.946,1.50033,1.50041,2.32,1.50
2015.12.16 15:28:24.459,1.50035,1.50042,1.00,1.12
2015.12.16 15:28:24.562,1.50037,1.50044,1.00,2.70
2015.12.16 15:28:25.072,1.50036,1.50044,1.57,1.37
2015.12.16 15:28:25.429,1.50037,1.50045,1.37,1.50
2015.12.16 15:28:25.938,1.50038,1.50048,3.00,2.62
2015.12.16 15:28:26.445,1.50039,1.50048,1.57,1.87
2015.12.16 15:28:26.856,1.50039,1.50048,1.95,1.87
2015.12.16 15:28:27.364,1.50039,1.50048,1.95,3.00
2015.12.16 15:28:27.871,1.5004,1.50048,1.57,1.00
2015.12.16 15:28:28.366,1.50042,1.50049,1.87,1.37
2015.12.16 15:28:28.418,1.50042,1.5005,4.12,1.50
2015.12.16 15:28:28.674,1.50045,1.5005,1.00,1.12
2015.12.16 15:28:28.980,1.50042,1.50049,2.02,1.37
2015.12.16 15:28:29.494,1.50042,1.5005,2.02,1.87
2015.12.16 15:28:30.421,1.50042,1.50051,2.02,2.25
2015.12.16 15:28:30.668,1.50041,1.50047,1.50,2.02
2015.12.16 15:28:30.925,1.50037,1.50045,4.20,1.12
2015.12.16 15:28:31.450,1.50038,1.50047,2.62,1.12
2015.12.16 15:28:32.215,1.50039,1.50048,4.87,1.50
2015.12.16 15:28:32.522,1.50043,1.5005,1.00,1.10
2015.12.16 15:28:33.040,1.50042,1.5005,1.12,1.00
2015.12.16 15:28:33.547,1.50042,1.5005,1.50,1.12
2015.12.16 15:28:36.630,1.50042,1.50047,1.87,1.00
2015.12.16 15:28:36.978,1.50038,1.50041,1.00,1.57
2015.12.16 15:28:37.031,1.50033,1.5004,1.20,1.10
2015.12.16 15:28:37.082,1.50033,1.5004,1.50,1.47
2015.12.16 15:28:37.591,1.5003,1.50034,1.37,1.00
2015.12.16 15:28:37.795,1.50021,1.5003,4.12,1.95
2015.12.16 15:28:38.090,1.50019,1.50023,1.82,1.37
2015.12.16 15:28:38.142,1.50019,1.50025,1.12,1.37
2015.12.16 15:28:38.604,1.50017,1.50026,2.70,1.95
2015.12.16 15:28:38.757,1.50017,1.50024,1.37,2.32
2015.12.16 15:28:38.911,1.50014,1.50023,1.87,1.95
2015.12.16 15:28:38.963,1.50014,1.50022,1.12,1.20
2015.12.16 15:28:39.390,1.50016,1.50024,1.12,1.12
2015.12.16 15:28:39.491,1.50015,1.50025,3.52,1.12
2015.12.16 15:28:39.543,1.50018,1.50025,1.00,2.25
2015.12.16 15:28:40.050,1.50016,1.50025,1.45,1.95
2015.12.16 15:28:40.707,1.50017,1.50026,1.27,2.62
2015.12.16 15:28:42.339,1.50017,1.50026,1.12,1.00
2015.12.16 15:28:45.772,1.50017,1.50026,1.12,2.62
2015.12.16 15:28:46.274,1.50016,1.50024,1.87,1.12
2015.12.16 15:28:46.781,1.50017,1.50026,1.87,2.25
2015.12.16 15:28:47.607,1.50017,1.50027,1.10,2.32
2015.12.16 15:28:48.013,1.50017,1.50027,1.20,1.95
2015.12.16 15:28:48.318,1.50017,1.50027,4.20,1.47
2015.12.16 15:28:48.973,1.50017,1.50026,4.95,2.25
2015.12.16 15:28:49.278,1.50016,1.50024,4.65,1.50
2015.12.16 15:28:50.810,1.50016,1.50024,1.20,1.45
2015.12.16 15:28:50.912,1.50016,1.50023,1.50,1.12
2015.12.16 15:28:51.065,1.50016,1.50024,4.57,1.10
2015.12.16 15:28:51.812,1.50018,1.50027,1.75,1.57
2015.12.16 15:28:52.375,1.50017,1.50024,1.12,1.00
2015.12.16 15:28:52.477,1.50018,1.50024,1.12,1.50
2015.12.16 15:28:52.978,1.5002,1.50029,1.57,1.95
2015.12.16 15:28:53.030,1.50023,1.50029,1.12,1.00
2015.12.16 15:28:53.183,1.50026,1.50035,2.25,1.37
2015.12.16 15:28:53.337,1.50028,1.50036,1.12,1.12
2015.12.16 15:28:53.388,1.50028,1.50036,4.12,1.12
2015.12.16 15:28:53.592,1.5003,1.50039,1.10,2.25
2015.12.16 15:28:53.644,1.5003,1.50039,1.47,1.50
2015.12.16 15:28:54.149,1.50031,1.50039,1.95,2.25
2015.12.16 15:28:55.197,1.50032,1.50039,1.12,1.50
2015.12.16 15:28:56.759,1.50032,1.50039,1.12,2.25
2015.12.16 15:28:57.369,1.50032,1.50039,1.12,1.50
2015.12.16 15:28:58.862,1.50032,1.50039,1.12,2.25
2015.12.16 15:28:59.369,1.50032,1.50039,4.50,1.00
2015.12.16 15:28:59.674,1.50032,1.50037,4.12,1.00
2015.12.16 15:28:59.827,1.50029,1.50037,1.45,2.25
2015.12.16 15:29:00.384,1.50029,1.50037,1.20,3.37
2015.12.16 15:29:00.588,1.50027,1.50033,1.45,1.00
2015.12.16 15:29:00.944,1.50025,1.50033,1.00,1.87
2015.12.16 15:29:01.098,1.50023,1.50028,1.00,1.37
2015.12.16 15:29:01.200,1.50018,1.50026,3.75,1.95
2015.12.16 15:29:01.428,1.50017,1.50026,1.47,1.45
2015.12.16 15:29:01.940,1.50017,1.50026,1.50,1.57
2015.12.16 15:29:01.992,1.50021,1.50028,1.00,2.62
2015.12.16 15:29:02.145,1.50024,1.50033,4.95,1.95
2015.12.16 15:29:02.746,1.50026,1.50034,1.00,1.37
2015.12.16 15:29:03.359,1.50026,1.50035,1.12,1.12
2015.12.16 15:29:03.885,1.50026,1.50032,1.00,1.00
2015.12.16 15:29:04.396,1.50024,1.5003,3.82,1.00
2015.12.16 15:29:04.926,1.50027,1.50031,1.00,1.00
2015.12.16 15:29:07.429,1.50024,1.50031,2.02,1.00
2015.12.16 15:29:07.582,1.50023,1.50029,4.27,1.50
2015.12.16 15:29:07.886,1.50019,1.50026,2.32,1.12
2015.12.16 15:29:08.393,1.50018,1.50026,1.87,2.25
2015.12.16 15:29:09.448,1.50018,1.50025,1.50,1.00
2015.12.16 15:29:11.679,1.5002,1.50025,1.27,1.00
2015.12.16 15:29:11.882,1.5002,1.50028,1.10,1.12
2015.12.16 15:29:12.393,1.50019,1.50028,5.32,1.12
2015.12.16 15:29:14.130,1.5002,1.50028,1.00,1.12
2015.12.16 15:29:15.047,1.5002,1.50026,1.00,1.00
2015.12.16 15:29:15.555,1.50019,1.50026,2.77,1.12
2015.12.16 15:29:16.063,1.50018,1.50025,1.15,1.00
2015.12.16 15:29:18.114,1.50017,1.50026,2.62,2.62
2015.12.16 15:29:19.519,1.50019,1.50028,1.57,3.00
2015.12.16 15:29:21.381,1.50019,1.50028,5.32,1.37
2015.12.16 15:29:21.432,1.50021,1.50028,1.00,1.00
2015.12.16 15:29:22.584,1.50021,1.50029,3.75,1.87
2015.12.16 15:29:23.726,1.50021,1.50028,4.12,1.87
2015.12.16 15:29:24.231,1.50021,1.50028,4.12,1.12
2015.12.16 15:29:25.736,1.50021,1.50028,4.12,1.87
2015.12.16 15:29:27.827,1.50021,1.50029,4.12,2.62
2015.12.16 15:29:28.437,1.50022,1.50029,3.15,1.12
2015.12.16 15:29:28.742,1.50021,1.50027,1.17,1.00
2015.12.16 15:29:29.941,1.5002,1.50028,2.70,1.00
2015.12.16 15:29:30.447,1.50019,1.50027,1.95,2.25
2015.12.16 15:29:31.265,1.50019,1.50027,3.90,2.25
2015.12.16 15:29:31.777,1.50019,1.50027,3.15,2.25
2015.12.16 15:29:32.575,1.50019,1.50027,2.32,1.87
2015.12.16 15:29:34.196,1.50018,1.50026,1.17,2.25
2015.12.16 15:29:34.850,1.50019,1.50026,1.10,1.12
2015.12.16 15:29:36.408,1.50019,1.50027,1.57,1.50
2015.12.16 15:29:37.192,1.50022,1.50027,3.75,1.50
2015.12.16 15:29:37.510,1.5002,1.5003,5.32,1.37
2015.12.16 15:29:38.474,1.50022,1.50029,1.00,1.50
2015.12.16 15:29:39.205,1.50022,1.50029,1.00,1.00
2015.12.16 15:29:39.358,1.5002,1.50028,4.57,2.25
2015.12.16 15:29:39.511,1.50019,1.50028,1.07,3.00
2015.12.16 15:29:40.227,1.50019,1.50028,1.65,1.00
2015.12.16 15:29:40.278,1.50019,1.50028,5.02,1.00
2015.12.16 15:29:40.583,1.50022,1.50029,3.75,2.25
2015.12.16 15:29:41.094,1.50022,1.50028,4.12,1.37
2015.12.16 15:29:41.385,1.50022,1.50029,4.12,1.12
2015.12.16 15:29:41.487,1.50022,1.50031,4.12,3.00
2015.12.16 15:29:41.995,1.50022,1.50029,3.75,1.37
2015.12.16 15:29:42.536,1.50022,1.5003,3.75,1.50
2015.12.16 15:29:43.083,1.50022,1.50029,3.75,1.37
2015.12.16 15:29:43.697,1.50022,1.5003,3.75,1.50
2015.12.16 15:29:44.337,1.50022,1.5003,3.75,1.75
2015.12.16 15:29:44.388,1.50022,1.50027,1.00,1.00
2015.12.16 15:29:44.996,1.50021,1.50027,2.25,4.50
2015.12.16 15:29:45.098,1.50022,1.50029,1.50,1.75
2015.12.16 15:29:45.403,1.50022,1.50031,1.50,3.75
2015.12.16 15:29:46.018,1.50022,1.5003,1.50,2.62
2015.12.16 15:29:46.272,1.50022,1.50028,1.50,1.37
2015.12.16 15:29:46.778,1.50021,1.50029,2.25,1.00
2015.12.16 15:29:47.414,1.50021,1.50028,3.00,1.37
2015.12.16 15:29:47.976,1.50021,1.50029,2.62,2.62
2015.12.16 15:29:50.018,1.50021,1.50029,2.62,1.37
2015.12.16 15:29:50.605,1.50025,1.50028,1.00,1.37
2015.12.16 15:29:50.707,1.50026,1.50034,1.57,1.37
2015.12.16 15:29:50.758,1.50028,1.50034,1.00,1.12
2015.12.16 15:29:50.911,1.50029,1.50036,1.00,1.20
2015.12.16 15:29:51.216,1.50026,1.50035,1.10,1.95
2015.12.16 15:29:51.764,1.50026,1.50035,2.32,1.95
2015.12.16 15:29:51.866,1.50026,1.50035,2.32,2.32
2015.12.16 15:29:54.646,1.50026,1.50034,2.40,1.00
2015.12.16 15:29:55.165,1.50025,1.50034,2.62,1.27
2015.12.16 15:29:56.745,1.50025,1.50034,1.20,1.20
2015.12.16 15:29:58.004,1.50025,1.50033,1.20,1.12
2015.12.16 15:29:58.359,1.50026,1.50034,1.57,1.00
2015.12.16 15:29:58.907,1.50026,1.50035,1.57,1.00
2015.12.16 15:30:00.251,1.50026,1.50035,1.65,1.37
2015.12.16 15:30:00.580,1.50025,1.50031,1.10,1.37
2015.12.16 15:30:01.116,1.50024,1.50032,1.20,1.37
2015.12.16 15:30:01.424,1.5002,1.50029,3.00,1.95
2015.12.16 15:30:01.475,1.5002,1.50028,1.00,1.07
2015.12.16 15:30:01.911,1.50019,1.50025,1.50,1.37
2015.12.16 15:30:01.963,1.50017,1.50024,1.00,1.47
2015.12.16 15:30:02.474,1.50017,1.50025,1.00,1.65
2015.12.16 15:30:02.953,1.50015,1.50021,1.27,1.37
2015.12.16 15:30:03.109,1.50012,1.50019,1.00,1.65
2015.12.16 15:30:03.161,1.50009,1.50019,1.50,2.32
2015.12.16 15:30:03.212,1.50009,1.50018,1.00,1.12
2015.12.16 15:30:04.027,1.50008,1.50017,1.12,1.20
2015.12.16 15:30:04.721,1.50008,1.50016,1.57,1.00
2015.12.16 15:30:05.228,1.50008,1.50017,1.07,1.95
2015.12.16 15:30:05.555,1.50014,1.50022,1.00,1.37
2015.12.16 15:30:05.658,1.50014,1.50024,1.20,1.00
2015.12.16 15:30:05.761,1.50015,1.50025,1.50,2.25
2015.12.16 15:30:05.966,1.50014,1.50024,1.57,1.17
2015.12.16 15:30:06.529,1.50016,1.50025,1.00,4.27
2015.12.16 15:30:06.631,1.50018,1.50023,1.00,1.07
2015.12.16 15:30:06.885,1.50015,1.50025,3.45,5.02
2015.12.16 15:30:07.088,1.50018,1.50025,1.00,4.87
2015.12.16 15:30:07.333,1.50019,1.50027,1.00,4.50
2015.12.16 15:30:07.944,1.50019,1.50026,1.00,3.75
2015.12.16 15:30:08.562,1.50017,1.50026,1.15,1.50
2015.12.16 15:30:09.074,1.50018,1.50027,1.65,4.87
2015.12.16 15:30:09.617,1.50018,1.50026,1.95,1.37
2015.12.16 15:30:10.784,1.5002,1.50028,1.10,4.87
2015.12.16 15:30:10.886,1.50025,1.50028,1.00,1.00
2015.12.16 15:30:10.989,1.50026,1.5003,1.00,1.10
2015.12.16 15:30:11.091,1.50028,1.50033,1.00,1.37
2015.12.16 15:30:11.142,1.50029,1.50033,1.50,1.00
2015.12.16 15:30:11.245,1.50029,1.50036,1.95,1.00
2015.12.16 15:30:11.772,1.5003,1.50036,1.00,1.00
2015.12.16 15:30:12.078,1.50027,1.50036,2.32,5.62
2015.12.16 15:30:12.580,1.50027,1.50035,1.20,4.12
2015.12.16 15:30:13.088,1.50027,1.50034,1.17,1.37
2015.12.16 15:30:13.413,1.50027,1.50032,1.07,1.87
2015.12.16 15:30:13.567,1.50021,1.50031,1.50,4.12
2015.12.16 15:30:13.873,1.50022,1.50031,1.12,4.12
2015.12.16 15:30:14.642,1.50021,1.5003,1.95,1.50
2015.12.16 15:30:15.537,1.5002,1.50027,1.00,1.00
2015.12.16 15:30:15.996,1.50019,1.50027,1.00,4.57
2015.12.16 15:30:16.597,1.50017,1.50027,2.25,5.25
2015.12.16 15:30:17.063,1.50018,1.50027,1.10,2.32
2015.12.16 15:30:17.601,1.50019,1.50027,3.90,1.50
2015.12.16 15:30:18.115,1.50019,1.50027,5.32,1.50
2015.12.16 15:30:18.529,1.50019,1.50029,5.77,1.50
2015.12.16 15:30:18.830,1.50021,1.50028,3.75,1.37
2015.12.16 15:30:19.491,1.50023,1.50032,1.37,1.87
2015.12.16 15:30:19.903,1.50025,1.50031,1.00,1.37
2015.12.16 15:30:20.108,1.50028,1.50034,1.12,1.00
2015.12.16 15:30:20.312,1.5003,1.5004,1.87,1.87
2015.12.16 15:30:20.911,1.50031,1.5004,1.12,1.87
2015.12.16 15:30:21.114,1.50031,1.50038,1.50,1.37
2015.12.16 15:30:22.104,1.5003,1.50037,2.25,1.37
2015.12.16 15:30:22.615,1.50031,1.50037,1.12,1.12
2015.12.16 15:30:22.919,1.50034,1.50043,1.50,4.50
2015.12.16 15:30:23.073,1.50033,1.50042,6.45,1.87
2015.12.16 15:30:23.378,1.50034,1.50039,1.55,1.37
2015.12.16 15:30:23.895,1.50035,1.5004,1.20,1.37
2015.12.16 15:30:24.407,1.50034,1.50039,1.87,1.37
2015.12.16 15:30:25.034,1.50034,1.50038,1.87,1.37
2015.12.16 15:30:25.543,1.50034,1.50038,2.25,1.37
2015.12.16 15:30:26.105,1.50033,1.50038,6.00,1.37
2015.12.16 15:30:26.426,1.50031,1.50037,1.57,1.37
2015.12.16 15:30:26.832,1.50033,1.5004,3.75,1.50
2015.12.16 15:30:27.062,1.50033,1.5004,4.50,1.12
2015.12.16 15:30:27.113,1.50033,1.50038,5.70,1.12
2015.12.16 15:30:27.324,1.50038,1.50045,1.50,1.87
2015.12.16 15:30:27.375,1.50038,1.50046,1.87,4.87
2015.12.16 15:30:27.427,1.50041,1.50049,1.00,1.37
2015.12.16 15:30:27.529,1.50043,1.50051,1.12,2.25
2015.12.16 15:30:27.631,1.50043,1.50051,1.65,1.12
2015.12.16 15:30:28.256,1.50049,1.50058,1.12,2.25
2015.12.16 15:30:28.308,1.50049,1.50058,1.12,1.87
2015.12.16 15:30:28.359,1.50052,1.50058,1.00,1.87
2015.12.16 15:30:28.664,1.50058,1.50064,1.57,1.00
2015.12.16 15:30:28.716,1.50059,1.50066,1.45,1.00
2015.12.16 15:30:29.095,1.50062,1.50067,1.87,1.00
2015.12.16 15:30:29.147,1.50062,1.50069,1.75,1.00
2015.12.16 15:30:29.200,1.5006,1.50069,1.95,1.50
2015.12.16 15:30:29.305,1.50059,1.50068,1.57,1.07
2015.12.16 15:30:29.815,1.5006,1.50066,1.00,1.12
2015.12.16 15:30:30.074,1.50057,1.50064,2.32,1.00
2015.12.16 15:30:30.279,1.50054,1.50062,1.10,1.12
2015.12.16 15:30:30.331,1.50053,1.50061,1.95,1.07
2015.12.16 15:30:30.944,1.50053,1.50062,2.77,1.12
2015.12.16 15:30:31.653,1.50054,1.50062,1.27,1.00
2015.12.16 15:30:32.166,1.50054,1.50064,2.70,2.25
2015.12.16 15:30:34.301,1.50056,1.50064,1.20,1.00
2015.12.16 15:30:34.808,1.50056,1.50064,1.15,1.37
2015.12.16 15:30:35.940,1.50056,1.50064,1.15,1.12
2015.12.16 15:30:36.476,1.50055,1.50064,1.87,1.50
2015.12.16 15:30:36.998,1.50056,1.50064,1.87,1.00
2015.12.16 15:30:37.101,1.50057,1.50066,1.17,2.25
2015.12.16 15:30:37.716,1.50056,1.50064,2.02,1.00
2015.12.16 15:30:38.229,1.50056,1.50065,1.65,1.00
2015.12.16 15:30:38.804,1.50056,1.50065,1.95,1.57
2015.12.16 15:30:39.320,1.50056,1.50064,1.57,1.37
2015.12.16 15:30:39.728,1.50056,1.50065,1.65,1.00
2015.12.16 15:30:40.035,1.50057,1.50064,1.57,1.37
2015.12.16 15:30:40.240,1.50057,1.50065,1.10,1.00
2015.12.16 15:30:40.749,1.50058,1.50065,1.00,1.12
2015.12.16 15:30:41.019,1.50058,1.50065,1.00,1.87
2015.12.16 15:30:41.121,1.50058,1.50065,1.00,1.12
2015.12.16 15:30:41.426,1.50058,1.50064,1.00,1.37
2015.12.16 15:30:41.833,1.50055,1.50062,1.57,1.37
2015.12.16 15:30:42.372,1.50056,1.50064,1.10,1.87
2015.12.16 15:30:43.237,1.50055,1.50064,2.40,1.87
2015.12.16 15:30:43.755,1.50056,1.50064,1.10,1.00
2015.12.16 15:30:44.263,1.50057,1.50065,1.12,1.47
2015.12.16 15:30:44.764,1.50057,1.50064,2.40,1.00
2015.12.16 15:30:45.072,1.50057,1.50063,1.65,1.37
2015.12.16 15:30:45.348,1.50057,1.50064,1.65,1.00
2015.12.16 15:30:45.952,1.50057,1.50064,2.40,1.00
2015.12.16 15:30:48.706,1.50057,1.50064,2.70,1.00
2015.12.16 15:30:49.478,1.50057,1.50064,2.40,1.00
2015.12.16 15:30:49.987,1.50057,1.50065,1.57,1.87
2015.12.16 15:30:50.476,1.50057,1.50065,1.00,1.95
2015.12.16 15:30:50.785,1.50055,1.50062,1.12,1.12
2015.12.16 15:30:50.837,1.50054,1.50062,2.62,1.37
2015.12.16 15:30:51.041,1.50055,1.50061,1.00,1.00
2015.12.16 15:30:51.515,1.50055,1.50065,1.00,1.57
2015.12.16 15:30:52.024,1.50055,1.50065,2.25,1.55
2015.12.16 15:30:52.747,1.50056,1.50065,1.50,2.02
2015.12.16 15:30:53.154,1.50055,1.50064,1.00,1.95
2015.12.16 15:30:54.187,1.50054,1.50065,2.62,3.45
2015.12.16 15:30:55.294,1.50054,1.50062,2.25,1.00
2015.12.16 15:30:55.448,1.50053,1.50061,2.25,1.87
2015.12.16 15:30:55.856,1.50051,1.50057,1.20,1.50
2015.12.16 15:30:56.362,1.50048,1.50057,3.07,2.25
2015.12.16 15:30:56.973,1.50048,1.50057,2.70,2.25
2015.12.16 15:30:57.353,1.50047,1.50051,2.25,1.00
2015.12.16 15:30:57.455,1.50045,1.50048,1.00,1.00
2015.12.16 15:30:57.507,1.50038,1.50042,2.32,1.00
2015.12.16 15:30:57.558,1.50038,1.50041,1.65,1.00
2015.12.16 15:30:57.662,1.50035,1.50036,1.00,1.00
2015.12.16 15:30:57.714,1.5003,1.50036,3.45,1.00
2015.12.16 15:30:57.869,1.5003,1.50038,1.12,1.50
2015.12.16 15:30:58.415,1.50028,1.50037,3.00,1.65
2015.12.16 15:30:58.923,1.50028,1.50036,2.62,1.47
2015.12.16 15:30:59.587,1.50028,1.50038,3.00,1.95
2015.12.16 15:30:59.640,1.50031,1.5004,1.00,2.25
2015.12.16 15:30:59.691,1.50031,1.5004,3.00,1.50
2015.12.16 15:30:59.997,1.50031,1.5004,1.37,1.95
2015.12.16 15:31:00.502,1.50032,1.5004,1.12,1.65
2015.12.16 15:31:00.810,1.50036,1.50044,1.20,1.52
2015.12.16 15:31:01.613,1.50036,1.50043,1.00,1.27
2015.12.16 15:31:01.919,1.50032,1.50039,3.75,1.57
2015.12.16 15:31:01.970,1.50029,1.50037,1.95,1.00
2015.12.16 15:31:02.173,1.50029,1.50036,1.20,1.07
2015.12.16 15:31:02.847,1.50032,1.50039,1.37,3.37
2015.12.16 15:31:02.898,1.50033,1.50041,1.20,1.37
2015.12.16 15:31:03.509,1.50033,1.50041,1.87,1.37
2015.12.16 15:31:03.718,1.5003,1.50038,1.47,1.00
2015.12.16 15:31:03.938,1.50029,1.50035,1.50,1.00
2015.12.16 15:31:03.990,1.50025,1.50035,1.87,1.12
2015.12.16 15:31:04.092,1.50025,1.50031,1.50,1.00
2015.12.16 15:31:04.347,1.50018,1.50026,1.45,1.00
2015.12.16 15:31:04.501,1.50016,1.50027,2.25,2.25
2015.12.16 15:31:05.012,1.50016,1.50025,2.25,1.17
2015.12.16 15:31:05.522,1.50017,1.50026,1.87,3.52
2015.12.16 15:31:05.677,1.5002,1.50026,1.00,3.52
2015.12.16 15:31:05.927,1.50021,1.5003,1.57,4.57
2015.12.16 15:31:06.475,1.50022,1.50031,1.12,1.12
2015.12.16 15:31:06.935,1.50022,1.50032,1.87,3.75
2015.12.16 15:31:07.510,1.50023,1.50031,1.37,1.57
2015.12.16 15:31:07.817,1.50024,1.50033,1.20,1.20
2015.12.16 15:31:08.419,1.50023,1.50032,4.20,1.95
2015.12.16 15:31:08.828,1.50023,1.50029,4.95,1.00
2015.12.16 15:31:09.336,1.50023,1.5003,1.57,1.00
2015.12.16 15:31:09.857,1.50023,1.5003,1.10,1.00
2015.12.16 15:31:10.569,1.50022,1.50031,1.95,1.00
2015.12.16 15:31:11.093,1.50023,1.50031,1.57,1.00
2015.12.16 15:31:11.398,1.50024,1.50031,1.20,1.00
2015.12.16 15:31:12.077,1.50024,1.5003,1.95,1.00
2015.12.16 15:31:12.591,1.50024,1.50031,1.12,1.00
2015.12.16 15:31:13.220,1.50025,1.50032,1.87,1.12
2015.12.16 15:31:13.884,1.50025,1.50031,1.87,1.00
2015.12.16 15:31:13.936,1.50024,1.50031,1.87,1.00
2015.12.16 15:31:14.991,1.50025,1.50033,1.45,1.50
2015.12.16 15:31:15.195,1.50025,1.50029,1.07,1.00
2015.12.16 15:31:15.297,1.50024,1.50031,1.50,1.00
2015.12.16 15:31:15.801,1.50024,1.5003,1.57,1.00
2015.12.16 15:31:16.415,1.50024,1.50033,1.95,1.20
2015.12.16 15:31:17.027,1.50024,1.50033,4.95,1.57
2015.12.16 15:31:17.079,1.50024,1.50032,1.00,1.17
2015.12.16 15:31:17.384,1.50024,1.50032,1.12,1.17
2015.12.16 15:31:24.517,1.50026,1.50033,1.00,1.27
2015.12.16 15:31:27.208,1.50024,1.50031,4.87,1.00
2015.12.16 15:31:27.529,1.50022,1.50029,2.25,1.00
2015.12.16 15:31:28.363,1.50023,1.50029,1.00,1.00
2015.12.16 15:31:29.599,1.50023,1.5003,1.12,1.00
2015.12.16 15:31:29.955,1.5002,1.50027,3.75,1.00
2015.12.16 15:31:30.057,1.5002,1.50026,1.00,1.00
2015.12.16 15:31:30.210,1.5002,1.50026,1.47,1.00
2015.12.16 15:31:30.464,1.5002,1.50025,1.20,1.00
2015.12.16 15:31:33.595,1.5002,1.50027,1.20,1.00
2015.12.16 15:31:34.246,1.5002,1.50029,3.90,1.37
2015.12.16 15:31:34.551,1.50024,1.50032,3.82,2.32
2015.12.16 15:31:34.755,1.50027,1.50034,1.45,1.00
2015.12.16 15:31:35.595,1.50027,1.50035,1.45,1.12
2015.12.16 15:31:36.123,1.50027,1.50036,1.45,1.50
2015.12.16 15:31:37.785,1.50028,1.50037,1.75,3.00
2015.12.16 15:31:38.335,1.50028,1.50035,1.75,1.00
2015.12.16 15:31:38.843,1.50028,1.50037,1.75,1.50
2015.12.16 15:31:39.374,1.50028,1.50037,1.87,1.50
2015.12.16 15:31:40.042,1.50029,1.50037,1.47,1.12
2015.12.16 15:31:42.864,1.50029,1.50038,1.57,1.50
2015.12.16 15:31:43.476,1.50031,1.50038,1.87,1.00
2015.12.16 15:31:44.007,1.50031,1.50037,1.50,1.50
2015.12.16 15:31:45.874,1.5003,1.50038,1.87,3.37
2015.12.16 15:31:46.223,1.50029,1.50039,1.87,2.32
2015.12.16 15:31:46.632,1.5003,1.50037,2.25,1.00
2015.12.16 15:31:49.571,1.5003,1.50039,2.32,1.47
2015.12.16 15:31:49.623,1.5003,1.50039,2.32,1.10
2015.12.16 15:31:49.828,1.50032,1.5004,1.75,1.50
2015.12.16 15:31:51.983,1.50036,1.5004,1.00,1.12
2015.12.16 15:31:52.136,1.50038,1.50047,1.00,1.00
2015.12.16 15:31:52.646,1.50038,1.50046,1.07,1.00
2015.12.16 15:31:53.941,1.50039,1.50046,1.47,1.00
2015.12.16 15:31:56.302,1.50039,1.50046,1.47,1.87
2015.12.16 15:31:59.646,1.50038,1.50047,3.00,1.50
2015.12.16 15:32:00.149,1.50038,1.50048,3.00,2.25
2015.12.16 15:32:00.671,1.50039,1.50048,1.95,2.25
2015.12.16 15:32:01.905,1.50039,1.50048,1.95,2.25
2015.12.16 15:32:02.887,1.50042,1.50048,1.12,1.87
2015.12.16 15:32:02.938,1.50042,1.5005,4.50,2.25
2015.12.16 15:32:03.040,1.50044,1.5005,4.20,1.00
2015.12.16 15:32:03.142,1.50047,1.50056,2.62,1.87
2015.12.16 15:32:03.193,1.50047,1.50056,2.62,1.50
2015.12.16 15:32:03.704,1.50049,1.50057,1.37,2.25
2015.12.16 15:32:04.011,1.50049,1.50056,1.85,1.50
2015.12.16 15:32:04.216,1.50047,1.50054,1.07,1.00
2015.12.16 15:32:05.250,1.50047,1.50054,1.45,1.37
2015.12.16 15:32:05.761,1.50046,1.50055,2.70,1.12
2015.12.16 15:32:06.928,1.50048,1.50056,3.75,1.50
2015.12.16 15:32:07.030,1.50048,1.50056,1.12,1.87
2015.12.16 15:32:07.539,1.50048,1.50056,1.50,2.25
2015.12.16 15:32:08.831,1.50053,1.50058,1.00,5.62
2015.12.16 15:32:09.136,1.5006,1.50066,1.47,3.75
2015.12.16 15:32:09.687,1.50058,1.50062,1.12,1.50
2015.12.16 15:32:09.840,1.50054,1.50055,1.00,1.00
2015.12.16 15:32:09.892,1.5005,1.50055,1.12,1.00
2015.12.16 15:32:10.747,1.50047,1.50051,1.12,1.00
2015.12.16 15:32:10.952,1.50036,1.50044,1.20,1.37
2015.12.16 15:32:11.054,1.50038,1.50045,1.12,1.37
2015.12.16 15:32:11.258,1.50036,1.50044,1.87,1.00
2015.12.16 15:32:11.741,1.50036,1.50044,1.07,2.25
2015.12.16 15:32:12.249,1.50036,1.50046,1.07,5.40
2015.12.16 15:32:14.709,1.50036,1.50045,2.25,1.50
2015.12.16 15:32:15.972,1.50037,1.50046,1.75,4.87
2015.12.16 15:32:18.888,1.50035,1.50044,2.70,1.07
2015.12.16 15:32:18.939,1.50035,1.5004,1.95,1.00
2015.12.16 15:32:19.459,1.5003,1.50039,1.82,1.57
2015.12.16 15:32:19.815,1.50032,1.5004,1.20,1.20
2015.12.16 15:32:19.867,1.50032,1.50041,2.40,1.52
2015.12.16 15:32:20.489,1.50032,1.50042,1.75,1.12
2015.12.16 15:32:20.643,1.50031,1.50041,4.95,1.20
2015.12.16 15:32:20.745,1.50031,1.5004,1.00,1.65
2015.12.16 15:32:20.848,1.50029,1.50039,1.82,4.65
2015.12.16 15:32:21.633,1.5003,1.50037,1.45,1.12
2015.12.16 15:32:22.052,1.5003,1.50037,1.57,1.50
2015.12.16 15:32:22.154,1.5003,1.50039,2.25,1.00
2015.12.16 15:32:22.423,1.50032,1.5004,1.50,1.37
2015.12.16 15:32:22.475,1.50032,1.5004,1.57,1.47
2015.12.16 15:32:24.472,1.50032,1.5004,1.00,1.52
2015.12.16 15:32:24.577,1.50028,1.50036,4.12,1.10
2015.12.16 15:32:24.679,1.50026,1.50036,3.00,1.27
2015.12.16 15:32:25.227,1.50027,1.50037,2.70,2.70
2015.12.16 15:32:26.397,1.50033,1.50037,1.12,1.00
2015.12.16 15:32:26.451,1.50032,1.50042,1.50,2.32
2015.12.16 15:32:26.960,1.50032,1.50039,1.45,1.00
2015.12.16 15:32:27.348,1.50033,1.50039,1.12,1.00
2015.12.16 15:32:28.328,1.50032,1.50039,1.87,1.00
2015.12.16 15:32:28.529,1.50034,1.50041,1.50,3.75
2015.12.16 15:32:28.582,1.50035,1.50043,1.20,1.65
2015.12.16 15:32:28.989,1.50037,1.50045,1.57,3.75
2015.12.16 15:32:29.092,1.50037,1.50046,1.87,1.50
2015.12.16 15:32:29.890,1.5004,1.50046,1.50,1.12
2015.12.16 15:32:30.754,1.50039,1.50047,2.32,1.37
2015.12.16 15:32:31.392,1.50039,1.50047,2.62,1.00
2015.12.16 15:32:31.749,1.50041,1.50049,1.12,5.62
2015.12.16 15:32:31.800,1.50041,1.50049,1.12,1.87
2015.12.16 15:32:31.902,1.50041,1.50049,1.20,4.12
2015.12.16 15:32:32.004,1.50043,1.50051,1.20,3.90
2015.12.16 15:32:32.506,1.50042,1.50052,1.95,6.15
2015.12.16 15:32:33.928,1.50044,1.50052,1.37,4.20
2015.12.16 15:32:34.133,1.50048,1.50056,1.10,1.47
2015.12.16 15:32:34.878,1.50048,1.50056,1.20,1.00
2015.12.16 15:32:35.793,1.50048,1.50056,1.20,1.37
2015.12.16 15:32:36.806,1.50047,1.50056,2.25,1.50
2015.12.16 15:32:37.720,1.50047,1.50055,1.47,1.50
2015.12.16 15:32:37.772,1.50047,1.50055,1.47,1.87
2015.12.16 15:32:38.525,1.50046,1.50055,3.45,3.07
2015.12.16 15:32:39.033,1.50048,1.50055,1.10,1.95
2015.12.16 15:32:39.439,1.5005,1.50056,1.00,4.57
2015.12.16 15:32:40.671,1.50051,1.50058,1.10,5.32
2015.12.16 15:32:40.722,1.50051,1.50058,1.20,1.57
2015.12.16 15:32:41.172,1.50056,1.50059,1.00,1.37
2015.12.16 15:32:41.234,1.50056,1.50064,1.00,3.37
2015.12.16 15:32:41.285,1.50056,1.50064,1.00,2.70
2015.12.16 15:32:41.438,1.50056,1.50064,1.10,1.27
2015.12.16 15:32:41.947,1.50056,1.50064,1.20,1.00
2015.12.16 15:32:42.475,1.50056,1.50065,1.20,2.02
2015.12.16 15:32:42.527,1.50059,1.50065,1.00,2.02
2015.12.16 15:32:43.200,1.50059,1.50065,1.00,2.40
2015.12.16 15:32:43.554,1.50056,1.50065,3.37,2.77
2015.12.16 15:32:44.092,1.50058,1.50065,1.00,2.02
2015.12.16 15:32:44.600,1.50058,1.50065,1.00,1.50
2015.12.16 15:32:45.346,1.50058,1.50066,1.00,3.07
2015.12.16 15:32:46.807,1.50055,1.50063,3.75,1.00
2015.12.16 15:32:46.858,1.50055,1.50059,3.75,1.00
2015.12.16 15:32:47.128,1.50051,1.50058,1.00,1.37
2015.12.16 15:32:47.281,1.50053,1.50058,1.00,1.12
2015.12.16 15:32:47.385,1.50053,1.50061,1.12,1.50
2015.12.16 15:32:47.488,1.50055,1.50061,1.00,1.00
2015.12.16 15:32:49.658,1.50055,1.50062,1.00,1.85
2015.12.16 15:32:49.709,1.50053,1.50062,1.12,1.85
2015.12.16 15:32:50.116,1.5005,1.50058,2.62,1.20
2015.12.16 15:32:50.520,1.50048,1.50056,1.47,1.57
2015.12.16 15:32:51.258,1.50048,1.50055,1.00,2.02
2015.12.16 15:32:51.766,1.50047,1.50054,1.10,1.12
2015.12.16 15:32:51.970,1.50047,1.50053,1.00,1.20
2015.12.16 15:32:53.604,1.50047,1.50053,1.10,1.10
2015.12.16 15:32:54.459,1.50047,1.50054,1.20,1.12
2015.12.16 15:32:54.764,1.50049,1.50055,1.00,1.12
2015.12.16 15:32:55.312,1.50049,1.50055,1.00,1.37
2015.12.16 15:32:55.820,1.50049,1.50057,1.00,3.75
2015.12.16 15:32:56.452,1.50049,1.50056,1.00,1.00
2015.12.16 15:32:56.809,1.50049,1.50055,1.00,1.37
2015.12.16 15:32:57.362,1.50049,1.50056,1.00,1.87
2015.12.16 15:32:57.898,1.50049,1.50055,1.00,1.37
2015.12.16 15:32:58.416,1.50049,1.50056,1.00,2.62
2015.12.16 15:32:58.924,1.50048,1.50056,1.12,2.62
2015.12.16 15:32:59.450,1.50048,1.50055,1.12,1.37
2015.12.16 15:32:59.959,1.50048,1.50056,1.12,2.62
2015.12.16 15:33:00.466,1.50048,1.50055,1.12,1.37
2015.12.16 15:33:00.990,1.50048,1.50056,1.12,1.87
2015.12.16 15:33:01.599,1.50047,1.50055,2.70,1.37
2015.12.16 15:33:02.111,1.50047,1.50054,1.17,1.37
2015.12.16 15:33:03.064,1.50046,1.50052,1.17,1.12
2015.12.16 15:33:03.728,1.50045,1.50052,1.27,1.12
2015.12.16 15:33:03.881,1.50043,1.50051,2.25,5.25
2015.12.16 15:33:04.388,1.50042,1.5005,3.07,1.00
2015.12.16 15:33:05.201,1.50044,1.50052,1.20,1.00
2015.12.16 15:33:05.577,1.50045,1.50053,1.65,1.87
2015.12.16 15:33:06.177,1.50045,1.50054,2.32,3.75
2015.12.16 15:33:06.882,1.50048,1.50054,1.00,1.00
2015.12.16 15:33:07.390,1.50048,1.50054,1.00,2.62
2015.12.16 15:33:07.897,1.50045,1.50053,2.62,1.87
2015.12.16 15:33:08.221,1.50044,1.50051,2.02,1.00
2015.12.16 15:33:08.678,1.50045,1.50054,1.50,1.87
2015.12.16 15:33:09.341,1.50045,1.50054,1.87,3.75
2015.12.16 15:33:09.409,1.50047,1.50055,1.55,1.27
2015.12.16 15:33:09.916,1.50047,1.50055,1.45,1.50
2015.12.16 15:33:11.994,1.50047,1.50055,1.47,1.87
2015.12.16 15:33:12.149,1.5005,1.50057,1.12,1.00
2015.12.16 15:33:12.659,1.50051,1.50057,1.00,1.00
2015.12.16 15:33:12.965,1.50051,1.50057,1.12,1.50
2015.12.16 15:33:13.119,1.50051,1.50056,1.10,1.12
2015.12.16 15:33:13.427,1.50048,1.50055,1.52,1.50
2015.12.16 15:33:14.185,1.50047,1.50055,1.57,2.62
2015.12.16 15:33:14.237,1.50047,1.50053,1.07,1.37
2015.12.16 15:33:14.391,1.50045,1.50052,1.65,1.37
2015.12.16 15:33:14.442,1.50047,1.50055,1.07,2.32
2015.12.16 15:33:14.749,1.5005,1.50056,1.10,2.25
2015.12.16 15:33:15.114,1.50055,1.50062,1.75,3.37
2015.12.16 15:33:15.165,1.50056,1.50063,1.37,1.00
2015.12.16 15:33:15.623,1.50055,1.50064,1.20,1.87
2015.12.16 15:33:16.228,1.50054,1.50063,1.45,3.00
2015.12.16 15:33:16.737,1.50055,1.50062,1.20,1.50
2015.12.16 15:33:17.246,1.50055,1.50063,1.10,2.25
2015.12.16 15:33:19.818,1.50054,1.50062,3.07,1.00
2015.12.16 15:33:20.165,1.50056,1.50067,3.75,1.87
2015.12.16 15:33:20.769,1.50059,1.50067,1.10,1.37
2015.12.16 15:33:21.254,1.50058,1.50068,1.95,1.87
2015.12.16 15:33:21.560,1.50057,1.50066,1.87,1.50
2015.12.16 15:33:21.662,1.50057,1.50065,1.57,1.37
2015.12.16 15:33:22.374,1.50057,1.50066,2.32,1.50
2015.12.16 15:33:22.780,1.50057,1.50066,2.70,1.50
2015.12.16 15:33:23.339,1.50057,1.5006,1.20,1.00
2015.12.16 15:33:23.642,1.50054,1.50062,1.00,1.87
2015.12.16 15:33:23.946,1.50051,1.5006,1.12,2.25
2015.12.16 15:33:24.099,1.5005,1.5006,1.87,3.00
2015.12.16 15:33:24.404,1.5005,1.5006,2.32,1.87
2015.12.16 15:33:24.978,1.50051,1.50059,1.12,1.12
2015.12.16 15:33:25.182,1.5005,1.50057,1.27,1.00
2015.12.16 15:33:25.437,1.50047,1.50056,2.25,1.50
2015.12.16 15:33:25.960,1.50047,1.50055,1.87,1.00
2015.12.16 15:33:27.406,1.50048,1.50056,1.07,1.37
2015.12.16 15:33:27.926,1.5005,1.50057,1.17,1.20
2015.12.16 15:33:28.427,1.5005,1.50058,1.20,1.95
2015.12.16 15:33:31.350,1.50051,1.5006,1.95,1.50
2015.12.16 15:33:32.563,1.50056,1.50063,1.27,1.37
2015.12.16 15:33:32.614,1.50056,1.50065,2.40,1.12
2015.12.16 15:33:33.072,1.50057,1.50066,2.70,2.62
2015.12.16 15:33:34.771,1.50057,1.50066,2.70,1.37
2015.12.16 15:33:35.699,1.50057,1.50066,3.07,1.00
2015.12.16 15:33:36.207,1.50058,1.50067,1.57,1.37
2015.12.16 15:33:37.724,1.5006,1.50068,1.37,3.00
2015.12.16 15:33:38.079,1.50059,1.50067,1.20,1.37
2015.12.16 15:33:38.181,1.50057,1.50066,2.25,1.12
2015.12.16 15:33:40.687,1.50058,1.50066,1.20,1.57
2015.12.16 15:33:40.941,1.50055,1.50063,1.57,1.00
2015.12.16 15:33:41.478,1.50055,1.50064,1.57,1.50
2015.12.16 15:33:41.986,1.50054,1.50064,1.90,1.12
2015.12.16 15:33:42.693,1.50057,1.50064,1.00,1.00
2015.12.16 15:33:43.524,1.50056,1.50062,1.37,1.00
2015.12.16 15:33:44.620,1.50055,1.50063,1.57,1.00
2015.12.16 15:33:44.927,1.50055,1.50061,1.12,1.00
2015.12.16 15:33:45.593,1.50053,1.5006,1.57,1.00
2015.12.16 15:33:45.796,1.5005,1.50059,1.65,1.57
2015.12.16 15:33:45.949,1.50049,1.50056,1.57,1.00
2015.12.16 15:33:46.101,1.50047,1.50056,2.40,1.20
2015.12.16 15:33:46.399,1.50046,1.50056,2.32,4.95
2015.12.16 15:33:46.908,1.50046,1.50054,2.02,1.12
2015.12.16 15:33:47.825,1.50046,1.50057,2.62,3.45
2015.12.16 15:33:48.384,1.50047,1.50056,1.57,1.12
2015.12.16 15:33:52.021,1.50048,1.50058,2.62,1.27
2015.12.16 15:33:52.124,1.50049,1.50058,1.57,1.00
2015.12.16 15:33:52.494,1.50053,1.50059,1.57,1.00
2015.12.16 15:33:52.596,1.50053,1.50058,1.20,1.00
2015.12.16 15:33:53.005,1.5005,1.50059,1.20,1.87
2015.12.16 15:33:53.561,1.50052,1.50061,1.20,5.32
2015.12.16 15:33:53.615,1.50053,1.50062,1.55,1.87
2015.12.16 15:33:53.666,1.50053,1.50062,1.55,1.20
2015.12.16 15:33:54.225,1.50055,1.50064,1.27,1.27
2015.12.16 15:33:54.327,1.50054,1.50065,3.90,1.87
2015.12.16 15:33:54.956,1.50055,1.50063,1.87,1.87
2015.12.16 15:33:55.212,1.50052,1.50058,1.00,1.57
2015.12.16 15:33:55.264,1.50049,1.50056,1.20,1.00
2015.12.16 15:33:55.773,1.50047,1.50055,1.47,1.20
2015.12.16 15:33:57.145,1.5005,1.50055,1.00,1.57
2015.12.16 15:33:57.947,1.50047,1.50056,1.85,2.32
2015.12.16 15:33:58.353,1.5005,1.50058,2.02,1.00
2015.12.16 15:33:58.659,1.50046,1.50054,1.57,1.00
2015.12.16 15:33:59.167,1.50046,1.50055,1.45,1.57
2015.12.16 15:34:00.178,1.50046,1.50055,1.17,2.70
2015.12.16 15:34:00.676,1.50045,1.50049,1.87,1.00
2015.12.16 15:34:00.830,1.50044,1.50047,1.00,1.12
2015.12.16 15:34:01.033,1.50038,1.50047,2.02,1.27
2015.12.16 15:34:01.541,1.50038,1.50047,1.47,2.32
2015.12.16 15:34:02.082,1.50039,1.50049,2.02,3.82
2015.12.16 15:34:02.593,1.50039,1.50048,1.95,1.07
2015.12.16 15:34:02.797,1.50039,1.50048,1.57,1.20
2015.12.16 15:34:03.763,1.50041,1.50048,1.00,1.57
2015.12.16 15:34:05.099,1.50039,1.50046,1.47,1.00
2015.12.16 15:34:05.252,1.50038,1.50045,1.20,1.45
2015.12.16 15:34:05.355,1.50034,1.50043,1.20,1.95
2015.12.16 15:34:05.808,1.50032,1.50041,1.12,2.62
2015.12.16 15:34:06.266,1.50031,1.5004,1.75,1.75
2015.12.16 15:34:06.623,1.5003,1.50035,2.02,1.00
2015.12.16 15:34:06.675,1.50029,1.50037,2.32,1.37
2015.12.16 15:34:07.193,1.50027,1.50037,3.45,1.87
2015.12.16 15:34:08.849,1.50031,1.50038,1.37,1.37
2015.12.16 15:34:08.952,1.50032,1.5004,1.87,1.12
2015.12.16 15:34:09.054,1.50033,1.50043,1.75,2.62
2015.12.16 15:34:09.591,1.50034,1.50043,1.87,1.87
2015.12.16 15:34:11.068,1.50034,1.50043,1.12,1.12
2015.12.16 15:34:12.406,1.50034,1.50043,1.27,1.12
2015.12.16 15:34:12.810,1.50034,1.50044,2.02,1.45
2015.12.16 15:34:13.693,1.50036,1.50045,3.45,1.50
2015.12.16 15:34:14.309,1.50036,1.50046,3.82,1.87
2015.12.16 15:34:14.819,1.50038,1.50045,1.37,2.32
2015.12.16 15:34:15.480,1.50037,1.50046,3.07,1.10
2015.12.16 15:34:15.737,1.50037,1.50045,2.32,1.47
2015.12.16 15:34:16.245,1.50037,1.50043,1.57,1.12
2015.12.16 15:34:16.712,1.50037,1.50044,1.20,1.37
2015.12.16 15:34:17.230,1.50035,1.50044,2.32,1.12
2015.12.16 15:34:17.485,1.50037,1.50045,1.20,1.95
2015.12.16 15:34:17.994,1.50037,1.50044,1.85,1.37
2015.12.16 15:34:18.045,1.50036,1.50045,5.77,1.20
2015.12.16 15:34:18.248,1.50037,1.50045,1.85,1.95
2015.12.16 15:34:18.605,1.50036,1.50044,1.87,1.50
2015.12.16 15:34:21.502,1.50036,1.50045,1.37,1.95
2015.12.16 15:34:22.510,1.50036,1.50045,1.37,1.20
2015.12.16 15:34:23.346,1.50036,1.50045,1.95,1.57
2015.12.16 15:34:24.547,1.50036,1.50045,1.00,2.32
2015.12.16 15:34:25.157,1.50035,1.50044,2.25,1.47
2015.12.16 15:34:25.880,1.50036,1.50043,1.12,1.37
2015.12.16 15:34:27.374,1.50035,1.50043,1.50,1.37
2015.12.16 15:34:28.549,1.50035,1.50045,1.87,3.07
2015.12.16 15:34:29.158,1.50035,1.50045,1.37,3.07
2015.12.16 15:34:29.513,1.50035,1.50044,1.12,1.47
2015.12.16 15:34:30.048,1.50036,1.50045,1.37,2.32
2015.12.16 15:34:31.149,1.50036,1.50045,1.37,3.45
2015.12.16 15:34:32.213,1.50036,1.50039,1.37,1.00
2015.12.16 15:34:32.692,1.5003,1.50034,7.87,1.00
2015.12.16 15:34:32.744,1.50017,1.50025,1.00,3.00
2015.12.16 15:34:33.455,1.50016,1.50025,1.57,1.50
2015.12.16 15:34:33.821,1.50017,1.50026,1.12,2.70
2015.12.16 15:34:35.445,1.50017,1.50026,1.50,2.32
2015.12.16 15:34:37.460,1.50018,1.50025,1.00,1.10
2015.12.16 15:34:37.956,1.50018,1.50025,1.00,5.77
2015.12.16 15:34:39.566,1.50016,1.50026,1.57,1.57
2015.12.16 15:34:41.812,1.50016,1.50024,2.25,1.12
2015.12.16 15:34:42.891,1.50016,1.50024,1.37,1.45
2015.12.16 15:34:44.081,1.50016,1.50024,1.37,1.45
2015.12.16 15:34:45.190,1.50016,1.50024,1.37,1.45
2015.12.16 15:34:47.978,1.50018,1.50024,1.00,1.45
2015.12.16 15:34:48.181,1.5002,1.50026,1.00,1.20
2015.12.16 15:34:48.769,1.50018,1.50027,2.25,1.12
2015.12.16 15:34:49.330,1.50019,1.50027,1.37,1.50
2015.12.16 15:34:49.840,1.50019,1.50026,1.12,1.20
2015.12.16 15:34:50.516,1.50018,1.50026,1.37,1.85
2015.12.16 15:34:57.632,1.50017,1.50026,1.00,1.12
2015.12.16 15:34:58.549,1.50019,1.50026,1.00,1.75
2015.12.16 15:34:58.855,1.50021,1.5003,4.87,1.87
2015.12.16 15:34:58.906,1.50021,1.5003,5.70,1.20
2015.12.16 15:34:59.110,1.50024,1.50033,4.50,3.37
2015.12.16 15:34:59.625,1.50025,1.50033,3.75,1.57
2015.12.16 15:35:00.190,1.50027,1.50035,1.00,4.20
2015.12.16 15:35:01.416,1.50027,1.50033,1.00,1.27
2015.12.16 15:35:02.992,1.50027,1.50034,1.00,1.87
2015.12.16 15:35:03.305,1.50025,1.50033,1.00,1.95
2015.12.16 15:35:03.829,1.50024,1.50033,1.12,2.70
2015.12.16 15:35:04.747,1.50023,1.50033,6.82,1.10
2015.12.16 15:35:05.260,1.50026,1.50035,1.00,2.70
2015.12.16 15:35:05.769,1.50026,1.50035,1.50,2.70
2015.12.16 15:35:06.271,1.50025,1.50034,1.20,1.57
2015.12.16 15:35:07.036,1.50024,1.50035,6.45,2.32
2015.12.16 15:35:11.095,1.50025,1.50036,2.70,3.07
2015.12.16 15:35:13.707,1.50025,1.50034,1.45,1.47
2015.12.16 15:35:17.912,1.50026,1.50036,1.10,1.20
2015.12.16 15:35:19.163,1.50026,1.50037,1.20,3.82
2015.12.16 15:35:20.878,1.50026,1.50036,2.32,1.55
2015.12.16 15:35:21.876,1.50028,1.50036,1.00,2.40
2015.12.16 15:35:22.384,1.50027,1.50036,1.57,2.02
2015.12.16 15:35:23.485,1.50027,1.50035,1.10,1.57
2015.12.16 15:35:24.703,1.50026,1.50035,1.20,1.57
2015.12.16 15:35:25.109,1.50025,1.50032,2.25,1.00
2015.12.16 15:35:25.498,1.50021,1.50027,1.50,1.00
2015.12.16 15:35:25.752,1.5002,1.50029,2.32,1.55
2015.12.16 15:35:26.259,1.50021,1.50029,1.00,2.02
2015.12.16 15:35:26.816,1.50019,1.50028,3.07,1.47
2015.12.16 15:35:28.801,1.5002,1.50029,1.12,1.65
2015.12.16 15:35:32.524,1.50022,1.50029,1.00,1.95
2015.12.16 15:35:32.727,1.50023,1.50031,1.00,1.20
2015.12.16 15:35:33.107,1.50024,1.50032,4.57,1.20
2015.12.16 15:35:36.419,1.50024,1.50034,1.57,2.70
2015.12.16 15:35:36.934,1.50024,1.50034,1.20,2.70
2015.12.16 15:35:37.036,1.50024,1.50034,1.57,2.70
2015.12.16 15:35:38.046,1.50024,1.50033,1.95,1.55
2015.12.16 15:35:39.059,1.50024,1.50034,2.32,2.70
2015.12.16 15:35:39.364,1.50026,1.50035,1.12,1.82
2015.12.16 15:35:39.909,1.50027,1.50036,1.20,1.95
2015.12.16 15:35:40.418,1.50027,1.50036,1.10,2.02
2015.12.16 15:35:40.470,1.50027,1.50035,1.10,1.10
2015.12.16 15:35:40.877,1.50026,1.50033,1.07,1.00
2015.12.16 15:35:41.179,1.5002,1.50027,1.10,2.25
2015.12.16 15:35:41.281,1.50017,1.50025,1.20,1.27
2015.12.16 15:35:41.785,1.50015,1.50025,1.87,5.02
2015.12.16 15:35:41.989,1.50014,1.50021,3.00,1.00
2015.12.16 15:35:42.243,1.50008,1.50016,1.50,1.00
2015.12.16 15:35:42.446,1.50007,1.50016,1.20,1.95
2015.12.16 15:35:42.774,1.50006,1.50016,2.32,2.02
2015.12.16 15:35:43.282,1.50006,1.50016,1.20,6.15
2015.12.16 15:35:43.833,1.50006,1.50016,1.95,6.15
2015.12.16 15:35:44.793,1.50005,1.50014,3.45,1.00
2015.12.16 15:35:46.096,1.50005,1.50014,2.70,1.00
2015.12.16 15:35:49.174,1.50005,1.50014,2.70,1.00
2015.12.16 15:35:50.338,1.50005,1.5001,1.45,1.00
2015.12.16 15:35:50.582,1.50005,1.50012,1.00,1.10
2015.12.16 15:35:51.092,1.50005,1.50015,1.10,3.07
2015.12.16 15:35:51.910,1.50005,1.50015,2.70,1.65
2015.12.16 15:35:52.557,1.50005,1.50015,1.95,2.40
2015.12.16 15:35:53.354,1.50006,1.50015,4.57,1.95
2015.12.16 15:35:53.877,1.50006,1.50014,4.20,1.12
2015.12.16 15:35:55.057,1.50007,1.50014,1.10,1.00
2015.12.16 15:35:55.434,1.50007,1.50017,3.45,5.70
2015.12.16 15:35:55.785,1.50011,1.50019,3.82,1.87
2015.12.16 15:35:56.504,1.50012,1.50018,1.12,1.50
2015.12.16 15:35:56.811,1.50006,1.50014,1.50,1.37
2015.12.16 15:35:57.352,1.50005,1.50014,1.45,1.10
2015.12.16 15:35:57.861,1.50005,1.50014,1.12,1.20
2015.12.16 15:36:00.815,1.50006,1.50015,1.00,1.37
2015.12.16 15:36:00.867,1.50008,1.50015,1.37,1.37
2015.12.16 15:36:01.346,1.50004,1.50011,1.00,1.50
2015.12.16 15:36:01.855,1.50002,1.5001,1.12,1.87
2015.12.16 15:36:02.487,1.50003,1.5001,1.45,3.00
2015.12.16 15:36:02.538,1.50003,1.50007,1.45,1.00
2015.12.16 15:36:03.047,1.5,1.50009,2.62,4.57
2015.12.16 15:36:03.565,1.50001,1.5001,1.87,1.12
2015.12.16 15:36:04.111,1.50001,1.50009,1.12,1.00
2015.12.16 15:36:04.436,1.5,1.50007,1.27,1.00
2015.12.16 15:36:04.638,1.5,1.50006,1.10,1.47
2015.12.16 15:36:04.695,1.49998,1.50006,1.10,2.70
2015.12.16 15:36:04.949,1.49998,1.50003,1.00,1.50
2015.12.16 15:36:05.613,1.49992,1.50001,5.25,1.50
2015.12.16 15:36:06.144,1.49993,1.5,1.07,1.00
2015.12.16 15:36:06.731,1.49993,1.50002,1.07,1.10
2015.12.16 15:36:07.240,1.49993,1.50003,2.62,1.95
2015.12.16 15:36:08.190,1.49995,1.50004,1.47,2.70
2015.12.16 15:36:08.699,1.49995,1.50003,1.47,1.10
2015.12.16 15:36:09.632,1.49995,1.50004,1.47,1.95
2015.12.16 15:36:10.271,1.49995,1.50003,1.10,1.50
2015.12.16 15:36:14.875,1.49994,1.50003,4.87,1.50
2015.12.16 15:36:15.382,1.49994,1.50004,5.40,2.25
2015.12.16 15:36:19.597,1.49995,1.50001,1.50,1.00
2015.12.16 15:36:19.749,1.49994,1.5,1.00,1.17
2015.12.16 15:36:20.099,1.49988,1.49998,1.37,2.62
2015.12.16 15:36:21.083,1.49989,1.49998,1.50,1.45
2015.12.16 15:36:22.296,1.49989,1.49999,1.57,3.45
2015.12.16 15:36:22.804,1.49989,1.49999,1.57,2.70
2015.12.16 15:36:24.911,1.49989,1.49996,1.57,1.00
2015.12.16 15:36:25.033,1.49989,1.49995,1.10,1.47
2015.12.16 15:36:25.136,1.49987,1.49995,1.00,1.55
2015.12.16 15:36:25.742,1.49987,1.49995,1.00,2.32
2015.12.16 15:36:26.584,1.49986,1.49995,1.12,1.57
2015.12.16 15:36:26.977,1.49988,1.49997,1.00,1.57
2015.12.16 15:36:27.594,1.49992,1.49997,1.00,1.20
2015.12.16 15:36:27.914,1.49993,1.50001,5.25,1.47
2015.12.16 15:36:28.118,1.49995,1.50004,4.12,2.70
2015.12.16 15:36:28.547,1.49994,1.50002,1.12,2.02
2015.12.16 15:36:28.649,1.49993,1.50001,1.57,1.47
2015.12.16 15:36:33.139,1.49993,1.50002,4.87,1.12
2015.12.16 15:36:33.447,1.49995,1.50005,1.95,3.45
2015.12.16 15:36:33.752,1.49992,1.50001,4.87,1.65
2015.12.16 15:36:33.854,1.49992,1.50001,1.12,2.70
2015.12.16 15:36:35.345,1.49992,1.50003,5.25,3.75
2015.12.16 15:36:35.397,1.49994,1.50002,1.12,1.17
2015.12.16 15:36:35.908,1.49993,1.50003,1.57,2.40
2015.12.16 15:36:36.962,1.49994,1.50003,3.37,2.02
2015.12.16 15:36:38.869,1.49993,1.50001,1.20,1.00
2015.12.16 15:36:39.124,1.49991,1.49999,2.62,1.00
2015.12.16 15:36:39.634,1.49991,1.5,2.25,1.95
2015.12.16 15:36:40.194,1.49992,1.50002,1.12,3.07
2015.12.16 15:36:40.697,1.49992,1.50003,4.87,3.75
2015.12.16 15:36:41.240,1.49994,1.50003,1.12,3.07
2015.12.16 15:36:41.750,1.49994,1.50003,3.45,1.57
2015.12.16 15:36:42.071,1.49995,1.50004,1.95,1.10
2015.12.16 15:36:42.429,1.49994,1.50002,4.87,1.20
2015.12.16 15:36:42.632,1.49994,1.50002,1.00,2.02
2015.12.16 15:36:44.756,1.49993,1.50002,2.02,1.27
2015.12.16 15:36:45.933,1.49993,1.50002,1.95,2.32
2015.12.16 15:36:46.493,1.4999,1.49999,2.25,1.57
2015.12.16 15:36:46.595,1.49989,1.49999,3.15,1.87
2015.12.16 15:36:46.900,1.49991,1.50001,2.62,1.95
2015.12.16 15:36:46.951,1.49991,1.50001,5.25,1.20
2015.12.16 15:36:47.360,1.49991,1.5,1.65,1.65
2015.12.16 15:36:48.000,1.49991,1.49999,1.12,1.65
2015.12.16 15:36:48.407,1.49993,1.5,1.00,1.57
2015.12.16 15:36:48.561,1.49992,1.50002,2.02,1.95
2015.12.16 15:36:49.121,1.49993,1.50002,1.95,1.55
2015.12.16 15:36:49.426,1.49995,1.50002,1.00,1.55
2015.12.16 15:36:49.733,1.49995,1.50003,1.87,1.10
2015.12.16 15:36:50.279,1.49994,1.50001,2.25,1.00
2015.12.16 15:36:50.635,1.49994,1.50004,1.95,1.65
2015.12.16 15:36:52.102,1.49995,1.50004,4.95,2.77
2015.12.16 15:36:52.792,1.49996,1.50005,1.57,1.65
2015.12.16 15:36:53.302,1.49996,1.50005,2.25,1.65
2015.12.16 15:36:53.708,1.49995,1.50004,4.50,1.57
2015.12.16 15:36:54.653,1.5,1.50004,1.12,1.17
2015.12.16 15:36:54.704,1.5,1.50007,1.12,2.32
2015.12.16 15:36:55.246,1.49999,1.50008,1.12,3.37
2015.12.16 15:36:55.652,1.5,1.50008,1.87,2.70
2015.12.16 15:36:55.956,1.49999,1.50008,1.12,1.57
2015.12.16 15:36:57.798,1.49998,1.50006,1.12,1.10
2015.12.16 15:36:57.900,1.49997,1.50006,1.47,3.82
2015.12.16 15:36:58.684,1.49997,1.50005,1.57,1.37
2015.12.16 15:36:59.515,1.49997,1.50005,1.57,1.00
2015.12.16 15:37:00.023,1.49997,1.50007,1.57,3.07
2015.12.16 15:37:02.309,1.49997,1.50007,1.95,6.45
2015.12.16 15:37:03.103,1.49997,1.50006,1.20,6.82
2015.12.16 15:37:03.407,1.49995,1.50004,2.40,1.57
2015.12.16 15:37:04.408,1.49995,1.50004,1.27,1.57
2015.12.16 15:37:04.915,1.49994,1.50004,2.02,1.95
2015.12.16 15:37:05.551,1.49994,1.50002,1.55,1.00
2015.12.16 15:37:05.603,1.49993,1.49999,2.62,1.00
2015.12.16 15:37:05.706,1.49991,1.49999,1.27,1.50
2015.12.16 15:37:06.216,1.4999,1.49999,2.77,1.57
2015.12.16 15:37:06.745,1.49991,1.49999,1.37,1.27
2015.12.16 15:37:07.258,1.49992,1.5,2.70,1.10
2015.12.16 15:37:07.957,1.49993,1.50003,1.50,3.75
2015.12.16 15:37:08.161,1.49993,1.50002,6.07,1.10
2015.12.16 15:37:08.467,1.49994,1.50002,1.45,1.47
2015.12.16 15:37:10.243,1.49993,1.50001,3.75,5.25
2015.12.16 15:37:10.295,1.49991,1.49999,3.82,1.87
2015.12.16 15:37:10.650,1.49991,1.50001,1.55,2.32
2015.12.16 15:37:11.158,1.49992,1.50001,1.57,1.47
2015.12.16 15:37:11.762,1.49992,1.50003,3.07,3.00
2015.12.16 15:37:14.276,1.49991,1.49998,3.45,1.87
2015.12.16 15:37:14.327,1.49989,1.49998,1.57,1.50
2015.12.16 15:37:15.781,1.49989,1.49998,1.57,2.25
2015.12.16 15:37:16.698,1.49988,1.49997,2.02,1.20
2015.12.16 15:37:17.758,1.49988,1.49997,2.02,1.47
2015.12.16 15:37:18.265,1.4999,1.49998,1.00,1.95
2015.12.16 15:37:18.777,1.49989,1.49998,1.20,1.20
2015.12.16 15:37:19.507,1.49991,1.49998,1.00,1.95
2015.12.16 15:37:19.558,1.49992,1.49998,1.00,1.95
2015.12.16 15:37:19.661,1.49993,1.5,4.12,1.12
2015.12.16 15:37:20.172,1.49993,1.50002,4.50,1.57
2015.12.16 15:37:20.677,1.49993,1.50003,4.57,3.45
2015.12.16 15:37:21.861,1.49994,1.50004,1.65,2.25
2015.12.16 15:37:22.271,1.49992,1.49998,1.57,1.37
2015.12.16 15:37:22.424,1.49989,1.49997,4.20,1.37
2015.12.16 15:37:22.578,1.49987,1.49997,3.07,2.70
2015.12.16 15:37:23.490,1.49988,1.49996,1.17,3.07
2015.12.16 15:37:25.207,1.49987,1.49996,1.50,1.37
2015.12.16 15:37:25.738,1.49988,1.49996,1.07,2.62
2015.12.16 15:37:26.388,1.49986,1.49995,1.20,1.12
2015.12.16 15:37:28.215,1.49986,1.49995,1.95,1.12
2015.12.16 15:37:32.287,1.49985,1.49995,6.00,2.77
2015.12.16 15:37:32.389,1.49985,1.49995,3.00,3.15
2015.12.16 15:37:33.048,1.49985,1.49995,3.00,3.15
2015.12.16 15:37:34.232,1.49985,1.49995,1.12,2.77
2015.12.16 15:37:35.498,1.49985,1.49994,4.12,1.12
2015.12.16 15:37:35.550,1.49987,1.49995,1.50,1.95
2015.12.16 15:37:35.856,1.49986,1.49995,3.07,3.00
2015.12.16 15:37:36.819,1.49986,1.49995,1.57,3.00
2015.12.16 15:37:38.163,1.49984,1.4999,1.45,1.12
2015.12.16 15:37:38.266,1.49981,1.4999,1.65,1.95
2015.12.16 15:37:38.623,1.49985,1.49992,1.00,4.50
2015.12.16 15:37:38.675,1.49985,1.49993,1.00,4.12
2015.12.16 15:37:38.777,1.49985,1.49994,2.25,1.95
2015.12.16 15:37:39.138,1.49989,1.49995,1.50,1.47
2015.12.16 15:37:39.190,1.49989,1.49995,1.50,1.00
2015.12.16 15:37:39.292,1.4999,1.49998,1.00,2.25
2015.12.16 15:37:39.859,1.4999,1.49999,2.25,1.12
2015.12.16 15:37:39.911,1.4999,1.49999,1.50,4.87
2015.12.16 15:37:40.451,1.49989,1.49998,1.57,1.47
2015.12.16 15:37:40.806,1.49988,1.49997,1.07,2.70
2015.12.16 15:37:41.352,1.4999,1.49998,1.00,1.85
2015.12.16 15:37:41.605,1.4999,1.49999,1.12,4.12
2015.12.16 15:37:42.011,1.49992,1.49997,1.00,1.00
2015.12.16 15:37:42.530,1.49991,1.49999,1.00,3.00
2015.12.16 15:37:43.908,1.49992,1.49999,1.00,3.37
2015.12.16 15:37:44.782,1.49992,1.5,1.00,2.32
2015.12.16 15:37:45.339,1.49992,1.50001,1.65,1.65
2015.12.16 15:37:45.849,1.4999,1.49998,1.87,3.37
2015.12.16 15:37:46.003,1.49989,1.49998,1.17,3.82
2015.12.16 15:37:50.593,1.4999,1.49998,1.57,1.85
2015.12.16 15:37:50.797,1.49992,1.49999,1.12,1.20
2015.12.16 15:37:50.899,1.49993,1.49999,1.37,1.07
2015.12.16 15:37:51.416,1.49993,1.50002,1.57,1.82
2015.12.16 15:37:52.101,1.49993,1.50002,1.57,1.82
2015.12.16 15:37:53.108,1.49992,1.50002,7.27,1.87
2015.12.16 15:37:53.413,1.49995,1.50003,1.57,1.27
2015.12.16 15:37:53.955,1.49995,1.50004,2.70,4.57
2015.12.16 15:37:54.476,1.49995,1.50004,3.45,1.07
2015.12.16 15:37:55.501,1.49996,1.50007,1.45,5.62
2015.12.16 15:37:57.413,1.49995,1.50002,1.50,1.12
2015.12.16 15:37:57.465,1.49993,1.5,1.17,1.87
2015.12.16 15:37:57.517,1.4999,1.49998,4.50,2.62
2015.12.16 15:37:57.670,1.49987,1.49996,2.62,1.87
2015.12.16 15:37:57.722,1.49987,1.49994,1.87,1.00
2015.12.16 15:37:58.028,1.49979,1.49987,1.65,1.00
2015.12.16 15:37:58.760,1.49985,1.49989,1.00,1.45
2015.12.16 15:37:58.820,1.49985,1.49994,1.12,1.10
2015.12.16 15:37:59.328,1.49986,1.49994,1.00,1.00
2015.12.16 15:37:59.887,1.49986,1.49995,1.00,1.10
2015.12.16 15:38:01.891,1.49986,1.49996,1.00,1.95
2015.12.16 15:38:01.942,1.49987,1.49996,1.37,1.10
2015.12.16 15:38:02.474,1.49988,1.49997,1.27,1.00
2015.12.16 15:38:02.984,1.49988,1.49998,1.27,3.07
2015.12.16 15:38:03.802,1.49989,1.49998,1.10,3.82
2015.12.16 15:38:04.336,1.49989,1.49998,1.10,3.07
2015.12.16 15:38:04.977,1.49988,1.49998,1.27,3.82
2015.12.16 15:38:05.484,1.49989,1.49998,1.10,1.57
2015.12.16 15:38:06.375,1.4999,1.49998,1.00,2.32
2015.12.16 15:38:06.893,1.49988,1.49998,1.27,1.57
2015.12.16 15:38:07.201,1.49991,1.49999,1.37,2.70
2015.12.16 15:38:07.558,1.49995,1.50001,1.12,1.00
2015.12.16 15:38:07.610,1.49996,1.50005,1.00,5.25
2015.12.16 15:38:08.119,1.49995,1.50005,1.47,1.50
2015.12.16 15:38:08.809,1.49995,1.50001,1.47,1.00
2015.12.16 15:38:08.860,1.4999,1.49999,1.20,1.37
2015.12.16 15:38:08.963,1.49988,1.49997,3.37,1.37
2015.12.16 15:38:09.065,1.49987,1.49996,2.25,1.12
2015.12.16 15:38:09.579,1.49989,1.49996,1.10,1.00
2015.12.16 15:38:14.016,1.49987,1.49996,1.65,1.50
2015.12.16 15:38:19.639,1.49987,1.49996,1.07,1.95
2015.12.16 15:38:23.752,1.49988,1.49993,1.00,2.06
2015.12.16 15:38:24.059,1.49983,1.49987,2.25,1.12
2015.12.16 15:38:24.457,1.49984,1.4999,1.37,1.57
2015.12.16 15:38:25.050,1.49984,1.49992,1.10,2.32
2015.12.16 15:38:25.357,1.49978,1.49986,2.25,1.87
2015.12.16 15:38:25.660,1.49977,1.49985,1.27,1.50
2015.12.16 15:38:26.817,1.49977,1.49983,1.20,1.00
2015.12.16 15:38:27.330,1.49976,1.49984,1.57,1.20
2015.12.16 15:38:28.235,1.49977,1.49985,1.07,1.20
2015.12.16 15:38:28.742,1.49977,1.49985,1.07,1.00
2015.12.16 15:38:39.498,1.49977,1.49985,1.20,1.57
2015.12.16 15:38:40.007,1.49976,1.49986,1.65,5.32
2015.12.16 15:38:40.694,1.49976,1.49985,2.02,1.10
2015.12.16 15:38:41.351,1.49976,1.49986,2.02,2.32
2015.12.16 15:38:42.364,1.49977,1.49986,1.10,1.95
2015.12.16 15:38:48.555,1.49977,1.49985,4.50,1.57
2015.12.16 15:38:49.479,1.49977,1.49987,6.45,1.50
2015.12.16 15:38:50.719,1.4998,1.49987,1.50,1.87
2015.12.16 15:38:50.871,1.4998,1.49988,2.02,1.57
2015.12.16 15:38:51.781,1.49981,1.49989,1.00,3.82
2015.12.16 15:38:54.541,1.49981,1.49988,1.10,1.50
2015.12.16 15:38:55.049,1.49981,1.49989,1.10,2.32
2015.12.16 15:38:59.617,1.49981,1.49988,1.10,1.50
2015.12.16 15:39:00.166,1.49981,1.49988,1.10,1.50
2015.12.16 15:39:00.928,1.49981,1.49988,1.10,1.50
2015.12.16 15:39:01.727,1.49985,1.49989,3.45,1.37
2015.12.16 15:39:01.781,1.49987,1.49995,1.00,3.82
2015.12.16 15:39:02.290,1.49987,1.49995,2.25,2.25
2015.12.16 15:39:03.893,1.49987,1.49992,1.00,1.00
2015.12.16 15:39:04.201,1.49986,1.49994,1.87,1.87
2015.12.16 15:39:05.723,1.49987,1.49996,2.25,1.50
2015.12.16 15:39:06.332,1.49988,1.49997,1.50,1.95
2015.12.16 15:39:06.836,1.49987,1.49997,2.32,2.70
2015.12.16 15:39:07.199,1.49987,1.49996,5.32,1.20
2015.12.16 15:39:07.656,1.49992,1.49998,1.00,2.32
2015.12.16 15:39:07.707,1.4999,1.49998,1.57,1.95
2015.12.16 15:39:07.906,1.49991,1.49998,3.75,1.87
2015.12.16 15:39:08.416,1.49992,1.49998,3.45,1.37
2015.12.16 15:39:09.354,1.49993,1.49999,2.25,1.37
2015.12.16 15:39:10.966,1.49991,1.49998,5.25,1.37
2015.12.16 15:39:11.826,1.49991,1.49998,1.37,1.87
2015.12.16 15:39:12.078,1.49989,1.49998,1.07,2.32
2015.12.16 15:39:12.622,1.49988,1.49996,3.15,1.00
2015.12.16 15:39:12.927,1.49987,1.49996,1.10,2.32
2015.12.16 15:39:13.435,1.49987,1.49997,3.52,2.32
2015.12.16 15:39:14.857,1.49987,1.49996,3.45,1.20
2015.12.16 15:39:19.026,1.49986,1.49995,2.40,1.10
2015.12.16 15:39:19.677,1.49986,1.49995,1.95,1.57
2015.12.16 15:39:22.898,1.49988,1.49997,1.00,6.15
2015.12.16 15:39:23.625,1.49987,1.49996,2.70,2.70
2015.12.16 15:39:25.623,1.49987,1.49996,2.70,1.95
2015.12.16 15:39:27.111,1.49985,1.49995,3.45,1.50
2015.12.16 15:39:28.102,1.49986,1.49995,2.40,1.50
2015.12.16 15:39:29.132,1.49986,1.49996,2.40,1.95
2015.12.16 15:39:36.106,1.49987,1.49996,1.00,1.57
2015.12.16 15:39:37.504,1.49987,1.49992,1.00,1.00
2015.12.16 15:39:38.680,1.49986,1.49992,2.62,1.00
2015.12.16 15:39:39.744,1.49987,1.49992,2.25,1.00
2015.12.16 15:39:40.094,1.49987,1.49995,2.25,1.37
2015.12.16 15:39:40.196,1.49996,1.49999,1.87,1.82
2015.12.16 15:39:40.298,1.49999,1.50003,1.37,1.37
2015.12.16 15:39:40.451,1.5,1.50005,2.25,1.00
2015.12.16 15:39:40.756,1.50006,1.5001,3.00,1.00
2015.12.16 15:39:40.858,1.50006,1.50013,2.62,1.00
2015.12.16 15:39:41.390,1.50007,1.50013,3.07,1.00
2015.12.16 15:39:41.749,1.50007,1.50013,2.25,1.00
2015.12.16 15:39:43.881,1.50007,1.50013,1.00,1.00
2015.12.16 15:39:45.986,1.50007,1.50012,2.32,1.00
2015.12.16 15:39:46.545,1.50005,1.50012,2.32,1.00
2015.12.16 15:39:50.007,1.50007,1.50012,1.87,1.00
2015.12.16 15:39:50.109,1.50007,1.50015,1.50,1.57
2015.12.16 15:39:50.161,1.50012,1.50016,2.62,1.00
2015.12.16 15:39:50.264,1.50013,1.5002,1.12,4.12
2015.12.16 15:39:50.316,1.50017,1.50019,1.00,1.00
2015.12.16 15:39:50.571,1.50021,1.50027,1.50,1.00
2015.12.16 15:39:51.214,1.5002,1.50025,1.87,1.00
2015.12.16 15:39:52.174,1.50019,1.50024,1.20,1.00
2015.12.16 15:39:52.683,1.50019,1.50024,1.87,1.00
2015.12.16 15:39:54.814,1.50019,1.50025,1.87,1.00
2015.12.16 15:39:55.536,1.50019,1.50024,1.50,1.00
2015.12.16 15:39:56.508,1.50018,1.50027,2.62,1.00
2015.12.16 15:39:56.560,1.50021,1.50025,1.50,1.00
2015.12.16 15:39:56.713,1.50022,1.50028,1.10,1.00
2015.12.16 15:39:57.222,1.50023,1.50028,1.07,1.00
2015.12.16 15:39:57.998,1.50023,1.50026,1.07,1.00
2015.12.16 15:39:58.303,1.50018,1.50024,3.75,1.00
2015.12.16 15:40:00.175,1.50018,1.50024,1.95,1.00
2015.12.16 15:40:02.117,1.50018,1.50024,1.07,1.00
2015.12.16 15:40:02.376,1.50016,1.50021,2.32,1.87
2015.12.16 15:40:02.479,1.50013,1.50018,3.37,1.20
2015.12.16 15:40:02.531,1.50009,1.50018,1.57,1.57
2015.12.16 15:40:02.582,1.50008,1.50017,1.57,1.37
2015.12.16 15:40:03.419,1.50007,1.50015,6.45,1.00
2015.12.16 15:40:03.928,1.50008,1.50015,2.70,1.00
2015.12.16 15:40:04.561,1.50008,1.50014,1.52,1.00
2015.12.16 15:40:07.520,1.50007,1.50015,2.25,1.00
2015.12.16 15:40:07.985,1.50007,1.50013,2.25,1.00
2015.12.16 15:40:11.598,1.50007,1.50013,1.50,1.00
2015.12.16 15:40:14.298,1.50014,1.50017,1.00,1.37
2015.12.16 15:40:14.730,1.50018,1.50023,1.27,1.50
2015.12.16 15:40:15.238,1.50018,1.50023,1.27,1.00
2015.12.16 15:40:19.964,1.50019,1.50024,1.10,1.00
2015.12.16 15:40:20.117,1.50017,1.50026,1.95,1.50
2015.12.16 15:40:20.169,1.5002,1.50026,1.37,1.50
2015.12.16 15:40:21.179,1.50021,1.50026,1.37,1.00
2015.12.16 15:40:22.252,1.5002,1.50023,1.12,1.00
2015.12.16 15:40:22.557,1.50016,1.5002,1.12,1.00
2015.12.16 15:40:22.856,1.50015,1.50022,1.37,1.10
2015.12.16 15:40:23.667,1.50015,1.50022,1.12,1.10
2015.12.16 15:40:24.382,1.50015,1.50021,1.12,1.00
2015.12.16 15:40:24.890,1.50015,1.50023,1.12,2.40
2015.12.16 15:40:25.419,1.50014,1.50023,4.50,1.27
2015.12.16 15:40:25.573,1.50016,1.50024,1.00,2.02
2015.12.16 15:40:26.841,1.50013,1.50017,1.17,1.00
2015.12.16 15:40:26.943,1.5001,1.50017,1.95,1.00
2015.12.16 15:40:28.663,1.5001,1.50016,2.32,1.00
2015.12.16 15:40:30.628,1.5001,1.50017,1.95,1.00
2015.12.16 15:40:31.132,1.5001,1.50016,1.17,1.00
2015.12.16 15:40:31.285,1.5001,1.50018,2.32,1.12
2015.12.16 15:40:31.336,1.5001,1.50018,6.07,1.00
2015.12.16 15:40:31.641,1.50012,1.50021,1.57,1.47
2015.12.16 15:40:31.743,1.50014,1.50021,1.07,1.37
2015.12.16 15:40:32.250,1.50016,1.50023,1.12,1.57
2015.12.16 15:40:32.301,1.50016,1.50024,1.12,2.32
2015.12.16 15:40:32.810,1.50016,1.50025,1.27,1.37
2015.12.16 15:40:33.676,1.50017,1.50025,1.27,1.50
2015.12.16 15:40:38.312,1.50017,1.50024,1.27,1.00
2015.12.16 15:40:40.099,1.50017,1.50023,1.27,1.00
2015.12.16 15:40:41.014,1.50016,1.50025,2.02,1.12
2015.12.16 15:40:41.631,1.50016,1.50024,2.77,1.00
2015.12.16 15:40:42.289,1.50017,1.50026,1.20,2.40
2015.12.16 15:40:44.577,1.50018,1.50026,1.00,1.27
2015.12.16 15:40:45.073,1.50018,1.50024,1.20,1.00
2015.12.16 15:40:45.666,1.50018,1.50026,1.27,1.00
2015.12.16 15:40:46.780,1.50018,1.50025,1.27,1.00
2015.12.16 15:40:48.329,1.50016,1.50023,5.62,1.00
2015.12.16 15:40:48.840,1.50016,1.50023,1.95,1.87
2015.12.16 15:40:49.509,1.50017,1.50022,1.07,1.37
2015.12.16 15:40:51.194,1.50015,1.50023,2.32,1.87
2015.12.16 15:40:51.703,1.50016,1.50021,1.45,1.00
2015.12.16 15:40:51.907,1.50015,1.50023,1.55,1.00
2015.12.16 15:40:52.413,1.50015,1.50022,1.55,1.00
2015.12.16 15:40:52.616,1.50015,1.50024,2.02,1.87
2015.12.16 15:40:55.165,1.50014,1.50017,2.32,1.00
2015.12.16 15:40:55.522,1.50014,1.50015,2.25,1.00
2015.12.16 15:40:55.827,1.49998,1.50005,4.12,1.12
2015.12.16 15:40:57.306,1.49998,1.50004,5.02,1.00
2015.12.16 15:40:59.615,1.50001,1.50005,1.12,1.00
2015.12.16 15:40:59.769,1.50001,1.50007,1.50,2.25
2015.12.16 15:41:00.277,1.50002,1.50006,1.12,1.00
2015.12.16 15:41:00.919,1.50002,1.50005,1.12,1.00
2015.12.16 15:41:01.428,1.50003,1.50006,1.07,1.00
2015.12.16 15:41:05.120,1.50002,1.50005,1.87,1.00
2015.12.16 15:41:07.723,1.50002,1.50005,1.45,1.00
2015.12.16 15:41:08.231,1.5,1.50005,1.85,1.00
2015.12.16 15:41:09.808,1.5,1.50008,1.87,3.37
2015.12.16 15:41:09.911,1.50002,1.50008,1.95,1.87
2015.12.16 15:41:10.183,1.50006,1.50013,1.07,2.62
2015.12.16 15:41:10.702,1.50006,1.50013,1.20,1.00
2015.12.16 15:41:11.110,1.50005,1.50011,1.12,1.00
2015.12.16 15:41:11.161,1.50004,1.50013,1.50,2.70
2015.12.16 15:41:11.622,1.50005,1.5001,1.45,1.00
2015.12.16 15:41:12.130,1.50004,1.50011,2.25,1.00
2015.12.16 15:41:14.036,1.50004,1.50012,1.50,1.50
2015.12.16 15:41:14.727,1.50004,1.5001,1.12,1.00
2015.12.16 15:41:14.778,1.50004,1.50012,1.12,2.25
2015.12.16 15:41:15.284,1.50004,1.50011,1.12,1.12
2015.12.16 15:41:17.261,1.50005,1.5001,1.07,1.00
2015.12.16 15:41:17.414,1.50005,1.50008,1.07,1.00
2015.12.16 15:41:17.884,1.50005,1.5001,1.07,1.00
2015.12.16 15:41:18.394,1.50005,1.50009,1.07,1.00
2015.12.16 15:41:19.054,1.50005,1.50012,3.75,1.00
2015.12.16 15:41:19.105,1.50005,1.50012,3.75,1.00
2015.12.16 15:41:19.325,1.50007,1.50016,1.82,3.15
2015.12.16 15:41:19.796,1.50008,1.50016,1.12,3.07
2015.12.16 15:41:20.348,1.50008,1.50015,2.25,1.87
2015.12.16 15:41:20.856,1.50008,1.50015,1.50,1.00
2015.12.16 15:41:26.634,1.50007,1.50014,1.87,1.87
2015.12.16 15:41:29.037,1.50007,1.50013,1.12,1.00
2015.12.16 15:41:29.468,1.50004,1.50012,1.57,2.70
2015.12.16 15:41:29.671,1.50004,1.50012,1.95,1.57
2015.12.16 15:41:30.179,1.50004,1.50009,1.57,1.00
2015.12.16 15:41:30.541,1.50001,1.50008,1.57,1.50
2015.12.16 15:41:31.051,1.50001,1.50009,1.07,2.62
2015.12.16 15:41:31.305,1.50001,1.50009,2.62,2.62
2015.12.16 15:41:31.914,1.50001,1.50008,1.87,1.00
2015.12.16 15:41:32.016,1.50001,1.50007,1.45,1.00
2015.12.16 15:41:32.322,1.49998,1.50006,1.85,2.25
2015.12.16 15:41:32.926,1.49997,1.50004,1.12,1.10
2015.12.16 15:41:33.536,1.5,1.50004,1.00,1.10
2015.12.16 15:41:34.228,1.49997,1.50004,1.12,2.10
2015.12.16 15:41:34.850,1.49997,1.50004,1.87,1.35
2015.12.16 15:41:36.021,1.49997,1.50005,1.12,1.65
2015.12.16 15:41:37.440,1.5,1.50005,1.37,1.65
2015.12.16 15:41:38.935,1.49998,1.50006,1.45,1.65
2015.12.16 15:41:39.837,1.50001,1.50008,1.10,1.50
2015.12.16 15:41:40.142,1.50003,1.50012,2.62,1.50
2015.12.16 15:41:40.651,1.50006,1.50012,1.85,1.50
2015.12.16 15:41:41.603,1.50007,1.50011,1.12,1.37
2015.12.16 15:41:41.706,1.50006,1.50014,1.95,5.70
2015.12.16 15:41:41.808,1.50006,1.50014,3.07,2.32
2015.12.16 15:41:42.330,1.50008,1.50014,1.07,1.50
2015.12.16 15:41:42.381,1.50007,1.50016,1.50,5.70
2015.12.16 15:41:42.433,1.50008,1.50016,1.45,2.70
2015.12.16 15:41:43.141,1.50007,1.50015,3.00,1.12
2015.12.16 15:41:43.747,1.50008,1.50016,1.45,1.95
2015.12.16 15:41:45.360,1.50009,1.50016,1.20,1.50
2015.12.16 15:41:45.731,1.50022,1.50024,1.45,3.37
2015.12.16 15:41:45.783,1.50022,1.50028,1.82,2.62
2015.12.16 15:41:47.256,1.50021,1.50026,1.85,1.37
2015.12.16 15:41:49.326,1.50019,1.50027,1.95,1.00
2015.12.16 15:41:49.950,1.50019,1.50027,1.95,1.00
2015.12.16 15:41:50.494,1.50019,1.50028,1.20,1.95
2015.12.16 15:41:52.126,1.50019,1.50027,1.20,1.37
2015.12.16 15:41:52.710,1.50019,1.50027,1.20,1.37
2015.12.16 15:41:54.466,1.50019,1.50028,1.45,2.70
2015.12.16 15:41:55.474,1.50019,1.50027,1.95,1.37
2015.12.16 15:41:55.995,1.50019,1.50028,1.95,2.32
2015.12.16 15:41:56.507,1.50019,1.50027,1.95,1.37
2015.12.16 15:41:57.008,1.5002,1.50028,1.57,2.32
2015.12.16 15:41:57.516,1.5002,1.50028,2.25,1.12
2015.12.16 15:41:58.243,1.50022,1.50031,1.57,2.25
2015.12.16 15:41:58.416,1.50025,1.50031,1.10,1.87
2015.12.16 15:41:58.569,1.50027,1.50036,1.87,1.95
2015.12.16 15:41:58.823,1.50027,1.50037,1.50,2.32
2015.12.16 15:41:59.806,1.50028,1.50036,1.37,1.20
2015.12.16 15:42:00.310,1.50027,1.50036,2.25,1.95
2015.12.16 15:42:00.859,1.50027,1.50036,2.62,1.47
2015.12.16 15:42:00.962,1.50027,1.50037,2.62,2.32
2015.12.16 15:42:01.268,1.50027,1.50036,1.87,1.37
2015.12.16 15:42:01.777,1.50027,1.50036,1.87,1.37
2015.12.16 15:42:02.294,1.50027,1.50035,1.50,1.87
2015.12.16 15:42:02.802,1.50026,1.50034,1.87,1.12
2015.12.16 15:42:03.333,1.50026,1.50034,1.87,1.87
2015.12.16 15:42:03.848,1.50026,1.50034,1.87,1.12
2015.12.16 15:42:04.878,1.50026,1.50032,1.37,1.00
2015.12.16 15:42:05.720,1.50024,1.50032,3.00,1.00
2015.12.16 15:42:06.244,1.50025,1.50033,1.95,1.12
2015.12.16 15:42:06.792,1.50025,1.50034,1.65,1.50
2015.12.16 15:42:08.708,1.50026,1.50034,2.25,1.00
2015.12.16 15:42:09.013,1.50026,1.50032,1.50,1.00
2015.12.16 15:42:09.624,1.50025,1.50032,1.95,1.00
2015.12.16 15:42:09.828,1.50025,1.50035,1.95,1.37
2015.12.16 15:42:10.375,1.50025,1.50036,3.15,2.40
2015.12.16 15:42:10.985,1.50025,1.50035,2.40,1.37
2015.12.16 15:42:11.494,1.50025,1.50035,1.95,1.87
2015.12.16 15:42:11.596,1.50024,1.50034,3.37,1.50
2015.12.16 15:42:12.310,1.50024,1.50031,1.50,1.12
2015.12.16 15:42:12.362,1.50024,1.50032,1.47,2.32
2015.12.16 15:42:12.465,1.50025,1.50033,1.10,1.57
2015.12.16 15:42:12.683,1.50025,1.50034,1.57,2.70
2015.12.16 15:42:13.635,1.50025,1.50034,1.57,2.32
2015.12.16 15:42:14.674,1.50025,1.50034,1.57,1.57
2015.12.16 15:42:17.571,1.50026,1.50035,1.12,1.50
2015.12.16 15:42:17.624,1.50026,1.50037,1.87,3.75
2015.12.16 15:42:18.182,1.50026,1.50037,1.87,4.20
2015.12.16 15:42:19.041,1.50026,1.50036,2.25,1.00
2015.12.16 15:42:19.653,1.50026,1.50037,1.87,4.57
2015.12.16 15:42:20.601,1.50027,1.50036,1.37,1.37
2015.12.16 15:42:21.809,1.50026,1.50037,2.62,4.57
2015.12.16 15:42:22.411,1.50027,1.50036,1.50,3.37
2015.12.16 15:42:23.025,1.50025,1.50035,2.62,1.87
2015.12.16 15:42:23.608,1.50025,1.50034,1.12,1.10
2015.12.16 15:42:24.210,1.50024,1.50034,1.85,1.47
2015.12.16 15:42:24.925,1.50024,1.50034,1.95,1.10
2015.12.16 15:42:25.472,1.50025,1.50034,1.50,1.47
2015.12.16 15:42:25.985,1.50025,1.50035,1.12,2.62
2015.12.16 15:42:27.197,1.50025,1.50034,1.87,1.10
2015.12.16 15:42:27.552,1.50027,1.50036,1.12,1.12
2015.12.16 15:42:28.147,1.50027,1.50037,1.12,2.02
2015.12.16 15:42:31.009,1.50027,1.50036,1.87,1.87
2015.12.16 15:42:32.623,1.50027,1.50036,1.87,1.87
2015.12.16 15:42:34.850,1.50027,1.50036,1.12,1.87
2015.12.16 15:42:35.313,1.50027,1.50037,1.87,2.02
2015.12.16 15:42:35.365,1.50027,1.50037,1.12,2.32
2015.12.16 15:42:36.198,1.50027,1.50036,1.50,1.50
2015.12.16 15:42:36.715,1.50027,1.50036,1.50,2.25
2015.12.16 15:42:37.226,1.50027,1.50036,1.37,1.50
2015.12.16 15:42:38.244,1.50027,1.50036,2.25,1.50
2015.12.16 15:42:38.554,1.50033,1.5004,1.00,1.00
2015.12.16 15:42:38.657,1.50035,1.50043,1.47,5.62
2015.12.16 15:42:38.811,1.50037,1.50044,1.00,1.37
2015.12.16 15:42:38.964,1.50041,1.50046,2.25,1.12
2015.12.16 15:42:39.220,1.5003,1.50037,1.20,1.87
2015.12.16 15:42:39.727,1.50029,1.50036,3.37,1.37
2015.12.16 15:42:39.981,1.50028,1.50037,1.00,3.75
2015.12.16 15:42:40.305,1.50029,1.50037,1.85,3.82
2015.12.16 15:42:40.842,1.50029,1.50036,3.82,1.50
2015.12.16 15:42:41.442,1.50029,1.50036,1.85,1.00
2015.12.16 15:42:41.979,1.50029,1.50036,1.85,1.50
2015.12.16 15:42:42.485,1.50029,1.50036,1.57,1.00
2015.12.16 15:42:43.205,1.50022,1.50026,3.45,1.37
2015.12.16 15:42:43.257,1.5002,1.50026,1.57,1.37
2015.12.16 15:42:43.566,1.50019,1.50024,3.00,1.37
2015.12.16 15:42:43.874,1.50015,1.50019,3.37,1.87
2015.12.16 15:42:43.926,1.50013,1.50018,3.00,1.10
2015.12.16 15:42:44.745,1.50014,1.50021,2.62,3.00
2015.12.16 15:42:44.798,1.50014,1.50021,3.37,1.50
2015.12.16 15:42:44.952,1.50015,1.50023,2.32,1.07
2015.12.16 15:42:45.848,1.50015,1.50023,2.70,1.07
2015.12.16 15:42:48.439,1.50016,1.50021,2.25,1.00
2015.12.16 15:42:48.541,1.50016,1.5002,1.50,1.12
2015.12.16 15:42:48.592,1.50014,1.5002,1.00,1.12
2015.12.16 15:42:48.694,1.50012,1.50019,2.62,3.45
2015.12.16 15:42:50.386,1.5001,1.50019,3.07,2.32
2015.12.16 15:42:50.691,1.50013,1.50017,1.00,1.00
2015.12.16 15:42:51.132,1.5001,1.50017,3.45,1.00
2015.12.16 15:42:51.657,1.5001,1.50017,3.45,1.37
2015.12.16 15:42:52.162,1.50011,1.50019,1.20,1.95
2015.12.16 15:42:52.664,1.50011,1.50019,3.45,1.95
2015.12.16 15:42:53.224,1.50013,1.50021,2.70,1.50
2015.12.16 15:42:53.275,1.50013,1.50021,3.82,1.10
2015.12.16 15:42:54.235,1.50016,1.50021,2.25,1.10
2015.12.16 15:42:55.039,1.50016,1.50023,2.32,3.45
2015.12.16 15:42:57.224,1.50015,1.50023,3.07,1.95
2015.12.16 15:42:57.528,1.50017,1.50024,1.00,2.25
2015.12.16 15:42:57.630,1.50016,1.50024,4.95,1.00
2015.12.16 15:42:58.334,1.50016,1.50025,5.70,1.20
2015.12.16 15:42:58.844,1.50016,1.50024,1.57,1.10
2015.12.16 15:43:00.000,1.50017,1.50025,1.57,3.00
2015.12.16 15:43:00.554,1.50017,1.50025,4.20,1.50
2015.12.16 15:43:01.591,1.50017,1.50024,1.10,1.57
2015.12.16 15:43:01.838,1.5002,1.50024,2.25,1.10
2015.12.16 15:43:02.349,1.5002,1.50027,2.25,1.20
2015.12.16 15:43:02.902,1.5002,1.50026,2.32,1.12
2015.12.16 15:43:05.563,1.5002,1.50028,2.25,1.65
2015.12.16 15:43:09.858,1.50021,1.50028,1.00,1.57
2015.12.16 15:43:10.164,1.50025,1.50029,1.00,1.37
2015.12.16 15:43:10.215,1.50026,1.5003,1.00,2.77
2015.12.16 15:43:10.266,1.50028,1.50031,1.00,2.02
2015.12.16 15:43:10.369,1.5003,1.50033,1.00,1.00
2015.12.16 15:43:10.420,1.5003,1.50037,1.12,1.65
2015.12.16 15:43:10.931,1.50031,1.50038,2.25,3.00
2015.12.16 15:43:12.523,1.50031,1.50037,2.25,1.65
2015.12.16 15:43:14.038,1.50031,1.50037,2.25,1.52
2015.12.16 15:43:14.427,1.50031,1.50036,2.25,1.57
2015.12.16 15:43:14.959,1.50031,1.50037,2.25,1.52
2015.12.16 15:43:15.575,1.50031,1.50037,2.25,1.52
2015.12.16 15:43:16.351,1.50031,1.50036,2.25,1.27
2015.12.16 15:43:16.966,1.50031,1.50035,2.25,1.65
2015.12.16 15:43:17.534,1.50031,1.50036,2.25,2.40
2015.12.16 15:43:20.864,1.5003,1.50037,1.00,2.25
2015.12.16 15:43:24.753,1.50029,1.50032,1.00,1.00
2015.12.16 15:43:24.957,1.50023,1.50028,1.00,1.00
2015.12.16 15:43:25.495,1.50019,1.50026,1.57,1.00
2015.12.16 15:43:32.396,1.50018,1.50023,3.82,1.00
2015.12.16 15:43:32.654,1.50016,1.50023,6.00,1.00
2015.12.16 15:43:33.161,1.50016,1.50023,2.62,1.00
2015.12.16 15:43:34.506,1.50015,1.50023,3.75,1.00
2015.12.16 15:43:38.137,1.50015,1.50024,3.75,1.10
2015.12.16 15:43:38.648,1.50015,1.50024,4.20,1.10
2015.12.16 15:43:45.097,1.50018,1.50025,1.00,1.57
2015.12.16 15:43:45.774,1.50018,1.50025,1.00,1.50
2015.12.16 15:43:49.521,1.50018,1.50025,1.07,1.50
2015.12.16 15:43:56.017,1.50015,1.50024,6.07,1.50
2015.12.16 15:43:56.530,1.50014,1.50023,4.65,2.25
2015.12.16 15:43:57.493,1.50014,1.50022,3.82,1.00
2015.12.16 15:43:58.000,1.50013,1.50022,6.82,1.50
2015.12.16 15:43:58.607,1.50013,1.5002,3.37,1.00
2015.12.16 15:43:59.114,1.50014,1.50021,3.00,1.57
2015.12.16 15:43:59.621,1.50014,1.50022,3.75,1.10
2015.12.16 15:43:59.987,1.50014,1.50021,4.12,1.00
2015.12.16 15:44:00.509,1.50014,1.50022,4.57,1.00
2015.12.16 15:44:01.016,1.50015,1.50021,1.27,1.00
2015.12.16 15:44:01.595,1.50014,1.50022,4.20,1.00
2015.12.16 15:44:02.538,1.50015,1.50021,3.52,1.00
2015.12.16 15:44:03.800,1.50015,1.50021,3.37,1.00
2015.12.16 15:44:04.503,1.50017,1.50024,2.32,1.95
2015.12.16 15:44:04.555,1.50018,1.50024,1.00,1.10
2015.12.16 15:44:04.657,1.50018,1.50024,3.75,1.10
2015.12.16 15:44:04.963,1.50018,1.50024,1.00,1.57
2015.12.16 15:44:05.064,1.50018,1.50022,1.00,1.00
2015.12.16 15:44:05.268,1.50015,1.50021,1.65,1.00
2015.12.16 15:44:05.370,1.50014,1.50019,3.52,1.00
2015.12.16 15:44:05.472,1.50013,1.50019,1.55,1.00
2015.12.16 15:44:06.022,1.50013,1.50019,4.57,1.00
2015.12.16 15:44:06.176,1.50013,1.50021,4.57,1.50
2015.12.16 15:44:06.430,1.50015,1.50022,4.57,1.10
2015.12.16 15:44:08.574,1.50017,1.50022,4.20,1.00
2015.12.16 15:44:08.729,1.50017,1.50024,3.82,1.00
2015.12.16 15:44:08.884,1.50017,1.50024,1.00,1.00
2015.12.16 15:44:18.879,1.50017,1.50022,1.10,1.00
2015.12.16 15:44:19.388,1.50015,1.50021,1.95,1.00
2015.12.16 15:44:19.747,1.50015,1.50024,1.95,2.25
2015.12.16 15:44:20.423,1.50016,1.50025,5.02,1.12
2015.12.16 15:44:20.982,1.50018,1.50026,1.00,2.25
2015.12.16 15:44:21.579,1.50018,1.50026,1.00,3.37
2015.12.16 15:44:24.797,1.50018,1.50026,1.00,2.62
2015.12.16 15:44:25.304,1.50016,1.50025,2.02,1.37
2015.12.16 15:44:25.867,1.50016,1.50026,2.02,2.32
2015.12.16 15:44:27.613,1.50016,1.50026,7.65,2.32
2015.12.16 15:44:28.403,1.50016,1.50026,7.65,2.32
2015.12.16 15:44:29.422,1.50016,1.50026,7.65,1.50
2015.12.16 15:44:30.332,1.50016,1.50026,7.65,3.75
2015.12.16 15:44:30.841,1.50018,1.50026,1.12,2.62
2015.12.16 15:44:31.343,1.50018,1.50026,1.12,3.37
2015.12.16 15:44:32.105,1.50018,1.50026,1.12,1.87
2015.12.16 15:44:32.822,1.50017,1.50027,3.15,2.02
2015.12.16 15:44:34.304,1.50017,1.50027,3.15,2.77
2015.12.16 15:44:34.914,1.50017,1.50027,2.40,2.02
2015.12.16 15:44:35.535,1.50017,1.50027,2.40,2.77
2015.12.16 15:44:36.044,1.50017,1.50026,2.40,1.37
2015.12.16 15:44:36.350,1.50017,1.50027,2.40,2.02
2015.12.16 15:44:36.873,1.50017,1.50027,1.65,2.77
2015.12.16 15:44:37.513,1.50017,1.50026,1.65,1.87
2015.12.16 15:44:37.978,1.50016,1.50024,1.07,1.07
2015.12.16 15:44:38.486,1.50016,1.50024,1.00,1.20
2015.12.16 15:44:39.573,1.50015,1.50025,4.27,1.65
2015.12.16 15:44:40.619,1.50016,1.50025,2.25,3.15
2015.12.16 15:44:42.249,1.50017,1.50025,1.00,2.40
2015.12.16 15:44:43.166,1.50016,1.50025,2.25,3.15
2015.12.16 15:44:43.675,1.50016,1.50023,2.25,1.00
2015.12.16 15:44:43.981,1.50015,1.50022,2.25,1.07
2015.12.16 15:44:44.656,1.50016,1.50024,1.00,2.02
2015.12.16 15:44:44.759,1.50016,1.50021,1.12,1.00
2015.12.16 15:44:45.063,1.50012,1.50019,1.20,1.10
2015.12.16 15:44:45.445,1.50012,1.50017,1.10,1.00
2015.12.16 15:44:45.601,1.5001,1.50017,2.25,1.12
2015.12.16 15:44:46.109,1.50011,1.50018,1.00,1.37
2015.12.16 15:44:46.410,1.5001,1.50017,2.25,1.57
2015.12.16 15:44:46.920,1.50007,1.50017,5.25,1.65
2015.12.16 15:44:47.928,1.50009,1.50019,1.87,3.45
2015.12.16 15:44:48.233,1.50011,1.50018,1.50,1.45
2015.12.16 15:44:48.811,1.50009,1.50017,1.95,1.10
2015.12.16 15:44:49.340,1.5001,1.50018,1.00,1.07
2015.12.16 15:44:49.899,1.50011,1.50018,1.00,1.57
2015.12.16 15:44:50.471,1.50011,1.50019,1.10,3.00
2015.12.16 15:44:51.855,1.50011,1.50019,1.10,2.25
2015.12.16 15:44:52.363,1.50011,1.50019,1.10,3.00
2015.12.16 15:44:52.873,1.50011,1.50018,1.10,1.37
2015.12.16 15:44:53.381,1.50011,1.50019,1.15,3.00
2015.12.16 15:44:53.931,1.50011,1.50018,1.15,1.37
2015.12.16 15:44:54.438,1.50011,1.50019,1.15,3.00
2015.12.16 15:44:55.198,1.50011,1.50018,1.15,1.37
2015.12.16 15:44:55.756,1.50011,1.50019,1.15,2.25
2015.12.16 15:44:56.412,1.50015,1.5002,1.95,1.37
2015.12.16 15:44:56.514,1.50016,1.50024,1.87,3.00
2015.12.16 15:44:56.616,1.50016,1.50024,2.32,3.00
2015.12.16 15:44:56.668,1.50016,1.50024,2.32,1.00
2015.12.16 15:44:57.179,1.50018,1.50025,1.95,1.00
2015.12.16 15:44:57.714,1.50018,1.50026,1.95,1.12
2015.12.16 15:44:58.426,1.50018,1.50022,1.95,1.00
2015.12.16 15:44:58.478,1.50018,1.50024,1.95,1.00
2015.12.16 15:44:58.989,1.50016,1.50025,4.12,2.62
2015.12.16 15:45:00.013,1.50017,1.50024,2.32,1.00
2015.12.16 15:45:00.064,1.50022,1.50025,1.00,1.12
2015.12.16 15:45:00.370,1.50033,1.50038,1.50,1.50
2015.12.16 15:45:00.472,1.50034,1.5004,1.47,1.00
2015.12.16 15:45:00.778,1.50033,1.50038,1.50,1.87
2015.12.16 15:45:01.030,1.50031,1.50038,1.50,1.12
2015.12.16 15:45:01.132,1.50029,1.50038,3.07,2.32
2015.12.16 15:45:01.640,1.50028,1.50037,4.20,1.12
2015.12.16 15:45:04.359,1.50035,1.50038,1.00,1.87
2015.12.16 15:45:04.411,1.50034,1.50039,1.00,1.20
2015.12.16 15:45:04.462,1.50039,1.5004,1.50,1.12
2015.12.16 15:45:04.565,1.5004,1.50049,1.87,4.50
2015.12.16 15:45:05.106,1.5004,1.50047,1.95,1.12
2015.12.16 15:45:05.665,1.5004,1.50047,1.50,1.50
2015.12.16 15:45:06.174,1.5004,1.50047,1.12,2.62
2015.12.16 15:45:07.741,1.50039,1.50047,1.57,1.50
2015.12.16 15:45:08.807,1.50038,1.50045,1.57,1.12
2015.12.16 15:45:09.119,1.50038,1.5004,1.57,1.00
2015.12.16 15:45:09.272,1.50034,1.50038,3.37,1.57
2015.12.16 15:45:09.323,1.50033,1.50034,1.00,1.00
2015.12.16 15:45:09.375,1.5003,1.50032,1.50,1.00
2015.12.16 15:45:09.426,1.50027,1.50034,1.57,1.57
2015.12.16 15:45:10.169,1.50033,1.50036,1.00,1.20
2015.12.16 15:45:10.322,1.50047,1.50052,2.25,1.00
2015.12.16 15:45:10.578,1.50049,1.50056,1.00,1.12
2015.12.16 15:45:10.629,1.5005,1.50056,1.37,1.12
2015.12.16 15:45:11.035,1.50049,1.50056,1.50,1.12
2015.12.16 15:45:11.644,1.50047,1.50056,3.00,1.57
2015.12.16 15:45:11.898,1.50045,1.50054,3.75,1.87
2015.12.16 15:45:13.137,1.50046,1.50054,2.62,1.95
2015.12.16 15:45:13.343,1.50046,1.50054,2.70,1.00
2015.12.16 15:45:13.858,1.50047,1.50056,1.57,1.57
2015.12.16 15:45:15.511,1.50048,1.50057,2.70,5.25
2015.12.16 15:45:16.018,1.50047,1.50055,1.12,1.20
2015.12.16 15:45:16.766,1.50046,1.50054,1.57,1.20
2015.12.16 15:45:17.274,1.50045,1.50054,1.87,1.47
2015.12.16 15:45:18.711,1.50046,1.50055,1.80,1.10
2015.12.16 15:45:19.523,1.50046,1.50055,2.55,1.00
2015.12.16 15:45:25.788,1.50047,1.50055,1.20,1.57
2015.12.16 15:45:26.991,1.50047,1.50055,1.20,1.20
2015.12.16 15:45:28.393,1.50047,1.50056,1.47,1.50
2015.12.16 15:45:29.515,1.50046,1.50055,4.95,1.00
2015.12.16 15:45:30.024,1.50047,1.50056,1.47,1.00
2015.12.16 15:45:30.429,1.50049,1.50058,1.50,1.50
2015.12.16 15:45:30.853,1.50051,1.50059,1.57,1.37
2015.12.16 15:45:32.902,1.50051,1.5006,1.20,7.12
2015.12.16 15:45:33.362,1.5005,1.5006,1.12,7.12
2015.12.16 15:45:36.066,1.50054,1.5006,1.00,2.25
2015.12.16 15:45:36.371,1.50062,1.50069,1.50,1.10
2015.12.16 15:45:36.991,1.50062,1.50068,1.95,1.00
2015.12.16 15:45:37.298,1.50059,1.50068,1.45,1.87
2015.12.16 15:45:37.828,1.50058,1.50066,1.12,1.00
2015.12.16 15:45:38.218,1.50055,1.50066,2.70,1.50
2015.12.16 15:45:38.764,1.50054,1.50064,2.32,1.50
2015.12.16 15:45:39.221,1.50057,1.50065,1.00,1.37
2015.12.16 15:45:39.558,1.50058,1.50066,1.95,1.37
2015.12.16 15:45:39.863,1.50062,1.50068,1.37,1.10
2015.12.16 15:45:40.371,1.5006,1.50069,1.47,1.95
2015.12.16 15:45:40.994,1.50059,1.50068,1.20,2.32
2015.12.16 15:45:41.096,1.50058,1.50064,1.20,1.87
2015.12.16 15:45:41.607,1.50056,1.50062,1.37,1.12
2015.12.16 15:45:42.109,1.50053,1.50062,1.12,1.12
2015.12.16 15:45:43.542,1.50056,1.50062,2.70,1.12
2015.12.16 15:45:43.596,1.50058,1.50066,1.50,5.25
2015.12.16 15:45:43.648,1.50058,1.50066,2.25,1.37
2015.12.16 15:45:43.702,1.5006,1.50069,1.50,3.75
2015.12.16 15:45:43.806,1.50063,1.50071,1.07,2.77
2015.12.16 15:45:44.621,1.50062,1.50072,1.50,3.00
2015.12.16 15:45:45.130,1.50062,1.50071,1.50,1.87
2015.12.16 15:45:45.780,1.50062,1.50071,1.87,4.50
2015.12.16 15:45:46.391,1.50065,1.50071,1.00,4.12
2015.12.16 15:45:46.594,1.50066,1.50072,1.00,1.00
2015.12.16 15:45:47.001,1.50064,1.50069,1.87,1.00
2015.12.16 15:45:47.307,1.50062,1.50068,1.12,1.37
2015.12.16 15:45:47.408,1.50062,1.5007,1.12,1.37
2015.12.16 15:45:49.094,1.50063,1.50069,1.12,1.37
2015.12.16 15:45:49.623,1.50062,1.5007,4.12,1.37
2015.12.16 15:45:50.030,1.50062,1.50068,4.12,1.37
2015.12.16 15:45:50.284,1.50062,1.5007,3.75,1.37
2015.12.16 15:45:50.807,1.50062,1.50069,4.12,1.37
2015.12.16 15:45:51.322,1.50062,1.5007,3.75,1.37
2015.12.16 15:45:51.831,1.50064,1.50069,1.45,1.37
2015.12.16 15:45:52.381,1.50064,1.5007,1.87,1.37
2015.12.16 15:45:52.533,1.50064,1.50072,1.87,2.25
2015.12.16 15:45:53.133,1.50064,1.50071,1.45,1.37
2015.12.16 15:45:53.235,1.50064,1.50068,1.45,1.37
2015.12.16 15:45:53.753,1.50062,1.50069,2.62,1.37
2015.12.16 15:45:54.261,1.50062,1.50068,3.00,1.37
2015.12.16 15:45:54.515,1.50062,1.5007,3.00,1.37
2015.12.16 15:45:55.327,1.50063,1.50069,1.75,1.87
2015.12.16 15:45:56.017,1.50062,1.5007,3.00,1.87
2015.12.16 15:45:56.881,1.50062,1.5007,1.57,2.62
2015.12.16 15:45:57.275,1.50061,1.50068,1.07,1.37
2015.12.16 15:45:57.633,1.50061,1.5007,2.32,1.87
2015.12.16 15:45:58.245,1.50061,1.50069,1.95,1.37
2015.12.16 15:45:58.847,1.50061,1.50068,1.20,1.37
2015.12.16 15:45:59.051,1.50061,1.5007,1.07,1.87
2015.12.16 15:45:59.559,1.50061,1.50069,1.20,1.37
2015.12.16 15:46:00.067,1.50061,1.5007,1.07,1.87
2015.12.16 15:46:00.577,1.50062,1.50069,1.10,1.37
2015.12.16 15:46:01.045,1.50061,1.50067,1.87,1.37
2015.12.16 15:46:01.251,1.50061,1.50068,1.57,1.12
2015.12.16 15:46:01.355,1.50058,1.50067,2.62,1.37
2015.12.16 15:46:01.691,1.50057,1.50062,1.00,1.37
2015.12.16 15:46:01.742,1.50057,1.50066,1.12,1.50
2015.12.16 15:46:02.097,1.50056,1.50064,1.57,1.12
2015.12.16 15:46:02.402,1.50059,1.50065,1.50,1.00
2015.12.16 15:46:02.606,1.50061,1.50069,1.00,2.32
2015.12.16 15:46:03.132,1.50061,1.50068,1.00,1.00
2015.12.16 15:46:03.590,1.50061,1.50066,1.00,1.00
2015.12.16 15:46:04.136,1.5006,1.50067,1.00,1.07
2015.12.16 15:46:04.593,1.50061,1.50069,1.50,2.62
2015.12.16 15:46:05.283,1.50063,1.5007,1.00,1.95
2015.12.16 15:46:05.641,1.50066,1.50071,2.25,1.50
2015.12.16 15:46:05.796,1.5007,1.50073,1.50,1.20
2015.12.16 15:46:05.898,1.5007,1.50077,1.50,1.20
2015.12.16 15:46:06.437,1.50071,1.50078,1.50,1.12
2015.12.16 15:46:06.946,1.50071,1.50076,1.00,1.00
2015.12.16 15:46:09.668,1.50072,1.50079,1.00,3.00
2015.12.16 15:46:09.972,1.50072,1.50078,1.00,1.10
2015.12.16 15:46:10.880,1.50072,1.50078,1.00,1.87
2015.12.16 15:46:11.437,1.50072,1.50078,1.00,1.00
2015.12.16 15:46:12.972,1.50072,1.50079,1.50,1.00
2015.12.16 15:46:13.955,1.50072,1.50079,1.50,1.87
2015.12.16 15:46:16.566,1.50072,1.50078,1.50,1.37
2015.12.16 15:46:17.138,1.50072,1.50079,1.50,1.65
2015.12.16 15:46:17.855,1.50072,1.50078,1.00,1.37
2015.12.16 15:46:18.248,1.50072,1.50079,1.00,1.20
2015.12.16 15:46:19.879,1.50071,1.50076,1.50,1.27
2015.12.16 15:46:20.238,1.50068,1.50076,1.87,1.57
2015.12.16 15:46:20.810,1.50069,1.50077,1.00,1.45
2015.12.16 15:46:21.377,1.5007,1.50078,1.00,3.00
2015.12.16 15:46:21.682,1.50068,1.50077,1.87,1.57
2015.12.16 15:46:22.230,1.50069,1.50078,1.00,3.00
2015.12.16 15:46:22.823,1.50068,1.50076,1.50,1.47
2015.12.16 15:46:23.346,1.50068,1.50076,1.50,1.12
2015.12.16 15:46:23.653,1.50069,1.50076,1.00,1.07
2015.12.16 15:46:24.156,1.50069,1.50078,1.37,3.37
2015.12.16 15:46:27.656,1.50069,1.50078,2.25,3.00
2015.12.16 15:46:27.913,1.50071,1.50077,1.00,1.85
2015.12.16 15:46:28.203,1.5007,1.50078,2.25,1.57
2015.12.16 15:46:28.408,1.5007,1.50077,2.25,1.37
2015.12.16 15:46:28.611,1.50071,1.50078,1.00,1.37
2015.12.16 15:46:28.972,1.50071,1.50076,1.00,1.37
2015.12.16 15:46:29.204,1.50073,1.5008,1.00,2.25
2015.12.16 15:46:29.706,1.50071,1.50079,3.75,1.37
2015.12.16 15:46:30.324,1.50071,1.50078,3.75,1.50
2015.12.16 15:46:30.426,1.50071,1.50077,1.00,1.37
2015.12.16 15:46:30.713,1.50071,1.50078,1.00,1.50
2015.12.16 15:46:30.815,1.50071,1.50077,1.00,1.37
2015.12.16 15:46:30.917,1.50071,1.50078,1.00,1.50
2015.12.16 15:46:31.120,1.5007,1.50077,1.50,1.37
2015.12.16 15:46:31.627,1.50071,1.50078,1.00,1.00
2015.12.16 15:46:32.170,1.50072,1.50078,1.50,1.20
2015.12.16 15:46:32.222,1.50072,1.50077,1.50,1.37
2015.12.16 15:46:32.323,1.50072,1.50078,1.00,1.20
2015.12.16 15:46:32.680,1.50075,1.50079,1.00,2.25
2015.12.16 15:46:32.884,1.50078,1.50082,1.00,1.00
2015.12.16 15:46:33.037,1.50078,1.50086,1.00,4.87
2015.12.16 15:46:33.322,1.50079,1.50087,1.00,3.45
2015.12.16 15:46:33.932,1.5008,1.50087,1.00,1.20
2015.12.16 15:46:35.523,1.5008,1.50086,1.00,3.82
2015.12.16 15:46:36.102,1.50078,1.50086,1.00,3.82
2015.12.16 15:46:36.488,1.5008,1.50086,1.00,4.20
2015.12.16 15:46:36.641,1.5008,1.50087,1.00,1.57
2015.12.16 15:46:37.266,1.50081,1.50088,1.00,1.57
2015.12.16 15:46:37.319,1.50079,1.50088,3.00,1.95
2015.12.16 15:46:38.062,1.50079,1.50087,3.00,1.12
2015.12.16 15:46:38.114,1.50079,1.5008,1.50,1.00
2015.12.16 15:46:38.415,1.50073,1.50078,2.25,1.00
2015.12.16 15:46:38.473,1.5007,1.50077,1.47,1.00
2015.12.16 15:46:38.576,1.50069,1.50078,2.40,1.00
2015.12.16 15:46:38.627,1.50071,1.50078,1.50,1.50
2015.12.16 15:46:38.830,1.50068,1.50078,3.07,2.25
2015.12.16 15:46:39.136,1.50068,1.50073,1.10,1.00
2015.12.16 15:46:39.437,1.50061,1.50069,3.07,1.12
2015.12.16 15:46:39.590,1.50064,1.50069,2.25,1.12
2015.12.16 15:46:39.641,1.50065,1.50074,1.00,1.87
2015.12.16 15:46:40.149,1.50065,1.50075,3.75,1.95
2015.12.16 15:46:40.200,1.50067,1.50075,1.00,1.95
2015.12.16 15:46:40.851,1.50064,1.50075,3.82,2.77
2015.12.16 15:46:41.364,1.50066,1.50076,1.12,1.95
2015.12.16 15:46:41.883,1.50067,1.50076,2.25,1.57
2015.12.16 15:46:42.392,1.50067,1.50075,1.50,1.47
2015.12.16 15:46:42.495,1.5007,1.50076,1.00,1.45
2015.12.16 15:46:42.597,1.50066,1.50076,1.87,1.95
2015.12.16 15:46:43.161,1.50066,1.50075,2.62,1.95
2015.12.16 15:46:43.687,1.50066,1.50076,1.12,3.15
2015.12.16 15:46:44.370,1.50065,1.50075,3.37,1.65
2015.12.16 15:46:44.880,1.50066,1.50075,1.00,2.40
2015.12.16 15:46:45.387,1.50067,1.50076,1.00,2.25
2015.12.16 15:46:45.933,1.50066,1.50076,1.12,3.00
2015.12.16 15:46:46.440,1.50066,1.50076,1.12,2.25
2015.12.16 15:46:46.944,1.50066,1.50076,3.37,1.50
2015.12.16 15:46:47.857,1.50067,1.50076,1.50,1.45
2015.12.16 15:46:48.372,1.50067,1.50075,1.00,1.07
2015.12.16 15:46:48.880,1.50066,1.50075,1.12,1.07
2015.12.16 15:46:49.524,1.50067,1.50075,1.50,1.07
2015.12.16 15:46:50.838,1.50068,1.50076,1.50,1.50
2015.12.16 15:46:51.041,1.50066,1.50076,3.37,1.50
2015.12.16 15:46:51.347,1.50067,1.50076,1.50,1.10
2015.12.16 15:46:51.856,1.50068,1.50077,1.12,1.47
2015.12.16 15:46:52.469,1.50066,1.50076,5.25,1.95
2015.12.16 15:46:52.992,1.50065,1.50075,6.45,1.00
2015.12.16 15:46:53.688,1.50067,1.50076,1.87,2.70
2015.12.16 15:46:54.196,1.50066,1.50075,2.25,1.50
2015.12.16 15:46:55.100,1.50065,1.50075,5.32,1.50
2015.12.16 15:46:55.609,1.50065,1.50075,5.70,1.12
2015.12.16 15:46:56.137,1.50065,1.50075,5.32,3.37
2015.12.16 15:46:57.573,1.50066,1.50075,3.75,1.87
2015.12.16 15:46:58.133,1.50066,1.50072,3.75,1.00
2015.12.16 15:46:58.287,1.50061,1.50069,1.10,2.25
2015.12.16 15:46:58.638,1.50059,1.50067,1.50,1.12
2015.12.16 15:46:59.146,1.50057,1.50066,2.25,1.00
2015.12.16 15:46:59.825,1.50057,1.50067,1.50,2.25
2015.12.16 15:47:00.499,1.50058,1.50067,1.07,2.62
2015.12.16 15:47:00.809,1.50055,1.50058,1.00,1.37
2015.12.16 15:47:00.860,1.50049,1.50058,3.07,1.37
2015.12.16 15:47:01.014,1.50049,1.50056,3.07,1.37
2015.12.16 15:47:01.544,1.50049,1.50057,3.82,1.37
2015.12.16 15:47:02.420,1.5005,1.50056,1.10,1.37
2015.12.16 15:47:02.733,1.50052,1.50057,1.12,1.37
2015.12.16 15:47:02.885,1.50056,1.50063,1.47,1.00
2015.12.16 15:47:02.990,1.50058,1.50066,1.37,1.50
2015.12.16 15:47:03.528,1.50058,1.50067,1.57,1.12
2015.12.16 15:47:04.039,1.50058,1.50066,1.57,1.00
2015.12.16 15:47:04.958,1.50058,1.50067,2.32,1.00
2015.12.16 15:47:05.012,1.50061,1.50069,1.95,1.50
2015.12.16 15:47:06.124,1.50061,1.50069,2.02,1.50
2015.12.16 15:47:06.632,1.50059,1.50067,8.25,1.37
2015.12.16 15:47:07.182,1.50059,1.50068,4.57,1.87
2015.12.16 15:47:07.539,1.50058,1.50067,1.57,1.12
2015.12.16 15:47:09.617,1.50057,1.50067,2.70,1.00
2015.12.16 15:47:09.922,1.50059,1.50069,1.95,2.70
2015.12.16 15:47:10.637,1.50059,1.50067,1.20,1.12
2015.12.16 15:47:10.791,1.50058,1.50067,1.20,1.12
2015.12.16 15:47:11.299,1.50056,1.50066,3.45,1.00
2015.12.16 15:47:12.099,1.50056,1.50065,2.70,1.00
2015.12.16 15:47:12.252,1.50056,1.50065,1.50,1.12
2015.12.16 15:47:13.255,1.50057,1.50066,1.50,1.65
2015.12.16 15:47:13.662,1.50058,1.50067,1.00,1.12
2015.12.16 15:47:14.170,1.50057,1.50067,1.20,2.62
2015.12.16 15:47:14.537,1.50058,1.50067,1.87,1.00
2015.12.16 15:47:15.618,1.50057,1.50066,3.07,1.00
2015.12.16 15:47:16.168,1.50057,1.50066,3.00,1.87
2015.12.16 15:47:16.755,1.50057,1.50066,3.00,1.12
2015.12.16 15:47:19.731,1.50058,1.50065,1.10,1.00
2015.12.16 15:47:20.233,1.50058,1.50065,1.10,4.50
2015.12.16 15:47:20.489,1.50054,1.50063,2.40,1.12
2015.12.16 15:47:21.718,1.50055,1.50063,1.00,1.20
2015.12.16 15:47:23.554,1.50055,1.50063,1.00,1.00
2015.12.16 15:47:24.085,1.50055,1.50064,2.25,1.12
2015.12.16 15:47:26.517,1.50055,1.50063,2.25,1.10
2015.12.16 15:47:26.876,1.50054,1.5006,1.50,1.00
2015.12.16 15:47:27.182,1.50048,1.50051,1.00,1.20
2015.12.16 15:47:27.703,1.50045,1.50049,1.00,1.12
2015.12.16 15:47:28.017,1.50049,1.5005,1.00,1.20
2015.12.16 15:47:28.222,1.50048,1.50055,1.12,2.25
2015.12.16 15:47:28.772,1.50048,1.50056,1.12,1.50
2015.12.16 15:47:28.874,1.50048,1.50057,4.50,4.12
2015.12.16 15:47:29.180,1.50048,1.50056,1.50,1.87
2015.12.16 15:47:30.263,1.50049,1.50057,3.75,1.57
2015.12.16 15:47:30.568,1.50049,1.50057,1.12,1.57
2015.12.16 15:47:31.233,1.5005,1.50057,1.00,1.07
2015.12.16 15:47:31.742,1.50049,1.50057,1.87,1.57
2015.12.16 15:47:32.461,1.5005,1.50058,1.00,2.32
2015.12.16 15:47:32.513,1.5005,1.50059,1.00,3.00
2015.12.16 15:47:32.616,1.5005,1.50059,1.20,2.25
2015.12.16 15:47:32.820,1.50049,1.50057,2.62,1.00
2015.12.16 15:47:33.480,1.50049,1.50057,1.87,1.00
2015.12.16 15:47:35.432,1.50049,1.50056,1.50,1.00
2015.12.16 15:47:35.788,1.50049,1.50058,1.10,1.87
2015.12.16 15:47:36.313,1.50049,1.50056,1.10,1.00
2015.12.16 15:47:36.468,1.50049,1.50058,1.10,1.12
2015.12.16 15:47:36.977,1.50049,1.50057,1.10,1.00
2015.12.16 15:47:37.485,1.50048,1.50058,4.87,1.12
2015.12.16 15:47:40.082,1.5005,1.50058,1.87,1.00
2015.12.16 15:47:41.603,1.5005,1.50058,1.00,1.10
2015.12.16 15:47:41.908,1.50048,1.50056,1.12,1.00
2015.12.16 15:47:42.647,1.50048,1.50057,1.00,3.37
2015.12.16 15:47:43.007,1.50048,1.50058,2.32,1.95
2015.12.16 15:47:43.312,1.50048,1.50057,1.20,1.50
2015.12.16 15:47:45.116,1.50048,1.50057,1.10,1.95
2015.12.16 15:47:45.644,1.50048,1.50056,2.32,1.00
2015.12.16 15:47:46.148,1.50048,1.50057,1.10,1.57
2015.12.16 15:47:46.656,1.50049,1.50058,1.00,2.70
2015.12.16 15:47:47.787,1.50049,1.50058,1.50,2.25
2015.12.16 15:47:48.366,1.50049,1.50057,2.25,1.00
2015.12.16 15:47:48.875,1.50049,1.50057,1.00,2.25
2015.12.16 15:47:49.726,1.50048,1.50058,3.75,4.57
2015.12.16 15:47:49.831,1.50048,1.50058,4.50,1.57
2015.12.16 15:47:50.341,1.50048,1.50058,3.07,1.50
2015.12.16 15:47:50.975,1.50048,1.50058,4.95,1.00
2015.12.16 15:47:53.941,1.50048,1.50057,4.20,1.00
2015.12.16 15:47:54.619,1.50048,1.50058,4.95,1.87
2015.12.16 15:47:57.131,1.50049,1.50056,1.10,1.00
2015.12.16 15:47:57.639,1.50048,1.50055,1.12,1.00
2015.12.16 15:47:58.162,1.50048,1.50056,1.87,1.12
2015.12.16 15:47:58.777,1.50048,1.50056,1.50,1.12
2015.12.16 15:47:59.338,1.50048,1.50056,1.50,1.37
2015.12.16 15:48:00.625,1.50048,1.50056,1.87,1.50
2015.12.16 15:48:01.058,1.5005,1.50058,1.65,1.50
2015.12.16 15:48:01.413,1.5005,1.50058,2.25,1.00
2015.12.16 15:48:02.178,1.5005,1.50058,1.95,1.00
2015.12.16 15:48:02.686,1.5005,1.50058,2.25,1.00
2015.12.16 15:48:04.273,1.5005,1.50058,2.25,1.00
2015.12.16 15:48:06.832,1.50049,1.50058,3.00,1.50
2015.12.16 15:48:08.500,1.5005,1.50059,2.02,1.00
2015.12.16 15:48:10.290,1.5005,1.50059,1.57,1.00
2015.12.16 15:48:10.798,1.5005,1.50059,1.87,1.00
2015.12.16 15:48:11.621,1.5005,1.50059,1.50,1.37
2015.12.16 15:48:11.875,1.50049,1.50058,2.40,1.50
2015.12.16 15:48:14.667,1.50049,1.50058,5.77,1.12
2015.12.16 15:48:15.160,1.50055,1.50061,1.00,6.00
2015.12.16 15:48:15.313,1.50057,1.50063,2.25,1.00
2015.12.16 15:48:15.857,1.50057,1.50066,3.07,1.75
2015.12.16 15:48:15.908,1.50057,1.50066,3.07,1.00
2015.12.16 15:48:16.417,1.50058,1.50067,2.70,1.10
2015.12.16 15:48:17.649,1.50057,1.50066,3.82,1.00
2015.12.16 15:48:18.608,1.50057,1.50065,2.70,1.00
2015.12.16 15:48:19.115,1.50057,1.50066,2.70,1.12
2015.12.16 15:48:20.497,1.50057,1.50068,3.45,1.57
2015.12.16 15:48:23.380,1.50059,1.50068,1.12,1.95
2015.12.16 15:48:23.887,1.50057,1.50068,4.57,2.70
2015.12.16 15:48:24.412,1.50058,1.50066,1.20,1.00
2015.12.16 15:48:24.958,1.50057,1.50067,3.82,1.20
2015.12.16 15:48:25.640,1.50057,1.50063,3.82,1.00
2015.12.16 15:48:26.330,1.50057,1.50067,3.82,4.95
2015.12.16 15:48:26.638,1.50059,1.50067,1.37,1.10
2015.12.16 15:48:27.146,1.50058,1.50066,6.00,1.00
2015.12.16 15:48:27.827,1.50058,1.50068,6.75,2.70
2015.12.16 15:48:28.350,1.50058,1.50067,6.37,1.12
2015.12.16 15:48:30.601,1.50058,1.50068,6.07,2.25
2015.12.16 15:48:30.804,1.50058,1.50066,6.82,1.00
2015.12.16 15:48:31.610,1.50058,1.50067,6.07,1.20
2015.12.16 15:48:31.813,1.50058,1.50067,3.07,1.20
2015.12.16 15:48:32.322,1.50058,1.50067,1.57,1.57
2015.12.16 15:48:34.055,1.50058,1.50068,4.57,2.62
2015.12.16 15:48:34.258,1.50061,1.50068,1.00,1.87
2015.12.16 15:48:34.564,1.50071,1.50078,1.00,1.20
2015.12.16 15:48:34.767,1.50072,1.5008,1.00,1.87
2015.12.16 15:48:35.445,1.50071,1.50081,6.00,1.57
2015.12.16 15:48:35.955,1.50072,1.50079,1.37,1.00
2015.12.16 15:48:36.623,1.50071,1.50079,1.20,1.00
2015.12.16 15:48:37.139,1.50072,1.50079,1.00,1.12
2015.12.16 15:48:37.394,1.50072,1.50081,1.87,1.12
2015.12.16 15:48:38.338,1.50072,1.50082,1.00,3.45
2015.12.16 15:48:39.763,1.50071,1.50081,1.57,1.50
2015.12.16 15:48:40.458,1.50071,1.5008,1.10,1.87
2015.12.16 15:48:41.453,1.50071,1.5008,1.10,4.95
2015.12.16 15:48:41.962,1.50072,1.50081,1.00,1.87
2015.12.16 15:48:42.267,1.50074,1.5008,1.50,1.12
2015.12.16 15:48:42.369,1.50074,1.50083,1.12,2.40
2015.12.16 15:48:42.793,1.50072,1.50082,1.12,1.50
2015.12.16 15:48:43.150,1.50071,1.50081,3.00,3.37
2015.12.16 15:48:43.354,1.50071,1.50079,2.62,1.50
2015.12.16 15:48:45.131,1.50071,1.50079,1.95,1.50
2015.12.16 15:48:50.764,1.50072,1.50079,1.00,1.50
2015.12.16 15:48:50.815,1.50075,1.50079,1.00,1.50
2015.12.16 15:48:51.120,1.50078,1.50081,1.00,1.00
2015.12.16 15:48:51.762,1.50078,1.50087,2.62,6.00
2015.12.16 15:48:53.134,1.50078,1.50087,3.75,6.00
2015.12.16 15:48:53.792,1.50078,1.50087,1.87,5.25
2015.12.16 15:48:54.300,1.50077,1.50087,2.32,5.25
2015.12.16 15:48:54.601,1.50077,1.5008,1.20,1.00
2015.12.16 15:48:54.653,1.50074,1.50079,1.00,1.12
2015.12.16 15:48:54.704,1.50069,1.50079,2.32,5.62
2015.12.16 15:48:54.961,1.50069,1.50075,1.00,1.37
2015.12.16 15:48:55.468,1.50069,1.50076,1.00,1.50
2015.12.16 15:48:57.389,1.50069,1.50075,1.12,1.37
2015.12.16 15:48:57.762,1.50069,1.50077,1.50,1.50
2015.12.16 15:48:58.274,1.50069,1.50077,1.50,1.12
2015.12.16 15:48:58.807,1.50069,1.50078,1.50,1.12
2015.12.16 15:48:59.350,1.50069,1.50078,1.50,2.62
2015.12.16 15:48:59.878,1.50069,1.50078,1.50,1.12
2015.12.16 15:49:00.556,1.50071,1.50078,1.12,1.00
2015.12.16 15:49:00.762,1.50071,1.5008,1.50,2.25
2015.12.16 15:49:02.229,1.5007,1.50079,1.37,1.00
2015.12.16 15:49:02.958,1.5007,1.50079,1.37,1.87
2015.12.16 15:49:05.402,1.5007,1.50075,1.37,1.12
2015.12.16 15:49:05.745,1.50061,1.5007,2.70,1.00
2015.12.16 15:49:06.152,1.50063,1.50072,2.62,1.00
2015.12.16 15:49:06.661,1.50066,1.50075,3.00,2.32
2015.12.16 15:49:07.222,1.50066,1.50075,6.75,1.57
2015.12.16 15:49:07.274,1.50066,1.50075,6.75,1.20
2015.12.16 15:49:07.783,1.50066,1.50075,6.75,1.95
2015.12.16 15:49:08.039,1.50067,1.50076,1.87,1.57
2015.12.16 15:49:08.344,1.5007,1.50077,1.00,1.57
2015.12.16 15:49:08.727,1.5007,1.50077,1.00,2.32
2015.12.16 15:49:08.831,1.5007,1.50077,1.00,1.10
2015.12.16 15:49:09.241,1.5007,1.50076,1.00,1.37
2015.12.16 15:49:09.548,1.5007,1.50078,1.00,2.77
2015.12.16 15:49:10.406,1.5007,1.50078,1.00,2.02
2015.12.16 15:49:12.335,1.5007,1.50077,1.00,1.47
2015.12.16 15:49:12.436,1.5007,1.50078,1.00,1.55
2015.12.16 15:49:13.848,1.50068,1.50077,4.12,1.47
2015.12.16 15:49:14.857,1.50068,1.50078,1.50,3.52
2015.12.16 15:49:15.450,1.50068,1.50078,3.37,3.37
2015.12.16 15:49:15.962,1.50068,1.50078,2.62,1.50
2015.12.16 15:49:16.564,1.50068,1.50078,3.00,1.50
2015.12.16 15:49:17.072,1.50071,1.50078,1.00,1.00
2015.12.16 15:49:18.546,1.50069,1.50077,1.37,1.12
2015.12.16 15:49:19.197,1.50068,1.50078,2.25,1.87
2015.12.16 15:49:19.757,1.50069,1.50077,1.37,1.00
2015.12.16 15:49:19.910,1.50069,1.50077,1.12,1.37
2015.12.16 15:49:20.444,1.50067,1.50077,2.25,1.12
2015.12.16 15:49:20.748,1.50067,1.50075,1.87,1.50
2015.12.16 15:49:21.255,1.50067,1.50076,2.62,2.32
2015.12.16 15:49:21.560,1.50065,1.50069,1.37,2.25
2015.12.16 15:49:21.614,1.5006,1.50068,1.12,1.37
2015.12.16 15:49:21.767,1.50059,1.50066,1.87,1.37
2015.12.16 15:49:22.578,1.50059,1.50068,1.50,1.87
2015.12.16 15:49:23.212,1.50059,1.50067,1.50,1.37
2015.12.16 15:49:23.724,1.50059,1.50068,1.87,1.87
2015.12.16 15:49:24.422,1.50059,1.50068,1.50,1.12
2015.12.16 15:49:25.265,1.50059,1.50068,1.87,1.87
2015.12.16 15:49:25.470,1.50059,1.50068,1.50,1.12
2015.12.16 15:49:26.358,1.50059,1.50068,2.25,1.87
2015.12.16 15:49:26.459,1.50059,1.50068,1.50,1.12
2015.12.16 15:49:27.157,1.50059,1.50068,1.50,1.50
2015.12.16 15:49:30.430,1.50059,1.50069,3.00,6.37
2015.12.16 15:49:30.786,1.50061,1.50069,2.25,1.00
2015.12.16 15:49:32.367,1.5006,1.50068,2.25,1.37
2015.12.16 15:49:33.546,1.5006,1.50067,1.75,1.00
2015.12.16 15:49:36.232,1.50059,1.50068,2.25,1.50
2015.12.16 15:49:42.281,1.50059,1.50066,1.87,1.37
2015.12.16 15:49:42.782,1.50058,1.50066,1.75,1.12
2015.12.16 15:49:43.308,1.50059,1.50067,1.00,1.00
2015.12.16 15:49:44.949,1.50059,1.50067,1.00,1.95
2015.12.16 15:49:47.282,1.50059,1.50068,1.50,1.95
2015.12.16 15:49:50.289,1.50059,1.50068,3.75,1.50
2015.12.16 15:49:50.800,1.50062,1.50067,1.00,1.00
2015.12.16 15:49:51.360,1.50062,1.50069,1.00,1.37
2015.12.16 15:49:51.869,1.50061,1.50069,1.12,1.50
2015.12.16 15:49:54.008,1.50061,1.50069,2.25,1.87
2015.12.16 15:49:54.316,1.50067,1.50075,1.12,4.50
2015.12.16 15:49:54.367,1.50067,1.50076,3.37,1.95
2015.12.16 15:49:54.520,1.50069,1.50076,1.00,1.50
2015.12.16 15:49:55.235,1.50068,1.50076,1.12,1.12
2015.12.16 15:49:55.997,1.50067,1.50075,1.37,1.00
2015.12.16 15:49:56.302,1.50065,1.50074,1.50,1.87
2015.12.16 15:49:56.648,1.50063,1.50072,1.87,1.37
2015.12.16 15:49:57.464,1.50064,1.50073,2.62,1.12
2015.12.16 15:49:58.175,1.50065,1.50072,1.37,1.00
2015.12.16 15:49:58.227,1.50064,1.50071,1.00,1.00
2015.12.16 15:49:59.039,1.50065,1.50071,1.00,1.00
2015.12.16 15:49:59.141,1.50062,1.50071,3.37,1.00
2015.12.16 15:49:59.640,1.50062,1.50068,1.00,1.50
2015.12.16 15:49:59.692,1.5006,1.50068,1.12,1.87
2015.12.16 15:50:00.048,1.50059,1.50066,1.00,1.37
2015.12.16 15:50:00.557,1.50059,1.50066,1.00,5.62
2015.12.16 15:50:01.684,1.50056,1.50066,1.87,4.87
2015.12.16 15:50:02.528,1.50057,1.50064,1.12,1.00
2015.12.16 15:50:03.037,1.50056,1.50064,2.25,1.00
2015.12.16 15:50:03.089,1.50056,1.50062,1.50,1.00
2015.12.16 15:50:03.497,1.50049,1.50056,1.00,1.37
2015.12.16 15:50:04.012,1.50048,1.50056,1.50,1.37
2015.12.16 15:50:05.563,1.50048,1.50056,1.87,1.37
2015.12.16 15:50:06.941,1.50049,1.50056,1.00,1.37
2015.12.16 15:50:08.495,1.50049,1.50056,3.75,1.12
2015.12.16 15:50:09.056,1.50049,1.50059,3.00,1.50
2015.12.16 15:50:09.361,1.5005,1.50059,1.87,1.50
2015.12.16 15:50:09.925,1.50049,1.50058,2.25,1.37
2015.12.16 15:50:10.445,1.50049,1.50058,3.00,1.37
2015.12.16 15:50:12.863,1.50051,1.5006,1.12,2.70
2015.12.16 15:50:13.473,1.50051,1.5006,1.95,1.87
2015.12.16 15:50:13.626,1.50053,1.50061,1.00,4.12
2015.12.16 15:50:13.678,1.50053,1.5006,2.25,1.00
2015.12.16 15:50:14.202,1.50053,1.50063,2.62,1.37
2015.12.16 15:50:15.431,1.50054,1.50064,1.37,3.00
2015.12.16 15:50:15.735,1.50055,1.50064,3.75,1.87
2015.12.16 15:50:15.990,1.50055,1.50064,4.12,1.37
2015.12.16 15:50:16.447,1.50055,1.50065,1.87,3.37
2015.12.16 15:50:17.407,1.50055,1.50065,1.87,1.87
2015.12.16 15:50:18.876,1.50055,1.5006,1.37,1.50
2015.12.16 15:50:19.030,1.50048,1.50056,2.32,2.62
2015.12.16 15:50:20.094,1.5005,1.5006,2.25,3.75
2015.12.16 15:50:20.602,1.5005,1.5006,1.37,3.37
2015.12.16 15:50:21.237,1.5005,1.5006,3.00,1.87
2015.12.16 15:50:23.096,1.5005,1.5006,3.00,4.50
2015.12.16 15:50:23.401,1.50049,1.50058,1.50,1.87
2015.12.16 15:50:24.116,1.50049,1.50056,1.00,1.00
2015.12.16 15:50:24.725,1.50049,1.50058,1.00,2.62
2015.12.16 15:50:25.233,1.50049,1.50056,1.00,1.12
2015.12.16 15:50:26.031,1.50049,1.50056,1.00,1.37
2015.12.16 15:50:27.708,1.5005,1.50058,1.37,1.12
2015.12.16 15:50:27.811,1.50051,1.5006,1.87,2.70
2015.12.16 15:50:27.863,1.50051,1.5006,4.12,1.12
2015.12.16 15:50:28.169,1.50054,1.5006,1.50,1.00
2015.12.16 15:50:28.507,1.50056,1.50065,1.17,2.62
2015.12.16 15:50:28.723,1.50057,1.50067,4.95,2.25
2015.12.16 15:50:29.756,1.50059,1.50067,1.00,2.25
2015.12.16 15:50:29.910,1.5006,1.50069,1.50,6.37
2015.12.16 15:50:30.062,1.50062,1.50069,1.00,1.00
2015.12.16 15:50:30.316,1.50063,1.50071,1.87,1.12
2015.12.16 15:50:30.823,1.50063,1.50073,1.95,1.50
2015.12.16 15:50:31.318,1.50062,1.50069,1.87,1.50
2015.12.16 15:50:31.369,1.50062,1.50069,1.00,1.50
2015.12.16 15:50:31.876,1.50061,1.50069,1.12,1.12
2015.12.16 15:50:32.370,1.50069,1.50072,1.00,1.50
2015.12.16 15:50:32.472,1.50069,1.50077,1.50,2.25
2015.12.16 15:50:33.133,1.50068,1.50077,4.50,3.00
2015.12.16 15:50:33.799,1.50068,1.50077,1.00,3.75
2015.12.16 15:50:34.331,1.50067,1.50077,1.50,2.62
2015.12.16 15:50:34.535,1.50068,1.50077,1.50,1.87
2015.12.16 15:50:35.443,1.50068,1.50077,1.50,1.87
2015.12.16 15:50:35.953,1.5007,1.50077,1.00,1.37
2015.12.16 15:50:36.865,1.50071,1.50077,1.00,1.37
2015.12.16 15:50:37.171,1.50078,1.50084,1.00,1.12
2015.12.16 15:50:37.760,1.50078,1.50086,1.12,1.00
2015.12.16 15:50:38.075,1.50079,1.50087,1.00,2.25
2015.12.16 15:50:38.657,1.50078,1.50087,1.12,2.25
2015.12.16 15:50:40.058,1.50077,1.50086,1.50,1.87
2015.12.16 15:50:40.465,1.50077,1.50086,1.00,1.87
2015.12.16 15:50:42.876,1.50077,1.50086,1.00,1.50
2015.12.16 15:50:43.184,1.50079,1.50087,1.00,2.62
2015.12.16 15:50:43.388,1.50077,1.50086,1.00,2.25
2015.12.16 15:50:43.894,1.50076,1.50083,1.87,1.37
2015.12.16 15:50:43.947,1.50074,1.50082,1.10,1.50
2015.12.16 15:50:43.998,1.50072,1.50081,1.50,1.12
2015.12.16 15:50:44.461,1.50071,1.50078,1.50,1.50
2015.12.16 15:50:44.803,1.50072,1.50077,1.00,1.50
2015.12.16 15:50:45.052,1.50072,1.50077,1.00,1.00
2015.12.16 15:50:48.330,1.50071,1.50078,1.00,1.50
2015.12.16 15:50:48.849,1.50071,1.50078,1.00,5.25
2015.12.16 15:50:48.900,1.50071,1.50075,1.00,1.37
2015.12.16 15:50:49.002,1.50069,1.50075,1.00,1.37
2015.12.16 15:50:50.427,1.5007,1.50074,1.00,1.00
2015.12.16 15:50:51.654,1.50071,1.50074,1.00,1.00
2015.12.16 15:50:51.705,1.5007,1.50078,1.87,4.87
2015.12.16 15:50:51.756,1.50072,1.50078,1.00,3.75
2015.12.16 15:50:52.012,1.50073,1.5008,1.12,1.87
2015.12.16 15:50:52.223,1.50075,1.5008,1.00,1.87
2015.12.16 15:50:52.275,1.50074,1.50085,2.62,2.25
2015.12.16 15:50:52.479,1.50075,1.50085,1.50,1.50
2015.12.16 15:50:52.985,1.50076,1.50085,2.32,1.37
2015.12.16 15:50:53.141,1.50078,1.50086,1.00,1.87
2015.12.16 15:50:53.789,1.50078,1.50086,1.00,1.87
2015.12.16 15:50:56.041,1.50079,1.50087,1.10,2.62
2015.12.16 15:50:56.553,1.50077,1.50087,2.25,3.37
2015.12.16 15:50:56.655,1.50077,1.50086,1.20,2.25
2015.12.16 15:50:56.758,1.50076,1.50079,1.10,1.00
2015.12.16 15:50:57.337,1.50069,1.50076,1.20,1.87
2015.12.16 15:51:00.906,1.50069,1.50078,1.20,1.12
2015.12.16 15:51:01.503,1.5007,1.50078,2.70,1.50
2015.12.16 15:51:01.712,1.50073,1.50081,1.00,3.37
2015.12.16 15:51:02.220,1.50072,1.50081,1.57,1.37
2015.12.16 15:51:02.736,1.50074,1.50082,1.00,1.47
2015.12.16 15:51:03.347,1.50073,1.50083,3.75,1.95
2015.12.16 15:51:03.499,1.50075,1.50084,1.50,4.12
2015.12.16 15:51:06.676,1.50076,1.50084,1.27,1.00
2015.12.16 15:51:07.236,1.50076,1.50084,1.57,1.50
2015.12.16 15:51:07.694,1.50076,1.50081,1.07,1.00
2015.12.16 15:51:08.196,1.50077,1.50082,1.00,1.00
2015.12.16 15:51:08.545,1.50077,1.50085,1.20,1.50
2015.12.16 15:51:08.647,1.50077,1.50086,1.87,2.62
2015.12.16 15:51:08.749,1.50077,1.50085,1.47,1.37
2015.12.16 15:51:09.267,1.50078,1.50086,1.10,1.50
2015.12.16 15:51:09.774,1.50078,1.50086,1.00,1.50
2015.12.16 15:51:10.615,1.50078,1.50086,1.10,1.00
2015.12.16 15:51:11.122,1.50079,1.50086,1.00,1.00
2015.12.16 15:51:12.078,1.50078,1.50086,1.57,1.00
2015.12.16 15:51:12.606,1.50076,1.50086,4.50,1.00
2015.12.16 15:51:13.490,1.50076,1.50086,3.75,1.50
2015.12.16 15:51:14.061,1.50076,1.50086,3.15,1.50
2015.12.16 15:51:14.571,1.50077,1.50087,1.50,2.02
2015.12.16 15:51:14.832,1.50079,1.50087,1.00,2.02
2015.12.16 15:51:14.934,1.50077,1.50087,1.57,1.87
2015.12.16 15:51:15.474,1.50077,1.50087,2.25,3.37
2015.12.16 15:51:16.683,1.50076,1.50085,3.37,1.00
2015.12.16 15:51:17.191,1.50077,1.50085,1.12,1.12
2015.12.16 15:51:17.717,1.50076,1.50085,3.37,5.25
2015.12.16 15:51:18.224,1.50076,1.50085,2.62,6.07
2015.12.16 15:51:18.830,1.50077,1.50085,1.00,5.70
2015.12.16 15:51:19.539,1.50078,1.50085,1.00,4.12
2015.12.16 15:51:20.357,1.50078,1.50085,1.87,1.12
2015.12.16 15:51:20.865,1.50078,1.50085,1.87,1.10
2015.12.16 15:51:21.668,1.50078,1.50085,1.50,1.10
2015.12.16 15:51:22.947,1.50078,1.50085,1.00,1.47
2015.12.16 15:51:23.182,1.5008,1.50085,1.12,1.47
2015.12.16 15:51:23.387,1.50082,1.50089,1.50,1.87
2015.12.16 15:51:24.097,1.50083,1.50089,1.00,1.00
2015.12.16 15:51:24.640,1.50082,1.5009,1.50,4.27
2015.12.16 15:51:24.691,1.50084,1.50092,1.87,1.12
2015.12.16 15:51:24.844,1.50087,1.50093,1.00,1.95
2015.12.16 15:51:25.149,1.50085,1.50094,1.50,1.50
2015.12.16 15:51:25.352,1.50085,1.50094,2.25,1.95
2015.12.16 15:51:25.965,1.50086,1.50094,1.00,3.07
2015.12.16 15:51:26.171,1.50083,1.50092,2.25,2.62
2015.12.16 15:51:26.273,1.50084,1.50092,1.00,5.62
2015.12.16 15:51:26.476,1.50085,1.50092,1.00,1.07
2015.12.16 15:51:27.227,1.50084,1.50092,1.00,1.07
2015.12.16 15:51:27.735,1.50085,1.50094,2.25,1.50
2015.12.16 15:51:27.888,1.50085,1.50094,3.37,1.57
2015.12.16 15:51:28.041,1.50087,1.50095,1.00,1.95
2015.12.16 15:51:28.579,1.50088,1.50095,1.50,1.00
2015.12.16 15:51:29.137,1.50089,1.50096,1.00,1.37
2015.12.16 15:51:29.805,1.50089,1.50096,1.00,1.12
2015.12.16 15:51:30.466,1.50089,1.50096,1.12,1.37
2015.12.16 15:51:30.976,1.50088,1.50096,1.37,1.12
2015.12.16 15:51:31.438,1.50095,1.50098,1.00,4.20
2015.12.16 15:51:31.540,1.50098,1.50103,1.12,3.75
2015.12.16 15:51:31.591,1.50098,1.50105,1.12,1.10
2015.12.16 15:51:31.693,1.50098,1.50108,1.20,1.37
2015.12.16 15:51:31.744,1.501,1.50108,1.57,1.50
2015.12.16 15:51:32.510,1.50099,1.50107,1.87,1.00
2015.12.16 15:51:33.017,1.50098,1.50106,1.50,1.10
2015.12.16 15:51:33.566,1.50098,1.50106,1.12,1.10
2015.12.16 15:51:34.075,1.50099,1.50107,1.00,1.50
2015.12.16 15:51:34.616,1.50098,1.50107,1.12,3.00
2015.12.16 15:51:35.015,1.50098,1.50103,1.00,1.00
2015.12.16 15:51:35.218,1.50091,1.501,1.12,4.12
2015.12.16 15:51:35.725,1.50091,1.50099,1.00,2.77
2015.12.16 15:51:36.288,1.50091,1.50099,1.00,2.77
2015.12.16 15:51:37.724,1.50091,1.50099,1.12,1.57
2015.12.16 15:51:39.438,1.5009,1.501,2.25,2.25
2015.12.16 15:51:39.945,1.5009,1.501,2.25,2.25
2015.12.16 15:51:40.570,1.5009,1.50101,1.50,3.82
2015.12.16 15:51:40.773,1.5009,1.50097,1.50,1.00
2015.12.16 15:51:40.874,1.50089,1.50096,1.87,1.00
2015.12.16 15:51:41.027,1.50087,1.50094,2.25,1.00
2015.12.16 15:51:41.353,1.50086,1.50091,1.50,1.00
2015.12.16 15:51:41.404,1.50084,1.50091,1.87,1.00
2015.12.16 15:51:41.913,1.50084,1.5009,1.37,1.00
2015.12.16 15:51:42.569,1.50084,1.50091,1.37,1.00
2015.12.16 15:51:43.077,1.50085,1.50092,1.00,1.20
2015.12.16 15:51:43.383,1.50083,1.5009,4.57,1.87
2015.12.16 15:51:43.535,1.50079,1.50085,1.50,1.00
2015.12.16 15:51:44.512,1.50079,1.50086,1.12,1.12
2015.12.16 15:51:44.868,1.5008,1.50088,2.25,1.20
2015.12.16 15:51:45.369,1.5008,1.50088,2.70,1.12
2015.12.16 15:51:46.952,1.5008,1.50086,2.25,1.00
2015.12.16 15:51:47.259,1.50086,1.50091,1.00,1.87
2015.12.16 15:51:47.362,1.50086,1.50094,1.50,2.62
2015.12.16 15:51:47.617,1.50086,1.50094,4.57,1.50
2015.12.16 15:51:48.122,1.50087,1.50094,1.12,1.12
2015.12.16 15:51:48.726,1.50087,1.50093,1.12,1.00
2015.12.16 15:51:49.360,1.50085,1.50092,2.32,1.00
2015.12.16 15:51:50.120,1.50087,1.50093,1.00,1.00
2015.12.16 15:51:51.035,1.50087,1.50094,1.50,1.12
2015.12.16 15:51:51.543,1.50087,1.50093,1.00,1.00
2015.12.16 15:51:52.356,1.50085,1.50091,2.25,1.00
2015.12.16 15:51:53.931,1.50087,1.50093,1.00,1.12
2015.12.16 15:51:54.447,1.50087,1.50094,1.12,1.65
2015.12.16 15:51:54.969,1.50087,1.50093,1.00,1.12
2015.12.16 15:51:55.519,1.50087,1.50091,1.00,1.00
2015.12.16 15:51:56.027,1.50086,1.50091,1.12,1.00
2015.12.16 15:51:56.853,1.50084,1.50088,3.37,1.00
2015.12.16 15:51:56.904,1.50083,1.50088,1.20,1.50
2015.12.16 15:51:57.006,1.50079,1.50087,1.12,1.12
2015.12.16 15:51:57.514,1.50078,1.50086,1.37,1.00
2015.12.16 15:51:58.194,1.50077,1.50085,1.87,1.00
2015.12.16 15:51:58.550,1.50076,1.50083,2.32,1.00
2015.12.16 15:51:58.703,1.50073,1.50081,1.87,1.00
2015.12.16 15:51:59.331,1.50073,1.50082,2.62,1.50
2015.12.16 15:51:59.536,1.50074,1.50083,1.87,2.40
2015.12.16 15:52:00.587,1.50074,1.50082,1.00,1.12
2015.12.16 15:52:01.302,1.50074,1.50082,1.00,1.50
2015.12.16 15:52:01.834,1.50074,1.50082,1.50,2.62
2015.12.16 15:52:02.990,1.50074,1.50082,1.50,1.07
2015.12.16 15:52:03.503,1.50074,1.50081,1.00,1.20
2015.12.16 15:52:04.114,1.50073,1.5008,1.50,1.20
2015.12.16 15:52:04.470,1.5007,1.50079,2.25,2.25
2015.12.16 15:52:04.775,1.50069,1.50077,2.70,1.37
2015.12.16 15:52:05.182,1.50069,1.50077,1.95,2.25
2015.12.16 15:52:05.284,1.50069,1.50077,1.57,2.25
2015.12.16 15:52:05.753,1.50067,1.50075,1.10,1.12
2015.12.16 15:52:06.160,1.50069,1.50077,1.00,1.87
2015.12.16 15:52:06.465,1.50069,1.50078,4.87,1.87
2015.12.16 15:52:06.969,1.50069,1.50076,4.50,1.00
2015.12.16 15:52:07.072,1.50068,1.50076,2.77,1.00
2015.12.16 15:52:08.455,1.50069,1.50076,1.00,1.37
2015.12.16 15:52:08.800,1.50067,1.50076,1.65,1.37
2015.12.16 15:52:09.408,1.50067,1.50075,1.00,1.50
2015.12.16 15:52:11.141,1.50064,1.50072,2.02,1.00
2015.12.16 15:52:11.193,1.50064,1.50072,2.02,1.50
2015.12.16 15:52:11.700,1.50064,1.50072,1.00,2.70
2015.12.16 15:52:12.208,1.50062,1.5007,1.87,1.37
2015.12.16 15:52:12.613,1.50062,1.50071,2.62,2.25
2015.12.16 15:52:13.170,1.50061,1.50071,4.95,2.32
2015.12.16 15:52:14.470,1.50061,1.5007,1.50,2.62
2015.12.16 15:52:15.525,1.50061,1.50068,1.50,1.87
2015.12.16 15:52:16.033,1.5006,1.50067,1.20,1.87
2015.12.16 15:52:17.490,1.5006,1.50068,6.45,1.87
2015.12.16 15:52:17.592,1.50061,1.50068,1.47,1.87
2015.12.16 15:52:18.619,1.50062,1.50071,1.20,2.32
2015.12.16 15:52:18.773,1.50062,1.50072,2.25,3.00
2015.12.16 15:52:19.180,1.50065,1.50073,1.12,1.87
2015.12.16 15:52:19.688,1.50065,1.50072,1.10,1.87
2015.12.16 15:52:21.033,1.50064,1.50073,1.87,1.87
2015.12.16 15:52:23.012,1.50064,1.50073,2.62,1.87
2015.12.16 15:52:25.863,1.50064,1.50073,1.95,1.37
2015.12.16 15:52:26.169,1.50062,1.50071,4.95,1.37
2015.12.16 15:52:26.220,1.50062,1.50071,1.65,1.37
2015.12.16 15:52:26.627,1.50063,1.50069,1.00,1.37
2015.12.16 15:52:27.135,1.50061,1.50069,1.57,1.50
2015.12.16 15:52:28.412,1.50061,1.50066,1.12,1.00
2015.12.16 15:52:28.725,1.50056,1.50064,3.45,1.37
2015.12.16 15:52:29.660,1.50056,1.50064,2.70,1.37
2015.12.16 15:52:29.968,1.50054,1.50062,1.87,2.25
2015.12.16 15:52:30.273,1.50051,1.50059,1.57,1.37
2015.12.16 15:52:32.270,1.50051,1.50059,1.47,1.37
2015.12.16 15:52:33.911,1.50054,1.50062,4.12,1.37
2015.12.16 15:52:33.962,1.50054,1.50062,4.12,1.12
2015.12.16 15:52:34.559,1.50057,1.50066,1.45,1.87
2015.12.16 15:52:35.068,1.50057,1.50066,1.45,1.87
2015.12.16 15:52:39.035,1.50056,1.50064,1.45,1.37
2015.12.16 15:52:40.153,1.50056,1.50064,1.50,1.37
2015.12.16 15:52:41.059,1.50056,1.50063,1.50,1.37
2015.12.16 15:52:42.044,1.50056,1.50064,2.25,1.37
2015.12.16 15:52:46.075,1.50056,1.50064,1.50,1.12
2015.12.16 15:52:49.277,1.50057,1.50064,1.57,1.37
2015.12.16 15:52:51.545,1.50055,1.50064,3.00,1.87
2015.12.16 15:52:52.205,1.50055,1.50064,2.62,1.37
2015.12.16 15:52:53.721,1.50054,1.50061,1.37,1.37
2015.12.16 15:52:54.034,1.50052,1.50059,1.95,1.12
2015.12.16 15:52:54.543,1.50051,1.50058,1.57,1.00
2015.12.16 15:52:54.798,1.5005,1.50057,1.00,1.12
2015.12.16 15:52:54.901,1.50048,1.50056,1.87,1.37
2015.12.16 15:52:57.170,1.50049,1.50055,1.37,1.12
2015.12.16 15:52:57.649,1.50051,1.50058,1.37,1.37
2015.12.16 15:52:57.700,1.50051,1.50058,1.37,1.12
2015.12.16 15:52:58.216,1.50058,1.50059,1.00,1.00
2015.12.16 15:52:58.318,1.50058,1.50062,2.25,1.00
2015.12.16 15:52:58.369,1.50065,1.50067,1.07,1.00
2015.12.16 15:52:58.661,1.50069,1.50078,1.45,3.07
2015.12.16 15:52:59.168,1.50067,1.50076,3.07,1.10
2015.12.16 15:52:59.959,1.5007,1.50077,1.45,3.07
2015.12.16 15:53:00.530,1.5007,1.5008,2.40,3.07
2015.12.16 15:53:01.191,1.5007,1.50079,2.32,1.95
2015.12.16 15:53:02.213,1.5007,1.5008,1.57,3.82
2015.12.16 15:53:03.221,1.5007,1.50079,1.47,1.45
2015.12.16 15:53:03.476,1.50073,1.50079,1.00,1.20
2015.12.16 15:53:03.802,1.50076,1.50082,1.50,1.50
2015.12.16 15:53:04.107,1.50076,1.50085,2.02,1.45
2015.12.16 15:53:05.017,1.50075,1.50084,1.50,1.45
2015.12.16 15:53:05.271,1.50072,1.50081,1.87,2.02
2015.12.16 15:53:05.576,1.5007,1.50077,1.37,1.82
2015.12.16 15:53:05.627,1.5007,1.50077,1.00,2.70
2015.12.16 15:53:05.678,1.50067,1.50074,1.57,1.10
2015.12.16 15:53:05.831,1.50066,1.50074,1.50,1.10
2015.12.16 15:53:07.326,1.50066,1.50074,1.50,1.57
2015.12.16 15:53:08.254,1.50071,1.50074,1.00,1.57
2015.12.16 15:53:08.356,1.50071,1.50078,3.75,1.45
2015.12.16 15:53:08.407,1.50069,1.50077,3.00,4.20
2015.12.16 15:53:08.510,1.50071,1.50077,1.00,1.20
2015.12.16 15:53:08.664,1.50068,1.50077,2.62,1.20
2015.12.16 15:53:09.351,1.50068,1.50076,1.37,1.45
2015.12.16 15:53:14.229,1.50068,1.50075,1.50,1.50
2015.12.16 15:53:14.331,1.50066,1.50074,1.50,1.12
2015.12.16 15:53:14.635,1.50066,1.50072,1.00,1.00
2015.12.16 15:53:15.110,1.50065,1.50074,2.62,1.12
2015.12.16 15:53:15.364,1.50067,1.50074,1.00,1.00
2015.12.16 15:53:15.871,1.50066,1.50074,1.87,1.00
2015.12.16 15:53:16.390,1.50067,1.50075,1.00,1.87
2015.12.16 15:53:18.097,1.50066,1.50075,1.87,1.87
2015.12.16 15:53:19.103,1.50066,1.50074,2.32,1.00
2015.12.16 15:53:21.057,1.50066,1.50074,3.07,1.37
2015.12.16 15:53:21.209,1.50066,1.50073,2.62,1.87
2015.12.16 15:53:21.617,1.50065,1.50072,1.12,2.62
2015.12.16 15:53:21.932,1.50061,1.50067,1.00,4.12
2015.12.16 15:53:22.186,1.50059,1.50067,1.65,4.87
2015.12.16 15:53:22.695,1.5006,1.50067,1.00,4.87
2015.12.16 15:53:23.199,1.50058,1.50065,1.47,1.12
2015.12.16 15:53:23.719,1.50057,1.50065,1.45,1.50
2015.12.16 15:53:26.142,1.50056,1.50064,3.82,1.00
2015.12.16 15:53:28.260,1.50057,1.50064,1.10,1.12
2015.12.16 15:53:33.911,1.50059,1.50066,1.50,3.00
2015.12.16 15:53:34.623,1.50057,1.50066,1.27,2.25
2015.12.16 15:53:35.145,1.50057,1.50064,1.20,1.00
2015.12.16 15:53:36.258,1.50056,1.50064,1.10,1.50
2015.12.16 15:53:36.843,1.50056,1.50065,1.57,1.12
2015.12.16 15:53:37.403,1.50055,1.50065,1.87,1.12
2015.12.16 15:53:37.810,1.50055,1.50058,1.00,1.00
2015.12.16 15:53:38.317,1.50054,1.50059,1.12,1.00
2015.12.16 15:53:40.798,1.50054,1.50063,1.87,1.37
2015.12.16 15:53:41.322,1.50054,1.50063,1.87,1.37
2015.12.16 15:53:42.909,1.50054,1.50063,2.62,1.37
2015.12.16 15:53:43.941,1.50055,1.50063,1.00,1.37
2015.12.16 15:53:45.933,1.50055,1.50063,1.00,1.37
2015.12.16 15:53:48.293,1.50055,1.50065,2.25,2.62
2015.12.16 15:53:51.972,1.50055,1.50066,2.25,3.75
2015.12.16 15:53:53.982,1.50058,1.50067,1.07,1.37
2015.12.16 15:53:54.490,1.50058,1.50066,1.50,4.12
2015.12.16 15:53:54.999,1.50056,1.50066,4.20,4.50
2015.12.16 15:53:57.297,1.50056,1.50064,2.32,1.37
2015.12.16 15:53:57.809,1.50056,1.50064,1.00,1.37
2015.12.16 15:53:58.395,1.50056,1.50063,1.00,4.12
2015.12.16 15:54:03.880,1.50054,1.50062,1.00,2.25
2015.12.16 15:54:04.387,1.50055,1.50062,1.00,1.50
2015.12.16 15:54:05.288,1.50059,1.50061,1.00,1.00
2015.12.16 15:54:05.340,1.50057,1.50064,1.50,1.50
2015.12.16 15:54:05.493,1.50057,1.50064,2.62,1.50
2015.12.16 15:54:05.545,1.5006,1.50065,1.00,1.50
2015.12.16 15:54:05.952,1.5006,1.50066,1.00,1.12
2015.12.16 15:54:06.512,1.50061,1.50067,1.00,2.25
2015.12.16 15:54:06.972,1.50059,1.50067,1.87,1.12
2015.12.16 15:54:08.074,1.50058,1.50067,1.20,1.50
2015.12.16 15:54:08.596,1.50059,1.50067,1.00,1.50
2015.12.16 15:54:09.126,1.50059,1.50067,1.55,1.00
2015.12.16 15:54:09.635,1.5006,1.50068,1.00,1.50
2015.12.16 15:54:10.266,1.5006,1.50069,1.00,1.87
2015.12.16 15:54:11.238,1.50059,1.50066,1.00,1.37
2015.12.16 15:54:11.548,1.50061,1.50065,1.00,1.00
2015.12.16 15:54:14.193,1.50061,1.50068,1.00,2.62
2015.12.16 15:54:14.501,1.50063,1.50069,1.00,1.00
2015.12.16 15:54:14.604,1.50065,1.50072,1.00,1.87
2015.12.16 15:54:14.656,1.50066,1.50074,1.00,2.25
2015.12.16 15:54:14.707,1.50068,1.50074,1.00,2.25
2015.12.16 15:54:14.759,1.50068,1.50074,1.00,1.00
2015.12.16 15:54:15.094,1.50071,1.50077,1.00,1.00
2015.12.16 15:54:15.401,1.50075,1.50083,1.00,1.57
2015.12.16 15:54:15.906,1.50074,1.50081,1.87,1.37
2015.12.16 15:54:16.254,1.50072,1.50076,1.00,1.50
2015.12.16 15:54:16.461,1.50067,1.50072,1.12,1.20
2015.12.16 15:54:16.970,1.50068,1.50074,1.00,2.32
2015.12.16 15:54:17.489,1.50069,1.50074,1.00,1.37
2015.12.16 15:54:17.946,1.50069,1.50075,1.87,1.12
2015.12.16 15:54:18.099,1.50067,1.50074,1.12,1.95
2015.12.16 15:54:18.702,1.50066,1.50073,1.87,1.00
2015.12.16 15:54:18.905,1.50066,1.5007,1.12,1.00
2015.12.16 15:54:19.007,1.50064,1.5007,1.00,1.87
2015.12.16 15:54:19.109,1.50062,1.50068,2.25,1.37
2015.12.16 15:54:19.211,1.50061,1.50069,1.00,1.50
2015.12.16 15:54:19.726,1.50062,1.5007,1.87,2.32
2015.12.16 15:54:20.234,1.50063,1.50071,1.12,1.50
2015.12.16 15:54:20.489,1.50065,1.50073,1.00,2.77
2015.12.16 15:54:21.023,1.50064,1.50069,1.00,1.00
2015.12.16 15:54:21.329,1.50062,1.50069,1.87,1.87
2015.12.16 15:54:22.642,1.50062,1.50068,1.00,1.37
2015.12.16 15:54:23.048,1.50062,1.5007,1.00,3.00
2015.12.16 15:54:23.550,1.50061,1.5007,1.12,3.00
2015.12.16 15:54:23.907,1.50066,1.50069,1.00,1.00
2015.12.16 15:54:24.009,1.50065,1.50072,1.00,1.00
2015.12.16 15:54:24.360,1.50063,1.5007,1.12,2.25
2015.12.16 15:54:24.416,1.5006,1.50069,3.37,1.12
2015.12.16 15:54:24.924,1.50062,1.50069,1.00,1.37
2015.12.16 15:54:25.475,1.50066,1.50069,1.00,1.50
2015.12.16 15:54:25.678,1.50063,1.50069,1.12,1.00
2015.12.16 15:54:26.181,1.50063,1.5007,1.37,2.62
2015.12.16 15:54:27.225,1.50063,1.50069,1.37,1.37
2015.12.16 15:54:27.753,1.50063,1.5007,1.37,1.50
2015.12.16 15:54:29.121,1.50063,1.50068,1.37,1.37
2015.12.16 15:54:29.173,1.50061,1.50068,1.50,1.37
2015.12.16 15:54:29.697,1.5006,1.50069,2.62,1.87
2015.12.16 15:54:30.093,1.50062,1.50069,1.00,1.50
2015.12.16 15:54:30.709,1.5006,1.50069,3.00,2.62
2015.12.16 15:54:31.015,1.5006,1.50067,1.00,1.37
2015.12.16 15:54:31.371,1.50063,1.50067,1.00,1.37
2015.12.16 15:54:31.889,1.50063,1.50068,1.00,1.37
2015.12.16 15:54:32.917,1.50063,1.50067,1.00,1.37
2015.12.16 15:54:33.274,1.50061,1.50067,1.00,1.00
2015.12.16 15:54:34.171,1.50055,1.50056,1.12,1.00
2015.12.16 15:54:34.231,1.50049,1.50056,1.50,1.12
2015.12.16 15:54:34.757,1.5005,1.50056,1.00,1.12
2015.12.16 15:54:35.275,1.5005,1.50057,1.50,1.12
2015.12.16 15:54:35.788,1.50051,1.50057,1.00,1.12
2015.12.16 15:54:36.494,1.5005,1.50058,1.00,4.50
2015.12.16 15:54:37.005,1.5005,1.50057,1.37,1.37
2015.12.16 15:54:40.434,1.5005,1.50057,1.12,1.50
2015.12.16 15:54:40.740,1.50048,1.50052,1.50,1.12
2015.12.16 15:54:41.046,1.50043,1.50046,1.00,1.57
2015.12.16 15:54:41.517,1.50039,1.50045,1.50,1.27
2015.12.16 15:54:42.085,1.50039,1.50043,1.50,1.12
2015.12.16 15:54:42.187,1.50039,1.50045,1.50,1.50
2015.12.16 15:54:42.712,1.50038,1.50045,1.00,1.50
2015.12.16 15:54:42.764,1.50038,1.50044,1.00,1.37
2015.12.16 15:54:44.622,1.50038,1.50042,1.87,1.12
2015.12.16 15:54:44.975,1.50036,1.50041,1.00,4.12
2015.12.16 15:54:45.082,1.50037,1.50044,1.00,1.50
2015.12.16 15:54:45.234,1.50036,1.50045,1.12,2.32
2015.12.16 15:54:45.676,1.50041,1.50045,1.00,2.32
2015.12.16 15:54:45.778,1.50038,1.50045,2.25,1.37
2015.12.16 15:54:46.235,1.50036,1.50045,1.50,2.32
2015.12.16 15:54:46.389,1.50035,1.5004,1.12,1.12
2015.12.16 15:54:46.440,1.50033,1.50039,1.00,1.00
2015.12.16 15:54:46.593,1.50031,1.50038,1.00,1.12
2015.12.16 15:54:47.108,1.50032,1.5004,2.25,1.00
2015.12.16 15:54:47.210,1.50034,1.50042,1.00,3.37
2015.12.16 15:54:47.515,1.50037,1.50044,1.00,1.12
2015.12.16 15:54:47.821,1.50039,1.50045,1.00,1.37
2015.12.16 15:54:48.357,1.5004,1.50047,1.00,2.25
2015.12.16 15:54:48.459,1.50043,1.50048,1.00,1.50
2015.12.16 15:54:48.766,1.5004,1.50048,1.00,1.87
2015.12.16 15:54:49.627,1.50039,1.50048,1.00,3.37
2015.12.16 15:54:49.678,1.50039,1.50048,1.00,3.07
2015.12.16 15:54:50.308,1.50038,1.50046,1.00,2.70
2015.12.16 15:54:50.820,1.50039,1.50046,1.00,1.57
2015.12.16 15:54:51.127,1.50041,1.50047,1.00,1.12
2015.12.16 15:54:53.040,1.5004,1.50046,1.00,1.37
2015.12.16 15:54:56.875,1.50041,1.50046,1.00,1.50
2015.12.16 15:55:02.194,1.50042,1.50047,1.20,1.00
2015.12.16 15:55:02.501,1.50044,1.5005,1.00,5.25
2015.12.16 15:55:03.524,1.50043,1.5005,1.00,4.50
2015.12.16 15:55:04.953,1.50046,1.5005,1.00,3.75
2015.12.16 15:55:05.005,1.50047,1.50051,1.00,1.00
2015.12.16 15:55:05.107,1.50046,1.50055,1.95,1.20
2015.12.16 15:55:05.260,1.50048,1.50055,1.00,1.00
2015.12.16 15:55:05.566,1.50045,1.50047,2.70,1.00
2015.12.16 15:55:05.871,1.50037,1.50041,3.37,2.25
2015.12.16 15:55:05.926,1.50032,1.50036,1.95,1.12
2015.12.16 15:55:06.029,1.50035,1.50039,1.00,2.25
2015.12.16 15:55:06.182,1.50036,1.50041,1.50,1.00
2015.12.16 15:55:06.234,1.50037,1.50044,1.50,1.00
2015.12.16 15:55:06.582,1.50039,1.50046,1.00,1.50
2015.12.16 15:55:07.234,1.50037,1.50044,1.87,1.00
2015.12.16 15:55:07.795,1.50038,1.50046,1.00,2.32
2015.12.16 15:55:08.317,1.50038,1.50045,1.00,2.25
2015.12.16 15:55:09.715,1.50038,1.50045,1.00,1.12
2015.12.16 15:55:10.122,1.50038,1.50044,1.00,1.50
2015.12.16 15:55:10.622,1.50035,1.50041,1.00,1.00
2015.12.16 15:55:10.828,1.50037,1.50042,1.00,1.37
2015.12.16 15:55:12.105,1.50037,1.50043,1.00,1.00
2015.12.16 15:55:12.411,1.50036,1.50043,1.00,1.12
2015.12.16 15:55:12.937,1.50037,1.50043,1.00,3.07
2015.12.16 15:55:14.308,1.50037,1.50042,1.00,1.00
2015.12.16 15:55:15.092,1.50037,1.50042,1.00,3.75
2015.12.16 15:55:16.301,1.50037,1.50041,1.00,3.82
2015.12.16 15:55:16.353,1.50034,1.50041,2.62,3.82
2015.12.16 15:55:16.405,1.50035,1.50042,1.50,3.75
2015.12.16 15:55:16.711,1.50037,1.50045,1.00,2.62
2015.12.16 15:55:17.427,1.50037,1.50044,1.00,1.37
2015.12.16 15:55:18.227,1.50035,1.50044,1.12,3.37
2015.12.16 15:55:18.736,1.50035,1.50041,1.00,1.50
2015.12.16 15:55:20.126,1.50035,1.5004,1.00,1.37
2015.12.16 15:55:20.177,1.50033,1.5004,1.20,1.37
2015.12.16 15:55:20.330,1.50031,1.50039,1.00,1.00
2015.12.16 15:55:20.682,1.5003,1.50037,1.87,1.00
2015.12.16 15:55:21.146,1.50034,1.50039,1.00,1.00
2015.12.16 15:55:21.452,1.50037,1.50042,1.00,1.00
2015.12.16 15:55:22.019,1.50037,1.50045,2.25,1.87
2015.12.16 15:55:22.729,1.50038,1.50043,1.00,1.00
2015.12.16 15:55:23.631,1.50037,1.50044,1.00,1.37
2015.12.16 15:55:24.138,1.50036,1.50044,1.95,1.37
2015.12.16 15:55:25.085,1.50035,1.50045,4.20,1.87
2015.12.16 15:55:26.038,1.50035,1.50043,2.25,1.37
2015.12.16 15:55:26.295,1.50036,1.50044,1.50,1.00
2015.12.16 15:55:26.806,1.50036,1.50044,1.87,1.50
2015.12.16 15:55:27.353,1.50036,1.50045,1.87,1.50
2015.12.16 15:55:27.558,1.50035,1.50044,2.25,1.37
2015.12.16 15:55:27.661,1.50033,1.50041,1.65,1.37
2015.12.16 15:55:27.865,1.50031,1.5004,3.07,1.00
2015.12.16 15:55:28.019,1.50031,1.5004,3.07,4.12
2015.12.16 15:55:28.545,1.50028,1.50038,3.82,1.87
2015.12.16 15:55:29.082,1.50028,1.50036,1.57,1.50
2015.12.16 15:55:31.759,1.50027,1.50035,1.47,1.37
2015.12.16 15:55:32.092,1.50024,1.50033,1.00,1.87
2015.12.16 15:55:34.865,1.50024,1.50028,1.12,1.00
2015.12.16 15:55:34.967,1.50022,1.50027,1.27,1.12
2015.12.16 15:55:35.273,1.50019,1.50027,1.50,1.87
2015.12.16 15:55:36.107,1.50019,1.50027,1.87,2.25
2015.12.16 15:55:36.612,1.50019,1.50027,1.12,1.50
2015.12.16 15:55:37.161,1.50019,1.50028,1.87,3.00
2015.12.16 15:55:37.364,1.50019,1.50024,1.00,1.00
2015.12.16 15:55:37.669,1.50017,1.50021,1.00,1.50
2015.12.16 15:55:37.720,1.50017,1.50023,1.00,1.00
2015.12.16 15:55:38.075,1.50018,1.50025,1.00,1.50
2015.12.16 15:55:38.479,1.50015,1.50022,1.00,1.00
2015.12.16 15:55:38.987,1.50013,1.50022,2.62,1.00
2015.12.16 15:55:39.465,1.50016,1.50024,1.50,1.07
2015.12.16 15:55:39.974,1.50017,1.50026,1.00,2.32
2015.12.16 15:55:40.805,1.50014,1.50024,1.50,2.77
2015.12.16 15:55:41.315,1.50014,1.50023,1.00,1.37
2015.12.16 15:55:41.967,1.50015,1.50023,1.00,1.37
2015.12.16 15:55:42.120,1.50013,1.50022,3.37,1.00
2015.12.16 15:55:42.680,1.50013,1.50019,1.12,1.00
2015.12.16 15:55:42.834,1.5001,1.50017,1.12,1.12
2015.12.16 15:55:42.885,1.50008,1.50017,1.50,1.12
2015.12.16 15:55:43.764,1.50008,1.50018,1.87,1.57
2015.12.16 15:55:43.869,1.50009,1.50018,4.12,1.47
2015.12.16 15:55:44.686,1.50009,1.50018,5.25,1.95
2015.12.16 15:55:45.698,1.5001,1.50018,1.12,1.57
2015.12.16 15:55:46.715,1.5001,1.50018,1.75,1.10
2015.12.16 15:55:47.732,1.50011,1.50017,1.00,1.00
2015.12.16 15:55:48.515,1.50011,1.50019,1.50,1.07
2015.12.16 15:55:48.668,1.50014,1.50021,1.00,1.10
2015.12.16 15:55:48.770,1.50013,1.50023,1.37,1.65
2015.12.16 15:55:48.822,1.50014,1.50023,1.87,1.27
2015.12.16 15:55:49.539,1.50012,1.50021,2.32,1.00
2015.12.16 15:55:49.745,1.50012,1.5002,1.37,1.12
2015.12.16 15:55:50.253,1.50012,1.5002,2.62,1.87
2015.12.16 15:55:50.772,1.50012,1.5002,2.62,1.50
2015.12.16 15:55:51.761,1.50012,1.50021,3.00,1.87
2015.12.16 15:55:51.814,1.50015,1.50021,1.37,1.12
2015.12.16 15:55:51.967,1.50015,1.50023,1.37,1.50
2015.12.16 15:55:52.462,1.50015,1.50021,1.37,1.00
2015.12.16 15:55:52.970,1.50014,1.50022,1.50,1.12
2015.12.16 15:55:53.988,1.50016,1.50024,1.12,4.50
2015.12.16 15:55:54.293,1.50016,1.50024,1.87,2.25
2015.12.16 15:55:54.940,1.50016,1.50026,2.62,1.50
2015.12.16 15:55:58.131,1.50018,1.50026,1.57,1.12
2015.12.16 15:55:58.640,1.50017,1.50025,1.82,1.00
2015.12.16 15:55:59.525,1.50016,1.50025,1.57,1.00
2015.12.16 15:56:00.196,1.50017,1.50024,1.12,1.00
2015.12.16 15:56:00.706,1.50016,1.50025,1.87,1.00
2015.12.16 15:56:01.430,1.50017,1.50024,1.57,1.50
2015.12.16 15:56:01.482,1.50019,1.50026,1.00,1.87
2015.12.16 15:56:02.245,1.50018,1.50026,1.57,1.50
2015.12.16 15:56:04.178,1.50016,1.50025,1.47,1.12
2015.12.16 15:56:04.433,1.50016,1.50026,1.37,1.12
2015.12.16 15:56:05.748,1.50016,1.50025,1.57,1.00
2015.12.16 15:56:06.003,1.50015,1.50023,1.37,1.12
2015.12.16 15:56:06.613,1.50013,1.50023,2.62,1.87
2015.12.16 15:56:07.126,1.50013,1.50023,2.62,1.87
2015.12.16 15:56:08.165,1.50015,1.50023,1.37,1.50
2015.12.16 15:56:08.369,1.50014,1.50025,1.57,3.75
2015.12.16 15:56:09.028,1.50014,1.50023,1.12,1.00
2015.12.16 15:56:09.744,1.50015,1.50024,1.47,2.62
2015.12.16 15:56:09.846,1.50016,1.50025,3.75,1.12
2015.12.16 15:56:10.050,1.50017,1.50027,1.20,1.50
2015.12.16 15:56:10.867,1.50017,1.50027,1.12,1.50
2015.12.16 15:56:11.274,1.50018,1.50028,1.75,2.62
2015.12.16 15:56:12.040,1.50018,1.50028,1.45,2.62
2015.12.16 15:56:13.470,1.50018,1.50028,1.95,1.50
2015.12.16 15:56:14.133,1.50021,1.50027,1.37,1.00
2015.12.16 15:56:14.431,1.50029,1.50036,1.10,1.00
2015.12.16 15:56:17.114,1.50026,1.50034,1.47,4.12
2015.12.16 15:56:17.165,1.50026,1.5003,1.10,1.00
2015.12.16 15:56:17.216,1.50021,1.50027,1.87,2.25
2015.12.16 15:56:17.319,1.50018,1.50023,1.07,1.00
2015.12.16 15:56:17.523,1.50015,1.50023,1.87,1.00
2015.12.16 15:56:17.726,1.50015,1.50021,1.07,1.37
2015.12.16 15:56:17.828,1.50011,1.5002,1.12,2.62
2015.12.16 15:56:18.028,1.5001,1.50017,1.50,1.00
2015.12.16 15:56:18.131,1.50009,1.50017,2.25,1.00
2015.12.16 15:56:18.437,1.50012,1.50018,1.47,1.00
2015.12.16 15:56:18.944,1.50011,1.50018,1.07,1.00
2015.12.16 15:56:19.587,1.50011,1.50019,1.95,1.12
2015.12.16 15:56:19.943,1.50011,1.50016,1.82,1.00
2015.12.16 15:56:21.277,1.50011,1.50013,1.45,1.00
2015.12.16 15:56:21.431,1.50006,1.50009,1.12,1.30
2015.12.16 15:56:21.533,1.49993,1.5,4.12,1.12
2015.12.16 15:56:21.841,1.49996,1.5,1.37,1.00
2015.12.16 15:56:21.943,1.49993,1.49999,1.00,1.50
2015.12.16 15:56:22.541,1.4999,1.49998,2.32,2.25
2015.12.16 15:56:22.596,1.4999,1.49998,1.10,3.75
2015.12.16 15:56:23.143,1.4999,1.49998,1.20,3.00
2015.12.16 15:56:25.122,1.4999,1.49997,1.45,1.00
2015.12.16 15:56:25.225,1.4999,1.49994,1.95,1.00
2015.12.16 15:56:25.535,1.49989,1.49993,1.65,1.00
2015.12.16 15:56:25.638,1.49989,1.49996,2.25,2.25
2015.12.16 15:56:25.689,1.49989,1.49998,2.25,6.75
2015.12.16 15:56:25.943,1.49989,1.49998,1.82,3.00
2015.12.16 15:56:26.450,1.4999,1.49999,1.27,3.37
2015.12.16 15:56:27.464,1.49991,1.50001,1.12,4.87
2015.12.16 15:56:27.515,1.49992,1.50001,1.12,4.50
2015.12.16 15:56:28.079,1.49993,1.5,1.95,1.50
2015.12.16 15:56:28.334,1.49992,1.49998,1.12,1.50
2015.12.16 15:56:28.591,1.49992,1.49998,1.12,2.25
2015.12.16 15:56:28.744,1.49995,1.49998,1.12,1.00
2015.12.16 15:56:29.090,1.49994,1.50003,3.82,2.62
2015.12.16 15:56:29.960,1.49994,1.50003,2.32,2.25
2015.12.16 15:56:30.461,1.49996,1.50004,1.20,3.00
2015.12.16 15:56:31.191,1.49996,1.50003,1.12,1.00
2015.12.16 15:56:31.736,1.49996,1.50005,2.25,1.87
2015.12.16 15:56:32.244,1.49997,1.50006,1.95,1.37
2015.12.16 15:56:32.641,1.49997,1.50005,1.57,2.62
2015.12.16 15:56:32.693,1.49995,1.50001,1.12,1.00
2015.12.16 15:56:33.201,1.49994,1.50001,1.50,1.87
2015.12.16 15:56:34.188,1.49994,1.50001,1.00,1.12
2015.12.16 15:56:34.702,1.49993,1.49996,1.10,1.00
2015.12.16 15:56:34.906,1.49987,1.49995,1.07,2.25
2015.12.16 15:56:35.457,1.49987,1.49995,1.07,1.50
2015.12.16 15:56:35.969,1.49987,1.49996,3.00,1.12
2015.12.16 15:56:36.513,1.49988,1.49996,2.02,1.00
2015.12.16 15:56:37.245,1.49989,1.49997,1.12,1.50
2015.12.16 15:56:37.843,1.4999,1.49997,1.00,1.50
2015.12.16 15:56:37.895,1.49992,1.49997,1.00,1.00
2015.12.16 15:56:38.149,1.49989,1.49997,2.25,1.00
2015.12.16 15:56:38.656,1.4999,1.49997,1.00,1.12
2015.12.16 15:56:39.205,1.49988,1.49997,1.47,1.87
2015.12.16 15:56:39.358,1.49988,1.49996,1.37,1.00
2015.12.16 15:56:39.912,1.49986,1.49996,1.57,2.25
2015.12.16 15:56:40.420,1.49987,1.49997,1.50,1.87
2015.12.16 15:56:40.573,1.49987,1.49992,1.87,1.00
2015.12.16 15:56:40.777,1.49983,1.49991,3.75,2.62
2015.12.16 15:56:40.828,1.49981,1.49986,4.20,1.00
2015.12.16 15:56:41.342,1.49981,1.49984,1.45,1.12
2015.12.16 15:56:41.393,1.49984,1.49991,1.00,3.37
2015.12.16 15:56:41.445,1.49985,1.49994,1.47,1.87
2015.12.16 15:56:42.465,1.49985,1.49995,2.02,2.62
2015.12.16 15:56:43.026,1.49985,1.49992,3.07,1.00
2015.12.16 15:56:43.332,1.49981,1.49991,3.82,1.50
2015.12.16 15:56:43.603,1.49984,1.49992,1.12,1.00
2015.12.16 15:56:43.655,1.49984,1.49994,1.57,2.40
2015.12.16 15:56:44.515,1.49984,1.4999,1.57,1.00
2015.12.16 15:56:44.719,1.49983,1.49993,3.07,1.00
2015.12.16 15:56:45.233,1.49985,1.49996,1.87,2.70
2015.12.16 15:56:45.741,1.49985,1.49997,6.37,5.62
2015.12.16 15:56:46.255,1.49987,1.49997,1.47,4.50
2015.12.16 15:56:47.428,1.49987,1.49997,1.95,4.50
2015.12.16 15:56:47.935,1.49987,1.49997,1.47,3.00
2015.12.16 15:56:48.240,1.49987,1.4999,1.20,1.37
2015.12.16 15:56:48.749,1.4998,1.49988,1.95,1.00
2015.12.16 15:56:49.257,1.49981,1.49988,1.37,1.50
2015.12.16 15:56:49.853,1.4998,1.49988,1.20,1.00
2015.12.16 15:56:50.375,1.4998,1.49988,1.95,1.50
2015.12.16 15:56:50.680,1.49982,1.4999,1.20,1.37
2015.12.16 15:56:50.833,1.49982,1.49988,1.07,1.37
2015.12.16 15:56:51.335,1.49981,1.49989,1.45,1.50
2015.12.16 15:56:51.885,1.49981,1.49988,1.10,1.00
2015.12.16 15:56:52.432,1.49981,1.49989,2.32,1.50
2015.12.16 15:56:53.192,1.49983,1.4999,1.10,1.37
2015.12.16 15:56:53.723,1.49983,1.49989,1.12,1.37
2015.12.16 15:56:54.231,1.49983,1.4999,1.50,1.37
2015.12.16 15:56:55.755,1.49983,1.4999,1.57,1.37
2015.12.16 15:56:56.841,1.49984,1.49988,1.00,1.37
2015.12.16 15:56:57.307,1.49982,1.49988,1.00,1.37
2015.12.16 15:56:57.823,1.4998,1.49987,2.62,1.37
2015.12.16 15:56:57.926,1.4998,1.49988,1.37,1.12
2015.12.16 15:56:58.450,1.49981,1.4999,1.37,1.37
2015.12.16 15:56:58.976,1.49982,1.49989,1.00,2.25
2015.12.16 15:56:59.512,1.49982,1.49989,1.37,1.00
2015.12.16 15:56:59.836,1.49982,1.49987,1.37,1.00
2015.12.16 15:57:00.345,1.49979,1.49987,3.45,1.00
2015.12.16 15:57:00.598,1.49983,1.49989,1.00,1.00
2015.12.16 15:57:01.143,1.49983,1.49991,1.37,2.25
2015.12.16 15:57:01.652,1.49985,1.49992,1.00,2.25
2015.12.16 15:57:01.704,1.49985,1.49992,1.12,2.25
2015.12.16 15:57:02.331,1.49985,1.49992,1.50,2.17
2015.12.16 15:57:03.362,1.49985,1.49992,1.57,1.50
2015.12.16 15:57:05.177,1.49985,1.49992,1.50,3.00
2015.12.16 15:57:05.756,1.49989,1.49995,1.50,1.10
2015.12.16 15:57:05.858,1.49996,1.50001,1.00,1.00
2015.12.16 15:57:06.319,1.49994,1.50002,3.15,1.00
2015.12.16 15:57:06.866,1.49994,1.50002,1.12,2.62
2015.12.16 15:57:06.917,1.49992,1.49999,1.00,2.25
2015.12.16 15:57:07.323,1.49992,1.50001,1.87,1.12
2015.12.16 15:57:08.045,1.49995,1.50002,1.37,1.50
2015.12.16 15:57:08.097,1.49996,1.50005,1.50,3.75
2015.12.16 15:57:09.812,1.49994,1.50003,1.87,1.50
2015.12.16 15:57:12.361,1.49996,1.50004,1.00,2.62
2015.12.16 15:57:12.669,1.49997,1.50006,1.12,1.50
2015.12.16 15:57:12.823,1.49999,1.50006,1.00,1.12
2015.12.16 15:57:13.186,1.49999,1.50008,1.87,1.50
2015.12.16 15:57:13.817,1.50001,1.50008,1.12,1.12
2015.12.16 15:57:14.325,1.50002,1.5001,1.00,2.62
2015.12.16 15:57:14.576,1.50005,1.50012,1.12,1.47
2015.12.16 15:57:15.847,1.50005,1.50012,1.12,1.00
2015.12.16 15:57:16.152,1.50003,1.50011,1.87,1.37
2015.12.16 15:57:16.659,1.50002,1.50009,1.37,1.12
2015.12.16 15:57:16.761,1.50001,1.50008,1.87,1.12
2015.12.16 15:57:17.279,1.50001,1.50009,1.50,1.87
2015.12.16 15:57:17.786,1.50001,1.50009,2.25,2.25
2015.12.16 15:57:20.488,1.50005,1.50009,1.00,1.00
2015.12.16 15:57:21.398,1.50004,1.50006,1.00,1.00
2015.12.16 15:57:21.451,1.5,1.50004,3.37,1.00
2015.12.16 15:57:21.502,1.5,1.50003,4.00,2.62
2015.12.16 15:57:21.604,1.49994,1.50002,4.50,1.50
2015.12.16 15:57:21.655,1.49996,1.50001,1.00,3.37
2015.12.16 15:57:22.030,1.49993,1.5,1.65,1.50
2015.12.16 15:57:22.184,1.49992,1.49998,3.52,2.25
2015.12.16 15:57:22.693,1.49992,1.5,2.25,2.62
2015.12.16 15:57:23.200,1.49993,1.5,1.00,1.50
2015.12.16 15:57:23.708,1.49993,1.5,1.00,1.87
2015.12.16 15:57:24.618,1.49992,1.49999,2.25,1.12
2015.12.16 15:57:25.126,1.49993,1.49998,1.00,1.00
2015.12.16 15:57:25.765,1.49994,1.49998,1.00,1.00
2015.12.16 15:57:26.222,1.49992,1.49998,1.50,1.00
2015.12.16 15:57:26.683,1.49994,1.49998,1.00,1.00
2015.12.16 15:57:27.186,1.49993,1.49998,1.00,1.00
2015.12.16 15:57:28.117,1.49994,1.49998,1.00,1.00
2015.12.16 15:57:28.220,1.49992,1.49998,1.50,1.00
2015.12.16 15:57:28.424,1.49994,1.49998,1.00,1.00
2015.12.16 15:57:29.101,1.49992,1.49998,1.50,1.00
2015.12.16 15:57:29.630,1.49992,1.49997,1.50,1.00
2015.12.16 15:57:30.137,1.49992,1.49998,1.12,1.50
2015.12.16 15:57:30.290,1.49992,1.49996,3.75,1.00
2015.12.16 15:57:30.709,1.49993,1.49999,1.00,1.12
2015.12.16 15:57:30.811,1.49992,1.49997,1.00,1.00
2015.12.16 15:57:31.321,1.49991,1.49997,1.00,2.25
2015.12.16 15:57:31.869,1.49991,1.49996,1.00,1.12
2015.12.16 15:57:32.378,1.49989,1.49996,1.87,1.00
2015.12.16 15:57:32.906,1.4999,1.49997,1.20,1.00
2015.12.16 15:57:33.585,1.4999,1.49997,1.20,1.50
2015.12.16 15:57:35.174,1.49989,1.49995,1.37,3.97
2015.12.16 15:57:35.378,1.49984,1.49991,1.95,1.20
2015.12.16 15:57:35.430,1.49983,1.49991,2.40,2.40
2015.12.16 15:57:35.971,1.49982,1.49989,1.12,2.77
2015.12.16 15:57:36.736,1.49983,1.49989,1.00,1.80
2015.12.16 15:57:36.889,1.49983,1.49989,1.00,1.65
2015.12.16 15:57:37.143,1.49985,1.4999,1.12,1.65
2015.12.16 15:57:37.440,1.49986,1.49995,1.65,4.65
2015.12.16 15:57:38.251,1.49986,1.49995,1.50,5.40
2015.12.16 15:57:38.903,1.49985,1.49992,1.50,1.52
2015.12.16 15:57:39.209,1.49984,1.49991,1.00,1.57
2015.12.16 15:57:39.888,1.49986,1.4999,1.00,1.00
2015.12.16 15:57:40.045,1.49987,1.49994,1.00,1.52
2015.12.16 15:57:40.097,1.49986,1.49992,1.87,1.52
2015.12.16 15:57:40.403,1.49986,1.49992,1.10,2.70
2015.12.16 15:57:40.908,1.49994,1.49998,1.00,1.12
2015.12.16 15:57:40.960,1.49995,1.49999,1.00,3.75
2015.12.16 15:57:41.062,1.49993,1.49999,1.20,1.87
2015.12.16 15:57:41.572,1.49993,1.49999,1.00,1.00
2015.12.16 15:57:42.203,1.49992,1.49999,1.12,1.20
2015.12.16 15:57:42.909,1.49992,1.49999,2.32,1.87
2015.12.16 15:57:43.410,1.49992,1.49999,2.32,1.12
2015.12.16 15:57:43.512,1.49994,1.49999,1.00,1.12
2015.12.16 15:57:43.817,1.49996,1.50002,1.10,1.95
2015.12.16 15:57:44.380,1.49995,1.5,1.50,1.50
2015.12.16 15:57:45.143,1.49996,1.50002,1.00,2.25
2015.12.16 15:57:45.494,1.5,1.50003,1.57,1.00
2015.12.16 15:57:46.003,1.50003,1.50007,2.25,1.50
2015.12.16 15:57:46.105,1.50004,1.50009,1.00,1.57
2015.12.16 15:57:46.602,1.50005,1.50009,3.75,1.00
2015.12.16 15:57:46.655,1.50006,1.50014,1.07,4.95
2015.12.16 15:57:46.808,1.50006,1.50014,1.87,4.95
2015.12.16 15:57:46.964,1.50006,1.50011,1.00,1.37
2015.12.16 15:57:47.219,1.5001,1.50015,3.00,1.20
2015.12.16 15:57:47.622,1.50012,1.50017,1.00,1.95
2015.12.16 15:57:48.232,1.50012,1.50015,1.00,1.00
2015.12.16 15:57:48.562,1.50017,1.50019,3.07,3.37
2015.12.16 15:57:48.614,1.50018,1.50027,1.20,1.57
2015.12.16 15:57:48.768,1.5002,1.50027,1.00,1.10
2015.12.16 15:57:48.972,1.50018,1.50026,1.20,1.10
2015.12.16 15:57:49.778,1.50016,1.50027,4.27,3.45
2015.12.16 15:57:50.135,1.50017,1.50025,1.00,4.12
2015.12.16 15:57:50.439,1.5002,1.50025,1.00,4.12
2015.12.16 15:57:51.251,1.5002,1.50025,1.00,1.37
2015.12.16 15:57:51.556,1.50022,1.50025,1.00,1.37
2015.12.16 15:57:52.130,1.50023,1.50026,1.00,1.00
2015.12.16 15:57:52.436,1.50023,1.50029,1.00,1.50
2015.12.16 15:57:52.488,1.50028,1.50031,1.00,6.00
2015.12.16 15:57:52.641,1.50029,1.50034,1.50,1.00
2015.12.16 15:57:52.948,1.50026,1.50033,1.50,1.00
2015.12.16 15:57:53.419,1.50024,1.50032,1.50,1.12
2015.12.16 15:57:53.523,1.50024,1.5003,1.00,3.75
2015.12.16 15:57:53.834,1.50027,1.50033,1.00,1.50
2015.12.16 15:57:54.299,1.50022,1.50026,1.00,1.95
2015.12.16 15:57:54.350,1.50018,1.50022,1.37,1.00
2015.12.16 15:57:54.401,1.50018,1.5002,1.37,2.25
2015.12.16 15:57:54.453,1.50012,1.5002,1.12,2.62
2015.12.16 15:57:54.504,1.50012,1.50017,1.12,1.37
2015.12.16 15:57:54.657,1.5001,1.50017,1.50,1.37
2015.12.16 15:57:54.810,1.5001,1.50017,1.12,2.25
2015.12.16 15:57:55.277,1.50013,1.50017,1.07,1.37
2015.12.16 15:57:55.328,1.50014,1.50018,1.10,1.00
2015.12.16 15:57:55.838,1.50014,1.50022,1.00,1.37
2015.12.16 15:57:56.456,1.50019,1.50023,1.00,2.62
2015.12.16 15:57:56.559,1.50019,1.50025,1.00,1.50
2015.12.16 15:57:56.727,1.50015,1.50023,1.00,1.57
2015.12.16 15:57:57.237,1.50013,1.50023,2.25,5.62
2015.12.16 15:57:57.786,1.50015,1.50022,1.12,1.45
2015.12.16 15:57:58.447,1.50017,1.50022,1.00,1.45
2015.12.16 15:57:58.760,1.50019,1.50026,1.00,1.57
2015.12.16 15:57:59.015,1.50017,1.50025,1.87,1.57
2015.12.16 15:57:59.117,1.50017,1.50025,1.12,1.75
2015.12.16 15:57:59.627,1.50019,1.50024,1.00,1.45
2015.12.16 15:58:00.175,1.50017,1.50025,1.37,1.95
2015.12.16 15:58:01.355,1.50017,1.50025,1.37,1.12
2015.12.16 15:58:01.915,1.50016,1.50025,5.62,1.47
2015.12.16 15:58:02.416,1.50019,1.50025,1.00,1.10
2015.12.16 15:58:03.179,1.50018,1.50025,1.50,1.00
2015.12.16 15:58:03.230,1.5002,1.50027,1.00,6.37
2015.12.16 15:58:03.740,1.50019,1.50027,1.00,2.62
2015.12.16 15:58:04.345,1.5002,1.50027,1.00,1.87
2015.12.16 15:58:05.776,1.50021,1.50027,1.00,1.10
2015.12.16 15:58:06.172,1.50019,1.50026,3.00,1.45
2015.12.16 15:58:06.477,1.50022,1.50027,1.00,1.12
2015.12.16 15:58:06.885,1.50021,1.50028,1.50,2.62
2015.12.16 15:58:06.936,1.50022,1.50027,1.00,1.47
2015.12.16 15:58:07.918,1.50022,1.50027,1.00,1.87
2015.12.16 15:58:08.020,1.5002,1.50026,1.87,1.12
2015.12.16 15:58:08.520,1.50022,1.50026,1.00,1.12
2015.12.16 15:58:09.033,1.50021,1.50026,1.00,1.07
2015.12.16 15:58:10.609,1.5002,1.50027,2.62,1.57
2015.12.16 15:58:11.065,1.50022,1.50027,1.00,1.57
2015.12.16 15:58:11.167,1.5002,1.50027,2.62,1.12
2015.12.16 15:58:11.852,1.50022,1.50026,1.00,1.07
2015.12.16 15:58:12.396,1.50021,1.50026,1.50,1.07
2015.12.16 15:58:12.955,1.5002,1.50025,1.00,1.10
2015.12.16 15:58:13.644,1.50019,1.50025,1.00,1.10
2015.12.16 15:58:13.949,1.50021,1.50028,1.00,1.45
2015.12.16 15:58:14.457,1.50022,1.50027,1.00,1.85
2015.12.16 15:58:14.967,1.5002,1.50026,1.50,1.50
2015.12.16 15:58:15.478,1.50021,1.50027,1.10,1.47
2015.12.16 15:58:16.047,1.50022,1.50025,1.00,1.10
2015.12.16 15:58:16.151,1.50019,1.50025,1.00,1.95
2015.12.16 15:58:16.660,1.50018,1.50023,1.00,1.12
2015.12.16 15:58:17.215,1.50017,1.50022,1.00,1.12
2015.12.16 15:58:17.368,1.50016,1.5002,1.12,1.00
2015.12.16 15:58:17.573,1.50012,1.50019,1.27,1.50
2015.12.16 15:58:17.675,1.50008,1.50018,2.70,1.95
2015.12.16 15:58:18.526,1.50008,1.50014,1.00,2.62
2015.12.16 15:58:19.083,1.50009,1.50013,1.00,1.45
2015.12.16 15:58:19.526,1.5001,1.50012,1.00,1.10
2015.12.16 15:58:19.679,1.50007,1.50013,1.00,1.12
2015.12.16 15:58:20.293,1.50006,1.50011,1.00,1.10
2015.12.16 15:58:20.643,1.50006,1.50011,1.00,2.32
2015.12.16 15:58:20.744,1.50004,1.5001,1.00,3.00
2015.12.16 15:58:21.100,1.50002,1.50009,1.00,1.57
2015.12.16 15:58:21.151,1.50002,1.50007,1.00,1.87
2015.12.16 15:58:21.553,1.49998,1.50004,1.87,3.75
2015.12.16 15:58:21.605,1.49996,1.50002,2.25,1.12
2015.12.16 15:58:22.062,1.49998,1.50002,1.00,1.12
2015.12.16 15:58:23.296,1.49999,1.50002,1.00,1.12
2015.12.16 15:58:23.450,1.49999,1.50004,1.00,1.87
2015.12.16 15:58:24.054,1.5,1.50006,1.00,1.12
2015.12.16 15:58:24.716,1.50002,1.50007,1.00,1.95
2015.12.16 15:58:24.818,1.50001,1.50007,1.50,1.65
2015.12.16 15:58:25.149,1.50005,1.5001,1.00,1.00
2015.12.16 15:58:26.254,1.50005,1.50013,1.50,3.07
2015.12.16 15:58:26.458,1.50008,1.50013,1.00,3.07
2015.12.16 15:58:26.712,1.50004,1.5001,1.87,1.37
2015.12.16 15:58:27.513,1.50005,1.5001,1.00,1.37
2015.12.16 15:58:28.023,1.50003,1.5001,1.00,1.57
2015.12.16 15:58:28.125,1.50001,1.50004,1.50,1.00
2015.12.16 15:58:28.227,1.49999,1.50007,3.45,1.12
2015.12.16 15:58:28.279,1.49998,1.50006,2.02,1.37
2015.12.16 15:58:28.780,1.49998,1.50005,1.57,1.87
2015.12.16 15:58:29.550,1.49999,1.50005,1.00,1.95
2015.12.16 15:58:30.163,1.49999,1.50001,1.00,4.87
2015.12.16 15:58:30.673,1.49997,1.5,1.00,5.62
2015.12.16 15:58:30.776,1.49994,1.49997,1.12,1.37
2015.12.16 15:58:30.878,1.49991,1.49997,6.07,1.37
2015.12.16 15:58:30.980,1.49993,1.49996,1.00,1.37
2015.12.16 15:58:31.304,1.4999,1.49997,1.57,1.47
2015.12.16 15:58:31.815,1.49992,1.49997,1.00,1.45
2015.12.16 15:58:32.171,1.49994,1.49997,1.00,5.32
2015.12.16 15:58:32.501,1.49997,1.49998,1.00,4.87
2015.12.16 15:58:32.758,1.49995,1.49997,1.50,4.87
2015.12.16 15:58:33.897,1.49995,1.49999,1.00,4.87
2015.12.16 15:58:34.408,1.49994,1.49999,1.50,5.25
2015.12.16 15:58:34.680,1.49994,1.49999,1.50,1.50
2015.12.16 15:58:35.189,1.49992,1.49999,1.12,1.50
2015.12.16 15:58:36.009,1.49992,1.49999,1.50,1.00
2015.12.16 15:58:36.263,1.49993,1.49999,1.00,1.50
2015.12.16 15:58:36.568,1.49992,1.49995,1.00,4.50
2015.12.16 15:58:37.216,1.49991,1.49993,1.50,4.50
2015.12.16 15:58:37.725,1.49992,1.49994,1.00,4.50
2015.12.16 15:58:38.385,1.4999,1.49993,1.87,4.87
2015.12.16 15:58:38.998,1.4999,1.49992,1.12,4.87
2015.12.16 15:58:39.442,1.4999,1.49992,1.87,4.87
2015.12.16 15:58:39.696,1.49989,1.49991,1.00,4.87
2015.12.16 15:58:39.951,1.49988,1.49995,1.87,5.32
2015.12.16 15:58:40.480,1.49988,1.49995,1.50,4.95
2015.12.16 15:58:41.030,1.4999,1.49995,1.00,4.95
2015.12.16 15:58:41.133,1.49987,1.49994,1.95,2.62
2015.12.16 15:58:41.235,1.49986,1.49992,1.00,1.20
2015.12.16 15:58:41.754,1.49987,1.49992,1.00,1.07
2015.12.16 15:58:41.856,1.49989,1.49993,1.00,4.95
2015.12.16 15:58:42.161,1.49991,1.49993,1.00,4.87
2015.12.16 15:58:42.670,1.49992,1.49995,1.50,4.87
2015.12.16 15:58:43.221,1.49993,1.49995,1.00,4.87
2015.12.16 15:58:43.779,1.49994,1.49996,1.00,4.87
2015.12.16 15:58:44.350,1.49992,1.5,1.12,1.95
2015.12.16 15:58:45.691,1.49993,1.49999,1.00,1.47
2015.12.16 15:58:46.200,1.49993,1.49999,1.00,1.95
2015.12.16 15:58:46.459,1.49994,1.49996,1.00,4.87
2015.12.16 15:58:46.718,1.49992,1.49994,2.25,4.87
2015.12.16 15:58:47.960,1.49994,1.49996,1.00,4.87
2015.12.16 15:58:48.014,1.49994,1.49997,1.00,1.00
2015.12.16 15:58:48.269,1.49992,1.49998,1.00,5.25
2015.12.16 15:58:48.691,1.4999,1.49998,1.00,1.57
2015.12.16 15:58:49.047,1.49992,1.49998,1.00,1.87
2015.12.16 15:58:49.542,1.49994,1.49997,1.00,1.85
2015.12.16 15:58:49.595,1.49991,1.49998,1.00,2.25
2015.12.16 15:58:50.103,1.49992,1.49997,1.00,1.12
2015.12.16 15:58:50.836,1.49991,1.49998,1.50,2.62
2015.12.16 15:58:51.295,1.49992,1.49993,1.00,4.87
2015.12.16 15:58:51.893,1.49992,1.49993,1.50,4.87
2015.12.16 15:58:52.097,1.49992,1.49993,1.00,4.87
2015.12.16 15:58:52.405,1.49991,1.49993,1.00,4.87
2015.12.16 15:58:52.457,1.49989,1.49992,1.00,4.87
2015.12.16 15:58:52.508,1.49991,1.49992,1.00,1.12
2015.12.16 15:58:52.661,1.49992,1.49995,1.00,5.62
2015.12.16 15:58:52.763,1.49993,1.49995,2.25,4.95
2015.12.16 15:58:53.165,1.49996,1.49997,1.00,4.95
2015.12.16 15:58:53.737,1.49997,1.49999,1.00,4.87
2015.12.16 15:58:54.280,1.49998,1.49999,1.00,4.87
2015.12.16 15:58:54.331,1.49996,1.49998,1.50,4.87
2015.12.16 15:58:54.839,1.49995,1.49997,1.50,4.87
2015.12.16 15:58:55.484,1.49996,1.49998,1.00,4.87
2015.12.16 15:58:56.959,1.49998,1.49999,1.00,4.87
2015.12.16 15:58:57.011,1.49998,1.49999,1.00,4.87
2015.12.16 15:58:57.163,1.49999,1.50001,1.00,5.25
2015.12.16 15:58:57.791,1.50005,1.50006,1.00,3.75
2015.12.16 15:58:57.842,1.50003,1.50006,1.95,4.87
2015.12.16 15:58:57.894,1.50003,1.50011,1.95,1.20
2015.12.16 15:58:57.946,1.50003,1.5001,1.10,3.82
2015.12.16 15:58:58.353,1.50005,1.50008,1.00,1.00
2015.12.16 15:58:58.922,1.50004,1.50009,1.00,1.12
2015.12.16 15:58:59.686,1.50002,1.50009,1.00,1.10
2015.12.16 15:58:59.738,1.50002,1.50004,1.00,4.87
2015.12.16 15:59:00.252,1.50001,1.50004,1.00,4.87
2015.12.16 15:59:00.609,1.49998,1.50004,1.12,4.87
2015.12.16 15:59:01.417,1.5,1.50004,1.00,4.87
2015.12.16 15:59:01.926,1.49998,1.50004,3.75,4.87
2015.12.16 15:59:02.644,1.50002,1.50004,1.00,4.87
2015.12.16 15:59:02.949,1.50003,1.50009,1.00,5.62
2015.12.16 15:59:03.489,1.50004,1.50009,1.00,5.70
2015.12.16 15:59:04.049,1.50003,1.50009,1.12,5.70
2015.12.16 15:59:04.151,1.50001,1.50004,1.00,4.87
2015.12.16 15:59:04.723,1.49999,1.50004,1.87,4.87
2015.12.16 15:59:05.187,1.49998,1.50004,1.87,4.87
2015.12.16 15:59:05.341,1.49997,1.50004,1.50,5.25
2015.12.16 15:59:06.094,1.50001,1.50004,1.00,5.32
2015.12.16 15:59:06.403,1.49999,1.50002,1.00,4.87
2015.12.16 15:59:07.186,1.49999,1.50002,1.12,4.87
2015.12.16 15:59:07.444,1.49997,1.50001,1.87,4.87
2015.12.16 15:59:08.466,1.49997,1.50002,1.12,1.10
2015.12.16 15:59:08.568,1.49995,1.50001,1.87,1.37
2015.12.16 15:59:09.096,1.49995,1.50001,1.00,1.20
2015.12.16 15:59:09.610,1.49995,1.50001,1.12,1.65
2015.12.16 15:59:10.117,1.49995,1.50002,1.12,1.15
2015.12.16 15:59:10.572,1.49994,1.50001,1.00,1.95
2015.12.16 15:59:10.876,1.49995,1.5,1.00,1.87
2015.12.16 15:59:11.514,1.49995,1.49996,1.00,4.87
2015.12.16 15:59:11.990,1.50001,1.50003,1.00,1.00
2015.12.16 15:59:12.093,1.50003,1.50006,1.00,4.95
2015.12.16 15:59:12.144,1.50002,1.50006,1.00,5.62
2015.12.16 15:59:12.398,1.5,1.50008,1.87,2.25
2015.12.16 15:59:12.805,1.50003,1.50009,1.00,1.87
2015.12.16 15:59:13.095,1.50003,1.50009,1.00,1.95
2015.12.16 15:59:13.218,1.5,1.50008,1.95,1.00
2015.12.16 15:59:13.270,1.5,1.50007,1.10,3.75
2015.12.16 15:59:13.626,1.5,1.50002,1.10,4.87
2015.12.16 15:59:14.230,1.50005,1.50007,1.00,5.25
2015.12.16 15:59:14.386,1.50006,1.50007,1.00,4.87
2015.12.16 15:59:14.488,1.50008,1.50009,1.00,6.37
2015.12.16 15:59:14.953,1.50006,1.50009,1.50,4.87
2015.12.16 15:59:15.448,1.50007,1.50013,1.00,1.87
2015.12.16 15:59:16.209,1.50007,1.50013,1.00,1.87
2015.12.16 15:59:16.716,1.50007,1.50012,1.00,1.87
2015.12.16 15:59:17.223,1.50007,1.50012,5.62,1.12
2015.12.16 15:59:17.876,1.50007,1.50012,5.62,1.37
2015.12.16 15:59:18.384,1.50008,1.50012,1.00,1.37
2015.12.16 15:59:18.844,1.50008,1.50013,1.50,1.50
2015.12.16 15:59:19.316,1.50016,1.50023,1.00,5.62
2015.12.16 15:59:19.826,1.50015,1.50021,1.50,1.50
2015.12.16 15:59:20.471,1.50015,1.5002,1.50,1.37
2015.12.16 15:59:20.977,1.50017,1.50021,1.00,1.50
2015.12.16 15:59:21.130,1.50016,1.50022,1.50,1.00
2015.12.16 15:59:21.334,1.50015,1.50022,2.62,2.62
2015.12.16 15:59:21.843,1.50015,1.50021,1.00,1.87
2015.12.16 15:59:22.377,1.50016,1.50022,1.50,4.50
2015.12.16 15:59:23.402,1.50015,1.50022,1.50,4.50
2015.12.16 15:59:23.707,1.50017,1.5002,1.00,1.00
2015.12.16 15:59:24.359,1.50015,1.50022,1.50,4.50
2015.12.16 15:59:24.461,1.50018,1.50022,1.00,4.50
2015.12.16 15:59:24.614,1.50016,1.50022,1.00,4.50
2015.12.16 15:59:26.248,1.50016,1.50021,1.00,1.85
2015.12.16 15:59:26.928,1.50016,1.50021,1.00,1.47
2015.12.16 15:59:27.640,1.50016,1.50021,1.00,1.95
2015.12.16 15:59:27.895,1.50012,1.5002,1.87,1.57
2015.12.16 15:59:28.253,1.50011,1.50017,4.87,1.17
2015.12.16 15:59:28.763,1.50011,1.50017,4.87,1.57
2015.12.16 15:59:29.527,1.50012,1.50017,1.12,1.57
2015.12.16 15:59:29.681,1.50014,1.50019,4.87,2.32
2015.12.16 15:59:30.005,1.50014,1.5002,4.87,1.65
2015.12.16 15:59:30.540,1.50015,1.5002,1.00,1.00
2015.12.16 15:59:31.048,1.50016,1.5002,1.00,1.00
2015.12.16 15:59:31.251,1.50018,1.50022,1.00,1.50
2015.12.16 15:59:31.494,1.50017,1.50022,1.07,1.00
2015.12.16 15:59:31.545,1.50024,1.50027,4.87,2.77
2015.12.16 15:59:31.650,1.50025,1.50029,1.00,1.37
2015.12.16 15:59:32.160,1.50025,1.50031,1.12,1.87
2015.12.16 15:59:32.211,1.50026,1.50031,1.00,1.50
2015.12.16 15:59:32.537,1.50028,1.50033,1.00,4.87
2015.12.16 15:59:32.590,1.50027,1.50033,6.82,1.12
2015.12.16 15:59:33.251,1.50028,1.50033,1.50,1.37
2015.12.16 15:59:33.986,1.50028,1.50034,1.50,1.37
2015.12.16 15:59:34.037,1.50031,1.50034,1.00,1.37
2015.12.16 15:59:34.343,1.50039,1.50043,1.50,3.90
2015.12.16 15:59:34.648,1.50041,1.50045,1.00,4.20
2015.12.16 15:59:35.156,1.5004,1.50045,6.00,1.47
2015.12.16 15:59:37.212,1.50039,1.50045,5.25,1.12
2015.12.16 15:59:37.755,1.5004,1.50046,1.00,1.00
2015.12.16 15:59:38.070,1.5004,1.50046,1.00,2.25
2015.12.16 15:59:38.933,1.50041,1.50045,4.87,1.15
2015.12.16 15:59:39.136,1.50036,1.50044,2.25,3.15
2015.12.16 15:59:39.188,1.50036,1.5004,1.50,1.37
2015.12.16 15:59:39.748,1.50035,1.5004,5.70,1.37
2015.12.16 15:59:39.802,1.50035,1.50041,6.45,1.00
2015.12.16 15:59:40.312,1.50035,1.50042,5.70,1.20
2015.12.16 15:59:41.193,1.50035,1.50041,5.32,1.37
2015.12.16 15:59:41.703,1.50035,1.50041,5.70,1.37
2015.12.16 15:59:42.008,1.50035,1.50039,4.95,1.37
2015.12.16 15:59:42.413,1.50035,1.50041,6.00,1.10
2015.12.16 15:59:42.722,1.50037,1.50043,1.37,1.20
2015.12.16 15:59:42.926,1.50042,1.50048,1.12,4.57
2015.12.16 15:59:43.029,1.50043,1.50049,1.37,3.82
2015.12.16 15:59:43.081,1.50043,1.50049,1.37,1.10
2015.12.16 15:59:43.575,1.50042,1.50048,5.62,1.37
2015.12.16 15:59:43.880,1.5004,1.50048,6.52,1.00
2015.12.16 15:59:44.259,1.50041,1.50048,1.37,1.37
2015.12.16 15:59:44.611,1.50041,1.50047,1.37,1.07
2015.12.16 15:59:45.274,1.50044,1.50049,4.87,1.12
2015.12.16 15:59:45.325,1.50046,1.5005,4.87,1.12
2015.12.16 15:59:45.585,1.50049,1.50055,1.00,1.45
2015.12.16 15:59:45.689,1.5005,1.50058,1.12,1.20
2015.12.16 15:59:45.792,1.50052,1.50059,1.10,1.45
2015.12.16 15:59:45.996,1.50052,1.50061,1.57,1.65
2015.12.16 15:59:46.500,1.50052,1.50059,1.20,1.00
2015.12.16 15:59:47.009,1.50051,1.50058,4.95,1.20
2015.12.16 15:59:47.061,1.5005,1.50058,6.37,4.65
2015.12.16 15:59:47.737,1.50052,1.50057,1.00,1.45
2015.12.16 15:59:47.891,1.50052,1.5006,4.50,1.57
2015.12.16 15:59:47.993,1.50054,1.50062,1.50,1.15
2015.12.16 15:59:48.298,1.50055,1.50064,1.37,2.77
2015.12.16 15:59:48.702,1.50059,1.50065,1.00,1.45
2015.12.16 15:59:48.805,1.50061,1.50067,1.00,1.12
2015.12.16 15:59:48.959,1.50062,1.50071,1.75,4.95
2015.12.16 15:59:49.062,1.50063,1.5007,1.50,1.20
2015.12.16 15:59:49.711,1.50065,1.50072,1.00,1.27
2015.12.16 15:59:49.814,1.50065,1.50071,1.00,1.57
2015.12.16 15:59:50.324,1.50064,1.5007,5.25,1.50
2015.12.16 15:59:50.975,1.50064,1.5007,5.25,1.65
2015.12.16 15:59:51.487,1.50064,1.50068,5.25,1.37
2015.12.16 15:59:52.184,1.50064,1.50068,4.87,1.37
2015.12.16 15:59:52.490,1.50053,1.5006,9.07,1.00
2015.12.16 15:59:52.592,1.50053,1.50056,4.87,1.37
2015.12.16 15:59:52.694,1.50053,1.50058,4.87,1.37
2015.12.16 15:59:53.202,1.50051,1.50059,6.00,1.95
2015.12.16 15:59:53.561,1.50053,1.50059,1.37,1.95
2015.12.16 15:59:53.715,1.50054,1.50062,2.25,1.17
2015.12.16 15:59:53.869,1.50054,1.50063,2.25,1.95
2015.12.16 15:59:54.022,1.50053,1.50058,1.50,1.37
2015.12.16 15:59:54.491,1.50052,1.5006,1.37,2.02
2015.12.16 15:59:54.999,1.50055,1.50059,1.00,1.55
2015.12.16 15:59:55.577,1.50053,1.50059,5.25,1.50
2015.12.16 15:59:56.138,1.50053,1.5006,1.37,1.55
2015.12.16 15:59:56.293,1.50051,1.50058,7.20,1.00
2015.12.16 15:59:56.520,1.50051,1.50058,6.00,2.70
2015.12.16 15:59:56.993,1.50048,1.50056,1.20,1.00
2015.12.16 15:59:57.045,1.50048,1.50055,1.20,1.37
2015.12.16 15:59:57.096,1.50046,1.50055,1.95,1.87
2015.12.16 15:59:57.198,1.50046,1.50053,1.12,1.12
2015.12.16 15:59:57.543,1.5004,1.50042,5.25,1.35
2015.12.16 15:59:58.051,1.50041,1.50044,1.37,1.12
2015.12.16 15:59:58.701,1.50041,1.50047,6.37,1.97
2015.12.16 15:59:58.753,1.50047,1.50053,1.37,1.50
2015.12.16 15:59:58.856,1.50048,1.50055,1.12,1.65
2015.12.16 15:59:58.907,1.50051,1.50056,1.12,1.20
2015.12.16 15:59:59.212,1.50056,1.50064,1.00,1.65
2015.12.16 15:59:59.416,1.50056,1.50061,1.50,1.37
