2008.07.25 14:00:00.767,1.9923,1.9925,13.50,4.30
2008.07.25 14:00:01.057,1.9923,1.9925,13.50,4.80
2008.07.25 14:00:01.351,1.9923,1.9925,2.70,4.80
2008.07.25 14:00:01.880,1.9923,1.9925,2.70,4.30
2008.07.25 14:00:02.207,1.9923,1.9925,1.00,15.10
2008.07.25 14:00:02.481,1.99225,1.9923,1.10,1.00
2008.07.25 14:00:03.096,1.9923,1.9924,1.00,10.80
2008.07.25 14:00:03.260,1.9912,1.9922,1.00,1.60
2008.07.25 14:00:03.610,1.99105,1.9921,5.40,1.60
2008.07.25 14:00:03.776,1.9913,1.99145,5.90,1.00
2008.07.25 14:00:03.947,1.99133,1.99143,5.90,1.60
2008.07.25 14:00:04.120,1.99075,1.99165,5.90,1.00
2008.07.25 14:00:04.295,1.99095,1.992,5.90,1.60
2008.07.25 14:00:04.636,1.99095,1.9919,1.00,1.60
2008.07.25 14:00:05.052,1.99095,1.99185,1.00,1.00
2008.07.25 14:00:05.412,1.99095,1.9915,1.00,1.00
2008.07.25 14:00:05.768,1.99085,1.9915,1.60,1.00
2008.07.25 14:00:06.107,1.99105,1.99185,1.00,1.00
2008.07.25 14:00:06.445,1.99105,1.99185,1.00,1.70
2008.07.25 14:00:06.794,1.99105,1.99175,1.00,1.60
2008.07.25 14:00:07.206,1.99105,1.9917,1.00,1.00
2008.07.25 14:00:07.417,1.99105,1.99155,1.00,1.00
2008.07.25 14:00:07.629,1.99105,1.99165,1.00,1.60
2008.07.25 14:00:07.820,1.99085,1.9916,1.00,16.20
2008.07.25 14:00:08.007,1.99095,1.9916,1.00,17.90
2008.07.25 14:00:08.371,1.991,1.9915,1.00,1.00
2008.07.25 14:00:08.586,1.99095,1.99145,1.00,1.00
2008.07.25 14:00:08.794,1.99075,1.9914,12.20,1.00
2008.07.25 14:00:09.169,1.99075,1.9912,12.10,1.00
2008.07.25 14:00:09.817,1.99075,1.9911,8.90,4.30
2008.07.25 14:00:10.139,1.99075,1.9911,14.00,5.40
2008.07.25 14:00:10.454,1.99075,1.9911,17.20,2.10
2008.07.25 14:00:11.098,1.9909,1.99155,21.60,1.00
2008.07.25 14:00:11.802,1.99115,1.99175,3.50,18.30
2008.07.25 14:00:11.997,1.99115,1.99165,2.90,1.30
2008.07.25 14:00:12.190,1.99115,1.99155,1.60,1.40
2008.07.25 14:00:12.451,1.99115,1.99155,2.00,1.40
2008.07.25 14:00:12.784,1.9908,1.99145,3.20,1.40
2008.07.25 14:00:13.756,1.99095,1.9914,3.20,1.00
2008.07.25 14:00:14.064,1.99095,1.9914,5.40,1.00
2008.07.25 14:00:14.366,1.9909,1.9914,8.10,1.00
2008.07.25 14:00:14.665,1.99095,1.9914,5.40,1.00
2008.07.25 14:00:14.964,1.991,1.9914,5.40,1.00
2008.07.25 14:00:15.355,1.991,1.9913,5.40,1.00
2008.07.25 14:00:15.704,1.991,1.9913,8.10,1.00
2008.07.25 14:00:16.054,1.991,1.99135,7.60,1.00
2008.07.25 14:00:16.407,1.9912,1.99135,1.00,1.40
2008.07.25 14:00:16.765,1.9912,1.9913,1.00,1.40
2008.07.25 14:00:17.113,1.9912,1.9914,1.00,1.30
2008.07.25 14:00:17.503,1.9911,1.99145,14.30,1.40
2008.07.25 14:00:17.722,1.9911,1.99135,5.40,5.40
2008.07.25 14:00:18.699,1.991,1.9915,4.30,21.30
2008.07.25 14:00:18.900,1.991,1.9915,9.80,13.20
2008.07.25 14:00:19.096,1.991,1.9914,6.00,1.40
2008.07.25 14:00:19.429,1.99095,1.9914,11.40,1.00
2008.07.25 14:00:19.768,1.9909,1.9914,9.40,8.60
2008.07.25 14:00:20.102,1.9909,1.9914,9.40,9.10
2008.07.25 14:00:20.452,1.991,1.9914,5.40,8.60
2008.07.25 14:00:20.806,1.991,1.9913,5.40,3.30
2008.07.25 14:00:21.155,1.99095,1.9913,9.30,3.30
2008.07.25 14:00:21.514,1.991,1.99135,7.20,6.00
2008.07.25 14:00:21.871,1.9911,1.99135,3.20,6.00
2008.07.25 14:00:22.226,1.991,1.99135,7.10,1.30
2008.07.25 14:00:22.727,1.991,1.99135,3.70,4.00
2008.07.25 14:00:22.973,1.991,1.99135,3.70,4.40
2008.07.25 14:00:23.214,1.991,1.99125,3.20,1.00
2008.07.25 14:00:23.479,1.991,1.99135,3.20,11.30
2008.07.25 14:00:23.749,1.99085,1.99125,6.40,3.20
2008.07.25 14:00:24.078,1.991,1.99125,3.20,5.40
2008.07.25 14:00:24.393,1.991,1.9912,3.20,3.20
2008.07.25 14:00:25.069,1.991,1.9912,3.20,3.70
2008.07.25 14:00:25.761,1.9909,1.9912,3.30,3.70
2008.07.25 14:00:26.110,1.99085,1.9911,3.30,1.00
2008.07.25 14:00:26.477,1.99085,1.9912,4.50,3.70
2008.07.25 14:00:26.744,1.99085,1.9912,3.50,3.20
2008.07.25 14:00:27.890,1.99095,1.9912,1.00,3.20
2008.07.25 14:00:28.060,1.99095,1.9912,3.30,3.20
2008.07.25 14:00:28.229,1.99095,1.9912,3.20,3.20
2008.07.25 14:00:28.989,1.9908,1.9912,12.50,3.20
2008.07.25 14:00:29.305,1.99095,1.9911,2.10,1.00
2008.07.25 14:00:29.591,1.99095,1.9912,2.20,3.20
2008.07.25 14:00:29.889,1.9908,1.9911,20.90,3.20
2008.07.25 14:00:30.190,1.9908,1.9911,18.70,3.20
2008.07.25 14:00:30.482,1.9909,1.9911,1.00,3.20
2008.07.25 14:00:30.888,1.991,1.9912,3.20,5.90
2008.07.25 14:00:31.240,1.991,1.99125,3.20,5.40
2008.07.25 14:00:31.598,1.991,1.99125,3.20,3.20
2008.07.25 14:00:32.269,1.991,1.99125,4.30,3.20
2008.07.25 14:00:33.510,1.991,1.9912,6.40,3.20
2008.07.25 14:00:33.768,1.99105,1.9912,1.00,3.20
2008.07.25 14:00:34.015,1.9911,1.9913,1.00,8.60
2008.07.25 14:00:34.530,1.9911,1.9913,3.70,8.60
2008.07.25 14:00:34.862,1.99105,1.9911,3.40,9.70
2008.07.25 14:00:35.192,1.99115,1.99135,1.00,4.40
2008.07.25 14:00:35.527,1.9911,1.99135,3.70,1.30
2008.07.25 14:00:35.906,1.9911,1.99135,6.40,2.20
2008.07.25 14:00:36.296,1.991,1.99125,4.30,3.10
2008.07.25 14:00:36.646,1.991,1.99125,5.40,3.10
2008.07.25 14:00:37.401,1.991,1.99125,4.30,3.10
2008.07.25 14:00:38.220,1.991,1.99125,3.20,4.80
2008.07.25 14:00:38.379,1.9909,1.99125,4.80,4.90
2008.07.25 14:00:38.777,1.99085,1.9912,7.00,4.10
2008.07.25 14:00:39.177,1.9908,1.9912,13.50,4.10
2008.07.25 14:00:39.580,1.9908,1.9912,13.50,4.70
2008.07.25 14:00:40.265,1.99095,1.9912,5.40,5.40
2008.07.25 14:00:40.620,1.99095,1.9911,4.30,1.00
2008.07.25 14:00:40.978,1.99095,1.9911,3.20,1.40
2008.07.25 14:00:41.328,1.99085,1.9911,7.50,1.40
2008.07.25 14:00:41.682,1.9908,1.99095,3.20,3.20
2008.07.25 14:00:41.980,1.9907,1.99095,3.20,5.40
2008.07.25 14:00:42.556,1.9907,1.99075,3.20,1.30
2008.07.25 14:00:42.938,1.9906,1.99075,11.40,1.30
2008.07.25 14:00:43.297,1.9905,1.99085,4.40,6.30
2008.07.25 14:00:43.506,1.9905,1.9907,3.90,1.00
2008.07.25 14:00:43.802,1.9905,1.9907,4.30,3.60
2008.07.25 14:00:44.049,1.9905,1.9907,2.10,3.10
2008.07.25 14:00:44.296,1.9905,1.9908,2.10,3.70
2008.07.25 14:00:44.546,1.9906,1.9908,3.20,1.00
2008.07.25 14:00:45.823,1.9906,1.99095,2.10,10.90
2008.07.25 14:00:46.078,1.99055,1.99095,5.90,5.90
2008.07.25 14:00:46.326,1.9906,1.9908,3.70,3.20
2008.07.25 14:00:46.818,1.9906,1.99095,3.70,5.90
2008.07.25 14:00:47.091,1.9906,1.99085,3.20,1.00
2008.07.25 14:00:47.367,1.9906,1.9908,3.20,1.00
2008.07.25 14:00:47.898,1.9906,1.9908,1.00,1.00
2008.07.25 14:00:48.101,1.9906,1.9908,2.10,1.00
2008.07.25 14:00:48.539,1.9906,1.9908,7.00,1.00
2008.07.25 14:00:48.762,1.9905,1.9908,4.30,4.80
2008.07.25 14:00:49.125,1.99055,1.9908,5.40,4.80
2008.07.25 14:00:49.528,1.99045,1.9908,14.00,1.00
2008.07.25 14:00:50.235,1.9905,1.9908,1.00,1.00
2008.07.25 14:00:50.578,1.9906,1.99095,1.00,2.90
2008.07.25 14:00:50.889,1.9906,1.9909,1.00,4.00
2008.07.25 14:00:51.249,1.9905,1.99085,10.20,1.00
2008.07.25 14:00:51.608,1.9905,1.99075,7.50,1.00
2008.07.25 14:00:51.984,1.9905,1.99075,3.70,1.00
2008.07.25 14:00:52.174,1.9906,1.99075,3.50,1.00
2008.07.25 14:00:52.700,1.9905,1.9907,12.10,1.00
2008.07.25 14:00:52.889,1.9905,1.99075,3.50,4.30
2008.07.25 14:00:53.116,1.9905,1.99075,3.50,4.40
2008.07.25 14:00:53.404,1.9905,1.99075,3.20,5.60
2008.07.25 14:00:53.707,1.9905,1.99075,3.50,4.40
2008.07.25 14:00:54.696,1.9905,1.9907,3.50,3.90
2008.07.25 14:00:55.049,1.9905,1.99075,3.30,4.40
2008.07.25 14:00:55.350,1.9906,1.99075,1.00,4.30
2008.07.25 14:00:55.682,1.99035,1.99055,4.80,1.00
2008.07.25 14:00:55.975,1.9904,1.9905,3.60,1.00
2008.07.25 14:00:56.325,1.99025,1.99065,6.80,1.00
2008.07.25 14:00:57.058,1.9901,1.9904,16.70,6.40
2008.07.25 14:00:57.225,1.99025,1.9904,3.20,6.40
2008.07.25 14:00:57.409,1.9903,1.9904,3.20,1.00
2008.07.25 14:00:57.728,1.9902,1.9904,11.30,1.00
2008.07.25 14:00:58.304,1.99025,1.9904,7.00,1.00
2008.07.25 14:00:58.574,1.99025,1.9904,5.90,1.00
2008.07.25 14:00:58.846,1.9903,1.9904,1.00,1.00
2008.07.25 14:00:59.117,1.99035,1.9904,1.00,1.00
2008.07.25 14:00:59.426,1.9904,1.9905,3.20,1.00
2008.07.25 14:00:59.712,1.9902,1.9905,15.50,1.00
2008.07.25 14:01:00.011,1.9904,1.9906,1.00,1.20
2008.07.25 14:01:00.309,1.99025,1.9906,9.00,1.00
2008.07.25 14:01:00.744,1.9904,1.9905,2.10,1.00
2008.07.25 14:01:01.143,1.9904,1.99055,4.30,1.00
2008.07.25 14:01:01.453,1.9904,1.99055,4.30,1.20
2008.07.25 14:01:01.765,1.9904,1.99055,3.20,1.20
2008.07.25 14:01:02.528,1.99025,1.99055,4.80,1.00
2008.07.25 14:01:02.696,1.9903,1.99055,5.20,1.00
2008.07.25 14:01:03.027,1.9904,1.99055,1.00,2.10
2008.07.25 14:01:03.197,1.99025,1.99055,3.70,5.40
2008.07.25 14:01:03.414,1.99035,1.99055,1.00,5.40
2008.07.25 14:01:03.633,1.99035,1.99055,1.00,2.10
2008.07.25 14:01:03.854,1.9904,1.9905,1.00,5.20
2008.07.25 14:01:04.074,1.99025,1.99055,4.40,5.10
2008.07.25 14:01:04.294,1.9904,1.99055,1.00,2.20
2008.07.25 14:01:04.643,1.9904,1.9905,3.20,1.00
2008.07.25 14:01:05.011,1.9902,1.9905,12.40,4.40
2008.07.25 14:01:05.461,1.9904,1.9905,4.30,1.00
2008.07.25 14:01:05.847,1.99035,1.9905,11.80,1.00
2008.07.25 14:01:06.204,1.9905,1.99085,3.20,6.70
2008.07.25 14:01:09.073,1.9905,1.9906,3.20,1.00
2008.07.25 14:01:09.790,1.9904,1.9906,3.70,1.00
2008.07.25 14:01:10.132,1.9904,1.9907,1.00,2.10
2008.07.25 14:01:10.494,1.9904,1.99065,3.20,5.40
2008.07.25 14:01:10.930,1.9904,1.99065,3.20,4.70
2008.07.25 14:01:11.237,1.9905,1.9906,3.20,1.00
2008.07.25 14:01:11.539,1.9905,1.9906,3.20,1.00
2008.07.25 14:01:11.841,1.99035,1.9906,16.30,3.60
2008.07.25 14:01:12.147,1.9904,1.9906,13.50,3.70
2008.07.25 14:01:12.445,1.9904,1.9906,4.80,3.70
2008.07.25 14:01:12.620,1.9905,1.99075,17.20,5.50
2008.07.25 14:01:12.823,1.9905,1.9907,19.90,4.30
2008.07.25 14:01:13.003,1.9905,1.9907,17.90,3.20
2008.07.25 14:01:13.529,1.9905,1.9907,17.80,5.40
2008.07.25 14:01:13.748,1.9905,1.9907,12.50,5.40
2008.07.25 14:01:14.396,1.9906,1.99075,1.00,6.00
2008.07.25 14:01:14.626,1.9906,1.99075,1.00,6.40
2008.07.25 14:01:14.963,1.9905,1.99075,6.00,6.40
2008.07.25 14:01:15.300,1.9905,1.99075,4.80,7.00
2008.07.25 14:01:15.652,1.9905,1.99075,4.80,7.50
2008.07.25 14:01:15.964,1.9905,1.99075,4.80,6.80
2008.07.25 14:01:16.274,1.9905,1.9907,4.80,4.90
2008.07.25 14:01:16.582,1.9906,1.9907,1.00,4.40
2008.07.25 14:01:16.908,1.9906,1.9908,3.20,11.00
2008.07.25 14:01:17.271,1.99045,1.9907,16.30,3.30
2008.07.25 14:01:17.588,1.9906,1.9907,1.00,3.30
2008.07.25 14:01:17.999,1.9906,1.9907,1.00,3.20
2008.07.25 14:01:18.212,1.99045,1.9907,22.20,3.20
2008.07.25 14:01:18.473,1.99055,1.9907,3.70,3.20
2008.07.25 14:01:18.892,1.9906,1.99075,2.70,3.70
2008.07.25 14:01:19.126,1.9906,1.9908,9.80,1.00
2008.07.25 14:01:19.351,1.9906,1.9907,5.40,3.20
2008.07.25 14:01:19.580,1.99055,1.9907,1.00,3.20
2008.07.25 14:01:19.933,1.99055,1.9908,1.00,6.70
2008.07.25 14:01:20.354,1.99045,1.9908,13.60,6.70
2008.07.25 14:01:20.808,1.9906,1.9907,1.60,1.00
2008.07.25 14:01:21.140,1.99065,1.9907,1.00,3.30
2008.07.25 14:01:21.439,1.9905,1.9907,12.50,1.00
2008.07.25 14:01:21.739,1.9905,1.9907,11.40,1.00
2008.07.25 14:01:22.702,1.99055,1.9907,1.00,1.00
2008.07.25 14:01:22.898,1.99055,1.9906,1.00,1.00
2008.07.25 14:01:23.089,1.99055,1.9906,1.00,1.00
2008.07.25 14:01:23.319,1.99045,1.9906,12.50,1.00
2008.07.25 14:01:23.718,1.9905,1.9906,5.60,1.00
2008.07.25 14:01:23.971,1.9904,1.9907,13.20,3.30
2008.07.25 14:01:24.295,1.9906,1.9907,3.20,1.00
2008.07.25 14:01:24.548,1.9905,1.99075,19.10,3.90
2008.07.25 14:01:24.805,1.99055,1.99075,1.00,4.40
2008.07.25 14:01:25.361,1.9905,1.99075,15.90,4.40
2008.07.25 14:01:25.909,1.9905,1.9907,15.90,3.90
2008.07.25 14:01:26.218,1.99055,1.9907,1.00,3.30
2008.07.25 14:01:26.516,1.99055,1.9907,1.00,4.50
2008.07.25 14:01:26.817,1.99055,1.9907,1.00,3.20
2008.07.25 14:01:27.107,1.99045,1.9907,17.50,3.20
2008.07.25 14:01:27.398,1.9906,1.9909,3.20,8.10
2008.07.25 14:01:27.998,1.9906,1.99085,3.20,7.00
2008.07.25 14:01:28.334,1.9906,1.99085,4.30,6.80
2008.07.25 14:01:28.556,1.99065,1.9908,1.00,6.30
2008.07.25 14:01:28.983,1.99065,1.9908,1.00,6.00
2008.07.25 14:01:29.349,1.9906,1.9908,3.20,6.00
2008.07.25 14:01:29.717,1.9907,1.99095,14.30,4.30
2008.07.25 14:01:30.211,1.9907,1.9909,21.80,3.20
2008.07.25 14:01:30.403,1.9907,1.9909,14.30,3.20
2008.07.25 14:01:30.589,1.9907,1.9909,13.70,3.70
2008.07.25 14:01:30.779,1.9907,1.9909,14.80,3.70
2008.07.25 14:01:31.312,1.9907,1.9909,9.40,3.70
2008.07.25 14:01:31.669,1.9907,1.9909,4.00,3.70
2008.07.25 14:01:32.396,1.9907,1.9909,7.80,3.20
2008.07.25 14:01:32.815,1.99075,1.9909,1.00,3.20
2008.07.25 14:01:33.221,1.9908,1.99105,3.20,14.10
2008.07.25 14:01:33.447,1.9908,1.99105,3.20,14.00
2008.07.25 14:01:33.684,1.9908,1.99095,3.20,1.00
2008.07.25 14:01:33.922,1.99075,1.99095,1.00,11.30
2008.07.25 14:01:34.149,1.99075,1.99095,1.00,11.80
2008.07.25 14:01:34.477,1.9907,1.99095,4.30,11.80
2008.07.25 14:01:34.805,1.9907,1.99095,3.20,11.80
2008.07.25 14:01:35.138,1.9907,1.99095,3.20,12.10
2008.07.25 14:01:35.397,1.9906,1.9908,16.70,3.20
2008.07.25 14:01:35.656,1.9907,1.99095,3.20,11.30
2008.07.25 14:01:36.253,1.9906,1.9908,16.70,3.20
2008.07.25 14:01:36.552,1.99075,1.9908,1.00,3.20
2008.07.25 14:01:36.867,1.99075,1.99095,1.00,11.30
2008.07.25 14:01:37.719,1.99075,1.9908,1.00,3.20
2008.07.25 14:01:38.056,1.99075,1.99095,1.00,11.30
2008.07.25 14:01:38.376,1.9907,1.99095,3.20,11.30
2008.07.25 14:01:38.663,1.9907,1.99095,3.20,11.40
2008.07.25 14:01:38.822,1.9907,1.99095,3.20,16.80
2008.07.25 14:01:38.977,1.9907,1.99095,3.20,16.70
2008.07.25 14:01:39.199,1.99065,1.9908,1.60,3.20
2008.07.25 14:01:39.546,1.9907,1.99095,3.20,14.50
2008.07.25 14:01:40.312,1.9906,1.9909,13.50,14.00
2008.07.25 14:01:40.566,1.9906,1.9908,6.40,3.90
2008.07.25 14:01:40.817,1.9906,1.9908,3.30,4.90
2008.07.25 14:01:41.110,1.9906,1.9908,5.50,4.40
2008.07.25 14:01:41.369,1.99065,1.9908,1.00,4.80
2008.07.25 14:01:41.685,1.9907,1.9908,3.20,1.00
2008.07.25 14:01:42.007,1.9907,1.99085,1.00,1.00
2008.07.25 14:01:42.324,1.9907,1.99085,1.00,2.10
2008.07.25 14:01:42.898,1.9907,1.99085,1.00,5.40
2008.07.25 14:01:43.065,1.9907,1.99075,1.00,1.60
2008.07.25 14:01:43.234,1.9907,1.99075,1.00,4.30
2008.07.25 14:01:43.463,1.9907,1.99075,1.00,9.70
2008.07.25 14:01:43.660,1.9906,1.99075,1.00,9.70
2008.07.25 14:01:44.232,1.9905,1.99075,3.20,9.80
2008.07.25 14:01:44.580,1.9905,1.99075,3.20,15.20
2008.07.25 14:01:44.926,1.9905,1.99075,3.20,15.10
2008.07.25 14:01:45.262,1.99055,1.99075,1.00,15.10
2008.07.25 14:01:45.546,1.99055,1.99075,1.60,15.10
2008.07.25 14:01:46.119,1.99055,1.99075,1.00,15.10
2008.07.25 14:01:46.394,1.99045,1.9906,3.70,1.00
2008.07.25 14:01:46.674,1.99045,1.9906,3.70,1.00
2008.07.25 14:01:47.508,1.99045,1.9906,1.60,1.00
2008.07.25 14:01:47.776,1.99045,1.9906,1.60,3.90
2008.07.25 14:01:48.175,1.99045,1.9906,1.60,1.00
2008.07.25 14:01:48.529,1.99045,1.9907,1.00,10.50
2008.07.25 14:01:48.991,1.99045,1.99075,1.00,11.00
2008.07.25 14:01:49.245,1.99045,1.9906,1.00,1.00
2008.07.25 14:01:49.627,1.99045,1.9907,1.60,4.90
2008.07.25 14:01:49.964,1.99045,1.99065,1.60,1.00
2008.07.25 14:01:50.303,1.99045,1.9905,2.10,1.00
2008.07.25 14:01:50.634,1.99045,1.9906,2.70,8.10
2008.07.25 14:01:50.966,1.99045,1.9907,7.00,1.00
2008.07.25 14:01:51.325,1.99045,1.9908,8.70,1.00
2008.07.25 14:01:51.651,1.9906,1.9908,1.00,1.00
2008.07.25 14:01:51.973,1.9906,1.9908,3.50,1.00
2008.07.25 14:01:52.308,1.9905,1.99095,10.20,4.30
2008.07.25 14:01:52.625,1.99055,1.9909,8.60,1.00
2008.07.25 14:01:52.789,1.99055,1.99095,7.50,1.00
2008.07.25 14:01:53.272,1.99065,1.99095,2.70,1.00
2008.07.25 14:01:53.463,1.99065,1.99095,1.00,1.30
2008.07.25 14:01:53.691,1.99055,1.9909,7.10,1.30
2008.07.25 14:01:53.881,1.9906,1.9909,1.60,1.30
2008.07.25 14:01:54.081,1.9905,1.99095,6.40,4.50
2008.07.25 14:01:54.295,1.9906,1.99095,4.40,4.30
2008.07.25 14:01:54.643,1.99055,1.9909,9.40,9.70
2008.07.25 14:01:54.994,1.9907,1.9909,1.00,9.70
2008.07.25 14:01:55.342,1.99065,1.9908,2.70,3.70
2008.07.25 14:01:55.595,1.99065,1.9908,1.00,3.70
2008.07.25 14:01:55.860,1.99065,1.9908,1.00,3.20
2008.07.25 14:01:56.113,1.9906,1.99085,3.20,3.70
2008.07.25 14:01:57.015,1.9907,1.99085,4.30,1.00
2008.07.25 14:01:57.341,1.9907,1.99085,3.20,1.00
2008.07.25 14:01:58.600,1.99075,1.99085,1.00,1.00
2008.07.25 14:01:59.071,1.99065,1.9909,6.40,15.60
2008.07.25 14:01:59.330,1.99065,1.9909,7.00,4.80
2008.07.25 14:01:59.470,1.9908,1.9909,1.00,4.80
2008.07.25 14:01:59.819,1.9908,1.9909,1.00,3.70
2008.07.25 14:02:00.328,1.9908,1.99095,1.00,3.70
2008.07.25 14:02:00.695,1.9908,1.99095,3.20,1.00
2008.07.25 14:02:01.230,1.9907,1.99095,3.20,4.30
2008.07.25 14:02:02.864,1.99085,1.99095,1.00,1.00
2008.07.25 14:02:03.189,1.9908,1.99095,3.20,1.00
2008.07.25 14:02:03.343,1.9907,1.99095,3.20,4.30
2008.07.25 14:02:04.159,1.9907,1.99095,3.20,4.40
2008.07.25 14:02:04.628,1.99085,1.99095,1.00,1.00
2008.07.25 14:02:04.942,1.99085,1.9909,1.00,1.00
2008.07.25 14:02:05.256,1.9908,1.9909,3.20,1.00
2008.07.25 14:02:05.868,1.99065,1.9909,8.10,3.70
2008.07.25 14:02:06.439,1.99065,1.9909,8.60,3.70
2008.07.25 14:02:06.723,1.9908,1.9909,3.20,3.30
2008.07.25 14:02:07.073,1.9909,1.991,1.00,13.20
2008.07.25 14:02:08.184,1.9909,1.99105,3.70,7.00
2008.07.25 14:02:08.382,1.9909,1.99105,4.80,1.00
2008.07.25 14:02:08.935,1.991,1.99115,1.00,19.90
2008.07.25 14:02:09.303,1.991,1.99115,1.00,17.60
2008.07.25 14:02:09.667,1.9911,1.9913,3.70,19.30
2008.07.25 14:02:10.013,1.9911,1.99125,3.20,19.10
2008.07.25 14:02:10.254,1.9911,1.99125,3.20,9.70
2008.07.25 14:02:10.485,1.9911,1.99115,3.20,1.00
2008.07.25 14:02:10.711,1.99095,1.99125,3.70,4.80
2008.07.25 14:02:11.959,1.99095,1.9912,3.20,3.70
2008.07.25 14:02:12.313,1.99095,1.9912,3.20,3.90
2008.07.25 14:02:12.571,1.9909,1.99115,3.20,1.00
2008.07.25 14:02:12.758,1.99085,1.9911,12.40,1.00
2008.07.25 14:02:12.940,1.99085,1.99105,9.10,1.00
2008.07.25 14:02:13.182,1.99085,1.99105,5.90,1.00
2008.07.25 14:02:13.496,1.99085,1.9911,7.00,5.20
2008.07.25 14:02:13.766,1.99085,1.9911,7.00,5.40
2008.07.25 14:02:14.037,1.99085,1.9911,7.00,6.80
2008.07.25 14:02:14.356,1.99085,1.9911,8.10,6.70
2008.07.25 14:02:14.678,1.9909,1.9911,1.00,4.90
2008.07.25 14:02:15.005,1.9909,1.9911,1.00,1.60
2008.07.25 14:02:15.330,1.9909,1.9911,1.00,1.00
2008.07.25 14:02:15.728,1.9909,1.99105,13.50,1.00
2008.07.25 14:02:15.960,1.9909,1.99105,12.40,1.00
2008.07.25 14:02:16.143,1.9909,1.99105,4.80,1.00
2008.07.25 14:02:16.672,1.9909,1.99105,3.70,1.00
2008.07.25 14:02:17.509,1.9908,1.99105,8.60,1.00
2008.07.25 14:02:17.654,1.99095,1.99105,4.30,1.00
2008.07.25 14:02:17.803,1.9909,1.99115,7.00,20.20
2008.07.25 14:02:18.083,1.991,1.9911,3.20,5.40
2008.07.25 14:02:18.366,1.9909,1.9911,11.30,5.40
2008.07.25 14:02:18.915,1.991,1.9911,4.30,5.40
2008.07.25 14:02:19.194,1.991,1.99125,4.30,4.80
2008.07.25 14:02:19.483,1.991,1.9912,4.30,1.00
2008.07.25 14:02:19.837,1.99095,1.9912,9.10,1.00
2008.07.25 14:02:20.199,1.99095,1.9912,5.90,5.10
2008.07.25 14:02:20.556,1.991,1.99115,1.00,1.00
2008.07.25 14:02:21.191,1.991,1.99115,4.30,1.00
2008.07.25 14:02:21.512,1.99095,1.9912,8.60,4.70
2008.07.25 14:02:21.802,1.99095,1.9912,8.60,4.70
2008.07.25 14:02:22.095,1.991,1.9912,4.30,4.10
2008.07.25 14:02:22.382,1.991,1.9912,4.30,3.50
2008.07.25 14:02:22.547,1.9911,1.9912,1.00,3.30
2008.07.25 14:02:23.024,1.99095,1.9912,7.00,3.70
2008.07.25 14:02:23.223,1.991,1.9912,1.00,4.30
2008.07.25 14:02:23.386,1.991,1.9911,1.00,4.30
2008.07.25 14:02:23.748,1.9911,1.9912,3.20,1.00
2008.07.25 14:02:24.103,1.991,1.9912,1.00,5.40
2008.07.25 14:02:24.455,1.991,1.9912,1.00,7.00
2008.07.25 14:02:24.786,1.991,1.9912,2.10,6.60
2008.07.25 14:02:25.150,1.991,1.9912,1.00,6.60
2008.07.25 14:02:25.483,1.991,1.99115,2.10,1.00
2008.07.25 14:02:25.824,1.991,1.99115,1.00,1.00
2008.07.25 14:02:26.205,1.991,1.9912,1.00,5.80
2008.07.25 14:02:26.501,1.991,1.9912,1.00,5.50
2008.07.25 14:02:26.783,1.991,1.9912,2.10,4.40
2008.07.25 14:02:27.062,1.991,1.9912,1.00,4.10
2008.07.25 14:02:27.342,1.991,1.9912,1.00,4.70
2008.07.25 14:02:27.621,1.991,1.99115,1.00,1.00
2008.07.25 14:02:28.391,1.991,1.9912,2.10,6.40
2008.07.25 14:02:28.590,1.991,1.9912,2.10,10.90
2008.07.25 14:02:28.876,1.991,1.9911,2.10,7.10
2008.07.25 14:02:29.161,1.991,1.99115,2.10,1.00
2008.07.25 14:02:29.711,1.99095,1.99115,6.40,1.00
2008.07.25 14:02:29.921,1.991,1.9911,1.00,3.20
2008.07.25 14:02:30.131,1.991,1.9911,1.00,19.40
2008.07.25 14:02:30.346,1.99085,1.991,10.20,1.00
2008.07.25 14:02:30.551,1.99085,1.991,4.30,2.40
2008.07.25 14:02:30.762,1.99075,1.9909,10.20,1.00
2008.07.25 14:02:31.113,1.9908,1.9909,9.70,1.00
2008.07.25 14:02:31.472,1.9907,1.9909,2.10,4.30
2008.07.25 14:02:32.073,1.9907,1.9909,2.10,4.80
2008.07.25 14:02:34.063,1.9907,1.9909,2.10,4.30
2008.07.25 14:02:34.348,1.9907,1.9909,2.10,4.80
2008.07.25 14:02:34.654,1.9907,1.9909,2.10,3.70
2008.07.25 14:02:34.953,1.99075,1.9909,2.10,1.00
2008.07.25 14:02:35.270,1.99075,1.99095,2.10,1.00
2008.07.25 14:02:35.569,1.9908,1.991,2.10,11.70
2008.07.25 14:02:35.876,1.99085,1.991,2.10,1.00
2008.07.25 14:02:36.176,1.99085,1.991,2.10,1.00
2008.07.25 14:02:36.463,1.99095,1.9911,1.00,5.90
2008.07.25 14:02:36.751,1.99095,1.9911,1.00,5.20
2008.07.25 14:02:37.329,1.99095,1.9911,1.00,3.90
2008.07.25 14:02:37.952,1.991,1.9911,2.10,1.00
2008.07.25 14:02:38.150,1.99105,1.9912,2.10,8.30
2008.07.25 14:02:38.406,1.99105,1.9912,2.10,7.40
2008.07.25 14:02:38.639,1.9911,1.9912,2.10,4.80
2008.07.25 14:02:38.832,1.9911,1.9912,2.10,4.30
2008.07.25 14:02:39.192,1.9911,1.9913,2.10,5.20
2008.07.25 14:02:39.549,1.9911,1.9913,2.10,4.90
2008.07.25 14:02:39.898,1.99115,1.9913,2.10,4.90
2008.07.25 14:02:40.210,1.9912,1.9913,2.10,3.30
2008.07.25 14:02:40.820,1.9912,1.9914,2.10,9.10
2008.07.25 14:02:41.168,1.9912,1.9914,2.10,7.00
2008.07.25 14:02:41.864,1.9912,1.9913,2.10,1.00
2008.07.25 14:02:42.091,1.99115,1.9913,8.50,1.00
2008.07.25 14:02:42.321,1.99115,1.9913,5.40,4.00
2008.07.25 14:02:42.547,1.99115,1.9913,2.70,4.00
2008.07.25 14:02:43.018,1.99115,1.9913,2.70,4.50
2008.07.25 14:02:44.346,1.9912,1.9913,1.00,5.90
2008.07.25 14:02:44.620,1.99105,1.9912,14.00,1.00
2008.07.25 14:02:44.888,1.99105,1.9912,8.60,1.00
2008.07.25 14:02:45.180,1.99105,1.9911,3.90,1.00
2008.07.25 14:02:45.427,1.991,1.9912,2.10,5.10
2008.07.25 14:02:46.140,1.991,1.9912,2.10,5.20
2008.07.25 14:02:46.493,1.991,1.9912,1.00,5.90
2008.07.25 14:02:47.193,1.991,1.9912,1.00,5.60
2008.07.25 14:02:47.509,1.99105,1.9912,1.00,5.60
2008.07.25 14:02:47.677,1.99105,1.9912,4.80,1.30
2008.07.25 14:02:48.475,1.9911,1.9912,3.70,1.30
2008.07.25 14:02:48.681,1.991,1.9912,1.00,5.60
2008.07.25 14:02:49.056,1.99105,1.9912,1.00,7.00
2008.07.25 14:02:49.256,1.99095,1.991,3.70,1.00
2008.07.25 14:02:49.536,1.99095,1.99105,1.00,1.00
2008.07.25 14:02:49.816,1.99095,1.991,1.00,1.00
2008.07.25 14:02:50.100,1.9909,1.991,1.00,4.30
2008.07.25 14:02:50.287,1.9909,1.991,1.00,5.20
2008.07.25 14:02:50.633,1.9909,1.991,1.00,5.40
2008.07.25 14:02:50.994,1.9909,1.991,1.00,5.80
2008.07.25 14:02:51.600,1.99075,1.991,11.30,5.80
2008.07.25 14:02:51.959,1.99075,1.991,14.00,5.80
2008.07.25 14:02:52.469,1.99075,1.991,14.00,5.50
2008.07.25 14:02:52.680,1.99075,1.991,11.30,5.50
2008.07.25 14:02:52.845,1.99075,1.991,5.90,5.50
2008.07.25 14:02:53.195,1.9908,1.991,3.70,1.40
2008.07.25 14:02:53.578,1.99075,1.9909,4.30,1.60
2008.07.25 14:02:53.855,1.99075,1.9908,3.70,1.00
2008.07.25 14:02:54.085,1.9908,1.9909,2.70,2.10
2008.07.25 14:02:54.311,1.9907,1.9908,5.90,1.60
2008.07.25 14:02:54.664,1.9907,1.9909,2.70,3.50
2008.07.25 14:02:55.007,1.9907,1.9909,10.20,1.00
2008.07.25 14:02:55.347,1.9907,1.9909,1.00,3.20
2008.07.25 14:02:55.968,1.99075,1.9909,1.00,3.20
2008.07.25 14:02:56.407,1.9907,1.9908,1.00,1.00
2008.07.25 14:02:56.765,1.9907,1.99085,1.00,1.00
2008.07.25 14:02:57.084,1.99065,1.99085,1.00,1.00
2008.07.25 14:02:57.403,1.99065,1.99085,1.00,3.70
2008.07.25 14:02:57.769,1.99065,1.99085,1.00,4.00
2008.07.25 14:02:58.504,1.9906,1.9908,2.70,3.50
2008.07.25 14:02:58.964,1.9906,1.9908,2.70,3.50
2008.07.25 14:02:59.594,1.99065,1.9908,1.60,3.50
2008.07.25 14:02:59.873,1.99065,1.9908,1.00,3.50
2008.07.25 14:03:01.017,1.99065,1.9907,1.00,1.00
2008.07.25 14:03:01.451,1.99065,1.9908,1.00,3.50
2008.07.25 14:03:01.798,1.99065,1.9907,1.00,1.00
2008.07.25 14:03:02.500,1.99065,1.9907,1.00,1.00
2008.07.25 14:03:02.703,1.99065,1.9908,1.00,9.10
2008.07.25 14:03:02.956,1.9906,1.9907,2.10,1.00
2008.07.25 14:03:03.387,1.9906,1.99075,2.70,1.00
2008.07.25 14:03:04.171,1.9906,1.99075,2.10,1.00
2008.07.25 14:03:04.746,1.99065,1.99075,2.70,1.00
2008.07.25 14:03:05.686,1.99065,1.9908,2.70,1.00
2008.07.25 14:03:11.834,1.9906,1.9908,2.70,3.20
2008.07.25 14:03:12.697,1.9906,1.9908,2.70,4.30
2008.07.25 14:03:12.833,1.9906,1.9908,2.70,4.40
2008.07.25 14:03:13.096,1.9906,1.9908,2.70,6.20
2008.07.25 14:03:13.501,1.9906,1.9908,1.60,5.50
2008.07.25 14:03:13.882,1.9906,1.9908,3.70,5.50
2008.07.25 14:03:14.117,1.9906,1.9907,3.70,1.00
2008.07.25 14:03:14.484,1.9906,1.99065,3.70,1.00
2008.07.25 14:03:14.734,1.99055,1.9906,6.00,1.00
2008.07.25 14:03:14.928,1.9907,1.9908,1.00,5.50
2008.07.25 14:03:15.290,1.9906,1.9908,1.00,5.60
2008.07.25 14:03:15.655,1.9906,1.9908,1.00,4.50
2008.07.25 14:03:16.013,1.9906,1.9908,1.00,5.60
2008.07.25 14:03:16.372,1.9906,1.9908,3.70,10.10
2008.07.25 14:03:16.731,1.9906,1.9908,3.70,4.30
2008.07.25 14:03:17.104,1.9906,1.9908,3.70,4.50
2008.07.25 14:03:18.451,1.9906,1.9908,3.70,14.30
2008.07.25 14:03:19.284,1.9906,1.9908,3.70,15.30
2008.07.25 14:03:19.803,1.9906,1.9908,3.70,14.30
2008.07.25 14:03:20.002,1.9906,1.9907,1.60,1.00
2008.07.25 14:03:20.315,1.99055,1.9906,2.10,1.00
2008.07.25 14:03:20.610,1.99055,1.9906,1.10,1.00
2008.07.25 14:03:20.891,1.9906,1.9907,1.00,4.40
2008.07.25 14:03:21.169,1.9906,1.9907,1.00,4.30
2008.07.25 14:03:21.524,1.9906,1.9907,1.00,1.00
2008.07.25 14:03:22.495,1.9906,1.9907,1.00,4.30
2008.07.25 14:03:23.880,1.9906,1.9907,4.80,3.70
2008.07.25 14:03:24.084,1.9906,1.9908,4.80,5.40
2008.07.25 14:03:24.399,1.9906,1.9908,4.80,1.00
2008.07.25 14:03:26.044,1.9906,1.9908,3.70,1.00
2008.07.25 14:03:26.252,1.9906,1.9908,9.10,1.00
2008.07.25 14:03:26.612,1.9906,1.9908,1.00,4.30
2008.07.25 14:03:27.538,1.9906,1.9908,4.80,3.20
2008.07.25 14:03:27.669,1.9906,1.9908,3.70,4.30
2008.07.25 14:03:28.128,1.99065,1.9908,4.30,1.00
2008.07.25 14:03:28.259,1.99065,1.9908,4.30,1.00
2008.07.25 14:03:29.027,1.99065,1.9908,4.80,1.00
2008.07.25 14:03:29.238,1.9906,1.9908,13.50,1.00
2008.07.25 14:03:29.433,1.9906,1.9908,4.80,4.30
2008.07.25 14:03:29.697,1.9906,1.9908,4.80,8.60
2008.07.25 14:03:29.956,1.99065,1.9908,4.30,8.60
2008.07.25 14:03:30.228,1.9906,1.9908,4.80,8.90
2008.07.25 14:03:30.486,1.9906,1.9908,4.80,1.00
2008.07.25 14:03:31.563,1.9906,1.9908,4.80,1.00
2008.07.25 14:03:31.997,1.99065,1.9908,4.30,1.00
2008.07.25 14:03:34.355,1.9906,1.9908,14.80,1.00
2008.07.25 14:03:34.606,1.9906,1.9908,3.70,4.30
2008.07.25 14:03:34.858,1.99065,1.9908,7.00,1.00
2008.07.25 14:03:35.104,1.99065,1.9908,7.50,1.00
2008.07.25 14:03:36.034,1.9907,1.9908,4.30,1.00
2008.07.25 14:03:36.277,1.99065,1.9908,4.80,1.00
2008.07.25 14:03:36.755,1.99065,1.99085,5.40,1.00
2008.07.25 14:03:37.252,1.9907,1.99085,4.30,1.00
2008.07.25 14:03:37.684,1.99065,1.99085,5.40,1.00
2008.07.25 14:03:38.435,1.99065,1.99085,1.00,1.00
2008.07.25 14:03:38.608,1.99065,1.99075,1.00,1.00
2008.07.25 14:03:43.123,1.9906,1.99085,3.70,12.80
2008.07.25 14:03:43.696,1.9906,1.9908,3.70,12.20
2008.07.25 14:03:44.283,1.9906,1.9908,3.70,12.80
2008.07.25 14:03:44.444,1.99055,1.9906,1.10,1.00
2008.07.25 14:03:45.452,1.99055,1.9906,1.00,1.00
2008.07.25 14:03:45.987,1.9906,1.99065,1.00,1.40
2008.07.25 14:03:46.334,1.9906,1.9907,1.00,16.30
2008.07.25 14:03:46.560,1.9905,1.99065,1.00,1.00
2008.07.25 14:03:47.121,1.9906,1.9907,1.00,10.80
2008.07.25 14:03:47.511,1.99055,1.9906,1.10,1.00
2008.07.25 14:03:47.868,1.99055,1.9906,1.00,1.20
2008.07.25 14:03:48.035,1.9905,1.99055,4.20,1.00
2008.07.25 14:03:48.604,1.9904,1.9905,11.90,1.00
2008.07.25 14:03:49.096,1.9905,1.99055,1.00,1.00
2008.07.25 14:03:49.314,1.99045,1.9905,1.10,3.30
2008.07.25 14:03:51.353,1.99045,1.9905,1.10,4.40
2008.07.25 14:03:51.704,1.99045,1.9905,1.10,3.30
2008.07.25 14:03:53.301,1.9905,1.99055,1.00,3.80
2008.07.25 14:03:53.740,1.99045,1.9905,1.10,3.50
2008.07.25 14:03:53.974,1.9904,1.9905,1.10,4.70
2008.07.25 14:03:54.201,1.9903,1.9905,9.00,5.20
2008.07.25 14:03:54.526,1.9903,1.9905,9.40,4.70
2008.07.25 14:03:54.853,1.9903,1.9905,4.20,4.30
2008.07.25 14:03:55.171,1.9903,1.9904,3.20,3.20
2008.07.25 14:03:55.409,1.9903,1.9905,3.20,3.90
2008.07.25 14:03:55.613,1.9903,1.9905,3.20,4.40
2008.07.25 14:03:55.810,1.9903,1.9905,3.20,4.30
2008.07.25 14:03:56.612,1.9903,1.9905,3.20,5.40
2008.07.25 14:03:57.007,1.9903,1.9905,2.10,4.80
2008.07.25 14:03:57.361,1.9903,1.9905,2.70,4.80
2008.07.25 14:03:57.668,1.9903,1.9905,2.70,4.90
2008.07.25 14:03:58.163,1.9903,1.9905,2.10,4.90
2008.07.25 14:03:58.318,1.9903,1.9905,2.70,4.90
2008.07.25 14:03:58.986,1.9903,1.9905,2.70,5.20
2008.07.25 14:03:59.222,1.9903,1.9905,2.70,4.80
2008.07.25 14:04:00.098,1.9903,1.9905,2.70,3.70
2008.07.25 14:04:00.628,1.9903,1.9905,2.70,3.90
2008.07.25 14:04:01.099,1.9903,1.9905,2.70,3.70
2008.07.25 14:04:01.347,1.99035,1.9905,3.20,3.20
2008.07.25 14:04:02.291,1.99035,1.9906,3.20,15.70
2008.07.25 14:04:02.620,1.9905,1.9906,1.00,15.70
2008.07.25 14:04:02.774,1.9905,1.9906,1.00,15.20
2008.07.25 14:04:03.189,1.99025,1.9905,3.70,3.20
2008.07.25 14:04:03.340,1.99025,1.9905,2.70,3.20
2008.07.25 14:04:03.803,1.99025,1.9906,3.70,15.20
2008.07.25 14:04:04.040,1.99025,1.9906,3.70,16.00
2008.07.25 14:04:04.789,1.9905,1.9906,1.00,16.00
2008.07.25 14:04:05.342,1.9905,1.99055,1.00,1.00
2008.07.25 14:04:05.582,1.99025,1.9906,3.70,16.00
2008.07.25 14:04:06.227,1.99025,1.9906,3.70,9.80
2008.07.25 14:04:08.638,1.99035,1.99055,3.70,1.00
2008.07.25 14:04:08.896,1.99035,1.99055,3.20,1.00
2008.07.25 14:04:09.002,1.99035,1.99055,3.70,1.00
2008.07.25 14:04:10.078,1.9903,1.9905,3.20,3.70
2008.07.25 14:04:10.406,1.9903,1.9905,3.20,3.90
2008.07.25 14:04:10.968,1.99035,1.9905,3.20,1.00
2008.07.25 14:04:11.242,1.99035,1.99055,3.70,1.00
2008.07.25 14:04:11.735,1.99035,1.9905,3.70,3.20
2008.07.25 14:04:12.005,1.99035,1.9905,3.20,3.20
2008.07.25 14:04:12.283,1.9903,1.9905,5.90,1.00
2008.07.25 14:04:12.536,1.9903,1.9905,2.70,4.10
2008.07.25 14:04:12.757,1.9903,1.9905,3.20,4.10
2008.07.25 14:04:13.165,1.9903,1.9905,3.20,5.20
2008.07.25 14:04:14.120,1.9903,1.9905,3.20,3.90
2008.07.25 14:04:15.456,1.9903,1.9905,3.20,4.30
2008.07.25 14:04:15.925,1.9903,1.9905,3.20,4.50
2008.07.25 14:04:16.655,1.9903,1.9905,3.20,3.90
2008.07.25 14:04:19.805,1.9905,1.99055,1.00,4.70
2008.07.25 14:04:20.397,1.9905,1.9906,1.00,16.40
2008.07.25 14:04:21.037,1.9905,1.99055,1.00,4.20
2008.07.25 14:04:21.244,1.99045,1.9905,1.10,3.90
2008.07.25 14:04:21.353,1.9903,1.9904,5.90,1.00
2008.07.25 14:04:21.765,1.99045,1.9905,1.10,6.00
2008.07.25 14:04:22.117,1.99045,1.9905,1.10,3.90
2008.07.25 14:04:24.475,1.99045,1.9905,1.00,3.90
2008.07.25 14:04:24.968,1.9904,1.9905,1.00,3.90
2008.07.25 14:04:25.776,1.9904,1.9905,1.60,3.90
2008.07.25 14:04:27.653,1.9904,1.9905,1.00,3.90
2008.07.25 14:04:29.306,1.9903,1.9905,2.70,3.20
2008.07.25 14:04:30.776,1.99035,1.9905,2.10,3.20
2008.07.25 14:04:30.908,1.99035,1.9905,2.10,1.00
2008.07.25 14:04:31.038,1.9904,1.9905,2.10,1.00
2008.07.25 14:04:31.182,1.9904,1.9905,2.10,1.00
2008.07.25 14:04:31.833,1.99035,1.9905,3.70,1.00
2008.07.25 14:04:32.152,1.9903,1.9905,2.70,3.50
2008.07.25 14:04:32.465,1.9903,1.9905,1.60,3.50
2008.07.25 14:04:32.612,1.9903,1.9905,1.60,3.50
2008.07.25 14:04:32.797,1.9903,1.9905,1.60,3.50
2008.07.25 14:04:33.340,1.9903,1.9904,4.80,1.00
2008.07.25 14:04:33.530,1.9903,1.9904,3.70,1.00
2008.07.25 14:04:35.971,1.9903,1.9904,1.00,1.00
2008.07.25 14:04:36.323,1.9903,1.9904,1.00,9.10
2008.07.25 14:04:36.721,1.9903,1.9904,1.00,4.10
2008.07.25 14:04:37.072,1.99035,1.9904,1.00,4.10
2008.07.25 14:04:37.422,1.99035,1.9904,1.00,3.90
2008.07.25 14:04:38.559,1.99035,1.9904,1.00,4.40
2008.07.25 14:04:39.029,1.99035,1.9904,1.00,9.80
2008.07.25 14:04:40.065,1.99035,1.9904,1.00,9.30
2008.07.25 14:04:40.364,1.99035,1.9904,1.00,11.80
2008.07.25 14:04:40.855,1.99035,1.9904,1.00,12.60
2008.07.25 14:04:41.028,1.99035,1.9904,1.00,1.00
2008.07.25 14:04:41.564,1.99035,1.9904,1.60,1.00
2008.07.25 14:04:42.711,1.99035,1.9904,1.60,1.00
2008.07.25 14:04:42.874,1.99035,1.9904,1.60,3.70
2008.07.25 14:04:43.259,1.99035,1.9904,1.60,1.00
2008.07.25 14:04:43.399,1.99035,1.9904,1.00,1.00
2008.07.25 14:04:43.888,1.99035,1.9904,1.00,3.70
2008.07.25 14:04:44.529,1.99035,1.9904,1.00,1.00
2008.07.25 14:04:45.078,1.99035,1.9904,1.00,3.70
2008.07.25 14:04:45.357,1.99035,1.9904,1.00,3.20
2008.07.25 14:04:47.858,1.99035,1.9904,1.00,3.20
2008.07.25 14:04:48.069,1.99035,1.9905,1.00,10.90
2008.07.25 14:04:48.438,1.99035,1.9905,1.00,10.30
2008.07.25 14:04:48.568,1.99035,1.9905,1.00,9.30
2008.07.25 14:04:48.649,1.99035,1.9905,1.00,9.10
2008.07.25 14:04:48.851,1.99035,1.9905,1.00,3.70
2008.07.25 14:04:49.156,1.99035,1.9905,1.60,3.70
2008.07.25 14:04:49.357,1.99035,1.9905,1.60,4.80
2008.07.25 14:04:49.755,1.99035,1.9905,1.00,4.80
2008.07.25 14:04:50.356,1.99035,1.9904,1.00,3.20
2008.07.25 14:04:50.807,1.99035,1.9905,1.00,4.50
2008.07.25 14:04:50.983,1.99035,1.9905,1.00,3.20
2008.07.25 14:04:51.213,1.99035,1.9904,1.00,3.20
2008.07.25 14:04:53.176,1.9903,1.9905,1.00,3.20
2008.07.25 14:04:55.608,1.99045,1.9905,2.10,3.20
2008.07.25 14:04:55.916,1.9903,1.9905,1.00,3.20
2008.07.25 14:04:56.066,1.9903,1.9905,5.90,5.40
2008.07.25 14:04:56.217,1.9903,1.9905,11.30,5.40
2008.07.25 14:04:56.386,1.9903,1.9904,11.30,1.00
2008.07.25 14:04:56.543,1.9904,1.99045,1.00,1.10
2008.07.25 14:04:56.692,1.99035,1.9905,2.10,10.20
2008.07.25 14:04:57.006,1.99035,1.9905,2.70,3.50
2008.07.25 14:04:57.361,1.9904,1.9905,1.00,4.50
2008.07.25 14:04:57.853,1.9903,1.9905,1.00,3.50
2008.07.25 14:04:58.216,1.9903,1.9905,1.00,3.20
2008.07.25 14:04:58.458,1.99045,1.9905,2.10,3.20
2008.07.25 14:04:58.728,1.9905,1.99055,1.00,1.00
2008.07.25 14:04:58.878,1.9904,1.9905,4.80,3.20
2008.07.25 14:04:59.016,1.9904,1.9905,10.20,3.20
2008.07.25 14:04:59.225,1.9904,1.9905,1.00,3.20
2008.07.25 14:04:59.634,1.9904,1.9905,3.70,1.00
2008.07.25 14:05:00.065,1.99035,1.9905,1.60,1.00
2008.07.25 14:05:00.275,1.99035,1.9905,1.60,1.00
2008.07.25 14:05:00.554,1.9903,1.9905,1.60,1.00
2008.07.25 14:05:01.105,1.9903,1.9905,1.60,3.20
2008.07.25 14:05:02.826,1.99045,1.9905,1.00,3.20
2008.07.25 14:05:02.968,1.99045,1.9905,1.60,1.00
2008.07.25 14:05:03.107,1.99035,1.9905,1.60,1.00
2008.07.25 14:05:04.223,1.99035,1.9905,1.60,1.00
2008.07.25 14:05:04.439,1.99035,1.9905,1.00,4.30
2008.07.25 14:05:05.891,1.99035,1.9905,1.60,3.20
2008.07.25 14:05:06.124,1.99035,1.9905,2.10,3.20
2008.07.25 14:05:06.468,1.99035,1.9905,2.10,1.00
2008.07.25 14:05:07.163,1.99035,1.9905,1.00,1.00
2008.07.25 14:05:08.127,1.99035,1.9905,1.00,1.00
2008.07.25 14:05:08.337,1.99035,1.9905,1.00,1.40
2008.07.25 14:05:08.544,1.99035,1.9905,1.00,3.60
2008.07.25 14:05:08.977,1.99035,1.9905,1.60,3.60
2008.07.25 14:05:10.621,1.99035,1.9905,1.00,3.60
2008.07.25 14:05:11.035,1.99035,1.9905,1.60,3.60
2008.07.25 14:05:11.165,1.99035,1.9905,1.00,3.60
2008.07.25 14:05:12.422,1.99035,1.9905,1.60,3.60
2008.07.25 14:05:14.135,1.99035,1.9905,1.00,3.60
2008.07.25 14:05:16.765,1.9904,1.9905,3.20,3.60
2008.07.25 14:05:16.945,1.9905,1.9906,1.00,15.70
2008.07.25 14:05:17.310,1.99035,1.9905,7.00,1.00
2008.07.25 14:05:17.664,1.99035,1.9905,7.00,3.20
2008.07.25 14:05:18.025,1.99035,1.9905,1.00,3.20
2008.07.25 14:05:19.668,1.99035,1.9905,1.00,3.50
2008.07.25 14:05:19.847,1.99035,1.9905,1.00,3.70
2008.07.25 14:05:20.018,1.99035,1.9905,1.00,3.50
2008.07.25 14:05:20.411,1.99035,1.9905,1.00,3.90
2008.07.25 14:05:20.715,1.99035,1.9905,1.00,3.20
2008.07.25 14:05:21.311,1.99035,1.9905,1.00,3.50
2008.07.25 14:05:21.473,1.99035,1.9905,1.00,3.70
2008.07.25 14:05:21.909,1.99035,1.9905,1.00,3.50
2008.07.25 14:05:22.209,1.99035,1.9905,1.00,3.70
2008.07.25 14:05:22.560,1.99035,1.9905,1.00,3.90
2008.07.25 14:05:22.910,1.99035,1.9905,1.00,3.50
2008.07.25 14:05:23.261,1.9904,1.9905,1.00,4.40
2008.07.25 14:05:23.696,1.9903,1.9905,4.80,3.50
2008.07.25 14:05:24.884,1.9903,1.9905,4.80,3.50
2008.07.25 14:05:25.585,1.99025,1.99045,7.00,1.00
2008.07.25 14:05:25.845,1.99025,1.9904,6.40,1.00
2008.07.25 14:05:26.620,1.99025,1.9904,6.40,1.00
2008.07.25 14:05:26.959,1.99025,1.9904,6.40,1.00
2008.07.25 14:05:27.298,1.99025,1.9904,6.40,1.00
2008.07.25 14:05:27.642,1.9902,1.9904,4.80,1.40
2008.07.25 14:05:27.906,1.9902,1.9903,4.80,1.00
2008.07.25 14:05:28.678,1.9902,1.9903,3.70,1.00
2008.07.25 14:05:29.291,1.9902,1.9903,3.70,1.00
2008.07.25 14:05:29.799,1.9903,1.9904,1.00,7.30
2008.07.25 14:05:30.503,1.99025,1.9903,1.10,1.00
2008.07.25 14:05:31.108,1.9903,1.9904,1.00,7.00
2008.07.25 14:05:31.305,1.9903,1.9904,1.00,6.80
2008.07.25 14:05:31.497,1.9903,1.9904,1.00,6.60
2008.07.25 14:05:31.850,1.9903,1.9904,1.00,6.40
2008.07.25 14:05:32.201,1.9903,1.9904,1.00,7.00
2008.07.25 14:05:33.049,1.9903,1.9904,1.00,6.40
2008.07.25 14:05:33.307,1.9903,1.9904,1.00,6.70
2008.07.25 14:05:33.575,1.9904,1.9905,1.00,5.80
2008.07.25 14:05:33.758,1.99035,1.9904,1.10,3.20
2008.07.25 14:05:33.937,1.9904,1.99045,1.00,1.00
2008.07.25 14:05:34.121,1.9904,1.99045,3.70,1.00
2008.07.25 14:05:34.525,1.9904,1.99045,1.00,1.00
2008.07.25 14:05:34.876,1.9904,1.99045,3.70,1.00
2008.07.25 14:05:35.238,1.9904,1.99045,1.00,1.00
2008.07.25 14:05:35.929,1.9904,1.99045,3.70,1.00
2008.07.25 14:05:36.437,1.9904,1.9905,3.70,1.00
2008.07.25 14:05:37.968,1.9904,1.9905,3.70,1.70
2008.07.25 14:05:38.153,1.9904,1.99045,3.70,1.00
2008.07.25 14:05:41.382,1.9904,1.99055,3.70,1.00
2008.07.25 14:05:41.520,1.9904,1.99045,3.70,1.00
2008.07.25 14:05:41.794,1.9904,1.9905,1.00,3.20
2008.07.25 14:05:42.287,1.9904,1.99045,3.70,1.00
2008.07.25 14:05:42.635,1.9904,1.99045,3.70,1.00
2008.07.25 14:05:43.446,1.9904,1.9905,3.70,1.00
2008.07.25 14:05:43.590,1.9904,1.9905,1.00,3.20
2008.07.25 14:05:44.474,1.99035,1.9905,1.00,3.20
2008.07.25 14:05:45.866,1.99035,1.99045,1.00,1.00
2008.07.25 14:05:46.338,1.99035,1.9905,1.00,3.20
2008.07.25 14:05:46.638,1.99035,1.9905,1.00,3.20
2008.07.25 14:05:46.775,1.9903,1.9905,4.80,3.20
2008.07.25 14:05:47.171,1.99035,1.9905,1.00,4.40
2008.07.25 14:05:47.658,1.9903,1.9905,3.70,3.20
2008.07.25 14:05:48.060,1.99035,1.9905,3.70,3.20
2008.07.25 14:05:48.415,1.99035,1.99055,4.30,1.60
2008.07.25 14:05:48.903,1.99035,1.9905,4.30,1.00
2008.07.25 14:05:49.076,1.99035,1.99055,4.30,1.00
2008.07.25 14:05:49.516,1.99035,1.9905,1.00,1.00
2008.07.25 14:05:49.763,1.99035,1.9905,1.00,4.00
2008.07.25 14:05:50.250,1.99035,1.9905,1.00,4.40
2008.07.25 14:05:50.450,1.9903,1.9905,3.70,4.30
2008.07.25 14:05:52.271,1.9903,1.9905,4.80,3.20
2008.07.25 14:05:55.340,1.99045,1.9905,1.00,3.20
2008.07.25 14:05:55.653,1.99035,1.9905,1.00,3.20
2008.07.25 14:05:56.288,1.9903,1.9905,4.80,3.20
2008.07.25 14:05:56.452,1.9903,1.9905,3.70,3.20
2008.07.25 14:05:56.752,1.9904,1.9905,1.00,3.20
2008.07.25 14:05:57.058,1.9904,1.9905,3.70,1.00
2008.07.25 14:05:59.889,1.9904,1.9905,1.00,3.20
2008.07.25 14:06:00.256,1.9904,1.9905,1.00,3.60
2008.07.25 14:06:00.611,1.9903,1.9905,4.80,4.10
2008.07.25 14:06:00.918,1.9903,1.9904,3.70,1.00
2008.07.25 14:06:01.260,1.9903,1.9904,4.80,1.00
2008.07.25 14:06:01.435,1.9903,1.99035,4.80,1.00
2008.07.25 14:06:02.108,1.9903,1.9905,3.70,4.70
2008.07.25 14:06:02.466,1.9903,1.99035,3.70,1.00
2008.07.25 14:06:02.823,1.9903,1.9905,3.70,15.50
2008.07.25 14:06:03.112,1.9903,1.9905,3.70,17.60
2008.07.25 14:06:03.402,1.9903,1.9904,3.70,1.00
2008.07.25 14:06:03.681,1.99025,1.99045,7.00,1.00
2008.07.25 14:06:03.962,1.9903,1.99045,3.20,1.00
2008.07.25 14:06:04.171,1.9904,1.99045,3.70,1.00
2008.07.25 14:06:04.815,1.99035,1.9904,7.50,1.00
2008.07.25 14:06:05.996,1.9904,1.99055,3.70,1.00
2008.07.25 14:06:06.100,1.99035,1.9904,4.20,1.00
2008.07.25 14:06:12.898,1.9903,1.99035,13.30,1.00
2008.07.25 14:06:13.256,1.99035,1.99055,3.70,1.00
2008.07.25 14:06:13.492,1.99035,1.99055,6.40,1.00
2008.07.25 14:06:13.621,1.99035,1.9907,6.40,14.00
2008.07.25 14:06:13.990,1.99035,1.99055,6.40,1.00
2008.07.25 14:06:14.262,1.9904,1.99055,3.70,1.00
2008.07.25 14:06:14.488,1.9904,1.9906,3.70,1.00
2008.07.25 14:06:14.916,1.9904,1.9905,1.00,1.00
2008.07.25 14:06:16.482,1.99035,1.9905,3.70,1.00
2008.07.25 14:06:16.927,1.99035,1.9905,6.40,1.00
2008.07.25 14:06:17.972,1.9904,1.9905,3.70,5.40
2008.07.25 14:06:18.379,1.9903,1.9905,9.10,8.90
2008.07.25 14:06:18.501,1.9903,1.9905,9.10,9.90
2008.07.25 14:06:18.728,1.9903,1.9905,9.10,10.30
2008.07.25 14:06:19.156,1.9903,1.9905,9.10,9.30
2008.07.25 14:06:19.276,1.9903,1.9905,10.20,3.90
2008.07.25 14:06:19.803,1.9903,1.9905,1.00,8.60
2008.07.25 14:06:20.155,1.9903,1.9905,1.00,9.30
2008.07.25 14:06:20.508,1.9903,1.9905,1.00,9.40
2008.07.25 14:06:20.667,1.9903,1.9905,1.00,9.30
2008.07.25 14:06:21.296,1.9903,1.9905,1.00,9.70
2008.07.25 14:06:21.458,1.9903,1.9904,1.00,1.00
2008.07.25 14:06:22.824,1.9903,1.9904,1.00,4.50
2008.07.25 14:06:23.579,1.9903,1.9904,1.00,4.40
2008.07.25 14:06:23.994,1.9903,1.9904,1.00,4.30
2008.07.25 14:06:24.984,1.9903,1.9905,1.60,14.90
2008.07.25 14:06:25.579,1.99035,1.99045,1.60,1.00
2008.07.25 14:06:26.284,1.99035,1.99055,2.10,1.00
2008.07.25 14:06:26.995,1.99035,1.9905,2.10,3.20
2008.07.25 14:06:27.702,1.99035,1.9906,2.10,11.70
2008.07.25 14:06:27.933,1.99035,1.99055,2.10,1.00
2008.07.25 14:06:28.238,1.99035,1.9905,1.60,1.00
2008.07.25 14:06:29.346,1.99035,1.9905,2.10,1.00
2008.07.25 14:06:30.205,1.9904,1.9905,1.00,1.00
2008.07.25 14:06:30.976,1.9904,1.99055,1.00,1.00
2008.07.25 14:06:31.558,1.99035,1.99055,4.80,1.00
2008.07.25 14:06:31.721,1.99035,1.99055,4.80,1.00
2008.07.25 14:06:32.230,1.99035,1.9905,1.60,1.00
2008.07.25 14:06:32.639,1.9903,1.99045,3.70,1.00
2008.07.25 14:06:32.995,1.9903,1.9905,1.60,4.90
2008.07.25 14:06:33.552,1.99025,1.99045,2.10,1.00
2008.07.25 14:06:35.341,1.99025,1.9904,1.00,1.00
2008.07.25 14:06:35.913,1.9903,1.9904,1.00,1.00
2008.07.25 14:06:36.346,1.99025,1.9904,1.00,1.00
2008.07.25 14:06:36.509,1.9903,1.9904,1.00,1.00
2008.07.25 14:06:36.858,1.99035,1.9904,1.00,1.00
2008.07.25 14:06:37.038,1.9903,1.9904,1.00,1.00
2008.07.25 14:06:38.761,1.9903,1.9904,1.00,4.30
2008.07.25 14:06:38.930,1.9903,1.9904,1.00,1.00
2008.07.25 14:06:40.161,1.9903,1.9904,1.00,4.30
2008.07.25 14:06:40.743,1.9903,1.9904,1.00,3.70
2008.07.25 14:06:40.951,1.9903,1.9904,3.70,1.00
2008.07.25 14:06:41.420,1.9903,1.9904,1.60,1.00
2008.07.25 14:06:41.592,1.9903,1.9905,1.60,9.70
2008.07.25 14:06:41.752,1.9903,1.9905,1.60,1.00
2008.07.25 14:06:43.039,1.9903,1.9905,1.60,3.20
2008.07.25 14:06:43.557,1.9903,1.9905,1.60,1.00
2008.07.25 14:06:43.900,1.9903,1.9905,1.60,3.20
2008.07.25 14:06:45.223,1.9903,1.9905,1.60,1.00
2008.07.25 14:06:45.599,1.99035,1.9905,1.60,1.00
2008.07.25 14:06:45.714,1.99035,1.9905,1.60,1.00
2008.07.25 14:06:46.560,1.99035,1.9905,1.60,1.00
2008.07.25 14:06:47.173,1.99035,1.9904,1.00,1.00
2008.07.25 14:06:51.065,1.9903,1.9904,3.70,1.00
2008.07.25 14:06:51.237,1.9903,1.9904,1.60,1.00
2008.07.25 14:06:51.403,1.9903,1.9905,1.60,7.50
2008.07.25 14:06:51.551,1.9903,1.9905,1.60,3.20
2008.07.25 14:06:52.040,1.99045,1.9905,1.00,1.00
2008.07.25 14:06:52.412,1.99035,1.9904,1.60,1.00
2008.07.25 14:06:52.771,1.99035,1.99045,1.60,1.00
2008.07.25 14:06:53.196,1.9904,1.99045,1.60,1.00
2008.07.25 14:06:53.881,1.99035,1.9904,1.60,1.00
2008.07.25 14:06:54.221,1.99045,1.99055,1.00,1.00
2008.07.25 14:06:54.404,1.99055,1.9906,1.00,4.58
2008.07.25 14:06:54.579,1.9906,1.9907,1.00,14.40
2008.07.25 14:06:54.751,1.99055,1.9906,5.20,3.20
2008.07.25 14:06:55.079,1.99055,1.9907,3.70,5.40
2008.07.25 14:06:55.398,1.9907,1.9908,1.00,4.90
2008.07.25 14:06:55.724,1.9906,1.9908,1.00,4.80
2008.07.25 14:06:55.972,1.99055,1.9908,4.30,4.80
2008.07.25 14:06:56.290,1.9906,1.99075,13.50,1.00
2008.07.25 14:06:56.595,1.9906,1.99075,3.70,1.00
2008.07.25 14:06:56.769,1.9905,1.9906,14.00,1.00
2008.07.25 14:06:57.129,1.9905,1.9907,7.50,4.70
2008.07.25 14:06:57.486,1.9905,1.9907,1.00,4.70
2008.07.25 14:06:57.859,1.9905,1.9906,1.00,4.00
2008.07.25 14:06:58.168,1.9906,1.99065,1.00,4.50
2008.07.25 14:06:58.453,1.99065,1.9907,1.00,14.88
2008.07.25 14:06:58.733,1.99065,1.9907,1.00,15.30
2008.07.25 14:06:59.011,1.99065,1.9907,1.00,15.20
2008.07.25 14:06:59.244,1.99055,1.9906,7.50,6.00
2008.07.25 14:06:59.470,1.99065,1.9907,3.80,32.90
2008.07.25 14:06:59.696,1.99065,1.9907,3.80,9.70
2008.07.25 14:06:59.918,1.9907,1.9909,1.00,9.00
2008.07.25 14:07:00.932,1.9907,1.9909,6.40,9.00
2008.07.25 14:07:01.131,1.9907,1.99075,2.70,1.00
2008.07.25 14:07:01.300,1.9906,1.99075,1.00,1.00
2008.07.25 14:07:01.470,1.99055,1.9906,5.80,1.00
2008.07.25 14:07:01.817,1.9906,1.9908,1.00,1.00
2008.07.25 14:07:02.166,1.9906,1.9908,1.00,5.40
2008.07.25 14:07:03.197,1.9906,1.9908,1.00,5.60
2008.07.25 14:07:06.354,1.9906,1.9908,1.00,5.80
2008.07.25 14:07:06.489,1.99065,1.9908,1.00,5.80
2008.07.25 14:07:06.620,1.99065,1.9908,1.00,1.00
2008.07.25 14:07:06.748,1.9906,1.9908,1.00,1.00
2008.07.25 14:07:06.907,1.9906,1.9908,1.00,1.00
2008.07.25 14:07:07.976,1.9907,1.9909,1.00,7.40
2008.07.25 14:07:08.565,1.9907,1.9909,1.00,6.60
2008.07.25 14:07:08.708,1.99075,1.9909,1.00,6.60
2008.07.25 14:07:08.837,1.99075,1.9909,1.00,4.40
2008.07.25 14:07:08.990,1.99075,1.9909,1.00,3.90
2008.07.25 14:07:09.234,1.9908,1.9909,1.00,3.90
2008.07.25 14:07:09.367,1.9908,1.99095,1.00,1.00
2008.07.25 14:07:09.631,1.99085,1.991,1.00,7.80
2008.07.25 14:07:09.885,1.99095,1.991,1.00,6.70
2008.07.25 14:07:10.134,1.99095,1.991,1.00,6.40
2008.07.25 14:07:10.388,1.99095,1.991,1.00,5.40
2008.07.25 14:07:10.723,1.9909,1.991,5.90,5.40
2008.07.25 14:07:11.044,1.9909,1.991,5.90,1.00
2008.07.25 14:07:11.368,1.9909,1.99095,5.90,1.00
2008.07.25 14:07:11.667,1.9908,1.9909,14.80,1.00
2008.07.25 14:07:11.957,1.9908,1.9909,1.00,1.00
2008.07.25 14:07:12.243,1.9908,1.9909,1.00,1.00
2008.07.25 14:07:12.523,1.9908,1.9909,1.00,1.00
2008.07.25 14:07:13.564,1.9907,1.9909,1.00,4.50
2008.07.25 14:07:13.684,1.9907,1.9909,1.00,4.70
2008.07.25 14:07:14.263,1.99075,1.9909,1.60,3.60
2008.07.25 14:07:14.383,1.99075,1.9909,1.60,1.00
2008.07.25 14:07:14.502,1.99075,1.9909,1.60,1.00
2008.07.25 14:07:14.904,1.99075,1.9909,1.60,3.20
2008.07.25 14:07:15.226,1.9907,1.9909,1.00,4.30
2008.07.25 14:07:15.512,1.9907,1.9908,10.20,1.00
2008.07.25 14:07:15.960,1.9907,1.9908,3.70,1.00
2008.07.25 14:07:16.544,1.9907,1.9908,1.00,1.00
2008.07.25 14:07:16.897,1.9907,1.99075,1.00,1.00
2008.07.25 14:07:17.592,1.9906,1.99075,4.80,1.00
2008.07.25 14:07:17.946,1.99055,1.99075,1.60,1.00
2008.07.25 14:07:18.245,1.9906,1.99075,1.00,1.00
2008.07.25 14:07:18.544,1.9906,1.99085,1.00,2.20
2008.07.25 14:07:18.975,1.99055,1.9906,3.80,1.00
2008.07.25 14:07:19.183,1.99055,1.99095,1.60,12.50
2008.07.25 14:07:19.388,1.99055,1.99085,1.60,1.00
2008.07.25 14:07:19.784,1.9906,1.99095,1.00,5.50
2008.07.25 14:07:20.489,1.99055,1.9906,5.80,1.00
2008.07.25 14:07:20.855,1.9907,1.9908,1.00,1.00
2008.07.25 14:07:21.133,1.9907,1.99085,1.00,1.40
2008.07.25 14:07:21.285,1.9907,1.99075,1.00,1.00
2008.07.25 14:07:21.446,1.99055,1.99075,4.30,1.00
2008.07.25 14:07:21.721,1.9905,1.99055,9.10,1.00
2008.07.25 14:07:22.078,1.99055,1.9908,1.60,14.80
2008.07.25 14:07:22.780,1.9906,1.99075,3.70,1.00
2008.07.25 14:07:23.955,1.9906,1.9907,3.70,1.00
2008.07.25 14:07:24.114,1.99055,1.9906,2.10,1.00
2008.07.25 14:07:24.426,1.9906,1.9907,1.60,7.60
2008.07.25 14:07:24.597,1.99065,1.9907,1.00,7.60
2008.07.25 14:07:24.787,1.99065,1.9907,1.00,4.40
2008.07.25 14:07:25.640,1.9906,1.9907,1.00,4.40
2008.07.25 14:07:25.974,1.9905,1.9907,1.00,4.40
2008.07.25 14:07:26.124,1.9905,1.9907,1.00,4.70
2008.07.25 14:07:27.150,1.9905,1.9906,1.00,1.00
2008.07.25 14:07:27.504,1.9905,1.99055,1.00,1.00
2008.07.25 14:07:28.971,1.99055,1.9907,1.60,1.00
2008.07.25 14:07:29.217,1.99055,1.9907,1.60,1.00
2008.07.25 14:07:29.307,1.99055,1.9906,1.60,1.00
2008.07.25 14:07:29.518,1.99055,1.99065,1.60,1.00
2008.07.25 14:07:29.608,1.99055,1.9907,2.10,1.00
2008.07.25 14:07:30.308,1.99065,1.9907,1.00,1.00
2008.07.25 14:07:31.805,1.9906,1.9907,3.70,1.00
2008.07.25 14:07:33.024,1.99055,1.9907,2.10,1.00
2008.07.25 14:07:33.380,1.9906,1.9907,3.70,1.00
2008.07.25 14:07:34.932,1.99065,1.9907,1.00,1.00
2008.07.25 14:07:35.211,1.9907,1.99075,1.00,1.00
2008.07.25 14:07:35.504,1.99075,1.9908,1.00,17.50
2008.07.25 14:07:35.777,1.9904,1.9907,5.40,2.00
2008.07.25 14:07:35.886,1.9904,1.9907,2.10,6.20
2008.07.25 14:07:35.997,1.99035,1.9907,5.40,6.20
2008.07.25 14:07:36.107,1.99035,1.9906,5.40,1.00
2008.07.25 14:07:36.218,1.99035,1.9906,1.60,1.00
2008.07.25 14:07:36.330,1.99035,1.9906,1.60,1.00
2008.07.25 14:07:36.547,1.99035,1.99065,1.60,1.00
2008.07.25 14:07:36.707,1.99035,1.99065,1.60,1.00
2008.07.25 14:07:38.038,1.9906,1.99065,1.00,1.00
2008.07.25 14:07:38.243,1.9904,1.9906,1.60,1.00
2008.07.25 14:07:38.494,1.9905,1.9906,1.00,1.00
2008.07.25 14:07:38.696,1.9904,1.9906,1.00,1.00
2008.07.25 14:07:38.898,1.9903,1.9906,2.10,1.20
2008.07.25 14:07:39.096,1.9904,1.9906,2.10,1.00
2008.07.25 14:07:40.005,1.9904,1.9906,2.10,1.20
2008.07.25 14:07:40.215,1.9904,1.9906,2.10,1.40
2008.07.25 14:07:40.478,1.9904,1.9906,7.40,1.80
2008.07.25 14:07:40.688,1.9904,1.99055,2.60,1.00
2008.07.25 14:07:41.278,1.99055,1.9906,1.10,11.60
2008.07.25 14:07:41.458,1.9904,1.99055,3.90,1.00
2008.07.25 14:07:42.256,1.9902,1.9905,2.10,4.30
2008.07.25 14:07:42.575,1.9902,1.9905,2.10,4.40
2008.07.25 14:07:42.894,1.9902,1.9905,2.10,7.10
2008.07.25 14:07:43.277,1.9902,1.9905,2.10,8.90
2008.07.25 14:07:43.505,1.9903,1.9905,2.10,5.10
2008.07.25 14:07:43.735,1.9903,1.9905,2.10,9.40
2008.07.25 14:07:44.893,1.9905,1.99055,1.00,10.20
2008.07.25 14:07:44.997,1.9903,1.9904,2.10,1.00
2008.07.25 14:07:45.406,1.99035,1.99045,2.10,1.00
2008.07.25 14:07:45.725,1.99035,1.9905,2.10,8.70
2008.07.25 14:07:45.997,1.9902,1.9904,2.10,7.10
2008.07.25 14:07:46.273,1.9902,1.9904,2.10,7.40
2008.07.25 14:07:46.446,1.9902,1.9904,1.60,7.60
2008.07.25 14:07:46.916,1.9902,1.9904,1.60,7.50
2008.07.25 14:07:47.765,1.9902,1.9904,1.60,6.20
2008.07.25 14:07:48.121,1.9902,1.9904,1.60,5.80
2008.07.25 14:07:48.613,1.9902,1.9904,1.00,5.80
2008.07.25 14:07:49.132,1.9902,1.9904,1.00,5.90
2008.07.25 14:07:49.525,1.9902,1.9904,1.00,4.90
2008.07.25 14:07:49.755,1.9902,1.9904,1.00,6.00
2008.07.25 14:07:50.037,1.9902,1.9904,1.00,6.60
2008.07.25 14:07:50.178,1.9902,1.9904,1.00,5.60
2008.07.25 14:07:50.918,1.9902,1.9904,1.00,6.40
2008.07.25 14:07:51.262,1.9902,1.99025,3.70,1.00
2008.07.25 14:07:51.407,1.9902,1.99035,2.10,8.70
2008.07.25 14:07:51.578,1.9902,1.9903,2.10,6.00
2008.07.25 14:07:51.716,1.9902,1.9903,2.10,5.40
2008.07.25 14:07:51.897,1.9902,1.99045,2.10,7.00
2008.07.25 14:07:52.197,1.9902,1.9904,4.30,7.40
2008.07.25 14:07:52.558,1.9902,1.9903,3.20,1.20
2008.07.25 14:07:52.910,1.99,1.9903,17.80,7.60
2008.07.25 14:07:53.261,1.99005,1.9903,5.40,13.00
2008.07.25 14:07:53.551,1.99005,1.9903,5.40,7.60
2008.07.25 14:07:54.363,1.99015,1.9903,2.10,7.60
2008.07.25 14:07:54.547,1.99015,1.9903,2.70,7.10
2008.07.25 14:07:54.632,1.99015,1.9903,2.70,6.60
2008.07.25 14:07:54.820,1.99015,1.9903,2.70,6.40
2008.07.25 14:07:54.907,1.9902,1.9903,2.10,6.40
2008.07.25 14:07:55.080,1.9901,1.9903,6.40,3.20
2008.07.25 14:07:55.330,1.9903,1.99045,1.00,12.00
2008.07.25 14:07:55.687,1.9903,1.9904,1.00,3.20
2008.07.25 14:07:56.047,1.9901,1.9902,4.60,3.10
2008.07.25 14:07:56.404,1.9899,1.9902,5.90,4.30
2008.07.25 14:07:56.563,1.9899,1.9903,5.90,5.60
2008.07.25 14:07:56.695,1.9899,1.99025,19.00,1.60
2008.07.25 14:07:56.833,1.9898,1.9901,12.40,3.30
2008.07.25 14:07:57.082,1.9898,1.9901,7.00,3.20
2008.07.25 14:07:57.213,1.9898,1.9902,10.20,4.90
2008.07.25 14:07:57.375,1.98985,1.9902,6.40,3.90
2008.07.25 14:07:57.512,1.98995,1.9902,6.40,3.30
2008.07.25 14:07:57.897,1.98995,1.9902,6.40,3.20
2008.07.25 14:07:58.318,1.99,1.9903,5.90,5.20
2008.07.25 14:07:59.229,1.99,1.9903,5.90,5.20
2008.07.25 14:07:59.741,1.99,1.9903,5.90,5.80
2008.07.25 14:07:59.972,1.99,1.99025,2.70,1.00
2008.07.25 14:08:02.788,1.99,1.99025,2.10,1.00
2008.07.25 14:08:04.928,1.99,1.99025,11.80,1.00
2008.07.25 14:08:05.179,1.99,1.99015,10.20,1.00
2008.07.25 14:08:05.430,1.99,1.99015,5.40,1.00
2008.07.25 14:08:05.679,1.9899,1.9902,9.70,9.90
2008.07.25 14:08:05.943,1.99005,1.9902,3.20,1.40
2008.07.25 14:08:06.130,1.9899,1.9902,9.70,6.00
2008.07.25 14:08:06.483,1.98995,1.9902,5.90,6.00
2008.07.25 14:08:06.671,1.98995,1.9901,4.30,6.70
2008.07.25 14:08:06.849,1.9899,1.9901,9.70,1.00
2008.07.25 14:08:07.155,1.9899,1.9901,9.70,1.00
2008.07.25 14:08:07.462,1.9899,1.9902,9.70,6.40
2008.07.25 14:08:07.768,1.9899,1.9902,9.70,6.20
2008.07.25 14:08:08.030,1.99,1.9902,2.10,5.60
2008.07.25 14:08:08.293,1.99,1.9902,2.10,5.40
2008.07.25 14:08:08.824,1.99,1.9902,2.10,5.40
2008.07.25 14:08:08.959,1.99,1.9902,2.10,5.50
2008.07.25 14:08:09.647,1.99,1.9902,2.10,6.00
2008.07.25 14:08:09.791,1.98995,1.9902,2.70,6.40
2008.07.25 14:08:09.933,1.99005,1.9902,2.10,6.40
2008.07.25 14:08:10.222,1.9901,1.9902,2.10,5.90
2008.07.25 14:08:10.512,1.9901,1.9902,2.10,4.40
2008.07.25 14:08:10.807,1.9901,1.99025,2.10,1.00
2008.07.25 14:08:11.099,1.9901,1.9903,2.10,1.20
2008.07.25 14:08:11.728,1.9901,1.9903,1.00,1.20
2008.07.25 14:08:11.928,1.99005,1.9903,2.70,1.70
2008.07.25 14:08:12.219,1.9901,1.99025,10.20,1.00
2008.07.25 14:08:12.490,1.9901,1.99025,3.70,1.00
2008.07.25 14:08:12.760,1.99005,1.9903,2.70,5.80
2008.07.25 14:08:13.032,1.99005,1.9903,2.70,10.10
2008.07.25 14:08:13.284,1.99005,1.9903,2.70,5.80
2008.07.25 14:08:13.759,1.98995,1.9902,5.40,4.30
2008.07.25 14:08:14.011,1.98995,1.9902,5.40,7.60
2008.07.25 14:08:14.257,1.98995,1.9902,5.40,10.90
2008.07.25 14:08:14.370,1.98995,1.9902,5.40,12.00
2008.07.25 14:08:14.484,1.99005,1.9902,2.10,12.00
2008.07.25 14:08:14.589,1.99005,1.9902,2.10,11.40
2008.07.25 14:08:14.882,1.99005,1.9902,1.00,11.40
2008.07.25 14:08:14.989,1.99005,1.9902,1.00,11.30
2008.07.25 14:08:15.156,1.98995,1.99015,10.90,1.00
2008.07.25 14:08:15.507,1.98995,1.99015,13.00,1.00
2008.07.25 14:08:15.856,1.98995,1.9901,1.30,5.20
2008.07.25 14:08:16.206,1.98995,1.9901,1.30,5.90
2008.07.25 14:08:16.625,1.98995,1.9901,2.20,6.00
2008.07.25 14:08:17.091,1.9899,1.9901,6.40,6.00
2008.07.25 14:08:17.183,1.9899,1.9901,6.40,6.30
2008.07.25 14:08:17.271,1.98995,1.9901,1.30,6.30
2008.07.25 14:08:17.625,1.98995,1.9901,10.20,2.40
2008.07.25 14:08:17.918,1.98995,1.9901,4.40,1.40
2008.07.25 14:08:18.215,1.98995,1.99015,4.40,1.00
2008.07.25 14:08:20.397,1.99,1.99015,2.10,1.00
2008.07.25 14:08:20.691,1.98995,1.99015,9.10,1.00
2008.07.25 14:08:21.012,1.98995,1.9901,4.40,1.00
2008.07.25 14:08:21.465,1.98995,1.99015,5.40,1.00
2008.07.25 14:08:21.849,1.98995,1.9902,5.90,13.30
2008.07.25 14:08:22.185,1.98995,1.9902,5.90,8.90
2008.07.25 14:08:23.165,1.98995,1.9902,8.60,8.30
2008.07.25 14:08:23.399,1.98995,1.9902,8.60,6.70
2008.07.25 14:08:23.628,1.98995,1.9902,8.60,5.50
2008.07.25 14:08:23.880,1.98995,1.99015,8.60,1.00
2008.07.25 14:08:24.362,1.98995,1.9902,8.60,6.60
2008.07.25 14:08:26.147,1.99,1.9902,2.10,5.40
2008.07.25 14:08:26.267,1.99,1.9902,2.10,4.30
2008.07.25 14:08:26.505,1.99005,1.9902,2.10,4.30
2008.07.25 14:08:26.938,1.9901,1.9902,2.70,1.00
2008.07.25 14:08:27.296,1.9901,1.99025,3.20,1.00
2008.07.25 14:08:28.208,1.9902,1.9903,3.20,7.20
2008.07.25 14:08:28.515,1.9902,1.9903,3.20,5.10
2008.07.25 14:08:28.823,1.9902,1.9903,3.20,4.80
2008.07.25 14:08:29.014,1.99015,1.9903,6.40,4.30
2008.07.25 14:08:29.210,1.99035,1.9904,1.00,22.70
2008.07.25 14:08:29.619,1.99025,1.9903,1.00,1.00
2008.07.25 14:08:29.814,1.99025,1.9903,1.00,1.00
2008.07.25 14:08:30.099,1.99025,1.9903,1.00,2.10
2008.07.25 14:08:30.373,1.99025,1.9903,1.00,2.40
2008.07.25 14:08:30.644,1.99025,1.9903,1.10,5.60
2008.07.25 14:08:30.959,1.9901,1.9902,4.30,1.00
2008.07.25 14:08:31.149,1.9901,1.9902,4.30,1.00
2008.07.25 14:08:31.339,1.9901,1.99015,3.70,1.00
2008.07.25 14:08:31.528,1.99015,1.9902,1.30,1.20
2008.07.25 14:08:31.714,1.99015,1.9902,1.30,5.60
2008.07.25 14:08:31.904,1.99015,1.9902,1.30,1.00
2008.07.25 14:08:32.214,1.99015,1.9902,1.30,4.70
2008.07.25 14:08:32.853,1.99015,1.9902,1.30,4.50
2008.07.25 14:08:33.731,1.99015,1.9902,1.30,4.70
2008.07.25 14:08:34.007,1.99015,1.9902,1.30,4.10
2008.07.25 14:08:34.193,1.99015,1.9902,1.30,1.00
2008.07.25 14:08:34.327,1.9902,1.99025,1.30,1.00
2008.07.25 14:08:34.568,1.99015,1.9902,1.10,1.00
2008.07.25 14:08:34.693,1.99015,1.9902,1.00,1.00
2008.07.25 14:08:34.807,1.99015,1.9902,1.00,1.00
2008.07.25 14:08:35.187,1.99015,1.9902,1.00,3.30
2008.07.25 14:08:35.545,1.99015,1.9902,1.00,1.00
2008.07.25 14:08:35.932,1.99015,1.9902,1.00,4.40
2008.07.25 14:08:36.221,1.9901,1.9903,1.00,5.60
2008.07.25 14:08:36.373,1.99015,1.9903,1.00,5.60
2008.07.25 14:08:36.523,1.99015,1.9902,1.00,1.00
2008.07.25 14:08:36.671,1.99015,1.9903,1.00,19.70
2008.07.25 14:08:36.823,1.99015,1.9903,1.00,19.00
2008.07.25 14:08:37.202,1.99015,1.9903,1.00,18.30
2008.07.25 14:08:38.232,1.99015,1.9903,1.00,12.90
2008.07.25 14:08:38.462,1.99015,1.9903,1.00,12.60
2008.07.25 14:08:38.707,1.99015,1.99025,1.00,1.00
2008.07.25 14:08:38.946,1.9902,1.99025,1.00,1.00
2008.07.25 14:08:39.365,1.99005,1.9902,2.10,1.00
2008.07.25 14:08:39.570,1.9901,1.99025,1.00,1.00
2008.07.25 14:08:39.784,1.99005,1.99015,2.10,1.00
2008.07.25 14:08:40.029,1.98995,1.99015,9.70,1.00
2008.07.25 14:08:40.612,1.99,1.9902,5.90,3.70
2008.07.25 14:08:40.911,1.99,1.9902,5.90,1.00
2008.07.25 14:08:41.353,1.99,1.99025,6.40,1.00
2008.07.25 14:08:43.241,1.99005,1.9902,2.70,1.00
2008.07.25 14:08:47.233,1.99005,1.9902,2.10,1.00
2008.07.25 14:08:48.509,1.99005,1.9902,2.70,1.00
2008.07.25 14:08:49.552,1.99005,1.9902,2.10,1.00
2008.07.25 14:08:50.573,1.99005,1.99015,2.10,1.00
2008.07.25 14:08:50.897,1.99,1.99015,7.00,1.00
2008.07.25 14:08:51.181,1.99005,1.99015,7.50,1.00
2008.07.25 14:08:52.388,1.99005,1.9901,7.50,1.00
2008.07.25 14:08:53.041,1.99015,1.9903,4.30,3.28
2008.07.25 14:08:53.257,1.99015,1.9903,4.30,1.00
2008.07.25 14:08:53.445,1.99015,1.99035,4.80,1.00
2008.07.25 14:08:54.577,1.99015,1.99035,1.60,1.00
2008.07.25 14:08:54.669,1.99015,1.99035,1.60,1.00
2008.07.25 14:08:55.177,1.99015,1.9903,1.60,1.00
2008.07.25 14:08:55.407,1.9902,1.9903,1.00,1.00
2008.07.25 14:08:56.222,1.99015,1.9902,1.10,1.00
2008.07.25 14:08:56.350,1.99015,1.9902,1.60,1.00
2008.07.25 14:08:57.537,1.99015,1.9902,1.00,1.00
2008.07.25 14:08:57.831,1.9901,1.9902,1.00,1.00
2008.07.25 14:08:58.378,1.9901,1.99015,1.00,1.00
2008.07.25 14:08:58.630,1.9901,1.99015,5.40,1.00
2008.07.25 14:08:58.878,1.99015,1.9902,1.70,1.00
2008.07.25 14:08:59.155,1.99015,1.99025,1.30,1.00
2008.07.25 14:08:59.418,1.9901,1.99025,4.80,1.00
2008.07.25 14:08:59.677,1.99005,1.99025,8.10,1.00
2008.07.25 14:09:00.497,1.99005,1.9902,7.50,1.00
2008.07.25 14:09:00.811,1.9901,1.99015,1.00,1.00
2008.07.25 14:09:01.143,1.9901,1.99025,1.00,1.00
2008.07.25 14:09:01.329,1.9901,1.99015,1.00,1.00
2008.07.25 14:09:01.515,1.99,1.9901,4.30,1.00
2008.07.25 14:09:01.697,1.99,1.99005,1.00,1.00
2008.07.25 14:09:02.360,1.99,1.99015,1.00,1.00
2008.07.25 14:09:03.799,1.99,1.9901,1.00,1.00
2008.07.25 14:09:04.058,1.9899,1.9901,21.00,1.00
2008.07.25 14:09:04.329,1.9899,1.9901,14.50,1.00
2008.07.25 14:09:04.844,1.9899,1.99015,9.70,1.00
2008.07.25 14:09:05.577,1.9899,1.9901,9.70,1.00
2008.07.25 14:09:06.006,1.98995,1.9901,5.40,1.00
2008.07.25 14:09:06.556,1.98995,1.99015,5.40,1.00
2008.07.25 14:09:08.466,1.99,1.99015,1.60,1.00
2008.07.25 14:09:09.359,1.99,1.99015,4.80,1.00
2008.07.25 14:09:09.484,1.99,1.99015,3.70,1.00
2008.07.25 14:09:11.913,1.99,1.99015,1.60,1.00
2008.07.25 14:09:12.005,1.99,1.99015,1.60,1.00
2008.07.25 14:09:23.102,1.99,1.9902,1.60,5.90
2008.07.25 14:09:24.174,1.99,1.9902,1.60,5.50
2008.07.25 14:09:24.824,1.99005,1.9902,1.00,6.40
2008.07.25 14:09:25.462,1.99005,1.9902,1.60,4.70
2008.07.25 14:09:25.923,1.99005,1.9902,4.30,4.70
2008.07.25 14:09:26.174,1.99015,1.9902,1.00,4.70
2008.07.25 14:09:26.773,1.99015,1.9902,1.00,4.80
2008.07.25 14:09:27.069,1.9901,1.9902,1.00,4.80
2008.07.25 14:09:27.373,1.99005,1.9902,3.70,4.10
2008.07.25 14:09:27.954,1.99015,1.9902,3.70,3.20
2008.07.25 14:09:28.154,1.9901,1.9902,1.00,1.00
2008.07.25 14:09:28.361,1.99015,1.9902,1.00,1.00
2008.07.25 14:09:28.732,1.99015,1.9902,1.60,1.00
2008.07.25 14:09:29.494,1.9901,1.99015,4.40,1.00
2008.07.25 14:09:29.769,1.9901,1.9902,5.40,1.00
2008.07.25 14:09:30.051,1.9902,1.9904,5.40,6.88
2008.07.25 14:09:30.640,1.9902,1.9904,10.80,2.98
2008.07.25 14:09:31.212,1.9902,1.9904,14.00,1.70
2008.07.25 14:09:31.370,1.9902,1.9904,14.00,1.00
2008.07.25 14:09:33.108,1.99025,1.9904,4.80,3.70
2008.07.25 14:09:33.289,1.99025,1.9904,4.80,3.20
2008.07.25 14:09:34.517,1.99025,1.9904,4.30,3.20
2008.07.25 14:09:34.797,1.99025,1.9904,4.30,4.30
2008.07.25 14:09:35.068,1.9902,1.9904,4.80,4.80
2008.07.25 14:09:35.400,1.9902,1.9904,1.60,5.40
2008.07.25 14:09:35.728,1.9902,1.9904,1.60,1.00
2008.07.25 14:09:36.060,1.9902,1.9903,1.60,1.00
2008.07.25 14:09:36.260,1.9902,1.99025,1.60,1.00
2008.07.25 14:09:41.811,1.99015,1.9902,6.00,1.00
2008.07.25 14:09:42.487,1.99015,1.9902,7.10,1.00
2008.07.25 14:09:43.497,1.9902,1.9904,2.70,1.00
2008.07.25 14:09:43.706,1.9902,1.9904,1.60,1.00
2008.07.25 14:09:43.957,1.9902,1.9903,1.60,1.00
2008.07.25 14:09:47.321,1.9902,1.9903,2.70,1.00
2008.07.25 14:09:48.111,1.9902,1.9903,1.60,1.00
2008.07.25 14:09:48.911,1.9902,1.99025,1.60,1.00
2008.07.25 14:09:50.424,1.9902,1.9903,1.60,1.00
2008.07.25 14:09:50.715,1.99015,1.9902,6.00,1.00
2008.07.25 14:09:52.204,1.9901,1.99015,11.60,1.00
2008.07.25 14:09:52.484,1.99015,1.9902,14.50,1.00
2008.07.25 14:09:53.412,1.99015,1.9902,11.30,1.00
2008.07.25 14:09:53.604,1.99015,1.9902,8.10,1.00
2008.07.25 14:09:54.942,1.99015,1.9904,8.10,9.00
2008.07.25 14:09:55.441,1.99015,1.9904,8.10,6.40
2008.07.25 14:09:55.702,1.99015,1.9902,8.10,1.00
2008.07.25 14:10:01.267,1.9903,1.9904,1.60,3.78
2008.07.25 14:10:01.865,1.99025,1.9904,1.60,1.00
2008.07.25 14:10:02.322,1.9903,1.9904,1.60,1.00
2008.07.25 14:10:02.944,1.99035,1.9904,1.60,1.00
2008.07.25 14:10:03.297,1.99035,1.9906,4.30,7.50
2008.07.25 14:10:03.604,1.99035,1.9906,4.30,6.00
2008.07.25 14:10:04.260,1.9904,1.9905,1.00,6.00
2008.07.25 14:10:04.408,1.9904,1.99055,1.00,1.00
2008.07.25 14:10:04.766,1.99045,1.9906,1.00,8.20
2008.07.25 14:10:05.150,1.99055,1.99065,1.00,1.00
2008.07.25 14:10:05.510,1.9906,1.9907,1.00,6.80
2008.07.25 14:10:05.752,1.9905,1.9907,1.00,7.40
2008.07.25 14:10:06.568,1.9906,1.9907,1.00,4.30
2008.07.25 14:10:06.769,1.9905,1.9907,1.00,3.70
2008.07.25 14:10:07.173,1.9905,1.9907,1.00,4.30
2008.07.25 14:10:07.894,1.99065,1.9907,1.00,4.30
2008.07.25 14:10:08.249,1.99065,1.99085,4.30,1.00
2008.07.25 14:10:08.593,1.9907,1.99085,1.00,1.00
2008.07.25 14:10:08.868,1.9907,1.99085,1.00,1.00
2008.07.25 14:10:09.112,1.9907,1.9909,1.00,4.40
2008.07.25 14:10:09.360,1.9907,1.9909,1.00,4.30
2008.07.25 14:10:10.842,1.99085,1.99095,4.30,1.00
2008.07.25 14:10:11.140,1.99085,1.991,4.30,7.10
2008.07.25 14:10:12.349,1.99085,1.991,4.30,7.20
2008.07.25 14:10:12.490,1.99085,1.991,4.30,4.70
2008.07.25 14:10:12.759,1.99085,1.991,4.30,4.50
2008.07.25 14:10:13.020,1.9909,1.991,1.00,5.40
2008.07.25 14:10:13.284,1.99085,1.991,1.00,5.40
2008.07.25 14:10:13.541,1.991,1.99105,1.00,1.20
2008.07.25 14:10:13.846,1.991,1.9912,1.00,7.60
2008.07.25 14:10:14.169,1.9911,1.9912,1.00,7.10
2008.07.25 14:10:14.500,1.99115,1.9912,1.00,4.30
2008.07.25 14:10:14.829,1.9911,1.9913,1.00,4.40
2008.07.25 14:10:15.180,1.9912,1.9913,1.00,1.00
2008.07.25 14:10:15.533,1.9912,1.99135,1.00,1.00
2008.07.25 14:10:15.989,1.9912,1.99135,2.10,1.00
2008.07.25 14:10:19.792,1.99115,1.9913,5.40,3.20
2008.07.25 14:10:20.592,1.9911,1.9913,3.20,3.70
2008.07.25 14:10:20.829,1.99115,1.9913,2.70,3.20
2008.07.25 14:10:21.058,1.99115,1.99135,2.70,1.00
2008.07.25 14:10:21.488,1.9912,1.99135,1.00,1.00
2008.07.25 14:10:21.596,1.9912,1.99135,1.00,1.00
2008.07.25 14:10:21.892,1.99105,1.9913,5.40,1.00
2008.07.25 14:10:22.032,1.99105,1.9913,5.40,1.20
2008.07.25 14:10:22.513,1.991,1.9912,5.40,1.00
2008.07.25 14:10:22.907,1.991,1.9912,2.10,3.70
2008.07.25 14:10:24.661,1.9911,1.9913,2.10,1.00
2008.07.25 14:10:24.981,1.9912,1.9913,1.00,1.00
2008.07.25 14:10:25.340,1.9912,1.9913,1.00,1.00
2008.07.25 14:10:26.734,1.9912,1.9913,1.00,1.00
2008.07.25 14:10:26.905,1.9912,1.9913,1.00,7.10
2008.07.25 14:10:27.101,1.99105,1.9913,5.40,7.60
2008.07.25 14:10:28.134,1.9911,1.9913,2.10,7.10
2008.07.25 14:10:28.415,1.9911,1.9913,2.10,1.00
2008.07.25 14:10:28.739,1.9912,1.9913,1.00,1.00
2008.07.25 14:10:29.286,1.9912,1.9913,1.00,1.00
2008.07.25 14:10:30.212,1.9911,1.9913,2.10,1.00
2008.07.25 14:10:30.568,1.9911,1.9913,2.10,3.90
2008.07.25 14:10:31.471,1.99105,1.9913,2.70,4.40
2008.07.25 14:10:32.208,1.9911,1.9913,2.10,4.40
2008.07.25 14:10:32.366,1.9911,1.9913,2.10,3.90
2008.07.25 14:10:32.706,1.9911,1.9913,2.10,4.00
2008.07.25 14:10:33.050,1.9911,1.9913,2.10,4.50
2008.07.25 14:10:33.406,1.9911,1.9913,2.10,1.00
2008.07.25 14:10:33.790,1.99115,1.9913,2.70,1.00
2008.07.25 14:10:34.162,1.9912,1.9913,1.00,1.00
2008.07.25 14:10:34.517,1.9911,1.9913,17.80,4.50
2008.07.25 14:10:34.907,1.9911,1.9912,9.70,1.60
2008.07.25 14:10:35.131,1.9911,1.99115,6.40,1.00
2008.07.25 14:10:35.343,1.9909,1.99095,18.30,1.00
2008.07.25 14:10:35.591,1.9909,1.99095,11.80,1.00
2008.07.25 14:10:35.947,1.9909,1.99095,6.40,1.00
2008.07.25 14:10:36.304,1.9909,1.99095,3.20,1.00
2008.07.25 14:10:37.014,1.9909,1.99105,3.70,1.00
2008.07.25 14:10:37.594,1.9909,1.99105,2.70,1.00
2008.07.25 14:10:38.119,1.9909,1.99105,2.10,1.00
2008.07.25 14:10:38.440,1.991,1.99105,1.60,1.00
2008.07.25 14:10:38.755,1.99095,1.99105,1.60,1.00
2008.07.25 14:10:39.026,1.99105,1.9912,1.00,4.80
2008.07.25 14:10:39.563,1.9912,1.99125,1.00,6.80
2008.07.25 14:10:39.834,1.99115,1.9912,1.10,5.50
2008.07.25 14:10:40.623,1.99115,1.9912,1.10,6.60
2008.07.25 14:10:41.040,1.99095,1.9912,2.60,12.00
2008.07.25 14:10:41.731,1.99095,1.99115,3.40,1.00
2008.07.25 14:10:42.475,1.991,1.9911,1.40,1.00
2008.07.25 14:10:44.760,1.99105,1.99125,1.00,1.00
2008.07.25 14:10:45.114,1.99105,1.9911,1.00,3.70
2008.07.25 14:10:45.778,1.99105,1.9911,1.00,3.20
2008.07.25 14:10:47.169,1.9911,1.99115,1.00,3.70
2008.07.25 14:10:50.224,1.9911,1.9913,1.60,11.40
2008.07.25 14:10:50.432,1.9911,1.9913,1.60,6.00
2008.07.25 14:10:50.632,1.9911,1.9913,4.70,6.00
2008.07.25 14:10:50.833,1.9911,1.9913,1.40,14.90
2008.07.25 14:10:51.040,1.9911,1.9913,1.40,11.60
2008.07.25 14:10:51.240,1.9911,1.9913,1.40,11.30
2008.07.25 14:10:51.499,1.9911,1.9913,1.40,11.00
2008.07.25 14:10:52.028,1.9911,1.99125,1.40,1.00
2008.07.25 14:10:52.184,1.9911,1.99135,1.40,11.70
2008.07.25 14:10:54.014,1.9911,1.9913,1.60,11.30
2008.07.25 14:10:54.280,1.9911,1.9913,1.40,10.30
2008.07.25 14:10:54.639,1.9911,1.9913,1.00,11.30
2008.07.25 14:10:54.997,1.9911,1.99125,1.40,1.00
2008.07.25 14:10:55.808,1.9911,1.99125,1.60,1.00
2008.07.25 14:10:56.059,1.9911,1.99125,1.60,1.00
2008.07.25 14:10:56.309,1.9911,1.99125,1.00,1.00
2008.07.25 14:10:56.559,1.9911,1.9912,1.00,1.00
2008.07.25 14:10:56.702,1.9911,1.99115,1.00,1.00
2008.07.25 14:10:58.511,1.9911,1.99115,5.20,1.00
2008.07.25 14:10:58.662,1.9911,1.99115,4.70,1.00
2008.07.25 14:10:58.809,1.9911,1.99115,1.40,1.00
2008.07.25 14:10:58.957,1.991,1.99115,4.70,1.00
2008.07.25 14:11:00.195,1.99095,1.99115,4.80,1.00
2008.07.25 14:11:01.118,1.99095,1.99115,3.70,1.00
2008.07.25 14:11:01.319,1.99095,1.99105,1.00,1.00
2008.07.25 14:11:03.267,1.99095,1.9911,1.00,4.50
2008.07.25 14:11:03.439,1.99095,1.9911,1.00,4.80
2008.07.25 14:11:04.327,1.99095,1.9911,1.00,4.50
2008.07.25 14:11:06.388,1.99095,1.99105,1.00,1.00
2008.07.25 14:11:06.507,1.99095,1.9911,1.00,5.20
2008.07.25 14:11:06.662,1.99095,1.9911,1.00,4.10
2008.07.25 14:11:06.975,1.991,1.9912,1.00,3.50
2008.07.25 14:11:07.710,1.991,1.9912,1.00,3.20
2008.07.25 14:11:07.996,1.99105,1.9911,1.00,3.90
2008.07.25 14:11:08.486,1.991,1.99105,1.40,1.00
2008.07.25 14:11:08.888,1.9909,1.991,8.90,1.00
2008.07.25 14:11:09.020,1.9909,1.991,8.90,1.00
2008.07.25 14:11:09.176,1.9909,1.991,8.90,1.00
2008.07.25 14:11:09.487,1.9909,1.99095,4.70,1.00
2008.07.25 14:11:09.796,1.9909,1.99095,1.40,1.00
2008.07.25 14:11:10.097,1.991,1.99105,1.00,7.40
2008.07.25 14:11:10.453,1.9909,1.99095,1.10,1.00
2008.07.25 14:11:10.805,1.9909,1.99095,1.10,1.00
2008.07.25 14:11:11.428,1.9908,1.9909,1.70,1.00
2008.07.25 14:11:11.995,1.9908,1.9909,1.70,1.00
2008.07.25 14:11:12.198,1.9909,1.99095,1.00,1.00
2008.07.25 14:11:12.613,1.99085,1.99095,1.00,1.00
2008.07.25 14:11:13.827,1.9909,1.99095,1.00,1.00
2008.07.25 14:11:15.282,1.99085,1.991,1.00,6.00
2008.07.25 14:11:15.528,1.99085,1.991,1.00,4.50
2008.07.25 14:11:15.766,1.9908,1.99095,1.00,1.00
2008.07.25 14:11:15.997,1.9908,1.9909,1.00,1.00
2008.07.25 14:11:16.235,1.99075,1.9909,1.60,1.00
2008.07.25 14:11:16.474,1.9908,1.9909,1.00,1.00
2008.07.25 14:11:16.886,1.99075,1.9909,2.10,1.00
2008.07.25 14:11:17.100,1.99075,1.9909,4.30,1.00
2008.07.25 14:11:20.994,1.99075,1.9909,1.00,1.00
2008.07.25 14:11:21.505,1.99075,1.99095,1.00,1.00
2008.07.25 14:11:23.155,1.99075,1.9909,1.00,1.40
2008.07.25 14:11:23.503,1.99075,1.9909,1.00,5.90
2008.07.25 14:11:24.126,1.99075,1.9909,1.00,5.50
2008.07.25 14:11:25.027,1.99075,1.9909,2.70,5.40
2008.07.25 14:11:25.384,1.99075,1.9909,2.70,1.00
2008.07.25 14:11:25.739,1.99075,1.9909,2.10,1.00
2008.07.25 14:11:26.055,1.9908,1.99085,1.00,1.00
2008.07.25 14:11:26.397,1.99075,1.99085,2.70,1.00
2008.07.25 14:11:26.955,1.99075,1.99085,5.40,1.00
2008.07.25 14:11:27.733,1.9908,1.99085,2.10,1.00
2008.07.25 14:11:28.017,1.99095,1.991,7.50,3.78
2008.07.25 14:11:28.301,1.99095,1.991,2.70,3.38
2008.07.25 14:11:28.584,1.9908,1.99085,3.20,1.00
2008.07.25 14:11:28.881,1.99075,1.99085,10.10,1.00
2008.07.25 14:11:29.222,1.99075,1.99085,6.80,1.00
2008.07.25 14:11:29.529,1.99075,1.99085,5.90,1.00
2008.07.25 14:11:30.164,1.99075,1.9909,5.90,3.20
2008.07.25 14:11:31.064,1.99075,1.99095,5.90,1.00
2008.07.25 14:11:31.360,1.99075,1.99095,5.90,1.00
2008.07.25 14:11:31.647,1.99075,1.99095,5.90,1.00
2008.07.25 14:11:31.939,1.99075,1.9909,5.90,3.20
2008.07.25 14:11:32.130,1.99075,1.9909,5.90,3.60
2008.07.25 14:11:32.322,1.99075,1.9909,1.00,3.60
2008.07.25 14:11:32.509,1.99075,1.9909,1.00,4.30
2008.07.25 14:11:32.889,1.99075,1.9909,1.00,4.40
2008.07.25 14:11:33.808,1.99075,1.9909,1.00,4.70
2008.07.25 14:11:34.073,1.9908,1.9909,1.00,4.70
2008.07.25 14:11:34.339,1.99075,1.99085,1.00,1.00
2008.07.25 14:11:34.904,1.99075,1.9908,1.00,1.00
2008.07.25 14:11:35.881,1.99075,1.9908,1.00,1.00
2008.07.25 14:11:36.761,1.9907,1.9908,2.70,1.00
2008.07.25 14:11:37.059,1.9907,1.9908,3.70,1.00
2008.07.25 14:11:37.391,1.9907,1.9908,1.00,1.60
2008.07.25 14:11:37.733,1.9907,1.9908,1.00,1.80
2008.07.25 14:11:38.117,1.9907,1.99075,1.00,1.00
2008.07.25 14:11:38.743,1.99065,1.9907,1.10,1.00
2008.07.25 14:11:38.991,1.99065,1.9907,1.10,1.00
2008.07.25 14:11:39.898,1.99065,1.9907,1.10,1.00
2008.07.25 14:11:40.214,1.99065,1.9907,1.10,1.70
2008.07.25 14:11:40.910,1.9907,1.99075,1.00,2.40
2008.07.25 14:11:41.259,1.99065,1.9907,1.10,1.70
2008.07.25 14:11:41.598,1.99065,1.9907,1.10,3.20
2008.07.25 14:11:41.781,1.99065,1.9907,1.00,3.20
2008.07.25 14:11:42.128,1.99065,1.9907,1.00,7.90
2008.07.25 14:11:42.437,1.99065,1.9907,1.00,6.70
2008.07.25 14:11:42.743,1.99065,1.9907,1.00,5.90
2008.07.25 14:11:43.372,1.99065,1.9907,1.00,5.40
2008.07.25 14:11:43.850,1.9907,1.9908,1.00,15.60
2008.07.25 14:11:44.102,1.9907,1.9908,1.00,3.20
2008.07.25 14:11:44.461,1.9907,1.99075,1.00,1.00
2008.07.25 14:11:45.520,1.99065,1.9907,3.40,1.00
2008.07.25 14:11:45.868,1.9906,1.9907,2.10,1.00
2008.07.25 14:11:46.672,1.9906,1.99065,2.10,1.00
2008.07.25 14:11:47.507,1.9906,1.99065,1.00,1.00
2008.07.25 14:11:48.197,1.9906,1.99065,2.10,1.00
2008.07.25 14:11:49.617,1.9906,1.9907,2.10,1.00
2008.07.25 14:11:50.694,1.9906,1.99075,2.10,1.00
2008.07.25 14:11:51.565,1.9906,1.99075,2.70,1.00
2008.07.25 14:11:52.100,1.99065,1.9908,1.00,3.50
2008.07.25 14:11:52.216,1.99065,1.9908,1.00,3.20
2008.07.25 14:11:52.581,1.99065,1.9908,1.00,3.70
2008.07.25 14:11:53.394,1.99065,1.99085,1.00,1.00
2008.07.25 14:11:53.704,1.99065,1.9908,1.00,3.70
2008.07.25 14:11:56.804,1.99065,1.9908,1.00,4.30
2008.07.25 14:11:57.060,1.99065,1.9908,1.00,3.70
2008.07.25 14:11:57.272,1.99065,1.9908,1.00,1.00
2008.07.25 14:11:57.496,1.99065,1.9908,1.00,1.20
2008.07.25 14:11:57.915,1.9906,1.9908,3.70,1.20
2008.07.25 14:11:59.004,1.9906,1.99075,3.20,1.00
2008.07.25 14:11:59.265,1.9906,1.99075,1.00,1.00
2008.07.25 14:12:00.041,1.9906,1.99075,1.60,1.00
2008.07.25 14:12:00.309,1.99065,1.9908,1.00,5.10
2008.07.25 14:12:00.936,1.9906,1.9908,1.60,5.10
2008.07.25 14:12:02.533,1.9906,1.9908,1.20,5.10
2008.07.25 14:12:03.554,1.9906,1.9907,1.00,4.80
2008.07.25 14:12:03.821,1.9906,1.9907,1.00,4.90
2008.07.25 14:12:04.104,1.9906,1.9907,1.00,5.20
2008.07.25 14:12:04.790,1.9906,1.9907,1.00,5.40
2008.07.25 14:12:05.330,1.9906,1.9907,1.00,5.40
2008.07.25 14:12:06.177,1.9906,1.9907,1.00,5.80
2008.07.25 14:12:07.003,1.9906,1.9907,1.00,5.60
2008.07.25 14:12:07.692,1.9906,1.9907,1.00,5.80
2008.07.25 14:12:08.189,1.99055,1.9907,1.00,5.80
2008.07.25 14:12:09.707,1.99055,1.9907,1.00,6.00
2008.07.25 14:12:10.002,1.99055,1.9907,1.00,6.40
2008.07.25 14:12:10.350,1.99055,1.9907,1.00,6.70
2008.07.25 14:12:10.717,1.99055,1.9907,1.00,5.50
2008.07.25 14:12:11.077,1.99055,1.9907,1.00,5.40
2008.07.25 14:12:11.249,1.9905,1.9907,1.00,5.40
2008.07.25 14:12:11.633,1.9905,1.9907,1.00,5.50
2008.07.25 14:12:12.993,1.9905,1.9906,3.20,1.00
2008.07.25 14:12:13.290,1.9905,1.9906,3.70,1.00
2008.07.25 14:12:13.610,1.9905,1.99065,3.70,1.00
2008.07.25 14:12:13.915,1.9905,1.9906,3.20,1.00
2008.07.25 14:12:14.556,1.9905,1.9906,3.20,1.00
2008.07.25 14:12:14.935,1.9905,1.9907,3.70,5.50
2008.07.25 14:12:15.292,1.9907,1.99075,1.00,4.80
2008.07.25 14:12:15.642,1.99065,1.9908,4.30,3.38
2008.07.25 14:12:16.002,1.99065,1.9908,4.80,2.48
2008.07.25 14:12:16.351,1.9907,1.9908,1.00,1.00
2008.07.25 14:12:16.686,1.99065,1.9909,3.70,4.38
2008.07.25 14:12:17.097,1.9907,1.9909,1.00,4.48
2008.07.25 14:12:17.961,1.9907,1.99085,1.00,1.00
2008.07.25 14:12:18.212,1.9907,1.99085,1.00,1.00
2008.07.25 14:12:19.283,1.9907,1.99085,1.00,1.00
2008.07.25 14:12:19.432,1.9906,1.99065,3.20,1.00
2008.07.25 14:12:19.933,1.9906,1.99075,3.20,1.00
2008.07.25 14:12:20.287,1.9907,1.9908,1.00,4.80
2008.07.25 14:12:21.437,1.9907,1.9908,1.00,5.40
2008.07.25 14:12:21.658,1.9907,1.9908,1.00,5.90
2008.07.25 14:12:21.787,1.9907,1.9908,1.00,6.30
2008.07.25 14:12:22.388,1.9907,1.99075,1.00,1.00
2008.07.25 14:12:22.964,1.99065,1.9907,1.10,1.00
2008.07.25 14:12:23.418,1.9906,1.9907,3.70,2.10
2008.07.25 14:12:23.654,1.99055,1.9907,4.30,2.10
2008.07.25 14:12:23.901,1.99055,1.9907,4.30,2.00
2008.07.25 14:12:24.241,1.99055,1.9907,3.70,2.20
2008.07.25 14:12:24.476,1.9906,1.9907,3.70,2.20
2008.07.25 14:12:24.711,1.9905,1.9907,7.00,2.20
2008.07.25 14:12:25.070,1.9905,1.9907,3.70,5.60
2008.07.25 14:12:25.427,1.9905,1.9907,3.70,3.20
2008.07.25 14:12:25.777,1.9905,1.9907,3.70,1.00
2008.07.25 14:12:26.132,1.9905,1.99065,3.70,1.00
2008.07.25 14:12:26.969,1.9906,1.99065,3.20,1.00
2008.07.25 14:12:27.634,1.9906,1.99075,3.20,1.00
2008.07.25 14:12:27.976,1.9906,1.9907,3.20,1.00
2008.07.25 14:12:30.803,1.99065,1.9907,3.20,1.00
2008.07.25 14:12:31.172,1.9906,1.9908,3.20,4.40
2008.07.25 14:12:31.720,1.9906,1.9907,3.20,1.00
2008.07.25 14:12:31.887,1.9905,1.9907,10.90,1.00
2008.07.25 14:12:32.394,1.99055,1.9907,4.30,1.00
2008.07.25 14:12:33.435,1.9906,1.9907,3.20,1.00
2008.07.25 14:12:33.945,1.9906,1.9907,3.20,1.00
2008.07.25 14:12:34.168,1.9906,1.9908,3.20,6.00
2008.07.25 14:12:34.473,1.9906,1.9908,3.70,5.20
2008.07.25 14:12:34.750,1.9906,1.9908,3.70,5.40
2008.07.25 14:12:35.454,1.9906,1.99075,3.20,1.00
2008.07.25 14:12:36.652,1.9905,1.99075,16.20,1.00
2008.07.25 14:12:36.801,1.9906,1.99075,3.20,1.00
2008.07.25 14:12:37.265,1.9905,1.99075,16.30,1.00
2008.07.25 14:12:37.455,1.99055,1.99075,4.30,1.00
2008.07.25 14:12:38.161,1.9906,1.99075,3.20,1.00
2008.07.25 14:12:38.653,1.9905,1.99075,8.70,1.00
2008.07.25 14:12:38.793,1.9906,1.99075,3.30,1.00
2008.07.25 14:12:39.765,1.9906,1.9907,3.30,1.00
2008.07.25 14:12:40.140,1.9906,1.9907,1.00,6.20
2008.07.25 14:12:40.505,1.9906,1.9907,1.00,5.50
2008.07.25 14:12:41.002,1.9906,1.9907,1.00,5.40
2008.07.25 14:12:41.745,1.9906,1.9907,3.70,4.80
2008.07.25 14:12:41.868,1.9906,1.9907,3.70,1.00
2008.07.25 14:12:42.007,1.9906,1.99085,3.70,7.90
2008.07.25 14:12:42.132,1.9906,1.9907,3.20,1.00
2008.07.25 14:12:44.028,1.9905,1.9907,12.50,1.00
2008.07.25 14:12:44.144,1.99055,1.9907,6.40,3.20
2008.07.25 14:12:44.231,1.9906,1.9907,3.20,3.20
2008.07.25 14:12:44.324,1.9906,1.9907,3.20,1.00
2008.07.25 14:12:44.569,1.9905,1.9907,15.70,1.00
2008.07.25 14:12:44.952,1.9906,1.9907,3.20,1.00
2008.07.25 14:12:46.890,1.99065,1.9907,3.20,1.00
2008.07.25 14:12:46.945,1.99065,1.9907,3.70,1.00
2008.07.25 14:12:46.984,1.9907,1.9908,1.00,3.78
2008.07.25 14:12:47.170,1.99055,1.9907,8.60,1.00
2008.07.25 14:12:48.713,1.99055,1.9907,4.30,1.00
2008.07.25 14:12:51.574,1.9906,1.9907,3.20,1.00
2008.07.25 14:12:51.799,1.9905,1.9907,7.50,1.00
2008.07.25 14:12:51.975,1.99055,1.9908,4.30,6.40
2008.07.25 14:12:52.076,1.99055,1.9908,4.30,5.10
2008.07.25 14:12:52.165,1.99055,1.99075,4.30,1.00
2008.07.25 14:12:53.647,1.99055,1.99075,4.30,1.00
2008.07.25 14:12:54.010,1.99055,1.9907,3.70,1.00
2008.07.25 14:12:54.277,1.9906,1.9907,3.20,1.00
2008.07.25 14:12:54.847,1.9906,1.9908,3.70,5.60
2008.07.25 14:12:55.190,1.9906,1.9907,3.20,1.00
2008.07.25 14:12:55.837,1.9906,1.99085,3.70,5.40
2008.07.25 14:12:56.109,1.9906,1.99075,3.70,1.00
2008.07.25 14:12:57.775,1.9906,1.99075,3.20,1.00
2008.07.25 14:13:01.901,1.99055,1.99075,7.00,1.00
2008.07.25 14:13:02.148,1.9906,1.99075,3.20,1.00
2008.07.25 14:13:02.373,1.99055,1.99075,4.30,1.00
2008.07.25 14:13:02.870,1.9906,1.99075,3.20,1.00
2008.07.25 14:13:03.199,1.9906,1.99075,3.20,1.00
2008.07.25 14:13:03.964,1.99055,1.99075,7.00,1.00
2008.07.25 14:13:04.132,1.99055,1.99075,4.30,1.00
2008.07.25 14:13:04.917,1.99055,1.9907,3.70,1.00
2008.07.25 14:13:05.762,1.99055,1.9907,4.30,1.00
2008.07.25 14:13:07.204,1.9906,1.9907,3.20,1.00
2008.07.25 14:13:08.241,1.9906,1.9907,2.10,1.00
2008.07.25 14:13:10.364,1.9906,1.9908,2.10,6.10
2008.07.25 14:13:13.019,1.99055,1.99075,5.40,1.00
2008.07.25 14:13:13.406,1.99055,1.9907,5.40,1.00
2008.07.25 14:13:13.654,1.9906,1.9907,2.10,1.00
2008.07.25 14:13:14.050,1.9906,1.9908,2.10,5.70
2008.07.25 14:13:16.399,1.99055,1.9907,1.00,1.00
2008.07.25 14:13:16.657,1.99055,1.9907,2.70,1.00
2008.07.25 14:13:16.909,1.9906,1.9907,1.00,1.00
2008.07.25 14:13:17.086,1.99055,1.9907,2.70,1.00
2008.07.25 14:13:17.604,1.99055,1.9907,3.70,1.00
2008.07.25 14:13:18.844,1.99055,1.9907,4.30,1.00
2008.07.25 14:13:21.282,1.99055,1.9907,4.30,1.00
2008.07.25 14:13:22.804,1.99055,1.9907,1.00,1.00
2008.07.25 14:13:23.083,1.9906,1.9907,1.00,1.00
2008.07.25 14:13:23.397,1.9905,1.9907,3.90,3.50
2008.07.25 14:13:23.673,1.99055,1.9907,3.70,4.50
2008.07.25 14:13:23.882,1.99055,1.9907,3.70,1.00
2008.07.25 14:13:24.069,1.99055,1.9907,3.70,1.00
2008.07.25 14:13:24.892,1.99055,1.9907,3.70,1.00
2008.07.25 14:13:25.218,1.99055,1.9907,2.70,1.00
2008.07.25 14:13:26.895,1.99055,1.9907,2.70,1.00
2008.07.25 14:13:33.652,1.99055,1.9907,3.20,1.00
2008.07.25 14:13:36.798,1.9906,1.9907,2.10,1.00
2008.07.25 14:13:36.987,1.9906,1.9907,2.70,1.00
2008.07.25 14:13:37.360,1.9906,1.9907,2.10,1.00
2008.07.25 14:13:41.695,1.99055,1.9907,3.20,3.50
2008.07.25 14:13:41.948,1.99055,1.99065,2.70,1.00
2008.07.25 14:13:42.445,1.9906,1.9907,1.00,1.00
2008.07.25 14:13:43.038,1.99055,1.9907,3.20,1.00
2008.07.25 14:13:52.696,1.99055,1.9907,3.20,1.00
2008.07.25 14:13:54.336,1.99055,1.9907,1.00,1.00
2008.07.25 14:13:54.926,1.99055,1.9907,1.00,4.50
2008.07.25 14:13:55.108,1.99055,1.9907,1.00,5.60
2008.07.25 14:13:55.460,1.99055,1.9907,1.00,5.40
2008.07.25 14:13:55.814,1.99055,1.9906,1.00,1.00
2008.07.25 14:13:56.167,1.99055,1.9906,1.00,1.00
2008.07.25 14:13:56.517,1.99055,1.9907,1.00,6.60
2008.07.25 14:13:56.807,1.9905,1.9907,2.70,5.60
2008.07.25 14:13:56.964,1.9905,1.9907,2.70,5.40
2008.07.25 14:13:57.657,1.9905,1.9906,1.70,5.50
2008.07.25 14:13:58.036,1.9905,1.9906,1.60,8.30
2008.07.25 14:13:58.398,1.9905,1.9906,1.60,8.50
2008.07.25 14:13:58.516,1.99045,1.9905,2.10,1.00
2008.07.25 14:13:58.749,1.99045,1.9905,1.50,1.00
2008.07.25 14:13:59.000,1.9905,1.9906,1.00,7.20
2008.07.25 14:13:59.426,1.9905,1.9906,1.00,7.20
2008.07.25 14:13:59.583,1.99045,1.9906,1.00,7.20
2008.07.25 14:14:01.229,1.99045,1.9906,1.00,7.10
2008.07.25 14:14:03.854,1.99045,1.9906,1.00,3.20
2008.07.25 14:14:03.981,1.99045,1.9906,1.00,7.10
2008.07.25 14:14:04.444,1.99045,1.9906,1.00,7.60
2008.07.25 14:14:04.505,1.99045,1.9906,1.00,8.70
2008.07.25 14:14:04.618,1.99045,1.9906,1.00,3.20
2008.07.25 14:14:05.094,1.99045,1.9906,1.00,8.70
2008.07.25 14:14:06.203,1.99045,1.9906,1.00,3.20
2008.07.25 14:14:06.462,1.99045,1.9906,1.00,4.80
2008.07.25 14:14:07.392,1.9904,1.9906,1.60,4.80
2008.07.25 14:14:08.476,1.9904,1.9906,3.70,4.80
2008.07.25 14:14:09.083,1.9904,1.9906,1.60,4.80
2008.07.25 14:14:09.608,1.9904,1.9906,3.70,4.80
2008.07.25 14:14:09.772,1.9904,1.9906,3.70,5.90
2008.07.25 14:14:10.460,1.9904,1.99055,3.70,1.00
2008.07.25 14:14:10.812,1.99035,1.9905,2.10,3.70
2008.07.25 14:14:11.167,1.99035,1.9905,2.10,3.90
2008.07.25 14:14:11.451,1.99035,1.9905,2.10,4.30
2008.07.25 14:14:12.123,1.99035,1.9905,2.10,4.30
2008.07.25 14:14:12.298,1.99035,1.9905,2.10,4.10
2008.07.25 14:14:13.323,1.99035,1.9905,2.10,3.90
2008.07.25 14:14:13.669,1.99035,1.9905,2.10,3.70
2008.07.25 14:14:13.972,1.9904,1.9905,1.00,3.70
2008.07.25 14:14:14.152,1.9904,1.9905,1.00,3.60
2008.07.25 14:14:14.324,1.9904,1.9905,1.00,3.20
2008.07.25 14:14:14.848,1.9904,1.9905,1.60,3.20
2008.07.25 14:14:15.012,1.9904,1.99055,1.60,1.00
2008.07.25 14:14:15.797,1.9904,1.9906,1.60,4.30
2008.07.25 14:14:16.157,1.9904,1.9906,3.70,5.60
2008.07.25 14:14:16.434,1.9904,1.9906,3.70,5.90
2008.07.25 14:14:16.711,1.9904,1.9906,4.80,3.70
2008.07.25 14:14:16.991,1.99045,1.9906,2.10,4.90
2008.07.25 14:14:17.202,1.99045,1.9906,1.00,5.40
2008.07.25 14:14:17.399,1.99045,1.9906,1.00,6.40
2008.07.25 14:14:17.601,1.9905,1.9906,1.00,6.60
2008.07.25 14:14:18.542,1.9905,1.99055,1.00,1.00
2008.07.25 14:14:18.863,1.9904,1.9905,3.70,1.00
2008.07.25 14:14:19.159,1.9904,1.9905,3.70,1.00
2008.07.25 14:14:19.507,1.99035,1.9905,1.00,1.40
2008.07.25 14:14:20.077,1.99035,1.9905,1.00,4.80
2008.07.25 14:14:21.595,1.9904,1.9905,1.60,4.40
2008.07.25 14:14:25.448,1.9903,1.9904,7.00,1.00
2008.07.25 14:14:25.849,1.9903,1.9904,3.70,1.00
2008.07.25 14:14:26.202,1.9903,1.9905,3.70,5.50
2008.07.25 14:14:26.867,1.9903,1.99045,3.70,1.00
2008.07.25 14:14:30.487,1.9903,1.9904,3.70,1.00
2008.07.25 14:14:32.904,1.9903,1.9905,3.70,7.60
2008.07.25 14:14:33.876,1.9903,1.99045,1.60,1.00
2008.07.25 14:14:34.144,1.9903,1.99045,3.70,1.00
2008.07.25 14:14:34.293,1.9903,1.99045,3.70,1.00
2008.07.25 14:14:34.430,1.9903,1.9904,1.00,4.90
2008.07.25 14:14:35.180,1.9903,1.9904,1.00,4.80
2008.07.25 14:14:35.518,1.99025,1.9904,1.60,3.70
2008.07.25 14:14:35.871,1.9903,1.9904,1.00,3.70
2008.07.25 14:14:36.098,1.9903,1.99055,1.60,4.70
2008.07.25 14:14:36.318,1.9903,1.9905,1.60,3.50
2008.07.25 14:14:36.540,1.9903,1.9905,1.60,3.20
2008.07.25 14:14:36.956,1.9903,1.9905,1.60,3.50
2008.07.25 14:14:37.176,1.9903,1.9905,1.60,3.20
2008.07.25 14:14:37.816,1.99035,1.9905,1.00,3.20
2008.07.25 14:14:38.035,1.99035,1.9905,1.60,3.70
2008.07.25 14:14:38.528,1.99035,1.9905,1.60,4.30
2008.07.25 14:14:38.783,1.9904,1.9905,1.00,4.30
2008.07.25 14:14:39.035,1.9904,1.9905,1.00,4.30
2008.07.25 14:14:39.740,1.9903,1.9905,5.40,4.30
2008.07.25 14:14:42.567,1.99035,1.9905,1.00,4.30
2008.07.25 14:14:42.644,1.99035,1.9905,1.00,5.40
2008.07.25 14:14:42.724,1.99035,1.9905,1.00,5.90
2008.07.25 14:14:42.892,1.99035,1.9905,1.00,6.20
2008.07.25 14:14:43.005,1.99035,1.9905,1.00,6.30
2008.07.25 14:14:43.364,1.9903,1.9905,4.30,5.10
2008.07.25 14:14:45.533,1.9903,1.9905,1.00,1.40
2008.07.25 14:14:45.712,1.9903,1.9905,1.00,4.70
2008.07.25 14:14:45.892,1.9903,1.9904,1.00,5.20
2008.07.25 14:14:46.113,1.9903,1.9904,1.00,5.40
2008.07.25 14:14:46.255,1.9903,1.9904,1.00,4.30
2008.07.25 14:14:46.622,1.9903,1.9904,4.30,1.00
2008.07.25 14:14:47.097,1.9903,1.9905,1.60,4.10
2008.07.25 14:14:47.455,1.9903,1.9905,4.30,4.10
2008.07.25 14:14:49.161,1.9903,1.9905,4.30,4.00
2008.07.25 14:14:49.264,1.9903,1.9905,4.30,3.70
2008.07.25 14:14:49.542,1.9903,1.9905,4.30,3.60
2008.07.25 14:14:50.695,1.9903,1.9905,4.30,4.70
2008.07.25 14:14:51.011,1.9903,1.9905,4.30,5.20
2008.07.25 14:14:51.830,1.9903,1.9905,4.30,5.10
2008.07.25 14:14:52.062,1.9903,1.9905,4.80,5.10
2008.07.25 14:14:52.302,1.9903,1.9905,4.30,5.10
2008.07.25 14:14:52.575,1.9903,1.99045,4.30,1.00
2008.07.25 14:14:52.801,1.9903,1.9905,3.70,5.10
2008.07.25 14:14:53.031,1.9903,1.99045,3.70,1.00
2008.07.25 14:14:54.172,1.9903,1.9904,3.70,1.00
2008.07.25 14:14:54.381,1.9903,1.9904,3.70,1.00
2008.07.25 14:14:54.581,1.9903,1.9904,3.70,1.20
2008.07.25 14:14:54.803,1.9903,1.9904,3.70,1.40
2008.07.25 14:14:55.021,1.9903,1.9904,1.00,1.80
2008.07.25 14:14:55.243,1.99025,1.9904,1.00,5.20
2008.07.25 14:14:55.506,1.99025,1.9904,1.00,6.30
2008.07.25 14:14:56.061,1.99015,1.99035,5.40,1.00
2008.07.25 14:14:57.036,1.99015,1.99035,1.00,1.00
2008.07.25 14:14:57.149,1.99015,1.99035,4.80,1.00
2008.07.25 14:14:57.269,1.99015,1.9903,3.70,3.70
2008.07.25 14:14:57.491,1.99015,1.9903,1.00,3.70
2008.07.25 14:14:57.651,1.99015,1.9903,1.00,4.30
2008.07.25 14:14:57.959,1.99015,1.9903,1.00,4.40
2008.07.25 14:14:58.276,1.99015,1.9903,1.00,4.90
2008.07.25 14:14:58.583,1.99015,1.9903,1.00,5.20
2008.07.25 14:14:58.932,1.99015,1.9903,1.00,4.80
2008.07.25 14:14:59.069,1.99015,1.9903,1.00,5.10
2008.07.25 14:14:59.208,1.99015,1.9903,1.00,4.80
2008.07.25 14:14:59.538,1.99015,1.9903,1.00,4.70
2008.07.25 14:15:00.003,1.99015,1.9903,1.00,4.80
2008.07.25 14:15:00.716,1.99015,1.9902,1.00,1.00
2008.07.25 14:15:01.463,1.99015,1.9902,1.00,1.20
2008.07.25 14:15:01.827,1.9901,1.9902,1.00,4.40
2008.07.25 14:15:02.262,1.9901,1.9902,1.00,3.90
2008.07.25 14:15:02.866,1.99,1.9902,2.70,3.20
2008.07.25 14:15:03.180,1.99005,1.9902,1.00,3.90
2008.07.25 14:15:03.494,1.99,1.9902,2.70,3.20
2008.07.25 14:15:11.053,1.99015,1.9902,2.10,4.30
2008.07.25 14:15:11.412,1.99015,1.9902,2.10,1.00
2008.07.25 14:15:11.770,1.99015,1.9902,2.10,1.00
2008.07.25 14:15:12.580,1.9902,1.99025,1.00,1.00
2008.07.25 14:15:12.964,1.9902,1.9903,1.00,1.00
2008.07.25 14:15:14.186,1.99025,1.99035,2.10,1.00
2008.07.25 14:15:14.381,1.99015,1.99035,5.90,1.00
2008.07.25 14:15:14.578,1.9903,1.99035,1.00,1.00
2008.07.25 14:15:14.771,1.99025,1.99035,2.10,1.00
2008.07.25 14:15:15.183,1.9903,1.99035,2.10,1.00
2008.07.25 14:15:15.477,1.99035,1.9905,2.10,3.78
2008.07.25 14:15:15.778,1.9904,1.9905,1.00,1.00
2008.07.25 14:15:16.358,1.9904,1.9906,2.10,3.98
2008.07.25 14:15:16.616,1.99045,1.9907,2.10,4.90
2008.07.25 14:15:16.879,1.99045,1.9907,2.10,3.70
2008.07.25 14:15:17.161,1.99045,1.9907,2.10,1.00
2008.07.25 14:15:17.434,1.99045,1.99055,2.10,1.00
2008.07.25 14:15:18.167,1.99045,1.9905,2.10,1.00
2008.07.25 14:15:19.303,1.99045,1.9906,2.10,1.00
2008.07.25 14:15:21.029,1.99045,1.9906,1.00,1.00
2008.07.25 14:15:21.387,1.99045,1.9905,1.00,1.00
2008.07.25 14:15:21.665,1.99045,1.9905,1.00,1.70
2008.07.25 14:15:21.943,1.9904,1.99045,5.80,1.00
2008.07.25 14:15:23.153,1.9902,1.9904,14.60,1.00
2008.07.25 14:15:23.492,1.9902,1.9904,14.60,1.00
2008.07.25 14:15:23.763,1.9902,1.9904,14.60,1.20
2008.07.25 14:15:24.035,1.9902,1.9903,3.20,1.00
2008.07.25 14:15:24.314,1.99035,1.9904,1.00,5.80
2008.07.25 14:15:24.643,1.9903,1.9904,1.00,5.80
2008.07.25 14:15:24.860,1.99025,1.9904,1.00,5.80
2008.07.25 14:15:25.166,1.9902,1.9904,2.70,5.40
2008.07.25 14:15:26.978,1.9902,1.99035,2.10,1.00
2008.07.25 14:15:27.476,1.99015,1.9903,1.00,1.00
2008.07.25 14:15:28.364,1.99015,1.9903,1.00,1.00
2008.07.25 14:15:28.592,1.99015,1.9903,1.60,1.20
2008.07.25 14:15:29.099,1.99015,1.9903,1.60,1.00
2008.07.25 14:15:29.743,1.99015,1.9903,1.60,1.00
2008.07.25 14:15:30.043,1.99015,1.9903,2.70,1.00
2008.07.25 14:15:30.452,1.99015,1.9903,2.10,1.00
2008.07.25 14:15:31.142,1.99015,1.9903,1.60,1.00
2008.07.25 14:15:31.505,1.99015,1.9903,1.60,1.00
2008.07.25 14:15:31.859,1.99015,1.9903,1.00,1.00
2008.07.25 14:15:33.480,1.99015,1.9903,1.00,1.60
2008.07.25 14:15:33.772,1.99015,1.9903,1.00,1.80
2008.07.25 14:15:34.182,1.99015,1.9903,1.00,5.10
2008.07.25 14:15:34.330,1.99015,1.9903,1.60,5.10
2008.07.25 14:15:35.254,1.99015,1.9903,1.60,4.50
2008.07.25 14:15:35.401,1.99015,1.9903,1.00,4.50
2008.07.25 14:15:35.511,1.99015,1.9903,1.00,4.80
2008.07.25 14:15:35.730,1.99015,1.9903,1.00,5.20
2008.07.25 14:15:36.049,1.99015,1.9903,1.00,5.10
2008.07.25 14:15:37.180,1.99015,1.9903,1.00,4.40
2008.07.25 14:15:37.833,1.99015,1.9903,1.00,3.20
2008.07.25 14:15:38.649,1.99015,1.9903,1.00,4.40
2008.07.25 14:15:39.689,1.99015,1.9903,1.60,4.40
2008.07.25 14:15:40.437,1.9902,1.9903,1.00,1.00
2008.07.25 14:15:41.469,1.9902,1.99035,1.00,1.00
2008.07.25 14:15:42.739,1.9902,1.9903,1.00,1.00
2008.07.25 14:15:43.241,1.9902,1.99035,1.00,1.00
2008.07.25 14:15:44.149,1.9902,1.9903,1.00,1.00
2008.07.25 14:15:46.199,1.9902,1.9903,1.00,1.60
2008.07.25 14:15:46.470,1.9902,1.9903,1.00,1.60
2008.07.25 14:15:47.127,1.9902,1.9903,1.00,5.40
2008.07.25 14:15:47.467,1.9902,1.9903,1.00,4.30
2008.07.25 14:15:48.588,1.99015,1.9902,1.80,1.00
2008.07.25 14:15:49.031,1.9902,1.9903,1.00,4.30
2008.07.25 14:15:50.143,1.9901,1.9903,4.80,3.20
2008.07.25 14:15:50.948,1.99015,1.99025,1.60,1.00
2008.07.25 14:15:51.867,1.99015,1.9903,1.60,5.50
2008.07.25 14:15:52.110,1.99015,1.9903,2.10,4.90
2008.07.25 14:15:52.360,1.99015,1.9903,2.10,4.30
2008.07.25 14:15:52.588,1.99015,1.9903,2.10,3.20
2008.07.25 14:15:53.726,1.9902,1.9903,1.00,3.20
2008.07.25 14:15:54.681,1.9902,1.9904,1.00,3.20
2008.07.25 14:15:55.418,1.9902,1.9903,1.00,3.70
2008.07.25 14:15:56.626,1.9902,1.9903,1.00,4.80
2008.07.25 14:15:56.978,1.9902,1.9903,1.00,4.90
2008.07.25 14:15:57.127,1.9901,1.9903,6.60,4.30
2008.07.25 14:16:04.224,1.99015,1.99025,1.00,1.00
2008.07.25 14:16:04.430,1.99015,1.9903,1.00,4.30
2008.07.25 14:16:06.054,1.99015,1.9903,1.00,3.20
2008.07.25 14:16:14.890,1.9901,1.9903,4.80,3.20
2008.07.25 14:16:15.791,1.9901,1.9903,4.80,3.50
2008.07.25 14:16:16.300,1.9901,1.9903,4.80,3.20
2008.07.25 14:16:17.580,1.9901,1.9903,1.60,4.30
2008.07.25 14:16:17.813,1.9901,1.9903,1.60,1.00
2008.07.25 14:16:18.042,1.9901,1.9902,1.60,1.40
2008.07.25 14:16:18.273,1.9901,1.9902,1.60,1.70
2008.07.25 14:16:18.501,1.9901,1.9902,1.00,5.80
2008.07.25 14:16:18.699,1.99005,1.9902,1.00,6.20
2008.07.25 14:16:18.900,1.9901,1.9902,4.30,2.90
2008.07.25 14:16:19.094,1.99005,1.9902,1.00,3.90
2008.07.25 14:16:19.649,1.99005,1.9902,1.00,4.90
2008.07.25 14:16:20.239,1.99,1.9902,3.70,4.90
2008.07.25 14:16:21.333,1.99,1.9902,3.70,4.30
2008.07.25 14:16:23.938,1.99,1.9902,4.80,3.20
2008.07.25 14:16:28.331,1.99,1.9902,3.70,4.00
2008.07.25 14:16:29.148,1.99,1.9902,4.80,3.20
2008.07.25 14:16:34.027,1.99,1.9902,4.90,3.20
2008.07.25 14:16:35.260,1.99,1.9902,4.80,3.20
2008.07.25 14:16:35.944,1.99,1.9902,3.70,3.20
2008.07.25 14:16:36.180,1.99,1.9902,4.80,3.20
2008.07.25 14:16:36.880,1.99,1.9902,4.80,4.00
2008.07.25 14:16:37.517,1.99,1.9902,4.80,4.10
2008.07.25 14:16:37.665,1.99,1.9902,4.80,3.50
2008.07.25 14:16:39.359,1.99005,1.9902,3.20,3.20
2008.07.25 14:16:39.703,1.99,1.9902,4.80,1.00
2008.07.25 14:16:39.832,1.99,1.9902,4.80,5.60
2008.07.25 14:16:39.978,1.99005,1.9902,1.00,6.60
2008.07.25 14:16:40.207,1.99005,1.9902,1.00,6.70
2008.07.25 14:16:40.534,1.99005,1.9902,1.00,6.00
2008.07.25 14:16:41.155,1.99005,1.9902,1.00,6.20
2008.07.25 14:16:41.714,1.99,1.9902,4.80,6.20
2008.07.25 14:16:42.758,1.99,1.9901,2.70,6.40
2008.07.25 14:16:43.000,1.98995,1.99015,7.00,1.00
2008.07.25 14:16:43.236,1.99,1.9902,4.80,6.30
2008.07.25 14:16:43.515,1.99,1.9902,4.80,6.20
2008.07.25 14:16:48.733,1.99,1.9902,4.80,6.20
2008.07.25 14:16:49.711,1.99,1.9901,4.80,1.00
2008.07.25 14:16:51.138,1.99,1.9901,3.70,1.00
2008.07.25 14:16:51.357,1.99,1.9901,3.20,1.00
2008.07.25 14:16:51.695,1.99,1.9901,4.80,1.00
2008.07.25 14:16:51.867,1.99,1.9902,4.80,6.30
2008.07.25 14:16:52.140,1.98995,1.99015,7.00,1.00
2008.07.25 14:16:57.444,1.99,1.9902,10.20,6.00
2008.07.25 14:16:58.585,1.99,1.9902,10.20,6.20
2008.07.25 14:16:59.008,1.99,1.9902,4.80,6.20
2008.07.25 14:16:59.360,1.99,1.99015,4.80,1.00
2008.07.25 14:17:01.284,1.99,1.9901,4.80,1.00
2008.07.25 14:17:01.981,1.99,1.99015,4.80,1.00
2008.07.25 14:17:05.021,1.99,1.99015,10.20,1.00
2008.07.25 14:17:05.221,1.99,1.99015,4.80,1.00
2008.07.25 14:17:05.819,1.99,1.99015,4.80,1.00
2008.07.25 14:17:06.187,1.99,1.9902,4.80,6.30
2008.07.25 14:17:06.525,1.99,1.9902,4.80,10.50
2008.07.25 14:17:06.836,1.98995,1.9901,6.40,1.00
2008.07.25 14:17:07.390,1.98995,1.99015,7.00,1.00
2008.07.25 14:17:08.505,1.99,1.9902,4.80,6.00
2008.07.25 14:17:10.718,1.99,1.9902,4.80,3.20
2008.07.25 14:17:11.158,1.9902,1.99025,1.00,3.70
2008.07.25 14:17:11.637,1.9902,1.9903,1.00,14.70
2008.07.25 14:17:11.878,1.99015,1.9902,6.40,3.20
2008.07.25 14:17:12.180,1.9902,1.99025,4.80,3.26
2008.07.25 14:17:12.488,1.9902,1.99025,4.80,1.00
2008.07.25 14:17:12.793,1.99025,1.9903,6.40,10.30
2008.07.25 14:17:13.099,1.9903,1.99035,3.20,10.26
2008.07.25 14:17:13.409,1.9903,1.99035,5.90,8.66
2008.07.25 14:17:13.717,1.9903,1.99035,1.00,1.00
2008.07.25 14:17:14.031,1.99025,1.99035,2.70,1.00
2008.07.25 14:17:14.189,1.99025,1.9904,3.20,1.00
2008.07.25 14:17:14.373,1.9903,1.9905,3.70,5.90
2008.07.25 14:17:14.693,1.99025,1.9903,6.30,1.00
2008.07.25 14:17:14.856,1.9903,1.9905,3.60,6.60
2008.07.25 14:17:15.152,1.99025,1.9904,1.00,1.00
2008.07.25 14:17:15.393,1.99025,1.9904,1.00,5.10
2008.07.25 14:17:15.866,1.9902,1.9904,2.70,5.10
2008.07.25 14:17:16.177,1.99025,1.9904,2.70,1.80
2008.07.25 14:17:16.502,1.9903,1.9904,1.00,1.80
2008.07.25 14:17:16.818,1.9903,1.99035,3.10,1.00
2008.07.25 14:17:17.131,1.99015,1.99035,1.00,1.00
2008.07.25 14:17:17.451,1.9902,1.9903,3.20,1.00
2008.07.25 14:17:17.772,1.99025,1.9903,1.00,4.70
2008.07.25 14:17:18.377,1.99025,1.9903,1.00,4.90
2008.07.25 14:17:18.676,1.9902,1.9903,1.00,4.70
2008.07.25 14:17:18.977,1.99015,1.9903,2.10,1.40
2008.07.25 14:17:19.186,1.99015,1.9903,2.10,1.20
2008.07.25 14:17:19.395,1.9902,1.9903,1.00,4.70
2008.07.25 14:17:19.596,1.99015,1.9903,1.00,4.70
2008.07.25 14:17:19.792,1.99015,1.9903,1.00,4.70
2008.07.25 14:17:19.990,1.99015,1.9903,1.00,4.90
2008.07.25 14:17:20.243,1.9901,1.9903,3.70,4.80
2008.07.25 14:17:20.527,1.9901,1.9903,3.70,5.40
2008.07.25 14:17:20.779,1.9901,1.9903,4.80,4.40
2008.07.25 14:17:21.033,1.9901,1.9903,4.80,1.40
2008.07.25 14:17:21.485,1.99015,1.9903,1.00,1.60
2008.07.25 14:17:21.825,1.9902,1.9904,1.00,3.20
2008.07.25 14:17:22.476,1.9902,1.9904,3.70,14.50
2008.07.25 14:17:22.796,1.9902,1.9904,3.70,1.40
2008.07.25 14:17:23.116,1.9902,1.99035,3.70,1.00
2008.07.25 14:17:23.500,1.9902,1.99035,2.70,1.00
2008.07.25 14:17:23.820,1.9902,1.9904,3.70,1.00
2008.07.25 14:17:24.136,1.9902,1.9904,3.70,4.30
2008.07.25 14:17:24.370,1.9902,1.9903,3.70,1.00
2008.07.25 14:17:24.704,1.99025,1.9903,1.00,1.00
2008.07.25 14:17:24.972,1.9902,1.9903,4.30,1.00
2008.07.25 14:17:25.189,1.9902,1.9903,1.00,1.60
2008.07.25 14:17:25.430,1.99015,1.9903,1.60,2.20
2008.07.25 14:17:25.670,1.99015,1.9903,1.00,5.50
2008.07.25 14:17:25.910,1.99015,1.9903,1.00,5.80
2008.07.25 14:17:26.202,1.9901,1.9903,4.80,4.50
2008.07.25 14:17:26.820,1.99005,1.99025,7.00,1.00
2008.07.25 14:17:27.176,1.99015,1.99025,5.90,1.00
2008.07.25 14:17:27.520,1.99015,1.99025,6.40,1.00
2008.07.25 14:17:29.055,1.9902,1.9904,3.70,4.30
2008.07.25 14:17:29.361,1.9902,1.9904,3.70,4.80
2008.07.25 14:17:29.685,1.9902,1.9904,3.70,4.90
2008.07.25 14:17:29.930,1.9902,1.9904,3.70,9.50
2008.07.25 14:17:30.107,1.9902,1.9903,1.00,5.50
2008.07.25 14:17:30.322,1.9902,1.9903,1.00,7.00
2008.07.25 14:17:30.543,1.99015,1.9902,1.10,1.00
2008.07.25 14:17:30.754,1.99015,1.9902,1.10,5.50
2008.07.25 14:17:30.965,1.9901,1.99015,1.80,1.00
2008.07.25 14:17:31.174,1.99015,1.9902,1.00,8.20
2008.07.25 14:17:31.474,1.9901,1.9902,1.00,7.20
2008.07.25 14:17:31.777,1.99005,1.9902,1.60,6.00
2008.07.25 14:17:32.083,1.99005,1.9902,1.60,6.30
2008.07.25 14:17:32.406,1.99,1.9902,3.70,5.40
2008.07.25 14:17:32.684,1.99,1.9902,3.70,5.60
2008.07.25 14:17:32.990,1.99,1.9902,3.70,4.90
2008.07.25 14:17:33.266,1.99,1.9901,1.60,6.30
2008.07.25 14:17:33.675,1.99,1.9902,1.00,7.20
2008.07.25 14:17:34.092,1.99,1.9901,1.00,9.30
2008.07.25 14:17:34.443,1.98995,1.99,1.10,1.00
2008.07.25 14:17:35.262,1.98995,1.99,1.10,4.70
2008.07.25 14:17:35.515,1.98995,1.99,1.10,4.30
2008.07.25 14:17:36.716,1.99,1.99005,1.00,1.40
2008.07.25 14:17:38.214,1.9899,1.98995,1.90,1.00
2008.07.25 14:17:38.754,1.9899,1.98995,1.00,1.00
2008.07.25 14:17:39.002,1.9899,1.9901,1.00,6.70
2008.07.25 14:17:39.260,1.9899,1.99,3.70,1.00
2008.07.25 14:17:39.513,1.98985,1.99,4.30,3.20
2008.07.25 14:17:39.759,1.98985,1.99,1.00,1.00
2008.07.25 14:17:39.967,1.98985,1.99,1.60,4.30
2008.07.25 14:17:40.750,1.9898,1.99,7.00,3.20
2008.07.25 14:17:41.373,1.98985,1.99,1.60,4.30
2008.07.25 14:17:41.893,1.9898,1.99,7.00,3.60
2008.07.25 14:17:42.600,1.9898,1.98995,7.00,1.00
2008.07.25 14:17:42.949,1.98985,1.99,1.00,4.80
2008.07.25 14:17:43.674,1.98985,1.99,1.00,5.10
2008.07.25 14:17:43.861,1.98985,1.99,1.00,8.30
2008.07.25 14:17:44.023,1.98985,1.99,1.00,8.50
2008.07.25 14:17:44.181,1.98985,1.99,1.00,8.90
2008.07.25 14:17:44.343,1.9898,1.99,1.00,20.60
2008.07.25 14:17:44.534,1.9898,1.98985,1.00,1.00
2008.07.25 14:17:45.232,1.9898,1.9899,1.00,18.20
2008.07.25 14:17:45.733,1.9898,1.9899,1.00,17.60
2008.07.25 14:17:46.000,1.9898,1.9899,1.00,9.70
2008.07.25 14:17:46.284,1.9898,1.9899,1.00,9.50
2008.07.25 14:17:46.551,1.9898,1.9899,1.00,1.00
2008.07.25 14:17:46.846,1.9898,1.9899,3.70,1.00
2008.07.25 14:17:47.122,1.9898,1.9899,1.00,1.00
2008.07.25 14:17:47.407,1.9898,1.9899,2.10,1.00
2008.07.25 14:17:47.691,1.9898,1.9899,3.70,1.00
2008.07.25 14:17:48.027,1.98975,1.9898,3.70,1.00
2008.07.25 14:17:48.282,1.9897,1.9899,1.60,3.20
2008.07.25 14:17:48.532,1.9897,1.9899,1.60,1.30
2008.07.25 14:17:48.784,1.98975,1.9899,1.00,1.60
2008.07.25 14:17:49.029,1.98975,1.9899,1.00,1.60
2008.07.25 14:17:49.258,1.98975,1.9899,1.00,1.60
2008.07.25 14:17:49.530,1.98975,1.9899,1.00,2.00
2008.07.25 14:17:49.778,1.98975,1.9899,1.00,5.90
2008.07.25 14:17:50.031,1.98975,1.9899,1.00,5.40
2008.07.25 14:17:50.286,1.98975,1.9899,1.00,4.10
2008.07.25 14:17:51.623,1.98985,1.9899,2.70,3.20
2008.07.25 14:17:51.979,1.98975,1.9899,6.40,1.00
2008.07.25 14:17:53.491,1.98985,1.9899,3.20,1.00
2008.07.25 14:17:54.111,1.98985,1.98995,5.90,1.00
2008.07.25 14:17:54.478,1.98985,1.98995,6.40,1.00
2008.07.25 14:17:55.496,1.98995,1.9901,3.70,3.28
2008.07.25 14:17:56.531,1.98995,1.9901,10.20,1.00
2008.07.25 14:17:56.886,1.98995,1.9901,5.90,1.00
2008.07.25 14:18:00.008,1.98995,1.99,5.90,1.00
2008.07.25 14:18:00.453,1.99,1.9901,3.20,1.00
2008.07.25 14:18:00.635,1.99,1.9901,3.20,1.00
2008.07.25 14:18:00.827,1.98995,1.99015,3.20,1.00
2008.07.25 14:18:01.075,1.98995,1.9901,3.20,3.70
2008.07.25 14:18:01.266,1.99,1.9901,1.00,3.70
2008.07.25 14:18:01.616,1.98995,1.9901,3.20,3.70
2008.07.25 14:18:05.089,1.98995,1.99015,3.20,1.00
2008.07.25 14:18:05.268,1.98995,1.9901,6.40,1.00
2008.07.25 14:18:05.446,1.9901,1.99015,1.00,1.10
2008.07.25 14:18:05.960,1.98995,1.9901,6.40,1.00
2008.07.25 14:18:06.929,1.99,1.9901,3.20,1.00
2008.07.25 14:18:07.299,1.98995,1.9901,6.40,1.00
2008.07.25 14:18:08.553,1.9901,1.99015,1.70,1.10
2008.07.25 14:18:09.032,1.99,1.9901,2.20,1.00
2008.07.25 14:18:12.024,1.99,1.9902,2.20,5.60
2008.07.25 14:18:12.382,1.99,1.9902,2.20,4.50
2008.07.25 14:18:12.982,1.99,1.9902,2.20,4.40
2008.07.25 14:18:13.259,1.99,1.9902,2.20,3.30
2008.07.25 14:18:13.773,1.99,1.9902,5.50,3.30
2008.07.25 14:18:13.962,1.9901,1.9902,1.70,3.30
2008.07.25 14:18:14.367,1.99005,1.9902,5.90,3.30
2008.07.25 14:18:14.553,1.99005,1.9902,6.40,3.30
2008.07.25 14:18:14.754,1.9901,1.9902,3.20,3.30
2008.07.25 14:18:15.526,1.99015,1.9902,2.70,1.00
2008.07.25 14:18:17.434,1.99015,1.99025,2.70,1.00
2008.07.25 14:18:18.751,1.99015,1.99025,3.70,1.00
2008.07.25 14:18:19.483,1.99015,1.9903,3.70,3.20
2008.07.25 14:18:20.516,1.9902,1.9903,3.20,3.20
2008.07.25 14:18:20.674,1.9902,1.9903,3.20,1.00
2008.07.25 14:18:20.792,1.99025,1.9903,2.70,1.00
2008.07.25 14:18:21.946,1.9903,1.9904,3.20,1.00
2008.07.25 14:18:22.994,1.99015,1.9903,5.90,1.00
2008.07.25 14:18:23.244,1.99015,1.9903,6.40,1.00
2008.07.25 14:18:25.394,1.9902,1.99035,3.70,1.00
2008.07.25 14:18:26.889,1.9902,1.9904,3.70,4.30
2008.07.25 14:18:27.246,1.9902,1.9904,2.70,4.30
2008.07.25 14:18:27.624,1.9902,1.9904,2.70,3.20
2008.07.25 14:18:28.006,1.99025,1.99035,2.70,1.00
2008.07.25 14:18:28.563,1.99025,1.99035,3.70,1.00
2008.07.25 14:18:30.633,1.9903,1.99035,1.00,1.00
2008.07.25 14:18:31.035,1.9903,1.9904,1.00,4.30
2008.07.25 14:18:32.348,1.9903,1.9904,1.00,4.50
2008.07.25 14:18:32.937,1.9903,1.9904,1.00,4.50
2008.07.25 14:18:33.295,1.9903,1.9904,1.00,4.50
2008.07.25 14:18:33.648,1.9903,1.9904,1.00,4.30
2008.07.25 14:18:34.528,1.99025,1.9904,3.20,4.90
2008.07.25 14:18:35.369,1.99025,1.9904,3.20,5.20
2008.07.25 14:18:35.648,1.99025,1.9904,3.20,5.40
2008.07.25 14:18:36.132,1.99025,1.9904,3.20,4.90
2008.07.25 14:18:36.784,1.99025,1.9904,3.20,3.90
2008.07.25 14:18:37.042,1.99025,1.9904,3.20,4.90
2008.07.25 14:18:39.396,1.99025,1.99045,3.20,1.00
2008.07.25 14:18:39.846,1.99025,1.99045,6.40,1.00
2008.07.25 14:18:39.972,1.99025,1.9904,6.40,1.00
2008.07.25 14:18:40.395,1.99025,1.9904,5.90,1.00
2008.07.25 14:18:40.632,1.9903,1.9904,3.20,1.00
2008.07.25 14:18:40.837,1.9903,1.9904,3.20,1.00
2008.07.25 14:18:41.041,1.99035,1.99045,2.70,1.00
2008.07.25 14:18:41.345,1.9904,1.99045,3.20,1.00
2008.07.25 14:18:42.454,1.99035,1.99055,3.20,1.00
2008.07.25 14:18:43.658,1.99045,1.99055,3.20,1.00
2008.07.25 14:18:44.009,1.99045,1.99065,3.70,1.00
2008.07.25 14:18:44.373,1.9905,1.9906,1.00,1.00
2008.07.25 14:18:44.923,1.9905,1.99065,1.00,1.00
2008.07.25 14:18:45.029,1.9905,1.99065,4.80,1.00
2008.07.25 14:18:45.154,1.9905,1.99065,1.60,1.00
2008.07.25 14:18:45.448,1.9905,1.9907,3.70,3.50
2008.07.25 14:18:45.576,1.9905,1.9907,3.70,1.00
2008.07.25 14:18:45.955,1.99055,1.9907,3.20,1.00
2008.07.25 14:18:46.086,1.9906,1.9907,1.00,1.00
2008.07.25 14:18:46.406,1.99055,1.9907,3.70,1.00
2008.07.25 14:18:46.726,1.99055,1.9907,6.40,1.00
2008.07.25 14:18:47.044,1.99055,1.9907,6.40,1.00
2008.07.25 14:18:47.354,1.99055,1.9907,7.00,1.00
2008.07.25 14:18:47.969,1.9906,1.9907,3.70,1.00
2008.07.25 14:18:48.318,1.9906,1.9907,3.70,2.20
2008.07.25 14:18:48.681,1.9906,1.9907,1.00,7.10
2008.07.25 14:18:49.038,1.99055,1.9906,1.80,1.00
2008.07.25 14:18:49.406,1.9905,1.9906,3.70,1.00
2008.07.25 14:18:49.833,1.9905,1.9906,3.70,1.00
2008.07.25 14:18:50.304,1.99045,1.9906,7.00,1.00
2008.07.25 14:18:50.495,1.99045,1.99065,7.00,1.00
2008.07.25 14:18:50.991,1.99045,1.99065,3.70,1.00
2008.07.25 14:18:51.183,1.99045,1.99065,3.70,1.00
2008.07.25 14:18:51.540,1.99045,1.9906,1.00,1.00
2008.07.25 14:18:51.913,1.99055,1.9906,1.00,4.70
2008.07.25 14:18:52.268,1.99055,1.9906,1.00,1.20
2008.07.25 14:18:52.509,1.9905,1.9906,2.10,6.00
2008.07.25 14:18:52.747,1.9905,1.9906,2.10,6.30
2008.07.25 14:18:53.252,1.99055,1.9906,1.00,6.30
2008.07.25 14:18:53.523,1.9905,1.9906,1.60,6.30
2008.07.25 14:18:53.832,1.99045,1.9906,2.10,6.30
2008.07.25 14:18:54.352,1.99045,1.9906,2.10,5.60
2008.07.25 14:18:54.523,1.9905,1.9906,4.30,1.00
2008.07.25 14:18:54.698,1.9905,1.9906,3.70,1.00
2008.07.25 14:18:54.905,1.9905,1.9906,3.70,1.00
2008.07.25 14:18:55.631,1.9905,1.9906,3.20,1.00
2008.07.25 14:18:56.998,1.9905,1.9906,4.30,1.00
2008.07.25 14:18:57.429,1.9905,1.9906,2.90,2.10
2008.07.25 14:18:57.733,1.99045,1.9905,1.00,1.00
2008.07.25 14:18:58.304,1.99045,1.9905,1.00,1.00
2008.07.25 14:18:58.595,1.99045,1.9905,1.00,1.60
2008.07.25 14:18:59.016,1.9904,1.9905,9.10,1.60
2008.07.25 14:18:59.704,1.99035,1.9904,3.70,1.00
2008.07.25 14:18:59.916,1.99035,1.9904,3.70,1.00
2008.07.25 14:19:00.122,1.9903,1.9904,3.70,1.20
2008.07.25 14:19:00.334,1.9903,1.9904,25.30,1.20
2008.07.25 14:19:00.549,1.99025,1.9903,25.80,1.00
2008.07.25 14:19:00.843,1.99025,1.9903,1.10,1.00
2008.07.25 14:19:01.115,1.99025,1.9903,1.10,1.20
2008.07.25 14:19:01.378,1.99025,1.9903,1.10,4.40
2008.07.25 14:19:02.691,1.99025,1.9903,1.10,4.50
2008.07.25 14:19:02.962,1.99025,1.9903,1.10,4.70
2008.07.25 14:19:03.231,1.99025,1.9903,1.10,4.80
2008.07.25 14:19:03.916,1.9902,1.9903,1.00,4.80
2008.07.25 14:19:04.242,1.9902,1.9903,1.00,5.40
2008.07.25 14:19:04.577,1.9902,1.9903,1.00,5.90
2008.07.25 14:19:05.679,1.99015,1.9903,1.60,5.90
2008.07.25 14:19:05.966,1.99015,1.9903,1.60,6.00
2008.07.25 14:19:06.214,1.99015,1.9903,1.60,7.10
2008.07.25 14:19:06.465,1.99015,1.9902,1.60,1.00
2008.07.25 14:19:06.726,1.99015,1.9902,1.60,1.00
2008.07.25 14:19:07.087,1.99015,1.9902,1.00,1.00
2008.07.25 14:19:07.450,1.99015,1.9902,1.00,1.00
2008.07.25 14:19:07.840,1.99015,1.9902,1.00,4.30
2008.07.25 14:19:08.191,1.99015,1.9902,1.00,1.00
2008.07.25 14:19:08.543,1.9901,1.9902,2.20,4.10
2008.07.25 14:19:08.916,1.9901,1.9902,2.10,4.00
2008.07.25 14:19:09.089,1.9901,1.9902,5.40,1.00
2008.07.25 14:19:09.277,1.9901,1.9902,5.40,1.00
2008.07.25 14:19:09.471,1.9901,1.9902,2.10,3.70
2008.07.25 14:19:09.663,1.9901,1.9902,5.40,1.00
2008.07.25 14:19:10.444,1.9901,1.9903,5.40,12.60
2008.07.25 14:19:10.858,1.9901,1.9903,5.40,11.70
2008.07.25 14:19:11.458,1.9901,1.9903,5.40,8.10
2008.07.25 14:19:11.771,1.9901,1.9903,5.40,7.20
2008.07.25 14:19:12.078,1.9901,1.9903,5.40,7.20
2008.07.25 14:19:12.382,1.9901,1.9903,5.40,6.60
2008.07.25 14:19:12.661,1.9901,1.9903,1.00,12.60
2008.07.25 14:19:12.930,1.9901,1.9903,3.70,11.60
2008.07.25 14:19:13.381,1.9901,1.9903,3.70,13.50
2008.07.25 14:19:13.733,1.9901,1.9903,3.70,9.90
2008.07.25 14:19:14.094,1.9901,1.9903,3.70,9.40
2008.07.25 14:19:14.379,1.9901,1.9903,3.70,9.90
2008.07.25 14:19:15.299,1.99005,1.99025,7.00,1.00
2008.07.25 14:19:15.509,1.99005,1.9902,7.00,1.00
2008.07.25 14:19:16.331,1.99005,1.9902,7.00,1.00
2008.07.25 14:19:16.562,1.99005,1.9902,1.00,1.00
2008.07.25 14:19:16.840,1.99005,1.9902,4.80,1.20
2008.07.25 14:19:17.059,1.99005,1.9902,1.00,5.20
2008.07.25 14:19:17.998,1.99005,1.9902,1.00,6.60
2008.07.25 14:19:20.148,1.9901,1.9902,1.00,6.60
2008.07.25 14:19:20.485,1.9901,1.9902,1.00,6.40
2008.07.25 14:19:22.647,1.9901,1.99015,1.00,1.00
2008.07.25 14:19:23.038,1.99005,1.9901,1.10,1.00
2008.07.25 14:19:23.240,1.9901,1.9902,1.00,7.40
2008.07.25 14:19:23.586,1.9901,1.99015,1.00,1.00
2008.07.25 14:19:24.608,1.99005,1.99015,1.00,1.00
2008.07.25 14:19:24.918,1.9901,1.99015,1.00,1.00
2008.07.25 14:19:27.447,1.99005,1.99015,1.00,1.00
2008.07.25 14:19:27.962,1.99005,1.9901,1.00,1.00
2008.07.25 14:19:28.764,1.99,1.9901,1.00,1.20
2008.07.25 14:19:29.874,1.99,1.9901,1.00,4.00
2008.07.25 14:19:30.036,1.99,1.9901,1.00,8.70
2008.07.25 14:19:30.490,1.99,1.9901,1.00,7.10
2008.07.25 14:19:31.265,1.99,1.9901,1.00,5.40
2008.07.25 14:19:31.528,1.99,1.9901,1.00,4.90
2008.07.25 14:19:31.892,1.99,1.9901,1.00,4.80
2008.07.25 14:19:32.245,1.98995,1.9901,1.00,4.30
2008.07.25 14:19:32.595,1.99,1.9901,3.20,1.20
2008.07.25 14:19:32.913,1.98995,1.9901,1.00,4.40
2008.07.25 14:19:36.054,1.9899,1.9901,4.80,3.20
2008.07.25 14:19:36.486,1.98985,1.99005,8.10,1.00
2008.07.25 14:19:44.921,1.9899,1.99005,1.00,1.00
2008.07.25 14:19:45.890,1.98985,1.99005,8.10,1.00
2008.07.25 14:19:46.690,1.9899,1.99005,1.00,1.00
2008.07.25 14:19:47.879,1.9899,1.9901,1.60,4.50
2008.07.25 14:19:48.463,1.9899,1.9901,1.60,4.30
2008.07.25 14:19:48.817,1.98995,1.9901,1.00,4.30
2008.07.25 14:19:49.174,1.98995,1.99005,1.00,1.00
2008.07.25 14:19:49.393,1.98995,1.9901,1.00,5.50
2008.07.25 14:19:49.819,1.98995,1.9901,1.00,7.40
2008.07.25 14:19:50.021,1.98995,1.9901,1.00,5.80
2008.07.25 14:19:50.232,1.98995,1.9901,2.10,3.30
2008.07.25 14:19:50.471,1.98995,1.9901,2.10,3.20
2008.07.25 14:19:50.965,1.98995,1.99015,2.10,1.00
2008.07.25 14:19:51.440,1.98995,1.9901,2.10,3.20
2008.07.25 14:19:52.435,1.98995,1.9901,1.60,3.60
2008.07.25 14:19:52.676,1.98995,1.9901,1.60,3.70
2008.07.25 14:19:53.696,1.99,1.9901,1.00,3.90
2008.07.25 14:19:54.092,1.9899,1.9901,1.60,3.90
2008.07.25 14:19:54.818,1.9899,1.9901,1.60,4.00
2008.07.25 14:19:55.157,1.9899,1.9901,1.60,4.00
2008.07.25 14:19:55.337,1.9899,1.9901,1.60,5.10
2008.07.25 14:19:55.595,1.9899,1.9901,1.60,5.40
2008.07.25 14:19:56.208,1.98995,1.9901,1.00,6.60
2008.07.25 14:19:56.557,1.98995,1.9901,1.00,6.30
2008.07.25 14:19:56.907,1.98995,1.9901,1.00,6.30
2008.07.25 14:19:57.260,1.99,1.9901,1.00,1.20
2008.07.25 14:19:57.619,1.99005,1.9901,1.00,3.20
2008.07.25 14:19:57.970,1.9901,1.99015,1.00,3.26
2008.07.25 14:19:58.284,1.99005,1.99015,6.40,1.00
2008.07.25 14:19:58.613,1.9901,1.9902,3.20,8.38
2008.07.25 14:19:58.941,1.99015,1.9902,3.20,6.40
2008.07.25 14:19:59.309,1.99015,1.9903,3.70,3.20
2008.07.25 14:19:59.507,1.99015,1.9904,3.70,8.60
2008.07.25 14:19:59.712,1.99015,1.9904,3.70,5.40
2008.07.25 14:20:00.103,1.99015,1.9904,3.70,4.40
2008.07.25 14:20:00.314,1.9902,1.99035,1.00,1.00
2008.07.25 14:20:00.800,1.9901,1.99025,13.70,1.00
2008.07.25 14:20:01.051,1.9901,1.9902,12.90,1.00
2008.07.25 14:20:01.305,1.9901,1.9902,12.90,1.20
2008.07.25 14:20:01.657,1.9901,1.99015,8.60,1.00
2008.07.25 14:20:02.336,1.99,1.99015,1.00,1.00
2008.07.25 14:20:02.648,1.99,1.9901,1.00,1.00
2008.07.25 14:20:03.537,1.9901,1.9902,4.30,3.68
2008.07.25 14:20:03.808,1.99005,1.9901,7.50,1.00
2008.07.25 14:20:04.078,1.99005,1.9901,4.80,1.00
2008.07.25 14:20:04.356,1.9901,1.9903,4.30,4.18
2008.07.25 14:20:04.829,1.99015,1.9903,4.30,3.68
2008.07.25 14:20:05.090,1.9902,1.9903,1.00,3.68
2008.07.25 14:20:06.191,1.9902,1.9903,2.70,2.48
2008.07.25 14:20:06.470,1.99015,1.9902,4.30,1.00
2008.07.25 14:20:06.732,1.99015,1.9903,4.30,1.00
2008.07.25 14:20:06.985,1.9901,1.9903,14.00,1.00
2008.07.25 14:20:07.246,1.9901,1.9903,4.30,3.90
2008.07.25 14:20:07.512,1.9901,1.9903,4.30,3.70
2008.07.25 14:20:08.774,1.99005,1.9901,7.50,1.00
2008.07.25 14:20:09.044,1.9901,1.99015,4.30,1.00
2008.07.25 14:20:11.825,1.9901,1.99015,3.20,1.00
2008.07.25 14:20:12.466,1.99005,1.9901,7.20,1.00
2008.07.25 14:20:12.714,1.99,1.99005,12.80,1.00
2008.07.25 14:20:12.994,1.99015,1.9903,15.10,2.88
2008.07.25 14:20:13.213,1.99015,1.9904,10.20,3.70
2008.07.25 14:20:14.080,1.9901,1.9902,3.20,1.00
2008.07.25 14:20:14.619,1.99015,1.9903,3.20,2.98
2008.07.25 14:20:14.804,1.99015,1.9902,3.20,1.00
2008.07.25 14:20:16.154,1.99015,1.9903,3.20,3.20
2008.07.25 14:20:17.013,1.99015,1.9903,3.70,3.70
2008.07.25 14:20:17.314,1.99015,1.9903,1.00,3.70
2008.07.25 14:20:17.631,1.9902,1.9903,1.00,4.80
2008.07.25 14:20:17.976,1.9902,1.9903,1.00,4.30
2008.07.25 14:20:20.181,1.99015,1.9903,1.00,3.20
2008.07.25 14:20:21.366,1.9901,1.99025,4.80,1.00
2008.07.25 14:20:22.228,1.99005,1.99025,6.40,1.00
2008.07.25 14:20:22.426,1.99005,1.9902,6.40,1.00
2008.07.25 14:20:22.619,1.9901,1.9902,3.20,1.00
2008.07.25 14:20:22.847,1.99005,1.9902,6.40,1.00
2008.07.25 14:20:23.542,1.9901,1.9902,7.00,1.00
2008.07.25 14:20:23.893,1.9901,1.99025,4.80,1.00
2008.07.25 14:20:24.250,1.9901,1.9902,4.80,1.00
2008.07.25 14:20:24.455,1.9901,1.99015,3.70,1.00
2008.07.25 14:20:24.657,1.9901,1.99015,1.00,1.00
2008.07.25 14:20:24.855,1.99,1.9901,3.50,1.00
2008.07.25 14:20:25.127,1.9899,1.9901,5.00,7.80
2008.07.25 14:20:25.625,1.9899,1.9901,5.00,8.10
2008.07.25 14:20:25.879,1.99005,1.9901,1.00,8.10
2008.07.25 14:20:26.150,1.99005,1.9901,1.00,9.00
2008.07.25 14:20:26.479,1.9899,1.9901,5.00,8.60
2008.07.25 14:20:26.999,1.9899,1.9901,5.80,8.10
2008.07.25 14:20:27.346,1.9899,1.9901,5.80,8.50
2008.07.25 14:20:27.465,1.9899,1.9901,5.80,8.60
2008.07.25 14:20:27.816,1.9899,1.99005,5.00,1.00
2008.07.25 14:20:27.992,1.9899,1.99,3.00,1.00
2008.07.25 14:20:28.119,1.9899,1.98995,3.00,1.00
2008.07.25 14:20:28.477,1.9897,1.98995,3.70,1.00
2008.07.25 14:20:28.841,1.9897,1.98995,1.00,1.00
2008.07.25 14:20:29.613,1.98975,1.99,3.70,8.70
2008.07.25 14:20:29.723,1.98975,1.99,3.70,6.20
2008.07.25 14:20:29.839,1.98975,1.99,3.70,7.40
2008.07.25 14:20:29.971,1.98975,1.99,3.70,7.50
2008.07.25 14:20:31.029,1.9898,1.98995,1.00,1.00
2008.07.25 14:20:31.655,1.98975,1.99,3.70,5.50
2008.07.25 14:20:31.932,1.98975,1.99,3.70,6.40
2008.07.25 14:20:32.203,1.98975,1.99,3.70,7.50
2008.07.25 14:20:32.701,1.98975,1.98995,3.70,1.00
2008.07.25 14:20:32.829,1.9898,1.98995,1.00,1.00
2008.07.25 14:20:33.300,1.9898,1.9899,1.00,2.00
2008.07.25 14:20:33.427,1.9898,1.9899,1.00,2.50
2008.07.25 14:20:33.805,1.9898,1.9899,1.00,5.80
2008.07.25 14:20:34.573,1.9898,1.9899,1.00,2.50
2008.07.25 14:20:34.781,1.9898,1.9899,1.00,3.70
2008.07.25 14:20:35.116,1.9898,1.9899,1.00,6.70
2008.07.25 14:20:35.294,1.9898,1.9899,1.00,8.10
2008.07.25 14:20:35.459,1.9897,1.98985,5.90,1.00
2008.07.25 14:20:35.752,1.9897,1.98985,4.80,1.00
2008.07.25 14:20:36.149,1.98955,1.9898,6.40,7.50
2008.07.25 14:20:36.455,1.98955,1.9897,6.40,1.00
2008.07.25 14:20:37.691,1.98955,1.9898,6.40,7.20
2008.07.25 14:20:37.809,1.98955,1.9898,6.40,8.30
2008.07.25 14:20:38.028,1.98955,1.98975,6.40,1.00
2008.07.25 14:20:38.142,1.98965,1.98975,1.00,1.00
2008.07.25 14:20:38.469,1.98955,1.9898,6.40,10.60
2008.07.25 14:20:38.819,1.9897,1.9898,1.00,7.40
2008.07.25 14:20:39.167,1.98955,1.9898,6.40,8.50
2008.07.25 14:20:39.518,1.98955,1.9898,6.40,7.40
2008.07.25 14:20:39.767,1.9896,1.9898,6.40,4.10
2008.07.25 14:20:39.928,1.9896,1.9898,6.40,3.60
2008.07.25 14:20:40.061,1.9896,1.9898,3.20,7.90
2008.07.25 14:20:40.316,1.98955,1.9898,6.40,7.90
2008.07.25 14:20:40.460,1.98955,1.9898,6.40,8.50
2008.07.25 14:20:41.150,1.98955,1.9898,6.40,4.30
2008.07.25 14:20:41.452,1.9898,1.98985,1.00,1.90
2008.07.25 14:20:41.752,1.9895,1.9898,4.30,5.40
2008.07.25 14:20:42.040,1.9895,1.9898,4.30,1.00
2008.07.25 14:20:42.332,1.98975,1.98985,1.00,1.00
2008.07.25 14:20:42.925,1.98975,1.98985,1.00,1.20
2008.07.25 14:20:43.216,1.98975,1.9898,1.00,1.00
2008.07.25 14:20:43.507,1.9898,1.98985,1.00,8.70
2008.07.25 14:20:43.807,1.9896,1.98965,4.60,1.00
2008.07.25 14:20:44.216,1.9896,1.9897,3.50,1.20
2008.07.25 14:20:44.403,1.9895,1.9897,4.20,13.70
2008.07.25 14:20:44.601,1.9895,1.9897,2.10,13.70
2008.07.25 14:20:44.877,1.98945,1.9897,4.80,4.90
2008.07.25 14:20:45.152,1.98945,1.9897,4.80,5.60
2008.07.25 14:20:45.426,1.98945,1.9897,4.80,1.40
2008.07.25 14:20:45.701,1.98945,1.9897,4.80,4.80
2008.07.25 14:20:45.895,1.98945,1.9897,4.80,5.10
2008.07.25 14:20:46.449,1.98945,1.9895,4.60,1.00
2008.07.25 14:20:46.672,1.98945,1.9895,2.50,1.00
2008.07.25 14:20:46.896,1.9895,1.98955,1.00,5.90
2008.07.25 14:20:47.129,1.9894,1.98945,1.60,1.00
2008.07.25 14:20:47.356,1.9893,1.98945,5.90,1.00
2008.07.25 14:20:47.583,1.9893,1.98945,3.70,1.00
2008.07.25 14:20:48.787,1.98925,1.98935,1.00,1.00
2008.07.25 14:20:49.035,1.9892,1.98935,3.20,1.00
2008.07.25 14:20:49.205,1.9892,1.9894,3.20,17.50
2008.07.25 14:20:49.299,1.9893,1.9894,1.00,17.00
2008.07.25 14:20:49.394,1.9893,1.9894,3.70,6.00
2008.07.25 14:20:49.576,1.9892,1.9894,3.20,4.40
2008.07.25 14:20:49.664,1.9892,1.9894,3.20,1.00
2008.07.25 14:20:50.076,1.98915,1.9894,6.40,1.00
2008.07.25 14:20:50.256,1.98915,1.9894,6.40,5.10
2008.07.25 14:20:50.436,1.98925,1.9894,5.90,1.30
2008.07.25 14:20:50.620,1.9893,1.9894,4.80,1.00
2008.07.25 14:20:50.800,1.9893,1.9894,4.80,1.00
2008.07.25 14:20:51.230,1.9893,1.9894,4.80,1.00
2008.07.25 14:20:51.513,1.98915,1.9894,6.40,4.80
2008.07.25 14:20:51.660,1.9892,1.9894,1.00,4.80
2008.07.25 14:20:51.806,1.9892,1.9894,1.00,5.20
2008.07.25 14:20:52.118,1.98915,1.9893,7.50,1.00
2008.07.25 14:20:52.407,1.98915,1.9894,7.50,7.10
2008.07.25 14:20:52.986,1.9892,1.9894,7.00,7.10
2008.07.25 14:20:53.320,1.98915,1.98935,4.80,1.00
2008.07.25 14:20:53.645,1.9891,1.9893,5.40,1.40
2008.07.25 14:20:53.973,1.9891,1.9893,8.60,1.00
2008.07.25 14:20:54.347,1.98905,1.9893,7.50,1.20
2008.07.25 14:20:54.580,1.98905,1.9893,7.50,1.00
2008.07.25 14:20:54.789,1.98905,1.9892,7.50,1.00
2008.07.25 14:20:55.244,1.98915,1.9892,1.00,1.00
2008.07.25 14:20:55.475,1.98905,1.9892,4.80,1.00
2008.07.25 14:20:55.720,1.9891,1.9893,3.70,6.00
2008.07.25 14:20:55.959,1.98905,1.9893,2.70,5.80
2008.07.25 14:20:56.191,1.98905,1.9893,2.70,9.00
2008.07.25 14:20:56.418,1.98905,1.9893,2.70,12.10
2008.07.25 14:20:57.726,1.98905,1.9892,2.10,1.00
2008.07.25 14:20:58.013,1.98905,1.9893,2.70,12.10
2008.07.25 14:20:58.274,1.9891,1.9893,2.10,12.20
2008.07.25 14:20:58.782,1.9891,1.9892,2.10,3.20
2008.07.25 14:20:59.047,1.9891,1.9893,2.10,5.20
2008.07.25 14:20:59.233,1.9891,1.9893,2.10,5.20
2008.07.25 14:20:59.422,1.9891,1.9893,2.10,5.20
2008.07.25 14:20:59.784,1.9891,1.9893,2.10,4.90
2008.07.25 14:20:59.971,1.9891,1.9893,2.10,4.90
2008.07.25 14:21:01.321,1.98915,1.9893,2.10,4.90
2008.07.25 14:21:01.493,1.9892,1.9893,1.00,1.00
2008.07.25 14:21:01.715,1.9892,1.9893,2.10,1.00
2008.07.25 14:21:01.873,1.9892,1.9894,2.10,13.50
2008.07.25 14:21:02.033,1.9892,1.9894,2.10,13.20
2008.07.25 14:21:02.566,1.9892,1.9894,2.10,8.10
2008.07.25 14:21:06.261,1.98915,1.9894,5.40,8.60
2008.07.25 14:21:06.491,1.98915,1.9893,5.40,3.20
2008.07.25 14:21:08.043,1.98915,1.9893,5.40,3.60
2008.07.25 14:21:08.193,1.9892,1.9893,1.00,3.50
2008.07.25 14:21:08.393,1.9891,1.9893,2.70,4.80
2008.07.25 14:21:09.080,1.9891,1.9893,3.20,4.80
2008.07.25 14:21:09.431,1.9893,1.98935,1.00,5.70
2008.07.25 14:21:09.599,1.98925,1.9893,1.00,4.80
2008.07.25 14:21:09.769,1.98915,1.9893,1.60,4.80
2008.07.25 14:21:10.258,1.98915,1.9893,1.00,4.80
2008.07.25 14:21:10.741,1.98925,1.9893,1.00,4.80
2008.07.25 14:21:11.799,1.9892,1.9893,1.00,4.80
2008.07.25 14:21:12.045,1.98915,1.9893,1.60,4.90
2008.07.25 14:21:12.264,1.98915,1.9893,1.60,4.80
2008.07.25 14:21:12.486,1.98925,1.9893,1.00,4.80
2008.07.25 14:21:12.838,1.98915,1.9893,1.00,4.80
2008.07.25 14:21:14.282,1.98915,1.9893,1.00,4.30
2008.07.25 14:21:15.084,1.9891,1.98925,2.10,1.00
2008.07.25 14:21:15.230,1.98915,1.9893,1.00,4.30
2008.07.25 14:21:15.367,1.98915,1.9893,1.60,4.30
2008.07.25 14:21:15.509,1.9891,1.9893,2.70,4.30
2008.07.25 14:21:16.248,1.9891,1.98925,2.10,1.00
2008.07.25 14:21:16.848,1.9891,1.9893,2.70,4.30
2008.07.25 14:21:18.071,1.9891,1.9892,2.10,1.00
2008.07.25 14:21:18.395,1.9891,1.9893,2.10,4.90
2008.07.25 14:21:20.534,1.9891,1.98925,5.40,1.00
2008.07.25 14:21:20.750,1.98915,1.98925,2.10,1.00
2008.07.25 14:21:20.961,1.9892,1.98925,2.10,1.00
2008.07.25 14:21:22.033,1.9892,1.9893,2.10,1.00
2008.07.25 14:21:23.160,1.9892,1.98935,2.10,1.00
2008.07.25 14:21:23.518,1.9893,1.9894,1.00,4.80
2008.07.25 14:21:23.868,1.98935,1.9894,1.00,4.80
2008.07.25 14:21:24.467,1.98915,1.98935,7.00,1.00
2008.07.25 14:21:24.697,1.9892,1.98935,2.10,1.00
2008.07.25 14:21:27.118,1.9892,1.9893,2.10,1.00
2008.07.25 14:21:27.668,1.98915,1.98935,7.00,1.00
2008.07.25 14:21:27.805,1.98915,1.98935,5.90,1.00
2008.07.25 14:21:27.958,1.9892,1.98935,2.10,1.00
2008.07.25 14:21:28.390,1.9892,1.9893,2.10,1.00
2008.07.25 14:21:30.443,1.98925,1.9893,2.10,1.00
2008.07.25 14:21:30.768,1.98925,1.9893,2.70,1.00
2008.07.25 14:21:30.895,1.98925,1.9893,5.40,1.00
2008.07.25 14:21:32.194,1.98925,1.9893,5.40,5.40
2008.07.25 14:21:32.818,1.9893,1.9894,2.10,5.90
2008.07.25 14:21:32.996,1.9893,1.9894,1.00,5.90
2008.07.25 14:21:33.140,1.9892,1.9893,2.10,5.40
2008.07.25 14:21:36.204,1.9892,1.9893,2.10,7.40
2008.07.25 14:21:36.490,1.98915,1.9893,5.40,7.90
2008.07.25 14:21:36.958,1.98915,1.9893,5.40,8.30
2008.07.25 14:21:37.616,1.98915,1.9893,3.70,6.70
2008.07.25 14:21:37.890,1.9892,1.9893,1.00,2.00
2008.07.25 14:21:38.137,1.98915,1.9892,1.60,3.70
2008.07.25 14:21:38.382,1.98915,1.9892,1.00,3.70
2008.07.25 14:21:38.638,1.98915,1.9892,1.10,4.80
2008.07.25 14:21:39.721,1.98915,1.9892,1.10,3.70
2008.07.25 14:21:40.435,1.98915,1.9892,1.00,3.20
2008.07.25 14:21:40.564,1.98915,1.9892,1.00,2.10
2008.07.25 14:21:40.693,1.98915,1.9892,1.00,3.70
2008.07.25 14:21:40.824,1.989,1.9892,3.70,3.20
2008.07.25 14:21:41.418,1.989,1.9892,3.70,3.30
2008.07.25 14:21:41.823,1.989,1.9892,2.70,3.30
2008.07.25 14:21:42.385,1.989,1.9892,2.70,3.10
2008.07.25 14:21:44.101,1.989,1.98915,2.70,1.00
2008.07.25 14:21:44.573,1.989,1.98915,7.00,1.00
2008.07.25 14:21:44.761,1.98905,1.98915,1.70,1.00
2008.07.25 14:21:44.862,1.98895,1.98915,9.10,1.00
2008.07.25 14:21:45.147,1.98895,1.9892,9.70,3.10
2008.07.25 14:21:45.259,1.98895,1.9892,9.70,3.30
2008.07.25 14:21:47.043,1.98895,1.9892,9.70,3.50
2008.07.25 14:21:47.432,1.98895,1.9892,9.70,2.90
2008.07.25 14:21:48.462,1.98895,1.9892,9.70,3.20
2008.07.25 14:21:48.816,1.989,1.9892,2.70,3.50
2008.07.25 14:21:49.171,1.989,1.9892,2.70,2.90
2008.07.25 14:21:49.421,1.989,1.9892,2.70,2.70
2008.07.25 14:21:49.671,1.989,1.9892,2.70,3.20
2008.07.25 14:21:50.160,1.989,1.9892,2.70,3.30
2008.07.25 14:21:51.043,1.989,1.9892,4.80,3.30
2008.07.25 14:21:51.205,1.989,1.9892,4.80,13.00
2008.07.25 14:21:51.453,1.989,1.9892,2.70,8.70
2008.07.25 14:21:52.220,1.989,1.9892,2.70,3.30
2008.07.25 14:21:53.220,1.989,1.9892,2.70,3.50
2008.07.25 14:21:53.700,1.989,1.9892,2.70,3.30
2008.07.25 14:21:54.050,1.989,1.9892,2.70,3.50
2008.07.25 14:21:54.400,1.989,1.9892,2.70,3.30
2008.07.25 14:21:57.698,1.989,1.9892,4.80,5.50
2008.07.25 14:21:57.849,1.989,1.9892,2.70,5.50
2008.07.25 14:21:57.999,1.989,1.9892,2.70,3.30
2008.07.25 14:21:59.210,1.98905,1.9892,2.70,2.00
2008.07.25 14:21:59.390,1.9891,1.9892,1.00,2.00
2008.07.25 14:21:59.562,1.98905,1.9892,2.10,3.30
2008.07.25 14:21:59.745,1.98905,1.9892,2.70,3.30
2008.07.25 14:21:59.941,1.98905,1.9892,2.70,2.80
2008.07.25 14:22:00.122,1.98905,1.9892,2.70,1.60
2008.07.25 14:22:00.308,1.989,1.98915,2.10,1.00
2008.07.25 14:22:00.659,1.98895,1.9892,9.70,3.20
2008.07.25 14:22:01.025,1.989,1.9892,9.80,3.50
2008.07.25 14:22:01.626,1.989,1.9892,10.90,3.30
2008.07.25 14:22:01.896,1.989,1.9892,10.90,3.20
2008.07.25 14:22:02.166,1.989,1.9892,10.90,4.00
2008.07.25 14:22:02.610,1.989,1.9892,10.90,4.10
2008.07.25 14:22:03.485,1.989,1.9891,10.90,1.00
2008.07.25 14:22:04.283,1.98905,1.9892,4.80,1.40
2008.07.25 14:22:04.559,1.98905,1.9892,7.50,1.60
2008.07.25 14:22:04.898,1.9891,1.9892,1.00,1.30
2008.07.25 14:22:05.294,1.98905,1.9892,5.90,1.30
2008.07.25 14:22:06.661,1.98905,1.9892,3.20,3.20
2008.07.25 14:22:06.866,1.98905,1.9892,1.00,3.20
2008.07.25 14:22:07.065,1.989,1.9892,2.70,2.80
2008.07.25 14:22:07.736,1.98905,1.9892,1.00,3.50
2008.07.25 14:22:07.894,1.98905,1.9891,1.00,1.00
2008.07.25 14:22:10.428,1.989,1.9891,6.40,1.00
2008.07.25 14:22:10.496,1.989,1.9891,7.50,1.00
2008.07.25 14:22:10.616,1.989,1.9892,12.90,1.80
2008.07.25 14:22:10.772,1.989,1.9892,18.40,1.80
2008.07.25 14:22:10.834,1.989,1.9892,13.00,2.90
2008.07.25 14:22:11.015,1.989,1.9892,10.90,3.10
2008.07.25 14:22:11.086,1.98895,1.98915,9.10,1.00
2008.07.25 14:22:11.306,1.989,1.9892,10.90,3.60
2008.07.25 14:22:11.546,1.989,1.9892,9.80,3.20
2008.07.25 14:22:12.197,1.989,1.9892,7.10,4.10
2008.07.25 14:22:12.437,1.98895,1.9892,9.70,4.80
2008.07.25 14:22:12.559,1.98905,1.9892,2.20,4.40
2008.07.25 14:22:12.634,1.98905,1.9892,2.20,1.70
2008.07.25 14:22:12.713,1.9891,1.9892,1.00,1.60
2008.07.25 14:22:12.855,1.98905,1.9891,1.80,1.00
2008.07.25 14:22:13.053,1.9891,1.9892,1.00,1.00
2008.07.25 14:22:13.203,1.98905,1.98925,1.60,1.00
2008.07.25 14:22:13.886,1.9891,1.9893,3.70,21.30
2008.07.25 14:22:14.213,1.9891,1.9892,3.70,1.00
2008.07.25 14:22:14.557,1.9891,1.9892,1.00,1.00
2008.07.25 14:22:15.133,1.9891,1.9892,1.00,1.30
2008.07.25 14:22:15.326,1.9891,1.9892,1.00,1.40
2008.07.25 14:22:15.465,1.9891,1.9892,1.00,2.00
2008.07.25 14:22:15.523,1.98905,1.9891,1.10,1.00
2008.07.25 14:22:15.763,1.98905,1.9892,2.20,10.80
2008.07.25 14:22:16.003,1.98905,1.9892,1.40,6.70
2008.07.25 14:22:16.137,1.98905,1.9892,1.00,6.70
2008.07.25 14:22:16.262,1.98905,1.9892,1.00,2.00
2008.07.25 14:22:16.396,1.98895,1.9892,7.50,1.30
2008.07.25 14:22:16.566,1.98895,1.989,4.40,1.00
2008.07.25 14:22:16.784,1.98895,1.989,1.30,7.20
2008.07.25 14:22:17.005,1.98895,1.989,1.30,8.10
2008.07.25 14:22:17.260,1.98885,1.9889,4.50,1.00
2008.07.25 14:22:17.497,1.9885,1.9889,29.10,24.50
2008.07.25 14:22:17.766,1.98855,1.9888,4.30,3.10
2008.07.25 14:22:17.882,1.9886,1.9888,3.20,3.30
2008.07.25 14:22:18.005,1.9886,1.9888,1.00,7.20
2008.07.25 14:22:18.300,1.98845,1.9888,3.20,7.80
2008.07.25 14:22:18.423,1.9885,1.9887,3.20,3.60
2008.07.25 14:22:18.543,1.9886,1.9887,3.20,3.60
2008.07.25 14:22:18.666,1.9886,1.9887,2.50,9.50
2008.07.25 14:22:19.029,1.98875,1.9888,1.00,15.40
2008.07.25 14:22:19.385,1.98875,1.9889,1.00,20.10
2008.07.25 14:22:19.735,1.9886,1.9888,2.50,14.70
2008.07.25 14:22:19.884,1.9886,1.9888,2.00,14.80
2008.07.25 14:22:20.383,1.9886,1.9888,2.00,15.10
2008.07.25 14:22:20.572,1.98865,1.9888,2.00,15.10
2008.07.25 14:22:20.780,1.98865,1.9888,4.70,1.00
2008.07.25 14:22:20.909,1.98865,1.98875,4.70,1.00
2008.07.25 14:22:21.103,1.98865,1.9888,3.20,1.30
2008.07.25 14:22:21.213,1.9887,1.9888,3.20,1.30
2008.07.25 14:22:21.332,1.98865,1.9888,1.00,5.20
2008.07.25 14:22:21.465,1.98865,1.9888,1.00,5.40
2008.07.25 14:22:21.533,1.98865,1.9888,1.00,5.20
2008.07.25 14:22:21.658,1.98865,1.9888,1.00,5.80
2008.07.25 14:22:22.094,1.9886,1.9888,2.50,6.00
2008.07.25 14:22:22.445,1.9886,1.9888,3.70,6.30
2008.07.25 14:22:22.806,1.9886,1.9888,1.00,11.70
2008.07.25 14:22:23.213,1.9886,1.9888,1.00,11.20
2008.07.25 14:22:23.781,1.9886,1.9888,1.00,11.20
2008.07.25 14:22:24.133,1.9886,1.9887,1.00,3.70
2008.07.25 14:22:24.522,1.9886,1.9887,1.00,3.90
2008.07.25 14:22:24.871,1.9886,1.9887,1.00,4.10
2008.07.25 14:22:25.552,1.9886,1.9888,1.00,3.60
2008.07.25 14:22:25.701,1.9886,1.9888,1.00,3.60
2008.07.25 14:22:25.850,1.9886,1.9888,1.00,3.30
2008.07.25 14:22:26.547,1.9886,1.9888,2.50,3.20
2008.07.25 14:22:26.682,1.9886,1.9888,2.50,13.50
2008.07.25 14:22:26.893,1.9886,1.9888,2.50,5.90
2008.07.25 14:22:27.129,1.9886,1.9888,2.50,6.00
2008.07.25 14:22:28.580,1.9886,1.9888,2.70,6.00
2008.07.25 14:22:28.710,1.9886,1.9888,2.70,5.90
2008.07.25 14:22:29.172,1.9886,1.9888,3.70,6.60
2008.07.25 14:22:29.522,1.9886,1.9887,3.70,1.00
2008.07.25 14:22:30.534,1.9886,1.9888,3.70,17.50
2008.07.25 14:22:30.650,1.9887,1.9888,1.00,16.80
2008.07.25 14:22:30.820,1.9886,1.9888,3.70,15.70
2008.07.25 14:22:30.887,1.9886,1.9888,2.70,15.60
2008.07.25 14:22:31.051,1.9886,1.9888,2.70,13.50
2008.07.25 14:22:31.252,1.9886,1.9888,2.70,5.90
2008.07.25 14:22:32.701,1.9886,1.9888,3.70,6.00
2008.07.25 14:22:32.850,1.9887,1.9888,3.70,2.80
2008.07.25 14:22:32.995,1.9886,1.9888,3.70,13.60
2008.07.25 14:22:33.249,1.9886,1.9888,3.70,16.80
2008.07.25 14:22:33.391,1.9886,1.9888,3.70,14.70
2008.07.25 14:22:33.567,1.9886,1.9888,3.70,11.40
2008.07.25 14:22:35.450,1.9886,1.9888,2.70,11.30
2008.07.25 14:22:35.560,1.9886,1.9888,2.70,10.20
2008.07.25 14:22:36.072,1.98865,1.9888,2.70,10.20
2008.07.25 14:22:36.291,1.98865,1.9888,2.70,1.20
2008.07.25 14:22:36.502,1.98865,1.9888,5.40,1.20
2008.07.25 14:22:36.709,1.98865,1.9888,5.40,1.00
2008.07.25 14:22:37.352,1.98875,1.9888,2.10,1.00
2008.07.25 14:22:37.614,1.98875,1.9888,2.70,1.00
2008.07.25 14:22:37.912,1.98865,1.9887,16.70,1.00
2008.07.25 14:22:38.175,1.98875,1.9888,4.30,1.00
2008.07.25 14:22:38.333,1.9888,1.9889,1.00,2.38
2008.07.25 14:22:38.868,1.9888,1.9889,3.70,1.68
2008.07.25 14:22:39.720,1.98875,1.98895,4.30,1.00
2008.07.25 14:22:40.425,1.98875,1.9888,4.30,1.00
2008.07.25 14:22:41.848,1.9887,1.98875,11.50,1.00
2008.07.25 14:22:42.178,1.98875,1.98895,6.40,1.00
2008.07.25 14:22:42.327,1.98875,1.9888,6.40,1.00
2008.07.25 14:22:42.772,1.98875,1.9888,5.40,1.00
2008.07.25 14:22:43.237,1.98875,1.9888,6.40,1.00
2008.07.25 14:22:43.523,1.9888,1.98895,9.10,1.00
2008.07.25 14:22:43.810,1.9888,1.98895,5.90,1.00
2008.07.25 14:22:44.091,1.9888,1.98895,5.90,1.00
2008.07.25 14:22:44.366,1.9888,1.98895,3.70,1.00
2008.07.25 14:22:44.969,1.98875,1.98895,6.40,1.00
2008.07.25 14:22:45.280,1.9888,1.989,3.20,6.68
2008.07.25 14:22:45.447,1.9888,1.989,6.40,2.88
2008.07.25 14:22:45.536,1.9889,1.989,3.70,2.38
2008.07.25 14:22:45.868,1.9889,1.989,1.00,6.08
2008.07.25 14:22:45.958,1.98875,1.9888,5.40,1.00
2008.07.25 14:22:46.052,1.9888,1.989,2.10,5.98
2008.07.25 14:22:46.648,1.98885,1.989,4.30,2.10
2008.07.25 14:22:46.902,1.98885,1.9889,2.70,1.00
2008.07.25 14:22:47.160,1.98885,1.9889,1.60,1.00
2008.07.25 14:22:47.418,1.98885,1.9889,1.10,1.00
2008.07.25 14:22:47.604,1.98875,1.98895,5.90,1.00
2008.07.25 14:22:47.790,1.9888,1.989,3.70,7.00
2008.07.25 14:22:48.870,1.98875,1.98895,5.90,1.00
2008.07.25 14:22:49.937,1.9888,1.98895,2.10,1.00
2008.07.25 14:22:50.157,1.9888,1.98895,1.00,1.00
2008.07.25 14:22:50.266,1.98885,1.98895,1.00,1.00
2008.07.25 14:22:50.368,1.98885,1.98895,1.60,1.00
2008.07.25 14:22:50.610,1.9889,1.98895,2.10,1.00
2008.07.25 14:22:50.886,1.98885,1.98895,4.30,1.00
2008.07.25 14:22:51.039,1.9889,1.98895,2.10,1.00
2008.07.25 14:22:51.312,1.98895,1.989,2.70,1.00
2008.07.25 14:22:51.469,1.989,1.9891,1.00,3.38
2008.07.25 14:22:52.066,1.98895,1.98915,5.40,1.00
2008.07.25 14:22:52.964,1.9889,1.98895,19.90,1.00
2008.07.25 14:22:53.146,1.9889,1.989,5.40,1.00
2008.07.25 14:22:53.243,1.9889,1.989,2.10,1.00
2008.07.25 14:22:53.338,1.98895,1.98905,2.10,1.00
2008.07.25 14:22:53.426,1.98895,1.98905,2.70,1.00
2008.07.25 14:22:53.514,1.98895,1.98905,5.40,1.00
2008.07.25 14:22:53.684,1.98895,1.989,5.40,1.00
2008.07.25 14:22:54.719,1.98895,1.98915,5.90,1.00
2008.07.25 14:22:55.143,1.98895,1.98915,3.70,1.00
2008.07.25 14:22:55.377,1.98895,1.98915,3.70,1.00
2008.07.25 14:22:55.916,1.989,1.98915,3.70,1.00
2008.07.25 14:22:56.223,1.989,1.98915,3.70,1.00
2008.07.25 14:22:56.334,1.98895,1.98915,3.70,1.00
2008.07.25 14:22:56.544,1.98895,1.9891,3.70,1.00
2008.07.25 14:22:56.854,1.98895,1.9891,3.70,3.70
2008.07.25 14:22:58.105,1.98905,1.9891,2.70,1.00
2008.07.25 14:22:58.234,1.9891,1.98915,1.00,1.00
2008.07.25 14:22:58.415,1.9891,1.98915,1.00,1.00
2008.07.25 14:22:58.484,1.9891,1.9892,1.00,5.20
2008.07.25 14:22:58.556,1.989,1.9892,2.70,4.30
2008.07.25 14:22:58.744,1.989,1.9892,2.70,3.20
2008.07.25 14:22:58.816,1.9891,1.9892,1.00,3.30
2008.07.25 14:22:58.883,1.989,1.9892,7.00,3.30
2008.07.25 14:22:58.956,1.989,1.9892,3.70,4.40
2008.07.25 14:22:59.320,1.989,1.9892,2.70,4.30
2008.07.25 14:22:59.679,1.9891,1.9892,1.00,3.30
2008.07.25 14:23:00.043,1.98905,1.9892,3.70,3.20
2008.07.25 14:23:00.744,1.9891,1.9892,1.00,3.20
2008.07.25 14:23:01.053,1.9891,1.98925,3.70,1.00
2008.07.25 14:23:01.256,1.9891,1.98925,3.70,1.00
2008.07.25 14:23:01.453,1.9891,1.98925,3.70,1.00
2008.07.25 14:23:01.653,1.9892,1.98925,1.00,1.00
2008.07.25 14:23:01.854,1.9892,1.9893,1.00,8.60
2008.07.25 14:23:02.523,1.9892,1.9893,3.70,5.40
2008.07.25 14:23:02.987,1.98905,1.98925,7.00,1.00
2008.07.25 14:23:03.963,1.9891,1.9893,4.30,9.10
2008.07.25 14:23:04.163,1.9891,1.9893,4.30,8.70
2008.07.25 14:23:05.002,1.9891,1.9893,4.30,9.00
2008.07.25 14:23:05.999,1.9891,1.9893,4.30,10.10
2008.07.25 14:23:06.881,1.9891,1.9892,3.70,1.00
2008.07.25 14:23:07.157,1.9891,1.9892,3.70,1.00
2008.07.25 14:23:07.434,1.9891,1.9892,3.70,1.70
2008.07.25 14:23:07.708,1.9891,1.9892,1.00,6.60
2008.07.25 14:23:08.161,1.9891,1.9892,1.00,7.10
2008.07.25 14:23:08.631,1.989,1.9892,3.70,7.10
2008.07.25 14:23:09.823,1.989,1.9892,3.70,6.30
2008.07.25 14:23:10.230,1.989,1.9892,3.70,6.30
2008.07.25 14:23:10.336,1.989,1.9892,3.70,6.20
2008.07.25 14:23:10.494,1.989,1.9892,3.70,4.80
2008.07.25 14:23:10.556,1.9891,1.9892,1.00,4.80
2008.07.25 14:23:11.151,1.9891,1.9892,1.00,3.50
2008.07.25 14:23:11.290,1.98905,1.9892,3.70,3.50
2008.07.25 14:23:11.698,1.98905,1.9892,3.70,3.20
2008.07.25 14:23:12.140,1.98905,1.9892,3.70,3.20
2008.07.25 14:23:12.531,1.9891,1.9892,1.00,3.20
2008.07.25 14:23:12.731,1.9891,1.9893,1.00,3.30
2008.07.25 14:23:12.936,1.9891,1.9893,3.70,1.20
2008.07.25 14:23:13.116,1.9891,1.9892,3.70,1.00
2008.07.25 14:23:13.293,1.9891,1.9892,1.00,3.20
2008.07.25 14:23:13.391,1.9891,1.9893,1.00,3.30
2008.07.25 14:23:13.489,1.9891,1.9893,3.70,12.50
2008.07.25 14:23:13.680,1.9891,1.9893,3.70,13.30
2008.07.25 14:23:13.891,1.98905,1.98925,7.00,1.00
2008.07.25 14:23:14.140,1.9891,1.9893,3.70,13.30
2008.07.25 14:23:14.720,1.98915,1.9893,1.00,12.00
2008.07.25 14:23:15.022,1.98915,1.9893,1.00,12.10
2008.07.25 14:23:15.336,1.9891,1.98925,3.70,1.00
2008.07.25 14:23:15.589,1.9891,1.9893,3.70,13.30
2008.07.25 14:23:16.971,1.9891,1.9892,3.70,1.00
2008.07.25 14:23:17.513,1.9891,1.9892,3.70,1.00
2008.07.25 14:23:17.830,1.9891,1.9893,1.00,4.40
2008.07.25 14:23:18.004,1.9891,1.9893,3.70,3.20
2008.07.25 14:23:18.214,1.9892,1.9893,1.00,11.20
2008.07.25 14:23:18.387,1.9891,1.9893,4.80,11.20
2008.07.25 14:23:18.742,1.9891,1.9893,3.70,11.30
2008.07.25 14:23:19.094,1.9891,1.9893,3.70,17.60
2008.07.25 14:23:19.449,1.9891,1.9893,3.70,12.80
2008.07.25 14:23:19.642,1.9891,1.9893,3.70,11.70
2008.07.25 14:23:20.188,1.9891,1.9892,3.70,1.00
2008.07.25 14:23:20.559,1.9891,1.9892,3.70,1.00
2008.07.25 14:23:20.937,1.9891,1.9892,3.70,1.00
2008.07.25 14:23:21.078,1.9891,1.9892,3.70,1.00
2008.07.25 14:23:22.287,1.9891,1.9892,3.70,1.00
2008.07.25 14:23:22.912,1.9891,1.9892,3.70,1.00
2008.07.25 14:23:23.292,1.9891,1.9892,3.70,1.00
2008.07.25 14:23:24.866,1.9891,1.9893,3.70,1.00
2008.07.25 14:23:24.998,1.9891,1.98925,3.20,1.00
2008.07.25 14:23:25.567,1.98915,1.98925,2.70,1.00
2008.07.25 14:23:26.727,1.9892,1.98925,3.20,1.00
2008.07.25 14:23:27.238,1.98915,1.98925,2.70,1.00
2008.07.25 14:23:27.489,1.98915,1.98925,3.70,1.00
2008.07.25 14:23:28.738,1.98905,1.98925,7.00,1.00
2008.07.25 14:23:28.880,1.98905,1.98925,3.70,1.00
2008.07.25 14:23:29.240,1.98905,1.9892,1.60,1.70
2008.07.25 14:23:29.620,1.98905,1.9892,1.00,3.30
2008.07.25 14:23:29.994,1.98905,1.9892,1.00,3.60
2008.07.25 14:23:30.506,1.98905,1.9892,1.00,1.00
2008.07.25 14:23:31.568,1.98905,1.9892,1.00,1.20
2008.07.25 14:23:33.312,1.9891,1.9892,1.00,1.20
2008.07.25 14:23:33.476,1.9891,1.9892,1.00,1.20
2008.07.25 14:23:34.184,1.9891,1.9892,1.00,1.30
2008.07.25 14:23:35.301,1.9891,1.9892,1.00,1.40
2008.07.25 14:23:35.424,1.9891,1.9892,1.00,1.00
2008.07.25 14:23:35.560,1.9891,1.9892,1.00,1.00
2008.07.25 14:23:35.685,1.9891,1.98925,1.00,1.20
2008.07.25 14:23:35.920,1.9891,1.9892,1.00,1.00
2008.07.25 14:23:36.046,1.9891,1.9892,1.00,1.40
2008.07.25 14:23:37.966,1.9891,1.9892,1.00,1.20
2008.07.25 14:23:38.784,1.98905,1.9892,1.60,1.20
2008.07.25 14:23:39.125,1.98905,1.9892,1.60,1.40
2008.07.25 14:23:39.466,1.9891,1.9892,3.70,1.70
2008.07.25 14:23:39.570,1.9891,1.9892,3.70,1.20
2008.07.25 14:23:39.993,1.9891,1.9892,3.70,1.00
2008.07.25 14:23:40.127,1.9891,1.98925,3.70,1.20
2008.07.25 14:23:40.584,1.9891,1.9892,3.70,1.00
2008.07.25 14:23:40.934,1.9891,1.98925,3.70,1.20
2008.07.25 14:23:42.225,1.98915,1.98925,1.00,1.20
2008.07.25 14:23:42.632,1.9891,1.9892,4.30,1.00
2008.07.25 14:23:43.890,1.98915,1.9892,2.70,1.00
2008.07.25 14:23:45.667,1.98915,1.9893,2.70,22.80
2008.07.25 14:23:45.865,1.9891,1.98925,3.70,1.20
2008.07.25 14:23:46.003,1.989,1.9892,3.70,1.00
2008.07.25 14:23:46.144,1.989,1.9892,4.80,3.60
2008.07.25 14:23:46.282,1.989,1.9892,3.70,3.50
2008.07.25 14:23:46.431,1.989,1.9892,7.00,1.00
2008.07.25 14:23:46.630,1.989,1.9892,3.70,1.00
2008.07.25 14:23:46.778,1.989,1.9892,3.70,1.20
2008.07.25 14:23:47.112,1.989,1.9892,5.90,3.30
2008.07.25 14:23:47.452,1.98905,1.9892,7.00,1.00
2008.07.25 14:23:47.789,1.98905,1.98925,7.00,1.00
2008.07.25 14:23:48.292,1.9891,1.98925,3.70,1.00
2008.07.25 14:23:48.487,1.9891,1.98925,3.70,1.00
2008.07.25 14:23:48.600,1.98905,1.98925,1.00,1.00
2008.07.25 14:23:49.222,1.9891,1.9892,1.00,1.00
2008.07.25 14:23:49.642,1.98905,1.98925,1.00,1.00
2008.07.25 14:23:50.235,1.98905,1.98925,1.00,1.20
2008.07.25 14:23:50.520,1.9891,1.98925,1.00,1.20
2008.07.25 14:23:51.433,1.9891,1.98925,3.20,1.00
2008.07.25 14:23:51.556,1.9891,1.98925,3.20,1.00
2008.07.25 14:23:51.642,1.9891,1.98925,7.50,1.00
2008.07.25 14:23:51.685,1.9891,1.98925,7.50,1.00
2008.07.25 14:23:51.722,1.9891,1.9893,8.10,7.80
2008.07.25 14:23:51.783,1.9891,1.9893,8.10,7.50
2008.07.25 14:23:51.898,1.9892,1.98925,3.20,1.00
2008.07.25 14:23:52.462,1.9892,1.9893,3.20,5.60
2008.07.25 14:23:52.767,1.9891,1.98925,3.70,1.00
2008.07.25 14:23:53.066,1.9891,1.98925,3.70,1.00
2008.07.25 14:23:53.375,1.9891,1.98925,3.70,1.00
2008.07.25 14:23:54.033,1.98925,1.9893,2.70,7.78
2008.07.25 14:23:54.372,1.98925,1.9893,2.70,10.20
2008.07.25 14:23:54.670,1.98925,1.9893,2.70,9.70
2008.07.25 14:23:54.969,1.98925,1.9893,2.70,2.10
2008.07.25 14:23:55.273,1.98925,1.9893,7.00,2.10
2008.07.25 14:23:55.442,1.98925,1.9893,7.50,2.10
2008.07.25 14:23:55.931,1.98925,1.98935,7.50,1.00
2008.07.25 14:23:56.269,1.98925,1.98945,8.10,1.00
2008.07.25 14:23:56.501,1.9893,1.9895,3.70,4.70
2008.07.25 14:23:56.737,1.98935,1.9895,1.00,4.70
2008.07.25 14:23:57.189,1.98935,1.9895,1.00,4.80
2008.07.25 14:23:57.431,1.98935,1.9895,1.00,5.10
2008.07.25 14:23:57.601,1.98935,1.9895,1.00,5.40
2008.07.25 14:24:00.438,1.9893,1.9895,3.70,5.40
2008.07.25 14:24:00.693,1.9893,1.9895,3.70,4.80
2008.07.25 14:24:00.889,1.9893,1.9895,3.70,4.70
2008.07.25 14:24:00.989,1.9894,1.9895,4.30,4.50
2008.07.25 14:24:01.210,1.98945,1.9895,2.70,1.00
2008.07.25 14:24:01.310,1.98945,1.9895,2.70,1.00
2008.07.25 14:24:01.409,1.98935,1.9895,7.50,3.20
2008.07.25 14:24:01.690,1.98935,1.9895,7.00,3.20
2008.07.25 14:24:01.967,1.98935,1.9895,6.40,3.20
2008.07.25 14:24:02.262,1.9893,1.9895,4.80,3.20
2008.07.25 14:24:02.546,1.98935,1.9895,1.00,3.70
2008.07.25 14:24:02.687,1.98935,1.9895,1.00,4.80
2008.07.25 14:24:02.816,1.98935,1.9895,1.00,4.90
2008.07.25 14:24:03.003,1.98935,1.9895,1.00,3.20
2008.07.25 14:24:03.140,1.98935,1.9895,4.80,3.70
2008.07.25 14:24:04.263,1.98935,1.9895,7.50,3.70
2008.07.25 14:24:04.565,1.98935,1.98955,3.20,1.20
2008.07.25 14:24:05.067,1.98935,1.9895,3.20,2.20
2008.07.25 14:24:05.586,1.98935,1.9895,3.20,5.50
2008.07.25 14:24:06.323,1.98935,1.9895,3.20,2.20
2008.07.25 14:24:06.557,1.98935,1.9895,3.20,1.20
2008.07.25 14:24:06.806,1.98935,1.9895,3.20,1.00
2008.07.25 14:24:07.047,1.98935,1.9895,7.50,1.00
2008.07.25 14:24:07.292,1.98945,1.9895,2.70,1.00
2008.07.25 14:24:07.540,1.98945,1.9895,2.70,1.00
2008.07.25 14:24:09.647,1.9893,1.9895,18.30,1.00
2008.07.25 14:24:09.889,1.98935,1.9895,7.50,1.00
2008.07.25 14:24:13.209,1.98935,1.98955,3.20,1.20
2008.07.25 14:24:14.026,1.9894,1.98955,3.70,1.20
2008.07.25 14:24:14.336,1.9894,1.9895,3.70,1.00
2008.07.25 14:24:14.649,1.98945,1.9895,1.00,1.00
2008.07.25 14:24:15.162,1.9894,1.9895,3.70,1.00
2008.07.25 14:24:15.407,1.9894,1.98955,3.70,1.20
2008.07.25 14:24:15.618,1.9894,1.9895,3.70,2.70
2008.07.25 14:24:15.827,1.9894,1.9895,3.70,2.90
2008.07.25 14:24:16.002,1.9894,1.9895,3.70,3.10
2008.07.25 14:24:16.638,1.9894,1.9895,3.70,3.10
2008.07.25 14:24:17.065,1.98935,1.9895,3.20,2.80
2008.07.25 14:24:17.365,1.98935,1.9895,3.20,3.20
2008.07.25 14:24:17.663,1.98935,1.9895,3.20,2.10
2008.07.25 14:24:18.323,1.98935,1.9895,3.20,1.00
2008.07.25 14:24:18.874,1.9894,1.9895,3.20,1.30
2008.07.25 14:24:18.978,1.98935,1.9895,1.00,7.00
2008.07.25 14:24:19.612,1.9893,1.9894,3.70,1.00
2008.07.25 14:24:21.264,1.9893,1.9895,3.70,5.20
2008.07.25 14:24:21.364,1.9893,1.9895,7.00,1.20
2008.07.25 14:24:21.597,1.9894,1.9895,3.20,1.20
2008.07.25 14:24:22.039,1.98935,1.98945,5.90,1.00
2008.07.25 14:24:22.310,1.98935,1.98945,7.00,1.00
2008.07.25 14:24:22.650,1.98935,1.9895,7.00,1.80
2008.07.25 14:24:23.188,1.9894,1.9895,3.20,1.60
2008.07.25 14:24:23.351,1.9894,1.9895,3.20,1.30
2008.07.25 14:24:23.642,1.98935,1.9895,7.00,1.00
2008.07.25 14:24:23.938,1.98935,1.9895,7.50,1.00
2008.07.25 14:24:24.226,1.98935,1.9895,7.00,1.00
2008.07.25 14:24:24.506,1.9894,1.9895,4.30,1.00
2008.07.25 14:24:24.757,1.98945,1.9896,3.20,3.20
2008.07.25 14:24:25.245,1.98945,1.9896,3.70,1.00
2008.07.25 14:24:26.084,1.98945,1.98965,3.70,1.00
2008.07.25 14:24:26.356,1.98945,1.98965,1.00,1.20
2008.07.25 14:24:27.144,1.98945,1.9895,1.00,1.00
2008.07.25 14:24:27.943,1.9894,1.9896,3.70,3.20
2008.07.25 14:24:28.072,1.9894,1.9896,7.00,1.00
2008.07.25 14:24:28.420,1.9895,1.9896,3.20,1.00
2008.07.25 14:24:28.664,1.98945,1.98965,3.20,1.20
2008.07.25 14:24:30.292,1.9895,1.9896,3.20,1.00
2008.07.25 14:24:34.839,1.98945,1.9896,3.20,1.00
2008.07.25 14:24:35.634,1.9895,1.9896,3.20,1.00
2008.07.25 14:24:35.792,1.9895,1.9896,3.20,1.00
2008.07.25 14:24:35.890,1.98955,1.9896,3.20,1.00
2008.07.25 14:24:35.987,1.98955,1.98965,3.20,1.00
2008.07.25 14:24:36.698,1.9896,1.9897,3.20,1.00
2008.07.25 14:24:36.980,1.9896,1.9897,3.20,1.00
2008.07.25 14:24:38.566,1.98965,1.98975,1.00,1.00
2008.07.25 14:24:38.820,1.98965,1.98975,1.60,1.00
2008.07.25 14:24:40.700,1.98965,1.9898,1.00,1.00
2008.07.25 14:24:41.359,1.98965,1.98985,1.00,1.20
2008.07.25 14:24:42.167,1.98965,1.9898,1.00,3.70
2008.07.25 14:24:42.885,1.98965,1.98975,1.00,1.00
2008.07.25 14:24:43.099,1.98965,1.98975,1.00,1.00
2008.07.25 14:24:43.202,1.98965,1.9897,1.00,1.00
2008.07.25 14:24:43.436,1.9896,1.98975,3.70,1.00
2008.07.25 14:24:43.608,1.98965,1.9898,1.00,3.20
2008.07.25 14:24:45.641,1.98965,1.9898,1.00,3.20
2008.07.25 14:24:45.708,1.98965,1.9898,3.70,3.20
2008.07.25 14:24:46.697,1.98965,1.9898,3.70,3.70
2008.07.25 14:24:46.775,1.98965,1.9898,2.70,3.70
2008.07.25 14:24:46.850,1.9897,1.9899,1.00,3.30
2008.07.25 14:24:47.171,1.9898,1.9899,2.10,3.20
2008.07.25 14:24:47.497,1.98985,1.99,3.20,2.20
2008.07.25 14:24:48.411,1.98985,1.9899,3.20,1.00
2008.07.25 14:24:48.618,1.98985,1.99,3.20,5.90
2008.07.25 14:24:48.820,1.98985,1.99,3.20,7.10
2008.07.25 14:24:49.219,1.98985,1.99,3.20,3.30
2008.07.25 14:24:49.570,1.98985,1.99,1.00,3.30
2008.07.25 14:24:49.962,1.9898,1.99,5.90,3.30
2008.07.25 14:24:50.316,1.9898,1.99,3.70,3.60
2008.07.25 14:24:50.476,1.9898,1.99,3.70,3.60
2008.07.25 14:24:50.637,1.98975,1.98995,7.00,1.00
2008.07.25 14:24:50.799,1.9898,1.99,3.70,3.60
2008.07.25 14:24:51.256,1.9898,1.99,3.70,3.30
2008.07.25 14:24:52.324,1.9898,1.99,4.80,3.30
2008.07.25 14:24:52.617,1.9898,1.9899,1.00,1.00
2008.07.25 14:24:53.437,1.9898,1.99,3.70,4.30
2008.07.25 14:24:53.753,1.98975,1.98995,7.00,1.00
2008.07.25 14:24:54.575,1.98985,1.99,1.00,3.90
2008.07.25 14:24:54.859,1.98985,1.99,1.00,1.20
2008.07.25 14:24:55.138,1.9898,1.99,1.60,1.20
2008.07.25 14:24:55.712,1.98985,1.99,3.20,1.00
2008.07.25 14:24:55.918,1.98985,1.99,3.20,1.00
2008.07.25 14:24:56.086,1.98985,1.99,3.20,1.00
2008.07.25 14:24:56.255,1.98985,1.99005,7.00,1.00
2008.07.25 14:24:57.364,1.9899,1.99005,3.20,1.00
2008.07.25 14:24:57.573,1.9899,1.99005,6.40,1.00
2008.07.25 14:24:57.876,1.99,1.99005,3.20,1.00
2008.07.25 14:24:58.037,1.99,1.9901,3.20,1.00
2008.07.25 14:24:59.072,1.9899,1.9901,3.70,1.20
2008.07.25 14:24:59.425,1.9899,1.9901,3.70,3.30
2008.07.25 14:25:00.260,1.9899,1.99,3.70,1.00
2008.07.25 14:25:00.385,1.9899,1.99,3.70,1.20
2008.07.25 14:25:00.805,1.9899,1.99,1.00,4.90
2008.07.25 14:25:00.938,1.98985,1.99,1.00,5.10
2008.07.25 14:25:01.264,1.98985,1.99,1.00,1.70
2008.07.25 14:25:01.476,1.9899,1.99,3.20,1.20
2008.07.25 14:25:01.688,1.98985,1.99,3.20,1.70
2008.07.25 14:25:01.904,1.98985,1.99,3.20,1.20
2008.07.25 14:25:02.113,1.9899,1.99,3.70,1.30
2008.07.25 14:25:02.352,1.98985,1.99,3.20,1.30
2008.07.25 14:25:02.857,1.98985,1.99,3.20,1.20
2008.07.25 14:25:03.114,1.98985,1.99,1.60,4.40
2008.07.25 14:25:03.373,1.9898,1.99,4.80,4.40
2008.07.25 14:25:04.141,1.9898,1.99,5.90,4.40
2008.07.25 14:25:04.402,1.9898,1.99,4.80,4.40
2008.07.25 14:25:07.002,1.9898,1.98995,3.70,1.20
2008.07.25 14:25:07.862,1.9898,1.98995,3.70,1.20
2008.07.25 14:25:08.871,1.98975,1.98995,3.20,1.20
2008.07.25 14:25:09.079,1.98975,1.9899,3.20,1.00
2008.07.25 14:25:09.259,1.9899,1.98995,3.20,1.10
2008.07.25 14:25:09.432,1.9899,1.98995,3.20,1.00
2008.07.25 14:25:09.603,1.98985,1.98995,5.90,1.00
2008.07.25 14:25:10.452,1.9899,1.98995,3.20,1.00
2008.07.25 14:25:10.803,1.98975,1.98995,7.00,1.00
2008.07.25 14:25:12.891,1.98985,1.99,1.00,3.30
2008.07.25 14:25:13.070,1.9898,1.99,3.70,3.30
2008.07.25 14:25:14.551,1.9898,1.99,3.70,3.60
2008.07.25 14:25:15.152,1.9898,1.99,4.80,3.60
2008.07.25 14:25:16.130,1.9898,1.99,4.80,3.30
2008.07.25 14:25:22.649,1.9898,1.99,4.80,1.20
2008.07.25 14:25:23.338,1.9898,1.9899,4.80,1.00
2008.07.25 14:25:30.307,1.9898,1.9899,3.70,1.00
2008.07.25 14:25:30.488,1.98975,1.9899,1.00,1.00
2008.07.25 14:25:31.351,1.9897,1.9899,3.70,1.00
2008.07.25 14:25:31.470,1.9897,1.9899,3.70,1.60
2008.07.25 14:25:32.877,1.9897,1.9899,1.60,1.70
2008.07.25 14:25:34.975,1.9897,1.98985,1.60,1.00
2008.07.25 14:25:36.148,1.9897,1.98985,10.20,1.00
2008.07.25 14:25:36.357,1.98965,1.98985,4.30,1.00
2008.07.25 14:25:41.196,1.98965,1.9898,3.70,1.00
2008.07.25 14:25:41.415,1.98965,1.98985,1.00,1.20
2008.07.25 14:25:41.626,1.98965,1.98985,3.70,1.00
2008.07.25 14:25:41.745,1.98965,1.9898,3.70,1.00
2008.07.25 14:25:42.253,1.98965,1.9898,1.60,1.00
2008.07.25 14:25:42.379,1.98965,1.98985,3.70,1.00
2008.07.25 14:25:42.587,1.98965,1.9898,3.70,1.00
2008.07.25 14:25:42.957,1.98965,1.9898,1.00,1.00
2008.07.25 14:25:43.158,1.98965,1.98985,1.00,1.20
2008.07.25 14:25:43.352,1.98965,1.9898,1.00,1.00
2008.07.25 14:25:43.484,1.98965,1.9898,1.00,1.20
2008.07.25 14:25:44.692,1.98965,1.9898,3.70,1.60
2008.07.25 14:25:44.853,1.98965,1.9898,4.30,1.00
2008.07.25 14:25:45.018,1.98965,1.9898,4.30,1.00
2008.07.25 14:25:45.185,1.98965,1.9898,3.70,1.00
2008.07.25 14:25:45.344,1.98965,1.9898,3.20,1.60
2008.07.25 14:25:45.505,1.9894,1.9896,27.20,1.00
2008.07.25 14:25:45.664,1.9895,1.9896,19.40,1.00
2008.07.25 14:25:46.594,1.9896,1.98965,1.10,1.20
2008.07.25 14:25:46.705,1.98945,1.9896,3.10,3.70
2008.07.25 14:25:46.922,1.98945,1.9896,2.60,3.30
2008.07.25 14:25:48.015,1.9894,1.9896,4.20,4.40
2008.07.25 14:25:48.792,1.98925,1.9896,7.00,4.40
2008.07.25 14:25:49.052,1.98925,1.9896,7.00,4.50
2008.07.25 14:25:49.565,1.9895,1.9896,1.00,4.50
2008.07.25 14:25:49.823,1.9895,1.9896,1.00,4.40
2008.07.25 14:25:50.182,1.98945,1.98955,1.00,1.00
2008.07.25 14:25:50.536,1.9893,1.9895,3.00,1.00
2008.07.25 14:25:50.925,1.9896,1.98965,1.00,6.70
2008.07.25 14:25:51.027,1.9895,1.9896,1.00,4.90
2008.07.25 14:25:51.396,1.98945,1.9896,1.00,4.90
2008.07.25 14:25:51.513,1.98945,1.9896,1.00,5.10
2008.07.25 14:25:51.739,1.9894,1.9896,4.80,5.10
2008.07.25 14:25:52.673,1.98945,1.9896,1.00,4.90
2008.07.25 14:25:52.795,1.98945,1.9896,1.00,5.10
2008.07.25 14:25:53.123,1.98945,1.9896,1.00,4.00
2008.07.25 14:25:53.661,1.98945,1.9896,1.00,4.10
2008.07.25 14:25:54.296,1.9894,1.9896,4.80,3.70
2008.07.25 14:25:54.774,1.9894,1.98955,4.80,1.00
2008.07.25 14:25:56.636,1.9894,1.98955,4.80,1.00
2008.07.25 14:25:58.971,1.9894,1.9895,4.80,1.00
2008.07.25 14:25:59.226,1.9894,1.9895,1.00,3.70
2008.07.25 14:25:59.459,1.9894,1.9895,1.00,4.30
2008.07.25 14:25:59.687,1.9893,1.9895,2.70,3.70
2008.07.25 14:26:00.941,1.9893,1.9895,3.70,3.70
2008.07.25 14:26:01.290,1.9893,1.9895,2.70,3.70
2008.07.25 14:26:01.729,1.9893,1.9895,2.70,4.00
2008.07.25 14:26:01.924,1.9893,1.9895,17.80,4.40
2008.07.25 14:26:02.327,1.9893,1.9894,4.80,1.00
2008.07.25 14:26:02.534,1.9893,1.9894,3.70,1.00
2008.07.25 14:26:03.296,1.9893,1.9894,3.70,1.00
2008.07.25 14:26:04.040,1.9893,1.9894,4.80,1.00
2008.07.25 14:26:04.293,1.98925,1.98945,3.20,1.60
2008.07.25 14:26:05.373,1.98925,1.9894,1.00,1.00
2008.07.25 14:26:05.740,1.98925,1.9894,1.00,1.00
2008.07.25 14:26:06.094,1.98925,1.9894,1.00,1.00
2008.07.25 14:26:06.690,1.9892,1.9894,1.60,1.20
2008.07.25 14:26:06.899,1.9892,1.9894,1.60,1.20
2008.07.25 14:26:07.104,1.9892,1.9893,10.20,1.00
2008.07.25 14:26:07.350,1.9892,1.9893,10.20,1.00
2008.07.25 14:26:07.633,1.9892,1.9893,2.70,1.00
2008.07.25 14:26:07.868,1.9892,1.9893,10.20,1.00
2008.07.25 14:26:08.178,1.9892,1.9893,9.10,1.20
2008.07.25 14:26:08.372,1.9892,1.9893,3.70,1.30
2008.07.25 14:26:08.560,1.9892,1.9893,1.00,1.30
2008.07.25 14:26:08.739,1.98915,1.9892,1.10,1.00
2008.07.25 14:26:09.769,1.98915,1.98935,1.00,1.20
2008.07.25 14:26:10.118,1.98915,1.9893,1.00,5.40
2008.07.25 14:26:10.473,1.98905,1.98915,1.00,1.00
2008.07.25 14:26:10.758,1.98905,1.98915,3.20,1.00
2008.07.25 14:26:11.049,1.9891,1.98915,1.00,1.00
2008.07.25 14:26:11.341,1.98905,1.9891,2.10,1.00
2008.07.25 14:26:11.492,1.98905,1.9891,1.60,1.00
2008.07.25 14:26:11.639,1.98905,1.9891,3.80,1.00
2008.07.25 14:26:11.938,1.98905,1.9892,1.00,3.30
2008.07.25 14:26:12.079,1.98905,1.9892,3.70,4.40
2008.07.25 14:26:12.342,1.98905,1.9892,1.00,4.40
2008.07.25 14:26:12.937,1.98905,1.9892,1.00,3.30
2008.07.25 14:26:13.136,1.98905,1.9892,1.00,3.30
2008.07.25 14:26:13.556,1.98905,1.9892,1.00,3.30
2008.07.25 14:26:13.950,1.98905,1.9892,1.00,3.30
2008.07.25 14:26:14.754,1.989,1.9892,1.60,3.30
2008.07.25 14:26:15.915,1.989,1.98915,1.00,1.60
2008.07.25 14:26:16.803,1.989,1.9892,1.60,3.30
2008.07.25 14:26:17.132,1.989,1.98915,1.00,1.60
2008.07.25 14:26:17.268,1.989,1.9892,1.60,3.30
2008.07.25 14:26:17.648,1.98905,1.9892,1.60,3.20
2008.07.25 14:26:17.900,1.9891,1.9892,1.00,3.20
2008.07.25 14:26:18.531,1.9891,1.9892,1.00,3.30
2008.07.25 14:26:18.796,1.9891,1.9892,1.00,3.20
2008.07.25 14:26:19.777,1.9891,1.9892,1.00,1.00
2008.07.25 14:26:20.071,1.9891,1.9892,1.00,1.00
2008.07.25 14:26:20.368,1.989,1.98915,4.80,1.00
2008.07.25 14:26:20.685,1.989,1.9891,1.60,1.00
2008.07.25 14:26:20.938,1.989,1.9892,3.70,5.40
2008.07.25 14:26:21.449,1.989,1.9892,1.60,4.30
2008.07.25 14:26:22.972,1.989,1.9892,1.60,4.50
2008.07.25 14:26:23.138,1.989,1.9892,1.60,4.70
2008.07.25 14:26:23.702,1.989,1.98915,1.60,1.00
2008.07.25 14:26:24.067,1.989,1.98915,1.00,1.00
2008.07.25 14:26:24.662,1.989,1.98915,4.30,1.00
2008.07.25 14:26:25.335,1.98905,1.98915,4.30,1.00
2008.07.25 14:26:25.686,1.98905,1.9892,4.30,1.00
2008.07.25 14:26:26.616,1.98905,1.9892,4.80,1.00
2008.07.25 14:26:26.714,1.98905,1.9892,5.40,1.00
2008.07.25 14:26:26.958,1.98905,1.9892,5.40,1.00
2008.07.25 14:26:27.198,1.98905,1.9893,5.40,4.70
2008.07.25 14:26:27.637,1.98905,1.98925,5.40,1.00
2008.07.25 14:26:27.700,1.98905,1.98925,2.10,1.00
2008.07.25 14:26:28.206,1.98905,1.9892,5.40,1.00
2008.07.25 14:26:28.444,1.98905,1.9892,4.80,1.00
2008.07.25 14:26:28.711,1.9891,1.9892,1.00,1.00
2008.07.25 14:26:28.991,1.989,1.9892,5.90,1.00
2008.07.25 14:26:29.784,1.989,1.9892,4.80,1.00
2008.07.25 14:26:30.151,1.9891,1.9892,1.00,1.00
2008.07.25 14:26:30.507,1.98905,1.9893,5.40,7.80
2008.07.25 14:26:30.864,1.98905,1.98925,1.00,1.70
2008.07.25 14:26:30.980,1.98905,1.98925,1.00,2.70
2008.07.25 14:26:31.409,1.9891,1.9892,1.00,1.00
2008.07.25 14:26:31.736,1.9891,1.98915,1.00,1.00
2008.07.25 14:26:32.832,1.9891,1.9892,1.00,3.20
2008.07.25 14:26:33.164,1.989,1.9892,4.80,3.20
2008.07.25 14:26:34.650,1.989,1.9892,4.80,1.00
2008.07.25 14:26:35.875,1.98905,1.9892,4.30,1.00
2008.07.25 14:26:36.253,1.98905,1.9892,4.80,1.00
2008.07.25 14:26:36.434,1.98905,1.9892,4.80,1.00
2008.07.25 14:26:37.154,1.98905,1.9892,4.80,1.00
2008.07.25 14:26:37.330,1.98905,1.9892,4.80,2.50
2008.07.25 14:26:37.456,1.9891,1.9892,1.00,1.00
2008.07.25 14:26:37.592,1.9891,1.9892,3.70,1.00
2008.07.25 14:26:37.906,1.9891,1.9892,3.70,2.70
2008.07.25 14:26:38.039,1.989,1.98915,4.80,1.00
2008.07.25 14:26:38.349,1.989,1.9892,1.00,4.80
2008.07.25 14:26:38.642,1.989,1.9892,1.00,5.20
2008.07.25 14:26:38.931,1.989,1.9892,1.00,3.30
2008.07.25 14:26:39.530,1.98895,1.98915,5.40,1.00
2008.07.25 14:26:39.842,1.98895,1.98915,5.40,1.60
2008.07.25 14:26:40.491,1.98895,1.98905,5.40,1.60
2008.07.25 14:26:40.843,1.98895,1.9891,5.40,3.20
2008.07.25 14:26:41.190,1.98895,1.9891,4.80,1.00
2008.07.25 14:26:41.771,1.98895,1.98915,5.40,1.60
2008.07.25 14:26:46.615,1.98895,1.98915,5.40,1.00
2008.07.25 14:26:47.252,1.98905,1.98915,4.80,1.00
2008.07.25 14:26:47.640,1.9891,1.98915,3.70,1.00
2008.07.25 14:26:47.934,1.989,1.98915,4.30,1.00
2008.07.25 14:26:48.228,1.989,1.98915,1.00,1.00
2008.07.25 14:26:48.329,1.98895,1.98915,8.10,1.00
2008.07.25 14:26:48.743,1.98895,1.98915,5.40,1.00
2008.07.25 14:26:49.022,1.98895,1.98915,1.00,1.00
2008.07.25 14:26:49.301,1.98895,1.9891,1.00,1.00
2008.07.25 14:26:50.289,1.98895,1.98905,1.00,1.00
2008.07.25 14:26:50.510,1.9889,1.989,4.80,1.00
2008.07.25 14:26:50.731,1.9889,1.9891,10.20,1.20
2008.07.25 14:26:50.976,1.9889,1.9891,4.80,3.30
2008.07.25 14:26:51.201,1.9889,1.98905,4.30,1.00
2008.07.25 14:26:51.666,1.9889,1.9891,4.80,1.00
2008.07.25 14:26:53.258,1.98895,1.9891,4.30,1.60
2008.07.25 14:26:53.538,1.98895,1.9891,4.80,1.60
2008.07.25 14:26:53.707,1.98895,1.9891,5.40,1.00
2008.07.25 14:26:54.268,1.98895,1.98915,5.40,1.00
2008.07.25 14:26:54.565,1.98895,1.98915,5.40,1.00
2008.07.25 14:26:55.204,1.98895,1.98915,1.00,1.00
2008.07.25 14:26:55.516,1.989,1.98915,3.20,1.20
2008.07.25 14:26:56.995,1.9889,1.9891,8.10,1.00
2008.07.25 14:26:58.085,1.98895,1.9891,4.30,1.00
2008.07.25 14:26:58.215,1.98895,1.9891,5.40,1.00
2008.07.25 14:26:58.350,1.98895,1.98915,5.40,1.00
2008.07.25 14:26:58.567,1.989,1.98915,4.80,1.00
2008.07.25 14:26:59.855,1.989,1.9892,4.80,3.20
2008.07.25 14:27:00.163,1.98905,1.9892,1.00,3.90
2008.07.25 14:27:00.491,1.9891,1.98925,3.20,1.20
2008.07.25 14:27:01.077,1.98905,1.98925,5.40,1.00
2008.07.25 14:27:01.377,1.9891,1.98925,7.50,1.00
2008.07.25 14:27:01.474,1.9891,1.98925,8.10,1.00
2008.07.25 14:27:01.735,1.9891,1.98925,3.70,1.00
2008.07.25 14:27:01.834,1.9892,1.98925,3.20,1.00
2008.07.25 14:27:01.935,1.98905,1.98925,5.40,1.00
2008.07.25 14:27:02.550,1.98905,1.9892,5.40,1.00
2008.07.25 14:27:03.159,1.98905,1.9892,1.00,1.00
2008.07.25 14:27:04.302,1.98905,1.9892,1.00,1.00
2008.07.25 14:27:04.533,1.98905,1.98915,1.00,1.00
2008.07.25 14:27:04.854,1.9891,1.98915,1.00,1.00
2008.07.25 14:27:05.173,1.98905,1.98915,1.00,1.00
2008.07.25 14:27:05.493,1.989,1.9892,4.80,3.70
2008.07.25 14:27:05.905,1.989,1.9892,4.80,3.30
2008.07.25 14:27:06.114,1.989,1.98915,4.80,1.00
2008.07.25 14:27:06.524,1.989,1.9892,4.80,3.30
2008.07.25 14:27:09.540,1.989,1.9892,4.80,3.60
2008.07.25 14:27:10.355,1.989,1.9892,4.80,3.30
2008.07.25 14:27:10.522,1.989,1.9892,5.10,3.30
2008.07.25 14:27:10.692,1.989,1.9892,4.80,3.30
2008.07.25 14:27:11.812,1.989,1.9892,4.80,3.90
2008.07.25 14:27:13.587,1.989,1.9891,3.70,1.00
2008.07.25 14:27:13.752,1.989,1.9891,1.00,3.90
2008.07.25 14:27:13.974,1.98895,1.9891,1.00,3.70
2008.07.25 14:27:15.710,1.98895,1.9891,1.00,3.90
2008.07.25 14:27:20.448,1.98895,1.98905,1.00,1.00
2008.07.25 14:27:21.254,1.98895,1.98905,1.00,1.00
2008.07.25 14:27:21.481,1.98895,1.98905,5.40,1.00
2008.07.25 14:27:21.755,1.98895,1.9891,5.40,1.00
2008.07.25 14:27:22.090,1.98895,1.98915,5.40,1.00
2008.07.25 14:27:22.388,1.98895,1.98915,5.40,1.60
2008.07.25 14:27:23.880,1.98895,1.98915,5.40,1.00
2008.07.25 14:27:24.454,1.989,1.98915,4.30,1.00
2008.07.25 14:27:24.740,1.989,1.98925,10.20,5.10
2008.07.25 14:27:24.988,1.989,1.9892,4.80,4.40
2008.07.25 14:27:27.075,1.989,1.9892,4.80,4.10
2008.07.25 14:27:27.212,1.989,1.9892,4.80,3.60
2008.07.25 14:27:27.359,1.989,1.9892,12.40,3.70
2008.07.25 14:27:27.761,1.989,1.9892,4.80,4.10
2008.07.25 14:27:28.115,1.989,1.9892,4.80,4.30
2008.07.25 14:27:28.553,1.989,1.9892,4.80,4.00
2008.07.25 14:27:28.798,1.989,1.9892,4.80,3.70
2008.07.25 14:27:29.578,1.9889,1.98915,11.80,1.00
2008.07.25 14:27:30.693,1.989,1.98915,4.80,1.00
2008.07.25 14:27:31.409,1.989,1.98915,4.80,1.00
2008.07.25 14:27:34.647,1.989,1.9891,4.80,1.00
2008.07.25 14:27:40.458,1.9889,1.9891,11.80,1.00
2008.07.25 14:27:41.057,1.98895,1.98915,5.40,1.00
2008.07.25 14:27:42.756,1.98895,1.9891,5.40,1.00
2008.07.25 14:27:48.136,1.98895,1.98915,5.40,1.00
2008.07.25 14:27:48.871,1.989,1.98915,4.80,1.00
2008.07.25 14:27:49.582,1.989,1.9891,4.80,1.00
2008.07.25 14:27:49.904,1.989,1.98915,4.80,1.00
2008.07.25 14:27:50.591,1.989,1.9891,4.80,1.00
2008.07.25 14:27:50.794,1.989,1.98915,4.80,1.00
2008.07.25 14:27:50.994,1.989,1.98915,4.80,1.00
2008.07.25 14:27:52.482,1.989,1.98915,4.80,1.00
2008.07.25 14:27:52.812,1.989,1.9892,4.80,8.50
2008.07.25 14:27:53.337,1.989,1.98915,4.80,1.00
2008.07.25 14:27:53.775,1.989,1.98915,4.80,1.00
2008.07.25 14:27:53.992,1.989,1.98915,4.80,1.00
2008.07.25 14:27:54.207,1.989,1.9891,4.80,1.00
2008.07.25 14:27:54.429,1.989,1.98915,4.80,1.00
2008.07.25 14:27:55.791,1.989,1.98915,4.80,1.00
2008.07.25 14:27:56.282,1.989,1.98915,4.80,1.00
2008.07.25 14:27:56.554,1.989,1.9891,1.00,3.70
2008.07.25 14:27:56.852,1.989,1.9891,3.70,1.00
2008.07.25 14:28:01.309,1.989,1.9892,3.70,9.70
2008.07.25 14:28:01.750,1.9889,1.9891,16.20,1.00
2008.07.25 14:28:01.953,1.989,1.9892,3.70,9.70
2008.07.25 14:28:03.043,1.989,1.9892,3.70,9.80
2008.07.25 14:28:03.428,1.989,1.9892,3.70,9.90
2008.07.25 14:28:04.479,1.989,1.9892,3.70,9.80
2008.07.25 14:28:05.159,1.989,1.9892,3.70,9.40
2008.07.25 14:28:05.609,1.989,1.9892,3.70,9.30
2008.07.25 14:28:07.961,1.989,1.9892,4.80,9.10
2008.07.25 14:28:08.055,1.989,1.9892,4.80,8.10
2008.07.25 14:28:08.173,1.989,1.9892,10.20,8.20
2008.07.25 14:28:08.290,1.989,1.9892,10.20,6.00
2008.07.25 14:28:08.476,1.989,1.9892,4.80,6.00
2008.07.25 14:28:10.051,1.989,1.9891,4.80,1.00
2008.07.25 14:28:10.300,1.989,1.9892,3.70,8.30
2008.07.25 14:28:10.549,1.989,1.9892,1.00,3.30
2008.07.25 14:28:10.892,1.9889,1.9891,16.20,1.00
2008.07.25 14:28:11.230,1.989,1.9892,4.80,6.00
2008.07.25 14:28:12.078,1.989,1.9892,4.80,6.30
2008.07.25 14:28:14.789,1.989,1.9892,4.80,6.80
2008.07.25 14:28:15.717,1.989,1.9892,4.80,6.30
2008.07.25 14:28:15.949,1.989,1.9892,4.80,6.30
2008.07.25 14:28:18.290,1.989,1.9892,4.80,6.30
2008.07.25 14:28:18.556,1.989,1.9892,4.80,6.60
2008.07.25 14:28:18.776,1.989,1.9892,4.80,7.00
2008.07.25 14:28:19.572,1.989,1.9892,4.80,8.30
2008.07.25 14:28:19.883,1.989,1.9892,4.80,1.20
2008.07.25 14:28:20.180,1.989,1.9891,4.80,1.00
2008.07.25 14:28:20.486,1.989,1.9891,2.70,4.30
2008.07.25 14:28:20.893,1.9889,1.9891,27.50,3.60
2008.07.25 14:28:21.175,1.98895,1.9891,3.20,4.10
2008.07.25 14:28:21.506,1.98895,1.9891,3.20,4.30
2008.07.25 14:28:22.008,1.98895,1.9891,3.20,4.70
2008.07.25 14:28:22.336,1.98895,1.9891,3.20,4.80
2008.07.25 14:28:23.351,1.98895,1.9891,3.20,4.90
2008.07.25 14:28:24.600,1.98895,1.9891,5.40,4.90
2008.07.25 14:28:24.891,1.98895,1.9891,2.70,4.90
2008.07.25 14:28:25.486,1.98895,1.9891,2.70,4.80
2008.07.25 14:28:26.914,1.98895,1.98905,2.70,1.00
2008.07.25 14:28:30.035,1.989,1.9891,2.10,3.90
2008.07.25 14:28:30.271,1.989,1.9891,2.10,3.30
2008.07.25 14:28:30.475,1.989,1.9891,2.10,1.00
2008.07.25 14:28:30.867,1.989,1.9892,2.70,12.90
2008.07.25 14:28:31.179,1.989,1.9892,2.70,6.70
2008.07.25 14:28:31.529,1.989,1.9892,2.70,6.80
2008.07.25 14:28:31.834,1.989,1.98915,2.70,1.00
2008.07.25 14:28:32.628,1.989,1.98915,2.70,1.00
2008.07.25 14:28:33.552,1.989,1.98915,2.70,1.00
2008.07.25 14:28:33.695,1.989,1.9891,2.70,1.00
2008.07.25 14:28:35.483,1.989,1.98915,2.70,1.00
2008.07.25 14:28:36.386,1.989,1.98915,2.70,1.00
2008.07.25 14:28:36.602,1.989,1.9891,2.70,1.00
2008.07.25 14:28:36.817,1.98915,1.9892,2.10,7.68
2008.07.25 14:28:37.372,1.98905,1.98915,6.30,1.00
2008.07.25 14:28:37.755,1.9891,1.98925,2.50,1.00
2008.07.25 14:28:37.887,1.98915,1.98925,2.10,1.00
2008.07.25 14:28:37.966,1.98915,1.98925,2.10,1.00
2008.07.25 14:28:38.424,1.98905,1.98925,9.70,1.00
2008.07.25 14:28:38.766,1.98915,1.9893,1.00,4.10
2008.07.25 14:28:39.032,1.98905,1.9893,9.70,5.10
2008.07.25 14:28:39.303,1.9891,1.9893,2.70,6.30
2008.07.25 14:28:40.284,1.9891,1.9893,2.70,7.10
2008.07.25 14:28:41.344,1.9891,1.9893,2.70,7.20
2008.07.25 14:28:41.553,1.9891,1.98925,2.10,1.00
2008.07.25 14:28:43.280,1.98915,1.98925,2.10,1.00
2008.07.25 14:28:43.623,1.98905,1.98925,9.10,1.00
2008.07.25 14:28:46.251,1.9891,1.9892,2.10,1.00
2008.07.25 14:28:49.379,1.989,1.9892,16.20,1.00
2008.07.25 14:28:49.576,1.9891,1.9892,2.10,4.80
2008.07.25 14:28:49.801,1.9891,1.9892,2.10,1.60
2008.07.25 14:28:50.012,1.98915,1.9892,2.10,1.00
2008.07.25 14:28:50.232,1.98905,1.98925,9.10,1.00
2008.07.25 14:28:50.447,1.9891,1.98925,2.70,1.00
2008.07.25 14:28:50.665,1.98915,1.9893,2.10,3.20
2008.07.25 14:28:51.100,1.98915,1.9893,2.10,1.00
2008.07.25 14:28:52.183,1.9892,1.9893,2.10,1.00
2008.07.25 14:28:52.549,1.9892,1.9893,2.10,1.00
2008.07.25 14:28:52.870,1.9892,1.9893,2.10,1.00
2008.07.25 14:28:53.452,1.9892,1.9893,2.70,1.00
2008.07.25 14:28:53.840,1.9892,1.98935,2.70,1.00
2008.07.25 14:28:54.858,1.9892,1.98935,2.10,1.00
2008.07.25 14:28:55.262,1.98925,1.98935,2.10,1.00
2008.07.25 14:28:55.461,1.98915,1.98935,7.00,1.00
2008.07.25 14:28:55.914,1.9892,1.9894,2.70,5.80
2008.07.25 14:29:00.777,1.9892,1.9893,2.70,1.20
2008.07.25 14:29:00.992,1.9892,1.9893,3.70,1.20
2008.07.25 14:29:01.214,1.9892,1.9893,1.00,3.90
2008.07.25 14:29:01.413,1.98925,1.9893,1.00,1.00
2008.07.25 14:29:01.619,1.9892,1.98925,5.40,1.00
2008.07.25 14:29:01.826,1.98925,1.9893,1.00,1.00
2008.07.25 14:29:05.905,1.98925,1.9894,1.00,6.00
2008.07.25 14:29:09.128,1.98925,1.9894,2.70,6.00
2008.07.25 14:29:09.412,1.98925,1.9894,2.70,5.10
2008.07.25 14:29:09.667,1.98925,1.9894,2.70,5.80
2008.07.25 14:29:10.126,1.98925,1.9894,2.70,5.80
2008.07.25 14:29:12.334,1.98925,1.9894,2.70,5.60
2008.07.25 14:29:12.833,1.98925,1.9894,1.00,5.60
2008.07.25 14:29:13.300,1.98925,1.9894,3.20,5.60
2008.07.25 14:29:13.491,1.98925,1.9894,3.20,5.80
2008.07.25 14:29:13.894,1.98925,1.9894,3.20,5.10
2008.07.25 14:29:16.783,1.98925,1.9894,3.20,5.50
2008.07.25 14:29:16.964,1.98925,1.9894,3.20,5.80
2008.07.25 14:29:17.403,1.98925,1.9894,3.20,5.90
2008.07.25 14:29:17.960,1.98925,1.9894,3.20,5.40
2008.07.25 14:29:18.244,1.98925,1.9894,3.20,5.10
2008.07.25 14:29:18.412,1.98925,1.9894,5.40,5.10
2008.07.25 14:29:18.500,1.98925,1.9894,5.40,1.80
2008.07.25 14:29:18.723,1.98925,1.9894,5.40,2.50
2008.07.25 14:29:19.054,1.98925,1.9894,5.40,5.80
2008.07.25 14:29:20.993,1.98925,1.9894,5.40,2.40
2008.07.25 14:29:21.476,1.98935,1.9894,2.70,1.00
2008.07.25 14:29:21.782,1.98935,1.98945,2.70,1.00
2008.07.25 14:29:22.080,1.98935,1.9895,2.70,4.30
2008.07.25 14:29:22.391,1.98935,1.9895,3.20,4.30
2008.07.25 14:29:22.533,1.98935,1.9895,5.40,4.30
2008.07.25 14:29:22.873,1.9894,1.9895,2.10,4.30
2008.07.25 14:29:22.982,1.98945,1.9895,2.70,1.00
2008.07.25 14:29:23.122,1.98945,1.9895,2.70,1.00
2008.07.25 14:29:23.232,1.98945,1.9895,2.70,1.00
2008.07.25 14:29:23.390,1.98945,1.98955,2.70,1.00
2008.07.25 14:29:23.984,1.98945,1.98955,4.80,1.00
2008.07.25 14:29:24.193,1.98945,1.9896,4.80,3.20
2008.07.25 14:29:24.761,1.98945,1.9896,5.40,3.20
2008.07.25 14:29:25.120,1.98945,1.9896,4.30,3.20
2008.07.25 14:29:26.282,1.98945,1.9896,3.20,3.30
2008.07.25 14:29:27.242,1.98945,1.9896,2.70,3.30
2008.07.25 14:29:27.570,1.98945,1.9896,2.70,4.80
2008.07.25 14:29:27.823,1.98945,1.9896,2.70,4.40
2008.07.25 14:29:30.400,1.9894,1.9896,1.60,4.40
2008.07.25 14:29:30.549,1.9894,1.98955,1.00,1.00
2008.07.25 14:29:31.921,1.9894,1.98955,1.00,1.00
2008.07.25 14:29:32.439,1.9894,1.98955,1.00,1.00
2008.07.25 14:29:33.199,1.9894,1.9896,1.60,3.30
2008.07.25 14:29:34.350,1.9894,1.98955,5.40,1.20
2008.07.25 14:29:34.590,1.9894,1.9895,1.00,1.00
2008.07.25 14:29:34.829,1.9894,1.9896,1.60,3.30
2008.07.25 14:29:35.136,1.9894,1.9895,5.40,1.00
2008.07.25 14:29:35.443,1.9894,1.9895,4.80,1.00
2008.07.25 14:29:35.745,1.9894,1.9895,3.70,1.00
2008.07.25 14:29:36.073,1.9894,1.9895,1.00,3.70
2008.07.25 14:29:38.731,1.9894,1.9895,3.70,1.00
2008.07.25 14:29:41.327,1.9894,1.9895,3.70,1.00
2008.07.25 14:29:44.189,1.9894,1.9896,4.80,3.20
2008.07.25 14:29:44.669,1.98945,1.9896,1.00,3.20
2008.07.25 14:29:45.932,1.98945,1.9896,1.00,3.90
2008.07.25 14:29:46.442,1.9895,1.9896,1.00,3.70
2008.07.25 14:29:46.757,1.98945,1.9896,1.00,4.30
2008.07.25 14:29:47.618,1.9894,1.9896,3.90,4.30
2008.07.25 14:29:48.516,1.9894,1.9896,4.90,3.20
2008.07.25 14:29:48.893,1.9894,1.9896,4.80,3.20
2008.07.25 14:29:49.291,1.9894,1.9895,4.80,1.00
2008.07.25 14:29:49.491,1.9894,1.9896,3.70,4.30
2008.07.25 14:29:49.812,1.9894,1.98955,3.70,1.00
2008.07.25 14:29:50.451,1.9895,1.9896,3.20,1.00
2008.07.25 14:29:51.435,1.9895,1.9896,3.70,1.00
2008.07.25 14:29:56.546,1.9895,1.9896,1.00,3.70
2008.07.25 14:29:56.863,1.9895,1.9896,1.00,3.90
2008.07.25 14:29:57.207,1.9895,1.9896,1.00,3.70
2008.07.25 14:29:59.893,1.9895,1.9896,1.00,3.90
2008.07.25 14:30:01.116,1.9895,1.9896,3.70,1.00
2008.07.25 14:30:02.639,1.9895,1.9896,1.00,3.90
2008.07.25 14:30:02.786,1.9895,1.9896,1.00,3.70
2008.07.25 14:30:03.097,1.9895,1.9896,1.00,3.90
2008.07.25 14:30:03.504,1.98945,1.9896,3.20,3.90
2008.07.25 14:30:03.807,1.98945,1.9896,3.20,3.70
2008.07.25 14:30:05.469,1.98945,1.9896,3.20,1.00
2008.07.25 14:30:07.715,1.98945,1.9896,3.20,3.70
2008.07.25 14:30:08.121,1.98945,1.9896,3.20,3.90
2008.07.25 14:30:09.650,1.98945,1.9896,3.20,3.70
2008.07.25 14:30:10.141,1.98945,1.9896,3.70,3.20
2008.07.25 14:30:10.719,1.98945,1.98965,3.70,1.00
2008.07.25 14:30:12.100,1.98945,1.9896,3.70,3.20
2008.07.25 14:30:12.665,1.98945,1.98965,3.70,1.00
2008.07.25 14:30:14.394,1.9895,1.9897,3.70,7.50
2008.07.25 14:30:14.577,1.9895,1.9897,4.80,3.20
2008.07.25 14:30:15.713,1.98955,1.9897,1.00,3.20
2008.07.25 14:30:16.469,1.98955,1.9897,1.00,3.90
2008.07.25 14:30:16.730,1.9896,1.9898,3.20,3.30
2008.07.25 14:30:16.879,1.9896,1.9898,3.20,6.60
2008.07.25 14:30:17.167,1.9896,1.98975,3.20,1.00
2008.07.25 14:30:18.118,1.9896,1.98975,3.20,1.20
2008.07.25 14:30:18.301,1.9896,1.98975,3.70,1.20
2008.07.25 14:30:18.479,1.9895,1.9897,8.60,1.00
2008.07.25 14:30:18.657,1.98955,1.9897,1.00,4.30
2008.07.25 14:30:19.098,1.9895,1.9897,5.40,3.90
2008.07.25 14:30:19.908,1.9895,1.9897,4.30,4.00
2008.07.25 14:30:20.707,1.9895,1.9897,4.30,4.10
2008.07.25 14:30:22.696,1.9895,1.9897,4.30,3.30
2008.07.25 14:30:22.898,1.9895,1.98965,3.20,1.00
2008.07.25 14:30:22.945,1.9895,1.98965,3.20,1.00
2008.07.25 14:30:23.056,1.9895,1.98965,3.20,1.00
2008.07.25 14:30:23.613,1.9895,1.98965,3.70,1.00
2008.07.25 14:30:23.668,1.9895,1.9897,1.60,8.90
2008.07.25 14:30:23.731,1.9895,1.9897,1.60,9.00
2008.07.25 14:30:23.957,1.9895,1.9897,1.60,3.30
2008.07.25 14:30:25.059,1.98955,1.9897,1.60,3.20
2008.07.25 14:30:25.615,1.98955,1.9897,2.10,3.20
2008.07.25 14:30:27.354,1.98955,1.9897,1.60,4.30
2008.07.25 14:30:27.478,1.98955,1.9897,1.00,3.30
2008.07.25 14:30:28.065,1.98955,1.9897,1.00,4.40
2008.07.25 14:30:28.366,1.98955,1.9897,1.00,3.30
2008.07.25 14:30:29.804,1.98955,1.9897,1.60,3.30
2008.07.25 14:30:30.843,1.98955,1.9897,1.00,3.30
2008.07.25 14:30:31.193,1.98955,1.9897,1.00,3.60
2008.07.25 14:30:32.075,1.98955,1.9897,1.00,4.70
2008.07.25 14:30:33.367,1.9895,1.9897,4.30,4.70
2008.07.25 14:30:34.264,1.9895,1.9897,4.30,4.40
2008.07.25 14:30:35.682,1.9895,1.9897,4.30,3.30
2008.07.25 14:30:38.542,1.9895,1.9897,4.30,3.60
2008.07.25 14:30:39.337,1.9895,1.9897,4.30,3.30
2008.07.25 14:30:45.914,1.98955,1.9897,1.00,3.30
2008.07.25 14:30:50.426,1.98955,1.9897,1.00,3.90
2008.07.25 14:31:03.312,1.98955,1.9897,1.00,4.90
2008.07.25 14:31:03.467,1.98955,1.9897,1.00,3.90
2008.07.25 14:31:06.379,1.98955,1.98965,1.00,1.00
2008.07.25 14:31:06.537,1.98955,1.98965,1.00,1.00
2008.07.25 14:31:06.711,1.98955,1.98965,1.00,1.00
2008.07.25 14:31:08.683,1.98955,1.98965,1.00,1.00
2008.07.25 14:31:09.205,1.98955,1.9896,1.00,3.20
2008.07.25 14:31:10.953,1.98955,1.98965,1.00,1.00
2008.07.25 14:31:27.004,1.9895,1.9896,1.00,3.20
2008.07.25 14:31:27.517,1.9895,1.9896,1.00,3.20
2008.07.25 14:31:30.024,1.98955,1.98965,1.00,1.00
2008.07.25 14:31:30.908,1.98955,1.9896,1.00,3.20
2008.07.25 14:31:31.389,1.98955,1.98965,1.00,1.00
2008.07.25 14:31:41.478,1.98955,1.9896,1.00,3.20
2008.07.25 14:31:45.300,1.98945,1.9895,2.30,3.60
2008.07.25 14:31:45.575,1.9894,1.9895,10.30,2.70
2008.07.25 14:31:45.728,1.9894,1.9895,10.30,1.80
2008.07.25 14:31:46.062,1.98935,1.9894,6.20,1.00
2008.07.25 14:31:46.211,1.9894,1.9895,1.00,5.50
2008.07.25 14:31:46.768,1.9893,1.98955,4.80,8.10
2008.07.25 14:31:47.600,1.9893,1.9894,4.80,1.00
2008.07.25 14:31:47.979,1.9893,1.9894,4.80,1.00
2008.07.25 14:31:48.195,1.9893,1.9894,4.80,1.00
2008.07.25 14:31:48.393,1.98925,1.9893,7.30,1.00
2008.07.25 14:31:48.670,1.9893,1.98935,3.70,1.00
2008.07.25 14:31:48.882,1.9893,1.98935,5.80,1.00
2008.07.25 14:31:49.087,1.9894,1.9895,1.00,10.00
2008.07.25 14:31:49.289,1.9893,1.9894,12.40,1.00
2008.07.25 14:31:49.499,1.9893,1.9895,1.00,11.30
2008.07.25 14:31:49.809,1.9893,1.98945,1.00,1.00
2008.07.25 14:31:50.359,1.9893,1.98955,2.10,10.80
2008.07.25 14:31:50.633,1.9893,1.98945,1.60,1.00
2008.07.25 14:31:50.780,1.9893,1.98935,1.60,1.00
2008.07.25 14:31:51.184,1.9893,1.98945,1.60,1.00
2008.07.25 14:31:51.848,1.9893,1.9895,1.60,6.00
2008.07.25 14:31:52.128,1.9893,1.98945,4.30,1.00
2008.07.25 14:31:52.400,1.98935,1.98945,1.00,1.00
2008.07.25 14:31:53.196,1.9893,1.98945,3.20,1.00
2008.07.25 14:31:53.491,1.98935,1.98945,1.00,1.00
2008.07.25 14:31:54.257,1.98935,1.9895,1.00,1.00
2008.07.25 14:31:54.714,1.98935,1.9895,1.60,1.00
2008.07.25 14:31:54.914,1.98935,1.98945,1.00,1.00
2008.07.25 14:31:55.114,1.98935,1.9894,1.00,3.20
2008.07.25 14:31:56.094,1.98935,1.9894,1.60,3.20
2008.07.25 14:31:56.364,1.98935,1.9895,1.60,1.00
2008.07.25 14:31:56.677,1.98935,1.9895,1.00,1.00
2008.07.25 14:31:57.705,1.98935,1.9895,1.60,1.00
2008.07.25 14:31:58.804,1.98935,1.9895,1.60,1.00
2008.07.25 14:31:58.913,1.9894,1.98955,1.00,1.70
2008.07.25 14:31:59.754,1.9894,1.98945,1.00,1.00
2008.07.25 14:32:08.789,1.9894,1.9895,1.00,3.20
2008.07.25 14:32:08.995,1.9894,1.9895,1.60,3.20
2008.07.25 14:32:09.183,1.9894,1.9895,1.60,1.00
2008.07.25 14:32:09.723,1.9894,1.98955,1.60,1.00
2008.07.25 14:32:10.012,1.9894,1.98955,1.60,1.00
2008.07.25 14:32:10.302,1.9894,1.9896,2.10,4.10
2008.07.25 14:32:10.872,1.98945,1.9896,1.00,4.00
2008.07.25 14:32:12.208,1.98945,1.9896,1.60,3.90
2008.07.25 14:32:12.350,1.98945,1.9896,1.60,4.00
2008.07.25 14:32:14.550,1.98945,1.9896,1.00,4.10
2008.07.25 14:32:14.737,1.98945,1.9896,1.00,4.10
2008.07.25 14:32:15.091,1.98945,1.98955,1.00,1.00
2008.07.25 14:32:15.318,1.98945,1.98955,1.00,1.00
2008.07.25 14:32:15.460,1.98945,1.98965,1.00,9.10
2008.07.25 14:32:15.600,1.9894,1.9896,2.10,4.10
2008.07.25 14:32:15.899,1.98945,1.9896,1.00,4.10
2008.07.25 14:32:16.167,1.98945,1.9896,1.00,4.00
2008.07.25 14:32:18.641,1.98945,1.9896,1.60,3.90
2008.07.25 14:32:18.828,1.9895,1.9896,1.00,3.60
2008.07.25 14:32:19.022,1.9895,1.9896,1.00,3.30
2008.07.25 14:32:20.676,1.9895,1.9896,1.00,3.30
2008.07.25 14:32:22.307,1.9895,1.9896,1.00,3.20
2008.07.25 14:32:22.939,1.9895,1.9896,1.00,3.30
2008.07.25 14:32:23.127,1.9894,1.9896,20.50,3.90
2008.07.25 14:32:23.257,1.9894,1.9896,3.70,3.90
2008.07.25 14:32:25.035,1.98945,1.9896,1.00,3.90
2008.07.25 14:32:25.903,1.98945,1.9896,1.00,4.00
2008.07.25 14:32:28.220,1.98945,1.9896,1.00,3.90
2008.07.25 14:32:32.075,1.98945,1.9896,1.00,4.90
2008.07.25 14:32:32.265,1.98945,1.9896,1.00,3.90
2008.07.25 14:32:45.471,1.98945,1.9896,1.00,3.70
2008.07.25 14:32:45.602,1.9895,1.9896,1.00,3.30
2008.07.25 14:32:45.731,1.9895,1.9896,1.00,3.20
2008.07.25 14:32:46.391,1.9895,1.98965,3.70,1.00
2008.07.25 14:32:47.021,1.9895,1.9896,1.00,3.20
2008.07.25 14:32:47.364,1.9895,1.98965,3.70,1.00
2008.07.25 14:32:47.636,1.9895,1.9896,1.00,3.20
2008.07.25 14:32:48.131,1.9895,1.98965,3.70,1.00
2008.07.25 14:32:49.120,1.9895,1.9896,1.00,3.20
2008.07.25 14:32:49.392,1.9895,1.98965,3.70,1.00
2008.07.25 14:32:49.904,1.9895,1.98965,2.10,1.00
2008.07.25 14:32:50.154,1.9895,1.9896,2.10,3.20
2008.07.25 14:32:50.391,1.9895,1.9897,2.10,4.90
2008.07.25 14:32:52.693,1.9895,1.9897,1.00,4.90
2008.07.25 14:33:02.642,1.9895,1.9897,1.00,4.10
2008.07.25 14:33:04.647,1.9895,1.9897,5.40,5.40
2008.07.25 14:33:04.873,1.9896,1.9897,1.00,4.50
2008.07.25 14:33:05.104,1.9895,1.98965,9.10,1.00
2008.07.25 14:33:05.298,1.9895,1.98965,3.70,1.00
2008.07.25 14:33:06.998,1.9895,1.9896,2.70,1.00
2008.07.25 14:33:07.035,1.9895,1.9896,2.70,1.00
2008.07.25 14:33:07.078,1.9895,1.9896,2.70,1.00
2008.07.25 14:33:07.145,1.9895,1.9896,1.00,1.00
2008.07.25 14:33:07.697,1.9895,1.9896,1.00,1.00
2008.07.25 14:33:07.835,1.9895,1.9896,1.00,1.20
2008.07.25 14:33:07.942,1.9895,1.9896,1.00,1.00
2008.07.25 14:33:08.161,1.9895,1.9896,1.00,1.00
2008.07.25 14:33:08.367,1.9895,1.9896,1.00,1.00
2008.07.25 14:33:08.566,1.98945,1.9896,1.00,1.20
2008.07.25 14:33:08.767,1.98945,1.9896,1.00,1.60
2008.07.25 14:33:08.967,1.9895,1.9896,1.00,1.00
2008.07.25 14:33:10.628,1.9895,1.9896,1.00,1.00
2008.07.25 14:33:10.819,1.9895,1.98955,1.00,1.00
2008.07.25 14:33:13.522,1.9895,1.9896,1.00,1.00
2008.07.25 14:33:13.734,1.9895,1.98955,1.00,1.00
2008.07.25 14:33:22.573,1.9895,1.9896,1.00,1.00
2008.07.25 14:33:22.759,1.9895,1.9896,1.60,1.00
2008.07.25 14:33:22.838,1.9895,1.9896,1.60,1.00
2008.07.25 14:33:23.054,1.9895,1.9896,1.60,1.00
2008.07.25 14:33:25.174,1.9895,1.98965,2.10,1.00
2008.07.25 14:33:25.395,1.9895,1.9896,2.10,1.00
2008.07.25 14:33:25.824,1.9895,1.9896,1.60,1.00
2008.07.25 14:33:26.240,1.9895,1.9896,3.70,1.00
2008.07.25 14:33:26.912,1.9895,1.98965,3.70,1.00
2008.07.25 14:33:27.897,1.9895,1.9896,1.00,1.00
2008.07.25 14:33:29.842,1.9895,1.9896,2.10,1.00
2008.07.25 14:33:30.672,1.9895,1.98965,2.10,1.00
2008.07.25 14:33:39.608,1.9895,1.9897,2.10,5.80
2008.07.25 14:33:43.103,1.98955,1.9897,1.00,5.60
2008.07.25 14:33:43.242,1.9896,1.9897,3.70,1.00
2008.07.25 14:33:43.414,1.9896,1.9897,3.70,1.00
2008.07.25 14:33:43.893,1.9896,1.9897,3.70,1.00
2008.07.25 14:33:43.977,1.9896,1.9897,3.70,1.00
2008.07.25 14:33:46.403,1.9896,1.9897,3.70,1.00
2008.07.25 14:33:46.876,1.9896,1.9897,3.70,1.00
2008.07.25 14:33:47.006,1.9896,1.9897,3.70,1.00
2008.07.25 14:33:47.169,1.9895,1.9897,4.80,5.40
2008.07.25 14:33:48.077,1.9895,1.9897,4.80,5.60
2008.07.25 14:33:48.540,1.9895,1.9896,4.30,1.00
2008.07.25 14:33:48.686,1.9895,1.98965,4.30,1.00
2008.07.25 14:33:49.388,1.9895,1.9897,4.80,5.80
2008.07.25 14:33:49.957,1.9895,1.9897,4.80,5.40
2008.07.25 14:33:50.737,1.9895,1.9897,4.80,4.90
2008.07.25 14:33:51.831,1.9895,1.9897,4.80,5.20
2008.07.25 14:33:52.029,1.9895,1.9897,4.80,5.60
2008.07.25 14:33:52.227,1.9895,1.9897,4.80,5.80
2008.07.25 14:33:53.958,1.9895,1.9897,4.80,5.40
2008.07.25 14:33:54.785,1.9895,1.9897,4.80,4.30
2008.07.25 14:33:54.988,1.9895,1.9897,4.80,5.40
2008.07.25 14:33:56.957,1.9895,1.9897,4.80,5.20
2008.07.25 14:33:58.997,1.9895,1.9897,4.80,5.40
2008.07.25 14:33:59.026,1.9895,1.9897,4.80,5.20
2008.07.25 14:33:59.346,1.9895,1.9897,4.80,4.90
2008.07.25 14:34:13.996,1.9895,1.9897,4.80,1.70
2008.07.25 14:34:14.553,1.9896,1.9897,1.60,1.00
2008.07.25 14:34:15.102,1.9896,1.9897,3.70,1.00
2008.07.25 14:34:15.342,1.9895,1.9897,4.80,4.90
2008.07.25 14:34:16.464,1.9895,1.9897,4.80,3.90
2008.07.25 14:34:16.890,1.98955,1.9897,1.60,3.90
2008.07.25 14:34:17.103,1.9895,1.9897,4.80,3.90
2008.07.25 14:34:31.279,1.9896,1.9897,3.70,1.00
2008.07.25 14:34:32.996,1.9896,1.9897,3.70,1.00
2008.07.25 14:34:33.130,1.9896,1.9897,1.00,3.50
2008.07.25 14:34:33.233,1.9896,1.98965,1.00,1.00
2008.07.25 14:34:33.353,1.9896,1.9897,1.00,3.70
2008.07.25 14:34:33.544,1.9895,1.9896,2.10,3.20
2008.07.25 14:34:33.739,1.9895,1.9897,2.10,9.50
2008.07.25 14:34:33.926,1.9895,1.98965,1.60,1.00
2008.07.25 14:34:34.760,1.9895,1.9896,1.60,1.00
2008.07.25 14:34:35.457,1.9895,1.98965,1.60,1.00
2008.07.25 14:34:41.097,1.98955,1.98965,1.00,1.00
2008.07.25 14:34:41.185,1.9896,1.9897,3.70,1.00
2008.07.25 14:34:41.265,1.9896,1.9897,3.70,1.00
2008.07.25 14:34:41.447,1.9896,1.9897,3.70,1.00
2008.07.25 14:34:42.945,1.98965,1.9897,1.00,1.00
2008.07.25 14:34:43.177,1.9896,1.9897,7.50,1.00
2008.07.25 14:34:43.640,1.98965,1.9897,4.30,1.00
2008.07.25 14:34:43.904,1.9897,1.9898,2.70,2.48
2008.07.25 14:34:44.325,1.9897,1.9899,4.80,3.38
2008.07.25 14:34:44.557,1.9897,1.98975,4.80,1.00
2008.07.25 14:34:45.116,1.9898,1.98985,3.70,1.00
2008.07.25 14:34:46.159,1.9897,1.98985,3.20,1.00
2008.07.25 14:34:46.290,1.9897,1.98985,3.20,1.00
2008.07.25 14:34:46.422,1.9897,1.98985,10.20,1.00
2008.07.25 14:34:46.558,1.9897,1.98985,3.70,1.00
2008.07.25 14:34:46.901,1.9897,1.98985,1.00,1.00
2008.07.25 14:34:50.200,1.9897,1.9898,1.00,1.00
2008.07.25 14:34:50.425,1.9897,1.9898,1.00,1.00
2008.07.25 14:34:50.602,1.9897,1.9898,1.00,1.30
2008.07.25 14:34:50.784,1.98965,1.9898,1.00,1.30
2008.07.25 14:34:50.981,1.98965,1.9898,1.00,3.90
2008.07.25 14:34:51.341,1.98965,1.9898,1.00,4.00
2008.07.25 14:34:52.200,1.9897,1.9898,1.00,4.00
2008.07.25 14:34:52.534,1.98975,1.9898,1.00,4.00
2008.07.25 14:34:53.101,1.9897,1.9898,1.00,4.00
2008.07.25 14:34:53.930,1.9897,1.9898,1.60,4.00
2008.07.25 14:34:54.060,1.9897,1.9898,1.00,4.10
2008.07.25 14:34:55.900,1.9896,1.98975,3.70,1.00
2008.07.25 14:34:56.850,1.9896,1.9898,3.70,4.10
2008.07.25 14:34:59.244,1.9896,1.9898,8.10,4.00
2008.07.25 14:34:59.330,1.9896,1.9898,8.10,3.70
2008.07.25 14:34:59.522,1.9897,1.9898,1.60,1.00
2008.07.25 14:35:00.061,1.9897,1.9898,3.70,1.00
2008.07.25 14:35:00.252,1.9897,1.9898,2.70,1.00
2008.07.25 14:35:00.446,1.9897,1.98975,1.00,1.00
2008.07.25 14:35:00.713,1.9897,1.9898,1.00,3.70
2008.07.25 14:35:00.979,1.9897,1.9898,1.00,1.00
2008.07.25 14:35:01.249,1.98965,1.9898,4.80,1.00
2008.07.25 14:35:01.523,1.9897,1.9898,3.70,1.00
2008.07.25 14:35:01.774,1.9897,1.98975,3.70,1.00
2008.07.25 14:35:02.956,1.9897,1.98985,3.70,1.00
2008.07.25 14:35:03.118,1.9897,1.98985,1.00,1.00
2008.07.25 14:35:03.740,1.9897,1.9899,1.00,6.00
2008.07.25 14:35:04.102,1.9897,1.98975,1.00,1.00
2008.07.25 14:35:04.213,1.9897,1.98975,1.00,1.00
2008.07.25 14:35:04.374,1.9897,1.9899,1.00,1.20
2008.07.25 14:35:04.480,1.9897,1.9898,3.70,3.70
2008.07.25 14:35:04.665,1.9897,1.9898,1.00,3.30
2008.07.25 14:35:05.026,1.9897,1.9898,1.00,3.20
2008.07.25 14:35:05.387,1.9897,1.9899,1.00,6.00
2008.07.25 14:35:05.754,1.9897,1.9899,1.00,4.90
2008.07.25 14:35:05.906,1.9898,1.98985,1.00,1.00
2008.07.25 14:35:06.200,1.9897,1.98985,1.00,1.00
2008.07.25 14:35:07.630,1.9898,1.98985,1.00,1.00
2008.07.25 14:35:07.941,1.9898,1.9899,3.70,1.00
2008.07.25 14:35:08.175,1.98975,1.9898,4.50,1.00
2008.07.25 14:35:08.287,1.9898,1.98985,3.70,1.00
2008.07.25 14:35:08.511,1.9898,1.98985,3.70,1.00
2008.07.25 14:35:08.626,1.9898,1.98985,3.20,1.00
2008.07.25 14:35:08.968,1.9897,1.98985,1.00,1.00
2008.07.25 14:35:09.429,1.9897,1.98985,1.00,1.00
2008.07.25 14:35:09.670,1.9897,1.98985,1.00,1.00
2008.07.25 14:35:10.477,1.9897,1.98985,1.00,1.00
2008.07.25 14:35:11.531,1.9897,1.98985,1.00,1.00
2008.07.25 14:35:13.329,1.9897,1.98985,1.00,1.00
2008.07.25 14:35:13.379,1.9897,1.98985,1.00,1.00
2008.07.25 14:35:13.537,1.9897,1.98985,10.20,1.00
2008.07.25 14:35:13.706,1.9897,1.9899,1.00,4.80
2008.07.25 14:35:16.096,1.9897,1.9899,1.00,4.70
2008.07.25 14:35:17.809,1.9897,1.9899,1.00,5.80
2008.07.25 14:35:18.475,1.9897,1.9899,1.00,6.00
2008.07.25 14:35:18.855,1.9897,1.9899,1.00,2.00
2008.07.25 14:35:19.036,1.9897,1.9899,1.00,1.70
2008.07.25 14:35:19.204,1.9897,1.9899,5.40,1.60
2008.07.25 14:35:19.377,1.9898,1.9899,3.70,1.00
2008.07.25 14:35:20.075,1.98975,1.9899,1.00,4.10
2008.07.25 14:35:20.428,1.9897,1.9899,3.70,4.10
2008.07.25 14:35:20.788,1.9897,1.9899,3.70,3.90
2008.07.25 14:35:23.217,1.9897,1.9899,3.70,4.10
2008.07.25 14:35:23.378,1.9897,1.9899,3.70,4.10
2008.07.25 14:35:25.122,1.9897,1.9899,7.00,4.00
2008.07.25 14:35:25.352,1.9898,1.9899,1.00,3.50
2008.07.25 14:35:25.679,1.9898,1.9899,1.00,1.00
2008.07.25 14:35:25.894,1.9898,1.9899,3.70,1.00
2008.07.25 14:35:26.199,1.98985,1.99,1.00,3.90
2008.07.25 14:35:26.783,1.98985,1.99,1.00,4.10
2008.07.25 14:35:27.008,1.98985,1.9899,1.00,1.00
2008.07.25 14:35:27.269,1.9898,1.9899,1.00,1.00
2008.07.25 14:35:27.523,1.9898,1.9899,3.70,1.40
2008.07.25 14:35:27.784,1.9898,1.98985,3.70,1.00
2008.07.25 14:35:28.042,1.9898,1.98985,3.20,1.00
2008.07.25 14:35:28.228,1.98975,1.9898,3.70,1.00
2008.07.25 14:35:28.503,1.9897,1.9898,9.10,1.00
2008.07.25 14:35:28.693,1.9897,1.9898,8.60,1.20
2008.07.25 14:35:29.288,1.9897,1.9898,8.60,2.10
2008.07.25 14:35:29.539,1.98965,1.9898,1.00,5.60
2008.07.25 14:35:29.825,1.9896,1.9898,3.70,5.90
2008.07.25 14:35:30.074,1.9896,1.9898,3.70,6.00
2008.07.25 14:35:30.413,1.9896,1.98975,3.20,1.00
2008.07.25 14:35:31.979,1.9896,1.98975,3.20,1.00
2008.07.25 14:35:32.123,1.9896,1.9897,3.70,1.00
2008.07.25 14:35:32.443,1.9896,1.9897,3.70,1.00
2008.07.25 14:35:32.767,1.9896,1.9897,3.70,1.80
2008.07.25 14:35:33.092,1.98955,1.9897,1.00,5.50
2008.07.25 14:35:33.412,1.98955,1.9897,1.00,5.20
2008.07.25 14:35:33.812,1.9895,1.9897,3.70,5.20
2008.07.25 14:35:34.712,1.9895,1.9897,3.70,4.10
2008.07.25 14:35:34.982,1.9895,1.9897,3.70,4.40
2008.07.25 14:35:35.251,1.9895,1.9897,3.70,5.50
2008.07.25 14:35:35.911,1.9895,1.9897,4.80,5.50
2008.07.25 14:35:36.114,1.9895,1.9897,4.80,6.60
2008.07.25 14:35:36.491,1.9895,1.9897,4.80,7.10
2008.07.25 14:35:36.776,1.98955,1.9897,1.00,7.00
2008.07.25 14:35:37.078,1.9895,1.9897,4.30,2.50
2008.07.25 14:35:37.351,1.9895,1.98965,4.30,1.00
2008.07.25 14:35:37.567,1.9895,1.9897,4.80,6.00
2008.07.25 14:35:37.711,1.9895,1.9897,4.80,6.80
2008.07.25 14:35:37.883,1.9895,1.9896,4.80,1.00
2008.07.25 14:35:38.426,1.9895,1.9896,3.70,1.00
2008.07.25 14:35:38.795,1.9895,1.9896,1.00,1.00
2008.07.25 14:35:39.510,1.9895,1.98965,1.00,1.00
2008.07.25 14:35:39.942,1.9895,1.98965,2.10,1.00
2008.07.25 14:35:40.165,1.9895,1.98965,2.10,1.00
2008.07.25 14:35:40.380,1.9895,1.98965,1.60,1.00
2008.07.25 14:35:40.603,1.9895,1.9896,4.80,1.00
2008.07.25 14:35:40.889,1.9895,1.9896,1.60,1.00
2008.07.25 14:35:41.418,1.9895,1.9896,1.60,1.00
2008.07.25 14:35:41.689,1.9895,1.9896,1.60,1.00
2008.07.25 14:35:42.191,1.9895,1.9896,1.60,1.00
2008.07.25 14:35:42.670,1.9895,1.9896,1.00,1.00
2008.07.25 14:35:42.822,1.9895,1.98965,1.60,1.00
2008.07.25 14:35:43.528,1.9895,1.98965,1.00,1.00
2008.07.25 14:35:43.680,1.9895,1.9896,1.60,1.00
2008.07.25 14:35:45.341,1.9895,1.9896,1.60,1.00
2008.07.25 14:35:45.696,1.9895,1.98955,1.60,1.00
2008.07.25 14:35:46.780,1.9895,1.98955,1.00,1.00
2008.07.25 14:35:47.139,1.9895,1.98955,1.60,1.00
2008.07.25 14:35:47.351,1.9895,1.98955,1.00,1.00
2008.07.25 14:35:47.572,1.98945,1.9896,1.00,1.30
2008.07.25 14:35:47.788,1.9895,1.9896,1.00,1.30
2008.07.25 14:35:48.159,1.98945,1.9895,1.00,1.00
2008.07.25 14:35:48.461,1.98945,1.9895,1.00,1.00
2008.07.25 14:35:48.629,1.9894,1.9895,1.00,4.90
2008.07.25 14:35:48.790,1.9894,1.9895,1.00,5.60
2008.07.25 14:35:49.133,1.9894,1.9895,1.00,6.00
2008.07.25 14:35:49.386,1.98935,1.9895,1.00,6.70
2008.07.25 14:35:49.559,1.98935,1.9894,1.00,1.00
2008.07.25 14:35:50.541,1.9893,1.9894,1.00,1.00
2008.07.25 14:35:50.935,1.9893,1.9894,1.00,1.00
2008.07.25 14:35:51.395,1.9893,1.9894,1.00,1.00
2008.07.25 14:35:51.626,1.9893,1.9894,1.00,1.40
2008.07.25 14:35:51.766,1.98925,1.9894,1.00,1.60
2008.07.25 14:35:51.917,1.98925,1.9894,1.00,5.60
2008.07.25 14:35:52.227,1.9892,1.9894,4.80,5.80
2008.07.25 14:35:52.536,1.9892,1.98935,4.30,1.00
2008.07.25 14:35:53.146,1.9892,1.9894,4.80,5.80
2008.07.25 14:35:53.756,1.9892,1.9894,4.80,5.90
2008.07.25 14:35:53.950,1.9892,1.9893,4.80,1.00
2008.07.25 14:35:54.166,1.9892,1.9893,4.80,1.60
2008.07.25 14:35:54.377,1.9892,1.9893,3.70,1.60
2008.07.25 14:35:54.588,1.9892,1.9893,3.70,2.10
2008.07.25 14:35:55.685,1.9892,1.9893,3.70,1.80
2008.07.25 14:35:57.855,1.9892,1.9893,3.70,1.60
2008.07.25 14:35:58.305,1.9892,1.9893,3.70,1.00
2008.07.25 14:35:58.454,1.9893,1.98935,1.00,1.00
2008.07.25 14:35:58.608,1.9892,1.9893,1.60,1.00
2008.07.25 14:35:58.904,1.9892,1.9893,3.70,1.00
2008.07.25 14:35:59.673,1.9892,1.9893,1.00,1.00
2008.07.25 14:36:00.517,1.9892,1.9893,4.80,1.00
2008.07.25 14:36:00.867,1.98925,1.9894,1.60,1.00
2008.07.25 14:36:00.987,1.98925,1.9894,1.60,1.00
2008.07.25 14:36:03.179,1.9893,1.98945,1.00,1.00
2008.07.25 14:36:03.244,1.9893,1.98945,1.60,1.00
2008.07.25 14:36:03.335,1.9893,1.98945,1.60,1.00
2008.07.25 14:36:03.735,1.9893,1.9895,2.10,11.30
2008.07.25 14:36:03.850,1.9893,1.9895,2.10,11.20
2008.07.25 14:36:04.554,1.9893,1.9895,2.10,11.20
2008.07.25 14:36:04.953,1.9893,1.9895,2.10,11.00
2008.07.25 14:36:05.263,1.9893,1.9895,2.10,11.30
2008.07.25 14:36:05.574,1.9893,1.9895,2.10,11.70
2008.07.25 14:36:06.383,1.9893,1.9895,2.10,11.40
2008.07.25 14:36:06.474,1.9893,1.9895,2.10,11.60
2008.07.25 14:36:07.524,1.9893,1.9895,2.10,11.80
2008.07.25 14:36:07.770,1.9893,1.9895,2.10,12.10
2008.07.25 14:36:08.014,1.9893,1.98945,1.00,1.70
2008.07.25 14:36:08.249,1.9893,1.98945,1.00,1.70
2008.07.25 14:36:09.725,1.9893,1.9894,1.00,1.00
2008.07.25 14:36:10.438,1.9893,1.9894,1.60,1.00
2008.07.25 14:36:10.793,1.9893,1.98935,1.60,1.00
2008.07.25 14:36:11.145,1.9893,1.9894,1.60,1.00
2008.07.25 14:36:11.806,1.9893,1.98945,1.60,1.00
2008.07.25 14:36:12.334,1.9893,1.9895,2.10,7.10
2008.07.25 14:36:12.811,1.9893,1.9895,2.10,5.90
2008.07.25 14:36:13.029,1.9893,1.9895,2.10,5.80
2008.07.25 14:36:13.546,1.9893,1.9895,2.10,5.60
2008.07.25 14:36:13.662,1.9893,1.9895,2.10,5.50
2008.07.25 14:36:13.872,1.9893,1.9895,2.10,5.20
2008.07.25 14:36:15.052,1.9893,1.9895,2.10,5.20
2008.07.25 14:36:15.506,1.98935,1.9895,1.00,5.10
2008.07.25 14:36:15.694,1.98935,1.9895,1.00,4.80
2008.07.25 14:36:15.881,1.9894,1.9895,1.00,4.40
2008.07.25 14:36:16.075,1.9893,1.9895,2.10,5.20
2008.07.25 14:36:16.575,1.98935,1.9895,1.00,5.20
2008.07.25 14:36:17.453,1.9893,1.9895,2.10,5.20
2008.07.25 14:36:17.765,1.98935,1.9895,1.00,6.20
2008.07.25 14:36:19.511,1.98935,1.9895,1.00,5.50
2008.07.25 14:36:19.861,1.98935,1.9895,1.00,5.40
2008.07.25 14:36:21.339,1.98935,1.9895,1.00,6.20
2008.07.25 14:36:21.578,1.98935,1.9895,1.00,6.30
2008.07.25 14:36:22.023,1.98935,1.9895,1.00,6.40
2008.07.25 14:36:22.203,1.98935,1.9895,1.00,7.20
2008.07.25 14:36:22.371,1.98935,1.9894,1.00,1.00
2008.07.25 14:36:22.434,1.9893,1.9894,1.00,1.20
2008.07.25 14:36:22.586,1.9893,1.9894,2.70,1.20
2008.07.25 14:36:22.707,1.9893,1.9894,1.00,4.40
2008.07.25 14:36:22.772,1.9893,1.9894,1.00,6.20
2008.07.25 14:36:23.462,1.9893,1.9894,1.00,6.00
2008.07.25 14:36:25.522,1.9893,1.9894,1.00,6.00
2008.07.25 14:36:25.767,1.9893,1.9894,1.00,5.50
2008.07.25 14:36:26.006,1.9893,1.9894,1.00,5.10
2008.07.25 14:36:26.289,1.9893,1.9894,1.00,4.90
2008.07.25 14:36:28.098,1.9893,1.9894,1.00,5.50
2008.07.25 14:36:28.348,1.9893,1.9894,1.00,5.50
2008.07.25 14:36:29.319,1.9892,1.98935,2.10,1.00
2008.07.25 14:36:29.622,1.9892,1.9894,2.10,5.60
2008.07.25 14:36:29.966,1.9892,1.9894,2.10,5.20
2008.07.25 14:36:30.609,1.98925,1.9894,1.00,5.10
2008.07.25 14:36:30.993,1.9893,1.9894,1.00,4.50
2008.07.25 14:36:31.426,1.9893,1.9894,1.00,1.00
2008.07.25 14:36:31.711,1.9893,1.9894,1.60,1.00
2008.07.25 14:36:34.388,1.9893,1.98945,1.60,1.00
2008.07.25 14:36:34.916,1.9893,1.98945,2.10,1.00
2008.07.25 14:36:35.360,1.9893,1.9895,2.10,4.90
2008.07.25 14:36:37.947,1.9893,1.9895,2.10,5.20
2008.07.25 14:36:38.680,1.9893,1.9895,2.10,4.90
2008.07.25 14:36:40.424,1.98935,1.9895,1.00,4.90
2008.07.25 14:36:41.795,1.9893,1.9895,2.10,5.20
2008.07.25 14:36:42.137,1.9893,1.9895,2.10,5.20
2008.07.25 14:36:42.595,1.9893,1.9895,2.10,6.00
2008.07.25 14:36:42.645,1.9893,1.9895,2.10,6.20
2008.07.25 14:36:43.669,1.9893,1.9895,2.10,4.50
2008.07.25 14:36:43.944,1.9893,1.9895,2.10,1.40
2008.07.25 14:36:44.350,1.9894,1.9895,1.00,1.30
2008.07.25 14:36:44.491,1.9894,1.9895,1.60,1.00
2008.07.25 14:36:44.764,1.9894,1.9895,1.00,1.00
2008.07.25 14:36:45.386,1.9894,1.9896,1.00,10.30
2008.07.25 14:36:45.736,1.9894,1.9896,1.00,3.90
2008.07.25 14:36:46.085,1.9894,1.9896,2.10,3.90
2008.07.25 14:36:46.771,1.9895,1.9896,1.00,3.90
2008.07.25 14:36:46.922,1.98945,1.9896,1.60,3.70
2008.07.25 14:36:47.185,1.9895,1.98965,1.60,1.00
2008.07.25 14:36:47.411,1.9895,1.98965,1.00,1.00
2008.07.25 14:36:47.687,1.9895,1.9896,3.70,1.00
2008.07.25 14:36:47.919,1.9895,1.9896,3.20,1.20
2008.07.25 14:36:48.147,1.9895,1.9896,1.00,3.90
2008.07.25 14:36:49.101,1.9894,1.9896,2.10,3.90
2008.07.25 14:36:49.627,1.9894,1.9896,2.10,3.90
2008.07.25 14:36:50.096,1.98945,1.9896,1.00,3.90
2008.07.25 14:36:53.703,1.98945,1.9896,1.00,1.20
2008.07.25 14:36:53.982,1.98945,1.9896,1.00,3.90
2008.07.25 14:36:54.402,1.98945,1.9895,1.00,1.00
2008.07.25 14:36:54.604,1.98945,1.9895,1.00,1.00
2008.07.25 14:36:54.763,1.98945,1.9895,1.00,1.00
2008.07.25 14:36:54.958,1.98945,1.9895,1.00,3.70
2008.07.25 14:36:55.116,1.98945,1.9895,1.00,3.30
2008.07.25 14:36:55.281,1.98945,1.9895,1.00,1.00
2008.07.25 14:36:55.642,1.98935,1.9894,1.10,1.00
2008.07.25 14:36:56.100,1.9893,1.9894,7.00,1.20
2008.07.25 14:36:56.498,1.9893,1.98935,5.40,1.00
2008.07.25 14:36:56.702,1.9892,1.9894,2.70,7.10
2008.07.25 14:36:57.723,1.9892,1.9894,2.70,6.00
2008.07.25 14:36:57.987,1.9892,1.9894,2.70,5.90
2008.07.25 14:36:58.093,1.9892,1.9894,2.70,5.80
2008.07.25 14:36:58.305,1.9892,1.9894,2.70,5.60
2008.07.25 14:36:59.444,1.9892,1.9894,2.70,5.90
2008.07.25 14:36:59.577,1.9892,1.9894,2.70,6.20
2008.07.25 14:37:00.208,1.9892,1.98935,3.70,1.00
2008.07.25 14:37:00.374,1.9892,1.98935,3.70,1.00
2008.07.25 14:37:00.512,1.9892,1.9893,2.70,3.20
2008.07.25 14:37:00.876,1.98935,1.9894,1.00,8.90
2008.07.25 14:37:03.418,1.9893,1.98935,1.00,3.80
2008.07.25 14:37:05.969,1.98935,1.9894,1.00,8.70
2008.07.25 14:37:06.467,1.9893,1.98935,1.00,4.00
2008.07.25 14:37:08.257,1.98925,1.98935,1.00,4.00
2008.07.25 14:37:08.498,1.9892,1.98935,1.00,4.00
2008.07.25 14:37:09.258,1.9892,1.9893,1.00,3.20
2008.07.25 14:37:09.368,1.9892,1.9893,1.00,3.30
2008.07.25 14:37:09.731,1.9892,1.9893,1.00,3.60
2008.07.25 14:37:10.004,1.9892,1.9893,1.00,3.50
2008.07.25 14:37:10.349,1.9892,1.98925,1.00,1.00
2008.07.25 14:37:10.650,1.9892,1.98925,3.70,1.00
2008.07.25 14:37:10.948,1.9892,1.98925,1.00,1.00
2008.07.25 14:37:11.108,1.98915,1.9892,1.10,3.20
2008.07.25 14:37:11.916,1.98925,1.9893,1.00,10.00
2008.07.25 14:37:12.107,1.98925,1.9893,1.00,5.40
2008.07.25 14:37:12.304,1.98925,1.9893,1.00,5.50
2008.07.25 14:37:12.506,1.98925,1.9893,1.00,5.50
2008.07.25 14:37:12.698,1.98925,1.9893,1.00,5.40
2008.07.25 14:37:13.067,1.9892,1.98925,1.10,1.00
2008.07.25 14:37:13.848,1.9891,1.9892,1.60,3.20
2008.07.25 14:37:14.133,1.9892,1.98925,1.00,3.80
2008.07.25 14:37:15.722,1.9892,1.98925,1.00,1.00
2008.07.25 14:37:15.949,1.9892,1.9893,1.00,6.60
2008.07.25 14:37:16.171,1.9892,1.9893,1.00,5.40
2008.07.25 14:37:16.976,1.9892,1.9893,1.00,5.60
2008.07.25 14:37:17.166,1.9892,1.9893,1.00,5.40
2008.07.25 14:37:17.626,1.9892,1.9893,1.00,5.60
2008.07.25 14:37:18.078,1.9892,1.98925,1.00,1.00
2008.07.25 14:37:18.207,1.9892,1.98925,1.00,1.00
2008.07.25 14:37:18.276,1.98915,1.9892,1.10,3.20
2008.07.25 14:37:20.487,1.9892,1.9893,1.00,5.60
2008.07.25 14:37:20.889,1.9892,1.9893,1.00,5.50
2008.07.25 14:37:22.403,1.9891,1.9893,2.10,5.60
2008.07.25 14:37:22.763,1.98915,1.9893,1.00,5.60
2008.07.25 14:37:23.180,1.98915,1.9893,1.00,5.50
2008.07.25 14:37:24.023,1.98915,1.9893,1.00,5.60
2008.07.25 14:37:24.133,1.98915,1.9893,1.00,5.50
2008.07.25 14:37:24.278,1.98915,1.9893,1.00,5.60
2008.07.25 14:37:24.395,1.98915,1.9893,1.00,5.50
2008.07.25 14:37:24.828,1.98915,1.9893,1.00,3.90
2008.07.25 14:37:25.273,1.9892,1.9893,1.00,3.70
2008.07.25 14:37:25.670,1.9892,1.9893,1.60,3.70
2008.07.25 14:37:26.028,1.9892,1.9894,2.10,7.40
2008.07.25 14:37:27.325,1.9892,1.9894,2.10,8.20
2008.07.25 14:37:27.514,1.9892,1.98935,1.00,1.70
2008.07.25 14:37:27.774,1.9892,1.98925,1.00,1.00
2008.07.25 14:37:27.834,1.9892,1.98925,2.10,1.00
2008.07.25 14:37:28.651,1.9892,1.98925,1.60,1.00
2008.07.25 14:37:29.674,1.9892,1.98925,2.10,1.00
2008.07.25 14:37:29.978,1.9892,1.9894,2.10,6.70
2008.07.25 14:37:31.646,1.9892,1.9894,2.10,5.20
2008.07.25 14:37:32.033,1.9892,1.9894,2.10,4.90
2008.07.25 14:37:32.121,1.98925,1.9894,1.00,4.90
2008.07.25 14:37:32.315,1.98925,1.9894,1.00,3.90
2008.07.25 14:37:32.880,1.98925,1.98935,1.00,1.00
2008.07.25 14:37:32.952,1.98925,1.9893,1.00,3.20
2008.07.25 14:37:36.339,1.9892,1.9893,1.00,3.20
2008.07.25 14:37:37.555,1.9892,1.9893,1.00,3.20
2008.07.25 14:37:43.702,1.9892,1.98935,3.70,1.00
2008.07.25 14:37:44.301,1.9892,1.98935,1.00,1.00
2008.07.25 14:37:44.627,1.9892,1.9893,1.00,3.20
2008.07.25 14:37:48.094,1.9892,1.9893,1.00,3.30
2008.07.25 14:37:48.189,1.9892,1.9893,1.00,3.90
2008.07.25 14:37:49.286,1.9892,1.9893,1.60,3.70
2008.07.25 14:37:49.534,1.9892,1.98935,1.00,1.00
2008.07.25 14:37:50.635,1.9892,1.98935,1.00,1.00
2008.07.25 14:37:51.762,1.9892,1.98925,1.00,1.00
2008.07.25 14:37:51.860,1.9892,1.9893,1.00,7.10
2008.07.25 14:37:51.947,1.98915,1.9893,1.00,7.10
2008.07.25 14:37:52.038,1.98915,1.9893,1.00,3.90
2008.07.25 14:37:52.287,1.9892,1.9893,1.00,3.90
2008.07.25 14:37:58.642,1.9892,1.9893,3.20,3.90
2008.07.25 14:37:58.818,1.98925,1.9893,1.00,3.70
2008.07.25 14:37:59.012,1.9893,1.98935,1.00,1.00
2008.07.25 14:37:59.187,1.9892,1.98935,2.10,1.00
2008.07.25 14:37:59.368,1.9893,1.9894,1.00,5.20
2008.07.25 14:37:59.609,1.9892,1.9894,2.10,5.20
2008.07.25 14:38:01.017,1.9892,1.9894,2.10,5.40
2008.07.25 14:38:04.273,1.9892,1.9894,2.10,5.20
2008.07.25 14:38:05.707,1.98925,1.9894,1.00,5.20
2008.07.25 14:38:06.523,1.98925,1.9894,1.00,5.20
2008.07.25 14:38:11.923,1.98925,1.9894,1.00,4.90
2008.07.25 14:38:12.213,1.98925,1.9894,1.00,3.90
2008.07.25 14:38:18.645,1.98925,1.9894,1.00,4.10
2008.07.25 14:38:20.588,1.98925,1.9894,1.00,3.90
2008.07.25 14:38:30.238,1.98925,1.9894,1.00,3.90
2008.07.25 14:38:30.611,1.9893,1.9894,1.60,3.20
2008.07.25 14:38:31.441,1.9893,1.9895,2.10,4.90
2008.07.25 14:38:47.384,1.9893,1.9895,2.10,5.20
2008.07.25 14:38:48.038,1.9893,1.9895,2.10,4.90
2008.07.25 14:38:56.199,1.9893,1.9895,2.10,5.20
2008.07.25 14:38:56.374,1.9893,1.98945,1.00,1.00
2008.07.25 14:38:56.624,1.9893,1.98945,1.00,1.00
2008.07.25 14:38:56.864,1.9893,1.9894,1.00,1.00
2008.07.25 14:38:57.104,1.9893,1.9894,1.00,1.00
2008.07.25 14:38:57.346,1.9893,1.9894,1.00,1.20
2008.07.25 14:38:57.623,1.9893,1.9894,1.00,1.20
2008.07.25 14:38:57.780,1.9893,1.9894,1.00,4.40
2008.07.25 14:38:57.921,1.9893,1.9894,1.00,5.50
2008.07.25 14:38:58.544,1.98925,1.9894,1.00,5.50
2008.07.25 14:38:59.184,1.9892,1.98935,4.80,1.00
2008.07.25 14:38:59.895,1.9892,1.98935,4.80,1.00
2008.07.25 14:39:07.206,1.9892,1.98935,3.70,1.00
2008.07.25 14:39:07.399,1.9892,1.98935,3.70,1.00
2008.07.25 14:39:07.586,1.9892,1.9893,3.70,3.20
2008.07.25 14:39:07.772,1.9892,1.98935,1.00,1.00
2008.07.25 14:39:14.556,1.9892,1.98935,2.10,1.00
2008.07.25 14:39:14.870,1.9892,1.98935,2.10,1.00
2008.07.25 14:39:15.279,1.98925,1.98935,1.00,1.00
2008.07.25 14:39:20.586,1.98925,1.98935,1.00,1.00
2008.07.25 14:39:21.036,1.98925,1.98935,1.00,1.00
2008.07.25 14:39:21.213,1.98925,1.9894,1.60,4.80
2008.07.25 14:39:22.178,1.98925,1.9894,1.60,5.90
2008.07.25 14:39:22.565,1.98925,1.9894,1.60,6.40
2008.07.25 14:39:22.683,1.98925,1.9894,1.00,6.60
2008.07.25 14:39:23.322,1.98925,1.9894,1.00,7.00
2008.07.25 14:39:23.438,1.9892,1.9894,4.80,6.80
2008.07.25 14:39:24.180,1.9892,1.9893,1.60,1.00
2008.07.25 14:39:24.821,1.9892,1.9893,3.70,1.00
2008.07.25 14:39:25.050,1.98915,1.9893,1.60,4.00
2008.07.25 14:39:25.326,1.98915,1.9893,1.00,4.50
2008.07.25 14:39:25.594,1.98915,1.9893,1.00,5.60
2008.07.25 14:39:25.863,1.9892,1.9893,1.00,5.50
2008.07.25 14:39:26.096,1.98915,1.9893,1.00,5.60
2008.07.25 14:39:27.198,1.98915,1.9893,1.00,5.90
2008.07.25 14:39:27.407,1.98915,1.9892,1.00,1.00
2008.07.25 14:39:29.622,1.98915,1.9892,1.00,1.20
2008.07.25 14:39:30.415,1.9892,1.98925,1.00,5.30
2008.07.25 14:39:30.608,1.9891,1.9892,5.90,4.50
2008.07.25 14:39:30.793,1.9891,1.9892,1.00,4.50
2008.07.25 14:39:30.985,1.9891,1.9892,1.00,4.40
2008.07.25 14:39:32.653,1.9891,1.9892,1.00,4.70
2008.07.25 14:39:32.884,1.9891,1.9892,1.00,4.70
2008.07.25 14:39:33.113,1.9891,1.9892,1.00,3.60
2008.07.25 14:39:33.496,1.9891,1.9892,1.00,3.50
2008.07.25 14:39:33.849,1.9891,1.9892,2.10,3.50
2008.07.25 14:39:34.274,1.9891,1.9893,1.00,11.40
2008.07.25 14:39:34.481,1.9891,1.98925,1.00,1.00
2008.07.25 14:39:34.679,1.9891,1.9892,1.00,3.20
2008.07.25 14:39:34.888,1.9891,1.98925,1.00,1.00
2008.07.25 14:39:36.554,1.9891,1.9892,1.00,3.20
2008.07.25 14:39:36.786,1.9891,1.98925,1.00,1.00
2008.07.25 14:39:37.715,1.9891,1.9892,1.00,3.20
2008.07.25 14:39:38.194,1.9891,1.98925,1.00,1.00
2008.07.25 14:39:38.442,1.9891,1.9893,1.00,16.00
2008.07.25 14:39:38.682,1.98915,1.9893,1.00,16.00
2008.07.25 14:39:38.764,1.98915,1.9893,4.80,15.90
2008.07.25 14:39:39.003,1.9892,1.9893,1.00,15.90
2008.07.25 14:39:39.165,1.9892,1.9893,1.60,15.30
2008.07.25 14:39:39.281,1.9892,1.9893,4.30,4.30
2008.07.25 14:39:39.470,1.9892,1.9894,4.80,11.40
2008.07.25 14:39:39.667,1.9892,1.9894,4.80,6.00
2008.07.25 14:39:39.846,1.9892,1.98935,3.70,1.00
2008.07.25 14:39:40.040,1.9892,1.9894,1.00,6.00
2008.07.25 14:39:40.254,1.9892,1.98935,3.70,1.00
2008.07.25 14:39:40.620,1.9892,1.98935,1.00,1.00
2008.07.25 14:39:40.978,1.9892,1.98935,1.00,1.00
2008.07.25 14:39:42.486,1.9892,1.9893,3.70,1.00
2008.07.25 14:39:43.043,1.9892,1.9894,5.40,1.60
2008.07.25 14:39:43.310,1.9892,1.9894,8.10,1.60
2008.07.25 14:39:44.024,1.9893,1.9894,1.00,1.00
2008.07.25 14:39:45.131,1.9893,1.9894,1.00,1.00
2008.07.25 14:39:45.451,1.9893,1.9894,1.00,1.20
2008.07.25 14:39:45.790,1.9893,1.9894,1.00,1.60
2008.07.25 14:39:46.055,1.9893,1.9894,1.00,1.00
2008.07.25 14:39:46.299,1.9893,1.9894,1.00,1.20
2008.07.25 14:39:46.768,1.9893,1.9894,1.00,2.80
2008.07.25 14:39:47.130,1.9893,1.98935,1.00,1.00
2008.07.25 14:39:47.810,1.9893,1.9894,1.00,11.30
2008.07.25 14:39:48.107,1.9893,1.9894,1.00,5.90
2008.07.25 14:39:49.122,1.9893,1.98935,1.00,1.00
2008.07.25 14:39:49.447,1.9893,1.98935,1.00,1.00
2008.07.25 14:39:49.530,1.98925,1.9893,1.00,3.20
2008.07.25 14:39:49.694,1.9892,1.9893,3.70,3.20
2008.07.25 14:39:49.797,1.9892,1.9893,1.00,3.20
2008.07.25 14:39:50.912,1.9892,1.9893,1.00,3.30
2008.07.25 14:39:51.246,1.9892,1.98925,1.00,1.00
2008.07.25 14:39:51.442,1.9892,1.9893,1.00,3.30
2008.07.25 14:39:51.603,1.9892,1.9893,1.00,4.00
2008.07.25 14:39:51.798,1.98915,1.9893,1.00,4.00
2008.07.25 14:39:51.952,1.98915,1.9893,4.80,3.70
2008.07.25 14:39:52.346,1.98915,1.9893,1.00,1.00
2008.07.25 14:39:52.710,1.9892,1.9893,1.00,1.20
2008.07.25 14:39:53.017,1.9892,1.9893,1.00,3.90
2008.07.25 14:39:53.219,1.9892,1.9893,1.00,4.00
2008.07.25 14:39:53.419,1.98915,1.9893,1.00,5.80
2008.07.25 14:39:53.799,1.98915,1.9893,1.00,5.20
2008.07.25 14:39:53.998,1.98915,1.9893,1.00,5.20
2008.07.25 14:39:54.172,1.9892,1.9893,4.30,5.10
2008.07.25 14:39:54.343,1.9893,1.98935,1.00,4.60
2008.07.25 14:39:54.964,1.98925,1.9893,4.20,4.30
2008.07.25 14:39:55.323,1.98925,1.9893,9.10,3.20
2008.07.25 14:39:55.683,1.9893,1.9894,2.70,10.80
2008.07.25 14:39:56.053,1.9893,1.9894,3.70,1.00
2008.07.25 14:39:58.346,1.9893,1.9894,2.70,4.30
2008.07.25 14:39:59.146,1.9893,1.9894,2.70,4.40
2008.07.25 14:39:59.335,1.9893,1.9894,2.10,4.90
2008.07.25 14:39:59.527,1.98925,1.9894,1.00,4.90
2008.07.25 14:40:03.945,1.98925,1.98935,1.00,1.00
2008.07.25 14:40:03.999,1.98925,1.98935,1.00,1.00
2008.07.25 14:40:04.045,1.98925,1.98935,1.00,1.00
2008.07.25 14:40:08.740,1.98925,1.98935,1.00,1.00
2008.07.25 14:40:09.730,1.9892,1.98935,1.00,1.00
2008.07.25 14:40:10.532,1.9892,1.9893,1.00,1.00
2008.07.25 14:40:16.128,1.9892,1.98935,1.00,1.00
2008.07.25 14:40:16.924,1.9892,1.9894,2.10,3.90
2008.07.25 14:40:18.187,1.9893,1.9894,1.00,3.20
2008.07.25 14:40:18.521,1.9894,1.9895,1.00,14.50
2008.07.25 14:40:19.013,1.9894,1.9895,1.60,14.40
2008.07.25 14:40:19.161,1.9894,1.9895,1.00,10.28
2008.07.25 14:40:19.920,1.9894,1.98945,1.00,1.00
2008.07.25 14:40:20.196,1.9894,1.98955,3.70,1.00
2008.07.25 14:40:23.484,1.9894,1.98945,2.70,1.00
2008.07.25 14:40:23.694,1.9894,1.98945,3.70,1.00
2008.07.25 14:40:25.775,1.9893,1.98945,1.00,1.00
2008.07.25 14:40:26.141,1.9893,1.98945,1.00,1.00
2008.07.25 14:40:26.332,1.9893,1.9894,1.00,1.00
2008.07.25 14:40:26.522,1.9893,1.9894,1.00,1.00
2008.07.25 14:40:27.481,1.98935,1.9894,1.00,1.20
2008.07.25 14:40:27.694,1.98935,1.9894,1.00,4.90
2008.07.25 14:40:27.902,1.98935,1.9894,1.00,5.20
2008.07.25 14:40:28.030,1.9893,1.9894,1.60,5.20
2008.07.25 14:40:28.080,1.9893,1.9894,1.60,5.50
2008.07.25 14:40:28.319,1.9893,1.9894,1.60,4.90
2008.07.25 14:40:28.490,1.9893,1.9894,1.60,5.60
2008.07.25 14:40:29.033,1.98935,1.9894,1.00,5.60
2008.07.25 14:40:29.887,1.9894,1.98945,1.00,6.10
2008.07.25 14:40:31.259,1.9894,1.98945,1.00,6.00
2008.07.25 14:40:33.583,1.98935,1.9894,1.00,5.50
2008.07.25 14:40:33.838,1.9892,1.9894,1.00,5.60
2008.07.25 14:40:36.098,1.9892,1.9894,1.00,5.90
2008.07.25 14:40:36.536,1.9892,1.9894,1.00,6.00
2008.07.25 14:40:37.192,1.9892,1.9894,1.00,7.10
2008.07.25 14:40:38.560,1.9892,1.9893,1.00,1.00
2008.07.25 14:40:44.335,1.9892,1.9893,1.00,2.10
2008.07.25 14:40:44.464,1.98925,1.9893,1.60,2.10
2008.07.25 14:40:47.996,1.9893,1.9894,3.20,4.90
2008.07.25 14:40:48.106,1.9893,1.9894,3.70,4.30
2008.07.25 14:40:48.216,1.9893,1.9894,3.70,2.40
2008.07.25 14:40:48.494,1.9893,1.9894,1.00,2.40
2008.07.25 14:40:49.576,1.9893,1.98945,3.70,1.00
2008.07.25 14:40:49.816,1.9893,1.98945,3.70,1.20
2008.07.25 14:40:50.143,1.9893,1.9894,3.70,2.40
2008.07.25 14:40:51.333,1.9893,1.9894,3.70,2.80
2008.07.25 14:40:52.532,1.9892,1.9893,1.00,1.60
2008.07.25 14:40:54.011,1.9892,1.9893,1.00,1.00
2008.07.25 14:40:59.218,1.98925,1.9893,1.00,1.00
2008.07.25 14:40:59.517,1.9892,1.9893,1.00,1.00
2008.07.25 14:40:59.706,1.9892,1.9893,2.10,1.00
2008.07.25 14:40:59.864,1.9892,1.9893,4.80,1.00
2008.07.25 14:41:01.445,1.9893,1.9894,1.00,4.50
2008.07.25 14:41:02.204,1.9892,1.9893,4.80,1.00
2008.07.25 14:41:04.681,1.9892,1.9894,4.80,1.20
2008.07.25 14:41:06.276,1.9892,1.9894,8.10,1.00
2008.07.25 14:41:06.607,1.9893,1.9894,1.00,1.00
2008.07.25 14:41:08.597,1.9893,1.98945,1.00,1.00
2008.07.25 14:41:10.100,1.9893,1.98945,1.00,1.00
2008.07.25 14:41:11.492,1.9893,1.98945,1.00,1.00
2008.07.25 14:41:12.024,1.98935,1.98945,1.00,1.00
2008.07.25 14:41:12.720,1.9893,1.9895,1.00,4.90
2008.07.25 14:41:13.071,1.9893,1.98945,1.00,1.00
2008.07.25 14:41:13.829,1.98935,1.98945,1.00,1.00
2008.07.25 14:41:14.069,1.9893,1.98945,1.00,1.00
2008.07.25 14:41:14.556,1.9893,1.98945,1.00,1.00
2008.07.25 14:41:14.772,1.9893,1.98945,1.00,1.00
2008.07.25 14:41:15.460,1.9893,1.9894,1.00,1.20
2008.07.25 14:41:15.729,1.9893,1.9894,1.00,4.40
2008.07.25 14:41:16.829,1.98925,1.9894,1.00,4.40
2008.07.25 14:41:17.397,1.98925,1.98935,1.00,1.00
2008.07.25 14:41:17.587,1.98925,1.98935,1.00,1.00
2008.07.25 14:41:17.690,1.98925,1.9893,1.00,3.20
2008.07.25 14:41:18.905,1.98925,1.98935,1.00,1.00
2008.07.25 14:41:19.129,1.98925,1.98935,1.00,1.00
2008.07.25 14:41:22.061,1.98925,1.9893,1.00,3.20
2008.07.25 14:41:22.490,1.98925,1.9893,1.00,3.70
2008.07.25 14:41:22.912,1.9892,1.98925,1.40,1.00
2008.07.25 14:41:23.200,1.9892,1.98925,1.10,1.00
2008.07.25 14:41:23.487,1.9892,1.9893,1.00,10.50
2008.07.25 14:41:23.790,1.9892,1.9893,1.00,5.50
2008.07.25 14:41:24.394,1.9891,1.9893,3.70,5.50
2008.07.25 14:41:24.551,1.98915,1.9893,1.00,5.50
2008.07.25 14:41:24.798,1.98915,1.9893,1.00,5.50
2008.07.25 14:41:27.887,1.9891,1.9893,3.70,5.50
2008.07.25 14:41:28.349,1.9891,1.9893,3.70,6.20
2008.07.25 14:41:28.654,1.9891,1.9893,3.70,5.80
2008.07.25 14:41:28.957,1.9891,1.9893,3.70,5.60
2008.07.25 14:41:29.767,1.9891,1.9893,3.70,4.90
2008.07.25 14:41:29.918,1.9891,1.9893,3.70,3.90
2008.07.25 14:41:30.079,1.9892,1.9893,2.70,3.90
2008.07.25 14:41:30.992,1.9892,1.9893,2.70,3.90
2008.07.25 14:41:32.903,1.9892,1.9893,2.70,4.40
2008.07.25 14:41:35.262,1.9892,1.9893,2.70,3.90
2008.07.25 14:41:39.844,1.9892,1.9893,2.70,3.70
2008.07.25 14:41:39.950,1.9892,1.9893,2.70,1.00
2008.07.25 14:41:40.055,1.9892,1.9893,2.70,1.20
2008.07.25 14:41:40.146,1.9892,1.9893,2.70,4.30
2008.07.25 14:41:40.322,1.9892,1.9893,2.70,4.10
2008.07.25 14:41:40.414,1.9892,1.9893,2.70,3.70
2008.07.25 14:41:40.831,1.9892,1.9893,3.20,1.00
2008.07.25 14:41:41.231,1.9892,1.9893,3.70,1.00
2008.07.25 14:41:41.531,1.9892,1.9893,3.20,4.40
2008.07.25 14:41:42.438,1.9892,1.9893,3.20,4.40
2008.07.25 14:41:45.296,1.9892,1.9893,7.50,4.30
2008.07.25 14:41:45.458,1.9892,1.9893,7.50,1.00
2008.07.25 14:41:45.570,1.9892,1.9893,3.20,1.00
2008.07.25 14:41:45.623,1.9893,1.98935,1.00,1.00
2008.07.25 14:41:45.791,1.9892,1.98935,3.70,1.00
2008.07.25 14:41:46.084,1.9893,1.98935,2.70,1.00
2008.07.25 14:41:46.580,1.9893,1.98935,2.70,1.00
2008.07.25 14:41:46.859,1.9893,1.9894,2.70,1.20
2008.07.25 14:41:47.247,1.9893,1.98935,2.70,1.00
2008.07.25 14:41:47.635,1.9893,1.98935,3.20,1.00
2008.07.25 14:41:48.112,1.9893,1.9894,3.20,3.90
2008.07.25 14:41:48.680,1.9893,1.9894,3.20,3.20
2008.07.25 14:41:49.518,1.9893,1.98945,3.20,1.00
2008.07.25 14:41:49.752,1.9893,1.9894,3.20,1.00
2008.07.25 14:41:50.161,1.9893,1.9895,3.70,11.70
2008.07.25 14:41:50.420,1.9893,1.9894,3.70,1.00
2008.07.25 14:41:50.692,1.9893,1.98945,3.70,1.00
2008.07.25 14:41:52.169,1.9894,1.98945,1.00,1.00
2008.07.25 14:41:52.321,1.9894,1.98945,1.00,1.00
2008.07.25 14:41:52.523,1.9893,1.9894,3.70,3.20
2008.07.25 14:41:52.682,1.9893,1.98945,3.70,1.00
2008.07.25 14:41:52.828,1.9893,1.98945,3.70,1.00
2008.07.25 14:41:53.260,1.9893,1.9895,3.70,11.60
2008.07.25 14:41:53.461,1.9893,1.98945,3.70,1.00
2008.07.25 14:41:53.662,1.9893,1.9894,3.70,3.20
2008.07.25 14:41:53.871,1.9893,1.9894,3.20,3.20
2008.07.25 14:41:54.569,1.9893,1.9894,3.70,3.20
2008.07.25 14:41:56.714,1.9893,1.9894,3.70,3.30
2008.07.25 14:41:56.748,1.9893,1.9894,3.70,3.30
2008.07.25 14:42:00.010,1.9893,1.9894,3.70,3.20
2008.07.25 14:42:00.681,1.9893,1.9894,7.00,3.20
2008.07.25 14:42:00.780,1.9894,1.98945,1.00,3.40
2008.07.25 14:42:00.872,1.9894,1.9895,1.00,9.80
2008.07.25 14:42:01.060,1.98935,1.9895,1.00,10.30
2008.07.25 14:42:01.236,1.98935,1.9895,1.00,9.30
2008.07.25 14:42:01.587,1.9893,1.9895,3.70,9.30
2008.07.25 14:42:02.765,1.9893,1.9895,3.70,10.30
2008.07.25 14:42:03.258,1.9893,1.9895,3.70,9.30
2008.07.25 14:42:06.765,1.9893,1.9895,3.70,10.30
2008.07.25 14:42:07.077,1.9893,1.98945,3.70,1.00
2008.07.25 14:42:07.250,1.9893,1.98945,3.70,1.00
2008.07.25 14:42:07.437,1.9893,1.9894,3.70,3.20
2008.07.25 14:42:08.025,1.9893,1.9894,3.20,3.20
2008.07.25 14:42:09.976,1.9893,1.9895,3.70,4.50
2008.07.25 14:42:10.195,1.9893,1.9895,3.70,4.70
2008.07.25 14:42:10.594,1.9893,1.98945,3.70,1.00
2008.07.25 14:42:18.067,1.9894,1.98945,2.70,1.00
2008.07.25 14:42:18.224,1.9894,1.9895,2.70,3.90
2008.07.25 14:42:22.115,1.9893,1.9895,3.70,3.90
2008.07.25 14:42:22.313,1.9893,1.98935,3.20,1.00
2008.07.25 14:42:22.518,1.9893,1.98935,4.80,1.00
2008.07.25 14:42:22.718,1.9893,1.9894,1.00,1.00
2008.07.25 14:42:23.017,1.98935,1.9894,1.00,1.00
2008.07.25 14:42:23.412,1.9893,1.9894,4.80,1.00
2008.07.25 14:42:23.703,1.9893,1.9894,1.00,1.00
2008.07.25 14:42:24.020,1.9893,1.98945,1.00,1.00
2008.07.25 14:42:25.004,1.9893,1.9894,1.00,1.00
2008.07.25 14:42:25.318,1.9893,1.98945,1.00,1.00
2008.07.25 14:42:25.444,1.9893,1.9894,1.00,1.00
2008.07.25 14:42:25.662,1.9893,1.98945,1.00,1.00
2008.07.25 14:42:26.040,1.9893,1.9894,1.00,9.40
2008.07.25 14:42:26.559,1.98925,1.9894,1.00,4.10
2008.07.25 14:42:27.166,1.98925,1.9894,1.00,4.00
2008.07.25 14:42:27.428,1.98925,1.9894,1.00,3.90
2008.07.25 14:42:27.680,1.98925,1.9894,1.00,1.00
2008.07.25 14:42:27.939,1.98925,1.9894,1.00,1.00
2008.07.25 14:42:30.283,1.9893,1.98945,1.00,1.00
2008.07.25 14:42:31.117,1.9893,1.9894,1.00,1.00
2008.07.25 14:42:33.430,1.9893,1.9894,1.00,1.00
2008.07.25 14:42:44.864,1.9893,1.98945,1.00,1.00
2008.07.25 14:42:45.476,1.9893,1.98945,1.00,1.00
2008.07.25 14:42:46.776,1.9893,1.98945,1.00,1.00
2008.07.25 14:42:50.575,1.9893,1.9894,1.00,1.00
2008.07.25 14:42:52.133,1.9893,1.98945,1.00,1.00
2008.07.25 14:42:52.614,1.9893,1.98945,1.00,1.00
2008.07.25 14:42:52.795,1.9893,1.9894,1.00,3.20
2008.07.25 14:42:53.148,1.9893,1.9894,1.00,3.20
2008.07.25 14:42:55.373,1.9893,1.98945,3.70,1.00
2008.07.25 14:42:58.185,1.9893,1.9894,1.00,3.20
2008.07.25 14:43:07.401,1.9893,1.9894,4.80,3.20
2008.07.25 14:43:07.553,1.9894,1.98945,1.00,3.30
2008.07.25 14:43:07.703,1.9894,1.9895,1.00,3.50
2008.07.25 14:43:08.951,1.9894,1.9895,1.00,3.60
2008.07.25 14:43:09.223,1.9893,1.9895,1.00,4.90
2008.07.25 14:43:09.483,1.9893,1.98945,4.80,1.00
2008.07.25 14:43:13.012,1.9893,1.9894,4.80,1.00
2008.07.25 14:43:13.520,1.9893,1.9894,3.70,1.00
2008.07.25 14:43:13.780,1.9893,1.9894,1.00,3.20
2008.07.25 14:43:14.044,1.9893,1.9894,1.00,3.20
2008.07.25 14:43:14.537,1.9893,1.9894,1.00,3.20
2008.07.25 14:43:24.171,1.9893,1.98945,3.70,1.00
2008.07.25 14:43:24.507,1.9893,1.98945,3.70,1.00
2008.07.25 14:43:24.606,1.9893,1.9894,1.00,3.20
2008.07.25 14:43:29.856,1.9893,1.9894,1.00,3.30
2008.07.25 14:43:30.289,1.9893,1.9894,1.00,3.20
2008.07.25 14:43:31.249,1.9893,1.9894,1.00,3.50
2008.07.25 14:43:35.341,1.9893,1.9894,1.00,4.50
2008.07.25 14:43:35.555,1.9893,1.9894,1.00,5.20
2008.07.25 14:43:35.812,1.9893,1.9894,1.00,5.40
2008.07.25 14:43:36.140,1.98925,1.9894,1.00,5.90
2008.07.25 14:43:36.466,1.98925,1.9894,1.00,6.00
2008.07.25 14:43:37.061,1.98925,1.9894,1.00,6.00
2008.07.25 14:43:37.295,1.98925,1.9894,1.00,6.00
2008.07.25 14:43:38.240,1.9892,1.9894,3.70,6.20
2008.07.25 14:43:38.509,1.9892,1.98935,3.20,1.00
2008.07.25 14:43:38.779,1.9892,1.98935,3.70,1.00
2008.07.25 14:43:39.046,1.9892,1.98935,1.00,1.00
2008.07.25 14:43:39.642,1.9892,1.9893,1.00,3.90
2008.07.25 14:43:41.056,1.98915,1.9893,1.00,3.90
2008.07.25 14:43:41.263,1.9891,1.9893,3.70,3.90
2008.07.25 14:43:57.371,1.98915,1.9893,1.00,3.90
2008.07.25 14:44:22.972,1.98915,1.9893,1.60,3.90
2008.07.25 14:44:23.613,1.98915,1.9893,1.00,3.90
2008.07.25 14:44:29.741,1.98915,1.9893,1.60,3.90
2008.07.25 14:44:39.738,1.98915,1.9893,1.00,3.30
2008.07.25 14:44:44.647,1.98915,1.9893,1.60,3.30
2008.07.25 14:44:48.024,1.98915,1.9893,1.60,3.20
2008.07.25 14:44:48.176,1.98915,1.9893,1.60,3.70
2008.07.25 14:44:48.220,1.9892,1.9893,1.00,3.30
2008.07.25 14:44:48.409,1.98915,1.9893,1.00,3.90
2008.07.25 14:44:51.466,1.98915,1.9893,1.00,4.90
2008.07.25 14:44:51.935,1.98915,1.9893,1.00,3.90
2008.07.25 14:45:00.714,1.98915,1.9893,1.60,3.90
2008.07.25 14:45:04.095,1.98915,1.9893,1.00,3.90
2008.07.25 14:45:08.371,1.9892,1.9893,1.00,3.90
2008.07.25 14:45:09.701,1.9892,1.9893,1.00,3.90
2008.07.25 14:45:14.459,1.9892,1.9893,1.00,4.40
2008.07.25 14:45:14.789,1.98915,1.9893,1.00,4.40
2008.07.25 14:45:15.232,1.98915,1.9893,1.00,3.90
2008.07.25 14:45:18.315,1.98915,1.9893,1.00,4.10
2008.07.25 14:45:24.242,1.98915,1.9893,1.00,4.80
2008.07.25 14:45:24.880,1.98915,1.9892,1.00,1.00
2008.07.25 14:45:25.528,1.98915,1.9892,1.00,4.30
2008.07.25 14:45:26.607,1.98915,1.9892,1.00,4.40
2008.07.25 14:45:29.318,1.9892,1.98935,1.00,4.40
2008.07.25 14:45:29.574,1.98915,1.9892,1.00,3.30
2008.07.25 14:45:29.870,1.98915,1.9892,1.00,3.20
2008.07.25 14:45:30.108,1.9892,1.9893,1.00,4.40
2008.07.25 14:45:30.337,1.9892,1.9893,1.00,3.30
2008.07.25 14:45:31.005,1.98915,1.9893,1.00,3.90
2008.07.25 14:45:31.786,1.98915,1.98925,1.00,1.00
2008.07.25 14:45:31.898,1.98915,1.9893,1.00,10.60
2008.07.25 14:45:32.276,1.98915,1.9893,1.00,4.10
2008.07.25 14:45:32.436,1.98915,1.9893,1.00,5.20
2008.07.25 14:45:32.781,1.98915,1.9893,1.00,4.10
2008.07.25 14:45:33.095,1.98915,1.9893,1.00,5.20
2008.07.25 14:45:35.875,1.98915,1.9893,1.00,4.10
2008.07.25 14:45:35.924,1.98915,1.9893,1.00,5.20
2008.07.25 14:45:40.108,1.98915,1.98925,1.00,1.00
2008.07.25 14:45:40.243,1.98915,1.98925,1.00,1.00
2008.07.25 14:45:40.508,1.98915,1.9893,1.00,12.80
2008.07.25 14:45:40.646,1.9892,1.9893,1.00,3.60
2008.07.25 14:45:42.238,1.9892,1.98925,1.00,1.00
2008.07.25 14:45:42.344,1.98915,1.98925,1.00,1.00
2008.07.25 14:45:44.673,1.98915,1.98925,1.00,1.00
2008.07.25 14:45:46.374,1.98915,1.9892,1.00,3.20
2008.07.25 14:45:46.802,1.98915,1.98925,1.00,1.00
2008.07.25 14:45:47.895,1.98915,1.9892,1.00,3.20
2008.07.25 14:45:49.932,1.98915,1.98925,1.00,1.00
2008.07.25 14:45:50.113,1.98915,1.9892,1.00,3.20
2008.07.25 14:45:50.451,1.98915,1.9893,1.00,5.90
2008.07.25 14:45:50.631,1.98915,1.9893,1.60,5.90
2008.07.25 14:45:50.921,1.98915,1.9893,1.60,5.80
2008.07.25 14:45:51.977,1.98915,1.9893,1.00,5.60
2008.07.25 14:45:54.070,1.98915,1.9892,1.00,1.00
2008.07.25 14:45:54.476,1.98915,1.9892,1.60,4.30
2008.07.25 14:45:54.675,1.98915,1.9892,1.60,4.90
2008.07.25 14:45:54.902,1.98915,1.9892,1.00,6.00
2008.07.25 14:45:57.309,1.98915,1.9892,1.00,4.90
2008.07.25 14:45:57.640,1.98915,1.9892,1.00,4.40
2008.07.25 14:45:57.811,1.98915,1.9892,1.00,1.20
2008.07.25 14:45:57.890,1.98915,1.9892,1.00,1.70
2008.07.25 14:45:57.970,1.98915,1.9892,1.00,3.90
2008.07.25 14:45:58.052,1.98915,1.9892,1.00,3.70
2008.07.25 14:45:58.191,1.98915,1.9892,1.00,1.20
2008.07.25 14:45:58.291,1.98915,1.9892,1.00,1.30
2008.07.25 14:45:58.490,1.98915,1.9892,1.00,4.90
2008.07.25 14:45:58.676,1.98915,1.9892,1.00,4.40
2008.07.25 14:45:58.767,1.98915,1.9892,1.00,4.50
2008.07.25 14:45:59.074,1.98915,1.9892,1.00,5.60
2008.07.25 14:45:59.342,1.98915,1.9892,1.00,5.10
2008.07.25 14:46:00.089,1.98915,1.9892,1.00,3.90
2008.07.25 14:46:00.571,1.98915,1.9892,1.00,4.10
2008.07.25 14:46:00.820,1.98915,1.9892,1.00,4.30
2008.07.25 14:46:01.884,1.98915,1.9892,1.00,4.10
2008.07.25 14:46:02.141,1.98915,1.9892,1.00,4.30
2008.07.25 14:46:03.848,1.98915,1.9892,1.00,4.40
2008.07.25 14:46:04.068,1.98915,1.9892,1.00,5.90
2008.07.25 14:46:04.345,1.9891,1.9892,1.00,5.90
2008.07.25 14:46:04.608,1.9891,1.9892,1.00,5.80
2008.07.25 14:46:04.878,1.9891,1.9892,1.00,6.60
2008.07.25 14:46:06.479,1.9891,1.9892,1.00,4.90
2008.07.25 14:46:06.709,1.9891,1.9892,1.00,4.40
2008.07.25 14:46:08.799,1.9891,1.9892,1.00,1.20
2008.07.25 14:46:09.545,1.9891,1.9892,1.00,1.00
2008.07.25 14:46:10.218,1.9891,1.9892,1.00,1.00
2008.07.25 14:46:10.625,1.9891,1.9893,2.10,9.40
2008.07.25 14:46:10.820,1.9891,1.9893,2.10,5.90
2008.07.25 14:46:11.016,1.9892,1.9893,1.00,5.40
2008.07.25 14:46:11.217,1.9892,1.9893,1.00,4.30
2008.07.25 14:46:11.831,1.9892,1.98925,1.00,1.00
2008.07.25 14:46:12.097,1.9891,1.98925,2.10,1.00
2008.07.25 14:46:12.366,1.9891,1.9892,1.60,1.00
2008.07.25 14:46:12.637,1.9891,1.9893,2.10,5.40
2008.07.25 14:46:12.890,1.9891,1.9893,2.10,5.60
2008.07.25 14:46:13.006,1.98915,1.9893,1.00,5.50
2008.07.25 14:46:13.169,1.98915,1.9893,1.00,5.60
2008.07.25 14:46:13.304,1.9891,1.9893,2.10,5.60
2008.07.25 14:46:13.415,1.98915,1.9893,1.00,5.50
2008.07.25 14:46:13.537,1.98915,1.9893,1.00,5.50
2008.07.25 14:46:13.796,1.98915,1.9893,1.00,5.50
2008.07.25 14:46:14.975,1.98915,1.9893,1.00,6.60
2008.07.25 14:46:15.680,1.98915,1.9893,1.00,6.60
2008.07.25 14:46:16.039,1.9891,1.9893,2.10,6.70
2008.07.25 14:46:16.225,1.9891,1.9892,2.10,1.00
2008.07.25 14:46:17.392,1.9891,1.9892,1.00,1.00
2008.07.25 14:46:17.564,1.9891,1.9892,1.00,1.00
2008.07.25 14:46:18.088,1.9891,1.9892,1.00,3.70
2008.07.25 14:46:18.527,1.98915,1.9892,1.00,4.00
2008.07.25 14:46:18.758,1.9891,1.9892,1.00,4.00
2008.07.25 14:46:19.223,1.9891,1.9892,1.00,4.00
2008.07.25 14:46:19.930,1.9891,1.9892,1.00,4.00
2008.07.25 14:46:20.074,1.9891,1.9892,1.00,3.90
2008.07.25 14:46:20.360,1.9891,1.9892,1.00,4.00
2008.07.25 14:46:20.637,1.9891,1.9892,1.00,3.70
2008.07.25 14:46:21.422,1.9891,1.9892,1.00,3.90
2008.07.25 14:46:21.978,1.9891,1.9892,1.00,3.70
2008.07.25 14:46:22.303,1.9891,1.9892,1.00,4.80
2008.07.25 14:46:22.615,1.9891,1.9892,1.00,3.20
2008.07.25 14:46:23.031,1.9891,1.98925,3.70,1.00
2008.07.25 14:46:24.206,1.9891,1.9892,1.00,3.20
2008.07.25 14:46:25.056,1.9891,1.9892,1.60,3.20
2008.07.25 14:46:25.284,1.9891,1.98925,3.70,1.00
2008.07.25 14:46:25.444,1.9891,1.9892,3.70,1.00
2008.07.25 14:46:25.743,1.9891,1.9892,1.00,3.70
2008.07.25 14:46:25.910,1.9891,1.9892,1.00,3.70
2008.07.25 14:46:26.932,1.9891,1.9892,1.00,4.00
2008.07.25 14:46:28.116,1.9891,1.9892,1.00,4.10
2008.07.25 14:46:28.174,1.98905,1.9892,1.60,5.80
2008.07.25 14:46:28.351,1.98905,1.9892,1.60,6.00
2008.07.25 14:46:28.401,1.98905,1.9892,1.00,6.00
2008.07.25 14:46:28.858,1.98905,1.9892,1.00,6.00
2008.07.25 14:46:29.811,1.98905,1.9892,1.00,6.00
2008.07.25 14:46:30.194,1.98905,1.9892,1.00,6.20
2008.07.25 14:46:30.773,1.9891,1.9892,1.00,6.00
2008.07.25 14:46:31.865,1.98905,1.9892,1.00,6.20
2008.07.25 14:46:32.529,1.98905,1.9892,1.00,6.00
2008.07.25 14:46:32.694,1.98905,1.9892,1.60,5.90
2008.07.25 14:46:32.832,1.9891,1.9892,1.00,4.40
2008.07.25 14:46:32.945,1.9891,1.9892,1.00,4.10
2008.07.25 14:46:33.221,1.9891,1.9892,1.00,4.30
2008.07.25 14:46:33.345,1.9891,1.9892,1.00,5.60
2008.07.25 14:46:33.473,1.98905,1.9892,1.00,6.20
2008.07.25 14:46:34.192,1.98905,1.9892,1.00,6.00
2008.07.25 14:46:35.090,1.98905,1.9892,1.00,5.90
2008.07.25 14:46:35.390,1.98905,1.9892,1.00,6.00
2008.07.25 14:46:37.351,1.98905,1.9891,1.00,1.00
2008.07.25 14:46:37.906,1.98915,1.9892,1.00,7.10
2008.07.25 14:46:40.120,1.9891,1.9892,1.00,7.10
2008.07.25 14:46:41.502,1.98905,1.9891,1.10,1.00
2008.07.25 14:46:41.651,1.98905,1.9891,1.10,4.10
2008.07.25 14:46:41.964,1.98905,1.9891,1.10,1.00
2008.07.25 14:46:42.119,1.98905,1.9891,1.10,1.00
2008.07.25 14:46:42.423,1.98905,1.9891,1.10,3.50
2008.07.25 14:46:42.559,1.9891,1.9892,1.00,6.00
2008.07.25 14:46:42.820,1.9891,1.9892,1.00,4.90
2008.07.25 14:46:43.199,1.9891,1.9892,1.00,4.80
2008.07.25 14:46:43.358,1.9891,1.9892,1.00,5.10
2008.07.25 14:46:43.734,1.9891,1.9892,1.00,4.90
2008.07.25 14:46:44.130,1.9891,1.9892,1.00,5.80
2008.07.25 14:46:44.328,1.9891,1.9892,1.00,6.00
2008.07.25 14:46:45.368,1.9891,1.9892,1.00,6.00
2008.07.25 14:46:46.757,1.98905,1.9891,1.10,1.00
2008.07.25 14:46:46.961,1.9891,1.9892,1.00,7.40
2008.07.25 14:46:47.118,1.9891,1.98915,1.00,1.00
2008.07.25 14:46:47.281,1.9891,1.9892,1.00,10.90
2008.07.25 14:46:47.453,1.9891,1.9892,1.00,7.40
2008.07.25 14:46:47.798,1.9891,1.9892,1.00,7.10
2008.07.25 14:46:48.677,1.98905,1.9892,1.00,7.10
2008.07.25 14:46:50.297,1.98905,1.9892,1.00,7.40
2008.07.25 14:46:51.218,1.98905,1.9892,1.00,7.20
2008.07.25 14:46:51.480,1.98905,1.9891,1.00,1.00
2008.07.25 14:46:52.267,1.98905,1.9891,1.00,1.00
2008.07.25 14:46:52.477,1.98905,1.9891,1.00,4.00
2008.07.25 14:46:52.686,1.98905,1.9891,1.00,4.30
2008.07.25 14:46:53.776,1.98905,1.9891,1.00,4.30
2008.07.25 14:46:55.685,1.98905,1.9891,1.00,4.40
2008.07.25 14:46:56.636,1.98905,1.9891,1.00,4.30
2008.07.25 14:46:57.679,1.989,1.98905,1.40,1.00
2008.07.25 14:46:57.855,1.98905,1.9891,1.00,4.70
2008.07.25 14:46:58.027,1.98905,1.9891,1.00,4.40
2008.07.25 14:46:59.504,1.98905,1.9891,1.00,4.70
2008.07.25 14:46:59.744,1.98905,1.9891,1.00,4.50
2008.07.25 14:47:00.667,1.989,1.9891,1.00,4.50
2008.07.25 14:47:00.715,1.989,1.9891,1.00,4.70
2008.07.25 14:47:00.969,1.989,1.9891,1.00,4.70
2008.07.25 14:47:01.994,1.989,1.9891,1.00,4.70
2008.07.25 14:47:02.772,1.989,1.9891,1.00,4.80
2008.07.25 14:47:03.184,1.989,1.9891,1.00,4.70
2008.07.25 14:47:03.766,1.989,1.9891,1.00,4.70
2008.07.25 14:47:04.092,1.9891,1.98915,1.00,1.00
2008.07.25 14:47:04.406,1.9891,1.9892,1.00,4.30
2008.07.25 14:47:04.995,1.9891,1.9892,1.00,5.40
2008.07.25 14:47:05.246,1.9891,1.9892,1.00,3.20
2008.07.25 14:47:05.973,1.9891,1.9892,1.00,4.00
2008.07.25 14:47:06.232,1.9891,1.98915,1.00,1.00
2008.07.25 14:47:07.113,1.9891,1.9892,1.00,4.00
2008.07.25 14:47:07.433,1.9891,1.9892,1.00,4.10
2008.07.25 14:47:07.544,1.9891,1.9892,3.70,1.00
2008.07.25 14:47:07.738,1.9891,1.9892,3.70,1.00
2008.07.25 14:47:07.848,1.9891,1.9892,1.60,3.20
2008.07.25 14:47:08.385,1.9891,1.9892,1.60,1.00
2008.07.25 14:47:08.575,1.9891,1.98915,1.60,1.00
2008.07.25 14:47:09.054,1.9891,1.9892,1.60,1.00
2008.07.25 14:47:10.306,1.9891,1.9892,1.60,1.00
2008.07.25 14:47:10.517,1.9891,1.9892,3.70,1.00
2008.07.25 14:47:10.716,1.9891,1.9892,2.70,4.00
2008.07.25 14:47:10.950,1.9891,1.98915,1.00,1.00
2008.07.25 14:47:12.234,1.98915,1.9893,1.00,6.28
2008.07.25 14:47:13.738,1.9891,1.98915,4.30,1.00
2008.07.25 14:47:16.375,1.9891,1.98915,3.20,1.00
2008.07.25 14:47:16.583,1.9891,1.98915,4.30,1.00
2008.07.25 14:47:16.792,1.98915,1.98925,1.00,1.00
2008.07.25 14:47:17.572,1.98915,1.98925,1.00,1.00
2008.07.25 14:47:17.683,1.9892,1.98925,1.00,1.00
2008.07.25 14:47:18.572,1.9892,1.9893,1.00,4.80
2008.07.25 14:47:19.260,1.9892,1.9893,1.00,4.80
2008.07.25 14:47:19.479,1.9892,1.9893,1.00,3.70
2008.07.25 14:47:19.910,1.9892,1.9893,1.00,4.80
2008.07.25 14:47:20.129,1.9892,1.9893,1.00,3.70
2008.07.25 14:47:20.349,1.9892,1.98925,1.00,1.00
2008.07.25 14:47:21.385,1.98915,1.9892,3.00,1.00
2008.07.25 14:47:21.721,1.9892,1.9893,1.00,3.70
2008.07.25 14:47:22.371,1.9892,1.9893,1.00,4.80
2008.07.25 14:47:22.534,1.9892,1.9893,1.00,3.70
2008.07.25 14:47:26.009,1.9892,1.9893,1.00,3.90
2008.07.25 14:47:27.907,1.98915,1.9892,2.60,1.00
2008.07.25 14:47:28.298,1.9892,1.9893,1.00,4.00
2008.07.25 14:47:28.544,1.9892,1.9893,1.00,4.00
2008.07.25 14:47:28.777,1.9892,1.9893,1.00,4.30
2008.07.25 14:47:30.711,1.9892,1.9893,1.00,4.40
2008.07.25 14:47:30.895,1.98915,1.9893,1.00,7.10
2008.07.25 14:47:31.046,1.98915,1.9893,1.00,6.60
2008.07.25 14:47:31.330,1.9891,1.98925,1.00,1.00
2008.07.25 14:47:31.888,1.9891,1.9892,1.00,1.00
2008.07.25 14:47:32.181,1.9891,1.9892,1.00,4.00
2008.07.25 14:47:32.477,1.989,1.9892,4.80,3.90
2008.07.25 14:47:32.588,1.989,1.98915,4.80,1.00
2008.07.25 14:47:32.851,1.98905,1.98915,1.00,1.00
2008.07.25 14:47:32.957,1.98905,1.98915,1.60,1.00
2008.07.25 14:47:33.416,1.9891,1.9892,1.00,1.00
2008.07.25 14:47:35.611,1.9891,1.9892,1.00,1.00
2008.07.25 14:47:35.742,1.98905,1.9892,1.00,1.20
2008.07.25 14:47:35.866,1.98905,1.9892,1.00,3.90
2008.07.25 14:47:36.097,1.989,1.9892,4.80,3.90
2008.07.25 14:47:36.958,1.9892,1.9893,1.00,11.60
2008.07.25 14:47:37.178,1.9892,1.98925,1.00,1.00
2008.07.25 14:47:37.398,1.9891,1.98925,1.60,1.00
2008.07.25 14:47:37.618,1.9891,1.9892,1.60,1.00
2008.07.25 14:47:37.698,1.9891,1.9892,1.00,1.00
2008.07.25 14:47:37.775,1.9891,1.9892,1.00,1.00
2008.07.25 14:47:38.194,1.9891,1.98925,1.00,1.00
2008.07.25 14:47:38.275,1.9891,1.9892,1.00,1.00
2008.07.25 14:47:38.447,1.9891,1.9892,1.00,1.00
2008.07.25 14:47:38.717,1.989,1.9892,4.80,3.90
2008.07.25 14:47:38.932,1.989,1.9892,4.80,3.90
2008.07.25 14:47:39.136,1.98905,1.9892,1.00,3.70
2008.07.25 14:47:39.346,1.9891,1.9892,1.00,1.00
2008.07.25 14:47:39.734,1.9891,1.98925,1.00,1.00
2008.07.25 14:47:43.154,1.9891,1.9892,1.00,1.00
2008.07.25 14:47:43.298,1.989,1.9892,4.80,1.20
2008.07.25 14:47:43.415,1.989,1.9892,4.80,3.90
2008.07.25 14:47:48.695,1.989,1.9892,4.80,4.10
2008.07.25 14:47:48.915,1.989,1.9892,4.80,4.30
2008.07.25 14:47:49.155,1.989,1.9892,4.80,9.50
2008.07.25 14:47:49.394,1.9891,1.9892,1.00,9.00
2008.07.25 14:47:50.257,1.9891,1.9892,1.00,3.60
2008.07.25 14:47:50.534,1.9891,1.9892,1.00,3.30
2008.07.25 14:47:52.916,1.9891,1.9892,1.00,3.20
2008.07.25 14:47:53.622,1.9891,1.98915,1.00,1.00
2008.07.25 14:47:59.421,1.9891,1.9892,1.00,3.30
2008.07.25 14:48:10.265,1.9891,1.9892,3.70,1.00
2008.07.25 14:48:10.523,1.9891,1.98925,3.70,1.00
2008.07.25 14:48:11.358,1.9891,1.98925,3.70,1.00
2008.07.25 14:48:11.671,1.9891,1.98925,3.20,1.00
2008.07.25 14:48:11.985,1.9891,1.98925,4.30,1.00
2008.07.25 14:48:12.287,1.9891,1.9893,4.80,3.90
2008.07.25 14:48:19.177,1.9891,1.9893,4.80,4.10
2008.07.25 14:48:19.498,1.9891,1.9893,4.80,3.90
2008.07.25 14:48:20.556,1.9891,1.98925,4.80,1.00
2008.07.25 14:48:21.008,1.9891,1.98925,4.80,1.00
2008.07.25 14:48:21.248,1.9891,1.9893,4.80,3.90
2008.07.25 14:48:21.498,1.9892,1.9893,1.00,3.30
2008.07.25 14:48:21.746,1.9891,1.9893,4.80,3.90
2008.07.25 14:48:22.866,1.98915,1.9893,1.00,3.70
2008.07.25 14:48:23.039,1.9892,1.9893,1.00,3.20
2008.07.25 14:48:23.662,1.9892,1.9893,1.00,3.20
2008.07.25 14:48:25.612,1.9892,1.9893,1.00,3.30
2008.07.25 14:48:27.166,1.9892,1.9893,1.00,3.30
2008.07.25 14:48:27.294,1.9892,1.9893,1.00,3.30
2008.07.25 14:48:27.434,1.9891,1.9893,4.80,3.90
2008.07.25 14:48:30.455,1.98915,1.9893,1.00,3.70
2008.07.25 14:48:30.591,1.98915,1.9893,1.60,3.70
2008.07.25 14:48:30.663,1.9892,1.98925,1.00,1.00
2008.07.25 14:48:41.403,1.9892,1.98925,1.60,1.00
2008.07.25 14:48:41.611,1.9892,1.98925,4.30,1.00
2008.07.25 14:48:41.795,1.9892,1.9893,3.70,1.00
2008.07.25 14:48:41.977,1.9892,1.98935,1.60,1.00
2008.07.25 14:48:42.159,1.9892,1.98935,3.70,1.00
2008.07.25 14:48:42.406,1.9892,1.98935,1.00,1.00
2008.07.25 14:48:42.681,1.9892,1.9893,1.00,1.00
2008.07.25 14:48:42.994,1.9892,1.9893,1.00,1.00
2008.07.25 14:48:43.187,1.9891,1.9893,4.80,3.90
2008.07.25 14:48:47.809,1.9891,1.9893,4.80,4.10
2008.07.25 14:48:49.370,1.9891,1.9892,3.70,1.00
2008.07.25 14:48:49.539,1.9891,1.9892,3.70,3.30
2008.07.25 14:48:49.628,1.9891,1.9892,1.00,3.30
2008.07.25 14:48:49.970,1.9891,1.9892,1.00,3.60
2008.07.25 14:48:50.314,1.989,1.9892,4.80,4.10
2008.07.25 14:48:50.988,1.989,1.9892,4.80,4.30
2008.07.25 14:48:51.448,1.989,1.9892,4.80,4.10
2008.07.25 14:48:52.297,1.989,1.9892,4.80,4.30
2008.07.25 14:48:53.690,1.989,1.9892,4.80,4.10
2008.07.25 14:48:56.107,1.989,1.9892,4.80,4.10
2008.07.25 14:48:56.229,1.989,1.9892,4.80,4.10
2008.07.25 14:48:59.176,1.98905,1.9892,1.00,4.00
2008.07.25 14:48:59.373,1.98905,1.9892,1.60,4.00
2008.07.25 14:48:59.529,1.9891,1.9892,1.00,3.50
2008.07.25 14:48:59.685,1.9891,1.9892,1.00,3.60
2008.07.25 14:49:04.729,1.9891,1.9892,1.00,3.50
2008.07.25 14:49:05.054,1.98905,1.9892,1.00,4.40
2008.07.25 14:49:05.390,1.989,1.98915,4.30,1.00
2008.07.25 14:49:05.725,1.989,1.9892,4.80,4.40
2008.07.25 14:49:06.625,1.989,1.9892,4.80,4.70
2008.07.25 14:49:07.464,1.989,1.9892,4.80,4.40
2008.07.25 14:49:10.302,1.989,1.9892,4.80,4.70
2008.07.25 14:49:10.911,1.989,1.9892,4.80,4.40
2008.07.25 14:49:12.806,1.989,1.9892,4.80,4.70
2008.07.25 14:49:13.113,1.989,1.9892,4.80,4.50
2008.07.25 14:49:13.226,1.989,1.9892,4.80,4.40
2008.07.25 14:49:14.202,1.989,1.9892,4.80,4.50
2008.07.25 14:49:14.417,1.989,1.98915,3.70,1.00
2008.07.25 14:49:14.634,1.989,1.9891,1.00,3.30
2008.07.25 14:49:14.841,1.989,1.9891,1.00,3.20
2008.07.25 14:49:16.262,1.989,1.9891,1.00,3.30
2008.07.25 14:49:16.512,1.989,1.9891,1.00,3.70
2008.07.25 14:49:17.672,1.989,1.9891,1.00,4.00
2008.07.25 14:49:20.360,1.989,1.9891,1.00,4.10
2008.07.25 14:49:20.960,1.989,1.9891,1.00,3.90
2008.07.25 14:49:21.156,1.989,1.9891,1.00,3.70
2008.07.25 14:49:21.971,1.989,1.9891,1.00,3.90
2008.07.25 14:49:22.240,1.989,1.9891,1.00,4.00
2008.07.25 14:49:22.777,1.989,1.9891,1.00,3.50
2008.07.25 14:49:23.361,1.989,1.9891,1.00,3.50
2008.07.25 14:49:24.002,1.989,1.9891,1.00,3.20
2008.07.25 14:49:24.540,1.989,1.9891,1.00,3.60
2008.07.25 14:49:25.650,1.989,1.9891,1.00,3.20
2008.07.25 14:49:26.180,1.989,1.9891,1.60,1.00
2008.07.25 14:49:26.452,1.989,1.9891,4.30,1.00
2008.07.25 14:49:26.956,1.989,1.98915,4.30,1.00
2008.07.25 14:49:27.201,1.989,1.98915,4.30,1.00
2008.07.25 14:49:27.443,1.989,1.98915,4.80,1.00
2008.07.25 14:49:27.933,1.989,1.98915,4.80,1.00
2008.07.25 14:49:28.090,1.989,1.98915,4.80,1.00
2008.07.25 14:49:29.071,1.98905,1.98915,1.00,1.00
2008.07.25 14:49:29.428,1.9891,1.9892,1.00,4.00
2008.07.25 14:49:29.618,1.9891,1.9892,1.00,3.90
2008.07.25 14:49:29.772,1.989,1.9892,4.80,4.40
2008.07.25 14:49:29.929,1.989,1.9892,4.80,4.50
2008.07.25 14:49:30.280,1.989,1.9892,4.80,4.80
2008.07.25 14:49:30.664,1.989,1.9892,4.80,6.00
2008.07.25 14:49:31.020,1.989,1.9892,4.80,5.90
2008.07.25 14:49:32.312,1.989,1.9892,4.80,6.00
2008.07.25 14:49:32.589,1.989,1.9892,4.80,6.20
2008.07.25 14:49:32.858,1.989,1.9891,4.30,1.00
2008.07.25 14:49:33.671,1.989,1.9891,3.20,3.30
2008.07.25 14:49:33.926,1.989,1.9891,1.00,3.30
2008.07.25 14:49:43.693,1.989,1.9891,1.00,3.30
2008.07.25 14:49:49.334,1.98905,1.9891,1.00,3.30
2008.07.25 14:49:49.559,1.9891,1.98915,1.00,1.00
2008.07.25 14:49:49.732,1.9891,1.9892,1.00,4.70
2008.07.25 14:49:49.812,1.9891,1.9892,1.00,5.40
2008.07.25 14:49:50.055,1.989,1.9892,4.80,5.90
2008.07.25 14:49:51.443,1.989,1.9892,4.80,5.80
2008.07.25 14:49:51.665,1.989,1.9892,4.80,5.50
2008.07.25 14:49:51.884,1.989,1.98915,3.70,1.00
2008.07.25 14:49:52.104,1.989,1.9891,3.70,3.50
2008.07.25 14:49:52.294,1.989,1.9891,1.00,3.50
2008.07.25 14:49:52.653,1.989,1.9891,1.00,3.50
2008.07.25 14:49:53.204,1.989,1.9891,1.00,3.70
2008.07.25 14:49:53.542,1.989,1.9891,1.00,4.00
2008.07.25 14:49:53.652,1.989,1.9891,1.00,3.90
2008.07.25 14:49:54.648,1.989,1.98905,1.00,1.00
2008.07.25 14:49:59.363,1.989,1.98905,1.00,1.00
2008.07.25 14:49:59.534,1.989,1.98905,1.00,1.00
2008.07.25 14:49:59.602,1.98895,1.98905,1.00,1.00
2008.07.25 14:49:59.641,1.98895,1.989,1.00,3.20
2008.07.25 14:50:00.147,1.9889,1.989,1.00,3.20
2008.07.25 14:50:02.400,1.9889,1.989,1.00,3.70
2008.07.25 14:50:02.630,1.9889,1.989,1.00,3.90
2008.07.25 14:50:02.820,1.9889,1.989,1.00,3.70
2008.07.25 14:50:02.915,1.9889,1.989,2.10,3.70
2008.07.25 14:50:03.032,1.9889,1.989,4.80,1.00
2008.07.25 14:50:03.443,1.9889,1.989,4.30,1.00
2008.07.25 14:50:07.159,1.98895,1.989,1.00,1.00
2008.07.25 14:50:07.406,1.989,1.98905,1.00,1.00
2008.07.25 14:50:07.561,1.989,1.9891,1.00,3.50
2008.07.25 14:50:07.840,1.989,1.9891,1.00,3.20
2008.07.25 14:50:08.559,1.989,1.98905,1.00,1.00
2008.07.25 14:50:08.809,1.989,1.9891,1.00,3.20
2008.07.25 14:50:09.599,1.989,1.9891,1.00,3.30
2008.07.25 14:50:10.069,1.98895,1.9891,1.60,3.70
2008.07.25 14:50:10.390,1.98895,1.9891,1.60,3.70
2008.07.25 14:50:11.808,1.98895,1.9891,1.60,4.00
2008.07.25 14:50:12.069,1.98895,1.9891,1.60,4.00
2008.07.25 14:50:12.327,1.98895,1.9891,1.00,4.00
2008.07.25 14:50:12.740,1.98895,1.9891,1.00,4.10
2008.07.25 14:50:13.138,1.989,1.9891,1.00,3.20
2008.07.25 14:50:13.317,1.989,1.9891,1.00,3.30
2008.07.25 14:50:13.480,1.989,1.9891,1.00,3.20
2008.07.25 14:50:15.630,1.989,1.98915,1.60,1.00
2008.07.25 14:50:15.800,1.989,1.98915,4.30,1.00
2008.07.25 14:50:22.668,1.989,1.9891,4.30,1.00
2008.07.25 14:50:25.418,1.989,1.98915,4.30,1.00
2008.07.25 14:50:26.604,1.989,1.98915,4.30,1.00
2008.07.25 14:50:27.784,1.989,1.98915,4.30,1.00
2008.07.25 14:50:28.644,1.989,1.9891,4.30,1.00
2008.07.25 14:50:34.935,1.989,1.9891,4.30,1.00
2008.07.25 14:50:35.034,1.989,1.9891,3.20,1.00
2008.07.25 14:50:35.191,1.989,1.9891,3.20,1.00
2008.07.25 14:50:35.328,1.989,1.9891,3.20,4.10
2008.07.25 14:50:35.823,1.989,1.9891,1.00,4.10
2008.07.25 14:50:36.519,1.989,1.98905,1.00,1.00
2008.07.25 14:50:36.849,1.989,1.9891,1.00,3.90
2008.07.25 14:50:37.163,1.989,1.9891,1.00,3.20
2008.07.25 14:50:37.485,1.989,1.9891,1.60,3.20
2008.07.25 14:50:37.804,1.989,1.98915,1.60,1.00
2008.07.25 14:50:38.602,1.989,1.98915,1.60,1.00
2008.07.25 14:50:39.787,1.989,1.98915,1.60,1.00
2008.07.25 14:50:40.700,1.989,1.98915,1.60,1.00
2008.07.25 14:50:41.780,1.989,1.9891,1.60,1.00
2008.07.25 14:50:43.820,1.989,1.98915,1.60,1.00
2008.07.25 14:50:48.152,1.989,1.98915,1.60,1.00
2008.07.25 14:50:49.081,1.989,1.9891,1.60,1.00
2008.07.25 14:50:49.184,1.989,1.9891,3.70,1.00
2008.07.25 14:50:49.408,1.989,1.9891,1.00,4.00
2008.07.25 14:50:49.740,1.989,1.9891,1.00,4.00
2008.07.25 14:50:51.131,1.989,1.9891,1.00,3.20
2008.07.25 14:50:51.292,1.989,1.9891,1.00,3.30
2008.07.25 14:50:56.258,1.989,1.9891,4.30,3.30
2008.07.25 14:50:56.390,1.989,1.98915,4.30,1.00
2008.07.25 14:51:03.076,1.989,1.98915,3.20,1.00
2008.07.25 14:51:03.178,1.989,1.9891,3.20,1.00
2008.07.25 14:51:03.347,1.989,1.9891,4.30,1.00
2008.07.25 14:51:03.443,1.989,1.9891,4.30,3.20
2008.07.25 14:51:03.616,1.989,1.98915,4.30,1.00
2008.07.25 14:51:03.907,1.989,1.9891,4.30,1.00
2008.07.25 14:51:04.056,1.989,1.9891,4.30,1.00
2008.07.25 14:51:04.206,1.989,1.9891,3.20,1.00
2008.07.25 14:51:04.358,1.989,1.9891,3.70,1.00
2008.07.25 14:51:04.538,1.989,1.9891,1.00,1.00
2008.07.25 14:51:04.686,1.989,1.9891,3.70,1.00
2008.07.25 14:51:04.858,1.989,1.9891,3.70,1.00
2008.07.25 14:51:05.235,1.989,1.9891,3.70,1.00
2008.07.25 14:51:05.455,1.989,1.9891,3.70,1.40
2008.07.25 14:51:08.962,1.989,1.9891,1.00,4.70
2008.07.25 14:51:10.483,1.989,1.9891,1.00,4.70
2008.07.25 14:51:11.960,1.989,1.9891,1.00,4.70
2008.07.25 14:51:12.964,1.989,1.9891,1.00,5.10
2008.07.25 14:51:13.193,1.98895,1.9891,1.00,5.10
2008.07.25 14:51:13.275,1.98895,1.9891,1.00,5.60
2008.07.25 14:51:13.426,1.98895,1.9891,1.00,5.10
2008.07.25 14:51:13.673,1.98895,1.9891,1.00,4.90
2008.07.25 14:51:14.010,1.98895,1.9891,1.00,4.80
2008.07.25 14:51:14.709,1.98895,1.9891,1.00,4.90
2008.07.25 14:51:15.105,1.98895,1.9891,1.00,4.80
2008.07.25 14:51:15.602,1.98895,1.9891,1.00,5.50
2008.07.25 14:51:15.862,1.98895,1.9891,1.00,5.60
2008.07.25 14:51:16.962,1.98895,1.9891,1.00,5.10
2008.07.25 14:51:17.086,1.98895,1.9891,1.00,4.70
2008.07.25 14:51:18.806,1.98895,1.9891,1.00,4.50
2008.07.25 14:51:19.573,1.98895,1.9891,1.00,5.20
2008.07.25 14:51:20.411,1.98895,1.9891,1.00,5.40
2008.07.25 14:51:22.462,1.98895,1.9891,1.00,5.10
2008.07.25 14:51:22.558,1.98895,1.9891,1.00,5.40
2008.07.25 14:51:23.399,1.98895,1.9891,1.00,5.10
2008.07.25 14:51:25.227,1.9889,1.9891,4.30,5.20
2008.07.25 14:51:25.297,1.9889,1.9891,4.80,5.80
2008.07.25 14:51:25.348,1.9889,1.9891,4.80,6.20
2008.07.25 14:51:25.760,1.9889,1.9891,4.80,6.30
2008.07.25 14:51:25.969,1.9889,1.9891,4.80,7.40
2008.07.25 14:51:26.351,1.9889,1.9891,4.80,7.40
2008.07.25 14:51:28.762,1.9889,1.98905,4.80,1.00
2008.07.25 14:51:30.049,1.989,1.98905,1.00,1.00
2008.07.25 14:51:30.570,1.989,1.9891,1.00,6.20
2008.07.25 14:51:30.786,1.989,1.9891,1.00,6.20
2008.07.25 14:51:31.870,1.989,1.9891,1.00,6.40
2008.07.25 14:51:34.037,1.989,1.9891,3.70,3.20
2008.07.25 14:51:34.906,1.989,1.9891,1.00,6.40
2008.07.25 14:51:42.724,1.989,1.9891,1.00,6.70
2008.07.25 14:51:43.306,1.989,1.98905,1.00,1.00
2008.07.25 14:51:43.552,1.9889,1.98905,1.00,1.00
2008.07.25 14:51:43.779,1.9889,1.989,1.00,1.00
2008.07.25 14:51:44.128,1.9889,1.989,1.00,1.30
2008.07.25 14:51:44.298,1.9889,1.989,1.00,3.10
2008.07.25 14:51:44.467,1.9888,1.989,2.10,6.00
2008.07.25 14:51:44.639,1.9888,1.989,2.10,6.20
2008.07.25 14:51:50.008,1.9888,1.989,2.10,6.30
2008.07.25 14:51:50.955,1.9888,1.989,1.60,6.30
2008.07.25 14:51:51.549,1.9888,1.98895,1.60,1.00
2008.07.25 14:51:53.038,1.9888,1.98895,1.00,1.00
2008.07.25 14:51:55.193,1.9888,1.98895,3.70,1.00
2008.07.25 14:51:55.788,1.9888,1.98895,3.20,1.00
2008.07.25 14:51:57.137,1.9888,1.989,3.70,5.60
2008.07.25 14:51:58.253,1.9888,1.989,3.70,5.80
2008.07.25 14:51:59.662,1.9888,1.989,3.70,5.60
2008.07.25 14:52:00.972,1.9888,1.989,3.70,5.50
2008.07.25 14:52:11.131,1.9888,1.9889,3.70,3.20
2008.07.25 14:52:11.361,1.9888,1.989,3.70,5.80
2008.07.25 14:52:12.819,1.9888,1.989,3.70,6.00
2008.07.25 14:52:13.700,1.9888,1.989,3.70,5.80
2008.07.25 14:52:17.013,1.9888,1.989,3.70,5.60
2008.07.25 14:52:17.220,1.9888,1.989,3.70,5.80
2008.07.25 14:52:27.405,1.9888,1.989,3.70,5.60
2008.07.25 14:52:27.565,1.9888,1.989,3.70,5.50
2008.07.25 14:52:32.624,1.9888,1.989,3.70,4.80
2008.07.25 14:52:34.142,1.9888,1.9889,3.70,3.20
2008.07.25 14:52:34.434,1.9888,1.989,3.70,4.80
2008.07.25 14:52:44.465,1.9888,1.989,3.20,4.30
2008.07.25 14:52:45.628,1.98885,1.989,1.00,4.30
2008.07.25 14:52:45.709,1.9889,1.989,1.00,4.30
2008.07.25 14:52:45.776,1.9889,1.989,3.70,1.00
2008.07.25 14:52:45.915,1.9889,1.98905,3.70,1.60
2008.07.25 14:52:48.538,1.9889,1.98905,3.20,1.60
2008.07.25 14:52:48.764,1.9889,1.989,3.20,1.00
2008.07.25 14:52:49.028,1.9889,1.989,5.40,1.00
2008.07.25 14:52:49.088,1.9889,1.98905,5.40,1.00
2008.07.25 14:52:49.190,1.9889,1.98905,4.30,1.00
2008.07.25 14:52:49.793,1.9889,1.98905,3.20,1.00
2008.07.25 14:52:51.737,1.9889,1.98905,3.20,1.00
2008.07.25 14:52:53.897,1.9889,1.98905,3.90,1.00
2008.07.25 14:52:54.307,1.9889,1.98905,3.90,1.00
2008.07.25 14:52:55.606,1.9889,1.989,3.90,1.00
2008.07.25 14:52:56.375,1.9889,1.98905,3.90,1.00
2008.07.25 14:52:56.616,1.9889,1.98905,4.30,1.00
2008.07.25 14:52:57.019,1.9889,1.98905,4.80,1.00
2008.07.25 14:52:57.676,1.9889,1.9891,1.00,6.40
2008.07.25 14:52:58.057,1.9889,1.9891,1.00,4.30
2008.07.25 14:52:59.902,1.9889,1.9891,1.00,9.70
2008.07.25 14:53:00.226,1.9889,1.9891,1.00,4.30
2008.07.25 14:53:00.689,1.9889,1.9891,1.00,3.70
2008.07.25 14:53:00.800,1.989,1.9891,1.00,3.70
2008.07.25 14:53:00.972,1.989,1.9891,2.70,3.70
2008.07.25 14:53:01.098,1.9889,1.9891,1.00,1.00
2008.07.25 14:53:01.346,1.9889,1.9891,1.00,4.30
2008.07.25 14:53:02.048,1.9889,1.9891,1.00,15.10
2008.07.25 14:53:02.655,1.9889,1.98905,1.00,1.00
2008.07.25 14:53:03.161,1.9889,1.989,1.00,1.00
2008.07.25 14:53:03.411,1.98895,1.9891,1.00,15.70
2008.07.25 14:53:03.687,1.98895,1.9891,1.00,17.00
2008.07.25 14:53:03.959,1.98885,1.989,1.00,3.70
2008.07.25 14:53:04.075,1.9889,1.989,1.00,3.70
2008.07.25 14:53:04.625,1.98885,1.989,1.00,3.70
2008.07.25 14:53:04.848,1.9888,1.989,3.70,3.70
2008.07.25 14:53:06.341,1.9889,1.989,1.00,3.20
2008.07.25 14:53:06.655,1.9889,1.989,1.00,1.00
2008.07.25 14:53:07.074,1.9889,1.989,4.80,1.00
2008.07.25 14:53:07.779,1.9889,1.98895,4.80,1.00
2008.07.25 14:53:07.897,1.9889,1.989,4.80,1.00
2008.07.25 14:53:08.544,1.9889,1.989,3.70,2.20
2008.07.25 14:53:08.665,1.9888,1.989,3.70,2.80
2008.07.25 14:53:08.804,1.9888,1.989,3.70,5.60
2008.07.25 14:53:08.967,1.9888,1.989,3.70,6.70
2008.07.25 14:53:09.153,1.98885,1.989,1.00,6.70
2008.07.25 14:53:09.325,1.9889,1.989,1.00,6.70
2008.07.25 14:53:09.860,1.9889,1.989,1.00,6.80
2008.07.25 14:53:10.412,1.9889,1.989,1.00,7.40
2008.07.25 14:53:11.752,1.9889,1.989,1.00,7.00
2008.07.25 14:53:11.923,1.98885,1.989,1.00,7.20
2008.07.25 14:53:12.276,1.98885,1.989,1.00,7.00
2008.07.25 14:53:12.721,1.9888,1.989,3.70,7.00
2008.07.25 14:53:13.748,1.9888,1.989,3.70,7.40
2008.07.25 14:53:14.003,1.9888,1.9889,3.70,3.20
2008.07.25 14:53:14.123,1.9888,1.9889,3.70,3.30
2008.07.25 14:53:14.523,1.9888,1.9889,1.00,3.30
2008.07.25 14:53:15.236,1.9888,1.9889,1.00,3.30
2008.07.25 14:53:15.572,1.9888,1.9889,1.00,3.20
2008.07.25 14:53:16.513,1.9888,1.9889,1.00,9.30
2008.07.25 14:53:16.705,1.98875,1.9888,1.00,1.00
2008.07.25 14:53:16.901,1.9888,1.9889,1.00,9.70
2008.07.25 14:53:17.098,1.98875,1.9888,1.10,1.00
2008.07.25 14:53:17.303,1.9888,1.9889,1.00,13.00
2008.07.25 14:53:17.574,1.9888,1.9889,1.00,10.90
2008.07.25 14:53:18.095,1.9888,1.9889,1.00,12.50
2008.07.25 14:53:18.362,1.98875,1.9888,1.10,3.30
2008.07.25 14:53:18.473,1.98875,1.9888,1.10,3.70
2008.07.25 14:53:18.584,1.98875,1.9888,1.10,4.00
2008.07.25 14:53:18.795,1.98875,1.9888,1.10,4.30
2008.07.25 14:53:19.032,1.98875,1.9888,1.10,5.60
2008.07.25 14:53:19.462,1.98875,1.9888,1.10,4.50
2008.07.25 14:53:19.606,1.98875,1.9888,1.00,4.50
2008.07.25 14:53:20.402,1.9886,1.9887,4.60,1.00
2008.07.25 14:53:20.671,1.98865,1.9887,2.10,1.00
2008.07.25 14:53:20.926,1.9886,1.9887,13.40,1.00
2008.07.25 14:53:21.182,1.98865,1.9887,2.10,1.00
2008.07.25 14:53:21.356,1.9887,1.9888,1.60,3.30
2008.07.25 14:53:22.450,1.9887,1.9888,1.60,3.20
2008.07.25 14:53:22.725,1.9887,1.9888,1.00,4.30
2008.07.25 14:53:22.883,1.9886,1.9888,3.70,4.40
2008.07.25 14:53:23.823,1.9886,1.98875,3.20,1.00
2008.07.25 14:53:24.142,1.9886,1.98875,3.70,1.00
2008.07.25 14:53:26.343,1.9886,1.9888,3.70,4.40
2008.07.25 14:53:26.521,1.9886,1.9888,3.70,5.40
2008.07.25 14:53:27.072,1.9886,1.98875,3.70,1.00
2008.07.25 14:53:28.470,1.9886,1.9887,3.70,1.00
2008.07.25 14:53:28.700,1.9886,1.98875,3.70,1.00
2008.07.25 14:53:28.960,1.9887,1.98875,3.70,1.00
2008.07.25 14:53:29.379,1.9887,1.98875,1.00,1.00
2008.07.25 14:53:29.478,1.9886,1.98875,3.70,1.00
2008.07.25 14:53:29.866,1.9886,1.9888,3.70,3.70
2008.07.25 14:53:30.670,1.9886,1.9888,3.70,4.10
2008.07.25 14:53:31.715,1.9886,1.9888,3.70,4.00
2008.07.25 14:53:34.960,1.9886,1.9888,3.20,4.00
2008.07.25 14:53:34.979,1.9886,1.9888,3.20,7.20
2008.07.25 14:53:35.122,1.9886,1.98875,3.20,1.00
2008.07.25 14:53:35.187,1.9886,1.98875,3.70,1.00
2008.07.25 14:53:35.210,1.9886,1.98875,4.80,1.00
2008.07.25 14:53:35.477,1.9886,1.9887,4.80,1.00
2008.07.25 14:53:35.906,1.9886,1.98875,4.80,1.00
2008.07.25 14:53:36.189,1.9886,1.98875,1.00,1.00
2008.07.25 14:53:36.439,1.9886,1.9888,1.00,4.00
2008.07.25 14:53:40.441,1.9886,1.9888,1.00,5.40
2008.07.25 14:53:42.749,1.9886,1.9888,1.00,5.20
2008.07.25 14:53:45.234,1.9886,1.9888,1.00,7.50
2008.07.25 14:53:45.765,1.9886,1.98875,3.70,1.00
2008.07.25 14:53:46.865,1.9886,1.9887,3.70,1.00
2008.07.25 14:53:47.067,1.9886,1.9887,1.00,3.30
2008.07.25 14:53:47.290,1.9886,1.9887,1.00,3.20
2008.07.25 14:53:48.771,1.9886,1.9887,1.00,12.90
2008.07.25 14:53:48.865,1.98855,1.9887,1.00,13.50
2008.07.25 14:53:48.964,1.9886,1.9887,1.00,13.00
2008.07.25 14:53:49.064,1.9886,1.9887,1.00,3.30
2008.07.25 14:53:49.154,1.9886,1.9887,1.00,3.20
2008.07.25 14:53:49.460,1.9886,1.9887,1.00,3.30
2008.07.25 14:53:52.695,1.9886,1.98865,1.00,1.00
2008.07.25 14:53:53.564,1.9886,1.98875,3.70,1.60
2008.07.25 14:53:56.363,1.9886,1.9887,1.00,3.30
2008.07.25 14:53:56.441,1.9886,1.98865,1.00,1.00
2008.07.25 14:53:57.624,1.9886,1.98875,3.70,1.60
2008.07.25 14:53:57.973,1.9886,1.9888,3.70,5.20
2008.07.25 14:53:58.502,1.9886,1.9888,3.70,4.80
2008.07.25 14:53:58.884,1.9886,1.9888,3.70,4.70
2008.07.25 14:53:59.441,1.9886,1.9888,1.00,4.70
2008.07.25 14:53:59.512,1.9886,1.9888,1.00,6.30
2008.07.25 14:53:59.635,1.9886,1.98875,1.00,1.60
2008.07.25 14:54:02.933,1.9885,1.9886,1.00,1.00
2008.07.25 14:54:03.623,1.9885,1.9886,1.00,1.00
2008.07.25 14:54:03.720,1.9885,1.9886,1.00,1.00
2008.07.25 14:54:04.532,1.9885,1.9886,1.00,1.00
2008.07.25 14:54:04.660,1.98845,1.9886,1.00,1.20
2008.07.25 14:54:04.700,1.9884,1.9886,3.20,1.20
2008.07.25 14:54:04.751,1.9884,1.9886,3.20,5.60
2008.07.25 14:54:04.943,1.9884,1.9885,3.20,1.00
2008.07.25 14:54:05.063,1.9884,1.9885,4.80,1.00
2008.07.25 14:54:05.789,1.9884,1.9885,4.80,1.00
2008.07.25 14:54:07.419,1.9884,1.9885,3.70,1.00
2008.07.25 14:54:07.631,1.9884,1.9885,1.60,1.00
2008.07.25 14:54:07.852,1.98835,1.9885,1.60,1.00
2008.07.25 14:54:08.055,1.9883,1.9884,3.70,1.00
2008.07.25 14:54:10.322,1.9883,1.98845,3.20,1.00
2008.07.25 14:54:10.558,1.9883,1.98845,3.20,1.00
2008.07.25 14:54:11.221,1.9883,1.98845,3.20,1.60
2008.07.25 14:54:12.408,1.9883,1.9885,3.70,4.10
2008.07.25 14:54:13.108,1.9883,1.9884,3.20,1.00
2008.07.25 14:54:13.543,1.9883,1.9884,3.70,1.00
2008.07.25 14:54:13.649,1.9883,1.9884,3.70,1.00
2008.07.25 14:54:14.329,1.9883,1.9884,1.00,4.00
2008.07.25 14:54:15.222,1.9883,1.9884,1.00,5.90
2008.07.25 14:54:15.400,1.9883,1.98835,1.00,1.00
2008.07.25 14:54:16.153,1.9883,1.98835,1.00,1.00
2008.07.25 14:54:16.320,1.9883,1.98845,3.70,1.60
2008.07.25 14:54:16.636,1.9883,1.98845,1.00,1.60
2008.07.25 14:54:17.105,1.9883,1.9884,1.00,1.00
2008.07.25 14:54:17.607,1.9883,1.98845,1.00,1.60
2008.07.25 14:54:19.149,1.9883,1.9884,1.00,3.30
2008.07.25 14:54:19.711,1.9883,1.9884,1.00,3.20
2008.07.25 14:54:19.843,1.9883,1.98835,1.00,1.00
2008.07.25 14:54:19.919,1.9882,1.98835,3.70,1.00
2008.07.25 14:54:20.004,1.9882,1.98835,3.70,1.00
2008.07.25 14:54:22.376,1.9882,1.98835,3.70,1.60
2008.07.25 14:54:22.714,1.9882,1.98835,3.70,1.00
2008.07.25 14:54:23.375,1.9882,1.98835,3.70,1.00
2008.07.25 14:54:24.450,1.9882,1.98835,3.70,1.00
2008.07.25 14:54:25.725,1.9882,1.98835,3.70,1.00
2008.07.25 14:54:25.902,1.9882,1.98835,3.70,1.00
2008.07.25 14:54:26.926,1.9882,1.98835,1.00,1.00
2008.07.25 14:54:28.166,1.9882,1.9883,1.00,1.00
2008.07.25 14:54:28.896,1.9882,1.98835,1.00,1.00
2008.07.25 14:54:29.415,1.9882,1.9884,1.00,4.80
2008.07.25 14:54:31.817,1.9883,1.9884,3.70,1.30
2008.07.25 14:54:32.102,1.9883,1.9884,3.70,1.60
2008.07.25 14:54:40.424,1.98825,1.9883,4.20,1.00
2008.07.25 14:54:40.603,1.9883,1.9884,3.70,1.00
2008.07.25 14:54:43.391,1.9883,1.9885,3.70,21.10
2008.07.25 14:54:51.132,1.9883,1.98835,3.70,1.00
2008.07.25 14:54:51.331,1.9883,1.98835,4.80,1.00
2008.07.25 14:54:51.477,1.9883,1.98845,4.80,1.00
2008.07.25 14:54:57.757,1.9883,1.9884,4.80,1.00
2008.07.25 14:55:01.096,1.9883,1.98845,4.80,1.00
2008.07.25 14:55:01.127,1.9883,1.9884,1.00,3.20
2008.07.25 14:55:01.216,1.9883,1.9884,1.00,3.20
2008.07.25 14:55:01.248,1.9882,1.9884,1.00,3.70
2008.07.25 14:55:06.157,1.9882,1.98835,1.00,1.00
2008.07.25 14:55:06.180,1.9883,1.98835,3.70,1.00
2008.07.25 14:55:10.425,1.9883,1.9884,3.70,1.00
2008.07.25 14:55:10.804,1.9883,1.9884,3.70,1.00
2008.07.25 14:55:11.708,1.9883,1.9884,3.70,1.00
2008.07.25 14:55:11.859,1.9884,1.9885,3.20,1.00
2008.07.25 14:55:11.974,1.9883,1.9884,3.20,1.00
2008.07.25 14:55:12.813,1.9883,1.98845,3.20,1.00
2008.07.25 14:55:13.115,1.9883,1.9885,3.70,1.00
2008.07.25 14:55:14.007,1.9883,1.9885,1.00,1.70
2008.07.25 14:55:14.124,1.9883,1.9885,1.00,6.60
2008.07.25 14:55:14.245,1.9883,1.9885,1.00,6.70
2008.07.25 14:55:14.914,1.9883,1.98845,3.70,1.00
2008.07.25 14:55:15.267,1.9883,1.98845,7.00,1.00
2008.07.25 14:55:15.327,1.9884,1.98845,3.20,1.00
2008.07.25 14:55:15.503,1.9883,1.98845,3.20,1.00
2008.07.25 14:55:15.815,1.9884,1.98845,3.20,1.00
2008.07.25 14:55:16.096,1.9883,1.98845,3.70,1.00
2008.07.25 14:55:17.542,1.9883,1.9884,3.70,1.00
2008.07.25 14:55:18.262,1.9883,1.9884,3.70,1.00
2008.07.25 14:55:18.560,1.9883,1.9884,3.70,1.00
2008.07.25 14:55:18.701,1.9883,1.9884,3.70,1.00
2008.07.25 14:55:19.601,1.9883,1.98835,3.70,1.00
2008.07.25 14:55:23.870,1.98825,1.9883,4.50,1.00
2008.07.25 14:55:26.124,1.9883,1.9884,3.70,2.20
2008.07.25 14:55:26.205,1.9883,1.9884,3.20,1.20
2008.07.25 14:55:26.433,1.98825,1.9884,1.00,5.20
2008.07.25 14:55:28.525,1.98825,1.9884,1.00,4.40
2008.07.25 14:55:30.784,1.98825,1.9883,1.00,1.00
2008.07.25 14:55:31.042,1.98825,1.9883,1.00,1.00
2008.07.25 14:55:31.279,1.98825,1.9883,1.00,1.00
2008.07.25 14:55:32.269,1.98825,1.9884,1.00,5.80
2008.07.25 14:55:32.679,1.9882,1.98835,4.80,1.00
2008.07.25 14:55:32.829,1.9882,1.9883,4.80,1.00
2008.07.25 14:55:32.999,1.98825,1.9883,1.00,1.00
2008.07.25 14:55:33.291,1.9882,1.9883,3.70,1.00
2008.07.25 14:55:33.595,1.9882,1.9884,1.00,4.80
2008.07.25 14:55:34.467,1.9882,1.9884,3.70,4.80
2008.07.25 14:55:34.927,1.98825,1.9884,1.00,4.80
2008.07.25 14:55:37.128,1.9883,1.9884,1.00,4.30
2008.07.25 14:55:37.300,1.9884,1.98845,3.20,1.00
2008.07.25 14:55:37.470,1.9883,1.98845,3.70,1.00
2008.07.25 14:55:39.360,1.9883,1.9884,1.00,3.20
2008.07.25 14:55:40.162,1.9883,1.9884,1.00,3.20
2008.07.25 14:55:42.701,1.9883,1.9884,1.00,1.00
2008.07.25 14:55:42.911,1.9883,1.98845,1.00,1.00
2008.07.25 14:55:43.125,1.9883,1.98845,3.70,1.00
2008.07.25 14:55:43.616,1.9883,1.9884,3.70,1.00
2008.07.25 14:55:44.137,1.9883,1.98845,4.80,1.00
2008.07.25 14:55:44.328,1.9883,1.98845,3.70,1.00
2008.07.25 14:55:44.598,1.9883,1.98845,3.70,1.00
2008.07.25 14:55:45.508,1.9883,1.9884,3.70,1.00
2008.07.25 14:55:49.585,1.9883,1.98845,3.70,1.60
2008.07.25 14:55:49.996,1.9883,1.9884,3.70,1.00
2008.07.25 14:55:52.385,1.9883,1.98835,3.70,1.00
2008.07.25 14:55:54.862,1.9883,1.9884,3.70,1.00
2008.07.25 14:55:55.383,1.9883,1.9884,3.70,1.00
2008.07.25 14:55:55.586,1.9883,1.9884,3.20,1.00
2008.07.25 14:55:55.693,1.98825,1.9884,1.00,4.30
2008.07.25 14:55:56.265,1.9882,1.98835,4.80,1.00
2008.07.25 14:55:56.476,1.9882,1.9884,1.00,4.30
2008.07.25 14:55:59.115,1.9883,1.9884,3.70,1.00
2008.07.25 14:55:59.420,1.9883,1.9884,1.00,3.90
2008.07.25 14:55:59.524,1.9882,1.9884,1.00,4.40
2008.07.25 14:56:00.817,1.9882,1.9884,1.00,4.30
2008.07.25 14:56:01.028,1.9882,1.9884,1.00,4.40
2008.07.25 14:56:02.814,1.9882,1.9884,1.00,4.30
2008.07.25 14:56:12.407,1.9882,1.9884,1.00,4.10
2008.07.25 14:56:16.011,1.9882,1.9884,1.00,4.30
2008.07.25 14:56:17.545,1.9882,1.9884,1.00,4.10
2008.07.25 14:56:17.864,1.9882,1.9884,1.00,3.70
2008.07.25 14:56:20.661,1.9882,1.9883,4.80,1.00
2008.07.25 14:56:20.871,1.9882,1.9883,3.70,1.00
2008.07.25 14:56:21.081,1.9882,1.9883,3.70,1.00
2008.07.25 14:56:21.451,1.9882,1.9883,1.00,1.00
2008.07.25 14:56:21.919,1.9882,1.9884,1.00,3.70
2008.07.25 14:56:25.573,1.9882,1.9884,1.00,3.90
2008.07.25 14:56:25.735,1.9883,1.9884,3.70,1.60
2008.07.25 14:56:25.915,1.9883,1.9884,3.70,1.70
2008.07.25 14:56:26.127,1.9882,1.9884,1.00,3.90
2008.07.25 14:56:27.127,1.9882,1.98835,1.00,1.00
2008.07.25 14:56:27.299,1.9882,1.9884,1.00,3.90
2008.07.25 14:56:27.930,1.9882,1.9884,1.00,4.40
2008.07.25 14:56:30.040,1.9882,1.9884,1.00,3.90
2008.07.25 14:56:34.814,1.98825,1.9884,1.00,3.90
2008.07.25 14:56:43.494,1.98825,1.9884,1.00,4.10
2008.07.25 14:56:43.739,1.9882,1.9884,1.00,4.10
2008.07.25 14:56:44.194,1.9882,1.9884,1.00,4.80
2008.07.25 14:56:44.644,1.9882,1.9884,1.00,4.70
2008.07.25 14:56:45.088,1.9882,1.9884,1.00,4.10
2008.07.25 14:56:46.643,1.9882,1.9884,1.00,4.80
2008.07.25 14:56:46.913,1.9882,1.9884,1.00,5.50
2008.07.25 14:56:47.145,1.9882,1.9884,1.00,4.90
2008.07.25 14:56:48.905,1.9882,1.98835,4.80,1.60
2008.07.25 14:56:50.966,1.9882,1.98835,4.80,1.70
2008.07.25 14:56:51.047,1.9882,1.98835,4.80,2.20
2008.07.25 14:56:51.082,1.9882,1.9883,1.00,3.90
2008.07.25 14:56:51.124,1.98815,1.9883,1.00,4.30
2008.07.25 14:56:51.270,1.9881,1.98825,11.40,1.00
2008.07.25 14:56:51.383,1.9881,1.98825,10.90,1.00
2008.07.25 14:56:51.496,1.9881,1.9882,6.60,1.00
2008.07.25 14:56:51.711,1.9881,1.9882,4.40,1.00
2008.07.25 14:56:51.940,1.98805,1.9882,3.90,1.00
2008.07.25 14:56:52.219,1.988,1.9882,8.60,1.00
2008.07.25 14:56:53.860,1.988,1.9882,8.60,1.00
2008.07.25 14:56:54.610,1.988,1.98815,8.60,1.00
2008.07.25 14:56:55.709,1.98805,1.9882,1.60,1.00
2008.07.25 14:56:55.860,1.98805,1.98815,1.60,1.00
2008.07.25 14:56:58.471,1.9881,1.98815,2.70,1.00
2008.07.25 14:56:58.773,1.98805,1.9882,11.30,1.00
2008.07.25 14:56:58.943,1.98805,1.9882,11.30,1.00
2008.07.25 14:56:59.513,1.98805,1.98825,11.30,1.00
2008.07.25 14:57:00.225,1.98805,1.98825,11.30,1.00
2008.07.25 14:57:00.333,1.98805,1.98825,11.80,1.00
2008.07.25 14:57:02.510,1.9881,1.98825,8.10,1.00
2008.07.25 14:57:02.769,1.98805,1.98825,11.80,1.00
2008.07.25 14:57:03.679,1.9881,1.9883,4.80,6.00
2008.07.25 14:57:04.027,1.9881,1.9883,12.50,6.00
2008.07.25 14:57:04.378,1.98805,1.9883,11.80,6.00
2008.07.25 14:57:05.009,1.98805,1.9883,11.80,6.40
2008.07.25 14:57:05.175,1.98805,1.9883,11.80,6.60
2008.07.25 14:57:05.434,1.98805,1.9883,11.80,7.10
2008.07.25 14:57:05.581,1.98805,1.9883,11.80,7.80
2008.07.25 14:57:05.681,1.98805,1.98825,11.30,1.00
2008.07.25 14:57:07.630,1.98805,1.98825,11.30,1.00
2008.07.25 14:57:09.288,1.9881,1.98825,4.80,1.00
2008.07.25 14:57:09.518,1.98805,1.98825,11.80,1.00
2008.07.25 14:57:09.752,1.98805,1.98825,11.80,1.00
2008.07.25 14:57:10.050,1.98805,1.98825,11.30,1.00
2008.07.25 14:57:10.247,1.98805,1.98825,11.30,1.00
2008.07.25 14:57:10.557,1.98805,1.98825,11.80,1.00
2008.07.25 14:57:11.243,1.98805,1.98825,11.30,1.00
2008.07.25 14:57:11.337,1.98805,1.98825,11.30,1.00
2008.07.25 14:57:11.528,1.98805,1.98825,11.30,1.00
2008.07.25 14:57:12.193,1.98805,1.98825,11.30,1.00
2008.07.25 14:57:12.507,1.98805,1.98825,11.30,1.00
2008.07.25 14:57:13.967,1.9881,1.98825,4.80,1.00
2008.07.25 14:57:14.405,1.98815,1.9883,1.00,7.20
2008.07.25 14:57:14.596,1.9881,1.9883,9.70,7.10
2008.07.25 14:57:15.569,1.9881,1.9883,7.60,7.10
2008.07.25 14:57:18.339,1.9881,1.9882,8.20,1.00
2008.07.25 14:57:18.588,1.9881,1.9882,7.10,1.00
2008.07.25 14:57:18.985,1.98815,1.9882,1.00,3.70
2008.07.25 14:57:19.255,1.9881,1.9882,1.00,3.70
2008.07.25 14:57:20.594,1.9881,1.9882,1.00,3.90
2008.07.25 14:57:21.153,1.98805,1.9881,1.10,1.00
2008.07.25 14:57:23.563,1.9881,1.9882,1.30,3.70
2008.07.25 14:57:23.777,1.9881,1.9882,4.40,1.00
2008.07.25 14:57:24.522,1.98805,1.9882,4.40,1.00
2008.07.25 14:57:25.828,1.98805,1.9882,4.40,1.00
2008.07.25 14:57:25.997,1.98805,1.9882,3.90,1.40
2008.07.25 14:57:26.058,1.98805,1.9882,1.00,4.10
2008.07.25 14:57:26.153,1.9881,1.9882,1.00,4.10
2008.07.25 14:57:27.422,1.9881,1.9882,1.00,4.00
2008.07.25 14:57:27.628,1.98815,1.9882,1.00,1.00
2008.07.25 14:57:27.811,1.98805,1.9882,5.40,1.00
2008.07.25 14:57:31.404,1.98805,1.9882,4.40,1.00
2008.07.25 14:57:31.511,1.98805,1.9882,4.40,1.40
2008.07.25 14:57:31.622,1.988,1.9882,12.50,5.20
2008.07.25 14:57:31.731,1.98805,1.9882,1.30,5.20
2008.07.25 14:57:32.111,1.98805,1.9881,1.10,1.00
2008.07.25 14:57:32.397,1.98805,1.9881,1.00,1.00
2008.07.25 14:57:33.090,1.98805,1.9881,1.00,1.00
2008.07.25 14:57:33.602,1.988,1.9881,1.60,3.70
2008.07.25 14:57:33.932,1.988,1.9881,6.60,3.70
2008.07.25 14:57:34.263,1.98805,1.9882,1.30,5.50
2008.07.25 14:57:34.591,1.98805,1.9882,1.30,5.20
2008.07.25 14:57:36.799,1.98805,1.9882,1.30,4.90
2008.07.25 14:57:37.505,1.9881,1.9882,1.00,5.50
2008.07.25 14:57:37.599,1.9881,1.9882,1.00,5.40
2008.07.25 14:57:39.214,1.988,1.9881,4.30,1.00
2008.07.25 14:57:40.744,1.98795,1.98815,11.30,1.00
2008.07.25 14:57:43.290,1.98795,1.98815,8.10,1.00
2008.07.25 14:57:43.619,1.9879,1.9881,8.60,1.00
2008.07.25 14:57:43.949,1.98795,1.9881,10.10,1.00
2008.07.25 14:57:44.281,1.988,1.98815,3.20,1.00
2008.07.25 14:57:44.610,1.988,1.9881,3.20,1.00
2008.07.25 14:57:46.520,1.988,1.9882,3.70,1.00
2008.07.25 14:57:48.878,1.988,1.98815,3.20,1.00
2008.07.25 14:57:50.267,1.988,1.98815,3.20,1.00
2008.07.25 14:57:51.713,1.988,1.98815,3.20,1.00
2008.07.25 14:57:53.606,1.988,1.9881,3.20,1.00
2008.07.25 14:57:53.857,1.988,1.9881,2.70,1.00
2008.07.25 14:57:54.108,1.988,1.98815,3.20,2.10
2008.07.25 14:57:54.279,1.988,1.9881,3.20,1.00
2008.07.25 14:57:54.448,1.988,1.9882,3.70,1.00
2008.07.25 14:57:54.778,1.988,1.9881,3.20,1.00
2008.07.25 14:57:54.949,1.988,1.9881,2.70,1.00
2008.07.25 14:57:55.136,1.988,1.9881,2.70,1.00
2008.07.25 14:57:55.315,1.988,1.9881,3.20,1.00
2008.07.25 14:57:55.449,1.988,1.9882,3.70,1.00
2008.07.25 14:57:55.819,1.988,1.9882,3.20,1.00
2008.07.25 14:57:56.514,1.988,1.98815,3.20,1.00
2008.07.25 14:57:56.677,1.988,1.98815,3.20,1.00
2008.07.25 14:57:59.885,1.988,1.98815,3.20,1.00
2008.07.25 14:58:00.287,1.988,1.98815,3.20,1.00
2008.07.25 14:58:02.368,1.988,1.9881,3.20,1.00
2008.07.25 14:58:02.793,1.988,1.9881,3.20,1.00
2008.07.25 14:58:04.628,1.988,1.9881,3.20,1.00
2008.07.25 14:58:04.984,1.988,1.98815,3.20,1.60
2008.07.25 14:58:05.784,1.988,1.98815,3.20,2.10
2008.07.25 14:58:05.958,1.988,1.9881,1.00,3.30
2008.07.25 14:58:06.096,1.98795,1.988,1.00,1.00
2008.07.25 14:58:06.857,1.98795,1.988,1.00,1.00
2008.07.25 14:58:07.094,1.98795,1.988,1.00,3.70
2008.07.25 14:58:07.611,1.9879,1.988,2.70,3.70
2008.07.25 14:58:07.737,1.9879,1.988,2.70,1.00
2008.07.25 14:58:08.363,1.9879,1.988,2.70,3.70
2008.07.25 14:58:08.632,1.98785,1.988,1.00,1.00
2008.07.25 14:58:12.322,1.98785,1.9879,1.00,1.00
2008.07.25 14:58:12.538,1.98785,1.9879,1.00,1.00
2008.07.25 14:58:12.752,1.98785,1.9879,1.00,3.90
2008.07.25 14:58:13.408,1.9878,1.9879,3.20,1.00
2008.07.25 14:58:13.649,1.9878,1.9879,3.20,3.70
2008.07.25 14:58:14.342,1.9878,1.9879,2.70,3.70
2008.07.25 14:58:15.082,1.9878,1.98785,2.70,1.00
2008.07.25 14:58:16.342,1.988,1.9881,2.70,42.66
2008.07.25 14:58:16.578,1.98795,1.988,7.50,11.56
2008.07.25 14:58:16.810,1.98795,1.988,5.40,7.88
2008.07.25 14:58:17.045,1.98795,1.9881,2.10,4.08
2008.07.25 14:58:17.749,1.988,1.9881,1.00,1.00
2008.07.25 14:58:18.408,1.9879,1.98795,1.60,1.00
2008.07.25 14:58:18.976,1.9879,1.98795,4.30,1.00
2008.07.25 14:58:19.174,1.9879,1.98795,1.60,1.00
2008.07.25 14:58:20.541,1.9879,1.98795,1.00,1.00
2008.07.25 14:58:21.742,1.9878,1.98795,4.30,1.00
2008.07.25 14:58:23.163,1.9878,1.98795,3.20,2.10
2008.07.25 14:58:23.475,1.9878,1.98785,1.00,1.00
2008.07.25 14:58:23.782,1.9878,1.9879,1.00,3.20
2008.07.25 14:58:24.132,1.98775,1.98785,1.00,1.00
2008.07.25 14:58:24.484,1.98775,1.98785,1.00,1.00
2008.07.25 14:58:24.846,1.98775,1.98785,1.00,2.10
2008.07.25 14:58:27.823,1.98775,1.9879,1.00,1.00
2008.07.25 14:58:28.671,1.98775,1.9878,1.00,1.00
2008.07.25 14:58:29.026,1.98775,1.98785,1.00,2.70
2008.07.25 14:58:32.297,1.9878,1.98785,1.00,2.70
2008.07.25 14:58:32.537,1.9877,1.98785,3.20,2.70
2008.07.25 14:58:33.492,1.9877,1.98775,3.20,1.00
2008.07.25 14:58:33.749,1.9877,1.9878,2.70,2.20
2008.07.25 14:58:34.000,1.9876,1.9878,5.40,1.00
2008.07.25 14:58:35.458,1.9878,1.98785,1.00,1.50
2008.07.25 14:58:37.705,1.98775,1.9878,1.00,1.00
2008.07.25 14:58:39.199,1.9877,1.9878,1.00,1.00
2008.07.25 14:58:39.816,1.98775,1.9878,1.00,6.40
2008.07.25 14:58:40.028,1.98775,1.9878,1.00,6.60
2008.07.25 14:58:41.179,1.9877,1.98775,1.00,1.00
2008.07.25 14:58:42.262,1.9877,1.98775,1.00,1.00
2008.07.25 14:58:42.976,1.9877,1.9878,1.00,1.00
2008.07.25 14:58:44.006,1.98765,1.9878,1.60,6.30
2008.07.25 14:58:44.359,1.9877,1.9878,1.00,1.00
2008.07.25 14:58:45.425,1.98765,1.9878,1.60,6.20
2008.07.25 14:58:45.669,1.9877,1.9878,1.00,6.20
2008.07.25 14:58:45.796,1.9877,1.9878,1.00,1.00
2008.07.25 14:58:46.226,1.9877,1.98775,1.00,1.00
2008.07.25 14:58:46.956,1.9876,1.98775,3.70,1.00
2008.07.25 14:58:47.320,1.9876,1.9878,4.80,1.00
2008.07.25 14:58:49.477,1.9876,1.98775,4.80,1.00
2008.07.25 14:58:50.007,1.9876,1.9878,4.80,1.00
2008.07.25 14:58:50.363,1.9877,1.9878,1.00,1.00
2008.07.25 14:58:50.544,1.9877,1.9878,1.00,1.00
2008.07.25 14:58:50.988,1.9876,1.98775,4.30,1.00
2008.07.25 14:58:51.172,1.9876,1.9878,4.80,1.00
2008.07.25 14:58:51.310,1.9877,1.9878,1.00,1.00
2008.07.25 14:58:51.452,1.9876,1.98775,4.30,1.00
2008.07.25 14:58:51.593,1.9876,1.98775,4.80,1.00
2008.07.25 14:58:51.702,1.9877,1.9878,1.00,1.00
2008.07.25 14:58:52.773,1.98765,1.9878,1.00,1.00
2008.07.25 14:58:53.053,1.9877,1.9878,1.00,1.00
2008.07.25 14:58:53.826,1.9876,1.9878,8.10,6.30
2008.07.25 14:58:54.157,1.9877,1.9878,1.00,6.30
2008.07.25 14:58:54.473,1.9876,1.9878,3.70,1.00
2008.07.25 14:58:56.866,1.98765,1.9878,1.00,1.00
2008.07.25 14:58:56.992,1.9876,1.9877,3.20,1.00
2008.07.25 14:58:57.272,1.9876,1.9878,3.70,1.00
2008.07.25 14:58:58.929,1.9876,1.98775,3.70,1.00
2008.07.25 14:58:59.274,1.9876,1.9877,3.70,3.20
2008.07.25 14:58:59.802,1.9876,1.9877,3.20,3.20
2008.07.25 14:59:00.570,1.9876,1.9877,3.70,3.20
2008.07.25 14:59:00.751,1.9876,1.98765,3.70,1.00
2008.07.25 14:59:01.596,1.9876,1.9877,3.70,3.20
2008.07.25 14:59:01.732,1.9876,1.9878,3.70,1.00
2008.07.25 14:59:02.211,1.98765,1.9878,1.00,1.00
2008.07.25 14:59:02.481,1.9876,1.9878,3.70,1.00
2008.07.25 14:59:03.024,1.9876,1.9878,3.70,1.00
2008.07.25 14:59:04.393,1.9876,1.98775,3.70,2.10
2008.07.25 14:59:04.576,1.98755,1.9876,6.50,1.00
2008.07.25 14:59:04.916,1.98755,1.9876,6.00,1.00
2008.07.25 14:59:05.128,1.9876,1.9877,3.20,3.70
2008.07.25 14:59:05.303,1.9876,1.9877,1.00,3.70
2008.07.25 14:59:05.481,1.9876,1.9877,1.00,4.30
2008.07.25 14:59:05.684,1.98755,1.9877,1.00,1.00
2008.07.25 14:59:05.862,1.9875,1.9877,3.70,1.00
2008.07.25 14:59:07.085,1.9875,1.98765,3.70,1.00
2008.07.25 14:59:07.261,1.9875,1.98765,3.20,1.00
2008.07.25 14:59:07.440,1.9875,1.98765,3.20,1.00
2008.07.25 14:59:07.619,1.9875,1.9876,3.70,1.00
2008.07.25 14:59:07.901,1.9875,1.9876,1.00,3.20
2008.07.25 14:59:08.438,1.9875,1.9876,1.00,3.30
2008.07.25 14:59:08.719,1.9875,1.9876,1.00,3.30
2008.07.25 14:59:09.001,1.9875,1.98755,1.00,1.00
2008.07.25 14:59:09.299,1.9875,1.98755,1.00,1.00
2008.07.25 14:59:09.583,1.9876,1.98765,1.00,1.00
2008.07.25 14:59:09.731,1.9875,1.9877,3.70,1.00
2008.07.25 14:59:09.878,1.9875,1.98765,2.70,1.00
2008.07.25 14:59:10.028,1.9875,1.98765,1.00,1.00
2008.07.25 14:59:10.201,1.9875,1.9877,1.00,1.00
2008.07.25 14:59:13.169,1.9875,1.9877,3.70,1.00
2008.07.25 14:59:24.757,1.9875,1.98755,3.20,1.00
2008.07.25 14:59:25.014,1.9875,1.9876,3.20,1.00
2008.07.25 14:59:25.497,1.9875,1.9876,3.20,1.00
2008.07.25 14:59:26.165,1.9875,1.98765,3.20,1.60
2008.07.25 14:59:27.174,1.9875,1.9876,3.20,1.00
2008.07.25 14:59:27.626,1.9875,1.9876,3.20,1.40
2008.07.25 14:59:27.689,1.9875,1.98755,3.20,1.00
2008.07.25 14:59:29.234,1.9875,1.98765,3.20,1.60
2008.07.25 14:59:29.567,1.9875,1.98755,3.20,1.00
2008.07.25 14:59:29.917,1.9875,1.98765,3.20,2.10
2008.07.25 14:59:30.037,1.98745,1.9875,6.00,1.00
2008.07.25 14:59:30.152,1.9875,1.9876,2.70,3.20
2008.07.25 14:59:30.475,1.9875,1.9876,2.70,3.20
2008.07.25 14:59:30.682,1.9875,1.9876,1.00,3.20
2008.07.25 14:59:30.913,1.9875,1.9876,3.70,1.00
2008.07.25 14:59:31.202,1.9875,1.98755,3.70,1.00
2008.07.25 14:59:31.956,1.9875,1.98755,3.70,1.00
2008.07.25 14:59:32.179,1.9874,1.9875,1.00,3.20
2008.07.25 14:59:32.598,1.9874,1.9875,1.00,4.30
2008.07.25 14:59:32.814,1.9874,1.9875,1.00,5.40
2008.07.25 14:59:33.025,1.9874,1.9875,1.00,1.00
2008.07.25 14:59:33.992,1.98735,1.9875,1.00,1.00
2008.07.25 14:59:34.387,1.9873,1.9874,3.20,1.00
2008.07.25 14:59:34.744,1.9873,1.9874,7.50,1.00
2008.07.25 14:59:35.103,1.9873,1.9874,3.20,2.70
2008.07.25 14:59:35.255,1.9873,1.98735,5.90,1.00
2008.07.25 14:59:35.403,1.9873,1.98735,5.40,1.00
2008.07.25 14:59:35.554,1.98725,1.98735,1.00,1.00
2008.07.25 14:59:36.707,1.98725,1.9873,1.00,3.50
2008.07.25 14:59:37.047,1.9872,1.9873,3.70,1.00
2008.07.25 14:59:37.152,1.9872,1.9873,3.70,1.00
2008.07.25 14:59:37.261,1.9872,1.9873,1.00,4.70
2008.07.25 14:59:37.741,1.9872,1.9873,3.70,1.40
2008.07.25 14:59:38.306,1.9872,1.9873,3.70,1.30
2008.07.25 14:59:38.562,1.9872,1.9873,3.70,1.00
2008.07.25 14:59:38.811,1.9873,1.98735,1.00,1.00
2008.07.25 14:59:39.099,1.9872,1.9873,3.20,1.00
2008.07.25 14:59:39.455,1.9872,1.9873,7.50,1.00
2008.07.25 14:59:39.861,1.9873,1.9874,1.00,5.50
2008.07.25 14:59:40.213,1.9872,1.98735,3.20,1.00
2008.07.25 14:59:40.349,1.9872,1.98735,7.50,1.00
2008.07.25 14:59:40.602,1.9873,1.98735,1.00,1.00
2008.07.25 14:59:40.731,1.9873,1.98735,3.70,1.00
2008.07.25 14:59:41.020,1.9873,1.9874,3.70,1.30
2008.07.25 14:59:41.156,1.9873,1.9874,3.70,1.20
2008.07.25 14:59:41.290,1.9873,1.9874,3.70,1.00
2008.07.25 14:59:41.730,1.9873,1.9874,3.70,1.20
2008.07.25 14:59:42.133,1.9873,1.9874,1.00,4.40
2008.07.25 14:59:42.532,1.9873,1.9874,1.00,5.50
2008.07.25 14:59:42.921,1.9873,1.9874,1.00,4.30
2008.07.25 14:59:43.316,1.9873,1.9874,1.00,4.40
2008.07.25 14:59:43.673,1.9873,1.9874,1.00,4.40
2008.07.25 14:59:43.861,1.9873,1.9874,1.00,4.30
2008.07.25 14:59:44.056,1.9873,1.9874,1.00,4.40
2008.07.25 14:59:44.262,1.9873,1.9874,1.00,4.30
2008.07.25 14:59:45.450,1.9873,1.9874,1.00,4.40
2008.07.25 14:59:45.883,1.9873,1.9874,1.00,4.70
2008.07.25 14:59:48.459,1.9873,1.98735,1.00,1.00
2008.07.25 14:59:49.079,1.9873,1.98735,1.00,1.00
2008.07.25 14:59:49.474,1.9873,1.98735,8.10,1.00
2008.07.25 14:59:49.719,1.9874,1.98745,1.00,1.20
2008.07.25 14:59:49.959,1.9874,1.9875,1.00,7.90
2008.07.25 14:59:50.199,1.9874,1.98755,3.70,1.00
2008.07.25 14:59:50.439,1.9874,1.98755,4.80,1.00
2008.07.25 14:59:50.681,1.9874,1.98755,3.70,1.00
2008.07.25 14:59:52.228,1.9874,1.98755,10.20,1.00
2008.07.25 14:59:52.622,1.9874,1.98755,3.70,1.00
2008.07.25 14:59:53.054,1.9874,1.9875,3.70,1.00
2008.07.25 14:59:53.309,1.9874,1.9875,1.00,3.20
2008.07.25 14:59:54.477,1.9874,1.9875,1.00,3.20
2008.07.25 14:59:55.343,1.9874,1.9875,3.70,1.00
2008.07.25 14:59:57.546,1.9874,1.9875,3.70,1.00
2008.07.25 14:59:57.702,1.9873,1.9875,3.70,1.00
2008.07.25 14:59:58.278,1.9873,1.98745,3.70,1.00
2008.07.25 14:59:58.570,1.9873,1.98745,3.20,1.00
2008.07.25 14:59:58.869,1.9873,1.9875,3.70,1.00
