2010.03.15 04:00:06.540,1.5159,1.51605,3.10,1.00
2010.03.15 04:00:14.110,1.5159,1.51605,3.60,1.00
2010.03.15 04:00:42.231,1.5159,1.51605,3.10,1.00
2010.03.15 04:00:55.570,1.5159,1.51605,0.10,1.00
2010.03.15 04:01:42.755,1.5159,1.51605,0.30,1.00
2010.03.15 04:01:46.710,1.5159,1.51605,3.10,1.00
2010.03.15 04:02:00.964,1.5159,1.51605,0.10,1.00
2010.03.15 04:02:13.261,1.51585,1.51605,6.30,1.00
2010.03.15 04:02:14.829,1.51585,1.51605,9.50,1.00
2010.03.15 04:02:15.026,1.5159,1.51605,1.00,1.00
2010.03.15 04:02:22.986,1.5159,1.51605,2.10,1.00
2010.03.15 04:02:26.539,1.5159,1.51605,5.70,1.00
2010.03.15 04:02:26.719,1.516,1.51615,1.00,2.60
2010.03.15 04:02:26.899,1.516,1.5162,1.00,4.80
2010.03.15 04:02:27.078,1.516,1.5162,1.00,2.40
2010.03.15 04:02:29.630,1.516,1.5162,1.00,2.40
2010.03.15 04:02:29.973,1.516,1.5162,1.00,2.40
2010.03.15 04:02:30.321,1.51595,1.5162,1.00,6.40
2010.03.15 04:02:30.670,1.5159,1.51615,1.70,2.40
2010.03.15 04:02:31.019,1.5159,1.51615,2.50,2.40
2010.03.15 04:02:31.360,1.516,1.5162,1.00,6.40
2010.03.15 04:02:31.710,1.516,1.5162,1.00,4.80
2010.03.15 04:02:34.574,1.516,1.5162,1.00,6.40
2010.03.15 04:02:34.678,1.516,1.51615,1.00,2.40
2010.03.15 04:02:35.237,1.516,1.5162,1.00,4.00
2010.03.15 04:02:37.723,1.516,1.5162,1.00,2.40
2010.03.15 04:02:39.812,1.5159,1.5162,6.50,2.40
2010.03.15 04:02:40.106,1.5159,1.5162,6.50,6.40
2010.03.15 04:02:40.399,1.5159,1.51615,1.60,2.40
2010.03.15 04:02:41.036,1.5159,1.51615,1.70,2.40
2010.03.15 04:02:41.717,1.5159,1.51615,7.30,2.40
2010.03.15 04:02:41.837,1.516,1.5162,1.00,2.40
2010.03.15 04:02:44.345,1.516,1.5162,1.00,4.00
2010.03.15 04:02:44.744,1.516,1.5162,1.00,8.00
2010.03.15 04:02:45.868,1.51595,1.51615,1.00,2.40
2010.03.15 04:02:47.534,1.51595,1.5161,1.00,1.00
2010.03.15 04:02:47.664,1.51595,1.51605,1.00,2.40
2010.03.15 04:02:47.795,1.51585,1.51605,1.00,2.40
2010.03.15 04:02:48.204,1.51585,1.51605,1.00,2.40
2010.03.15 04:02:48.442,1.51585,1.51605,1.00,3.10
2010.03.15 04:02:49.593,1.51585,1.51605,1.00,2.80
2010.03.15 04:02:50.471,1.51585,1.51605,1.00,2.40
2010.03.15 04:02:53.040,1.51585,1.51605,1.00,2.60
2010.03.15 04:02:55.192,1.51585,1.5161,1.00,2.50
2010.03.15 04:02:55.432,1.51585,1.5161,2.70,1.00
2010.03.15 04:02:57.271,1.51585,1.5161,5.90,1.00
2010.03.15 04:03:02.668,1.51585,1.51605,5.80,1.70
2010.03.15 04:03:02.892,1.51585,1.516,1.80,2.40
2010.03.15 04:03:03.011,1.5158,1.516,1.00,2.40
2010.03.15 04:03:04.300,1.5158,1.51595,1.00,2.40
2010.03.15 04:03:06.762,1.51575,1.51595,1.50,2.40
2010.03.15 04:03:08.277,1.5158,1.51595,1.00,2.40
2010.03.15 04:03:09.737,1.51585,1.51595,1.00,2.40
2010.03.15 04:03:10.159,1.51595,1.5161,1.00,1.70
2010.03.15 04:03:10.397,1.51595,1.5161,1.00,1.00
2010.03.15 04:03:13.502,1.51595,1.5162,2.60,1.90
2010.03.15 04:03:13.676,1.51595,1.51625,2.60,6.20
2010.03.15 04:03:13.848,1.51595,1.51625,2.60,4.10
2010.03.15 04:03:14.016,1.51605,1.51625,1.00,4.10
2010.03.15 04:03:14.617,1.51605,1.5161,1.00,1.00
2010.03.15 04:03:14.877,1.51585,1.5161,4.10,2.50
2010.03.15 04:03:15.137,1.51585,1.51605,1.00,2.40
2010.03.15 04:03:24.634,1.51585,1.51605,1.00,2.50
2010.03.15 04:03:24.852,1.51585,1.51605,1.00,2.40
2010.03.15 04:03:31.499,1.5159,1.51605,1.00,2.40
2010.03.15 04:03:31.864,1.51595,1.51615,1.00,4.10
2010.03.15 04:03:35.359,1.51595,1.5161,1.00,1.00
2010.03.15 04:03:35.552,1.51585,1.51605,3.50,2.40
2010.03.15 04:03:35.821,1.51585,1.51605,1.00,2.40
2010.03.15 04:03:37.960,1.51585,1.51605,1.00,2.40
2010.03.15 04:03:38.668,1.51585,1.51605,1.00,2.40
2010.03.15 04:03:44.647,1.5158,1.51605,3.60,2.50
2010.03.15 04:03:44.726,1.51585,1.51605,1.00,2.50
2010.03.15 04:03:48.579,1.51585,1.516,1.00,2.50
2010.03.15 04:03:48.647,1.51575,1.516,4.70,2.50
2010.03.15 04:03:48.717,1.51575,1.516,3.10,2.50
2010.03.15 04:03:48.927,1.51575,1.516,3.10,4.10
2010.03.15 04:03:49.137,1.51575,1.516,3.10,6.50
2010.03.15 04:03:49.367,1.51575,1.51595,3.10,2.40
2010.03.15 04:03:57.475,1.51575,1.51595,3.00,2.50
2010.03.15 04:03:57.615,1.51575,1.51595,1.40,2.50
2010.03.15 04:03:58.252,1.51575,1.51595,1.40,1.00
2010.03.15 04:03:58.778,1.51575,1.51595,1.40,2.40
2010.03.15 04:03:59.039,1.51575,1.51595,1.40,2.50
2010.03.15 04:04:03.477,1.51575,1.51595,1.50,2.40
2010.03.15 04:04:03.630,1.51575,1.51595,1.40,1.00
2010.03.15 04:04:04.075,1.51575,1.51595,1.40,2.50
2010.03.15 04:04:19.833,1.5157,1.51595,6.60,2.40
2010.03.15 04:04:27.342,1.51575,1.51595,1.40,4.10
2010.03.15 04:04:27.438,1.51575,1.5159,1.40,2.40
2010.03.15 04:04:30.242,1.51575,1.5159,1.50,2.40
2010.03.15 04:04:30.283,1.51575,1.51595,1.50,6.40
2010.03.15 04:04:30.333,1.51575,1.51595,1.50,4.80
2010.03.15 04:04:30.352,1.51575,1.51595,1.50,2.40
2010.03.15 04:04:43.912,1.51575,1.516,1.50,4.10
2010.03.15 04:04:44.015,1.51575,1.516,1.50,2.50
2010.03.15 04:05:16.116,1.51575,1.516,1.50,4.10
2010.03.15 04:05:16.944,1.51575,1.516,1.50,2.50
2010.03.15 04:05:30.393,1.51575,1.516,1.40,2.40
2010.03.15 04:05:31.171,1.51575,1.516,1.40,4.00
2010.03.15 04:05:31.511,1.51575,1.51595,1.40,2.40
2010.03.15 04:06:00.933,1.51575,1.51595,1.40,2.50
2010.03.15 04:06:05.064,1.51575,1.51595,1.50,2.40
2010.03.15 04:06:29.290,1.51575,1.51595,1.40,2.50
2010.03.15 04:06:31.318,1.51575,1.51595,1.40,1.00
2010.03.15 04:06:36.305,1.51575,1.51595,1.40,1.70
2010.03.15 04:06:36.641,1.51565,1.51595,1.70,4.10
2010.03.15 04:06:36.954,1.51565,1.51585,1.00,1.00
2010.03.15 04:06:37.367,1.5156,1.51585,1.00,3.30
2010.03.15 04:06:37.656,1.5156,1.5158,1.00,2.40
2010.03.15 04:06:37.942,1.5156,1.51585,1.80,2.30
2010.03.15 04:06:38.220,1.5156,1.51585,4.20,2.30
2010.03.15 04:06:38.497,1.5156,1.51585,1.80,4.70
2010.03.15 04:06:39.180,1.51565,1.51585,1.00,4.70
2010.03.15 04:06:39.529,1.5157,1.51585,1.00,1.00
2010.03.15 04:06:39.657,1.5157,1.51595,1.00,6.50
2010.03.15 04:06:39.917,1.5157,1.51595,1.00,5.90
2010.03.15 04:06:40.306,1.51565,1.51595,2.60,5.80
2010.03.15 04:06:40.436,1.51565,1.51595,2.70,5.90
2010.03.15 04:06:40.777,1.51565,1.51595,2.70,6.50
2010.03.15 04:06:41.797,1.5157,1.51595,1.00,6.50
2010.03.15 04:06:45.843,1.5157,1.5159,1.00,1.60
2010.03.15 04:06:51.425,1.5157,1.51595,1.00,2.50
2010.03.15 04:06:51.771,1.5157,1.51595,3.30,2.90
2010.03.15 04:06:52.110,1.51575,1.51595,1.00,3.10
2010.03.15 04:06:53.445,1.51575,1.51595,1.00,1.00
2010.03.15 04:06:54.126,1.51575,1.516,1.00,5.60
2010.03.15 04:06:54.487,1.5158,1.516,1.00,5.60
2010.03.15 04:06:55.218,1.51585,1.516,1.00,4.00
2010.03.15 04:06:55.572,1.5158,1.516,1.00,4.00
2010.03.15 04:06:56.021,1.5158,1.516,1.00,2.40
2010.03.15 04:06:56.359,1.51575,1.516,1.00,2.40
2010.03.15 04:06:56.707,1.51575,1.51605,1.00,10.50
2010.03.15 04:06:57.057,1.5157,1.516,4.10,3.20
2010.03.15 04:06:57.404,1.5157,1.51595,4.10,1.00
2010.03.15 04:06:58.672,1.5157,1.516,4.00,3.90
2010.03.15 04:07:00.329,1.51575,1.51595,1.00,1.00
2010.03.15 04:07:00.601,1.51575,1.516,1.00,5.60
2010.03.15 04:07:00.942,1.51575,1.516,2.50,3.20
2010.03.15 04:07:01.284,1.51575,1.516,2.50,1.60
2010.03.15 04:07:01.622,1.51575,1.51605,2.50,6.50
2010.03.15 04:07:02.811,1.51575,1.51605,2.70,6.50
2010.03.15 04:07:05.149,1.51575,1.51605,2.50,6.50
2010.03.15 04:07:06.789,1.51575,1.5161,5.70,10.90
2010.03.15 04:07:08.418,1.51575,1.51605,4.10,6.50
2010.03.15 04:07:10.289,1.5158,1.51605,1.00,6.50
2010.03.15 04:07:10.459,1.5158,1.51605,1.00,4.10
2010.03.15 04:07:10.629,1.5158,1.51605,1.00,2.50
2010.03.15 04:07:10.798,1.5158,1.51605,1.00,2.10
2010.03.15 04:07:11.139,1.5158,1.51605,1.70,2.10
2010.03.15 04:07:16.455,1.5158,1.51605,1.70,2.50
2010.03.15 04:07:17.139,1.5158,1.51605,1.00,2.50
2010.03.15 04:07:17.309,1.51575,1.51605,5.90,2.50
2010.03.15 04:07:17.480,1.51575,1.51605,5.90,4.90
2010.03.15 04:07:17.649,1.51575,1.51605,5.70,4.90
2010.03.15 04:07:17.822,1.5158,1.51605,1.00,4.90
2010.03.15 04:07:18.101,1.5158,1.51605,1.00,3.30
2010.03.15 04:07:18.607,1.5158,1.51605,1.00,4.50
2010.03.15 04:07:18.949,1.51575,1.51605,4.30,5.90
2010.03.15 04:07:19.288,1.5158,1.51605,1.00,6.50
2010.03.15 04:07:19.457,1.5158,1.51605,1.00,4.90
2010.03.15 04:07:19.797,1.5158,1.51605,1.00,6.50
2010.03.15 04:07:22.891,1.5158,1.516,1.00,2.40
2010.03.15 04:07:23.186,1.5158,1.51595,1.00,1.00
2010.03.15 04:07:23.214,1.5158,1.51595,1.00,3.10
2010.03.15 04:07:23.894,1.5158,1.51595,1.00,1.00
2010.03.15 04:07:32.514,1.51575,1.51595,1.00,1.00
2010.03.15 04:07:32.794,1.51575,1.51595,1.00,1.00
2010.03.15 04:07:37.093,1.5158,1.51595,1.00,1.00
2010.03.15 04:07:39.133,1.5158,1.51605,1.00,6.50
2010.03.15 04:07:49.298,1.51585,1.51605,1.00,6.30
2010.03.15 04:07:49.399,1.51585,1.51605,1.00,3.10
2010.03.15 04:07:49.500,1.51585,1.51605,1.00,2.30
2010.03.15 04:07:49.601,1.51585,1.516,1.00,1.00
2010.03.15 04:07:49.871,1.51585,1.516,1.00,2.50
2010.03.15 04:07:50.001,1.51575,1.51595,6.10,1.00
2010.03.15 04:07:50.130,1.51585,1.51595,1.00,1.00
2010.03.15 04:07:50.262,1.5158,1.516,2.40,1.00
2010.03.15 04:07:50.391,1.51575,1.516,5.30,2.50
2010.03.15 04:07:50.520,1.51575,1.516,2.90,2.50
2010.03.15 04:07:50.650,1.51575,1.516,2.10,2.70
2010.03.15 04:07:50.910,1.5158,1.51595,1.00,1.00
2010.03.15 04:07:51.251,1.5158,1.51595,1.00,1.00
2010.03.15 04:07:54.230,1.5158,1.51605,1.00,6.50
2010.03.15 04:07:55.312,1.51575,1.51605,4.50,6.50
2010.03.15 04:07:55.658,1.51575,1.51595,2.90,1.00
2010.03.15 04:07:58.701,1.5158,1.51595,1.00,1.00
2010.03.15 04:07:59.034,1.5158,1.51605,1.00,6.50
2010.03.15 04:08:00.586,1.5158,1.51605,1.00,6.30
2010.03.15 04:08:03.804,1.5158,1.51605,1.00,6.50
2010.03.15 04:08:04.144,1.51575,1.51605,2.90,6.50
2010.03.15 04:08:08.354,1.51575,1.51595,2.90,1.00
2010.03.15 04:08:09.273,1.51575,1.51595,2.50,1.00
2010.03.15 04:08:09.471,1.51575,1.51595,1.00,1.00
2010.03.15 04:08:09.569,1.51575,1.516,1.00,4.00
2010.03.15 04:08:09.664,1.51575,1.516,1.00,5.60
2010.03.15 04:08:09.765,1.51575,1.51595,1.00,1.00
2010.03.15 04:08:09.867,1.51575,1.51595,1.00,3.10
2010.03.15 04:08:10.067,1.51575,1.5159,1.00,2.40
2010.03.15 04:08:12.814,1.51565,1.51585,1.70,1.00
2010.03.15 04:08:12.926,1.51565,1.51585,1.00,1.00
2010.03.15 04:08:17.532,1.5156,1.51585,5.60,1.00
2010.03.15 04:08:17.674,1.5156,1.51585,1.60,3.10
2010.03.15 04:08:19.564,1.51565,1.51585,1.00,1.00
2010.03.15 04:08:20.502,1.5156,1.51585,5.70,1.00
2010.03.15 04:08:20.652,1.5156,1.51585,3.30,3.10
2010.03.15 04:08:22.523,1.51565,1.51585,1.00,1.00
2010.03.15 04:08:24.371,1.51565,1.51585,1.00,1.00
2010.03.15 04:08:24.552,1.5157,1.5159,2.40,1.60
2010.03.15 04:08:24.642,1.5157,1.51595,2.40,3.90
2010.03.15 04:08:24.823,1.5157,1.51595,1.00,4.00
2010.03.15 04:08:24.911,1.5157,1.516,1.00,9.60
2010.03.15 04:08:30.548,1.51575,1.51595,1.00,2.40
2010.03.15 04:08:30.893,1.51575,1.516,1.00,2.40
2010.03.15 04:08:32.179,1.51575,1.51605,1.00,10.30
2010.03.15 04:08:36.539,1.51575,1.516,1.00,2.40
2010.03.15 04:08:37.909,1.51575,1.516,1.70,2.40
2010.03.15 04:08:38.144,1.5158,1.516,1.00,2.40
2010.03.15 04:08:38.347,1.5158,1.516,1.70,2.40
2010.03.15 04:08:38.816,1.51585,1.51605,1.00,5.40
2010.03.15 04:08:39.167,1.51595,1.51605,3.30,2.40
2010.03.15 04:08:39.514,1.516,1.51625,1.00,8.00
2010.03.15 04:08:39.861,1.516,1.5162,1.00,2.40
2010.03.15 04:08:40.188,1.5159,1.51615,4.70,2.40
2010.03.15 04:08:40.499,1.5159,1.51615,3.90,2.40
2010.03.15 04:08:41.117,1.5159,1.51615,3.90,4.00
2010.03.15 04:08:42.818,1.5159,1.51615,2.30,4.00
2010.03.15 04:08:42.989,1.51585,1.51615,7.50,8.90
2010.03.15 04:08:43.333,1.5159,1.5161,1.00,4.00
2010.03.15 04:08:43.670,1.5159,1.5161,1.00,4.30
2010.03.15 04:08:43.838,1.5159,1.51605,1.00,1.00
2010.03.15 04:08:44.179,1.51585,1.51605,1.00,4.30
2010.03.15 04:08:48.017,1.5159,1.51605,1.00,2.70
2010.03.15 04:08:48.168,1.5159,1.51605,1.00,2.40
2010.03.15 04:08:49.144,1.51585,1.51605,1.00,4.00
2010.03.15 04:08:49.328,1.51585,1.516,1.00,2.40
2010.03.15 04:08:52.095,1.5158,1.516,1.00,4.00
2010.03.15 04:08:53.650,1.51575,1.516,4.80,4.30
2010.03.15 04:08:54.214,1.5158,1.516,1.00,4.40
2010.03.15 04:08:54.773,1.5158,1.516,1.00,4.40
2010.03.15 04:08:55.053,1.5158,1.516,1.00,4.30
2010.03.15 04:08:55.613,1.51575,1.516,3.20,4.30
2010.03.15 04:08:58.122,1.51575,1.516,1.70,4.40
2010.03.15 04:09:01.623,1.51575,1.516,1.00,4.40
2010.03.15 04:09:01.963,1.5157,1.516,7.20,4.30
2010.03.15 04:09:04.472,1.5157,1.516,7.20,4.40
2010.03.15 04:09:04.663,1.5157,1.5159,4.00,1.60
2010.03.15 04:09:04.787,1.5157,1.5159,2.40,1.60
2010.03.15 04:09:05.026,1.51565,1.5159,3.20,4.30
2010.03.15 04:09:08.529,1.51565,1.5159,3.30,4.30
2010.03.15 04:09:08.629,1.51565,1.5159,4.90,4.30
2010.03.15 04:09:08.822,1.51565,1.5159,7.30,1.00
2010.03.15 04:09:09.021,1.51565,1.51595,7.30,6.70
2010.03.15 04:09:09.120,1.51565,1.51595,7.30,6.50
2010.03.15 04:09:12.760,1.51565,1.51595,7.30,6.10
2010.03.15 04:09:13.169,1.51565,1.51595,7.20,6.10
2010.03.15 04:09:14.881,1.5157,1.51595,1.00,6.10
2010.03.15 04:09:15.121,1.5157,1.51595,1.00,6.30
2010.03.15 04:09:15.241,1.5157,1.5159,1.00,1.60
2010.03.15 04:09:15.368,1.5157,1.5159,1.00,4.00
2010.03.15 04:09:17.721,1.5156,1.51585,7.30,1.90
2010.03.15 04:09:18.049,1.51555,1.5158,4.80,4.30
2010.03.15 04:09:18.385,1.51555,1.5158,1.60,4.30
2010.03.15 04:09:23.249,1.51555,1.5158,1.60,2.40
2010.03.15 04:09:23.490,1.51555,1.5158,3.20,2.40
2010.03.15 04:09:23.610,1.5156,1.51585,1.00,4.00
2010.03.15 04:09:24.439,1.5156,1.51585,1.70,4.00
2010.03.15 04:09:24.751,1.51575,1.5159,1.00,4.00
2010.03.15 04:09:25.055,1.51575,1.516,1.00,4.40
2010.03.15 04:09:25.231,1.51575,1.516,1.00,4.10
2010.03.15 04:09:26.460,1.51575,1.51595,1.00,2.40
2010.03.15 04:09:26.801,1.51575,1.516,1.60,4.00
2010.03.15 04:09:28.477,1.5157,1.51595,7.20,1.00
2010.03.15 04:09:28.682,1.5157,1.51595,5.60,1.00
2010.03.15 04:09:28.877,1.5157,1.51595,5.60,2.50
2010.03.15 04:09:29.067,1.5157,1.51595,3.20,4.90
2010.03.15 04:09:30.177,1.5157,1.51595,1.60,4.90
2010.03.15 04:09:30.434,1.51565,1.5159,5.70,4.00
2010.03.15 04:09:30.590,1.5156,1.51585,4.80,4.00
2010.03.15 04:09:30.739,1.5156,1.5158,3.20,1.60
2010.03.15 04:09:30.888,1.51555,1.5158,7.20,1.60
2010.03.15 04:09:31.039,1.51555,1.5158,4.80,4.00
2010.03.15 04:09:32.019,1.51555,1.5158,3.20,4.00
2010.03.15 04:09:32.445,1.5155,1.5158,7.30,4.00
2010.03.15 04:09:38.363,1.51555,1.5158,1.60,4.00
2010.03.15 04:09:38.604,1.5155,1.5158,7.20,4.00
2010.03.15 04:09:38.927,1.51555,1.5158,4.80,4.00
2010.03.15 04:09:39.270,1.5156,1.51585,1.00,5.80
2010.03.15 04:09:39.621,1.5156,1.51585,3.30,2.40
2010.03.15 04:09:43.063,1.5156,1.51585,4.90,2.40
2010.03.15 04:09:43.186,1.5156,1.5159,7.30,2.40
2010.03.15 04:09:47.171,1.51565,1.5159,1.60,2.40
2010.03.15 04:09:47.636,1.51565,1.5159,3.30,2.40
2010.03.15 04:09:52.863,1.5157,1.5159,1.60,2.40
2010.03.15 04:09:53.229,1.51575,1.51595,1.00,4.00
2010.03.15 04:09:53.355,1.5157,1.51595,1.60,5.60
2010.03.15 04:09:53.481,1.5157,1.51595,1.60,3.20
2010.03.15 04:09:53.723,1.5157,1.51595,3.20,1.60
2010.03.15 04:09:59.790,1.5157,1.51595,3.20,4.00
2010.03.15 04:10:04.229,1.5157,1.51595,3.20,1.60
2010.03.15 04:10:07.780,1.5157,1.51595,4.80,1.60
2010.03.15 04:10:08.258,1.5157,1.51595,4.80,4.00
2010.03.15 04:10:09.859,1.5157,1.51595,3.20,4.00
2010.03.15 04:10:10.118,1.5157,1.51595,3.20,1.60
2010.03.15 04:10:15.034,1.5157,1.51595,4.80,1.60
2010.03.15 04:10:15.209,1.5157,1.51595,4.80,4.00
2010.03.15 04:10:15.571,1.5157,1.51595,3.20,4.00
2010.03.15 04:10:16.088,1.5157,1.51595,3.20,1.60
2010.03.15 04:10:17.447,1.5157,1.516,3.20,8.30
2010.03.15 04:10:17.676,1.5157,1.516,5.60,5.60
2010.03.15 04:10:28.326,1.5157,1.516,5.60,5.70
2010.03.15 04:10:28.441,1.5157,1.516,5.60,5.60
2010.03.15 04:10:32.381,1.5157,1.516,7.20,5.60
2010.03.15 04:10:34.560,1.5157,1.51595,7.20,1.00
2010.03.15 04:10:59.113,1.5157,1.516,7.20,5.60
2010.03.15 04:11:05.422,1.5157,1.516,7.20,4.00
2010.03.15 04:11:17.542,1.5157,1.516,4.80,1.60
2010.03.15 04:11:28.377,1.51575,1.516,1.00,1.70
2010.03.15 04:11:28.498,1.5157,1.516,4.80,3.20
2010.03.15 04:11:32.577,1.5157,1.516,4.80,1.60
2010.03.15 04:11:32.776,1.5157,1.516,4.90,1.60
2010.03.15 04:12:01.611,1.5157,1.516,4.90,3.20
2010.03.15 04:12:01.951,1.5157,1.516,4.80,3.20
2010.03.15 04:12:05.967,1.5157,1.516,4.90,3.20
2010.03.15 04:12:08.157,1.5157,1.516,4.80,3.20
2010.03.15 04:12:12.936,1.5157,1.516,4.90,3.20
2010.03.15 04:12:13.366,1.5157,1.516,4.90,1.60
2010.03.15 04:12:18.328,1.5157,1.516,4.80,3.20
2010.03.15 04:12:23.696,1.5157,1.516,4.90,3.20
2010.03.15 04:12:23.915,1.5158,1.516,1.00,1.60
2010.03.15 04:12:37.161,1.51575,1.516,3.40,1.60
2010.03.15 04:12:38.202,1.51575,1.516,3.40,4.00
2010.03.15 04:12:38.351,1.51575,1.516,3.40,2.40
2010.03.15 04:12:44.860,1.51575,1.516,1.80,2.40
2010.03.15 04:12:44.939,1.51575,1.516,1.00,2.40
2010.03.15 04:12:45.119,1.5157,1.516,7.20,2.40
2010.03.15 04:12:58.075,1.51575,1.516,1.00,2.40
2010.03.15 04:13:20.116,1.5157,1.516,7.20,2.40
2010.03.15 04:13:21.781,1.51575,1.516,1.00,2.40
2010.03.15 04:13:23.421,1.51575,1.516,1.80,2.40
2010.03.15 04:13:23.561,1.51575,1.516,3.40,2.40
2010.03.15 04:13:23.701,1.51575,1.51605,5.80,4.70
2010.03.15 04:13:23.982,1.51575,1.51605,5.80,4.60
2010.03.15 04:13:24.120,1.51575,1.51605,7.40,4.60
2010.03.15 04:13:24.660,1.51575,1.51605,5.80,4.60
2010.03.15 04:13:30.788,1.51575,1.51605,5.60,4.70
2010.03.15 04:13:30.888,1.51575,1.51605,5.60,6.50
2010.03.15 04:13:30.990,1.51575,1.516,1.60,2.40
2010.03.15 04:13:31.090,1.5157,1.516,7.20,2.40
2010.03.15 04:13:31.190,1.5157,1.516,5.60,4.00
2010.03.15 04:13:31.390,1.5157,1.51595,1.60,2.40
2010.03.15 04:13:32.075,1.51565,1.5159,4.90,2.40
2010.03.15 04:13:32.422,1.51565,1.51585,1.00,2.40
2010.03.15 04:13:32.701,1.51555,1.5158,3.20,2.40
2010.03.15 04:13:32.982,1.51555,1.5158,1.60,2.40
2010.03.15 04:13:33.261,1.5156,1.5158,1.00,2.40
2010.03.15 04:13:33.842,1.5155,1.5158,7.20,2.40
2010.03.15 04:13:34.149,1.5156,1.5158,1.00,2.40
2010.03.15 04:13:34.450,1.51565,1.5158,1.00,2.40
2010.03.15 04:13:35.020,1.5155,1.5158,7.60,2.40
2010.03.15 04:13:35.289,1.5155,1.5158,7.30,2.40
2010.03.15 04:13:35.559,1.51565,1.5158,1.00,2.40
2010.03.15 04:13:35.938,1.5155,1.5158,7.60,2.40
2010.03.15 04:13:36.127,1.5155,1.5158,7.20,2.40
2010.03.15 04:13:36.317,1.5155,1.5158,7.30,2.40
2010.03.15 04:13:36.508,1.51565,1.5158,1.00,2.40
2010.03.15 04:13:37.098,1.5155,1.5158,7.20,2.40
2010.03.15 04:13:37.438,1.51565,1.5158,1.00,2.40
2010.03.15 04:13:38.007,1.5155,1.5158,7.20,2.40
2010.03.15 04:13:38.247,1.5155,1.5158,7.30,2.40
2010.03.15 04:13:38.487,1.51565,1.5158,1.00,2.40
2010.03.15 04:13:38.926,1.5155,1.5158,9.20,2.40
2010.03.15 04:13:39.200,1.5155,1.5158,7.20,2.40
2010.03.15 04:13:39.407,1.51565,1.5158,1.00,2.40
2010.03.15 04:13:40.256,1.5155,1.5158,7.20,2.40
2010.03.15 04:13:40.416,1.51565,1.5158,1.00,2.40
2010.03.15 04:13:41.026,1.5155,1.5158,7.20,2.40
2010.03.15 04:13:41.326,1.5155,1.5158,7.30,2.40
2010.03.15 04:13:41.628,1.51565,1.5158,1.00,2.40
2010.03.15 04:13:41.906,1.5155,1.5158,9.20,2.40
2010.03.15 04:13:42.186,1.5155,1.5158,7.30,2.40
2010.03.15 04:13:42.466,1.51565,1.5158,1.00,2.40
2010.03.15 04:13:42.936,1.5155,1.5158,7.60,2.40
2010.03.15 04:13:43.125,1.5155,1.5158,7.20,2.40
2010.03.15 04:13:43.316,1.5155,1.5158,7.30,2.40
2010.03.15 04:13:43.507,1.51565,1.5158,1.00,2.40
2010.03.15 04:13:44.097,1.5155,1.5158,7.20,2.40
2010.03.15 04:13:44.307,1.5155,1.5158,7.30,2.40
2010.03.15 04:13:44.516,1.51565,1.5158,1.00,2.40
2010.03.15 04:13:45.045,1.5155,1.5158,7.20,2.40
2010.03.15 04:13:45.292,1.5155,1.5158,7.30,2.40
2010.03.15 04:13:45.456,1.51565,1.5158,1.00,2.40
2010.03.15 04:13:45.626,1.51565,1.5158,1.00,2.40
2010.03.15 04:13:46.005,1.5155,1.5158,7.60,2.40
2010.03.15 04:13:46.225,1.5155,1.5158,7.30,2.40
2010.03.15 04:13:46.656,1.5155,1.5158,7.20,4.00
2010.03.15 04:13:46.875,1.5155,1.5158,5.60,4.00
2010.03.15 04:13:48.064,1.5155,1.51575,5.60,1.00
2010.03.15 04:13:52.169,1.51545,1.51575,7.70,3.30
2010.03.15 04:13:52.854,1.51545,1.51575,6.10,3.30
2010.03.15 04:13:56.531,1.51545,1.51575,6.10,4.90
2010.03.15 04:14:05.881,1.51545,1.51575,5.70,4.90
2010.03.15 04:14:06.108,1.5155,1.51575,1.00,4.90
2010.03.15 04:14:06.860,1.5155,1.51575,1.00,3.30
2010.03.15 04:14:07.202,1.51555,1.51575,1.00,2.50
2010.03.15 04:14:07.541,1.51555,1.51575,1.00,2.40
2010.03.15 04:14:07.844,1.5156,1.51575,1.70,2.40
2010.03.15 04:14:08.156,1.5157,1.51585,1.00,3.10
2010.03.15 04:14:08.465,1.5157,1.51595,1.00,4.20
2010.03.15 04:14:08.772,1.5157,1.51595,1.00,2.60
2010.03.15 04:14:09.902,1.5157,1.51595,1.70,2.60
2010.03.15 04:14:10.714,1.5157,1.51595,1.70,2.40
2010.03.15 04:14:16.901,1.51575,1.516,2.40,1.60
2010.03.15 04:14:17.240,1.51575,1.51605,2.60,6.30
2010.03.15 04:14:19.937,1.51575,1.5161,2.60,12.50
2010.03.15 04:14:20.014,1.51575,1.51605,2.40,10.30
2010.03.15 04:14:20.088,1.51575,1.51605,2.40,6.30
2010.03.15 04:14:45.571,1.51575,1.51605,2.40,6.80
2010.03.15 04:14:46.028,1.5157,1.516,7.30,2.40
2010.03.15 04:14:46.804,1.5157,1.516,7.30,4.00
2010.03.15 04:14:47.141,1.5157,1.516,5.70,4.00
2010.03.15 04:15:15.033,1.5157,1.516,5.70,2.40
2010.03.15 04:15:23.880,1.5157,1.516,5.60,2.40
2010.03.15 04:15:24.857,1.5157,1.516,5.60,4.00
2010.03.15 04:15:31.769,1.5157,1.516,5.60,2.40
2010.03.15 04:15:33.459,1.5157,1.516,8.10,2.40
2010.03.15 04:15:33.641,1.51575,1.51605,2.40,6.30
2010.03.15 04:15:33.820,1.51575,1.51605,2.60,6.30
2010.03.15 04:15:34.000,1.51575,1.51605,2.40,6.30
2010.03.15 04:15:35.275,1.51575,1.51605,2.40,8.10
2010.03.15 04:15:35.403,1.51575,1.516,1.00,2.40
2010.03.15 04:15:36.081,1.5157,1.516,8.90,2.40
2010.03.15 04:15:36.211,1.51575,1.51605,2.40,6.30
2010.03.15 04:15:36.553,1.5157,1.516,5.70,2.40
2010.03.15 04:15:40.939,1.5157,1.516,7.30,2.40
2010.03.15 04:15:41.150,1.51575,1.51605,2.40,6.50
2010.03.15 04:15:41.361,1.5157,1.516,5.70,2.40
2010.03.15 04:15:41.572,1.51575,1.51605,2.40,6.30
2010.03.15 04:15:41.820,1.51575,1.51605,4.00,6.30
2010.03.15 04:15:44.855,1.51575,1.51605,4.20,6.30
2010.03.15 04:15:47.494,1.51575,1.51605,4.20,4.70
2010.03.15 04:15:59.531,1.51575,1.51605,4.00,4.70
2010.03.15 04:16:00.450,1.51575,1.51605,4.20,4.70
2010.03.15 04:16:07.055,1.51575,1.51605,2.60,6.50
2010.03.15 04:16:07.407,1.51575,1.516,1.00,2.40
2010.03.15 04:16:17.440,1.51575,1.51605,2.60,5.00
2010.03.15 04:16:17.742,1.51575,1.51605,4.20,5.00
2010.03.15 04:16:32.654,1.51575,1.51605,4.20,6.60
2010.03.15 04:16:38.063,1.51575,1.51605,4.20,6.80
2010.03.15 04:16:38.349,1.51575,1.516,4.00,1.60
2010.03.15 04:16:38.546,1.5157,1.516,5.60,4.00
2010.03.15 04:16:48.361,1.5157,1.51595,4.10,1.00
2010.03.15 04:16:49.170,1.5157,1.51595,4.90,1.00
2010.03.15 04:16:49.302,1.51575,1.516,1.00,4.10
2010.03.15 04:16:49.433,1.51575,1.516,3.90,1.70
2010.03.15 04:16:49.704,1.5158,1.51605,2.40,1.60
2010.03.15 04:16:50.242,1.5158,1.5161,2.40,4.00
2010.03.15 04:16:50.512,1.5158,1.5161,4.00,4.00
2010.03.15 04:16:50.952,1.51585,1.5161,1.00,4.00
2010.03.15 04:16:51.801,1.5158,1.5161,5.60,4.00
2010.03.15 04:17:11.214,1.51585,1.5161,1.00,4.00
2010.03.15 04:17:12.654,1.5158,1.5161,5.60,4.00
2010.03.15 04:17:23.991,1.51585,1.5161,1.00,4.00
2010.03.15 04:17:24.275,1.51585,1.5161,1.00,2.40
2010.03.15 04:17:24.406,1.51585,1.5161,5.70,2.40
2010.03.15 04:17:24.536,1.5159,1.5162,4.00,5.60
2010.03.15 04:17:24.663,1.5159,1.5162,5.60,4.00
2010.03.15 04:17:24.983,1.5159,1.5162,7.20,4.00
2010.03.15 04:17:25.572,1.51595,1.5162,1.00,2.40
2010.03.15 04:17:25.769,1.51595,1.51625,4.10,6.40
2010.03.15 04:17:26.152,1.51605,1.51625,1.70,2.40
2010.03.15 04:17:26.478,1.5162,1.51635,1.00,4.30
2010.03.15 04:17:26.807,1.51615,1.51635,1.00,4.00
2010.03.15 04:17:27.155,1.51635,1.5164,1.00,6.20
2010.03.15 04:17:27.494,1.51615,1.51635,1.00,2.50
2010.03.15 04:17:27.832,1.51615,1.51635,1.00,2.50
2010.03.15 04:17:28.174,1.51615,1.51635,1.00,2.50
2010.03.15 04:17:28.452,1.51615,1.51635,1.00,2.50
2010.03.15 04:17:29.012,1.51605,1.51635,9.50,2.50
2010.03.15 04:17:30.920,1.51605,1.51635,7.90,2.50
2010.03.15 04:17:32.828,1.51605,1.51635,9.50,2.50
2010.03.15 04:17:36.793,1.51605,1.51635,7.90,2.50
2010.03.15 04:17:37.097,1.51615,1.51635,1.00,2.50
2010.03.15 04:17:37.666,1.51615,1.51635,1.00,1.00
2010.03.15 04:17:37.973,1.51615,1.51635,1.00,2.50
2010.03.15 04:17:43.183,1.51615,1.51635,1.30,2.40
2010.03.15 04:17:43.432,1.51625,1.5164,1.00,2.50
2010.03.15 04:17:49.478,1.51615,1.5164,3.70,2.50
2010.03.15 04:17:52.104,1.51615,1.5164,2.10,2.50
2010.03.15 04:18:00.654,1.51615,1.5164,2.10,2.40
2010.03.15 04:18:00.808,1.5162,1.51645,2.40,1.00
2010.03.15 04:18:00.957,1.51625,1.5165,1.00,4.00
2010.03.15 04:18:01.105,1.51625,1.5165,1.00,2.40
2010.03.15 04:18:01.768,1.51625,1.5165,4.00,2.40
2010.03.15 04:18:04.264,1.51625,1.5165,4.10,2.40
2010.03.15 04:18:04.413,1.51625,1.51655,6.50,5.30
2010.03.15 04:18:04.854,1.51635,1.51655,1.40,3.70
2010.03.15 04:18:05.414,1.51635,1.51655,1.50,3.50
2010.03.15 04:18:05.694,1.51635,1.51655,1.50,1.10
2010.03.15 04:18:15.481,1.51635,1.51655,1.40,1.30
2010.03.15 04:18:15.822,1.51625,1.51655,7.10,5.30
2010.03.15 04:18:16.121,1.51625,1.51655,5.50,5.30
2010.03.15 04:18:16.420,1.51625,1.51655,3.90,5.30
2010.03.15 04:18:27.530,1.51625,1.51655,4.30,5.30
2010.03.15 04:18:27.739,1.5163,1.51655,1.00,5.30
2010.03.15 04:18:28.078,1.51625,1.51655,6.10,5.30
2010.03.15 04:18:28.417,1.5163,1.51655,1.00,5.30
2010.03.15 04:18:28.758,1.51625,1.51655,5.90,5.30
2010.03.15 04:18:29.238,1.5163,1.51655,1.00,5.30
2010.03.15 04:18:29.377,1.51625,1.51655,4.30,5.30
2010.03.15 04:18:37.272,1.51625,1.51655,4.30,6.90
2010.03.15 04:18:37.495,1.51625,1.51655,4.10,5.30
2010.03.15 04:18:39.793,1.51625,1.51655,4.30,5.30
2010.03.15 04:18:40.053,1.51625,1.51655,4.10,5.30
2010.03.15 04:18:41.822,1.51625,1.51655,5.10,5.30
2010.03.15 04:18:46.953,1.51635,1.51655,1.00,5.30
2010.03.15 04:18:47.392,1.51625,1.51655,5.10,5.00
2010.03.15 04:18:47.687,1.51635,1.51655,1.00,5.00
2010.03.15 04:18:47.903,1.51625,1.51655,5.10,5.00
2010.03.15 04:18:49.961,1.51635,1.51655,1.00,5.00
2010.03.15 04:18:51.341,1.51625,1.51655,5.10,5.00
2010.03.15 04:18:52.470,1.51635,1.51655,1.00,5.00
2010.03.15 04:19:03.157,1.51635,1.51655,1.00,3.40
2010.03.15 04:19:07.815,1.51635,1.51655,1.00,3.40
2010.03.15 04:19:15.940,1.51635,1.51655,1.00,1.00
2010.03.15 04:19:29.502,1.51635,1.51655,1.00,1.00
2010.03.15 04:19:36.597,1.51635,1.51655,1.00,1.00
2010.03.15 04:19:42.837,1.51635,1.51655,1.00,1.00
2010.03.15 04:19:48.795,1.51635,1.51655,1.00,1.00
2010.03.15 04:19:49.579,1.51625,1.51655,5.90,1.00
2010.03.15 04:19:49.728,1.51625,1.51655,5.90,2.60
2010.03.15 04:19:49.877,1.51625,1.51655,2.70,2.60
2010.03.15 04:19:50.218,1.51625,1.51655,4.30,2.60
2010.03.15 04:19:59.355,1.51625,1.51655,2.70,2.60
2010.03.15 04:20:02.012,1.51625,1.51655,4.30,2.60
2010.03.15 04:20:02.492,1.51625,1.51655,4.90,2.60
2010.03.15 04:20:21.518,1.51625,1.51655,4.30,2.60
2010.03.15 04:20:25.647,1.51625,1.51655,2.70,2.60
2010.03.15 04:20:26.310,1.5163,1.51655,1.60,1.00
2010.03.15 04:20:26.620,1.51635,1.51655,1.00,1.00
2010.03.15 04:20:30.758,1.51635,1.51655,1.00,1.00
2010.03.15 04:20:30.889,1.5163,1.51655,2.40,1.00
2010.03.15 04:20:31.018,1.51625,1.51655,9.10,3.40
2010.03.15 04:20:41.264,1.51625,1.51655,9.90,3.40
2010.03.15 04:20:41.456,1.51635,1.51655,1.00,1.00
2010.03.15 04:20:41.646,1.5163,1.51655,2.50,1.00
2010.03.15 04:20:41.836,1.5163,1.51655,1.00,3.40
2010.03.15 04:20:42.109,1.5163,1.51655,1.00,5.00
2010.03.15 04:20:44.205,1.5163,1.5165,1.00,1.60
2010.03.15 04:20:44.305,1.51625,1.5165,5.10,1.60
2010.03.15 04:20:44.404,1.51625,1.51655,4.30,5.00
2010.03.15 04:20:44.505,1.51625,1.51655,5.80,6.60
2010.03.15 04:20:44.605,1.51625,1.51655,5.80,6.90
2010.03.15 04:20:44.705,1.51625,1.51655,5.80,9.30
2010.03.15 04:20:44.806,1.51625,1.5165,3.40,2.40
2010.03.15 04:20:45.008,1.51625,1.5165,1.80,2.40
2010.03.15 04:20:51.093,1.51625,1.51655,4.30,6.90
2010.03.15 04:20:51.212,1.51625,1.51655,4.30,5.30
2010.03.15 04:20:51.554,1.51625,1.51655,5.90,5.00
2010.03.15 04:21:04.577,1.51625,1.51655,5.90,6.60
2010.03.15 04:21:07.051,1.51625,1.51655,7.50,6.60
2010.03.15 04:21:08.287,1.51625,1.51655,5.50,6.60
2010.03.15 04:21:08.598,1.51625,1.51655,2.90,6.60
2010.03.15 04:21:11.996,1.51625,1.51655,2.50,6.60
2010.03.15 04:21:12.456,1.51625,1.51655,2.70,6.60
2010.03.15 04:21:16.245,1.51625,1.51655,2.50,6.60
2010.03.15 04:21:16.575,1.51625,1.51655,2.70,6.60
2010.03.15 04:21:18.164,1.51625,1.51655,2.50,6.60
2010.03.15 04:21:19.423,1.51625,1.51655,2.70,6.60
2010.03.15 04:21:27.772,1.51625,1.51655,6.50,6.60
2010.03.15 04:21:32.983,1.51635,1.51655,1.00,3.40
2010.03.15 04:21:34.967,1.51635,1.51655,1.00,1.00
2010.03.15 04:21:40.076,1.51635,1.51655,1.00,1.00
2010.03.15 04:21:40.256,1.5163,1.51655,1.00,3.40
2010.03.15 04:21:48.359,1.51625,1.51655,8.70,5.00
2010.03.15 04:22:04.984,1.51625,1.51655,8.60,5.00
2010.03.15 04:22:05.155,1.51625,1.51655,8.60,6.60
2010.03.15 04:22:05.327,1.51625,1.5165,3.00,2.40
2010.03.15 04:22:05.786,1.51625,1.5165,1.00,4.00
2010.03.15 04:22:23.442,1.51625,1.5165,1.00,2.40
2010.03.15 04:22:23.652,1.51625,1.51655,3.30,6.60
2010.03.15 04:22:23.932,1.51625,1.51655,4.90,6.60
2010.03.15 04:22:46.464,1.51625,1.51655,5.50,6.60
2010.03.15 04:23:23.314,1.51625,1.51655,5.40,6.40
2010.03.15 04:23:23.596,1.51625,1.51655,3.00,4.00
2010.03.15 04:24:26.059,1.51625,1.51655,3.00,2.40
2010.03.15 04:24:26.279,1.5163,1.51655,1.00,4.20
2010.03.15 04:24:26.397,1.51625,1.51655,3.10,4.20
2010.03.15 04:24:26.494,1.51625,1.51655,3.10,2.60
2010.03.15 04:24:30.329,1.51625,1.51655,4.70,2.60
2010.03.15 04:24:38.367,1.5163,1.51655,1.00,2.60
2010.03.15 04:24:38.536,1.5163,1.51655,1.00,4.20
2010.03.15 04:24:45.614,1.51625,1.51655,3.10,4.20
2010.03.15 04:25:00.384,1.5163,1.51655,1.00,4.20
2010.03.15 04:25:01.821,1.5163,1.51655,1.00,2.60
2010.03.15 04:25:02.806,1.5163,1.5166,1.00,5.90
2010.03.15 04:25:05.803,1.51625,1.51655,3.10,4.20
2010.03.15 04:25:11.668,1.51635,1.51655,1.00,4.20
2010.03.15 04:26:02.096,1.51635,1.51655,1.00,2.60
2010.03.15 04:26:02.969,1.51635,1.51655,1.00,2.40
2010.03.15 04:26:03.219,1.51635,1.51655,1.00,1.00
2010.03.15 04:26:16.503,1.51635,1.51655,1.00,1.00
2010.03.15 04:26:16.650,1.51635,1.51655,1.00,3.40
2010.03.15 04:26:16.794,1.51635,1.51655,1.00,5.00
2010.03.15 04:27:10.609,1.51635,1.51655,1.00,5.00
2010.03.15 04:27:13.231,1.51635,1.51655,1.00,6.60
2010.03.15 04:27:14.429,1.51625,1.51655,5.50,6.60
2010.03.15 04:27:16.760,1.51625,1.51655,3.10,4.20
2010.03.15 04:27:46.559,1.51625,1.51655,3.00,4.00
2010.03.15 04:28:28.562,1.51625,1.51635,1.00,1.00
2010.03.15 04:28:28.906,1.51615,1.5163,1.00,4.90
2010.03.15 04:28:29.246,1.51615,1.51625,1.00,2.40
2010.03.15 04:28:29.925,1.51615,1.5163,1.00,5.70
2010.03.15 04:28:30.133,1.51615,1.51625,1.00,4.00
2010.03.15 04:28:30.346,1.51615,1.51625,1.00,4.10
2010.03.15 04:28:30.764,1.51615,1.51625,1.00,4.10
2010.03.15 04:28:41.249,1.51615,1.51625,1.00,4.00
2010.03.15 04:28:41.392,1.51615,1.5163,1.00,1.60
2010.03.15 04:28:41.531,1.51615,1.51635,1.00,5.70
2010.03.15 04:28:41.671,1.51615,1.51635,1.00,3.30
2010.03.15 04:28:41.951,1.5161,1.51635,2.50,3.30
2010.03.15 04:28:44.020,1.5161,1.51635,2.50,1.70
2010.03.15 04:28:45.330,1.5161,1.51635,2.40,1.70
2010.03.15 04:28:45.670,1.51605,1.51635,7.30,4.10
2010.03.15 04:28:45.690,1.51605,1.51635,5.70,5.70
2010.03.15 04:28:46.372,1.51615,1.51635,1.00,5.70
2010.03.15 04:28:50.945,1.51615,1.51635,1.00,4.10
2010.03.15 04:28:54.156,1.51615,1.51635,1.00,4.00
2010.03.15 04:28:54.478,1.51615,1.5164,1.00,5.70
2010.03.15 04:28:58.146,1.51615,1.5164,1.00,7.30
2010.03.15 04:28:58.307,1.51615,1.51625,1.00,1.00
2010.03.15 04:28:58.668,1.5161,1.51615,2.40,1.60
2010.03.15 04:28:58.931,1.51585,1.51615,6.20,4.10
2010.03.15 04:28:59.198,1.51585,1.51605,1.20,1.60
2010.03.15 04:29:00.736,1.51605,1.5161,1.00,4.00
2010.03.15 04:29:04.323,1.51605,1.5161,1.00,2.40
2010.03.15 04:29:07.084,1.51595,1.51605,1.00,1.00
2010.03.15 04:29:07.217,1.51595,1.51605,1.00,4.70
2010.03.15 04:29:07.485,1.51595,1.516,1.00,2.40
2010.03.15 04:29:11.644,1.51595,1.51605,1.00,1.80
2010.03.15 04:29:12.003,1.51595,1.51605,1.00,1.00
2010.03.15 04:29:20.248,1.51595,1.5161,1.00,4.70
2010.03.15 04:29:23.599,1.51585,1.5161,1.00,4.00
2010.03.15 04:29:23.883,1.51585,1.5161,2.50,1.60
2010.03.15 04:29:24.440,1.51585,1.51615,2.50,5.00
2010.03.15 04:29:24.994,1.51585,1.51615,7.30,5.00
2010.03.15 04:29:25.182,1.5159,1.51615,2.50,2.50
2010.03.15 04:29:25.560,1.5159,1.51615,4.10,2.50
2010.03.15 04:29:36.936,1.51595,1.51615,1.00,1.00
2010.03.15 04:29:37.206,1.5159,1.51615,4.10,1.00
2010.03.15 04:29:37.547,1.5159,1.51615,4.00,1.00
2010.03.15 04:29:37.886,1.5159,1.51615,4.10,1.00
2010.03.15 04:29:38.580,1.5159,1.51615,4.00,1.00
2010.03.15 04:29:38.976,1.5159,1.51615,4.10,1.00
2010.03.15 04:29:39.376,1.5159,1.51615,4.00,1.00
2010.03.15 04:29:39.855,1.5159,1.51615,4.10,1.00
2010.03.15 04:29:40.574,1.5159,1.51615,4.00,1.00
2010.03.15 04:29:40.945,1.5159,1.51615,4.10,1.00
2010.03.15 04:29:41.434,1.5159,1.51615,4.00,1.00
2010.03.15 04:29:41.854,1.5159,1.51615,4.00,1.00
2010.03.15 04:29:42.004,1.5159,1.51615,4.10,1.00
2010.03.15 04:29:42.454,1.5159,1.51615,4.00,1.00
2010.03.15 04:29:42.774,1.5159,1.51615,4.00,1.00
2010.03.15 04:29:42.934,1.5159,1.51615,4.10,1.00
2010.03.15 04:29:43.414,1.5159,1.51615,4.00,1.00
2010.03.15 04:29:43.914,1.5159,1.51615,4.10,1.00
2010.03.15 04:29:44.594,1.5159,1.51615,4.00,1.00
2010.03.15 04:29:44.934,1.5159,1.51615,4.10,1.00
2010.03.15 04:29:45.423,1.5159,1.51615,4.00,1.00
2010.03.15 04:29:45.912,1.5159,1.51615,4.10,1.00
2010.03.15 04:29:46.334,1.51595,1.51615,1.00,1.00
2010.03.15 04:29:46.556,1.51595,1.51615,2.50,1.00
2010.03.15 04:29:46.996,1.51595,1.51625,7.50,4.90
2010.03.15 04:29:47.175,1.51595,1.51625,5.10,5.00
2010.03.15 04:29:47.355,1.516,1.51625,2.40,2.60
2010.03.15 04:29:47.536,1.516,1.51625,2.40,2.50
2010.03.15 04:29:54.602,1.516,1.51625,3.20,2.50
2010.03.15 04:29:54.822,1.516,1.51625,3.20,1.60
2010.03.15 04:29:55.921,1.516,1.5163,2.40,4.00
2010.03.15 04:29:59.710,1.516,1.5163,4.00,4.00
2010.03.15 04:30:02.351,1.516,1.5163,4.80,4.00
2010.03.15 04:30:02.613,1.516,1.5163,6.40,4.00
2010.03.15 04:30:02.807,1.51605,1.5163,2.50,1.60
2010.03.15 04:30:02.992,1.51605,1.5163,2.70,1.60
2010.03.15 04:30:09.597,1.51605,1.51635,4.90,5.00
2010.03.15 04:30:09.768,1.51605,1.51635,2.70,5.00
2010.03.15 04:30:10.257,1.51605,1.51635,3.30,5.00
2010.03.15 04:30:10.587,1.51605,1.51635,2.70,5.00
2010.03.15 04:30:10.757,1.516,1.51635,14.60,5.00
2010.03.15 04:30:10.897,1.51605,1.51635,2.50,5.00
2010.03.15 04:30:11.037,1.51605,1.51635,2.70,5.00
2010.03.15 04:30:11.177,1.51605,1.51635,2.50,5.00
2010.03.15 04:30:11.316,1.51605,1.51635,3.30,5.00
2010.03.15 04:30:11.457,1.516,1.51635,13.00,5.00
2010.03.15 04:30:11.596,1.51605,1.51635,2.70,5.00
2010.03.15 04:30:11.738,1.51605,1.51635,5.10,4.90
2010.03.15 04:30:11.999,1.51605,1.51635,3.50,5.00
2010.03.15 04:30:12.342,1.51605,1.5164,2.70,11.00
2010.03.15 04:30:13.042,1.51595,1.51615,4.90,2.00
2010.03.15 04:30:13.219,1.5158,1.516,1.00,2.40
2010.03.15 04:30:13.578,1.51575,1.516,1.40,4.00
2010.03.15 04:30:13.761,1.51575,1.51595,1.40,2.40
2010.03.15 04:30:13.941,1.51565,1.5159,1.00,4.00
2010.03.15 04:30:14.360,1.5156,1.51575,1.60,1.00
2010.03.15 04:30:14.702,1.51555,1.5158,1.70,4.00
2010.03.15 04:30:15.049,1.5155,1.5158,5.70,4.00
2010.03.15 04:30:15.469,1.5155,1.5158,4.80,4.00
2010.03.15 04:30:15.679,1.5155,1.5158,6.50,4.00
2010.03.15 04:30:15.888,1.5155,1.5158,8.10,4.00
2010.03.15 04:30:16.099,1.51555,1.51585,4.00,4.80
2010.03.15 04:30:16.995,1.51555,1.51585,4.00,6.50
2010.03.15 04:30:17.448,1.5157,1.51585,1.00,6.40
2010.03.15 04:30:17.598,1.5157,1.51585,1.00,3.20
2010.03.15 04:30:17.751,1.5157,1.51585,2.40,1.00
2010.03.15 04:30:17.908,1.5157,1.51595,2.40,5.80
2010.03.15 04:30:18.249,1.5156,1.51585,4.80,2.40
2010.03.15 04:30:18.588,1.5156,1.51585,1.60,2.40
2010.03.15 04:30:21.536,1.5156,1.51585,1.60,4.10
2010.03.15 04:30:21.634,1.5156,1.51585,1.60,4.40
2010.03.15 04:30:21.739,1.51555,1.5158,4.80,2.40
2010.03.15 04:30:21.946,1.51555,1.5158,3.20,2.40
2010.03.15 04:30:22.717,1.51555,1.5158,1.60,2.40
2010.03.15 04:30:23.758,1.51555,1.51585,4.00,6.70
2010.03.15 04:30:24.035,1.51555,1.51585,4.00,6.40
2010.03.15 04:30:24.268,1.51555,1.5158,1.60,2.40
2010.03.15 04:30:25.077,1.51555,1.51585,7.30,5.60
2010.03.15 04:30:25.367,1.5156,1.5159,2.40,5.60
2010.03.15 04:30:26.839,1.5156,1.5159,2.40,7.30
2010.03.15 04:30:27.017,1.5156,1.51585,2.40,1.70
2010.03.15 04:30:27.154,1.51555,1.5158,4.20,2.40
2010.03.15 04:30:27.272,1.51555,1.5157,1.60,1.00
2010.03.15 04:30:27.510,1.51555,1.5157,2.40,1.00
2010.03.15 04:30:27.746,1.5155,1.5157,4.00,1.00
2010.03.15 04:30:28.867,1.5155,1.5157,2.40,1.00
2010.03.15 04:30:29.857,1.5155,1.5158,2.40,4.10
2010.03.15 04:30:30.186,1.5155,1.5158,2.40,5.60
2010.03.15 04:30:30.421,1.5155,1.5158,2.40,5.70
2010.03.15 04:30:32.014,1.5155,1.5158,2.40,5.60
2010.03.15 04:30:32.513,1.51555,1.5158,1.00,5.60
2010.03.15 04:30:54.448,1.51555,1.5158,1.00,2.40
2010.03.15 04:30:54.797,1.51555,1.51585,3.30,6.50
2010.03.15 04:30:57.012,1.51555,1.5158,1.00,2.40
2010.03.15 04:30:57.659,1.51555,1.51585,3.30,6.50
2010.03.15 04:30:59.767,1.51565,1.51585,1.00,6.50
2010.03.15 04:31:00.196,1.51555,1.51585,4.90,6.50
2010.03.15 04:31:00.966,1.51555,1.51585,4.80,8.10
2010.03.15 04:31:01.107,1.51555,1.5158,2.40,2.40
2010.03.15 04:31:01.247,1.51555,1.5158,2.00,2.40
2010.03.15 04:31:01.386,1.51555,1.5158,1.00,2.40
2010.03.15 04:31:01.786,1.51555,1.5158,1.00,2.40
2010.03.15 04:31:05.683,1.5155,1.5158,7.20,2.40
2010.03.15 04:31:18.831,1.51555,1.5158,1.00,2.40
2010.03.15 04:31:19.382,1.5155,1.5158,5.60,2.40
2010.03.15 04:31:19.722,1.51555,1.5158,1.00,2.40
2010.03.15 04:31:20.210,1.5155,1.5158,5.60,2.40
2010.03.15 04:31:20.390,1.5155,1.5158,5.60,4.00
2010.03.15 04:31:20.650,1.51555,1.5158,1.00,4.00
2010.03.15 04:31:20.701,1.51555,1.5158,1.00,4.00
2010.03.15 04:31:20.961,1.5155,1.5158,5.60,4.00
2010.03.15 04:31:22.313,1.51555,1.5158,1.00,4.00
2010.03.15 04:31:22.483,1.5155,1.5158,5.60,4.00
2010.03.15 04:31:22.822,1.51555,1.5158,1.00,4.00
2010.03.15 04:31:22.991,1.51555,1.5158,1.00,4.00
2010.03.15 04:31:23.600,1.5156,1.5158,1.00,4.00
2010.03.15 04:31:23.943,1.51555,1.5158,1.00,4.00
2010.03.15 04:31:24.891,1.5156,1.5158,1.00,4.00
2010.03.15 04:31:25.201,1.51555,1.5158,1.00,4.00
2010.03.15 04:31:25.824,1.51555,1.5158,2.70,1.60
2010.03.15 04:31:26.781,1.51555,1.5158,2.60,1.60
2010.03.15 04:31:27.184,1.51555,1.5158,1.00,4.00
2010.03.15 04:31:27.671,1.5155,1.51575,4.00,1.00
2010.03.15 04:31:27.913,1.5155,1.51575,2.50,1.00
2010.03.15 04:31:28.193,1.51545,1.51575,7.50,3.30
2010.03.15 04:31:33.047,1.51545,1.51575,8.30,3.20
2010.03.15 04:31:33.249,1.51545,1.51575,9.90,3.20
2010.03.15 04:31:33.452,1.5155,1.51575,2.40,1.00
2010.03.15 04:31:45.814,1.5155,1.51575,2.40,1.00
2010.03.15 04:31:47.263,1.5155,1.51575,3.20,1.00
2010.03.15 04:31:47.364,1.51555,1.51575,1.00,1.00
2010.03.15 04:31:47.476,1.51555,1.51575,2.50,1.00
2010.03.15 04:31:47.726,1.51555,1.5158,2.50,1.60
2010.03.15 04:31:47.976,1.51555,1.51585,2.50,6.60
2010.03.15 04:31:48.478,1.51555,1.5158,2.50,1.00
2010.03.15 04:31:48.677,1.51555,1.51575,1.70,1.00
2010.03.15 04:31:48.877,1.51555,1.51585,4.30,6.60
2010.03.15 04:31:49.674,1.51555,1.51585,4.50,6.60
2010.03.15 04:31:52.374,1.51555,1.5157,4.40,1.00
2010.03.15 04:31:52.495,1.5155,1.51565,2.40,1.00
2010.03.15 04:31:52.839,1.5154,1.5156,1.60,1.00
2010.03.15 04:31:53.189,1.51535,1.51555,1.70,1.00
2010.03.15 04:31:53.641,1.5153,1.5155,1.60,2.50
2010.03.15 04:31:53.939,1.5153,1.5155,1.60,2.40
2010.03.15 04:31:54.236,1.5153,1.51555,1.60,4.90
2010.03.15 04:31:54.838,1.51535,1.51555,3.20,1.00
2010.03.15 04:31:55.504,1.51535,1.51555,4.80,1.00
2010.03.15 04:31:56.234,1.51535,1.51555,4.90,1.00
2010.03.15 04:31:56.465,1.51535,1.51555,7.30,1.00
2010.03.15 04:31:59.471,1.51535,1.51555,7.50,1.00
2010.03.15 04:32:03.991,1.5154,1.51555,1.60,1.00
2010.03.15 04:32:20.467,1.5154,1.51555,1.70,1.00
2010.03.15 04:32:20.836,1.5154,1.51555,1.60,1.00
2010.03.15 04:32:28.905,1.51535,1.51555,8.10,1.00
2010.03.15 04:32:46.628,1.51535,1.51555,7.70,1.00
2010.03.15 04:32:51.072,1.51535,1.51555,6.10,1.00
2010.03.15 04:32:51.438,1.51535,1.51555,5.90,1.00
2010.03.15 04:32:53.098,1.51535,1.51555,6.50,1.00
2010.03.15 04:32:53.949,1.51535,1.5155,3.20,1.00
2010.03.15 04:32:54.124,1.51525,1.5155,6.50,2.50
2010.03.15 04:32:54.502,1.51525,1.5155,5.70,2.40
2010.03.15 04:32:54.669,1.51525,1.51555,8.10,3.40
2010.03.15 04:32:54.840,1.5153,1.51545,1.60,1.00
2010.03.15 04:32:55.697,1.5153,1.51545,5.60,1.00
2010.03.15 04:32:56.044,1.51535,1.5156,1.60,2.80
2010.03.15 04:32:56.271,1.51535,1.5156,1.60,2.40
2010.03.15 04:32:58.718,1.51535,1.51555,1.60,1.00
2010.03.15 04:33:00.996,1.5153,1.51555,7.20,1.00
2010.03.15 04:33:12.782,1.5153,1.51555,5.60,1.00
2010.03.15 04:33:13.443,1.5153,1.51555,5.60,1.00
2010.03.15 04:33:18.361,1.5153,1.51555,5.60,1.00
2010.03.15 04:33:21.021,1.5153,1.51555,7.20,1.00
2010.03.15 04:33:21.231,1.5153,1.51555,7.30,1.00
2010.03.15 04:33:21.432,1.5153,1.51555,7.20,1.00
2010.03.15 04:33:22.433,1.51535,1.5156,1.60,2.40
2010.03.15 04:33:27.002,1.51535,1.5156,1.70,2.40
2010.03.15 04:33:27.661,1.51535,1.51565,4.10,6.60
2010.03.15 04:33:29.580,1.51535,1.51565,4.10,5.00
2010.03.15 04:33:31.110,1.51535,1.51565,5.70,3.40
2010.03.15 04:33:37.768,1.51535,1.51565,7.30,3.40
2010.03.15 04:33:38.086,1.51535,1.51565,5.70,3.40
2010.03.15 04:33:46.734,1.51535,1.51565,7.30,3.40
2010.03.15 04:33:59.035,1.51535,1.51565,7.30,5.00
2010.03.15 04:34:09.801,1.51535,1.51565,5.70,5.00
2010.03.15 04:34:14.168,1.51535,1.51565,7.30,5.00
2010.03.15 04:34:26.927,1.51535,1.51565,7.20,4.90
2010.03.15 04:34:27.506,1.51535,1.51565,4.80,2.50
2010.03.15 04:34:49.047,1.51535,1.51565,3.20,2.50
2010.03.15 04:34:50.911,1.51535,1.5156,3.30,1.00
2010.03.15 04:34:51.102,1.51535,1.5156,1.00,2.50
2010.03.15 04:34:58.277,1.51535,1.5156,1.00,2.50
2010.03.15 04:35:00.639,1.51535,1.51565,2.70,7.00
2010.03.15 04:35:00.937,1.51535,1.51565,2.70,6.60
2010.03.15 04:35:01.210,1.51535,1.5156,1.00,2.50
2010.03.15 04:35:03.242,1.51535,1.5155,1.00,2.50
2010.03.15 04:35:03.853,1.51525,1.5155,1.90,2.50
2010.03.15 04:35:04.371,1.51525,1.5155,3.50,2.50
2010.03.15 04:35:04.888,1.51525,1.5155,1.90,2.50
2010.03.15 04:35:07.479,1.51525,1.5155,3.50,2.40
2010.03.15 04:35:07.560,1.51525,1.5155,5.10,2.40
2010.03.15 04:35:07.639,1.51525,1.51555,7.50,3.40
2010.03.15 04:35:07.809,1.51525,1.51555,7.50,2.70
2010.03.15 04:35:08.489,1.5153,1.51555,1.60,2.70
2010.03.15 04:35:08.832,1.5153,1.51555,4.00,1.00
2010.03.15 04:35:09.010,1.5153,1.51555,4.00,1.00
2010.03.15 04:35:14.535,1.5153,1.51555,4.00,1.00
2010.03.15 04:35:14.835,1.5153,1.51555,4.00,1.00
2010.03.15 04:35:17.726,1.5153,1.51555,1.60,2.70
2010.03.15 04:35:18.937,1.51525,1.51555,7.50,3.30
2010.03.15 04:35:25.972,1.5153,1.5155,1.60,1.00
2010.03.15 04:35:26.169,1.51525,1.51545,4.90,1.00
2010.03.15 04:35:26.354,1.51525,1.51545,3.30,1.00
2010.03.15 04:35:26.546,1.51525,1.51545,1.70,1.00
2010.03.15 04:35:31.850,1.51525,1.51545,1.00,1.00
2010.03.15 04:35:31.989,1.51525,1.51545,1.00,1.00
2010.03.15 04:35:33.311,1.5152,1.5154,7.20,1.00
2010.03.15 04:35:33.553,1.51515,1.5154,7.50,1.00
2010.03.15 04:35:33.867,1.51515,1.51535,7.30,1.00
2010.03.15 04:35:34.885,1.5152,1.51535,1.60,1.00
2010.03.15 04:35:35.092,1.5152,1.51535,4.00,1.00
2010.03.15 04:35:35.490,1.5152,1.51535,5.60,1.00
2010.03.15 04:35:37.829,1.5152,1.51545,5.60,1.00
2010.03.15 04:35:56.223,1.5152,1.51545,5.60,1.00
2010.03.15 04:35:57.773,1.51525,1.51545,1.00,1.00
2010.03.15 04:36:00.564,1.51525,1.5155,1.00,2.70
2010.03.15 04:36:00.725,1.51525,1.51555,2.80,6.20
2010.03.15 04:36:00.886,1.51525,1.51555,2.80,4.60
2010.03.15 04:36:00.976,1.51525,1.51545,1.00,1.00
2010.03.15 04:36:03.265,1.51525,1.51545,1.00,1.00
2010.03.15 04:36:10.990,1.51525,1.51545,1.00,1.00
2010.03.15 04:36:13.360,1.51525,1.51545,1.00,1.00
2010.03.15 04:36:24.057,1.51525,1.51545,1.00,1.00
2010.03.15 04:36:40.736,1.51525,1.5155,1.00,4.10
2010.03.15 04:36:40.844,1.51535,1.5155,2.40,2.50
2010.03.15 04:36:40.955,1.51535,1.5155,2.50,2.40
2010.03.15 04:36:41.066,1.51535,1.5155,1.00,2.40
2010.03.15 04:36:41.289,1.5153,1.51555,4.00,1.00
2010.03.15 04:36:41.406,1.5153,1.5156,4.00,4.00
2010.03.15 04:36:41.516,1.51535,1.5155,1.00,2.50
2010.03.15 04:36:41.857,1.51535,1.51545,1.00,1.00
2010.03.15 04:36:42.196,1.51535,1.5155,1.00,2.50
2010.03.15 04:36:52.559,1.51525,1.5155,2.50,2.50
2010.03.15 04:36:53.064,1.51525,1.51545,2.40,1.00
2010.03.15 04:36:53.271,1.51525,1.51545,1.00,1.00
2010.03.15 04:37:00.803,1.51525,1.51555,5.70,3.60
2010.03.15 04:37:00.849,1.51525,1.51555,7.30,2.00
2010.03.15 04:37:01.043,1.5153,1.51555,2.40,1.60
2010.03.15 04:37:07.257,1.5153,1.5156,2.40,5.70
2010.03.15 04:37:07.538,1.5153,1.51555,2.40,1.00
2010.03.15 04:37:07.728,1.51535,1.51555,1.00,2.50
2010.03.15 04:37:12.334,1.51535,1.51555,1.00,4.10
2010.03.15 04:37:22.302,1.51535,1.51555,1.00,2.50
2010.03.15 04:38:00.437,1.51535,1.51555,1.00,1.00
2010.03.15 04:38:00.778,1.51535,1.51555,1.00,2.50
2010.03.15 04:38:37.466,1.51535,1.51555,1.00,2.40
2010.03.15 04:38:37.557,1.51535,1.5156,1.00,4.00
2010.03.15 04:38:38.118,1.51535,1.5156,2.60,1.60
2010.03.15 04:38:38.448,1.51535,1.5156,1.00,4.00
2010.03.15 04:38:45.664,1.51535,1.5156,1.00,4.00
2010.03.15 04:38:45.733,1.51535,1.5156,1.00,4.00
2010.03.15 04:38:56.760,1.5153,1.5156,2.40,4.00
2010.03.15 04:39:00.730,1.5153,1.51555,4.00,1.00
2010.03.15 04:39:01.069,1.5153,1.51555,2.40,1.00
2010.03.15 04:39:01.409,1.5153,1.51555,2.40,1.80
2010.03.15 04:39:03.610,1.51535,1.51555,1.00,1.60
2010.03.15 04:39:03.687,1.51535,1.5156,1.00,4.00
2010.03.15 04:39:03.762,1.51545,1.5156,1.00,4.00
2010.03.15 04:39:03.920,1.51545,1.5156,1.00,2.40
2010.03.15 04:39:04.001,1.51545,1.51565,1.00,1.60
2010.03.15 04:39:04.198,1.5154,1.51565,2.40,1.60
2010.03.15 04:39:04.542,1.51535,1.51565,4.80,4.00
2010.03.15 04:39:05.223,1.5153,1.51555,5.00,2.50
2010.03.15 04:39:05.562,1.51535,1.5156,1.00,2.50
2010.03.15 04:39:10.406,1.51535,1.5156,1.00,4.10
2010.03.15 04:39:11.126,1.51535,1.5156,1.00,4.10
2010.03.15 04:39:24.027,1.51535,1.5156,1.00,4.00
2010.03.15 04:39:24.341,1.51535,1.5156,2.50,1.60
2010.03.15 04:39:27.934,1.51535,1.5156,2.50,3.20
2010.03.15 04:39:28.231,1.51535,1.51555,2.50,1.00
2010.03.15 04:39:34.861,1.51535,1.51555,2.50,1.00
2010.03.15 04:39:35.773,1.51545,1.51555,1.00,1.00
2010.03.15 04:39:35.975,1.51545,1.51565,1.00,1.60
2010.03.15 04:39:36.374,1.51545,1.5157,1.00,5.70
2010.03.15 04:39:36.575,1.51545,1.5157,2.50,1.60
2010.03.15 04:39:36.936,1.51545,1.51565,2.50,1.00
2010.03.15 04:39:37.294,1.51545,1.51565,1.00,1.00
2010.03.15 04:39:40.067,1.51545,1.51565,2.50,1.00
2010.03.15 04:39:46.181,1.51545,1.5157,6.50,1.60
2010.03.15 04:39:46.523,1.51555,1.5157,1.00,1.60
2010.03.15 04:39:46.745,1.51555,1.51575,2.50,1.60
2010.03.15 04:40:04.055,1.51555,1.5158,2.50,3.20
2010.03.15 04:40:05.619,1.51555,1.5158,1.00,5.70
2010.03.15 04:40:06.656,1.51555,1.51575,1.00,1.60
2010.03.15 04:40:06.816,1.51555,1.51575,1.00,1.80
2010.03.15 04:40:08.663,1.51555,1.51575,1.00,2.50
2010.03.15 04:40:16.394,1.5155,1.51575,2.40,2.60
2010.03.15 04:40:16.535,1.51545,1.51575,2.70,5.00
2010.03.15 04:40:16.813,1.51545,1.51575,2.70,6.60
2010.03.15 04:40:20.061,1.51545,1.51575,4.30,6.60
2010.03.15 04:40:27.232,1.51545,1.51575,4.30,5.00
2010.03.15 04:40:30.828,1.51545,1.51575,4.30,6.60
2010.03.15 04:40:40.984,1.51545,1.51575,4.30,5.00
2010.03.15 04:40:50.003,1.51555,1.51575,1.00,4.10
2010.03.15 04:40:50.253,1.51545,1.51575,6.50,4.10
2010.03.15 04:40:50.938,1.51545,1.51575,6.50,2.50
2010.03.15 04:40:51.281,1.51545,1.51575,6.40,2.40
2010.03.15 04:40:51.477,1.51545,1.51575,6.50,2.50
2010.03.15 04:40:52.046,1.51555,1.5158,1.00,5.70
2010.03.15 04:41:51.995,1.5155,1.5158,3.20,3.20
2010.03.15 04:42:05.352,1.5155,1.5158,3.20,1.60
2010.03.15 04:42:05.486,1.51575,1.51585,1.00,7.00
2010.03.15 04:42:05.829,1.51555,1.51575,5.70,1.00
2010.03.15 04:42:06.169,1.51555,1.51575,5.70,1.00
2010.03.15 04:42:06.507,1.51555,1.51575,5.70,1.00
2010.03.15 04:42:18.025,1.51555,1.51565,5.70,1.00
2010.03.15 04:42:18.224,1.51555,1.51565,3.30,1.00
2010.03.15 04:42:18.296,1.51555,1.51565,5.70,1.00
2010.03.15 04:42:18.504,1.51555,1.5157,5.70,1.00
2010.03.15 04:42:18.575,1.51555,1.5158,5.70,1.00
2010.03.15 04:42:19.018,1.51555,1.51585,5.70,6.50
2010.03.15 04:42:20.853,1.51555,1.5158,5.70,1.00
2010.03.15 04:42:21.401,1.51555,1.51575,5.70,1.00
2010.03.15 04:42:22.532,1.5157,1.51575,1.00,1.00
2010.03.15 04:42:34.701,1.5157,1.51585,1.00,3.30
2010.03.15 04:42:34.840,1.51575,1.51585,1.00,3.30
2010.03.15 04:42:34.977,1.5157,1.51585,1.00,2.40
2010.03.15 04:42:35.114,1.51565,1.5159,4.30,4.90
2010.03.15 04:42:35.251,1.51565,1.5159,4.30,3.30
2010.03.15 04:42:35.596,1.5158,1.51595,1.00,3.00
2010.03.15 04:42:36.700,1.5158,1.51595,1.00,2.80
2010.03.15 04:42:36.841,1.5158,1.51595,1.00,1.00
2010.03.15 04:42:38.390,1.5158,1.51595,1.00,1.00
2010.03.15 04:42:42.520,1.51575,1.51595,1.00,1.00
2010.03.15 04:42:42.708,1.5157,1.51595,5.60,1.00
2010.03.15 04:42:42.962,1.5157,1.51595,4.00,1.00
2010.03.15 04:42:43.059,1.5157,1.51595,1.60,3.30
2010.03.15 04:42:43.160,1.5157,1.51595,1.60,6.60
2010.03.15 04:42:43.259,1.5157,1.5159,1.60,2.40
2010.03.15 04:42:43.359,1.51565,1.5159,3.60,2.40
2010.03.15 04:42:43.899,1.51565,1.5159,4.00,2.40
2010.03.15 04:42:44.918,1.51565,1.5159,2.40,2.40
2010.03.15 04:42:45.117,1.51565,1.5159,2.00,2.40
2010.03.15 04:42:47.704,1.51565,1.5159,1.80,2.40
2010.03.15 04:42:49.395,1.51565,1.5159,3.40,2.40
2010.03.15 04:42:49.537,1.51575,1.5159,1.00,2.40
2010.03.15 04:42:49.679,1.5157,1.5159,2.40,2.40
2010.03.15 04:42:49.956,1.51565,1.5159,5.80,1.60
2010.03.15 04:42:50.101,1.51565,1.51595,5.80,4.90
2010.03.15 04:42:50.239,1.51565,1.51595,5.90,4.90
2010.03.15 04:42:50.577,1.51565,1.51595,6.70,4.90
2010.03.15 04:42:50.917,1.51565,1.51595,6.60,4.90
2010.03.15 04:42:51.256,1.51565,1.51595,5.80,4.90
2010.03.15 04:42:52.330,1.5158,1.51595,1.00,4.90
2010.03.15 04:42:52.558,1.5158,1.51595,1.00,3.30
2010.03.15 04:42:52.766,1.5158,1.51595,1.00,3.00
2010.03.15 04:42:52.975,1.5158,1.51595,1.00,2.80
2010.03.15 04:42:56.055,1.51585,1.51595,1.00,2.80
2010.03.15 04:42:58.380,1.5159,1.51595,1.00,2.80
2010.03.15 04:42:58.419,1.5159,1.51595,1.00,2.40
2010.03.15 04:42:58.926,1.5159,1.516,1.00,2.40
2010.03.15 04:43:02.932,1.5159,1.51605,1.00,8.20
2010.03.15 04:43:15.028,1.5159,1.51605,1.00,8.00
2010.03.15 04:43:23.777,1.5158,1.5161,4.00,13.00
2010.03.15 04:43:23.979,1.5158,1.51605,1.60,10.00
2010.03.15 04:43:24.379,1.5158,1.51605,1.60,9.70
2010.03.15 04:43:24.578,1.5158,1.51605,1.60,10.00
2010.03.15 04:43:27.008,1.51585,1.51605,1.00,9.90
2010.03.15 04:43:27.077,1.51585,1.51605,1.00,8.00
2010.03.15 04:43:27.867,1.5158,1.51605,1.90,6.40
2010.03.15 04:43:28.030,1.51585,1.51605,1.00,4.00
2010.03.15 04:43:28.189,1.51585,1.51605,1.00,6.40
2010.03.15 04:43:28.828,1.51585,1.51605,1.00,6.40
2010.03.15 04:43:29.848,1.51585,1.51605,1.00,4.80
2010.03.15 04:43:30.069,1.51585,1.5161,2.70,4.10
2010.03.15 04:43:30.289,1.51585,1.5161,2.70,2.50
2010.03.15 04:43:30.947,1.51585,1.5161,4.30,2.50
2010.03.15 04:43:31.790,1.51585,1.5161,4.30,4.10
2010.03.15 04:43:32.258,1.51585,1.51605,1.00,6.40
2010.03.15 04:43:32.530,1.5159,1.51605,1.00,6.40
2010.03.15 04:43:32.801,1.51585,1.5161,4.20,1.60
2010.03.15 04:43:33.079,1.51585,1.5161,1.90,4.10
2010.03.15 04:43:33.339,1.51585,1.51605,1.80,1.70
2010.03.15 04:43:33.599,1.5158,1.51605,3.30,8.10
2010.03.15 04:43:34.117,1.51575,1.51605,3.70,6.50
2010.03.15 04:43:35.117,1.51585,1.51605,1.00,6.50
2010.03.15 04:43:36.189,1.51595,1.51615,1.00,6.30
2010.03.15 04:43:36.309,1.51595,1.51615,2.70,1.60
2010.03.15 04:43:36.429,1.51595,1.5162,5.90,4.30
2010.03.15 04:43:36.547,1.516,1.5162,2.40,1.60
2010.03.15 04:43:36.667,1.516,1.51625,2.40,2.40
2010.03.15 04:43:36.786,1.516,1.51625,4.00,2.40
2010.03.15 04:43:37.156,1.516,1.51625,4.00,1.60
2010.03.15 04:43:37.976,1.516,1.51625,4.00,2.40
2010.03.15 04:43:46.313,1.516,1.51625,1.60,4.80
2010.03.15 04:43:46.555,1.51595,1.51625,5.90,4.90
2010.03.15 04:43:46.797,1.51595,1.51615,1.00,2.40
2010.03.15 04:43:49.713,1.51595,1.51615,1.80,2.40
2010.03.15 04:43:51.310,1.51595,1.51615,1.60,2.40
2010.03.15 04:43:52.313,1.5159,1.51615,3.20,2.40
2010.03.15 04:43:52.642,1.5159,1.51615,3.20,4.00
2010.03.15 04:43:53.302,1.5159,1.51615,3.20,2.40
2010.03.15 04:43:56.498,1.5159,1.51615,3.20,4.00
2010.03.15 04:43:57.909,1.5159,1.51615,3.20,2.40
2010.03.15 04:44:00.258,1.5159,1.51615,3.20,4.00
2010.03.15 04:44:02.967,1.5159,1.51615,3.20,2.40
2010.03.15 04:44:07.288,1.5159,1.51615,3.20,4.00
2010.03.15 04:44:07.458,1.5159,1.51615,3.20,2.40
2010.03.15 04:44:08.457,1.5159,1.51615,3.20,4.00
2010.03.15 04:44:08.701,1.5159,1.51615,1.60,6.40
2010.03.15 04:44:16.120,1.5159,1.5161,1.60,1.60
2010.03.15 04:44:16.456,1.51585,1.5161,4.20,1.70
2010.03.15 04:44:16.596,1.51585,1.51605,2.60,1.60
2010.03.15 04:44:16.738,1.5159,1.5161,1.00,3.20
2010.03.15 04:44:16.877,1.5159,1.5161,1.00,1.60
2010.03.15 04:44:17.018,1.5159,1.51605,1.00,2.40
2010.03.15 04:44:17.157,1.5159,1.5161,1.00,6.40
2010.03.15 04:44:19.826,1.5159,1.5161,1.00,4.80
2010.03.15 04:44:20.037,1.51585,1.5161,1.90,6.40
2010.03.15 04:44:21.255,1.51595,1.5161,1.00,6.40
2010.03.15 04:44:21.476,1.51595,1.5161,1.00,1.60
2010.03.15 04:44:27.863,1.51585,1.5161,3.20,1.60
2010.03.15 04:44:27.963,1.51585,1.5161,1.60,1.60
2010.03.15 04:44:29.143,1.51585,1.5161,1.60,4.00
2010.03.15 04:44:29.355,1.51585,1.5161,1.80,6.40
2010.03.15 04:44:29.565,1.51585,1.51605,1.80,2.40
2010.03.15 04:44:31.985,1.51585,1.5161,1.80,6.40
2010.03.15 04:44:32.195,1.51585,1.5161,1.60,6.40
2010.03.15 04:44:32.403,1.51585,1.5161,1.60,1.60
2010.03.15 04:44:33.813,1.51585,1.5161,1.80,5.70
2010.03.15 04:44:34.135,1.51585,1.51605,1.80,2.40
2010.03.15 04:44:38.318,1.51585,1.51605,1.00,2.40
2010.03.15 04:44:38.408,1.5158,1.51605,3.20,2.40
2010.03.15 04:44:38.590,1.5158,1.5161,3.20,5.90
2010.03.15 04:44:38.690,1.5158,1.5161,3.20,4.30
2010.03.15 04:44:38.793,1.5158,1.5161,3.20,4.10
2010.03.15 04:44:39.043,1.5158,1.51605,3.20,4.00
2010.03.15 04:44:39.795,1.5158,1.51605,3.20,4.00
2010.03.15 04:44:40.086,1.5158,1.51605,3.30,4.00
2010.03.15 04:44:42.321,1.5158,1.51605,5.70,1.60
2010.03.15 04:44:42.620,1.5158,1.51605,3.30,4.00
2010.03.15 04:44:50.617,1.5158,1.51605,3.20,4.00
2010.03.15 04:44:51.228,1.5158,1.51605,3.30,4.00
2010.03.15 04:44:53.097,1.5158,1.51605,5.70,1.60
2010.03.15 04:44:53.427,1.5158,1.51605,3.30,4.00
2010.03.15 04:44:56.075,1.5158,1.51605,3.20,4.00
2010.03.15 04:45:06.085,1.5158,1.51605,3.30,4.00
2010.03.15 04:45:12.122,1.5158,1.51605,3.30,2.40
2010.03.15 04:45:24.141,1.51585,1.51605,1.00,2.40
2010.03.15 04:45:24.332,1.51585,1.5161,1.70,4.00
2010.03.15 04:45:24.522,1.51585,1.5161,1.90,4.00
2010.03.15 04:45:24.782,1.51585,1.5161,1.90,1.60
2010.03.15 04:45:25.325,1.51585,1.51615,5.90,4.80
2010.03.15 04:45:25.672,1.51585,1.51615,3.50,7.20
2010.03.15 04:45:34.046,1.51585,1.5161,3.50,1.60
2010.03.15 04:45:34.488,1.51585,1.5161,3.30,1.60
2010.03.15 04:45:34.708,1.51585,1.5161,1.70,4.00
2010.03.15 04:45:48.175,1.51585,1.5161,1.00,4.00
2010.03.15 04:45:48.289,1.51585,1.51605,1.00,2.40
2010.03.15 04:45:52.764,1.51585,1.51605,1.70,2.40
2010.03.15 04:45:52.923,1.51585,1.5161,1.70,4.00
2010.03.15 04:45:55.997,1.51585,1.5161,1.60,5.70
2010.03.15 04:45:56.219,1.5158,1.5161,3.30,5.60
2010.03.15 04:45:56.440,1.51585,1.51605,1.00,2.40
2010.03.15 04:45:56.877,1.5158,1.5161,4.10,6.40
2010.03.15 04:45:57.225,1.5158,1.5161,3.30,4.00
2010.03.15 04:46:00.620,1.51585,1.5161,1.00,4.00
2010.03.15 04:46:00.740,1.51585,1.5161,1.70,4.00
2010.03.15 04:46:14.316,1.51585,1.5161,1.70,1.60
2010.03.15 04:46:14.558,1.51585,1.51605,1.70,1.00
2010.03.15 04:46:14.710,1.51585,1.5161,1.70,6.40
2010.03.15 04:46:14.858,1.51585,1.5161,1.70,1.60
2010.03.15 04:46:15.159,1.51585,1.5161,1.70,6.40
2010.03.15 04:46:15.459,1.51585,1.5161,1.70,1.60
2010.03.15 04:46:16.818,1.51585,1.5161,3.30,1.60
2010.03.15 04:46:22.852,1.51585,1.51605,3.30,1.00
2010.03.15 04:46:23.285,1.5159,1.51605,1.00,1.00
2010.03.15 04:46:23.474,1.51585,1.51605,3.30,1.00
2010.03.15 04:46:23.560,1.51585,1.5161,3.50,4.80
2010.03.15 04:46:23.648,1.51585,1.51615,3.50,7.20
2010.03.15 04:46:23.729,1.5159,1.51615,1.00,6.80
2010.03.15 04:46:39.961,1.51595,1.51615,1.00,5.20
2010.03.15 04:46:40.122,1.51595,1.51615,1.00,5.00
2010.03.15 04:46:40.285,1.51595,1.51615,1.00,4.20
2010.03.15 04:46:42.026,1.51595,1.5162,1.00,4.00
2010.03.15 04:46:42.377,1.51605,1.51615,1.00,2.40
2010.03.15 04:46:42.665,1.51605,1.5162,1.00,2.40
2010.03.15 04:46:42.955,1.51605,1.51625,1.00,1.60
2010.03.15 04:46:44.142,1.51605,1.51625,1.00,4.00
2010.03.15 04:46:44.743,1.5161,1.51625,1.00,2.40
2010.03.15 04:46:45.105,1.5161,1.51625,1.00,4.00
2010.03.15 04:46:45.465,1.5161,1.51625,1.00,1.60
2010.03.15 04:46:45.585,1.5161,1.5163,1.00,4.00
2010.03.15 04:46:45.932,1.5161,1.5163,1.00,2.40
2010.03.15 04:46:48.050,1.5161,1.5163,1.00,6.40
2010.03.15 04:46:48.149,1.5161,1.51625,1.00,2.40
2010.03.15 04:46:48.656,1.51605,1.51625,1.00,2.40
2010.03.15 04:46:48.994,1.5161,1.51625,1.00,2.40
2010.03.15 04:46:49.351,1.5161,1.5162,1.00,2.40
2010.03.15 04:46:50.652,1.51615,1.5162,1.00,2.40
2010.03.15 04:46:50.979,1.51615,1.51635,1.00,6.00
2010.03.15 04:46:51.331,1.51615,1.51635,1.00,3.20
2010.03.15 04:46:51.792,1.51615,1.51635,1.00,1.60
2010.03.15 04:46:52.274,1.51615,1.51635,1.00,3.20
2010.03.15 04:46:55.118,1.51615,1.51635,1.00,3.20
2010.03.15 04:46:55.310,1.5161,1.51635,1.90,3.40
2010.03.15 04:46:57.637,1.5162,1.51635,1.00,3.40
2010.03.15 04:46:57.898,1.5162,1.5163,1.00,2.40
2010.03.15 04:46:58.049,1.5162,1.51635,1.00,4.80
2010.03.15 04:46:58.349,1.51625,1.51635,1.00,2.40
2010.03.15 04:46:58.649,1.5162,1.5164,1.00,2.40
2010.03.15 04:46:59.732,1.51615,1.5163,1.00,2.40
2010.03.15 04:46:59.972,1.5162,1.51635,1.00,2.40
2010.03.15 04:47:00.319,1.5162,1.5163,1.00,2.40
2010.03.15 04:47:00.665,1.5162,1.51635,1.00,4.80
2010.03.15 04:47:01.121,1.5162,1.51635,1.00,2.40
2010.03.15 04:47:01.441,1.51615,1.51625,1.00,2.40
2010.03.15 04:47:02.578,1.5162,1.51625,1.00,2.40
2010.03.15 04:47:03.078,1.5162,1.5163,1.00,2.40
2010.03.15 04:47:03.399,1.5162,1.51635,1.00,2.40
2010.03.15 04:47:03.559,1.5162,1.5163,1.00,2.40
2010.03.15 04:47:03.882,1.5162,1.51635,1.00,2.40
2010.03.15 04:47:04.043,1.5162,1.5163,1.00,2.40
2010.03.15 04:47:04.511,1.51625,1.5163,1.00,2.40
2010.03.15 04:47:04.870,1.5162,1.5163,1.00,2.40
2010.03.15 04:47:05.223,1.51625,1.5163,1.00,2.40
2010.03.15 04:47:05.830,1.5162,1.5163,1.00,2.40
2010.03.15 04:47:06.141,1.51625,1.5163,1.00,2.40
2010.03.15 04:47:06.456,1.5162,1.5163,1.00,2.40
2010.03.15 04:47:06.722,1.5162,1.5163,1.00,2.40
2010.03.15 04:47:08.106,1.5162,1.51645,1.00,8.90
2010.03.15 04:47:10.526,1.51625,1.51645,1.00,7.20
2010.03.15 04:47:10.849,1.5163,1.51645,1.00,7.20
2010.03.15 04:47:11.075,1.51625,1.51645,1.00,8.60
2010.03.15 04:47:11.417,1.51625,1.51645,1.00,7.00
2010.03.15 04:47:11.757,1.5162,1.51645,1.00,4.70
2010.03.15 04:47:12.109,1.5163,1.5165,1.00,8.00
2010.03.15 04:47:12.446,1.5163,1.5165,1.00,6.40
2010.03.15 04:47:13.324,1.51625,1.5165,1.40,6.40
2010.03.15 04:47:13.544,1.51625,1.5165,1.50,6.50
2010.03.15 04:47:14.309,1.5163,1.5165,1.70,6.40
2010.03.15 04:47:14.616,1.5163,1.51655,1.70,4.20
2010.03.15 04:47:15.226,1.5163,1.51655,1.00,2.60
2010.03.15 04:47:15.435,1.5163,1.51655,2.50,2.60
2010.03.15 04:47:17.754,1.51635,1.51655,1.00,1.00
2010.03.15 04:47:19.064,1.51635,1.51655,3.70,1.00
2010.03.15 04:47:19.293,1.51635,1.51655,5.30,1.00
2010.03.15 04:47:19.523,1.51635,1.51655,5.30,1.00
2010.03.15 04:47:21.115,1.51635,1.51655,5.20,1.00
2010.03.15 04:47:21.368,1.51635,1.51655,5.30,1.00
2010.03.15 04:47:21.614,1.5164,1.51655,2.40,1.00
2010.03.15 04:47:22.046,1.5164,1.51655,2.40,1.00
2010.03.15 04:47:22.909,1.51635,1.5165,2.40,1.00
2010.03.15 04:47:23.255,1.5163,1.5165,2.40,1.00
2010.03.15 04:47:30.781,1.51625,1.5165,6.90,1.00
2010.03.15 04:47:33.249,1.51625,1.5165,5.30,1.00
2010.03.15 04:47:36.348,1.51625,1.5165,4.50,1.00
2010.03.15 04:47:36.616,1.51625,1.5165,2.90,1.00
2010.03.15 04:47:45.043,1.51625,1.5165,2.70,1.00
2010.03.15 04:47:45.224,1.51625,1.5165,3.50,1.00
2010.03.15 04:47:48.492,1.51625,1.5165,2.70,1.00
2010.03.15 04:47:51.754,1.51625,1.5165,3.50,1.00
2010.03.15 04:47:56.231,1.51625,1.5165,2.70,1.00
2010.03.15 04:47:58.442,1.51625,1.5165,2.70,1.70
2010.03.15 04:47:58.953,1.51625,1.51645,1.00,4.00
2010.03.15 04:47:59.066,1.51625,1.51635,1.00,1.00
2010.03.15 04:47:59.175,1.51625,1.51635,1.00,2.60
2010.03.15 04:48:03.950,1.5162,1.51635,1.00,3.20
2010.03.15 04:48:04.298,1.51625,1.5163,1.00,2.40
2010.03.15 04:48:04.581,1.5162,1.51645,1.00,4.10
2010.03.15 04:48:04.859,1.5162,1.51645,1.00,5.70
2010.03.15 04:48:05.238,1.51615,1.5163,1.00,2.40
2010.03.15 04:48:05.588,1.51615,1.51625,1.00,2.40
2010.03.15 04:48:05.934,1.5161,1.5163,1.00,4.80
2010.03.15 04:48:06.284,1.5161,1.51625,1.00,2.40
2010.03.15 04:48:06.626,1.51615,1.5163,1.00,2.40
2010.03.15 04:48:07.986,1.5162,1.51635,1.00,2.40
2010.03.15 04:48:08.413,1.51625,1.51635,1.00,2.40
2010.03.15 04:48:08.588,1.51625,1.5164,1.00,2.40
2010.03.15 04:48:08.935,1.51625,1.51645,1.00,2.40
2010.03.15 04:48:09.284,1.51625,1.5165,1.00,2.40
2010.03.15 04:48:09.634,1.51625,1.51645,1.00,2.40
2010.03.15 04:48:09.963,1.51625,1.5165,1.00,4.80
2010.03.15 04:48:10.294,1.51625,1.51645,1.00,2.40
2010.03.15 04:48:10.623,1.51625,1.5165,1.00,2.40
2010.03.15 04:48:10.952,1.51625,1.5165,1.00,4.80
2010.03.15 04:48:11.291,1.51625,1.5165,1.00,2.40
2010.03.15 04:48:17.757,1.5163,1.5165,1.00,2.40
2010.03.15 04:48:30.674,1.51625,1.5165,1.00,2.40
2010.03.15 04:48:33.664,1.5163,1.5165,1.00,2.40
2010.03.15 04:48:36.376,1.51625,1.5165,2.50,2.40
2010.03.15 04:48:36.964,1.5163,1.5165,1.00,2.40
2010.03.15 04:48:37.771,1.51625,1.5165,2.50,2.40
2010.03.15 04:48:38.435,1.5163,1.5165,1.00,2.40
2010.03.15 04:48:39.070,1.51635,1.51655,1.80,2.40
2010.03.15 04:48:39.380,1.51645,1.51665,1.00,4.00
2010.03.15 04:48:39.679,1.51645,1.5167,1.80,8.00
2010.03.15 04:48:39.981,1.51645,1.51665,1.00,2.40
2010.03.15 04:48:40.786,1.51645,1.51655,1.00,2.50
2010.03.15 04:48:41.138,1.51645,1.51655,1.70,2.40
2010.03.15 04:48:41.485,1.51645,1.51675,1.80,5.10
2010.03.15 04:48:41.834,1.51645,1.5167,1.80,6.40
2010.03.15 04:48:43.002,1.51645,1.5167,1.00,6.40
2010.03.15 04:48:45.663,1.51645,1.5167,1.00,4.80
2010.03.15 04:48:46.332,1.5164,1.51655,3.20,1.00
2010.03.15 04:48:46.675,1.51635,1.5165,1.00,2.40
2010.03.15 04:48:54.020,1.51635,1.51645,1.00,2.40
2010.03.15 04:48:54.814,1.51625,1.51645,1.00,2.40
2010.03.15 04:48:55.042,1.51625,1.51635,1.00,2.40
2010.03.15 04:48:55.272,1.5161,1.51635,3.20,2.40
2010.03.15 04:48:55.482,1.51605,1.5163,3.40,2.40
2010.03.15 04:48:56.403,1.51605,1.5163,3.20,2.40
2010.03.15 04:48:58.269,1.51605,1.5163,3.40,2.40
2010.03.15 04:49:01.127,1.51605,1.5163,3.40,4.00
2010.03.15 04:49:01.372,1.51605,1.5163,1.80,4.00
2010.03.15 04:49:02.859,1.51605,1.5163,4.20,1.60
2010.03.15 04:49:03.060,1.51605,1.51635,5.80,5.80
2010.03.15 04:49:04.745,1.5162,1.51635,1.00,4.20
2010.03.15 04:49:04.969,1.5162,1.51635,1.00,2.40
2010.03.15 04:49:08.361,1.51615,1.51635,1.00,2.40
2010.03.15 04:49:08.493,1.5162,1.51635,1.00,2.40
2010.03.15 04:49:12.845,1.5162,1.5164,1.00,2.40
2010.03.15 04:49:13.218,1.5162,1.51625,1.00,1.00
2010.03.15 04:49:13.736,1.5162,1.51625,1.00,1.00
2010.03.15 04:49:14.218,1.51615,1.51625,1.00,1.00
2010.03.15 04:49:14.342,1.51615,1.51625,1.00,1.00
2010.03.15 04:49:14.825,1.51615,1.51635,1.00,1.00
2010.03.15 04:49:14.945,1.51615,1.5164,1.00,5.70
2010.03.15 04:49:16.107,1.5162,1.5164,1.00,2.40
2010.03.15 04:49:20.735,1.5162,1.5164,1.00,2.40
2010.03.15 04:49:20.854,1.5162,1.5164,1.00,2.40
2010.03.15 04:49:22.945,1.51625,1.5164,1.00,2.40
2010.03.15 04:49:26.094,1.5162,1.5164,1.00,2.40
2010.03.15 04:49:31.861,1.5162,1.5164,1.00,2.40
2010.03.15 04:49:32.056,1.51625,1.51645,3.60,2.70
2010.03.15 04:49:32.253,1.5163,1.51655,3.20,2.40
2010.03.15 04:49:32.456,1.51635,1.5166,4.00,2.50
2010.03.15 04:49:32.656,1.51645,1.5167,1.00,2.50
2010.03.15 04:49:32.854,1.5164,1.5167,5.60,4.10
2010.03.15 04:49:33.204,1.51645,1.5167,1.60,6.50
2010.03.15 04:49:35.130,1.5164,1.51665,3.20,2.40
2010.03.15 04:49:36.568,1.5164,1.51665,1.60,2.40
2010.03.15 04:49:36.802,1.51635,1.5166,4.00,1.00
2010.03.15 04:49:37.031,1.51635,1.5166,1.60,4.40
2010.03.15 04:49:37.261,1.5163,1.5165,1.70,2.40
2010.03.15 04:49:40.296,1.5163,1.5165,1.60,2.40
2010.03.15 04:49:40.638,1.5163,1.5165,1.70,2.40
2010.03.15 04:49:41.151,1.5163,1.5165,1.00,2.40
2010.03.15 04:49:41.377,1.51625,1.5165,6.10,2.40
2010.03.15 04:49:43.197,1.51625,1.5165,4.50,2.40
2010.03.15 04:49:43.357,1.51625,1.5165,4.30,2.40
2010.03.15 04:49:43.517,1.5163,1.5165,1.00,2.40
2010.03.15 04:49:44.541,1.5163,1.5165,1.00,4.80
2010.03.15 04:49:44.699,1.5163,1.5165,1.00,2.40
2010.03.15 04:49:46.555,1.51625,1.5165,1.80,2.40
2010.03.15 04:49:46.709,1.51625,1.5165,1.00,2.40
2010.03.15 04:49:47.014,1.51625,1.51645,1.00,2.40
2010.03.15 04:49:47.309,1.5162,1.51645,3.30,2.40
2010.03.15 04:49:47.613,1.51625,1.51645,1.00,2.40
2010.03.15 04:49:49.159,1.51625,1.5165,1.70,2.40
2010.03.15 04:49:49.302,1.51625,1.5165,1.90,2.40
2010.03.15 04:49:49.871,1.51625,1.51645,1.00,1.00
2010.03.15 04:49:50.219,1.5162,1.5164,1.00,2.40
2010.03.15 04:49:53.106,1.51625,1.5164,1.00,2.40
2010.03.15 04:49:53.273,1.5163,1.5164,1.00,2.40
2010.03.15 04:49:53.437,1.5163,1.51645,1.00,2.40
2010.03.15 04:49:53.598,1.5163,1.5165,1.00,2.40
2010.03.15 04:49:53.757,1.5163,1.5165,1.00,2.40
2010.03.15 04:49:53.926,1.51635,1.5165,1.00,2.40
2010.03.15 04:49:54.089,1.51635,1.51655,2.50,1.00
2010.03.15 04:49:54.437,1.51635,1.51665,2.70,5.70
2010.03.15 04:49:54.782,1.51635,1.51665,4.30,5.70
2010.03.15 04:49:59.112,1.51635,1.51665,5.90,5.70
2010.03.15 04:49:59.252,1.51645,1.51665,1.00,5.70
2010.03.15 04:50:02.132,1.51635,1.51665,6.50,5.70
2010.03.15 04:50:03.441,1.51635,1.51665,6.50,6.00
2010.03.15 04:50:05.992,1.51635,1.51665,4.90,6.00
2010.03.15 04:50:14.188,1.51635,1.5166,4.90,1.60
2010.03.15 04:50:15.066,1.5163,1.51655,4.00,1.00
2010.03.15 04:50:15.365,1.51625,1.51655,4.30,4.90
2010.03.15 04:50:15.832,1.51625,1.51655,4.10,6.50
2010.03.15 04:50:22.845,1.51625,1.51655,2.50,6.50
2010.03.15 04:50:23.340,1.51625,1.51645,2.40,1.60
2010.03.15 04:50:23.572,1.5161,1.5163,1.60,1.60
2010.03.15 04:50:23.813,1.51605,1.5163,1.00,4.10
2010.03.15 04:50:24.051,1.516,1.51625,3.20,2.40
2010.03.15 04:50:28.905,1.51595,1.51625,8.00,2.40
2010.03.15 04:50:28.976,1.51595,1.51625,7.40,2.80
2010.03.15 04:50:29.144,1.51595,1.5162,3.40,2.40
2010.03.15 04:50:29.229,1.51595,1.5161,3.40,1.70
2010.03.15 04:50:29.302,1.5159,1.5161,4.00,1.70
2010.03.15 04:50:29.369,1.51585,1.5161,1.00,6.50
2010.03.15 04:50:29.715,1.51585,1.5161,1.80,4.80
2010.03.15 04:50:30.061,1.51595,1.5161,1.00,2.40
2010.03.15 04:50:30.527,1.516,1.5163,2.40,5.60
2010.03.15 04:50:30.669,1.516,1.5163,2.40,4.00
2010.03.15 04:50:30.806,1.516,1.5163,4.00,4.00
2010.03.15 04:50:31.086,1.516,1.5163,2.40,4.00
2010.03.15 04:50:31.227,1.516,1.5163,2.40,5.60
2010.03.15 04:50:31.647,1.516,1.5163,4.00,5.60
2010.03.15 04:50:33.415,1.516,1.5163,5.60,4.00
2010.03.15 04:50:33.764,1.51605,1.5163,1.00,4.00
2010.03.15 04:50:34.044,1.51605,1.5163,1.00,2.40
2010.03.15 04:50:34.545,1.51605,1.5163,1.80,2.40
2010.03.15 04:50:35.077,1.51605,1.51635,4.20,4.00
2010.03.15 04:50:35.311,1.5161,1.5164,2.40,5.60
2010.03.15 04:50:35.814,1.51615,1.5164,1.00,5.60
2010.03.15 04:50:36.051,1.51625,1.51645,1.00,3.20
2010.03.15 04:50:36.400,1.51625,1.5165,1.00,5.60
2010.03.15 04:50:37.805,1.51625,1.5165,1.00,4.00
2010.03.15 04:50:38.246,1.51625,1.5165,1.00,2.40
2010.03.15 04:50:38.686,1.51625,1.5165,1.80,2.40
2010.03.15 04:50:46.462,1.51625,1.5164,1.80,1.00
2010.03.15 04:50:46.623,1.51625,1.5164,1.00,1.00
2010.03.15 04:50:46.784,1.51625,1.5164,1.00,2.50
2010.03.15 04:50:47.104,1.51625,1.5164,1.00,2.40
2010.03.15 04:50:54.681,1.51625,1.5164,1.00,2.50
2010.03.15 04:50:55.670,1.51625,1.5164,1.00,2.40
2010.03.15 04:50:55.832,1.51625,1.51645,1.00,1.60
2010.03.15 04:50:55.990,1.51625,1.5165,1.00,5.60
2010.03.15 04:50:59.744,1.51625,1.51655,2.60,5.90
2010.03.15 04:51:00.094,1.51625,1.51655,2.60,5.60
2010.03.15 04:51:00.346,1.51625,1.51655,5.80,5.60
2010.03.15 04:51:00.591,1.51625,1.51655,5.80,4.00
2010.03.15 04:51:02.059,1.51625,1.51655,5.80,2.40
2010.03.15 04:51:04.786,1.51625,1.51655,5.80,4.00
2010.03.15 04:51:04.950,1.51625,1.5165,3.40,2.40
2010.03.15 04:51:06.691,1.51625,1.51645,1.00,2.50
2010.03.15 04:51:06.951,1.51625,1.5164,1.00,2.40
2010.03.15 04:51:07.359,1.51615,1.5164,4.00,2.40
2010.03.15 04:51:07.970,1.51615,1.5164,4.80,2.40
2010.03.15 04:51:08.220,1.51615,1.51645,7.20,2.40
2010.03.15 04:51:15.673,1.51625,1.51645,1.00,4.00
2010.03.15 04:51:16.732,1.51625,1.51645,1.00,2.40
2010.03.15 04:51:18.385,1.51625,1.51645,1.00,4.00
2010.03.15 04:51:22.873,1.51615,1.51645,7.20,4.00
2010.03.15 04:51:24.146,1.51615,1.51645,7.30,4.00
2010.03.15 04:51:24.345,1.51615,1.5164,4.00,1.60
2010.03.15 04:51:24.705,1.51615,1.51645,4.00,5.60
2010.03.15 04:51:24.886,1.51615,1.51645,5.60,5.60
2010.03.15 04:51:25.073,1.51615,1.51645,7.20,5.60
2010.03.15 04:51:29.940,1.51615,1.5164,7.20,1.60
2010.03.15 04:51:30.103,1.51615,1.5164,5.60,1.60
2010.03.15 04:51:30.421,1.51615,1.51645,5.60,5.60
2010.03.15 04:51:30.580,1.51615,1.51645,7.20,5.60
2010.03.15 04:51:32.481,1.51615,1.51645,7.20,4.00
2010.03.15 04:51:43.376,1.51615,1.51645,7.20,1.60
2010.03.15 04:51:43.468,1.51615,1.5165,7.20,9.70
2010.03.15 04:51:43.689,1.51615,1.51645,7.20,2.40
2010.03.15 04:51:43.787,1.51615,1.51645,7.20,1.60
2010.03.15 04:51:43.977,1.51615,1.51645,7.20,4.00
2010.03.15 04:51:44.889,1.51615,1.51645,7.20,5.60
2010.03.15 04:51:51.646,1.51615,1.51645,9.60,5.60
2010.03.15 04:51:51.827,1.5162,1.51645,2.40,3.20
2010.03.15 04:51:54.456,1.5162,1.51645,2.40,1.60
2010.03.15 04:52:41.883,1.5162,1.5165,2.40,5.70
2010.03.15 04:52:42.120,1.51615,1.51645,4.80,5.60
2010.03.15 04:53:02.708,1.51615,1.5164,4.80,1.60
2010.03.15 04:53:05.959,1.51615,1.51635,4.80,1.60
2010.03.15 04:53:06.244,1.51615,1.51635,4.00,1.60
2010.03.15 04:53:06.489,1.51615,1.51635,2.40,1.60
2010.03.15 04:53:06.599,1.5161,1.5164,4.00,4.00
2010.03.15 04:53:06.701,1.5161,1.51635,4.00,1.60
2010.03.15 04:53:12.436,1.5161,1.51635,2.40,1.60
2010.03.15 04:53:22.123,1.5161,1.51635,4.00,1.60
2010.03.15 04:53:40.589,1.5161,1.51635,5.60,1.60
2010.03.15 04:53:40.900,1.5161,1.51635,8.00,1.60
2010.03.15 04:53:41.103,1.5162,1.5164,2.40,1.60
2010.03.15 04:53:41.834,1.5162,1.5164,4.00,1.60
2010.03.15 04:53:46.357,1.5162,1.51645,4.00,1.80
2010.03.15 04:53:46.778,1.5162,1.51645,4.00,1.60
2010.03.15 04:53:46.997,1.5162,1.5164,4.00,1.60
2010.03.15 04:53:48.337,1.5162,1.51645,4.00,1.60
2010.03.15 04:53:49.696,1.5162,1.51645,4.00,1.80
2010.03.15 04:53:50.788,1.5162,1.5164,4.00,1.60
2010.03.15 04:53:56.745,1.5162,1.51645,4.00,1.60
2010.03.15 04:54:03.923,1.5162,1.5164,4.00,1.60
2010.03.15 04:54:15.591,1.5162,1.51645,4.00,1.60
2010.03.15 04:54:22.938,1.5162,1.51645,4.00,1.80
2010.03.15 04:54:27.801,1.5162,1.51645,2.40,1.80
2010.03.15 04:54:28.212,1.5162,1.5164,2.40,1.60
2010.03.15 04:54:28.686,1.51615,1.5164,1.80,4.00
2010.03.15 04:54:29.153,1.51615,1.51635,1.00,1.60
2010.03.15 04:54:43.808,1.51615,1.51635,1.00,1.80
2010.03.15 04:55:05.488,1.51615,1.51635,1.00,2.40
2010.03.15 04:55:06.141,1.51615,1.51635,1.00,2.40
2010.03.15 04:55:13.206,1.51615,1.51635,1.00,2.60
2010.03.15 04:55:13.427,1.51615,1.51635,1.00,5.00
2010.03.15 04:55:15.143,1.51615,1.51635,1.00,4.80
2010.03.15 04:55:15.320,1.51615,1.51635,1.00,2.40
2010.03.15 04:55:23.308,1.51615,1.51635,1.00,2.40
2010.03.15 04:55:23.739,1.51615,1.51635,1.00,1.00
2010.03.15 04:55:35.171,1.51615,1.51635,1.00,1.00
2010.03.15 04:55:48.693,1.51615,1.51635,1.00,1.00
2010.03.15 04:55:54.475,1.51615,1.51635,1.00,2.00
2010.03.15 04:56:00.931,1.51615,1.51635,1.00,1.80
2010.03.15 04:56:01.943,1.5161,1.51635,7.20,1.80
2010.03.15 04:56:04.998,1.5161,1.5163,4.80,2.40
2010.03.15 04:56:05.085,1.51605,1.5163,3.40,4.00
2010.03.15 04:56:05.240,1.51605,1.51625,1.80,1.60
2010.03.15 04:56:05.397,1.51605,1.51625,1.60,1.60
2010.03.15 04:56:05.560,1.51605,1.51625,1.60,5.60
2010.03.15 04:56:05.640,1.51595,1.5162,4.00,2.40
2010.03.15 04:56:05.721,1.51595,1.51605,3.20,1.00
2010.03.15 04:56:05.800,1.51595,1.51605,1.60,1.00
2010.03.15 04:56:06.152,1.51585,1.51615,4.90,6.80
2010.03.15 04:56:06.498,1.51585,1.5161,4.90,2.40
2010.03.15 04:56:06.849,1.51585,1.5161,3.20,4.00
2010.03.15 04:56:13.885,1.51585,1.5161,3.20,4.10
2010.03.15 04:56:13.967,1.51585,1.5161,3.20,5.70
2010.03.15 04:56:14.125,1.5158,1.51605,3.20,4.00
2010.03.15 04:56:19.080,1.5158,1.51605,3.20,2.40
2010.03.15 04:56:19.153,1.51585,1.5161,1.60,4.00
2010.03.15 04:56:19.223,1.51585,1.5161,3.20,4.00
2010.03.15 04:56:40.705,1.51585,1.5161,3.40,4.00
2010.03.15 04:56:41.559,1.51595,1.5161,1.00,2.40
2010.03.15 04:56:41.922,1.51615,1.5162,1.00,1.60
2010.03.15 04:56:42.400,1.5163,1.5166,2.40,4.10
2010.03.15 04:56:42.742,1.5163,1.51665,2.40,3.20
2010.03.15 04:56:43.071,1.51625,1.5166,5.80,1.60
2010.03.15 04:56:43.721,1.51625,1.51645,1.60,1.80
2010.03.15 04:56:44.072,1.5162,1.51645,1.60,1.80
2010.03.15 04:56:44.420,1.5162,1.51645,1.60,4.20
2010.03.15 04:56:45.037,1.5162,1.5164,1.60,1.60
2010.03.15 04:56:47.096,1.51615,1.51635,3.20,1.70
2010.03.15 04:56:47.389,1.5159,1.51615,7.20,1.00
2010.03.15 04:56:47.747,1.5159,1.51615,1.00,2.80
2010.03.15 04:56:48.043,1.51585,1.5161,3.40,2.40
2010.03.15 04:56:48.391,1.51585,1.5161,3.50,2.40
2010.03.15 04:56:49.551,1.51585,1.5161,3.40,2.40
2010.03.15 04:56:51.433,1.5159,1.5161,1.60,2.40
2010.03.15 04:56:51.504,1.5159,1.5161,3.20,2.40
2010.03.15 04:56:51.588,1.5159,1.51615,3.20,4.00
2010.03.15 04:56:51.792,1.5159,1.51615,3.20,2.40
2010.03.15 04:56:53.086,1.5159,1.51615,3.20,4.00
2010.03.15 04:56:53.906,1.5159,1.5162,5.60,5.70
2010.03.15 04:56:54.147,1.5159,1.51615,3.20,4.00
2010.03.15 04:56:54.386,1.5159,1.51615,5.60,1.60
2010.03.15 04:56:54.616,1.5159,1.51615,3.20,2.40
2010.03.15 04:56:54.846,1.5159,1.5162,5.60,5.60
2010.03.15 04:56:55.076,1.5159,1.51615,3.20,2.40
2010.03.15 04:56:55.306,1.5159,1.5162,5.60,8.10
2010.03.15 04:56:55.584,1.5159,1.5161,3.20,2.40
2010.03.15 04:56:55.841,1.51595,1.51615,1.60,1.60
2010.03.15 04:56:56.094,1.51595,1.5162,1.60,4.00
2010.03.15 04:57:02.862,1.51595,1.51615,1.60,1.00
2010.03.15 04:57:02.963,1.5159,1.51615,5.60,1.80
2010.03.15 04:57:03.062,1.5159,1.51615,3.20,4.20
2010.03.15 04:57:09.360,1.5159,1.51615,3.20,4.00
2010.03.15 04:57:09.741,1.5159,1.51615,5.60,1.60
2010.03.15 04:57:11.010,1.5159,1.5162,5.60,4.00
2010.03.15 04:57:13.027,1.51595,1.5162,1.00,4.00
2010.03.15 04:57:16.287,1.51595,1.51615,1.00,1.60
2010.03.15 04:57:16.329,1.5159,1.51615,2.40,1.60
2010.03.15 04:57:16.486,1.51585,1.5161,3.40,2.40
2010.03.15 04:57:16.713,1.51585,1.51615,5.80,4.00
2010.03.15 04:57:17.011,1.51585,1.5161,3.40,2.40
2010.03.15 04:57:17.965,1.51585,1.5161,5.80,1.00
2010.03.15 04:57:18.322,1.51585,1.51605,1.00,2.40
2010.03.15 04:57:23.872,1.51585,1.5161,1.00,6.40
2010.03.15 04:57:23.969,1.51585,1.5161,1.00,4.00
2010.03.15 04:57:25.447,1.51585,1.5161,3.40,4.00
2010.03.15 04:57:30.854,1.51585,1.51615,5.80,6.40
2010.03.15 04:57:31.068,1.51585,1.51615,5.80,4.80
2010.03.15 04:57:31.278,1.51585,1.51615,5.80,4.00
2010.03.15 04:57:31.530,1.51595,1.51615,3.20,4.00
2010.03.15 04:57:31.777,1.51595,1.5162,7.20,1.60
2010.03.15 04:57:32.147,1.516,1.5162,4.00,1.60
2010.03.15 04:57:32.737,1.516,1.5162,5.60,1.60
2010.03.15 04:57:36.303,1.516,1.51625,5.60,1.60
2010.03.15 04:57:36.692,1.516,1.5162,5.60,1.60
2010.03.15 04:57:39.821,1.51605,1.5162,1.00,1.60
2010.03.15 04:57:40.501,1.51605,1.51625,1.00,1.60
2010.03.15 04:57:43.700,1.51605,1.5162,1.00,1.60
2010.03.15 04:57:45.649,1.51605,1.51625,1.00,1.60
2010.03.15 04:57:47.459,1.51605,1.5162,1.00,1.60
2010.03.15 04:57:47.900,1.51605,1.51625,1.00,1.60
2010.03.15 04:57:52.361,1.51605,1.51625,1.00,4.00
2010.03.15 04:57:52.693,1.51605,1.5162,1.00,2.40
2010.03.15 04:57:53.024,1.516,1.5162,1.00,1.60
2010.03.15 04:57:53.364,1.516,1.5162,3.30,1.60
2010.03.15 04:57:53.704,1.51605,1.5162,1.00,4.00
2010.03.15 04:57:53.872,1.51595,1.5162,5.80,1.60
2010.03.15 04:57:54.275,1.51605,1.5162,1.00,4.00
2010.03.15 04:57:54.610,1.51605,1.5162,1.00,1.60
2010.03.15 04:58:10.626,1.516,1.5162,1.60,1.60
2010.03.15 04:58:18.208,1.516,1.51615,1.60,1.60
2010.03.15 04:58:18.451,1.51595,1.5161,1.00,1.60
2010.03.15 04:58:18.688,1.51585,1.5161,3.40,4.00
2010.03.15 04:58:18.957,1.51585,1.5161,3.20,4.00
2010.03.15 04:58:19.500,1.51585,1.5161,1.60,5.70
2010.03.15 04:58:19.767,1.5158,1.51605,3.20,2.40
2010.03.15 04:58:36.518,1.5158,1.51605,3.20,4.00
2010.03.15 04:58:36.718,1.5158,1.51605,3.20,4.30
2010.03.15 04:58:43.450,1.5158,1.51605,5.60,1.00
2010.03.15 04:58:43.686,1.5158,1.5161,5.60,6.00
2010.03.15 04:58:50.680,1.5158,1.5161,5.60,5.90
2010.03.15 04:58:58.653,1.5158,1.51605,5.60,1.70
2010.03.15 04:58:58.735,1.5158,1.51605,3.20,4.40
2010.03.15 04:58:58.975,1.5158,1.51605,3.20,6.00
2010.03.15 04:59:00.803,1.5158,1.516,3.20,1.60
2010.03.15 04:59:01.125,1.5158,1.51605,3.20,6.00
2010.03.15 04:59:02.363,1.5158,1.51605,3.20,4.30
2010.03.15 04:59:02.585,1.51585,1.5161,1.00,5.90
2010.03.15 04:59:03.096,1.51585,1.5161,1.00,5.60
2010.03.15 04:59:07.831,1.51585,1.5161,1.80,5.60
2010.03.15 04:59:13.020,1.51585,1.51605,1.00,1.70
2010.03.15 04:59:13.130,1.51585,1.51605,1.00,4.10
2010.03.15 04:59:13.241,1.5158,1.51605,3.20,5.70
2010.03.15 04:59:19.679,1.5158,1.516,1.60,1.60
2010.03.15 04:59:19.789,1.51575,1.516,3.60,5.60
2010.03.15 04:59:39.013,1.51575,1.516,2.00,5.60
2010.03.15 04:59:45.272,1.51575,1.516,1.00,5.60
2010.03.15 04:59:46.603,1.51575,1.51585,1.00,1.00
2010.03.15 04:59:46.809,1.51575,1.5159,1.00,1.60
2010.03.15 04:59:46.835,1.51565,1.5159,1.90,4.00
2010.03.15 04:59:47.057,1.51565,1.5159,4.30,1.60
2010.03.15 04:59:47.096,1.51565,1.5159,5.90,1.60
2010.03.15 04:59:47.117,1.51565,1.5159,6.70,1.60
2010.03.15 04:59:47.160,1.51565,1.5159,9.10,1.60
2010.03.15 04:59:47.184,1.51565,1.5159,9.10,1.60
2010.03.15 04:59:47.206,1.5157,1.51595,2.40,3.60
2010.03.15 04:59:47.295,1.51575,1.51595,1.00,3.20
2010.03.15 04:59:47.444,1.51575,1.51595,1.00,1.60
