2018.03.08 18:00:00.870,1.38148,1.38155,1.12,1.50
2018.03.08 18:00:00.921,1.38148,1.38153,1.12,1.00
2018.03.08 18:00:01.487,1.38147,1.38154,1.00,1.12
2018.03.08 18:00:02.342,1.38147,1.38151,1.00,1.00
2018.03.08 18:00:02.404,1.38144,1.38149,2.44,1.00
2018.03.08 18:00:02.457,1.38141,1.38149,1.00,4.87
2018.03.08 18:00:02.878,1.38143,1.38151,1.12,2.25
2018.03.08 18:00:02.983,1.38141,1.38149,1.12,1.50
2018.03.08 18:00:03.089,1.38143,1.38151,3.37,1.20
2018.03.08 18:00:03.246,1.38145,1.38153,1.12,1.87
2018.03.08 18:00:03.754,1.38146,1.38153,1.00,1.50
2018.03.08 18:00:04.380,1.38152,1.38155,1.00,1.31
2018.03.08 18:00:04.433,1.38155,1.3816,1.12,1.00
2018.03.08 18:00:04.485,1.38159,1.38164,1.00,1.25
2018.03.08 18:00:04.693,1.3816,1.38167,1.25,1.12
2018.03.08 18:00:05.021,1.38158,1.38166,1.00,1.87
2018.03.08 18:00:05.546,1.38157,1.38165,3.37,1.00
2018.03.08 18:00:05.641,1.3816,1.38167,1.00,1.56
2018.03.08 18:00:05.693,1.38161,1.38168,1.00,1.12
2018.03.08 18:00:06.000,1.38161,1.38166,1.00,1.00
2018.03.08 18:00:06.103,1.38161,1.38168,1.00,1.00
2018.03.08 18:00:06.154,1.38164,1.3817,1.00,1.12
2018.03.08 18:00:06.912,1.38164,1.38171,1.00,1.00
2018.03.08 18:00:07.213,1.38165,1.38173,1.50,1.56
2018.03.08 18:00:07.820,1.38166,1.38174,1.12,2.51
2018.03.08 18:00:07.872,1.38166,1.38174,1.12,2.32
2018.03.08 18:00:09.866,1.38167,1.38175,2.25,3.37
2018.03.08 18:00:10.414,1.38166,1.38175,1.12,3.37
2018.03.08 18:00:11.052,1.38166,1.38175,1.12,3.19
2018.03.08 18:00:11.210,1.38166,1.38175,1.12,6.56
2018.03.08 18:00:11.520,1.38165,1.38171,1.50,1.00
2018.03.08 18:00:12.056,1.38164,1.3817,3.37,1.00
2018.03.08 18:00:12.345,1.38163,1.38171,1.31,2.44
2018.03.08 18:00:12.399,1.38161,1.38169,1.12,1.50
2018.03.08 18:00:13.412,1.38161,1.38169,1.25,1.87
2018.03.08 18:00:13.959,1.38161,1.38169,1.12,1.87
2018.03.08 18:00:14.271,1.38165,1.38171,1.00,1.25
2018.03.08 18:00:16.087,1.38165,1.38172,1.00,1.00
2018.03.08 18:00:16.893,1.38165,1.38171,1.00,1.00
2018.03.08 18:00:17.114,1.38161,1.3817,1.25,3.56
2018.03.08 18:00:18.021,1.38161,1.38167,1.12,1.50
2018.03.08 18:00:19.109,1.38161,1.38169,1.87,1.87
2018.03.08 18:00:19.347,1.38159,1.38165,2.25,1.87
2018.03.08 18:00:19.401,1.38159,1.38167,1.50,6.75
2018.03.08 18:00:19.905,1.38158,1.38165,1.00,1.31
2018.03.08 18:00:20.454,1.38158,1.38166,1.00,4.69
2018.03.08 18:00:21.073,1.38161,1.38168,4.12,1.64
2018.03.08 18:00:21.129,1.38165,1.38169,1.00,1.00
2018.03.08 18:00:21.234,1.38168,1.38172,1.00,1.00
2018.03.08 18:00:21.286,1.38168,1.38174,1.12,1.12
2018.03.08 18:00:21.546,1.38167,1.38172,1.12,1.00
2018.03.08 18:00:21.773,1.38165,1.38172,1.12,2.25
2018.03.08 18:00:22.091,1.38163,1.3817,1.00,1.31
2018.03.08 18:00:22.466,1.38163,1.3817,1.12,1.69
2018.03.08 18:00:22.569,1.38163,1.38171,1.00,1.12
2018.03.08 18:00:23.058,1.38161,1.38169,1.50,1.12
2018.03.08 18:00:23.365,1.38159,1.38166,1.87,1.12
2018.03.08 18:00:23.702,1.38155,1.38162,1.00,1.00
2018.03.08 18:00:24.232,1.38156,1.38164,1.50,1.94
2018.03.08 18:00:26.036,1.38156,1.38164,1.12,2.81
2018.03.08 18:00:28.143,1.38156,1.38163,1.00,1.00
2018.03.08 18:00:28.697,1.38156,1.38164,1.00,2.62
2018.03.08 18:00:30.089,1.38156,1.38163,1.00,1.00
2018.03.08 18:00:30.627,1.38156,1.38164,1.00,2.62
2018.03.08 18:00:31.372,1.38156,1.38163,1.00,1.00
2018.03.08 18:00:31.477,1.38154,1.38162,2.44,1.00
2018.03.08 18:00:31.530,1.38156,1.38162,1.00,1.00
2018.03.08 18:00:31.789,1.38154,1.38162,2.44,1.00
2018.03.08 18:00:33.677,1.38155,1.38162,1.00,1.12
2018.03.08 18:00:34.148,1.38157,1.38162,1.00,1.00
2018.03.08 18:00:35.467,1.38157,1.38164,2.25,1.00
2018.03.08 18:00:35.519,1.38159,1.38166,1.00,1.00
2018.03.08 18:00:35.827,1.38161,1.38167,1.12,1.00
2018.03.08 18:00:37.020,1.3816,1.38167,1.00,1.00
2018.03.08 18:00:37.665,1.3816,1.38168,1.50,1.50
2018.03.08 18:00:38.544,1.38164,1.38171,1.00,1.64
2018.03.08 18:00:38.597,1.38162,1.38169,1.69,1.50
2018.03.08 18:00:38.738,1.38163,1.38171,2.06,1.12
2018.03.08 18:00:39.256,1.38163,1.38172,2.06,1.50
2018.03.08 18:00:40.485,1.38164,1.38171,1.00,1.12
2018.03.08 18:00:40.612,1.38162,1.38168,1.12,1.00
2018.03.08 18:00:40.665,1.38161,1.3817,1.12,2.25
2018.03.08 18:00:40.719,1.38163,1.3817,1.00,1.50
2018.03.08 18:00:42.473,1.38161,1.38169,2.62,3.37
2018.03.08 18:00:42.991,1.38161,1.38169,1.31,1.87
2018.03.08 18:00:45.669,1.38159,1.38169,3.82,3.00
2018.03.08 18:00:46.852,1.38159,1.38168,3.00,1.87
2018.03.08 18:00:47.555,1.38158,1.38167,2.25,2.25
2018.03.08 18:00:48.085,1.38158,1.38167,2.25,2.25
2018.03.08 18:00:48.773,1.38158,1.38167,2.62,1.50
2018.03.08 18:00:49.418,1.38158,1.38166,2.62,1.00
2018.03.08 18:00:52.226,1.3816,1.38167,1.12,1.00
2018.03.08 18:00:52.765,1.3816,1.38166,1.00,1.00
2018.03.08 18:00:53.663,1.38159,1.38166,1.50,1.87
2018.03.08 18:00:56.052,1.38158,1.38166,1.12,1.12
2018.03.08 18:01:02.691,1.38159,1.38167,1.50,1.87
2018.03.08 18:01:04.576,1.38159,1.38167,1.87,1.50
2018.03.08 18:01:05.738,1.38159,1.38167,1.12,3.00
2018.03.08 18:01:07.345,1.38158,1.38166,1.12,1.12
2018.03.08 18:01:08.431,1.38157,1.38164,2.14,1.87
2018.03.08 18:01:08.738,1.3815,1.38158,3.07,1.00
2018.03.08 18:01:08.949,1.38149,1.38158,1.10,5.06
2018.03.08 18:01:09.053,1.38149,1.38157,1.00,2.81
2018.03.08 18:01:09.665,1.38147,1.38157,3.37,3.64
2018.03.08 18:01:10.187,1.38147,1.38155,3.19,1.12
2018.03.08 18:01:10.567,1.38145,1.38153,2.06,1.00
2018.03.08 18:01:10.952,1.38146,1.38155,1.37,1.87
2018.03.08 18:01:11.473,1.38146,1.38155,1.00,1.50
2018.03.08 18:01:12.377,1.38147,1.38155,1.00,1.12
2018.03.08 18:01:13.378,1.38146,1.38156,2.25,5.70
2018.03.08 18:01:15.915,1.38146,1.38156,5.25,5.14
2018.03.08 18:01:16.018,1.38152,1.38158,2.62,2.14
2018.03.08 18:01:16.070,1.3815,1.38158,2.25,4.20
2018.03.08 18:01:16.123,1.38152,1.38159,4.12,1.39
2018.03.08 18:01:16.228,1.38153,1.3816,2.62,1.00
2018.03.08 18:01:16.431,1.3815,1.38158,2.62,1.50
2018.03.08 18:01:16.534,1.38148,1.38157,3.19,3.00
2018.03.08 18:01:17.249,1.3815,1.38157,1.12,3.00
2018.03.08 18:01:19.037,1.38153,1.38159,2.25,1.50
2018.03.08 18:01:19.091,1.38155,1.38161,1.12,1.76
2018.03.08 18:01:19.272,1.38155,1.38163,4.31,1.12
2018.03.08 18:01:19.797,1.38154,1.38162,4.31,1.50
2018.03.08 18:01:20.313,1.38154,1.38163,6.94,1.00
2018.03.08 18:01:20.929,1.38154,1.38161,2.14,1.00
2018.03.08 18:01:21.034,1.38153,1.38161,1.31,1.00
2018.03.08 18:01:21.566,1.38153,1.3816,1.00,1.00
2018.03.08 18:01:22.129,1.38152,1.3816,2.06,1.50
2018.03.08 18:01:22.283,1.3815,1.38158,2.06,1.00
2018.03.08 18:01:22.804,1.38149,1.38157,2.62,1.50
2018.03.08 18:01:23.337,1.38149,1.38157,1.87,1.50
2018.03.08 18:01:23.761,1.38149,1.38157,2.62,1.50
2018.03.08 18:01:24.473,1.3815,1.38157,1.00,1.50
2018.03.08 18:01:27.774,1.38153,1.38159,2.62,1.69
2018.03.08 18:01:27.826,1.38152,1.38159,2.62,1.00
2018.03.08 18:01:28.707,1.38151,1.38159,4.87,1.87
2018.03.08 18:01:28.905,1.38151,1.38158,1.00,1.00
2018.03.08 18:01:32.129,1.38151,1.38157,1.00,1.00
2018.03.08 18:01:32.683,1.3815,1.38158,1.37,1.31
2018.03.08 18:01:35.828,1.38152,1.3816,2.62,2.25
2018.03.08 18:01:36.130,1.38155,1.38161,2.25,1.00
2018.03.08 18:01:36.335,1.38154,1.38161,3.75,1.00
2018.03.08 18:01:37.060,1.38156,1.38164,1.00,2.25
2018.03.08 18:01:37.120,1.38156,1.38164,1.00,1.50
2018.03.08 18:01:37.172,1.38157,1.38166,1.87,3.19
2018.03.08 18:01:37.437,1.38161,1.38167,1.00,1.00
2018.03.08 18:01:37.981,1.3816,1.38168,1.00,1.87
2018.03.08 18:01:39.519,1.38159,1.38168,4.31,2.25
2018.03.08 18:01:40.521,1.38159,1.38168,3.56,2.25
2018.03.08 18:01:41.133,1.38164,1.38168,1.00,1.00
2018.03.08 18:01:41.241,1.38164,1.38173,1.50,2.81
2018.03.08 18:01:42.981,1.38164,1.38172,2.06,1.12
2018.03.08 18:01:43.243,1.38166,1.38174,1.00,2.62
2018.03.08 18:01:43.296,1.38166,1.38174,1.50,1.69
2018.03.08 18:01:43.834,1.38166,1.38174,1.12,1.62
2018.03.08 18:01:44.351,1.38166,1.38174,1.00,3.37
2018.03.08 18:01:44.404,1.38164,1.38171,1.69,1.00
2018.03.08 18:01:45.527,1.38164,1.38173,2.06,1.37
2018.03.08 18:01:46.049,1.38164,1.38171,2.06,1.00
2018.03.08 18:01:46.507,1.38166,1.38173,2.62,1.00
2018.03.08 18:01:46.560,1.38166,1.38174,1.00,2.44
2018.03.08 18:01:46.613,1.38166,1.38174,3.37,1.50
2018.03.08 18:01:46.730,1.3817,1.38178,2.25,1.87
2018.03.08 18:01:47.384,1.38168,1.38177,5.44,1.50
2018.03.08 18:01:47.436,1.38168,1.38175,2.89,1.00
2018.03.08 18:01:48.941,1.38168,1.38176,1.50,1.00
2018.03.08 18:01:51.792,1.38169,1.38176,1.87,1.00
2018.03.08 18:01:52.524,1.38169,1.38177,1.87,1.12
2018.03.08 18:01:53.175,1.3817,1.38178,1.12,2.62
2018.03.08 18:01:53.654,1.38173,1.38181,4.50,1.66
2018.03.08 18:01:53.844,1.38178,1.38185,1.12,1.00
2018.03.08 18:01:54.539,1.38178,1.38185,2.25,1.50
2018.03.08 18:01:55.080,1.38177,1.38186,3.37,2.06
2018.03.08 18:01:55.597,1.38178,1.38185,1.00,1.00
2018.03.08 18:01:55.649,1.38178,1.38185,2.62,1.00
2018.03.08 18:01:55.935,1.38178,1.38185,1.00,1.00
2018.03.08 18:01:56.468,1.38177,1.38185,1.50,2.25
2018.03.08 18:01:56.733,1.38172,1.38179,1.00,1.87
2018.03.08 18:01:57.381,1.38171,1.38178,1.87,1.00
2018.03.08 18:01:57.900,1.3817,1.38178,4.12,1.50
2018.03.08 18:01:58.412,1.3817,1.38178,1.62,1.50
2018.03.08 18:01:58.985,1.38169,1.38178,4.69,2.25
2018.03.08 18:02:00.463,1.3817,1.38179,4.12,1.76
2018.03.08 18:02:00.520,1.38173,1.3818,1.50,1.07
2018.03.08 18:02:00.625,1.38174,1.38181,1.12,1.00
2018.03.08 18:02:00.936,1.38174,1.38183,1.50,2.62
2018.03.08 18:02:01.438,1.38173,1.38183,5.25,3.19
2018.03.08 18:02:01.802,1.38173,1.38183,2.62,2.44
2018.03.08 18:02:02.306,1.38173,1.38182,1.87,1.12
2018.03.08 18:02:02.818,1.38173,1.38181,2.25,1.50
2018.03.08 18:02:02.870,1.3817,1.38179,2.06,1.87
2018.03.08 18:02:03.190,1.38168,1.38176,2.25,1.00
2018.03.08 18:02:04.206,1.38168,1.38176,3.56,1.12
2018.03.08 18:02:04.753,1.38167,1.38175,1.69,2.25
2018.03.08 18:02:05.333,1.38167,1.38175,1.50,1.50
2018.03.08 18:02:05.560,1.38168,1.38177,7.12,1.00
2018.03.08 18:02:06.726,1.3817,1.38179,1.00,2.81
2018.03.08 18:02:12.166,1.38169,1.38178,1.50,1.87
2018.03.08 18:02:12.829,1.3817,1.38179,1.87,2.06
2018.03.08 18:02:13.322,1.3817,1.38178,1.00,2.62
2018.03.08 18:02:18.158,1.38169,1.38178,4.31,1.87
2018.03.08 18:02:23.464,1.3817,1.38178,1.00,1.12
2018.03.08 18:02:24.092,1.38172,1.38178,1.12,1.00
2018.03.08 18:02:24.639,1.38172,1.3818,1.12,4.01
2018.03.08 18:02:25.072,1.3817,1.38177,1.00,1.12
2018.03.08 18:02:25.630,1.3817,1.38179,2.81,1.69
2018.03.08 18:02:28.162,1.3817,1.38178,1.12,1.12
2018.03.08 18:02:28.707,1.3817,1.3818,5.44,5.62
2018.03.08 18:02:29.069,1.3817,1.38177,1.12,1.50
2018.03.08 18:02:29.462,1.38173,1.38178,1.12,1.25
2018.03.08 18:02:29.568,1.38171,1.38179,2.06,3.00
2018.03.08 18:02:31.348,1.38171,1.38179,1.50,1.37
2018.03.08 18:02:31.608,1.3817,1.38179,2.44,2.06
2018.03.08 18:02:33.601,1.3817,1.38179,3.75,2.06
2018.03.08 18:02:34.628,1.3817,1.38177,1.87,1.31
2018.03.08 18:02:35.162,1.38169,1.38177,1.00,3.37
2018.03.08 18:02:36.072,1.38169,1.38177,1.12,2.44
2018.03.08 18:02:37.146,1.38169,1.38177,1.87,2.06
2018.03.08 18:02:38.356,1.38168,1.38175,1.00,1.12
2018.03.08 18:02:38.902,1.38167,1.38175,1.50,2.25
2018.03.08 18:02:39.591,1.38167,1.38175,1.50,3.37
2018.03.08 18:02:41.313,1.38167,1.38175,1.12,5.25
2018.03.08 18:02:42.135,1.38167,1.38173,1.12,1.00
2018.03.08 18:02:42.240,1.38165,1.38174,1.50,4.01
2018.03.08 18:02:42.448,1.38163,1.3817,2.14,1.00
2018.03.08 18:02:43.651,1.38164,1.3817,1.25,1.00
2018.03.08 18:02:44.172,1.38163,1.3817,2.06,1.00
2018.03.08 18:02:44.999,1.38163,1.38169,1.31,1.00
2018.03.08 18:02:45.103,1.38163,1.38171,2.81,2.81
2018.03.08 18:02:45.208,1.38165,1.38173,1.00,1.87
2018.03.08 18:02:45.260,1.38165,1.38173,3.94,1.12
2018.03.08 18:02:45.446,1.38168,1.38176,1.00,1.12
2018.03.08 18:02:45.707,1.38166,1.38174,5.44,1.00
2018.03.08 18:02:45.760,1.38166,1.38176,5.44,1.31
2018.03.08 18:02:46.304,1.38169,1.38176,1.50,2.06
2018.03.08 18:02:48.805,1.38171,1.38179,3.19,1.75
2018.03.08 18:02:48.857,1.38171,1.38179,2.25,1.00
2018.03.08 18:02:49.185,1.3817,1.38178,1.12,1.87
2018.03.08 18:02:51.246,1.38173,1.3818,1.00,1.47
2018.03.08 18:02:51.351,1.38171,1.38178,1.69,1.00
2018.03.08 18:02:51.852,1.3817,1.38177,1.50,1.12
2018.03.08 18:02:53.067,1.38171,1.38178,1.12,1.25
2018.03.08 18:02:53.580,1.38169,1.38178,2.25,1.87
2018.03.08 18:02:54.191,1.38169,1.38178,2.25,1.87
2018.03.08 18:02:54.846,1.38169,1.38178,1.12,2.62
2018.03.08 18:02:58.107,1.38169,1.38178,1.12,2.06
2018.03.08 18:02:58.916,1.38169,1.38173,1.00,2.25
2018.03.08 18:02:59.026,1.38162,1.38168,2.44,1.00
2018.03.08 18:02:59.185,1.38161,1.38165,1.00,1.00
2018.03.08 18:02:59.237,1.3816,1.38168,1.87,2.06
2018.03.08 18:02:59.618,1.38159,1.38166,3.19,1.00
2018.03.08 18:03:00.471,1.38159,1.38166,1.25,1.19
2018.03.08 18:03:01.143,1.38159,1.38165,1.25,1.37
2018.03.08 18:03:01.942,1.38158,1.38163,1.25,1.00
2018.03.08 18:03:01.996,1.38155,1.38159,1.25,1.50
2018.03.08 18:03:02.091,1.38151,1.38158,2.06,1.00
2018.03.08 18:03:02.144,1.38149,1.38157,1.50,1.87
2018.03.08 18:03:02.299,1.38147,1.38157,2.62,3.94
2018.03.08 18:03:03.887,1.38146,1.38155,2.62,1.00
2018.03.08 18:03:04.689,1.38146,1.38155,1.69,3.75
2018.03.08 18:03:05.000,1.38145,1.38155,1.25,4.50
2018.03.08 18:03:05.261,1.38144,1.38152,2.62,1.00
2018.03.08 18:03:05.366,1.38146,1.38155,1.87,1.87
2018.03.08 18:03:07.053,1.38149,1.38156,1.00,1.87
2018.03.08 18:03:07.106,1.38147,1.38156,1.50,1.12
2018.03.08 18:03:07.362,1.38154,1.38159,1.00,1.00
2018.03.08 18:03:07.468,1.3815,1.38157,1.00,1.00
2018.03.08 18:03:07.983,1.38149,1.38157,3.19,1.50
2018.03.08 18:03:08.511,1.38149,1.38157,3.00,1.50
2018.03.08 18:03:09.432,1.38149,1.38157,1.12,1.00
2018.03.08 18:03:12.294,1.38149,1.38157,3.00,1.00
2018.03.08 18:03:12.810,1.3815,1.38158,1.87,1.00
2018.03.08 18:03:13.315,1.38151,1.38158,1.00,1.00
2018.03.08 18:03:14.425,1.3815,1.38158,1.87,1.00
2018.03.08 18:03:15.126,1.38151,1.38158,1.00,1.00
2018.03.08 18:03:15.627,1.3815,1.38158,1.87,1.00
2018.03.08 18:03:15.824,1.38156,1.38161,2.25,1.37
2018.03.08 18:03:15.875,1.38156,1.38165,4.50,1.01
2018.03.08 18:03:15.927,1.38157,1.38166,2.81,3.00
2018.03.08 18:03:16.131,1.38159,1.38166,1.50,1.00
2018.03.08 18:03:16.632,1.38159,1.38167,2.25,1.12
2018.03.08 18:03:16.950,1.38158,1.38165,1.50,1.31
2018.03.08 18:03:17.261,1.38154,1.38162,3.94,1.00
2018.03.08 18:03:17.888,1.38154,1.38162,3.00,1.00
2018.03.08 18:03:18.239,1.38154,1.38162,5.70,1.00
2018.03.08 18:03:18.447,1.38154,1.38162,2.62,1.00
2018.03.08 18:03:18.967,1.38154,1.38161,1.00,1.00
2018.03.08 18:03:19.981,1.38154,1.38162,1.87,1.00
2018.03.08 18:03:20.032,1.38156,1.38162,2.25,1.00
2018.03.08 18:03:20.415,1.38154,1.38162,1.31,1.00
2018.03.08 18:03:21.219,1.38154,1.38162,2.06,1.12
2018.03.08 18:03:23.053,1.38156,1.38162,1.50,1.12
2018.03.08 18:03:24.143,1.38157,1.38163,1.00,1.37
2018.03.08 18:03:24.666,1.38156,1.38163,1.00,1.00
2018.03.08 18:03:24.870,1.38155,1.38161,7.12,1.00
2018.03.08 18:03:26.947,1.38154,1.38161,1.25,1.00
2018.03.08 18:03:27.351,1.38154,1.38161,1.62,1.00
2018.03.08 18:03:27.856,1.38153,1.38161,6.00,1.00
2018.03.08 18:03:28.377,1.38154,1.38161,1.00,1.00
2018.03.08 18:03:28.941,1.38153,1.38161,1.87,1.00
2018.03.08 18:03:29.351,1.38155,1.38161,1.37,1.00
2018.03.08 18:03:29.852,1.38154,1.38161,5.62,1.00
2018.03.08 18:03:30.858,1.38153,1.38158,1.31,1.00
2018.03.08 18:03:30.909,1.3815,1.38158,1.76,1.00
2018.03.08 18:03:30.961,1.38152,1.38159,1.50,1.00
2018.03.08 18:03:31.490,1.38151,1.3816,3.37,3.00
2018.03.08 18:03:32.564,1.38156,1.38163,1.50,3.19
2018.03.08 18:03:32.678,1.38157,1.38164,1.50,1.50
2018.03.08 18:03:33.189,1.38158,1.38164,1.00,1.00
2018.03.08 18:03:33.996,1.38157,1.38164,3.56,1.00
2018.03.08 18:03:35.331,1.38158,1.38165,1.00,1.00
2018.03.08 18:03:35.901,1.38159,1.38165,1.00,1.00
2018.03.08 18:03:43.765,1.38159,1.38165,1.19,1.00
2018.03.08 18:03:43.821,1.38164,1.3817,2.25,1.00
2018.03.08 18:03:43.875,1.38162,1.3817,2.06,1.50
2018.03.08 18:03:43.928,1.3816,1.38167,1.47,1.12
2018.03.08 18:03:43.981,1.3816,1.38167,1.10,1.12
2018.03.08 18:03:44.944,1.38165,1.38168,1.12,1.00
2018.03.08 18:03:45.048,1.38161,1.38169,2.32,1.50
2018.03.08 18:03:45.101,1.38161,1.38169,2.14,1.87
2018.03.08 18:03:45.842,1.38161,1.38168,1.25,1.12
2018.03.08 18:03:46.232,1.3816,1.38166,1.62,1.00
2018.03.08 18:03:46.336,1.38165,1.38171,1.00,1.12
2018.03.08 18:03:46.803,1.38163,1.38172,1.50,4.87
2018.03.08 18:03:47.023,1.38163,1.38169,1.25,1.00
2018.03.08 18:03:47.423,1.38161,1.38169,1.00,3.37
2018.03.08 18:03:47.526,1.38159,1.38168,1.50,1.12
2018.03.08 18:03:47.823,1.38164,1.3817,2.62,1.76
2018.03.08 18:03:47.875,1.38164,1.38172,3.19,1.20
2018.03.08 18:03:47.927,1.38165,1.38172,2.25,1.00
2018.03.08 18:03:48.031,1.38165,1.38174,2.25,1.10
2018.03.08 18:03:48.389,1.38167,1.38174,1.00,1.00
2018.03.08 18:03:48.934,1.38166,1.38174,1.50,1.12
2018.03.08 18:03:49.869,1.38166,1.38175,3.37,3.37
2018.03.08 18:03:50.741,1.38166,1.38175,5.06,3.00
2018.03.08 18:03:51.399,1.38166,1.38174,5.81,1.00
2018.03.08 18:03:51.915,1.38166,1.38175,5.81,2.25
2018.03.08 18:03:52.430,1.38166,1.38174,3.00,1.00
2018.03.08 18:03:53.030,1.38167,1.38174,1.00,1.00
2018.03.08 18:03:55.762,1.38166,1.38174,1.00,1.12
2018.03.08 18:03:56.590,1.38162,1.38169,2.89,1.87
2018.03.08 18:03:56.643,1.38161,1.38169,1.00,2.06
2018.03.08 18:03:57.313,1.38161,1.38169,1.00,2.25
2018.03.08 18:03:58.006,1.3816,1.38168,1.00,1.87
2018.03.08 18:03:58.323,1.38164,1.3817,1.00,1.39
2018.03.08 18:03:58.428,1.38162,1.3817,1.69,1.00
2018.03.08 18:03:58.953,1.38161,1.38169,1.50,3.00
2018.03.08 18:03:59.500,1.3816,1.38168,1.37,2.81
2018.03.08 18:03:59.854,1.38159,1.38167,1.12,1.87
2018.03.08 18:04:01.871,1.38159,1.38167,1.00,2.06
2018.03.08 18:04:02.662,1.38157,1.38166,1.62,4.12
2018.03.08 18:04:03.192,1.38155,1.38162,1.50,1.00
2018.03.08 18:04:03.529,1.3815,1.38158,3.19,1.87
2018.03.08 18:04:04.631,1.38153,1.3816,1.00,1.69
2018.03.08 18:04:05.139,1.38153,1.3816,2.62,1.00
2018.03.08 18:04:06.413,1.38154,1.38162,1.69,1.69
2018.03.08 18:04:06.963,1.38155,1.38162,1.00,1.00
2018.03.08 18:04:07.554,1.38157,1.38164,1.00,2.81
2018.03.08 18:04:08.056,1.38158,1.38164,1.00,1.69
2018.03.08 18:04:09.194,1.38161,1.38165,1.00,2.44
2018.03.08 18:04:09.724,1.38161,1.38165,1.00,1.87
2018.03.08 18:04:12.018,1.38161,1.38166,1.12,1.00
2018.03.08 18:04:12.123,1.38162,1.38168,1.00,1.00
2018.03.08 18:04:12.433,1.38165,1.38171,1.00,1.95
2018.03.08 18:04:12.745,1.38165,1.38174,1.00,1.69
2018.03.08 18:04:13.601,1.38165,1.38174,2.25,1.62
2018.03.08 18:04:14.117,1.38167,1.38174,1.00,1.69
2018.03.08 18:04:14.618,1.38167,1.38174,1.00,1.00
2018.03.08 18:04:15.023,1.38169,1.38175,1.00,1.87
2018.03.08 18:04:17.358,1.38169,1.38173,1.00,1.12
2018.03.08 18:04:17.630,1.3817,1.38176,1.00,3.19
2018.03.08 18:04:20.154,1.3817,1.38175,1.00,2.44
2018.03.08 18:04:21.168,1.3817,1.38175,1.00,2.44
2018.03.08 18:04:21.440,1.38172,1.38177,1.00,1.56
2018.03.08 18:04:21.493,1.38172,1.38177,1.00,1.00
2018.03.08 18:04:22.042,1.38172,1.38176,1.00,1.00
2018.03.08 18:04:22.647,1.38173,1.38177,1.00,1.00
2018.03.08 18:04:23.426,1.38173,1.38178,1.00,1.00
2018.03.08 18:04:28.063,1.38173,1.38179,1.00,2.62
2018.03.08 18:04:28.466,1.38175,1.38179,1.00,1.50
2018.03.08 18:04:29.042,1.38175,1.3818,1.00,2.44
2018.03.08 18:04:29.163,1.38175,1.38182,1.37,2.44
2018.03.08 18:04:29.216,1.38178,1.38183,1.00,1.31
2018.03.08 18:04:29.540,1.38175,1.38182,1.37,1.00
2018.03.08 18:04:30.403,1.38175,1.38181,1.50,1.00
2018.03.08 18:04:31.014,1.38175,1.3818,1.00,1.25
2018.03.08 18:04:31.519,1.38174,1.3818,1.00,1.00
2018.03.08 18:04:31.675,1.38175,1.38183,1.50,1.87
2018.03.08 18:04:32.191,1.38175,1.38183,3.37,1.12
2018.03.08 18:04:37.612,1.38176,1.38183,1.50,1.00
2018.03.08 18:04:38.781,1.38176,1.38184,1.00,5.62
2018.03.08 18:04:41.234,1.38175,1.38182,1.00,2.25
2018.03.08 18:04:41.390,1.38177,1.38182,1.00,1.50
2018.03.08 18:04:45.201,1.38178,1.38183,1.00,1.37
2018.03.08 18:04:45.894,1.38175,1.38178,1.25,1.12
2018.03.08 18:04:46.152,1.38173,1.38178,1.00,2.62
2018.03.08 18:04:48.698,1.38171,1.38177,1.12,1.00
2018.03.08 18:04:58.264,1.38171,1.38179,1.00,2.44
2018.03.08 18:04:59.279,1.38171,1.38178,1.19,1.00
2018.03.08 18:04:59.486,1.38171,1.38176,1.00,1.00
2018.03.08 18:05:00.023,1.38171,1.38177,1.00,1.00
2018.03.08 18:05:00.738,1.38171,1.38178,1.00,3.00
2018.03.08 18:05:01.049,1.38172,1.38176,1.00,1.12
2018.03.08 18:05:04.064,1.3817,1.38176,1.00,1.12
2018.03.08 18:05:04.221,1.3817,1.38173,1.00,1.00
2018.03.08 18:05:04.273,1.38168,1.38173,1.00,1.50
2018.03.08 18:05:04.374,1.38166,1.38173,1.50,1.50
2018.03.08 18:05:04.427,1.38166,1.38174,3.37,1.37
2018.03.08 18:05:04.479,1.38166,1.38174,1.00,1.87
2018.03.08 18:05:07.071,1.38164,1.3817,1.47,1.31
2018.03.08 18:05:07.176,1.38161,1.3817,1.76,1.69
2018.03.08 18:05:07.229,1.38161,1.38168,1.00,1.00
2018.03.08 18:05:07.796,1.3816,1.38168,1.95,1.00
2018.03.08 18:05:09.024,1.3816,1.38169,1.50,2.25
2018.03.08 18:05:09.371,1.3816,1.38167,2.25,1.00
2018.03.08 18:05:10.079,1.38159,1.38166,1.87,1.00
2018.03.08 18:05:10.606,1.38157,1.38165,4.50,1.87
2018.03.08 18:05:11.113,1.38158,1.38166,3.00,1.12
2018.03.08 18:05:12.921,1.38157,1.38165,1.20,1.12
2018.03.08 18:05:13.476,1.38158,1.38165,1.12,1.12
2018.03.08 18:05:15.752,1.38159,1.38165,1.00,1.12
2018.03.08 18:05:16.297,1.38158,1.38165,1.12,1.12
2018.03.08 18:05:18.047,1.38157,1.38164,1.12,1.12
2018.03.08 18:05:18.480,1.38157,1.38163,1.00,1.37
2018.03.08 18:05:18.533,1.38154,1.38162,1.07,1.50
2018.03.08 18:05:18.590,1.38153,1.38161,1.00,1.50
2018.03.08 18:05:19.365,1.38151,1.3816,2.89,1.00
2018.03.08 18:05:20.545,1.38151,1.3816,2.06,1.12
2018.03.08 18:05:21.818,1.38154,1.3816,1.00,1.00
2018.03.08 18:05:22.375,1.38153,1.38159,1.50,1.00
2018.03.08 18:05:23.613,1.38153,1.38158,1.50,1.00
2018.03.08 18:05:23.665,1.38151,1.38158,2.25,1.31
2018.03.08 18:05:24.176,1.38151,1.38157,1.00,1.00
2018.03.08 18:05:24.696,1.38151,1.38157,1.50,1.00
2018.03.08 18:05:25.244,1.38151,1.38157,3.37,1.12
2018.03.08 18:05:26.760,1.38152,1.38157,1.00,1.12
2018.03.08 18:05:27.274,1.38151,1.38157,3.37,1.00
2018.03.08 18:05:31.016,1.38152,1.38158,3.37,1.50
2018.03.08 18:05:36.824,1.38152,1.38158,1.00,1.12
2018.03.08 18:05:40.514,1.3815,1.38158,3.37,1.00
2018.03.08 18:05:41.242,1.38153,1.38158,1.37,1.00
2018.03.08 18:05:41.774,1.38153,1.38157,1.12,1.00
2018.03.08 18:05:42.784,1.38153,1.38159,1.00,1.50
2018.03.08 18:05:43.786,1.38154,1.3816,1.00,2.81
2018.03.08 18:05:43.839,1.38156,1.38161,1.00,1.66
2018.03.08 18:05:44.210,1.38157,1.38163,2.25,1.37
2018.03.08 18:05:45.097,1.38157,1.38164,1.12,3.00
2018.03.08 18:05:45.503,1.38156,1.38164,4.87,2.25
2018.03.08 18:05:55.724,1.38153,1.38161,3.26,1.00
2018.03.08 18:05:55.776,1.38153,1.38161,2.70,1.25
2018.03.08 18:05:55.898,1.38154,1.38163,2.62,2.25
2018.03.08 18:05:56.858,1.38155,1.38163,2.25,3.00
2018.03.08 18:05:57.456,1.38154,1.3816,1.87,1.00
2018.03.08 18:05:59.369,1.38157,1.3816,3.37,1.00
2018.03.08 18:05:59.422,1.38159,1.38164,1.00,1.50
2018.03.08 18:05:59.476,1.38162,1.38166,1.00,1.95
2018.03.08 18:05:59.799,1.38161,1.38164,1.12,1.00
2018.03.08 18:06:00.334,1.3816,1.38165,1.12,1.00
2018.03.08 18:06:00.642,1.38157,1.38162,2.25,1.00
2018.03.08 18:06:01.282,1.38156,1.38161,3.00,1.00
2018.03.08 18:06:01.802,1.38154,1.3816,1.69,1.00
2018.03.08 18:06:02.360,1.38153,1.3816,5.81,1.00
2018.03.08 18:06:02.879,1.38154,1.3816,2.44,1.00
2018.03.08 18:06:03.472,1.38154,1.38159,2.25,1.00
2018.03.08 18:06:03.626,1.38154,1.38157,2.25,1.00
2018.03.08 18:06:05.454,1.38153,1.38157,4.12,1.00
2018.03.08 18:06:09.304,1.38154,1.38159,1.00,1.00
2018.03.08 18:06:09.356,1.38151,1.38155,1.25,1.00
2018.03.08 18:06:09.675,1.3815,1.38153,1.00,1.00
2018.03.08 18:06:10.365,1.38147,1.38153,2.32,1.00
2018.03.08 18:06:10.869,1.38145,1.38147,1.10,1.00
2018.03.08 18:06:10.971,1.38142,1.38147,3.94,1.00
2018.03.08 18:06:11.519,1.38143,1.38147,1.50,1.00
2018.03.08 18:06:12.034,1.38142,1.38147,2.25,1.00
2018.03.08 18:06:12.565,1.38141,1.38146,2.06,1.00
2018.03.08 18:06:13.142,1.38141,1.38146,2.06,1.00
2018.03.08 18:06:13.673,1.3814,1.38145,1.37,1.00
2018.03.08 18:06:14.581,1.38141,1.38144,1.12,1.00
2018.03.08 18:06:14.634,1.38137,1.38142,2.14,1.00
2018.03.08 18:06:14.686,1.38136,1.38142,3.26,1.00
2018.03.08 18:06:14.893,1.38138,1.38142,1.00,1.00
2018.03.08 18:06:15.422,1.38137,1.38141,1.00,1.00
2018.03.08 18:06:15.980,1.38137,1.38142,1.00,1.00
2018.03.08 18:06:16.821,1.38142,1.38144,1.00,1.00
2018.03.08 18:06:16.875,1.3814,1.38147,3.56,1.00
2018.03.08 18:06:16.928,1.38143,1.38145,1.00,1.00
2018.03.08 18:06:17.083,1.38141,1.38146,1.12,1.00
2018.03.08 18:06:20.956,1.38139,1.38146,4.57,1.00
2018.03.08 18:06:21.394,1.38139,1.38146,5.70,1.00
2018.03.08 18:06:21.978,1.3814,1.38146,2.62,1.00
2018.03.08 18:06:23.718,1.38141,1.38145,1.69,1.00
2018.03.08 18:06:25.825,1.3814,1.38144,4.12,1.00
2018.03.08 18:06:26.034,1.38138,1.38144,3.37,1.00
2018.03.08 18:06:26.244,1.38139,1.38142,1.00,1.00
2018.03.08 18:06:30.946,1.38137,1.38142,3.75,1.00
2018.03.08 18:06:34.076,1.38137,1.38141,1.87,1.00
2018.03.08 18:06:34.596,1.38136,1.38141,2.06,1.00
2018.03.08 18:06:34.799,1.38142,1.38147,1.00,1.00
2018.03.08 18:06:35.797,1.38142,1.38146,1.37,1.00
2018.03.08 18:06:36.308,1.38142,1.3815,1.50,1.50
2018.03.08 18:06:36.985,1.38145,1.38152,2.25,1.62
2018.03.08 18:06:37.193,1.38147,1.38153,1.00,1.00
2018.03.08 18:06:37.297,1.38146,1.38153,2.25,1.00
2018.03.08 18:06:38.772,1.38142,1.3815,2.25,2.25
2018.03.08 18:06:39.295,1.38141,1.3815,2.25,1.87
2018.03.08 18:06:42.521,1.38143,1.38151,2.70,1.12
2018.03.08 18:06:42.626,1.38145,1.38153,1.95,1.00
2018.03.08 18:06:43.262,1.38146,1.38153,2.32,1.25
2018.03.08 18:06:44.704,1.38147,1.38154,1.95,1.00
2018.03.08 18:06:49.006,1.38147,1.38155,6.82,2.62
2018.03.08 18:06:51.396,1.38147,1.38155,4.95,2.06
2018.03.08 18:06:53.302,1.38147,1.38154,1.57,1.12
2018.03.08 18:06:53.826,1.38148,1.38155,1.10,3.37
2018.03.08 18:06:54.758,1.38148,1.38155,1.10,3.37
2018.03.08 18:07:03.981,1.38148,1.38154,1.57,1.00
2018.03.08 18:07:04.296,1.38142,1.38148,1.20,1.00
2018.03.08 18:07:04.516,1.38141,1.38147,1.10,1.00
2018.03.08 18:07:04.836,1.38143,1.3815,1.12,1.87
2018.03.08 18:07:04.895,1.38144,1.38152,1.12,1.69
2018.03.08 18:07:04.948,1.38145,1.38152,1.37,1.00
2018.03.08 18:07:05.452,1.38146,1.38153,3.07,1.00
2018.03.08 18:07:05.954,1.38146,1.38152,1.10,1.00
2018.03.08 18:07:06.812,1.38145,1.38152,1.20,1.00
2018.03.08 18:07:07.802,1.38146,1.38152,1.20,1.00
2018.03.08 18:07:08.342,1.38146,1.38153,1.57,1.50
2018.03.08 18:07:08.859,1.38145,1.38152,1.45,1.12
2018.03.08 18:07:10.124,1.38146,1.38153,1.10,2.81
2018.03.08 18:07:12.044,1.38146,1.38154,2.70,1.12
2018.03.08 18:07:17.074,1.38147,1.38155,1.10,2.81
2018.03.08 18:07:21.940,1.38147,1.38154,1.07,1.12
2018.03.08 18:07:22.635,1.38148,1.38154,1.45,1.12
2018.03.08 18:07:23.779,1.38148,1.38155,1.57,1.31
2018.03.08 18:07:24.795,1.38149,1.38156,2.32,1.62
2018.03.08 18:07:25.324,1.3815,1.38157,1.45,2.81
2018.03.08 18:07:33.468,1.38152,1.38157,1.12,1.25
2018.03.08 18:07:33.528,1.38153,1.38161,1.87,4.31
2018.03.08 18:07:33.580,1.38154,1.38161,1.20,2.06
2018.03.08 18:07:33.745,1.38153,1.3816,1.20,1.25
2018.03.08 18:07:33.797,1.38154,1.38161,1.45,3.37
2018.03.08 18:07:34.262,1.38154,1.3816,1.20,2.81
2018.03.08 18:07:34.314,1.38153,1.38158,1.57,1.25
2018.03.08 18:07:34.844,1.38154,1.38159,1.00,1.31
2018.03.08 18:07:35.356,1.38153,1.38157,1.20,1.31
2018.03.08 18:07:35.408,1.38151,1.38157,1.95,1.87
2018.03.08 18:07:36.022,1.38151,1.38156,1.20,1.00
2018.03.08 18:07:37.690,1.38151,1.38157,1.95,4.31
2018.03.08 18:07:39.661,1.38151,1.38157,3.07,1.12
2018.03.08 18:07:40.739,1.38151,1.38156,1.95,1.00
2018.03.08 18:07:41.194,1.38152,1.3816,1.95,3.19
2018.03.08 18:07:41.307,1.38153,1.38158,1.20,1.00
2018.03.08 18:07:41.358,1.38151,1.38159,2.32,2.25
2018.03.08 18:07:43.305,1.38154,1.3816,1.50,1.69
2018.03.08 18:07:43.616,1.38153,1.3816,1.57,1.87
2018.03.08 18:07:44.312,1.38153,1.3816,1.10,1.87
2018.03.08 18:07:46.313,1.38153,1.38161,5.70,1.87
2018.03.08 18:07:46.416,1.38152,1.38158,6.82,1.00
2018.03.08 18:07:48.048,1.38153,1.38161,2.32,2.06
2018.03.08 18:07:48.556,1.38154,1.38161,3.07,1.12
2018.03.08 18:07:49.085,1.38154,1.3816,4.39,1.00
2018.03.08 18:07:50.312,1.38154,1.38161,2.32,1.00
2018.03.08 18:07:54.480,1.38154,1.3816,1.95,2.25
2018.03.08 18:07:54.585,1.38152,1.38159,1.20,2.06
2018.03.08 18:07:54.689,1.38152,1.38157,1.10,1.00
2018.03.08 18:07:54.793,1.38149,1.38156,1.45,1.12
2018.03.08 18:07:55.366,1.38148,1.38156,3.45,2.25
2018.03.08 18:07:56.020,1.38148,1.38156,3.07,2.62
2018.03.08 18:07:56.584,1.38148,1.38156,2.32,2.25
2018.03.08 18:07:58.488,1.38148,1.38156,1.20,1.87
2018.03.08 18:07:59.057,1.38148,1.38156,2.32,2.25
2018.03.08 18:07:59.615,1.38148,1.38154,2.32,1.00
2018.03.08 18:08:00.169,1.38148,1.38154,1.20,1.00
2018.03.08 18:08:00.648,1.38149,1.38154,1.20,1.00
2018.03.08 18:08:00.772,1.38147,1.38154,2.32,1.00
2018.03.08 18:08:01.306,1.38147,1.38154,1.01,1.50
2018.03.08 18:08:04.244,1.38146,1.38153,2.32,1.00
2018.03.08 18:08:04.503,1.38146,1.38151,1.45,1.00
2018.03.08 18:08:04.556,1.38144,1.38151,1.57,1.87
2018.03.08 18:08:05.619,1.38144,1.3815,1.10,1.00
2018.03.08 18:08:05.825,1.38143,1.38147,1.45,1.00
2018.03.08 18:08:05.939,1.3814,1.38147,1.20,3.00
2018.03.08 18:08:07.107,1.3814,1.38146,1.20,1.87
2018.03.08 18:08:08.409,1.38139,1.38145,1.20,1.50
2018.03.08 18:08:09.692,1.38139,1.38146,2.70,1.37
2018.03.08 18:08:09.745,1.38142,1.3815,1.00,1.87
2018.03.08 18:08:09.797,1.38142,1.38149,3.07,1.00
2018.03.08 18:08:09.901,1.38144,1.38151,1.95,1.00
2018.03.08 18:08:10.005,1.38145,1.38153,1.39,1.50
2018.03.08 18:08:10.284,1.38147,1.38154,1.20,1.37
2018.03.08 18:08:11.204,1.38147,1.38155,1.45,3.00
2018.03.08 18:08:11.775,1.38148,1.38153,1.20,1.50
2018.03.08 18:08:11.976,1.38144,1.38151,1.20,3.19
2018.03.08 18:08:17.411,1.38143,1.38151,1.45,1.12
2018.03.08 18:08:20.889,1.38144,1.38152,1.57,3.00
2018.03.08 18:08:20.996,1.38145,1.38153,1.57,1.12
2018.03.08 18:08:21.101,1.38147,1.38154,1.20,4.87
2018.03.08 18:08:21.641,1.38146,1.38153,1.57,1.12
2018.03.08 18:08:22.151,1.38145,1.38153,2.32,1.00
2018.03.08 18:08:22.920,1.38145,1.38154,2.32,3.75
2018.03.08 18:08:23.351,1.38147,1.38154,1.45,1.12
2018.03.08 18:08:24.073,1.38146,1.38155,2.89,3.37
2018.03.08 18:08:25.025,1.38146,1.38155,2.70,3.37
2018.03.08 18:08:25.739,1.38148,1.38155,1.20,2.81
2018.03.08 18:08:28.109,1.38148,1.38155,1.20,2.81
2018.03.08 18:08:28.610,1.38147,1.38155,1.45,3.19
2018.03.08 18:08:29.969,1.38147,1.38153,1.45,1.00
2018.03.08 18:08:30.555,1.38147,1.38155,1.95,1.87
2018.03.08 18:08:31.122,1.38147,1.38155,1.95,2.62
2018.03.08 18:08:31.424,1.38144,1.38151,1.20,1.87
2018.03.08 18:08:31.528,1.38144,1.38153,1.70,3.00
2018.03.08 18:08:32.082,1.38145,1.38153,1.57,3.75
2018.03.08 18:08:32.584,1.38145,1.38153,1.57,3.37
2018.03.08 18:08:32.689,1.38144,1.38151,1.57,5.62
2018.03.08 18:08:32.795,1.38142,1.38149,1.95,1.87
2018.03.08 18:08:32.848,1.38142,1.38149,1.95,3.94
2018.03.08 18:08:33.398,1.38141,1.38147,1.57,1.19
2018.03.08 18:08:33.807,1.3814,1.38147,1.20,1.25
2018.03.08 18:08:33.912,1.3814,1.38145,1.20,1.00
2018.03.08 18:08:35.198,1.3814,1.38147,1.57,2.06
2018.03.08 18:08:36.247,1.3814,1.38146,1.57,1.12
2018.03.08 18:08:40.264,1.3814,1.38147,2.32,2.06
2018.03.08 18:08:46.469,1.3814,1.38147,1.95,1.87
2018.03.08 18:08:47.292,1.3814,1.38147,1.95,1.87
2018.03.08 18:08:47.882,1.3814,1.38146,1.00,1.00
2018.03.08 18:08:52.278,1.3814,1.38145,1.00,1.00
2018.03.08 18:08:53.775,1.38139,1.38145,1.20,1.00
2018.03.08 18:08:54.293,1.38139,1.38146,1.20,1.50
2018.03.08 18:08:56.754,1.3814,1.38146,1.00,1.50
2018.03.08 18:08:57.710,1.3814,1.38145,1.00,1.00
2018.03.08 18:08:58.214,1.38139,1.38146,1.20,3.37
2018.03.08 18:08:59.443,1.38139,1.38146,1.10,4.12
2018.03.08 18:08:59.973,1.3814,1.38144,1.00,1.87
2018.03.08 18:09:02.769,1.38139,1.38144,1.10,1.00
2018.03.08 18:09:03.077,1.3814,1.38146,1.00,1.50
2018.03.08 18:09:03.690,1.38139,1.38146,1.10,1.50
2018.03.08 18:09:04.338,1.38139,1.38146,1.95,1.50
2018.03.08 18:09:04.848,1.38139,1.38145,1.95,1.00
2018.03.08 18:09:06.892,1.38139,1.38146,1.95,1.50
2018.03.08 18:09:09.413,1.3814,1.38145,1.10,1.00
2018.03.08 18:09:11.728,1.3814,1.38146,1.95,1.69
2018.03.08 18:09:11.780,1.38144,1.3815,1.87,1.69
2018.03.08 18:09:11.831,1.38145,1.38152,4.57,1.00
2018.03.08 18:09:11.985,1.38146,1.38152,1.20,1.00
2018.03.08 18:09:13.038,1.38147,1.38153,1.45,2.25
2018.03.08 18:09:18.149,1.38146,1.38153,1.57,1.00
2018.03.08 18:09:18.719,1.38146,1.38153,1.95,1.00
2018.03.08 18:09:25.986,1.38147,1.38154,1.45,2.62
2018.03.08 18:09:26.425,1.38149,1.38154,1.20,1.00
2018.03.08 18:09:27.536,1.38148,1.38155,1.45,4.50
2018.03.08 18:09:28.046,1.38149,1.38156,1.20,1.62
2018.03.08 18:09:28.764,1.3815,1.38157,1.20,1.69
2018.03.08 18:09:29.042,1.38151,1.38157,1.45,2.44
2018.03.08 18:09:29.984,1.38151,1.38157,1.45,1.69
2018.03.08 18:09:30.996,1.38151,1.38157,1.45,2.44
2018.03.08 18:09:32.011,1.38151,1.38157,1.45,1.69
2018.03.08 18:09:32.695,1.38151,1.38155,1.45,1.00
2018.03.08 18:09:33.331,1.38151,1.38156,1.45,1.00
2018.03.08 18:09:33.435,1.38149,1.38155,1.95,1.00
2018.03.08 18:09:35.859,1.3815,1.38158,1.95,6.56
2018.03.08 18:09:36.012,1.3815,1.38158,2.32,1.50
2018.03.08 18:09:36.167,1.38152,1.38158,1.45,2.44
2018.03.08 18:09:36.831,1.38151,1.38157,1.20,1.50
2018.03.08 18:09:37.343,1.38151,1.38155,1.45,1.00
2018.03.08 18:09:37.986,1.38151,1.38156,1.45,1.69
2018.03.08 18:09:40.244,1.38151,1.38157,1.45,2.81
2018.03.08 18:09:40.558,1.38154,1.3816,1.45,1.00
2018.03.08 18:09:41.064,1.38154,1.3816,1.45,3.75
2018.03.08 18:09:41.579,1.38154,1.3816,1.45,1.25
2018.03.08 18:09:42.094,1.38155,1.38162,1.20,2.44
2018.03.08 18:09:42.196,1.38155,1.38162,1.20,2.44
2018.03.08 18:09:47.717,1.38156,1.3816,1.45,1.00
2018.03.08 18:09:47.922,1.38151,1.38158,1.95,3.56
2018.03.08 18:09:48.185,1.38153,1.38159,1.20,2.06
2018.03.08 18:09:48.989,1.38152,1.38158,1.95,3.94
2018.03.08 18:09:49.598,1.38152,1.38156,1.10,1.25
2018.03.08 18:09:50.133,1.38152,1.38156,1.20,1.00
2018.03.08 18:09:50.238,1.3815,1.38156,1.20,1.00
2018.03.08 18:09:52.062,1.3815,1.38155,1.20,1.00
2018.03.08 18:09:52.166,1.38148,1.38153,1.45,1.00
2018.03.08 18:09:52.374,1.38146,1.38153,1.57,1.50
2018.03.08 18:09:53.310,1.38148,1.38153,1.20,1.00
2018.03.08 18:09:53.820,1.38149,1.38155,1.20,2.44
2018.03.08 18:09:54.334,1.38148,1.38155,1.95,1.87
2018.03.08 18:09:54.862,1.38149,1.38155,1.20,1.87
2018.03.08 18:09:55.521,1.3815,1.38157,1.45,5.44
2018.03.08 18:09:56.030,1.38149,1.38156,1.57,1.00
2018.03.08 18:09:56.706,1.3815,1.38157,1.45,5.44
2018.03.08 18:09:58.170,1.3815,1.38155,1.20,1.00
2018.03.08 18:10:00.473,1.38149,1.38155,1.07,1.12
2018.03.08 18:10:01.007,1.38148,1.38155,1.95,1.50
2018.03.08 18:10:05.253,1.38149,1.38157,1.95,4.31
2018.03.08 18:10:07.202,1.38149,1.38157,1.95,3.94
2018.03.08 18:10:08.211,1.38149,1.38156,1.20,1.69
2018.03.08 18:10:08.858,1.3815,1.38155,1.20,1.31
2018.03.08 18:10:09.364,1.38149,1.38155,1.95,1.31
2018.03.08 18:10:09.901,1.38148,1.38155,1.57,1.12
2018.03.08 18:10:10.370,1.38149,1.38153,1.20,1.00
2018.03.08 18:10:10.424,1.38146,1.3815,1.12,1.00
2018.03.08 18:10:10.477,1.38147,1.3815,1.20,1.00
2018.03.08 18:10:10.582,1.38145,1.38152,1.45,1.50
2018.03.08 18:10:10.713,1.38146,1.38153,1.45,2.81
2018.03.08 18:10:10.975,1.38145,1.38153,1.45,3.00
2018.03.08 18:10:12.512,1.38145,1.38153,1.45,1.12
2018.03.08 18:10:12.973,1.38146,1.38149,1.20,1.50
2018.03.08 18:10:13.224,1.38144,1.38149,1.45,1.00
2018.03.08 18:10:13.546,1.38145,1.38151,1.20,1.87
2018.03.08 18:10:14.052,1.38145,1.38153,1.70,1.00
2018.03.08 18:10:14.291,1.38146,1.38152,1.57,2.81
2018.03.08 18:10:14.829,1.38146,1.38153,1.45,1.87
2018.03.08 18:10:15.372,1.38146,1.38153,1.45,2.25
2018.03.08 18:10:18.730,1.38146,1.38151,1.20,1.87
2018.03.08 18:10:18.892,1.38144,1.3815,1.57,2.25
2018.03.08 18:10:19.417,1.38143,1.3815,2.32,1.50
2018.03.08 18:10:19.471,1.38143,1.38148,1.20,2.06
2018.03.08 18:10:19.634,1.38141,1.38146,2.32,1.25
2018.03.08 18:10:19.739,1.38139,1.38146,1.95,1.12
2018.03.08 18:10:20.167,1.38142,1.3815,1.12,1.87
2018.03.08 18:10:20.477,1.38144,1.38149,1.45,1.00
2018.03.08 18:10:21.012,1.38143,1.38149,1.45,1.00
2018.03.08 18:10:21.624,1.38145,1.38151,1.20,2.62
2018.03.08 18:10:22.180,1.38144,1.38152,1.45,3.19
2018.03.08 18:10:22.716,1.38145,1.38152,1.57,5.25
2018.03.08 18:10:23.227,1.38145,1.38151,1.57,1.12
2018.03.08 18:10:24.128,1.38145,1.38152,1.57,1.12
2018.03.08 18:10:24.434,1.38147,1.38152,1.45,1.12
2018.03.08 18:10:25.380,1.38146,1.3815,1.20,1.00
2018.03.08 18:10:25.906,1.38144,1.38151,1.95,1.12
2018.03.08 18:10:27.664,1.38145,1.38151,1.45,2.25
2018.03.08 18:10:28.194,1.38144,1.38151,1.95,3.37
2018.03.08 18:10:28.890,1.38145,1.38151,1.45,3.37
2018.03.08 18:10:29.439,1.38145,1.38151,1.45,1.50
2018.03.08 18:10:30.000,1.38145,1.38151,1.45,1.12
2018.03.08 18:10:30.923,1.38145,1.38152,1.57,1.50
2018.03.08 18:10:31.474,1.38146,1.38153,1.57,1.00
2018.03.08 18:10:31.526,1.38148,1.38153,1.20,1.00
2018.03.08 18:10:31.967,1.38146,1.38153,1.95,1.00
2018.03.08 18:10:38.130,1.38146,1.3815,1.20,1.37
2018.03.08 18:10:38.182,1.38143,1.38148,2.32,1.00
2018.03.08 18:10:38.390,1.38142,1.38147,1.20,1.25
2018.03.08 18:10:38.893,1.38142,1.38147,1.95,1.00
2018.03.08 18:10:39.399,1.38142,1.38147,1.10,1.12
2018.03.08 18:10:39.917,1.38141,1.38147,1.20,1.00
2018.03.08 18:10:40.456,1.38141,1.38146,1.95,1.00
2018.03.08 18:10:41.011,1.38141,1.38146,1.10,1.00
2018.03.08 18:10:41.546,1.38141,1.38147,1.95,1.50
2018.03.08 18:10:43.798,1.3814,1.38147,1.20,1.50
2018.03.08 18:10:43.935,1.38139,1.38146,1.95,3.00
2018.03.08 18:10:44.462,1.38139,1.38145,1.20,1.00
2018.03.08 18:10:45.601,1.38139,1.38145,1.20,1.00
2018.03.08 18:10:48.392,1.38139,1.38145,1.20,1.12
2018.03.08 18:10:48.869,1.38138,1.38143,1.45,1.00
2018.03.08 18:10:49.409,1.38137,1.38143,2.14,1.00
2018.03.08 18:10:49.923,1.38138,1.38144,1.20,1.00
2018.03.08 18:10:52.192,1.38138,1.38145,1.20,1.50
2018.03.08 18:10:52.777,1.38137,1.38145,2.32,2.25
2018.03.08 18:10:53.544,1.38137,1.38145,2.32,2.62
2018.03.08 18:10:56.788,1.38139,1.38145,1.20,2.62
2018.03.08 18:10:56.960,1.38139,1.38146,1.95,1.69
2018.03.08 18:10:57.468,1.38139,1.38146,1.95,1.69
2018.03.08 18:10:57.823,1.38141,1.38147,1.20,1.56
2018.03.08 18:10:58.326,1.3814,1.38147,1.45,1.50
2018.03.08 18:11:02.550,1.38141,1.38147,1.20,3.00
2018.03.08 18:11:04.554,1.38141,1.38147,1.45,3.00
2018.03.08 18:11:09.578,1.38141,1.38147,1.45,2.25
2018.03.08 18:11:10.221,1.38139,1.38147,2.70,3.00
2018.03.08 18:11:10.734,1.38139,1.38146,1.95,1.00
2018.03.08 18:11:12.445,1.38139,1.38145,1.95,1.00
2018.03.08 18:11:14.131,1.3814,1.38146,1.45,2.06
2018.03.08 18:11:14.674,1.38139,1.38145,1.95,1.00
2018.03.08 18:11:17.101,1.3814,1.38145,1.45,1.00
2018.03.08 18:11:17.619,1.3814,1.38146,1.45,1.87
2018.03.08 18:11:19.428,1.38139,1.38146,1.95,2.81
2018.03.08 18:11:26.890,1.38139,1.38146,1.95,1.69
2018.03.08 18:11:28.404,1.38139,1.38147,1.95,5.44
2018.03.08 18:11:28.953,1.38139,1.38146,2.32,1.00
2018.03.08 18:11:33.010,1.38139,1.38145,2.32,1.00
2018.03.08 18:11:33.218,1.38138,1.38144,1.10,1.12
2018.03.08 18:11:34.056,1.38137,1.38145,1.20,3.19
2018.03.08 18:11:34.275,1.38137,1.38145,1.95,3.56
2018.03.08 18:11:35.987,1.38137,1.38144,2.32,1.00
2018.03.08 18:11:37.441,1.38137,1.38145,1.57,4.31
2018.03.08 18:11:39.074,1.38137,1.38145,1.95,2.44
2018.03.08 18:11:39.375,1.38139,1.38146,1.20,2.06
2018.03.08 18:11:39.878,1.38138,1.38146,2.32,2.06
2018.03.08 18:11:40.385,1.38138,1.38146,2.32,1.87
2018.03.08 18:11:44.056,1.38143,1.38151,1.25,3.75
2018.03.08 18:11:44.363,1.38146,1.38153,1.45,1.50
2018.03.08 18:11:47.631,1.38146,1.38153,1.45,1.12
2018.03.08 18:11:47.939,1.38145,1.38152,1.20,2.06
2018.03.08 18:11:51.862,1.38145,1.38152,1.45,1.69
2018.03.08 18:11:53.061,1.38146,1.38152,2.32,1.00
2018.03.08 18:11:54.548,1.38146,1.38153,1.95,1.12
2018.03.08 18:12:00.098,1.38146,1.38154,1.95,3.19
2018.03.08 18:12:00.443,1.38142,1.38148,1.95,1.00
2018.03.08 18:12:00.549,1.38142,1.38148,1.20,1.50
2018.03.08 18:12:01.362,1.38142,1.38148,1.20,1.37
2018.03.08 18:12:01.893,1.38142,1.38148,1.95,2.62
2018.03.08 18:12:02.424,1.38142,1.38148,1.95,2.44
2018.03.08 18:12:04.906,1.38141,1.38148,1.57,2.25
2018.03.08 18:12:04.960,1.3814,1.38146,1.45,1.00
2018.03.08 18:12:05.174,1.38136,1.38143,1.45,2.25
2018.03.08 18:12:05.710,1.38135,1.38142,1.20,1.00
2018.03.08 18:12:06.278,1.38135,1.38142,1.10,1.00
2018.03.08 18:12:06.435,1.38136,1.38142,1.45,1.00
2018.03.08 18:12:06.946,1.38135,1.38142,1.57,1.00
2018.03.08 18:12:08.453,1.38136,1.38142,1.20,1.12
2018.03.08 18:12:08.890,1.38135,1.38144,4.76,1.50
2018.03.08 18:12:10.477,1.38136,1.38144,1.45,1.87
2018.03.08 18:12:11.706,1.38136,1.38144,1.57,1.50
2018.03.08 18:12:12.714,1.38138,1.38144,1.57,1.00
2018.03.08 18:12:13.232,1.38138,1.38146,2.32,3.19
2018.03.08 18:12:13.777,1.38138,1.38144,1.57,1.12
2018.03.08 18:12:15.683,1.38138,1.38146,1.20,3.56
2018.03.08 18:12:16.202,1.38138,1.38146,1.95,3.19
2018.03.08 18:12:17.467,1.38139,1.38147,3.82,1.69
2018.03.08 18:12:17.521,1.38143,1.38149,1.00,1.31
2018.03.08 18:12:17.631,1.38142,1.38151,2.51,3.00
2018.03.08 18:12:17.683,1.38144,1.38151,1.76,1.12
2018.03.08 18:12:18.192,1.38147,1.38152,1.20,1.00
2018.03.08 18:12:18.693,1.38146,1.38151,1.20,1.00
2018.03.08 18:12:19.203,1.38144,1.38151,1.57,1.00
2018.03.08 18:12:20.154,1.38144,1.38151,1.20,1.12
2018.03.08 18:12:20.473,1.38144,1.3815,1.20,1.37
2018.03.08 18:12:21.007,1.38143,1.3815,1.57,1.87
2018.03.08 18:12:22.159,1.38145,1.3815,1.20,1.37
2018.03.08 18:12:22.212,1.38145,1.38151,1.20,1.69
2018.03.08 18:12:22.787,1.38145,1.38152,1.45,1.50
2018.03.08 18:12:23.312,1.38146,1.38154,1.57,1.87
2018.03.08 18:12:32.647,1.38146,1.38154,1.45,4.12
2018.03.08 18:12:33.171,1.38146,1.38154,1.45,3.19
2018.03.08 18:12:33.798,1.38146,1.38154,1.45,3.00
2018.03.08 18:12:35.079,1.38146,1.38153,1.57,1.00
2018.03.08 18:12:35.789,1.38146,1.38152,1.07,1.00
2018.03.08 18:12:36.332,1.38146,1.38152,1.45,1.00
2018.03.08 18:12:37.479,1.38145,1.38152,1.45,1.12
2018.03.08 18:12:38.511,1.38146,1.38151,1.20,1.50
2018.03.08 18:12:38.673,1.3814,1.38147,2.70,2.06
2018.03.08 18:12:42.187,1.3814,1.38146,1.10,1.00
2018.03.08 18:12:42.474,1.38145,1.38149,1.57,2.81
2018.03.08 18:12:42.527,1.38146,1.38151,1.31,1.00
2018.03.08 18:12:42.581,1.38146,1.38154,2.51,1.00
2018.03.08 18:12:43.283,1.38146,1.38154,1.57,1.50
2018.03.08 18:12:43.785,1.38145,1.38153,1.95,1.50
2018.03.08 18:12:46.108,1.38146,1.38153,1.45,1.87
2018.03.08 18:12:46.572,1.38145,1.38153,2.70,1.00
2018.03.08 18:12:47.088,1.38145,1.38154,4.57,2.25
2018.03.08 18:12:47.950,1.38144,1.38154,7.39,1.87
2018.03.08 18:12:50.521,1.38145,1.38154,1.95,2.25
2018.03.08 18:12:52.951,1.38144,1.3815,1.76,1.00
2018.03.08 18:12:53.004,1.38144,1.38152,3.07,1.12
2018.03.08 18:12:54.366,1.38143,1.38151,1.39,2.25
2018.03.08 18:12:54.470,1.38143,1.38151,1.00,1.87
2018.03.08 18:12:54.523,1.38145,1.38151,1.12,1.12
2018.03.08 18:12:55.061,1.38143,1.38151,1.47,3.37
2018.03.08 18:12:55.634,1.38143,1.38151,3.07,3.37
2018.03.08 18:12:55.899,1.38143,1.38152,3.37,2.25
2018.03.08 18:12:56.417,1.38144,1.38152,4.01,1.12
2018.03.08 18:12:59.128,1.38148,1.38154,2.25,1.87
2018.03.08 18:12:59.335,1.38149,1.38157,1.12,2.06
2018.03.08 18:13:03.115,1.38154,1.3816,2.25,2.51
2018.03.08 18:13:03.167,1.38154,1.3816,3.75,1.12
2018.03.08 18:13:04.002,1.38156,1.38162,1.00,2.44
2018.03.08 18:13:04.527,1.38154,1.38162,3.07,1.87
2018.03.08 18:13:06.000,1.38154,1.38161,3.75,1.19
2018.03.08 18:13:08.024,1.38154,1.38161,1.20,1.25
2018.03.08 18:13:13.291,1.38156,1.38161,1.12,1.25
2018.03.08 18:13:13.819,1.38154,1.38161,1.95,1.00
2018.03.08 18:13:21.902,1.38156,1.38162,1.00,2.62
2018.03.08 18:13:22.448,1.38155,1.38162,1.57,2.62
2018.03.08 18:13:24.087,1.38153,1.38162,3.07,2.06
2018.03.08 18:13:24.245,1.38151,1.3816,3.82,3.19
2018.03.08 18:13:24.631,1.38149,1.38156,1.57,1.37
2018.03.08 18:13:40.696,1.38149,1.38157,1.12,3.94
2018.03.08 18:13:47.424,1.3815,1.38156,1.00,1.50
2018.03.08 18:13:50.461,1.3815,1.38157,1.00,6.56
2018.03.08 18:13:52.941,1.3815,1.38155,1.00,1.87
2018.03.08 18:13:53.483,1.38149,1.38154,1.00,1.00
2018.03.08 18:13:55.363,1.38149,1.38154,1.00,1.37
2018.03.08 18:13:55.938,1.38149,1.38154,1.00,1.00
2018.03.08 18:13:56.639,1.3815,1.38154,1.00,1.00
2018.03.08 18:14:02.246,1.38148,1.38154,1.00,1.00
2018.03.08 18:14:13.678,1.3815,1.38155,1.12,1.12
2018.03.08 18:14:14.214,1.38149,1.38157,1.57,2.44
2018.03.08 18:14:14.742,1.38148,1.38154,1.10,1.12
2018.03.08 18:14:15.061,1.38146,1.38153,1.00,5.62
2018.03.08 18:14:23.873,1.38144,1.38151,1.00,3.00
2018.03.08 18:14:24.198,1.38148,1.38153,1.00,1.12
2018.03.08 18:14:47.323,1.38143,1.3815,1.87,1.12
2018.03.08 18:14:47.428,1.38143,1.38153,2.06,4.39
2018.03.08 18:14:47.830,1.38143,1.3815,1.31,1.12
2018.03.08 18:14:48.336,1.38142,1.3815,1.50,1.12
2018.03.08 18:14:49.355,1.38144,1.38152,3.37,1.37
2018.03.08 18:14:49.407,1.38146,1.38153,1.00,1.00
2018.03.08 18:14:50.557,1.38145,1.38153,1.50,1.00
2018.03.08 18:14:50.864,1.38144,1.38151,1.31,2.25
2018.03.08 18:14:51.813,1.38144,1.38152,1.37,3.00
2018.03.08 18:14:52.377,1.38144,1.38153,1.62,3.75
2018.03.08 18:14:53.005,1.38144,1.38153,1.62,3.37
2018.03.08 18:14:54.364,1.38144,1.38153,2.81,2.25
2018.03.08 18:14:54.910,1.38142,1.38148,1.69,3.00
2018.03.08 18:14:54.964,1.3814,1.38148,1.95,3.00
2018.03.08 18:14:55.679,1.3814,1.38147,1.12,3.75
2018.03.08 18:14:56.337,1.3814,1.38147,1.12,1.12
2018.03.08 18:14:58.295,1.3814,1.38148,1.87,2.25
2018.03.08 18:14:58.799,1.38141,1.38148,2.62,1.50
2018.03.08 18:14:59.316,1.38141,1.38149,1.00,1.12
2018.03.08 18:14:59.471,1.38141,1.38149,1.50,1.12
2018.03.08 18:15:00.391,1.38142,1.3815,2.25,4.12
2018.03.08 18:15:00.703,1.38144,1.38152,1.50,1.50
2018.03.08 18:15:01.037,1.38142,1.38149,3.56,1.00
2018.03.08 18:15:02.042,1.38142,1.38149,1.31,1.00
2018.03.08 18:15:04.491,1.38142,1.3815,1.20,1.87
2018.03.08 18:15:05.011,1.38142,1.3815,2.62,5.25
2018.03.08 18:15:06.513,1.38142,1.38149,2.25,3.37
2018.03.08 18:15:07.027,1.38142,1.38149,1.50,1.50
2018.03.08 18:15:07.831,1.38142,1.38149,1.87,1.50
2018.03.08 18:15:13.856,1.38143,1.38151,1.12,1.12
2018.03.08 18:15:13.967,1.38145,1.38153,2.44,2.25
2018.03.08 18:15:14.535,1.38147,1.38153,1.00,1.12
2018.03.08 18:15:17.689,1.38147,1.38155,1.12,2.81
2018.03.08 18:15:18.671,1.38147,1.38156,1.12,1.87
2018.03.08 18:15:18.929,1.38149,1.38156,1.00,1.87
2018.03.08 18:15:19.084,1.38147,1.38156,1.50,1.50
2018.03.08 18:15:19.209,1.38153,1.38159,2.25,2.14
2018.03.08 18:15:19.262,1.38154,1.38161,1.12,2.44
2018.03.08 18:15:20.578,1.38153,1.3816,3.37,1.00
2018.03.08 18:15:21.503,1.38153,1.38161,1.87,1.50
2018.03.08 18:15:23.191,1.38153,1.38161,2.62,1.00
2018.03.08 18:15:23.701,1.38154,1.38162,1.12,2.25
2018.03.08 18:15:24.474,1.38153,1.38162,2.62,2.25
2018.03.08 18:15:27.561,1.38153,1.38162,1.50,4.31
2018.03.08 18:15:30.587,1.38155,1.38162,1.00,3.94
2018.03.08 18:15:32.583,1.38155,1.38163,2.62,2.25
2018.03.08 18:15:34.004,1.38156,1.38164,1.50,1.12
2018.03.08 18:15:41.425,1.38156,1.38165,1.50,5.25
2018.03.08 18:15:46.017,1.38154,1.3816,2.25,1.00
2018.03.08 18:15:46.221,1.38155,1.38164,2.25,1.37
2018.03.08 18:15:50.182,1.38155,1.38163,2.62,1.12
2018.03.08 18:15:51.214,1.38155,1.38164,2.81,1.50
2018.03.08 18:15:53.531,1.38155,1.38164,2.62,1.37
2018.03.08 18:15:54.838,1.38155,1.38165,2.62,3.37
2018.03.08 18:15:57.349,1.38155,1.38164,2.25,2.06
2018.03.08 18:16:01.415,1.3816,1.38166,1.00,1.69
2018.03.08 18:16:01.467,1.3816,1.38168,2.25,2.44
2018.03.08 18:16:01.622,1.3816,1.38168,3.75,1.50
2018.03.08 18:16:01.728,1.38165,1.38172,1.50,1.19
2018.03.08 18:16:02.320,1.38165,1.38172,1.50,1.00
2018.03.08 18:16:02.633,1.38163,1.38171,2.25,1.62
2018.03.08 18:16:02.859,1.38165,1.38173,2.25,1.12
2018.03.08 18:16:03.685,1.38167,1.38174,1.00,1.62
2018.03.08 18:16:04.807,1.38167,1.38174,1.00,1.12
2018.03.08 18:16:05.153,1.38167,1.38172,1.00,1.00
2018.03.08 18:16:06.098,1.38165,1.38172,1.37,1.00
2018.03.08 18:16:06.670,1.38165,1.38173,1.37,1.00
2018.03.08 18:16:07.280,1.38165,1.38173,1.87,1.62
2018.03.08 18:16:09.398,1.38167,1.38175,1.12,4.50
2018.03.08 18:16:09.711,1.38166,1.38175,2.62,1.31
2018.03.08 18:16:11.948,1.38166,1.38174,1.20,1.25
2018.03.08 18:16:12.494,1.38166,1.38174,1.20,1.00
2018.03.08 18:16:13.449,1.38166,1.38174,1.57,1.50
2018.03.08 18:16:15.429,1.38166,1.38174,1.50,1.69
2018.03.08 18:16:16.017,1.38166,1.38172,1.00,1.12
2018.03.08 18:16:19.770,1.38165,1.38172,1.37,1.87
2018.03.08 18:16:19.979,1.38163,1.38169,1.10,1.12
2018.03.08 18:16:20.515,1.38162,1.38169,1.37,1.19
2018.03.08 18:16:21.828,1.38162,1.38169,1.00,2.06
2018.03.08 18:16:22.848,1.38162,1.38168,1.00,1.62
2018.03.08 18:16:23.398,1.38161,1.38168,1.00,2.06
2018.03.08 18:16:24.562,1.38161,1.38168,1.00,1.69
2018.03.08 18:16:25.077,1.38159,1.38168,1.95,2.62
2018.03.08 18:16:25.598,1.38159,1.38168,1.57,5.06
2018.03.08 18:16:33.686,1.38165,1.38169,1.00,2.06
2018.03.08 18:16:33.794,1.38164,1.38172,1.12,1.69
2018.03.08 18:16:34.329,1.38164,1.38171,1.12,3.75
2018.03.08 18:16:35.735,1.38165,1.38172,1.00,2.44
2018.03.08 18:16:36.256,1.38165,1.38172,1.00,1.25
2018.03.08 18:16:36.947,1.38165,1.38174,1.37,6.19
2018.03.08 18:16:37.101,1.38165,1.38174,4.76,1.69
2018.03.08 18:16:37.931,1.38165,1.38174,3.26,3.94
2018.03.08 18:16:38.346,1.38167,1.3817,1.12,1.00
2018.03.08 18:16:38.398,1.38167,1.38174,1.12,1.37
2018.03.08 18:16:39.917,1.38167,1.38175,1.12,2.06
2018.03.08 18:16:40.175,1.38167,1.38176,1.57,1.12
2018.03.08 18:16:40.688,1.38167,1.38175,1.50,1.50
2018.03.08 18:16:41.561,1.38169,1.38175,1.00,1.69
2018.03.08 18:16:42.088,1.3817,1.38175,1.00,1.31
2018.03.08 18:16:42.810,1.38168,1.38175,1.12,1.31
2018.03.08 18:16:43.933,1.38168,1.38176,1.00,2.25
2018.03.08 18:16:44.434,1.38169,1.38177,1.00,3.56
2018.03.08 18:16:45.978,1.38169,1.38177,1.87,1.69
2018.03.08 18:16:51.915,1.38172,1.38177,1.00,1.50
2018.03.08 18:16:52.607,1.38171,1.38177,1.00,1.69
2018.03.08 18:16:54.081,1.38172,1.38177,1.00,1.50
2018.03.08 18:16:55.490,1.38171,1.38178,1.00,3.19
2018.03.08 18:16:59.004,1.38173,1.38178,1.00,3.00
2018.03.08 18:16:59.110,1.38171,1.38178,1.00,4.31
2018.03.08 18:16:59.628,1.3817,1.38176,1.00,1.69
2018.03.08 18:17:00.231,1.38168,1.38176,2.70,1.25
2018.03.08 18:17:00.491,1.38165,1.38167,1.12,1.00
2018.03.08 18:17:00.596,1.38162,1.38168,1.00,2.06
2018.03.08 18:17:00.751,1.3816,1.38168,1.12,2.06
2018.03.08 18:17:01.294,1.38161,1.38167,1.00,1.00
2018.03.08 18:17:01.684,1.38159,1.38167,2.25,3.37
2018.03.08 18:17:01.978,1.38159,1.38165,1.12,1.00
2018.03.08 18:17:02.479,1.3816,1.38166,1.00,1.00
2018.03.08 18:17:02.980,1.38159,1.38167,1.00,1.87
2018.03.08 18:17:03.347,1.38159,1.38167,1.00,1.87
2018.03.08 18:17:04.634,1.38158,1.38165,1.00,1.87
2018.03.08 18:17:05.141,1.38158,1.38164,1.00,2.62
2018.03.08 18:17:05.686,1.38157,1.38164,1.00,2.62
2018.03.08 18:17:07.395,1.38158,1.38163,1.00,1.00
2018.03.08 18:17:07.566,1.38156,1.38163,1.12,1.50
2018.03.08 18:17:07.925,1.38158,1.38162,1.00,1.00
2018.03.08 18:17:08.145,1.38156,1.38162,1.00,1.00
2018.03.08 18:17:08.301,1.38154,1.38159,1.10,1.00
2018.03.08 18:17:08.428,1.38154,1.38161,1.01,1.87
2018.03.08 18:17:08.845,1.38157,1.38161,1.00,2.25
2018.03.08 18:17:08.949,1.38157,1.38164,1.00,2.44
2018.03.08 18:17:09.002,1.38159,1.38166,1.00,6.19
2018.03.08 18:17:09.523,1.38159,1.38166,1.00,3.75
2018.03.08 18:17:10.939,1.38161,1.38166,1.00,1.62
2018.03.08 18:17:12.084,1.38161,1.38167,1.00,1.12
2018.03.08 18:17:14.820,1.38162,1.38167,1.00,1.00
2018.03.08 18:17:14.872,1.3816,1.38167,1.20,1.00
2018.03.08 18:17:14.925,1.38162,1.38167,1.00,1.00
2018.03.08 18:17:15.916,1.3816,1.38167,1.57,1.87
2018.03.08 18:17:16.457,1.3816,1.38168,1.57,1.50
2018.03.08 18:17:16.612,1.38162,1.38169,1.20,1.37
2018.03.08 18:17:18.658,1.38162,1.38169,1.00,1.87
2018.03.08 18:17:19.635,1.38162,1.38169,1.00,3.19
2018.03.08 18:17:20.617,1.38162,1.38169,1.00,3.19
2018.03.08 18:17:20.929,1.38164,1.3817,1.00,2.44
2018.03.08 18:17:21.949,1.38167,1.38172,1.00,1.81
2018.03.08 18:17:22.002,1.38167,1.38171,1.00,1.00
2018.03.08 18:17:22.607,1.38166,1.38172,1.00,1.25
2018.03.08 18:17:23.099,1.38162,1.38169,2.32,1.50
2018.03.08 18:17:23.257,1.38161,1.38167,1.00,2.06
2018.03.08 18:17:24.388,1.38161,1.38166,1.00,1.00
2018.03.08 18:17:25.045,1.3816,1.38166,1.00,1.12
2018.03.08 18:17:26.597,1.3816,1.38166,1.10,3.94
2018.03.08 18:17:27.272,1.3816,1.38164,1.00,1.50
2018.03.08 18:17:27.433,1.38157,1.38161,1.00,1.00
2018.03.08 18:17:27.589,1.38157,1.38163,1.00,1.50
2018.03.08 18:17:27.641,1.38157,1.38162,1.00,1.37
2018.03.08 18:17:29.756,1.38157,1.3816,1.00,1.00
2018.03.08 18:17:30.280,1.38154,1.38161,1.57,2.25
2018.03.08 18:17:30.537,1.38153,1.38159,2.51,1.00
2018.03.08 18:17:30.691,1.3815,1.38159,1.39,3.75
2018.03.08 18:17:30.864,1.38149,1.38156,1.20,2.25
2018.03.08 18:17:30.968,1.38147,1.38154,1.57,1.50
2018.03.08 18:17:31.070,1.38146,1.38153,1.39,1.37
2018.03.08 18:17:31.326,1.38145,1.38151,1.57,1.00
2018.03.08 18:17:31.634,1.38145,1.38151,1.57,3.37
2018.03.08 18:17:31.897,1.38146,1.38152,1.00,1.87
2018.03.08 18:17:32.913,1.38144,1.38151,4.01,1.12
2018.03.08 18:17:33.221,1.38153,1.3816,1.50,1.00
2018.03.08 18:17:33.273,1.38156,1.38161,1.00,1.00
2018.03.08 18:17:33.325,1.38156,1.38165,1.31,1.47
2018.03.08 18:17:33.792,1.38157,1.38164,1.95,1.00
2018.03.08 18:17:34.338,1.38159,1.38165,1.00,1.00
2018.03.08 18:17:34.893,1.38157,1.38165,3.07,1.00
2018.03.08 18:17:35.864,1.38157,1.38164,1.07,3.75
2018.03.08 18:17:36.383,1.38156,1.38164,1.57,3.00
2018.03.08 18:17:37.054,1.38156,1.38162,1.95,1.00
2018.03.08 18:17:37.258,1.38154,1.38162,1.76,1.00
2018.03.08 18:17:37.789,1.38155,1.38163,1.57,1.87
2018.03.08 18:17:38.301,1.38156,1.38164,1.20,3.75
2018.03.08 18:17:38.404,1.38156,1.38163,1.57,1.00
2018.03.08 18:17:39.075,1.38155,1.38162,3.45,1.00
2018.03.08 18:17:39.594,1.38155,1.38163,1.10,1.62
2018.03.08 18:17:39.790,1.38157,1.38165,2.25,3.56
2018.03.08 18:17:40.151,1.38157,1.38165,3.07,1.12
2018.03.08 18:17:41.897,1.38158,1.38166,1.07,1.12
2018.03.08 18:17:43.808,1.38161,1.38167,1.00,1.69
2018.03.08 18:17:44.845,1.38163,1.3817,3.00,1.94
2018.03.08 18:17:44.898,1.38163,1.3817,2.81,1.50
2018.03.08 18:17:45.055,1.38162,1.38169,2.70,3.00
2018.03.08 18:17:45.440,1.38162,1.3817,2.70,1.00
2018.03.08 18:17:45.700,1.38162,1.38168,2.70,1.00
2018.03.08 18:17:45.889,1.38162,1.3817,2.70,1.00
2018.03.08 18:17:46.061,1.38162,1.3817,2.70,4.50
2018.03.08 18:17:46.613,1.38162,1.3817,1.20,3.19
2018.03.08 18:17:47.044,1.38161,1.38167,1.57,1.00
2018.03.08 18:17:47.573,1.38161,1.38167,1.00,1.87
2018.03.08 18:17:48.472,1.38159,1.38168,2.32,3.94
2018.03.08 18:17:48.783,1.38158,1.38165,1.95,2.62
2018.03.08 18:17:49.105,1.38158,1.38167,1.57,3.19
2018.03.08 18:17:49.638,1.38158,1.38167,1.95,1.62
2018.03.08 18:17:50.058,1.38158,1.38167,2.70,1.25
2018.03.08 18:17:50.863,1.38158,1.38166,3.07,1.00
2018.03.08 18:17:52.600,1.38158,1.38166,1.95,1.00
2018.03.08 18:17:53.169,1.38158,1.38166,1.95,1.12
2018.03.08 18:17:53.900,1.38157,1.38163,1.20,1.37
2018.03.08 18:17:54.045,1.38154,1.38162,1.20,3.19
2018.03.08 18:17:54.251,1.38154,1.38162,1.12,1.69
2018.03.08 18:17:54.731,1.38152,1.38159,1.00,1.00
2018.03.08 18:17:55.244,1.3815,1.38158,1.37,1.87
2018.03.08 18:17:55.747,1.3815,1.38158,1.00,1.87
2018.03.08 18:17:59.142,1.3815,1.38158,1.37,1.50
2018.03.08 18:18:01.030,1.3815,1.38157,1.87,1.00
2018.03.08 18:18:01.551,1.3815,1.38157,1.12,1.00
2018.03.08 18:18:02.726,1.38148,1.38157,1.87,1.87
2018.03.08 18:18:02.830,1.38147,1.38155,4.12,1.00
2018.03.08 18:18:03.786,1.38147,1.38155,1.31,1.50
2018.03.08 18:18:04.290,1.38145,1.38154,1.56,2.62
2018.03.08 18:18:04.872,1.38145,1.38154,2.06,1.87
2018.03.08 18:18:05.409,1.38145,1.38153,2.06,1.00
2018.03.08 18:18:05.925,1.38145,1.38154,2.06,1.12
2018.03.08 18:18:06.533,1.38145,1.38153,2.06,1.00
2018.03.08 18:18:07.101,1.38143,1.38149,4.01,1.00
2018.03.08 18:18:07.208,1.38147,1.38152,1.00,1.69
2018.03.08 18:18:07.338,1.38145,1.38152,1.50,1.00
2018.03.08 18:18:07.866,1.38145,1.38153,1.12,1.00
2018.03.08 18:18:08.344,1.38145,1.38151,1.12,1.00
2018.03.08 18:18:08.398,1.38145,1.38153,1.00,1.57
2018.03.08 18:18:08.453,1.38145,1.3815,1.12,1.00
2018.03.08 18:18:08.558,1.38146,1.38154,1.00,1.12
2018.03.08 18:18:08.786,1.38144,1.38154,3.26,1.87
2018.03.08 18:18:08.941,1.38144,1.38151,3.26,1.12
2018.03.08 18:18:09.285,1.38144,1.3815,1.00,11.25
2018.03.08 18:18:09.339,1.38145,1.38153,1.00,2.89
2018.03.08 18:18:09.444,1.38142,1.38151,2.89,1.50
2018.03.08 18:18:09.600,1.38143,1.38149,1.12,1.00
2018.03.08 18:18:10.134,1.38142,1.38149,3.00,1.00
2018.03.08 18:18:10.676,1.38143,1.3815,2.06,1.00
2018.03.08 18:18:10.829,1.38144,1.38152,1.00,1.00
2018.03.08 18:18:10.932,1.38146,1.38154,1.50,1.12
2018.03.08 18:18:11.502,1.38146,1.38154,1.69,5.62
2018.03.08 18:18:12.088,1.38146,1.38154,1.00,2.62
2018.03.08 18:18:12.979,1.38145,1.38152,2.44,1.00
2018.03.08 18:18:13.309,1.38145,1.3815,1.25,2.62
2018.03.08 18:18:13.446,1.38143,1.38151,1.25,1.47
2018.03.08 18:18:13.862,1.38141,1.38147,1.25,1.12
2018.03.08 18:18:15.164,1.38144,1.38149,1.00,1.25
2018.03.08 18:18:15.269,1.38144,1.38151,1.00,1.00
2018.03.08 18:18:15.474,1.38143,1.3815,2.25,2.25
2018.03.08 18:18:15.781,1.38141,1.38147,2.06,1.00
2018.03.08 18:18:16.118,1.38141,1.3815,1.31,4.12
2018.03.08 18:18:16.834,1.38142,1.38149,1.25,1.12
2018.03.08 18:18:18.685,1.38141,1.38149,1.25,1.50
2018.03.08 18:18:18.811,1.38143,1.38151,1.50,4.31
2018.03.08 18:18:19.130,1.38139,1.38147,3.00,1.00
2018.03.08 18:18:19.971,1.3814,1.38147,1.50,3.00
2018.03.08 18:18:20.860,1.3814,1.38145,1.00,1.50
2018.03.08 18:18:21.897,1.3814,1.38146,1.00,1.00
2018.03.08 18:18:24.179,1.3814,1.38147,1.87,1.00
2018.03.08 18:18:24.490,1.38144,1.38152,1.00,2.25
2018.03.08 18:18:24.909,1.38144,1.38149,1.00,1.00
2018.03.08 18:18:25.065,1.38146,1.38153,1.00,1.50
2018.03.08 18:18:25.631,1.38146,1.38154,1.87,1.00
2018.03.08 18:18:26.419,1.38147,1.38154,1.12,1.00
2018.03.08 18:18:26.471,1.38148,1.38156,3.37,1.50
2018.03.08 18:18:30.109,1.3815,1.38158,3.37,2.00
2018.03.08 18:18:30.215,1.3815,1.38158,1.50,2.00
2018.03.08 18:18:30.322,1.38152,1.38158,1.50,1.00
2018.03.08 18:18:31.434,1.38152,1.38158,1.87,1.00
2018.03.08 18:18:31.487,1.3815,1.38158,1.50,1.00
2018.03.08 18:18:32.042,1.38149,1.38158,3.75,1.57
2018.03.08 18:18:32.942,1.38149,1.38157,1.87,1.00
2018.03.08 18:18:34.860,1.38149,1.38155,1.50,1.00
2018.03.08 18:18:36.700,1.38148,1.38155,1.87,1.00
2018.03.08 18:18:37.628,1.38147,1.38155,1.00,1.12
2018.03.08 18:18:38.164,1.38146,1.38154,1.87,1.00
2018.03.08 18:18:39.263,1.38145,1.38153,3.75,1.50
2018.03.08 18:18:39.781,1.38145,1.38152,1.31,1.00
2018.03.08 18:18:40.616,1.38144,1.3815,1.69,1.50
2018.03.08 18:18:41.598,1.38144,1.3815,1.25,1.00
2018.03.08 18:18:42.832,1.38143,1.3815,1.31,1.00
2018.03.08 18:18:43.384,1.38142,1.38151,5.44,3.75
2018.03.08 18:18:43.866,1.38143,1.38149,1.37,1.87
2018.03.08 18:18:43.972,1.38139,1.38147,1.95,2.62
2018.03.08 18:18:44.475,1.38139,1.38143,1.00,1.00
2018.03.08 18:18:44.527,1.38139,1.38143,1.00,1.37
2018.03.08 18:18:44.932,1.38139,1.38145,1.00,1.87
2018.03.08 18:18:45.450,1.38139,1.38146,1.00,3.37
2018.03.08 18:18:47.056,1.38139,1.38147,1.50,1.87
2018.03.08 18:18:47.108,1.3814,1.38149,2.62,2.06
2018.03.08 18:18:47.782,1.3814,1.38148,2.25,1.00
2018.03.08 18:18:48.155,1.38144,1.38149,1.12,1.12
2018.03.08 18:18:48.209,1.38148,1.38155,1.00,1.31
2018.03.08 18:18:48.729,1.38148,1.38155,1.00,1.00
2018.03.08 18:18:49.265,1.38148,1.38155,1.37,1.00
2018.03.08 18:18:49.817,1.38148,1.38155,1.87,1.12
2018.03.08 18:18:50.140,1.38148,1.38155,4.50,1.12
2018.03.08 18:18:51.174,1.38149,1.38156,3.00,1.12
2018.03.08 18:18:51.706,1.38149,1.38156,2.62,1.12
2018.03.08 18:18:55.354,1.3815,1.38158,1.50,2.44
2018.03.08 18:18:55.802,1.38153,1.3816,3.37,1.69
2018.03.08 18:18:55.853,1.38153,1.3816,4.12,1.00
2018.03.08 18:18:56.437,1.38154,1.38161,1.50,1.12
2018.03.08 18:18:56.976,1.38153,1.38161,3.37,1.12
2018.03.08 18:18:57.240,1.3815,1.38159,1.57,1.87
2018.03.08 18:18:57.292,1.3815,1.38159,1.12,1.87
2018.03.08 18:18:57.344,1.38152,1.3816,1.00,2.32
2018.03.08 18:18:57.878,1.38153,1.38161,1.50,1.69
2018.03.08 18:18:57.930,1.38155,1.38164,1.50,2.06
2018.03.08 18:18:58.852,1.38154,1.38162,2.25,1.00
2018.03.08 18:18:59.365,1.38154,1.38162,1.50,1.37
2018.03.08 18:19:00.079,1.38155,1.38163,2.25,2.06
2018.03.08 18:19:00.618,1.38155,1.38163,2.25,1.87
2018.03.08 18:19:01.138,1.38155,1.38163,2.25,1.87
2018.03.08 18:19:01.851,1.38155,1.38163,1.87,2.25
2018.03.08 18:19:02.478,1.38153,1.38161,1.31,3.00
2018.03.08 18:19:02.530,1.3815,1.38158,4.01,1.00
2018.03.08 18:19:03.064,1.38149,1.38157,3.00,1.87
2018.03.08 18:19:03.580,1.38149,1.38157,1.69,2.44
2018.03.08 18:19:04.157,1.38149,1.38156,1.00,1.00
2018.03.08 18:19:04.680,1.38147,1.38156,2.44,2.25
2018.03.08 18:19:04.989,1.38147,1.38155,1.00,1.50
2018.03.08 18:19:05.696,1.38145,1.38153,2.62,1.37
2018.03.08 18:19:05.748,1.38145,1.38153,1.31,2.25
2018.03.08 18:19:06.108,1.38144,1.38149,1.37,1.50
2018.03.08 18:19:06.160,1.38143,1.38151,1.69,1.50
2018.03.08 18:19:06.247,1.38143,1.38151,1.31,2.25
2018.03.08 18:19:06.777,1.38143,1.3815,1.69,1.00
2018.03.08 18:19:07.288,1.38143,1.3815,2.06,1.37
2018.03.08 18:19:08.049,1.38143,1.3815,1.87,1.00
2018.03.08 18:19:09.271,1.38143,1.38149,2.25,1.00
2018.03.08 18:19:09.674,1.38143,1.38153,2.44,4.69
2018.03.08 18:19:09.984,1.38143,1.38153,3.56,2.62
2018.03.08 18:19:10.541,1.38143,1.38153,4.31,2.25
2018.03.08 18:19:11.054,1.38143,1.38153,3.94,2.25
2018.03.08 18:19:11.402,1.38147,1.38155,1.12,2.25
2018.03.08 18:19:12.923,1.38147,1.38155,1.50,1.87
2018.03.08 18:19:17.891,1.38146,1.38154,1.12,1.12
2018.03.08 18:19:18.579,1.38145,1.38153,3.19,1.00
2018.03.08 18:19:19.126,1.38145,1.38153,2.25,1.12
2018.03.08 18:19:23.068,1.38147,1.38153,1.00,1.12
2018.03.08 18:19:24.248,1.38142,1.38151,2.89,1.50
2018.03.08 18:19:24.302,1.38143,1.3815,1.00,1.12
2018.03.08 18:19:24.354,1.38141,1.38148,2.06,1.00
2018.03.08 18:19:24.617,1.3814,1.38148,2.81,1.69
2018.03.08 18:19:24.722,1.3814,1.38146,1.00,1.00
2018.03.08 18:19:25.291,1.38139,1.38146,1.87,1.00
2018.03.08 18:19:26.265,1.38139,1.38145,1.00,1.00
2018.03.08 18:19:27.387,1.38139,1.38144,1.00,1.00
2018.03.08 18:19:27.910,1.38139,1.38145,1.00,1.12
2018.03.08 18:19:28.447,1.38139,1.38144,1.00,1.00
2018.03.08 18:19:28.957,1.38139,1.38143,1.00,1.00
2018.03.08 18:19:29.622,1.38139,1.38145,1.00,1.50
2018.03.08 18:19:30.185,1.38139,1.38144,1.00,1.00
2018.03.08 18:19:30.734,1.38139,1.38145,1.00,3.19
2018.03.08 18:19:31.766,1.3814,1.38143,1.00,1.12
2018.03.08 18:19:32.365,1.3814,1.38144,1.00,1.50
2018.03.08 18:19:34.081,1.38139,1.38145,1.00,4.87
2018.03.08 18:19:34.133,1.38136,1.38144,1.12,2.62
2018.03.08 18:19:34.292,1.38134,1.38141,3.19,1.37
2018.03.08 18:19:34.706,1.38135,1.38143,1.56,1.57
2018.03.08 18:19:34.758,1.38138,1.38145,1.00,2.81
2018.03.08 18:19:35.355,1.38137,1.38145,1.12,2.44
2018.03.08 18:19:37.292,1.38137,1.38145,2.62,1.00
2018.03.08 18:19:37.814,1.38138,1.38144,1.00,1.00
2018.03.08 18:19:38.330,1.38138,1.38145,1.50,1.00
2018.03.08 18:19:39.830,1.38138,1.38145,4.50,1.00
2018.03.08 18:19:40.340,1.38137,1.38145,2.25,1.00
2018.03.08 18:19:40.916,1.38137,1.38145,1.87,1.12
2018.03.08 18:19:43.661,1.38138,1.38145,1.00,1.12
2018.03.08 18:19:44.240,1.38137,1.38145,2.62,1.12
2018.03.08 18:19:47.313,1.38137,1.38145,4.87,1.00
2018.03.08 18:19:48.016,1.38137,1.38145,2.44,1.00
2018.03.08 18:19:49.792,1.38136,1.38145,2.62,1.87
2018.03.08 18:19:49.895,1.38136,1.38145,2.44,1.87
2018.03.08 18:19:50.491,1.38137,1.38143,1.00,1.12
2018.03.08 18:19:51.000,1.38136,1.38143,1.25,1.12
2018.03.08 18:19:51.325,1.38137,1.38146,1.50,3.82
2018.03.08 18:19:52.438,1.38137,1.38146,2.62,2.25
2018.03.08 18:19:52.989,1.38138,1.38146,1.00,3.75
2018.03.08 18:19:53.905,1.38137,1.38146,5.62,2.25
2018.03.08 18:19:54.017,1.38143,1.38148,2.06,1.10
2018.03.08 18:19:54.176,1.3814,1.38146,1.12,1.00
2018.03.08 18:19:54.334,1.38138,1.38144,1.50,1.00
2018.03.08 18:19:55.659,1.38137,1.38143,1.50,1.12
2018.03.08 18:19:56.327,1.38137,1.38143,1.50,1.37
2018.03.08 18:19:56.830,1.38136,1.38143,1.87,1.37
2018.03.08 18:19:58.316,1.38137,1.38143,1.00,1.37
2018.03.08 18:19:58.523,1.38136,1.38143,1.12,1.87
2018.03.08 18:20:00.098,1.38136,1.38143,1.00,1.87
2018.03.08 18:20:01.189,1.38136,1.38143,1.00,1.00
2018.03.08 18:20:05.732,1.38136,1.38143,1.00,1.50
2018.03.08 18:20:06.247,1.38135,1.38143,1.87,1.87
2018.03.08 18:20:07.347,1.38135,1.3814,1.87,1.00
2018.03.08 18:20:11.181,1.38135,1.38143,2.25,1.37
2018.03.08 18:20:11.233,1.38134,1.38141,3.00,1.50
2018.03.08 18:20:11.441,1.38135,1.38143,1.87,1.50
2018.03.08 18:20:11.582,1.38137,1.38143,1.50,1.50
2018.03.08 18:20:12.696,1.38136,1.38145,5.70,1.87
2018.03.08 18:20:14.341,1.38139,1.38145,1.00,1.50
2018.03.08 18:20:14.821,1.38137,1.38145,3.75,1.50
2018.03.08 18:20:15.355,1.38137,1.38146,3.00,2.25
2018.03.08 18:20:16.506,1.38137,1.38145,1.87,1.87
2018.03.08 18:20:19.660,1.38137,1.38145,1.00,1.87
2018.03.08 18:20:21.545,1.38137,1.38144,1.00,1.87
2018.03.08 18:20:22.514,1.38136,1.38143,1.50,1.87
2018.03.08 18:20:22.566,1.38136,1.38143,1.50,1.87
2018.03.08 18:20:23.041,1.38134,1.38141,1.12,1.75
2018.03.08 18:20:23.094,1.38136,1.38141,1.00,1.12
2018.03.08 18:20:23.219,1.38134,1.3814,1.00,1.00
2018.03.08 18:20:23.484,1.38136,1.3814,1.00,1.00
2018.03.08 18:20:23.537,1.38134,1.3814,1.50,1.00
2018.03.08 18:20:23.589,1.38135,1.3814,1.00,1.37
2018.03.08 18:20:23.641,1.38134,1.3814,2.25,1.00
2018.03.08 18:20:24.178,1.38135,1.3814,1.00,1.00
2018.03.08 18:20:24.715,1.38134,1.38143,5.62,1.12
2018.03.08 18:20:28.580,1.38136,1.38143,1.00,1.12
2018.03.08 18:20:29.594,1.38136,1.38144,1.00,1.12
2018.03.08 18:20:30.785,1.38136,1.38144,1.37,1.12
2018.03.08 18:20:33.926,1.38138,1.38144,1.00,1.12
2018.03.08 18:20:34.631,1.38139,1.38144,1.00,1.00
2018.03.08 18:20:34.735,1.38141,1.38146,1.00,1.00
2018.03.08 18:20:34.840,1.38146,1.38154,1.20,1.12
2018.03.08 18:20:34.944,1.38147,1.38153,1.20,1.50
2018.03.08 18:20:35.567,1.38147,1.38154,1.20,1.50
2018.03.08 18:20:39.628,1.38146,1.38153,1.01,2.62
2018.03.08 18:20:40.113,1.38143,1.38149,2.89,1.00
2018.03.08 18:20:40.164,1.38143,1.38148,2.89,1.00
2018.03.08 18:20:40.725,1.38143,1.38147,1.95,1.00
2018.03.08 18:20:41.034,1.38143,1.38146,1.10,1.00
2018.03.08 18:20:41.240,1.38139,1.38143,1.00,1.00
2018.03.08 18:20:41.613,1.38137,1.38141,2.32,1.00
2018.03.08 18:20:42.122,1.38136,1.3814,1.01,1.00
2018.03.08 18:20:42.430,1.38135,1.38139,3.07,1.00
2018.03.08 18:20:42.482,1.38135,1.3814,3.07,1.00
2018.03.08 18:20:43.416,1.38134,1.38139,1.01,1.00
2018.03.08 18:20:43.522,1.38131,1.38135,1.45,1.00
2018.03.08 18:20:43.627,1.38129,1.38136,1.07,1.50
2018.03.08 18:20:43.680,1.38129,1.38132,1.07,1.00
2018.03.08 18:20:43.821,1.38128,1.38134,3.82,1.00
2018.03.08 18:20:44.252,1.38128,1.38131,1.76,1.00
2018.03.08 18:20:44.779,1.38126,1.38133,2.14,1.50
2018.03.08 18:20:44.935,1.38126,1.38131,1.39,1.00
2018.03.08 18:20:45.836,1.38124,1.38129,1.07,1.12
2018.03.08 18:20:45.994,1.38125,1.38131,1.95,1.00
2018.03.08 18:20:46.510,1.38125,1.38131,1.39,1.87
2018.03.08 18:20:47.234,1.38125,1.38131,1.01,1.50
2018.03.08 18:20:47.878,1.38124,1.38131,3.07,1.50
2018.03.08 18:20:49.816,1.38124,1.38131,2.70,1.50
2018.03.08 18:20:50.211,1.38124,1.38129,2.14,1.37
2018.03.08 18:20:50.721,1.38124,1.3813,1.47,1.50
2018.03.08 18:20:50.894,1.38125,1.38131,1.12,1.00
2018.03.08 18:20:51.447,1.38125,1.3813,3.07,1.00
2018.03.08 18:20:52.054,1.38125,1.38132,2.70,1.12
2018.03.08 18:20:52.106,1.38126,1.3813,1.10,1.00
2018.03.08 18:20:52.635,1.38125,1.38131,1.20,1.50
2018.03.08 18:20:54.043,1.38125,1.38131,2.51,1.50
2018.03.08 18:20:54.545,1.38125,1.38131,1.10,1.12
2018.03.08 18:20:56.564,1.38125,1.38131,1.95,1.50
2018.03.08 18:20:57.102,1.38124,1.38128,1.39,1.00
2018.03.08 18:20:57.308,1.3812,1.38126,1.76,1.00
2018.03.08 18:20:57.527,1.38122,1.38128,1.95,1.12
2018.03.08 18:20:57.833,1.38123,1.3813,1.95,1.87
2018.03.08 18:20:58.461,1.38123,1.3813,2.14,1.87
2018.03.08 18:20:59.006,1.38123,1.38129,2.89,1.50
2018.03.08 18:20:59.411,1.38124,1.38131,1.37,1.12
2018.03.08 18:20:59.925,1.38125,1.38131,1.07,1.12
2018.03.08 18:21:04.254,1.38125,1.3813,1.45,1.00
2018.03.08 18:21:06.329,1.38124,1.38129,1.39,1.00
2018.03.08 18:21:06.874,1.38122,1.38128,1.76,1.00
2018.03.08 18:21:06.926,1.38123,1.38128,3.07,1.00
2018.03.08 18:21:07.244,1.38125,1.3813,1.69,1.00
2018.03.08 18:21:07.829,1.38125,1.38129,2.14,1.00
2018.03.08 18:21:08.363,1.38125,1.38129,1.57,1.00
2018.03.08 18:21:08.416,1.38123,1.38127,1.20,1.12
2018.03.08 18:21:08.761,1.38121,1.38125,1.45,1.00
2018.03.08 18:21:09.277,1.38121,1.38126,1.20,1.00
2018.03.08 18:21:09.589,1.38118,1.38122,2.32,1.00
2018.03.08 18:21:09.783,1.38118,1.38125,2.32,1.50
2018.03.08 18:21:10.324,1.38119,1.38125,1.10,1.50
2018.03.08 18:21:10.927,1.38118,1.38125,3.45,1.50
2018.03.08 18:21:11.435,1.38119,1.38125,1.10,1.50
2018.03.08 18:21:12.812,1.38118,1.38126,2.32,2.25
2018.03.08 18:21:13.320,1.38119,1.38125,1.10,1.00
2018.03.08 18:21:14.190,1.38118,1.38126,2.32,2.25
2018.03.08 18:21:14.741,1.38119,1.38124,1.10,1.00
2018.03.08 18:21:15.263,1.38119,1.38123,1.10,1.00
2018.03.08 18:21:16.313,1.38119,1.38125,1.45,1.00
2018.03.08 18:21:16.366,1.3812,1.38125,1.76,1.00
2018.03.08 18:21:16.505,1.38124,1.3813,2.51,1.00
2018.03.08 18:21:16.933,1.38126,1.38131,1.32,1.12
2018.03.08 18:21:19.866,1.38126,1.38131,1.10,1.00
2018.03.08 18:21:21.618,1.38126,1.38131,1.57,1.00
2018.03.08 18:21:22.297,1.38126,1.38132,1.57,1.00
2018.03.08 18:21:22.855,1.38127,1.38132,1.10,1.00
2018.03.08 18:21:23.907,1.38126,1.38132,1.20,1.00
2018.03.08 18:21:26.451,1.38126,1.38132,1.07,1.00
2018.03.08 18:21:29.639,1.38126,1.3813,1.20,1.00
2018.03.08 18:21:30.336,1.38126,1.3813,1.20,1.00
2018.03.08 18:21:31.693,1.38126,1.38129,1.45,1.00
2018.03.08 18:21:32.210,1.38126,1.38129,1.10,1.00
2018.03.08 18:21:32.748,1.38125,1.3813,1.10,1.00
2018.03.08 18:21:33.394,1.38122,1.38125,1.82,1.00
2018.03.08 18:21:33.446,1.38122,1.38128,2.32,1.00
2018.03.08 18:21:33.601,1.38124,1.38127,1.01,1.00
2018.03.08 18:21:34.046,1.38121,1.38125,1.76,1.12
2018.03.08 18:21:34.098,1.38122,1.38128,1.20,2.06
2018.03.08 18:21:34.205,1.38123,1.38129,2.89,2.25
2018.03.08 18:21:34.257,1.38123,1.38127,2.89,1.00
2018.03.08 18:21:34.773,1.38124,1.38128,1.07,1.00
2018.03.08 18:21:35.498,1.38123,1.38129,2.07,1.87
2018.03.08 18:21:35.804,1.38121,1.38125,1.45,1.00
2018.03.08 18:21:35.856,1.38119,1.38125,1.01,1.00
2018.03.08 18:21:35.907,1.38119,1.38123,1.57,1.00
2018.03.08 18:21:36.411,1.3812,1.38122,1.00,1.00
2018.03.08 18:21:36.901,1.3812,1.38125,1.00,1.12
2018.03.08 18:21:37.058,1.3812,1.38128,1.57,1.87
2018.03.08 18:21:37.111,1.38119,1.38124,2.70,1.00
2018.03.08 18:21:38.265,1.38119,1.38123,1.76,1.00
2018.03.08 18:21:39.652,1.38118,1.38121,1.10,1.00
2018.03.08 18:21:40.624,1.38117,1.38122,1.45,1.12
2018.03.08 18:21:41.451,1.38115,1.38119,1.95,1.00
2018.03.08 18:21:41.504,1.38116,1.3812,1.20,1.00
2018.03.08 18:21:41.605,1.38116,1.38122,1.20,1.50
2018.03.08 18:21:41.657,1.38115,1.38119,1.45,1.00
2018.03.08 18:21:42.237,1.38115,1.38122,1.20,1.12
2018.03.08 18:21:42.769,1.38115,1.38123,1.07,2.62
2018.03.08 18:21:43.319,1.38115,1.3812,1.07,1.00
2018.03.08 18:21:43.956,1.38115,1.38122,1.07,1.50
2018.03.08 18:21:45.057,1.38115,1.38122,1.01,1.87
2018.03.08 18:21:47.690,1.38116,1.38123,1.20,1.87
2018.03.08 18:21:48.278,1.38116,1.38123,1.57,1.87
2018.03.08 18:21:50.154,1.38117,1.38124,1.10,3.37
2018.03.08 18:21:50.647,1.38116,1.38124,3.07,1.87
2018.03.08 18:21:51.122,1.38121,1.38127,1.69,1.50
2018.03.08 18:21:51.224,1.38121,1.38128,1.45,1.12
2018.03.08 18:21:51.908,1.38122,1.3813,1.76,3.00
2018.03.08 18:21:52.563,1.38124,1.38132,1.95,2.06
2018.03.08 18:21:52.762,1.38126,1.38133,1.95,1.12
2018.03.08 18:21:54.127,1.38121,1.38126,1.57,1.00
2018.03.08 18:21:54.181,1.38122,1.38128,1.45,1.00
2018.03.08 18:21:54.233,1.38123,1.3813,1.10,2.25
2018.03.08 18:21:54.544,1.38125,1.38131,1.20,2.62
2018.03.08 18:21:58.034,1.38124,1.3813,1.57,1.00
2018.03.08 18:21:58.665,1.38125,1.38131,1.57,2.25
2018.03.08 18:21:59.531,1.38123,1.3813,3.64,1.00
2018.03.08 18:22:00.069,1.38123,1.38126,1.70,1.00
2018.03.08 18:22:00.123,1.38121,1.38126,1.50,1.50
2018.03.08 18:22:00.175,1.38121,1.38126,1.20,1.87
2018.03.08 18:22:00.352,1.38117,1.38124,1.95,1.87
2018.03.08 18:22:00.872,1.38118,1.38124,1.20,1.12
2018.03.08 18:22:01.122,1.38118,1.38122,1.20,1.00
2018.03.08 18:22:02.632,1.38115,1.38123,3.82,1.50
2018.03.08 18:22:04.018,1.38116,1.38122,1.20,2.25
2018.03.08 18:22:04.556,1.38115,1.38122,1.20,3.37
2018.03.08 18:22:10.757,1.38114,1.38122,4.01,2.25
2018.03.08 18:22:11.763,1.38115,1.38122,1.57,3.00
2018.03.08 18:22:11.867,1.38116,1.38123,2.14,1.00
2018.03.08 18:22:12.443,1.38117,1.38124,1.57,1.00
2018.03.08 18:22:12.750,1.38123,1.38128,1.10,1.37
2018.03.08 18:22:13.315,1.38122,1.38128,2.32,1.50
2018.03.08 18:22:13.529,1.38123,1.3813,1.20,2.62
2018.03.08 18:22:13.584,1.38124,1.38132,1.95,1.12
2018.03.08 18:22:13.690,1.38125,1.38133,1.57,1.50
2018.03.08 18:22:14.684,1.38125,1.38134,2.89,2.62
2018.03.08 18:22:15.227,1.38126,1.38134,1.45,1.50
2018.03.08 18:22:15.873,1.38127,1.38134,1.10,1.00
2018.03.08 18:22:17.275,1.38126,1.38135,1.45,2.25
2018.03.08 18:22:17.480,1.38127,1.38135,1.45,2.25
2018.03.08 18:22:19.840,1.38127,1.38135,2.32,2.25
2018.03.08 18:22:20.187,1.38127,1.38134,1.10,1.87
2018.03.08 18:22:21.262,1.38126,1.38132,1.57,1.00
2018.03.08 18:22:21.622,1.38124,1.3813,2.14,1.00
2018.03.08 18:22:22.452,1.38124,1.3813,2.14,1.00
2018.03.08 18:22:22.953,1.38124,1.38131,2.14,1.50
2018.03.08 18:22:23.593,1.38124,1.38131,1.95,2.25
2018.03.08 18:22:24.111,1.38124,1.3813,2.89,1.00
2018.03.08 18:22:25.560,1.38124,1.3813,1.57,1.37
2018.03.08 18:22:26.159,1.38122,1.3813,4.01,1.50
2018.03.08 18:22:26.738,1.38123,1.38129,1.57,1.12
2018.03.08 18:22:27.049,1.38118,1.38122,1.20,1.00
2018.03.08 18:22:27.870,1.38117,1.38123,1.10,2.25
2018.03.08 18:22:28.994,1.38115,1.38122,3.82,1.12
2018.03.08 18:22:29.501,1.38116,1.38123,1.10,3.37
2018.03.08 18:22:30.122,1.38115,1.38122,3.07,1.00
2018.03.08 18:22:31.135,1.38116,1.38122,1.57,1.37
2018.03.08 18:22:31.290,1.38116,1.38122,1.57,1.00
2018.03.08 18:22:31.495,1.38116,1.38123,1.57,2.62
2018.03.08 18:22:32.224,1.38116,1.38123,1.57,1.87
2018.03.08 18:22:32.733,1.38116,1.38123,2.32,1.50
2018.03.08 18:22:33.239,1.38117,1.38125,1.95,1.50
2018.03.08 18:22:33.344,1.3812,1.38126,1.95,1.00
2018.03.08 18:22:34.395,1.38122,1.38129,1.95,1.12
2018.03.08 18:22:34.499,1.38124,1.38129,1.20,1.00
2018.03.08 18:22:34.603,1.38124,1.38131,1.95,1.12
2018.03.08 18:22:35.675,1.38124,1.38129,2.14,1.00
2018.03.08 18:22:35.829,1.38119,1.38127,2.70,2.25
2018.03.08 18:22:39.556,1.38123,1.3813,1.57,1.00
2018.03.08 18:22:39.610,1.38123,1.3813,1.95,1.00
2018.03.08 18:22:39.662,1.38125,1.38132,1.10,2.25
2018.03.08 18:22:39.713,1.38125,1.38132,1.95,1.50
2018.03.08 18:22:41.943,1.38125,1.38132,1.57,1.50
2018.03.08 18:22:42.447,1.38125,1.38132,1.57,1.50
2018.03.08 18:22:43.490,1.38125,1.38132,1.20,1.87
2018.03.08 18:22:43.921,1.38125,1.38132,1.20,2.62
2018.03.08 18:22:44.431,1.38124,1.38131,1.20,1.50
2018.03.08 18:22:46.583,1.38123,1.38131,2.70,2.62
2018.03.08 18:22:47.109,1.38123,1.3813,2.89,1.37
2018.03.08 18:22:47.263,1.38123,1.38129,1.20,1.00
2018.03.08 18:22:47.366,1.38121,1.38125,1.45,1.50
2018.03.08 18:22:47.469,1.38119,1.38124,1.20,1.50
2018.03.08 18:22:47.520,1.38119,1.38124,1.20,3.37
2018.03.08 18:22:47.572,1.38117,1.38124,1.00,4.12
2018.03.08 18:22:48.080,1.38114,1.38121,2.51,1.00
2018.03.08 18:22:48.234,1.38115,1.38119,1.57,1.00
2018.03.08 18:22:48.585,1.38115,1.38121,1.95,1.50
2018.03.08 18:22:48.791,1.38116,1.38118,1.12,1.00
2018.03.08 18:22:49.048,1.38116,1.3812,1.12,1.00
2018.03.08 18:22:49.607,1.38115,1.38121,1.69,1.00
2018.03.08 18:22:49.710,1.38115,1.38119,1.69,1.00
2018.03.08 18:22:49.813,1.38114,1.38121,3.64,1.12
2018.03.08 18:22:50.557,1.38115,1.38122,1.12,1.50
2018.03.08 18:22:51.245,1.38115,1.38122,1.20,3.37
2018.03.08 18:22:51.765,1.38114,1.38119,2.89,1.12
2018.03.08 18:22:52.405,1.38114,1.3812,3.26,1.00
2018.03.08 18:22:52.954,1.38114,1.38119,2.89,1.00
2018.03.08 18:22:53.492,1.38115,1.38119,1.07,1.00
2018.03.08 18:22:54.012,1.38115,1.38119,1.25,1.00
2018.03.08 18:22:54.527,1.38114,1.38121,2.51,1.87
2018.03.08 18:22:54.766,1.38114,1.38118,3.26,1.00
2018.03.08 18:22:54.869,1.38114,1.3812,2.89,1.00
2018.03.08 18:22:55.644,1.38114,1.38119,2.06,1.00
2018.03.08 18:22:56.157,1.38114,1.38118,2.89,1.12
2018.03.08 18:22:58.366,1.38114,1.38117,2.89,1.00
2018.03.08 18:22:58.644,1.38114,1.38119,1.95,1.87
2018.03.08 18:22:59.159,1.38114,1.38118,2.70,1.00
2018.03.08 18:22:59.792,1.38114,1.38119,1.07,1.50
2018.03.08 18:23:00.153,1.38115,1.38123,1.10,5.62
2018.03.08 18:23:00.569,1.38115,1.38123,1.10,1.69
2018.03.08 18:23:01.305,1.38116,1.38124,1.12,1.00
2018.03.08 18:23:01.821,1.38116,1.38125,3.45,2.06
2018.03.08 18:23:06.259,1.38118,1.38125,1.00,1.37
2018.03.08 18:23:07.565,1.38117,1.38125,1.95,3.00
2018.03.08 18:23:08.278,1.38117,1.38124,1.10,1.37
2018.03.08 18:23:08.802,1.38116,1.38124,1.47,1.12
2018.03.08 18:23:08.854,1.38116,1.38122,1.47,1.00
2018.03.08 18:23:09.563,1.38115,1.38123,1.95,1.87
2018.03.08 18:23:10.292,1.38116,1.38124,1.00,3.75
2018.03.08 18:23:10.867,1.38116,1.38124,1.00,1.12
2018.03.08 18:23:13.628,1.38117,1.38125,1.50,1.87
2018.03.08 18:23:14.248,1.38118,1.38127,1.95,9.19
2018.03.08 18:23:14.797,1.38118,1.38126,1.12,2.44
2018.03.08 18:23:17.280,1.38118,1.38126,1.20,1.50
2018.03.08 18:23:17.810,1.38118,1.38126,1.57,1.50
2018.03.08 18:23:18.444,1.38118,1.38126,2.25,1.50
2018.03.08 18:23:19.049,1.3812,1.38127,1.37,1.69
2018.03.08 18:23:19.106,1.38123,1.3813,1.00,1.12
2018.03.08 18:23:19.157,1.38125,1.38131,1.00,1.50
2018.03.08 18:23:19.259,1.38123,1.38132,1.57,1.12
2018.03.08 18:23:19.809,1.38124,1.38132,1.00,1.50
2018.03.08 18:23:22.030,1.38125,1.38133,1.10,2.44
2018.03.08 18:23:22.943,1.38127,1.38134,1.00,2.06
2018.03.08 18:23:23.478,1.38126,1.38132,2.32,1.00
2018.03.08 18:23:23.785,1.38121,1.38128,1.76,2.06
2018.03.08 18:23:24.640,1.3812,1.38126,3.26,1.00
2018.03.08 18:23:25.207,1.3812,1.38127,2.25,1.12
2018.03.08 18:23:25.733,1.3812,1.38126,1.95,1.00
2018.03.08 18:23:26.251,1.38121,1.38127,1.12,1.87
2018.03.08 18:23:28.586,1.38119,1.38126,1.26,1.00
2018.03.08 18:23:28.892,1.38117,1.38123,1.95,1.00
2018.03.08 18:23:30.395,1.38116,1.38122,2.32,1.00
2018.03.08 18:23:30.860,1.38115,1.38122,2.32,1.00
2018.03.08 18:23:31.384,1.38116,1.38122,1.00,1.00
2018.03.08 18:23:31.903,1.38115,1.38122,1.00,1.00
2018.03.08 18:23:32.461,1.38115,1.38121,1.50,1.00
2018.03.08 18:23:32.983,1.38114,1.3812,1.00,1.00
2018.03.08 18:23:33.708,1.38114,1.3812,1.69,1.00
2018.03.08 18:23:34.180,1.38108,1.38114,2.51,1.87
2018.03.08 18:23:34.338,1.38106,1.38113,2.32,1.12
2018.03.08 18:23:34.445,1.38105,1.38111,2.51,1.12
2018.03.08 18:23:34.807,1.38106,1.38109,1.00,1.00
2018.03.08 18:23:34.858,1.38106,1.38111,1.00,2.25
2018.03.08 18:23:35.199,1.38104,1.38111,1.12,2.25
2018.03.08 18:23:37.413,1.38104,1.38111,1.12,2.62
2018.03.08 18:23:37.923,1.38103,1.38109,1.76,1.00
2018.03.08 18:23:38.465,1.38103,1.3811,1.69,1.00
2018.03.08 18:23:38.518,1.38101,1.3811,1.69,1.50
2018.03.08 18:23:38.983,1.38102,1.38107,1.25,1.00
2018.03.08 18:23:39.470,1.38097,1.38105,1.07,1.00
2018.03.08 18:23:39.625,1.38096,1.38104,2.89,1.12
2018.03.08 18:23:40.067,1.38096,1.38104,3.07,1.12
2018.03.08 18:23:41.402,1.38096,1.38104,2.70,1.00
2018.03.08 18:23:43.471,1.38096,1.38105,3.45,1.87
2018.03.08 18:23:50.113,1.381,1.38106,1.87,1.00
2018.03.08 18:23:50.687,1.38098,1.38107,3.07,2.62
2018.03.08 18:23:51.642,1.38098,1.38105,1.57,1.00
2018.03.08 18:23:52.865,1.38098,1.38104,1.20,1.50
2018.03.08 18:23:52.969,1.38097,1.38104,1.10,1.50
2018.03.08 18:23:53.820,1.38097,1.38103,1.20,1.00
2018.03.08 18:23:54.028,1.38096,1.38102,1.10,1.00
2018.03.08 18:23:54.621,1.38096,1.38102,2.70,1.00
2018.03.08 18:23:55.166,1.38096,1.38102,1.57,1.00
2018.03.08 18:23:56.023,1.38096,1.38103,1.57,2.25
2018.03.08 18:23:57.649,1.38096,1.38102,1.10,1.00
2018.03.08 18:23:58.155,1.38095,1.38102,2.70,1.50
2018.03.08 18:23:58.991,1.38095,1.38102,1.47,1.12
2018.03.08 18:23:59.568,1.38096,1.38102,1.57,1.12
2018.03.08 18:24:02.103,1.38095,1.38102,2.70,1.12
2018.03.08 18:24:03.933,1.38095,1.38102,1.95,1.12
2018.03.08 18:24:04.037,1.38095,1.38099,1.20,1.00
2018.03.08 18:24:04.193,1.38095,1.38102,1.20,1.87
2018.03.08 18:24:04.717,1.38094,1.38102,2.32,1.87
2018.03.08 18:24:05.449,1.38094,1.381,1.95,1.00
2018.03.08 18:24:10.990,1.38095,1.381,1.20,1.00
2018.03.08 18:24:11.502,1.38094,1.381,2.51,1.12
2018.03.08 18:24:14.040,1.38095,1.381,1.45,1.00
2018.03.08 18:24:17.104,1.38094,1.381,2.32,1.00
2018.03.08 18:24:17.466,1.38094,1.38097,1.57,1.00
2018.03.08 18:24:17.565,1.38094,1.38099,1.45,1.25
2018.03.08 18:24:17.923,1.38093,1.38095,1.20,1.00
2018.03.08 18:24:17.975,1.38089,1.38095,2.70,1.50
2018.03.08 18:24:18.290,1.38087,1.38095,3.07,1.12
2018.03.08 18:24:18.715,1.38087,1.38093,2.32,1.00
2018.03.08 18:24:19.564,1.38088,1.38093,1.10,1.50
2018.03.08 18:24:19.996,1.38085,1.38091,2.32,1.50
2018.03.08 18:24:20.051,1.38085,1.38088,1.57,1.00
2018.03.08 18:24:20.105,1.38083,1.38089,1.65,3.75
2018.03.08 18:24:20.157,1.38083,1.3809,1.20,1.25
2018.03.08 18:24:20.211,1.38083,1.38088,1.00,1.00
2018.03.08 18:24:20.537,1.38077,1.38083,1.95,1.05
2018.03.08 18:24:21.100,1.38076,1.38083,4.39,1.00
2018.03.08 18:24:21.424,1.38084,1.38089,1.00,1.00
2018.03.08 18:24:21.527,1.38082,1.38088,1.20,1.00
2018.03.08 18:24:21.733,1.38079,1.38087,1.20,1.37
2018.03.08 18:24:22.237,1.38078,1.38087,2.32,1.50
2018.03.08 18:24:22.547,1.38078,1.38084,1.45,1.00
2018.03.08 18:24:23.098,1.38077,1.38084,1.45,1.12
2018.03.08 18:24:23.412,1.38076,1.38082,1.95,1.50
2018.03.08 18:24:25.120,1.38076,1.38084,1.64,1.37
2018.03.08 18:24:26.118,1.38076,1.38085,2.51,2.62
2018.03.08 18:24:26.628,1.38077,1.38085,1.70,1.87
2018.03.08 18:24:27.677,1.38077,1.38085,1.20,2.25
2018.03.08 18:24:28.317,1.38077,1.38085,2.70,1.50
2018.03.08 18:24:29.043,1.38077,1.38086,2.51,3.00
2018.03.08 18:24:29.096,1.38078,1.38086,1.45,1.87
2018.03.08 18:24:29.621,1.38078,1.38086,1.20,2.44
2018.03.08 18:24:30.164,1.38079,1.38086,1.45,1.00
2018.03.08 18:24:31.021,1.38079,1.38087,1.57,1.12
2018.03.08 18:24:31.332,1.38079,1.38085,1.20,2.25
2018.03.08 18:24:31.519,1.38076,1.38082,1.57,1.50
2018.03.08 18:24:31.571,1.38074,1.3808,1.01,1.12
2018.03.08 18:24:31.674,1.38073,1.3808,1.10,1.50
2018.03.08 18:24:32.090,1.38075,1.38081,1.00,1.37
2018.03.08 18:24:32.345,1.38075,1.38081,1.10,1.00
2018.03.08 18:24:32.807,1.38074,1.38083,3.26,1.50
2018.03.08 18:24:33.461,1.38076,1.38083,1.45,1.50
2018.03.08 18:24:34.074,1.38077,1.38083,1.20,1.00
2018.03.08 18:24:35.529,1.38076,1.38084,1.95,1.50
2018.03.08 18:24:36.888,1.38076,1.38084,1.20,2.62
2018.03.08 18:24:37.404,1.38076,1.38083,1.95,1.12
2018.03.08 18:24:38.101,1.38076,1.38083,1.45,3.75
2018.03.08 18:24:38.689,1.38074,1.38078,1.57,2.81
2018.03.08 18:24:38.742,1.38071,1.38076,1.57,1.00
2018.03.08 18:24:38.945,1.38068,1.38075,1.95,1.00
2018.03.08 18:24:39.154,1.38067,1.38074,1.20,2.62
2018.03.08 18:24:39.362,1.38065,1.38071,1.76,3.00
2018.03.08 18:24:39.573,1.38063,1.38065,1.20,1.00
2018.03.08 18:24:39.627,1.38061,1.38065,1.20,1.00
2018.03.08 18:24:39.998,1.38059,1.38064,1.20,2.62
2018.03.08 18:24:40.053,1.38057,1.38064,1.57,2.62
2018.03.08 18:24:40.351,1.3806,1.38063,1.00,4.50
2018.03.08 18:24:40.560,1.38057,1.38064,1.01,3.37
2018.03.08 18:24:40.665,1.38059,1.38063,1.10,1.50
2018.03.08 18:24:40.992,1.38063,1.38069,2.25,1.37
2018.03.08 18:24:41.044,1.38064,1.38072,2.32,1.69
2018.03.08 18:24:41.605,1.38066,1.38071,1.10,1.00
2018.03.08 18:24:42.110,1.38065,1.38069,1.20,1.00
2018.03.08 18:24:42.164,1.38063,1.38069,2.51,1.00
2018.03.08 18:24:42.269,1.38062,1.38066,1.95,1.12
2018.03.08 18:24:42.374,1.3806,1.38068,1.95,2.62
2018.03.08 18:24:42.479,1.38062,1.38068,1.50,1.50
2018.03.08 18:24:43.014,1.38062,1.38068,1.20,1.50
2018.03.08 18:24:43.335,1.38061,1.38065,1.95,1.00
2018.03.08 18:24:43.387,1.38061,1.38067,1.95,1.50
2018.03.08 18:24:43.439,1.38063,1.3807,1.10,2.25
2018.03.08 18:24:43.491,1.38063,1.38067,1.10,1.00
2018.03.08 18:24:43.595,1.38063,1.38069,3.26,1.00
2018.03.08 18:24:44.106,1.38065,1.38069,1.57,1.00
2018.03.08 18:24:44.804,1.38065,1.3807,1.76,1.12
2018.03.08 18:24:45.415,1.38065,1.38071,1.47,1.12
2018.03.08 18:24:46.025,1.38066,1.38072,1.00,2.06
2018.03.08 18:24:46.652,1.38065,1.38069,1.57,1.00
2018.03.08 18:24:47.027,1.38066,1.38072,1.39,1.37
2018.03.08 18:24:47.131,1.38067,1.38073,1.50,1.00
2018.03.08 18:24:47.234,1.38068,1.38076,1.95,2.06
2018.03.08 18:24:47.543,1.38077,1.38081,1.20,1.00
2018.03.08 18:24:48.064,1.38077,1.38081,2.51,1.00
2018.03.08 18:24:50.136,1.38077,1.38081,4.20,1.00
2018.03.08 18:24:50.424,1.38078,1.38084,1.01,1.31
2018.03.08 18:24:50.949,1.38078,1.38084,1.45,1.12
2018.03.08 18:24:51.547,1.38079,1.38084,1.57,1.12
2018.03.08 18:24:51.980,1.38082,1.38084,1.00,1.12
2018.03.08 18:24:52.427,1.38081,1.38086,1.20,1.00
2018.03.08 18:24:52.886,1.38082,1.38086,1.95,1.50
2018.03.08 18:24:53.446,1.38082,1.38086,1.95,1.00
2018.03.08 18:24:54.052,1.38082,1.38086,1.95,1.00
2018.03.08 18:24:54.980,1.38085,1.38089,2.62,1.12
2018.03.08 18:24:55.111,1.38081,1.38087,1.57,1.00
2018.03.08 18:24:56.616,1.38081,1.38084,1.45,1.00
2018.03.08 18:24:56.668,1.38078,1.38084,3.26,1.00
2018.03.08 18:24:57.261,1.38079,1.38084,1.57,1.00
2018.03.08 18:25:01.339,1.38084,1.38089,4.95,1.00
2018.03.08 18:25:01.494,1.38087,1.38093,1.39,1.50
2018.03.08 18:25:02.183,1.38086,1.38092,3.82,1.00
2018.03.08 18:25:03.000,1.38088,1.38093,1.95,1.50
2018.03.08 18:25:03.559,1.38088,1.38092,1.10,1.00
2018.03.08 18:25:04.769,1.38086,1.38091,1.76,1.00
2018.03.08 18:25:04.907,1.38083,1.38088,2.32,1.12
2018.03.08 18:25:04.960,1.38081,1.38084,1.01,1.00
2018.03.08 18:25:05.063,1.38083,1.38089,2.62,1.25
2018.03.08 18:25:05.115,1.38082,1.38088,1.10,1.00
2018.03.08 18:25:05.323,1.38083,1.3809,1.50,1.69
2018.03.08 18:25:05.670,1.38081,1.38086,3.07,1.00
2018.03.08 18:25:06.176,1.38081,1.38086,1.57,1.00
2018.03.08 18:25:07.643,1.3808,1.38086,1.20,1.00
2018.03.08 18:25:08.171,1.3808,1.38085,1.10,1.00
2018.03.08 18:25:08.707,1.38082,1.38088,4.20,1.25
2018.03.08 18:25:09.232,1.38083,1.38089,2.32,1.00
2018.03.08 18:25:10.376,1.38083,1.38086,1.95,1.00
2018.03.08 18:25:10.429,1.38081,1.38086,1.76,1.00
2018.03.08 18:25:10.943,1.38079,1.38086,1.95,1.00
2018.03.08 18:25:11.458,1.3808,1.38087,1.95,1.69
2018.03.08 18:25:11.562,1.3808,1.38086,1.95,1.00
2018.03.08 18:25:11.665,1.3808,1.38086,1.95,1.00
2018.03.08 18:25:12.174,1.3808,1.38086,2.70,1.00
2018.03.08 18:25:12.728,1.3808,1.38087,2.70,1.69
2018.03.08 18:25:13.460,1.38082,1.38089,4.57,1.12
2018.03.08 18:25:13.724,1.38081,1.38087,1.00,1.12
2018.03.08 18:25:14.380,1.3808,1.38087,1.57,1.12
2018.03.08 18:25:14.677,1.38082,1.38087,1.00,1.00
2018.03.08 18:25:17.484,1.38081,1.38088,1.10,1.69
2018.03.08 18:25:17.793,1.38085,1.38091,2.32,1.12
2018.03.08 18:25:17.998,1.38088,1.38094,1.12,2.06
2018.03.08 18:25:18.519,1.38088,1.38095,2.89,1.69
2018.03.08 18:25:19.008,1.38088,1.38095,2.70,1.69
2018.03.08 18:25:19.520,1.38088,1.38095,2.32,1.31
2018.03.08 18:25:19.829,1.38091,1.38097,1.20,2.25
2018.03.08 18:25:20.953,1.38091,1.38097,1.20,1.69
2018.03.08 18:25:21.006,1.38094,1.38098,1.00,1.37
2018.03.08 18:25:21.059,1.38094,1.38101,1.12,1.50
2018.03.08 18:25:21.381,1.38092,1.38099,2.89,1.50
2018.03.08 18:25:21.983,1.38091,1.38099,2.51,4.31
2018.03.08 18:25:25.191,1.38091,1.38099,1.95,1.87
2018.03.08 18:25:25.951,1.38091,1.38099,1.00,1.87
2018.03.08 18:25:28.863,1.38091,1.38097,1.10,1.50
2018.03.08 18:25:29.481,1.38091,1.38099,1.10,1.87
2018.03.08 18:25:30.633,1.38091,1.38099,1.10,1.87
2018.03.08 18:25:34.024,1.38092,1.38099,2.32,1.25
2018.03.08 18:25:34.530,1.38092,1.38098,1.00,1.87
2018.03.08 18:25:39.790,1.38091,1.38097,1.20,1.50
2018.03.08 18:25:40.304,1.38091,1.38098,1.20,1.12
2018.03.08 18:25:42.859,1.38091,1.38097,1.20,1.50
2018.03.08 18:25:43.420,1.38091,1.38098,1.20,3.19
2018.03.08 18:25:44.597,1.38091,1.38098,1.20,1.69
2018.03.08 18:25:45.206,1.38091,1.38098,1.10,1.69
2018.03.08 18:25:45.738,1.38091,1.38097,1.10,1.12
2018.03.08 18:25:46.180,1.38092,1.38099,1.95,1.12
2018.03.08 18:25:46.700,1.38092,1.38098,1.20,1.25
2018.03.08 18:25:47.228,1.38091,1.38098,2.70,1.50
2018.03.08 18:25:48.113,1.3809,1.38098,1.57,1.69
2018.03.08 18:25:48.799,1.3809,1.38098,1.20,1.69
2018.03.08 18:25:49.416,1.38091,1.38096,1.10,1.00
2018.03.08 18:25:50.048,1.3809,1.38093,1.95,1.00
2018.03.08 18:25:50.102,1.38087,1.38093,1.95,12.56
2018.03.08 18:25:50.156,1.38086,1.38088,1.45,1.00
2018.03.08 18:25:50.210,1.38084,1.38089,1.20,1.87
2018.03.08 18:25:50.314,1.38082,1.38089,1.95,1.87
2018.03.08 18:25:50.839,1.38082,1.38089,1.20,1.12
2018.03.08 18:25:51.524,1.38082,1.38089,1.20,2.25
2018.03.08 18:25:52.176,1.38082,1.38087,1.20,1.00
2018.03.08 18:25:52.729,1.38082,1.38088,1.20,1.50
2018.03.08 18:25:56.490,1.38082,1.38088,1.10,1.37
2018.03.08 18:25:57.134,1.38082,1.38089,1.95,1.69
2018.03.08 18:25:57.641,1.38082,1.38089,1.95,1.50
2018.03.08 18:25:58.174,1.38082,1.38089,1.95,1.50
2018.03.08 18:25:58.892,1.38082,1.38087,1.20,1.00
2018.03.08 18:25:58.944,1.38081,1.38089,1.95,3.75
2018.03.08 18:25:58.996,1.38081,1.38086,1.95,1.69
2018.03.08 18:25:59.868,1.38079,1.38085,1.57,1.00
2018.03.08 18:26:00.404,1.38079,1.38084,1.57,1.00
2018.03.08 18:26:00.939,1.38078,1.38083,1.45,1.69
2018.03.08 18:26:00.992,1.38077,1.38083,1.20,1.69
2018.03.08 18:26:01.199,1.38078,1.38084,1.45,2.81
2018.03.08 18:26:01.724,1.38078,1.38086,1.45,3.00
2018.03.08 18:26:01.828,1.3808,1.38086,1.00,2.81
2018.03.08 18:26:02.524,1.38079,1.38086,1.20,1.62
2018.03.08 18:26:02.628,1.3808,1.38086,1.20,1.62
2018.03.08 18:26:03.136,1.3808,1.38086,1.10,1.00
2018.03.08 18:26:05.027,1.38081,1.38086,1.00,1.00
2018.03.08 18:26:05.561,1.38081,1.38086,1.95,1.00
2018.03.08 18:26:07.081,1.38082,1.38087,1.00,1.31
2018.03.08 18:26:09.949,1.38081,1.38087,1.20,1.25
2018.03.08 18:26:11.591,1.38081,1.38087,1.20,1.62
2018.03.08 18:26:14.528,1.38081,1.38088,1.95,2.62
2018.03.08 18:26:16.111,1.38081,1.38088,1.95,2.44
2018.03.08 18:26:19.516,1.38081,1.38088,1.00,3.37
2018.03.08 18:26:21.896,1.38081,1.38088,1.57,1.31
2018.03.08 18:26:22.307,1.38084,1.38089,1.10,1.00
2018.03.08 18:26:22.828,1.38085,1.38089,1.00,1.25
2018.03.08 18:26:23.121,1.38087,1.38093,1.20,1.50
2018.03.08 18:26:23.667,1.38087,1.38093,1.20,1.50
2018.03.08 18:26:25.215,1.38088,1.38093,1.20,2.25
2018.03.08 18:26:25.742,1.38088,1.38093,1.20,1.50
2018.03.08 18:26:26.905,1.38088,1.38092,1.20,1.00
2018.03.08 18:26:27.449,1.38088,1.38094,1.20,1.69
2018.03.08 18:26:27.977,1.38088,1.38091,1.20,1.00
2018.03.08 18:26:28.079,1.38088,1.38094,1.20,2.44
2018.03.08 18:26:28.616,1.38087,1.38094,1.95,1.12
2018.03.08 18:26:31.467,1.38088,1.38093,1.00,1.00
2018.03.08 18:26:31.572,1.38085,1.38093,3.64,3.56
2018.03.08 18:26:31.727,1.38083,1.38089,1.00,1.81
2018.03.08 18:26:32.251,1.38083,1.38088,1.00,1.69
2018.03.08 18:26:32.770,1.38083,1.38089,1.12,1.69
2018.03.08 18:26:33.653,1.38083,1.38089,1.12,1.69
2018.03.08 18:26:36.206,1.38086,1.38091,1.00,1.69
2018.03.08 18:26:36.258,1.38086,1.38091,1.00,1.00
2018.03.08 18:26:36.793,1.38087,1.38091,1.00,1.00
2018.03.08 18:26:37.277,1.38085,1.38091,1.10,1.00
2018.03.08 18:26:37.693,1.38083,1.3809,1.57,1.87
2018.03.08 18:26:38.007,1.38083,1.38088,1.10,1.00
2018.03.08 18:26:38.109,1.38081,1.38087,1.57,1.00
2018.03.08 18:26:39.976,1.38081,1.38087,1.95,1.25
2018.03.08 18:26:42.055,1.38081,1.38087,1.00,1.50
2018.03.08 18:26:43.563,1.38081,1.38087,1.00,1.69
2018.03.08 18:26:45.528,1.38081,1.38087,1.00,1.12
2018.03.08 18:26:53.169,1.38081,1.38087,1.95,1.31
2018.03.08 18:26:55.489,1.38081,1.38087,1.00,1.87
2018.03.08 18:26:56.105,1.38081,1.38087,1.00,1.87
2018.03.08 18:26:58.423,1.38082,1.38087,1.00,1.87
2018.03.08 18:27:00.400,1.38082,1.38085,1.00,1.00
2018.03.08 18:27:02.750,1.38081,1.38084,1.00,1.00
2018.03.08 18:27:04.066,1.38081,1.38085,1.00,1.00
2018.03.08 18:27:04.324,1.38079,1.38085,1.87,1.95
2018.03.08 18:27:04.377,1.38081,1.38083,1.00,1.12
2018.03.08 18:27:04.430,1.38077,1.38082,1.12,1.50
2018.03.08 18:27:04.482,1.38074,1.38079,1.56,1.00
2018.03.08 18:27:04.535,1.38074,1.38079,1.00,1.00
2018.03.08 18:27:04.589,1.38073,1.38076,1.00,2.25
2018.03.08 18:27:05.151,1.38072,1.38076,1.00,2.70
2018.03.08 18:27:05.656,1.38072,1.38077,1.00,5.14
2018.03.08 18:27:06.472,1.38071,1.38077,1.00,4.76
2018.03.08 18:27:07.765,1.38071,1.38076,1.00,2.25
2018.03.08 18:27:09.245,1.38071,1.38077,1.00,1.20
2018.03.08 18:27:09.895,1.38077,1.3808,1.12,2.06
2018.03.08 18:27:10.155,1.38078,1.38083,1.00,1.01
2018.03.08 18:27:10.659,1.38077,1.38084,1.00,3.07
2018.03.08 18:27:11.187,1.38077,1.38084,1.00,2.14
2018.03.08 18:27:11.718,1.38078,1.38083,1.00,1.01
2018.03.08 18:27:12.242,1.38078,1.38081,1.00,1.00
2018.03.08 18:27:12.293,1.38078,1.38084,1.00,1.26
2018.03.08 18:27:13.146,1.38079,1.38084,1.00,1.39
2018.03.08 18:27:13.960,1.38081,1.38083,1.00,1.12
2018.03.08 18:27:14.410,1.38081,1.38085,1.00,1.57
2018.03.08 18:27:15.770,1.38079,1.38085,1.00,1.95
2018.03.08 18:27:16.378,1.38079,1.38084,1.00,1.12
2018.03.08 18:27:16.904,1.38079,1.38085,1.00,1.20
2018.03.08 18:27:21.027,1.3808,1.38086,1.00,1.76
2018.03.08 18:27:22.369,1.38079,1.38083,1.00,2.25
2018.03.08 18:27:22.422,1.38077,1.38082,1.69,2.62
2018.03.08 18:27:22.510,1.38075,1.3808,1.00,3.45
2018.03.08 18:27:22.561,1.38073,1.38079,1.00,1.95
2018.03.08 18:27:22.922,1.38077,1.3808,1.00,1.07
2018.03.08 18:27:22.974,1.38077,1.38084,1.00,2.89
2018.03.08 18:27:23.485,1.38078,1.38082,1.00,1.25
2018.03.08 18:27:23.991,1.38079,1.38084,1.00,2.14
2018.03.08 18:27:24.096,1.3808,1.38085,1.00,1.57
2018.03.08 18:27:24.148,1.38078,1.38085,1.12,1.57
2018.03.08 18:27:24.302,1.3808,1.38085,1.00,1.20
2018.03.08 18:27:24.847,1.3808,1.38083,1.00,1.20
2018.03.08 18:27:25.102,1.38078,1.38085,1.00,3.07
2018.03.08 18:27:25.155,1.38077,1.38082,1.00,1.25
2018.03.08 18:27:25.518,1.38077,1.38081,1.00,2.32
2018.03.08 18:27:25.731,1.38074,1.38079,1.00,1.32
2018.03.08 18:27:25.849,1.38069,1.38076,2.62,1.12
2018.03.08 18:27:25.951,1.38069,1.38075,1.00,1.57
2018.03.08 18:27:26.258,1.38071,1.38076,1.00,1.01
2018.03.08 18:27:27.544,1.38071,1.38076,1.00,1.07
2018.03.08 18:27:29.511,1.38072,1.38076,1.00,1.20
2018.03.08 18:27:29.716,1.38073,1.38078,1.00,1.57
2018.03.08 18:27:30.074,1.38076,1.38081,1.00,1.70
2018.03.08 18:27:30.126,1.38076,1.38081,1.00,1.32
2018.03.08 18:27:30.244,1.38079,1.38082,1.00,1.00
2018.03.08 18:27:30.398,1.38076,1.38082,1.00,1.20
2018.03.08 18:27:30.502,1.38073,1.38079,1.00,1.20
2018.03.08 18:27:31.026,1.3807,1.38078,1.87,1.76
2018.03.08 18:27:31.651,1.3807,1.38078,1.87,1.76
2018.03.08 18:27:34.027,1.38072,1.38079,1.00,1.70
2018.03.08 18:27:34.237,1.38072,1.38081,1.50,1.07
2018.03.08 18:27:34.759,1.38072,1.38081,3.94,1.10
2018.03.08 18:27:35.275,1.38073,1.38082,1.50,1.95
2018.03.08 18:27:36.005,1.38075,1.38083,4.12,3.26
2018.03.08 18:27:36.566,1.38075,1.38083,2.25,2.14
2018.03.08 18:27:37.241,1.38076,1.38083,1.87,1.00
2018.03.08 18:27:38.452,1.38078,1.38083,1.00,1.10
2018.03.08 18:27:39.396,1.38078,1.38086,1.00,3.07
2018.03.08 18:27:42.971,1.38078,1.38086,3.75,1.76
2018.03.08 18:27:43.577,1.38081,1.38086,1.87,1.57
2018.03.08 18:27:43.939,1.38083,1.38088,1.00,1.39
2018.03.08 18:27:44.492,1.38085,1.38091,1.87,1.39
2018.03.08 18:27:44.597,1.38087,1.38092,1.00,1.89
2018.03.08 18:27:44.649,1.38084,1.38091,1.00,1.39
2018.03.08 18:27:45.181,1.38084,1.38091,1.12,1.76
2018.03.08 18:27:45.431,1.38086,1.38091,1.00,1.32
2018.03.08 18:27:45.535,1.38084,1.38091,1.00,1.32
2018.03.08 18:27:46.576,1.38084,1.38092,1.12,1.89
2018.03.08 18:27:47.181,1.38084,1.38092,1.87,1.95
2018.03.08 18:27:47.786,1.38086,1.38093,1.00,3.45
2018.03.08 18:27:47.940,1.38084,1.3809,1.00,3.00
2018.03.08 18:27:47.991,1.3808,1.38089,3.94,2.14
2018.03.08 18:27:48.503,1.3808,1.3809,3.56,4.76
2018.03.08 18:27:49.024,1.3808,1.38089,2.62,2.14
2018.03.08 18:27:49.339,1.38079,1.38087,1.00,1.57
2018.03.08 18:27:50.313,1.38079,1.38086,1.12,1.07
2018.03.08 18:27:50.969,1.38076,1.38082,5.44,1.00
2018.03.08 18:27:51.022,1.38069,1.38079,4.31,6.82
2018.03.08 18:27:51.916,1.3807,1.38077,1.12,1.29
2018.03.08 18:27:53.151,1.3807,1.38078,1.12,3.26
2018.03.08 18:27:53.339,1.38069,1.38077,1.50,1.45
2018.03.08 18:27:53.495,1.38068,1.38076,1.12,1.47
2018.03.08 18:27:53.548,1.38069,1.38076,1.37,1.10
2018.03.08 18:27:53.814,1.38067,1.38076,3.19,1.57
2018.03.08 18:27:57.315,1.38068,1.38076,1.50,1.20
2018.03.08 18:27:57.844,1.38067,1.38075,1.31,1.57
2018.03.08 18:27:58.427,1.38066,1.38075,2.62,1.47
2018.03.08 18:27:58.976,1.38067,1.38075,1.00,1.47
2018.03.08 18:28:00.552,1.38067,1.38076,1.87,1.76
2018.03.08 18:28:01.076,1.38068,1.38077,1.00,2.70
2018.03.08 18:28:03.081,1.38069,1.38077,1.00,2.32
2018.03.08 18:28:04.198,1.38071,1.38077,1.00,1.20
2018.03.08 18:28:04.742,1.38071,1.38078,1.00,2.14
2018.03.08 18:28:05.049,1.38072,1.3808,3.75,1.12
2018.03.08 18:28:05.397,1.38076,1.38081,1.50,1.57
2018.03.08 18:28:05.653,1.38079,1.38086,1.87,2.06
2018.03.08 18:28:05.997,1.3808,1.38086,2.25,1.31
2018.03.08 18:28:06.626,1.38083,1.38089,1.00,1.95
2018.03.08 18:28:06.800,1.38086,1.3809,1.50,1.00
2018.03.08 18:28:07.062,1.38087,1.38092,1.00,1.25
2018.03.08 18:28:07.344,1.38088,1.38094,1.37,1.57
2018.03.08 18:28:07.662,1.38087,1.38094,1.50,3.45
2018.03.08 18:28:08.185,1.38086,1.38093,1.00,1.31
2018.03.08 18:28:08.546,1.38082,1.38089,2.44,1.00
2018.03.08 18:28:08.680,1.3808,1.38088,1.50,1.87
2018.03.08 18:28:09.618,1.3808,1.38088,1.50,1.95
2018.03.08 18:28:09.723,1.38083,1.38088,1.00,1.95
2018.03.08 18:28:10.267,1.3808,1.38088,3.00,2.62
2018.03.08 18:28:10.601,1.38084,1.3809,1.12,1.37
2018.03.08 18:28:11.113,1.38085,1.3809,1.00,1.12
2018.03.08 18:28:11.508,1.38084,1.38091,1.12,1.12
2018.03.08 18:28:12.037,1.38083,1.3809,1.00,1.12
2018.03.08 18:28:12.480,1.3808,1.38088,3.45,1.25
2018.03.08 18:28:13.071,1.3808,1.38088,1.00,2.25
2018.03.08 18:28:13.596,1.38079,1.38087,1.50,1.50
2018.03.08 18:28:14.100,1.38079,1.38087,1.50,1.50
2018.03.08 18:28:14.311,1.38078,1.38086,1.87,1.12
2018.03.08 18:28:15.213,1.38078,1.38085,1.87,1.12
2018.03.08 18:28:16.400,1.38077,1.38084,2.62,1.50
2018.03.08 18:28:16.832,1.38072,1.38078,2.62,1.50
2018.03.08 18:28:16.884,1.38072,1.38078,1.00,1.37
2018.03.08 18:28:16.937,1.3807,1.38077,1.00,1.69
2018.03.08 18:28:17.022,1.38068,1.38077,1.12,2.81
2018.03.08 18:28:17.131,1.3807,1.38077,1.00,1.31
2018.03.08 18:28:17.649,1.38069,1.38078,1.12,2.14
2018.03.08 18:28:18.184,1.3807,1.38079,2.25,4.12
2018.03.08 18:28:18.811,1.3807,1.38078,1.37,2.44
2018.03.08 18:28:19.586,1.38072,1.38081,1.37,1.81
2018.03.08 18:28:19.949,1.3807,1.38079,2.62,2.00
2018.03.08 18:28:20.492,1.38072,1.38079,1.12,3.26
2018.03.08 18:28:20.597,1.38072,1.38081,1.37,2.62
2018.03.08 18:28:21.137,1.38074,1.38079,1.00,1.00
2018.03.08 18:28:21.652,1.38076,1.38083,1.00,1.76
2018.03.08 18:28:21.704,1.38078,1.38085,1.00,2.81
2018.03.08 18:28:22.216,1.38077,1.38085,1.50,1.87
2018.03.08 18:28:22.531,1.38079,1.38085,1.00,1.69
2018.03.08 18:28:22.584,1.38076,1.38085,1.87,1.50
2018.03.08 18:28:23.123,1.38076,1.38085,3.56,1.50
2018.03.08 18:28:24.031,1.38081,1.38088,1.00,5.62
2018.03.08 18:28:24.552,1.38079,1.38087,2.25,1.12
2018.03.08 18:28:25.106,1.3808,1.38088,2.25,1.25
2018.03.08 18:28:25.410,1.38083,1.3809,2.25,1.37
2018.03.08 18:28:25.930,1.38083,1.38091,2.62,2.44
2018.03.08 18:28:26.260,1.3808,1.38087,1.12,1.12
2018.03.08 18:28:29.871,1.38081,1.38087,1.12,1.00
2018.03.08 18:28:29.924,1.38082,1.38089,1.50,1.12
2018.03.08 18:28:30.133,1.38081,1.38087,1.00,1.00
2018.03.08 18:28:30.661,1.3808,1.38087,1.12,1.00
2018.03.08 18:28:31.229,1.38079,1.38088,1.50,1.57
2018.03.08 18:28:31.741,1.38079,1.38085,1.00,1.00
2018.03.08 18:28:31.904,1.38079,1.38087,1.00,2.62
2018.03.08 18:28:32.807,1.38078,1.38084,1.37,1.00
2018.03.08 18:28:33.337,1.38078,1.38085,1.00,1.00
2018.03.08 18:28:34.681,1.38078,1.38087,1.50,2.62
2018.03.08 18:28:35.230,1.38078,1.38087,1.00,2.44
2018.03.08 18:28:35.767,1.38078,1.38087,1.12,2.44
2018.03.08 18:28:36.814,1.38078,1.38087,1.37,2.06
2018.03.08 18:28:39.662,1.38077,1.38086,1.57,3.00
2018.03.08 18:28:39.717,1.38077,1.38083,1.12,1.00
2018.03.08 18:28:40.244,1.38076,1.38085,1.50,3.19
2018.03.08 18:28:41.548,1.38076,1.38084,2.62,1.31
2018.03.08 18:28:44.838,1.38077,1.38082,1.12,1.00
2018.03.08 18:28:45.097,1.38077,1.38084,1.00,2.06
2018.03.08 18:28:45.900,1.38076,1.38084,1.87,2.06
2018.03.08 18:28:46.377,1.38076,1.38082,1.12,1.00
2018.03.08 18:28:46.557,1.38076,1.38084,1.12,2.06
2018.03.08 18:28:47.073,1.38076,1.38083,2.62,1.00
2018.03.08 18:28:49.316,1.38075,1.38085,4.12,3.94
2018.03.08 18:28:49.869,1.38075,1.38083,4.12,1.00
2018.03.08 18:28:50.387,1.38076,1.38084,1.12,1.31
2018.03.08 18:28:50.540,1.38075,1.38082,4.87,1.00
2018.03.08 18:28:50.727,1.38075,1.38084,4.87,1.25
2018.03.08 18:28:51.564,1.38076,1.38083,1.12,1.00
2018.03.08 18:28:52.188,1.38076,1.38085,1.12,3.37
2018.03.08 18:28:53.371,1.38076,1.38085,3.00,1.69
2018.03.08 18:28:53.428,1.3808,1.38087,1.00,1.66
2018.03.08 18:28:53.583,1.3808,1.38088,4.50,1.76
2018.03.08 18:28:53.894,1.3808,1.38088,1.00,3.00
2018.03.08 18:28:55.089,1.3808,1.38086,1.00,1.00
2018.03.08 18:28:55.594,1.38079,1.38086,1.12,1.12
2018.03.08 18:28:55.926,1.38077,1.38085,1.50,1.87
2018.03.08 18:28:56.511,1.38078,1.38085,1.00,1.50
2018.03.08 18:28:57.097,1.38079,1.38085,1.00,1.50
2018.03.08 18:28:57.200,1.38077,1.38085,2.25,1.12
2018.03.08 18:28:58.465,1.38078,1.38085,1.00,1.12
2018.03.08 18:28:59.799,1.38078,1.38085,1.00,1.87
2018.03.08 18:29:00.351,1.38075,1.38083,1.00,1.12
2018.03.08 18:29:00.456,1.38072,1.3808,3.00,1.00
2018.03.08 18:29:00.766,1.38071,1.38079,2.25,3.00
2018.03.08 18:29:01.392,1.38071,1.38077,2.25,1.12
2018.03.08 18:29:01.443,1.3807,1.38077,1.00,1.12
2018.03.08 18:29:02.332,1.38071,1.38078,1.00,1.12
2018.03.08 18:29:02.487,1.38073,1.38077,1.00,1.00
2018.03.08 18:29:02.541,1.38073,1.3808,1.00,1.31
2018.03.08 18:29:02.710,1.38075,1.38082,1.00,1.25
2018.03.08 18:29:03.235,1.38076,1.38082,1.12,1.25
2018.03.08 18:29:03.964,1.38075,1.38083,1.12,2.44
2018.03.08 18:29:04.279,1.38078,1.38085,3.00,1.31
2018.03.08 18:29:04.641,1.3808,1.38086,1.00,1.31
2018.03.08 18:29:05.163,1.38082,1.38088,1.00,1.87
2018.03.08 18:29:05.631,1.38082,1.38088,1.37,1.87
2018.03.08 18:29:05.735,1.38082,1.38088,1.50,1.12
2018.03.08 18:29:06.144,1.38079,1.38086,1.50,1.50
2018.03.08 18:29:06.242,1.38079,1.38086,1.12,1.87
2018.03.08 18:29:06.295,1.38073,1.3808,1.20,1.00
2018.03.08 18:29:06.552,1.38071,1.38079,1.50,1.69
2018.03.08 18:29:07.019,1.38071,1.38077,1.12,1.00
2018.03.08 18:29:07.535,1.3807,1.38079,2.62,2.62
2018.03.08 18:29:08.370,1.38071,1.3808,1.00,1.87
2018.03.08 18:29:08.423,1.38072,1.38081,3.37,2.62
2018.03.08 18:29:08.727,1.38073,1.38079,1.00,1.00
2018.03.08 18:29:09.251,1.38073,1.3808,1.00,1.00
2018.03.08 18:29:09.771,1.38073,1.38081,1.87,1.69
2018.03.08 18:29:10.094,1.38073,1.3808,1.87,1.50
2018.03.08 18:29:10.612,1.38073,1.38075,1.50,1.12
2018.03.08 18:29:10.922,1.38069,1.38071,1.00,1.12
2018.03.08 18:29:11.439,1.38069,1.38073,1.00,1.50
2018.03.08 18:29:11.490,1.38069,1.38075,1.00,1.12
2018.03.08 18:29:11.542,1.38071,1.38077,1.00,1.50
2018.03.08 18:29:12.546,1.3807,1.38077,1.12,2.25
2018.03.08 18:29:13.369,1.38071,1.38077,1.00,1.50
2018.03.08 18:29:13.527,1.38072,1.38079,1.87,1.12
2018.03.08 18:29:14.488,1.38072,1.38079,2.25,1.69
2018.03.08 18:29:15.010,1.38072,1.3808,2.62,3.00
2018.03.08 18:29:15.528,1.38072,1.3808,1.87,4.87
2018.03.08 18:29:17.153,1.38071,1.38079,1.37,4.69
2018.03.08 18:29:17.684,1.38071,1.38078,1.37,2.62
2018.03.08 18:29:18.210,1.38071,1.38079,1.00,2.62
2018.03.08 18:29:18.760,1.3807,1.38078,1.25,1.75
2018.03.08 18:29:18.866,1.38069,1.38073,1.00,3.37
2018.03.08 18:29:18.919,1.38069,1.38075,1.00,1.50
2018.03.08 18:29:19.229,1.38069,1.38077,1.00,4.12
2018.03.08 18:29:21.886,1.3807,1.38077,1.00,5.06
2018.03.08 18:29:22.629,1.3807,1.38077,1.50,6.19
2018.03.08 18:29:22.788,1.38072,1.38077,1.00,1.00
2018.03.08 18:29:23.424,1.38072,1.38079,1.00,1.87
2018.03.08 18:29:23.852,1.38073,1.38081,2.62,4.50
2018.03.08 18:29:23.922,1.38073,1.38081,3.37,1.50
2018.03.08 18:29:23.976,1.38076,1.38084,2.25,3.75
2018.03.08 18:29:24.239,1.38078,1.38086,2.62,2.44
2018.03.08 18:29:24.742,1.38083,1.38087,1.00,1.56
2018.03.08 18:29:24.794,1.38079,1.38087,2.62,1.56
2018.03.08 18:29:25.315,1.38082,1.38088,1.00,2.06
2018.03.08 18:29:25.621,1.38082,1.3809,1.50,6.37
2018.03.08 18:29:25.673,1.38081,1.38089,1.12,1.87
2018.03.08 18:29:26.237,1.38083,1.38089,1.00,1.87
2018.03.08 18:29:26.572,1.38083,1.38089,1.12,1.69
2018.03.08 18:29:27.590,1.38084,1.38091,1.87,1.12
2018.03.08 18:29:27.898,1.38086,1.38094,1.37,1.87
2018.03.08 18:29:28.001,1.38088,1.38097,2.62,1.31
2018.03.08 18:29:28.104,1.38089,1.38098,1.75,2.25
2018.03.08 18:29:28.155,1.38089,1.38098,1.75,2.25
2018.03.08 18:29:28.379,1.38091,1.38099,3.00,1.69
2018.03.08 18:29:28.486,1.38096,1.38102,1.00,3.75
2018.03.08 18:29:28.641,1.38094,1.38102,1.50,3.37
2018.03.08 18:29:29.179,1.38093,1.381,1.00,1.12
2018.03.08 18:29:29.771,1.38093,1.38099,1.00,1.00
2018.03.08 18:29:30.732,1.38095,1.38103,1.75,1.57
2018.03.08 18:29:30.787,1.38099,1.38104,1.00,1.56
2018.03.08 18:29:30.999,1.38099,1.38106,1.50,1.00
2018.03.08 18:29:31.052,1.38103,1.38106,1.00,1.00
2018.03.08 18:29:31.156,1.381,1.38106,1.00,1.00
2018.03.08 18:29:31.256,1.381,1.38106,1.37,1.00
2018.03.08 18:29:31.308,1.381,1.38106,1.37,1.00
2018.03.08 18:29:31.931,1.381,1.38106,1.12,1.00
2018.03.08 18:29:32.631,1.38101,1.38108,1.12,1.31
2018.03.08 18:29:32.734,1.38098,1.38107,1.37,1.12
2018.03.08 18:29:32.837,1.38096,1.38105,2.25,1.37
2018.03.08 18:29:32.940,1.38091,1.381,1.20,1.69
2018.03.08 18:29:33.094,1.3809,1.38099,1.12,3.19
2018.03.08 18:29:33.765,1.3809,1.38098,1.12,1.31
2018.03.08 18:29:34.563,1.3809,1.381,1.50,2.62
2018.03.08 18:29:35.065,1.38091,1.381,1.87,1.95
2018.03.08 18:29:35.494,1.38093,1.381,1.00,1.87
2018.03.08 18:29:35.546,1.38092,1.38101,1.69,1.12
2018.03.08 18:29:37.594,1.38091,1.381,2.14,1.50
2018.03.08 18:29:38.422,1.3809,1.38099,2.04,2.62
2018.03.08 18:29:38.474,1.3809,1.38098,1.20,4.87
2018.03.08 18:29:38.986,1.3809,1.38096,1.00,1.00
2018.03.08 18:29:39.415,1.38088,1.38094,1.00,1.00
2018.03.08 18:29:39.722,1.38087,1.38094,1.00,3.37
2018.03.08 18:29:39.934,1.38087,1.38094,1.00,1.00
2018.03.08 18:29:40.482,1.38088,1.38095,1.00,1.00
2018.03.08 18:29:42.299,1.38088,1.38095,1.00,3.00
2018.03.08 18:29:43.995,1.38088,1.38095,1.12,1.00
2018.03.08 18:29:45.081,1.38089,1.38095,1.12,1.12
2018.03.08 18:29:45.495,1.38089,1.38097,1.50,2.81
2018.03.08 18:29:45.938,1.38091,1.38097,1.00,1.12
2018.03.08 18:29:46.488,1.38092,1.381,1.12,4.01
2018.03.08 18:29:46.999,1.38093,1.381,1.00,3.26
2018.03.08 18:29:47.051,1.38093,1.381,1.00,3.26
2018.03.08 18:29:47.682,1.38091,1.381,2.25,2.25
2018.03.08 18:29:48.151,1.38093,1.38101,1.12,3.19
2018.03.08 18:29:48.435,1.38098,1.38105,1.75,1.12
2018.03.08 18:29:49.568,1.38101,1.38107,1.00,2.70
2018.03.08 18:29:50.084,1.381,1.38106,1.37,1.00
2018.03.08 18:29:50.783,1.381,1.38108,1.12,3.75
2018.03.08 18:29:51.292,1.38102,1.38108,1.00,1.12
2018.03.08 18:29:51.805,1.38103,1.3811,1.12,1.01
2018.03.08 18:29:51.909,1.38104,1.38111,1.00,1.39
2018.03.08 18:29:52.449,1.38102,1.3811,1.37,1.62
2018.03.08 18:29:52.826,1.38099,1.38106,1.70,1.37
2018.03.08 18:29:52.929,1.38095,1.38102,1.10,1.00
2018.03.08 18:29:53.454,1.38093,1.38103,3.75,2.25
2018.03.08 18:29:53.505,1.38092,1.38099,1.57,1.37
2018.03.08 18:29:53.609,1.38095,1.38103,1.00,1.69
2018.03.08 18:29:54.134,1.38095,1.38103,1.12,1.69
2018.03.08 18:29:54.693,1.38095,1.38103,1.00,3.37
2018.03.08 18:29:55.271,1.38092,1.381,3.00,1.00
2018.03.08 18:29:56.573,1.38092,1.38099,1.00,1.87
2018.03.08 18:29:57.106,1.38091,1.38099,1.12,1.50
2018.03.08 18:29:57.416,1.3809,1.38098,2.25,1.50
2018.03.08 18:29:57.643,1.38089,1.38096,1.00,1.12
2018.03.08 18:29:58.179,1.38088,1.38096,2.25,3.00
2018.03.08 18:29:59.924,1.38088,1.38096,1.50,1.00
2018.03.08 18:30:00.698,1.38088,1.38096,2.81,1.00
2018.03.08 18:30:01.716,1.38088,1.38096,3.19,1.00
2018.03.08 18:30:02.386,1.38088,1.38095,1.69,1.00
2018.03.08 18:30:02.835,1.38086,1.38094,1.00,1.00
2018.03.08 18:30:03.352,1.38086,1.38093,1.00,1.00
2018.03.08 18:30:04.104,1.38084,1.38088,1.12,2.25
2018.03.08 18:30:04.157,1.38083,1.38091,2.25,1.50
2018.03.08 18:30:04.419,1.3808,1.38088,1.69,2.62
2018.03.08 18:30:05.307,1.38082,1.38089,1.00,1.56
2018.03.08 18:30:05.670,1.38082,1.38089,1.50,1.00
2018.03.08 18:30:05.932,1.38084,1.38093,2.25,2.89
2018.03.08 18:30:06.078,1.38085,1.38093,1.75,1.50
2018.03.08 18:30:06.129,1.38087,1.38095,1.50,1.69
2018.03.08 18:30:06.647,1.38089,1.38097,1.00,3.56
2018.03.08 18:30:07.367,1.38089,1.38097,1.00,3.19
2018.03.08 18:30:07.680,1.38091,1.38099,1.12,3.37
2018.03.08 18:30:07.803,1.38091,1.38099,1.00,2.44
2018.03.08 18:30:08.328,1.38092,1.38099,1.00,1.69
2018.03.08 18:30:08.911,1.38094,1.381,1.50,1.50
2018.03.08 18:30:09.068,1.38094,1.38102,1.87,1.69
2018.03.08 18:30:09.544,1.38096,1.38102,1.50,1.00
2018.03.08 18:30:09.601,1.38094,1.38102,1.12,1.12
2018.03.08 18:30:10.693,1.38094,1.38102,1.87,3.00
2018.03.08 18:30:11.261,1.38094,1.38101,1.00,1.00
2018.03.08 18:30:11.574,1.38091,1.38098,1.12,1.00
2018.03.08 18:30:11.908,1.38089,1.38096,1.00,1.69
2018.03.08 18:30:12.442,1.38088,1.38096,2.25,2.44
2018.03.08 18:30:12.763,1.38086,1.38094,2.25,1.50
2018.03.08 18:30:13.073,1.38084,1.38093,4.69,1.37
2018.03.08 18:30:13.385,1.38083,1.38091,3.37,1.69
2018.03.08 18:30:14.470,1.38083,1.38091,4.12,1.50
2018.03.08 18:30:15.052,1.38083,1.38088,4.50,1.00
2018.03.08 18:30:15.157,1.38079,1.38087,1.87,1.50
2018.03.08 18:30:15.263,1.38082,1.38089,1.00,1.00
2018.03.08 18:30:15.678,1.3808,1.38089,1.12,3.56
2018.03.08 18:30:16.527,1.38081,1.38089,1.00,1.69
2018.03.08 18:30:17.037,1.3808,1.38089,1.50,3.19
2018.03.08 18:30:18.020,1.38082,1.38089,1.00,1.62
2018.03.08 18:30:19.368,1.38084,1.38091,1.00,1.95
2018.03.08 18:30:19.421,1.38084,1.38091,1.00,1.20
2018.03.08 18:30:20.077,1.38083,1.3809,1.12,1.00
2018.03.08 18:30:20.129,1.38081,1.3809,1.57,1.31
2018.03.08 18:30:20.673,1.38081,1.38089,1.87,1.00
2018.03.08 18:30:21.770,1.38083,1.38091,3.00,1.56
2018.03.08 18:30:23.329,1.38084,1.38091,1.00,1.69
2018.03.08 18:30:23.876,1.38084,1.38091,1.00,1.12
2018.03.08 18:30:24.514,1.38084,1.38091,1.87,1.31
2018.03.08 18:30:25.052,1.38084,1.38091,2.25,1.00
2018.03.08 18:30:25.468,1.38085,1.38093,1.37,3.00
2018.03.08 18:30:25.624,1.3809,1.38098,1.00,1.31
2018.03.08 18:30:25.677,1.38092,1.38099,1.12,1.12
2018.03.08 18:30:26.703,1.38092,1.38099,1.00,1.50
2018.03.08 18:30:27.101,1.38096,1.38102,1.00,2.14
2018.03.08 18:30:27.153,1.38096,1.38102,1.50,1.00
2018.03.08 18:30:27.274,1.38098,1.38105,1.12,1.19
2018.03.08 18:30:27.792,1.38099,1.38105,1.00,1.00
2018.03.08 18:30:28.339,1.38099,1.38106,1.50,1.31
2018.03.08 18:30:28.796,1.38102,1.38106,1.00,1.31
2018.03.08 18:30:28.902,1.38099,1.38106,3.00,1.12
2018.03.08 18:30:28.955,1.38102,1.38106,1.00,1.12
2018.03.08 18:30:29.008,1.381,1.38106,1.50,1.12
2018.03.08 18:30:29.589,1.381,1.38109,1.50,2.70
2018.03.08 18:30:30.090,1.381,1.38108,1.50,1.69
2018.03.08 18:30:31.041,1.38095,1.38099,1.64,1.00
2018.03.08 18:30:31.175,1.38089,1.38099,1.87,4.87
2018.03.08 18:30:31.720,1.38089,1.38096,1.12,2.44
2018.03.08 18:30:31.978,1.38088,1.38094,1.00,1.50
2018.03.08 18:30:32.503,1.38087,1.38095,1.50,4.12
2018.03.08 18:30:33.035,1.38087,1.38094,1.12,3.37
2018.03.08 18:30:33.242,1.38087,1.38095,1.00,4.31
2018.03.08 18:30:33.791,1.38087,1.38093,1.00,1.00
2018.03.08 18:30:34.309,1.38087,1.38093,1.37,1.50
2018.03.08 18:30:37.493,1.38087,1.38095,1.37,2.25
2018.03.08 18:30:43.992,1.38087,1.38093,1.37,1.50
2018.03.08 18:30:45.522,1.38088,1.38094,1.87,1.12
2018.03.08 18:30:45.573,1.3809,1.38094,1.00,1.12
2018.03.08 18:30:46.113,1.38093,1.38098,1.00,2.89
2018.03.08 18:30:46.374,1.38096,1.38102,1.00,1.50
2018.03.08 18:30:46.968,1.38094,1.38102,4.12,1.12
2018.03.08 18:30:47.582,1.38099,1.38103,1.00,1.69
2018.03.08 18:30:47.840,1.38097,1.38103,1.50,1.50
2018.03.08 18:30:48.220,1.38097,1.38104,1.00,2.81
2018.03.08 18:30:48.272,1.38096,1.38104,3.37,3.56
2018.03.08 18:30:48.801,1.38096,1.38102,1.37,1.87
2018.03.08 18:30:49.112,1.3809,1.38096,1.87,1.12
2018.03.08 18:30:50.542,1.38088,1.38093,1.31,1.00
2018.03.08 18:30:50.891,1.38078,1.38083,1.00,1.00
2018.03.08 18:30:51.429,1.38077,1.38083,1.00,3.37
2018.03.08 18:30:51.794,1.38077,1.38084,1.00,3.37
2018.03.08 18:30:52.552,1.38076,1.38083,1.87,1.20
2018.03.08 18:30:53.089,1.38076,1.38082,1.87,1.00
2018.03.08 18:30:53.624,1.38076,1.38082,1.12,3.00
2018.03.08 18:30:53.676,1.38075,1.38083,1.62,1.75
2018.03.08 18:30:54.596,1.38074,1.3808,3.19,1.00
2018.03.08 18:31:04.476,1.38075,1.38083,2.44,3.45
2018.03.08 18:31:06.266,1.38076,1.3808,1.00,1.00
2018.03.08 18:31:06.319,1.38076,1.38082,2.62,1.00
2018.03.08 18:31:06.833,1.38076,1.38082,1.87,1.00
2018.03.08 18:31:07.992,1.38078,1.38082,1.12,1.00
2018.03.08 18:31:08.199,1.38079,1.38085,1.12,4.31
2018.03.08 18:31:08.601,1.38081,1.38086,1.00,1.00
2018.03.08 18:31:09.119,1.3808,1.38085,1.37,1.50
2018.03.08 18:31:09.225,1.38077,1.38082,1.12,1.37
2018.03.08 18:31:09.755,1.38076,1.38082,1.50,1.37
2018.03.08 18:31:10.540,1.38076,1.38083,1.50,1.57
2018.03.08 18:31:11.531,1.38076,1.38082,1.87,1.00
2018.03.08 18:31:20.479,1.38075,1.3808,1.69,2.62
2018.03.08 18:31:20.685,1.38071,1.38076,1.12,1.69
2018.03.08 18:31:20.738,1.38069,1.38075,1.00,3.37
2018.03.08 18:31:21.265,1.38067,1.38075,1.87,2.32
2018.03.08 18:31:21.795,1.38067,1.38075,1.87,2.32
2018.03.08 18:31:22.331,1.38069,1.38076,1.00,4.57
2018.03.08 18:31:22.912,1.38069,1.38075,1.00,2.62
2018.03.08 18:31:24.599,1.38069,1.38076,1.00,4.57
2018.03.08 18:31:25.114,1.3807,1.38076,1.00,1.47
2018.03.08 18:31:25.649,1.3807,1.38077,1.50,1.75
2018.03.08 18:31:25.851,1.38075,1.38079,1.50,1.20
2018.03.08 18:31:25.956,1.38076,1.38081,1.62,1.00
2018.03.08 18:31:26.009,1.38078,1.38084,1.12,1.57
2018.03.08 18:31:26.166,1.38079,1.38086,1.37,1.01
2018.03.08 18:31:26.703,1.3808,1.38087,1.50,1.00
2018.03.08 18:31:27.287,1.38081,1.38087,1.50,1.00
2018.03.08 18:31:28.072,1.38081,1.3809,1.87,4.01
2018.03.08 18:31:28.379,1.38085,1.38092,1.50,1.76
2018.03.08 18:31:28.486,1.38081,1.3809,3.94,1.50
2018.03.08 18:31:28.540,1.38081,1.38088,1.50,1.00
2018.03.08 18:31:28.853,1.38078,1.38085,1.87,1.00
2018.03.08 18:31:29.483,1.38079,1.38087,1.50,1.07
2018.03.08 18:31:30.016,1.38079,1.38087,3.00,1.20
2018.03.08 18:31:31.338,1.38079,1.38087,1.37,1.10
2018.03.08 18:31:31.545,1.38078,1.38087,2.62,1.20
2018.03.08 18:31:32.503,1.38078,1.38087,1.50,2.32
2018.03.08 18:31:33.686,1.38078,1.38087,1.50,1.57
2018.03.08 18:31:34.215,1.38076,1.38081,1.12,1.00
2018.03.08 18:31:34.684,1.38076,1.38084,1.50,4.20
2018.03.08 18:31:35.209,1.38077,1.38085,1.00,1.95
2018.03.08 18:31:35.744,1.38077,1.38085,1.00,1.57
2018.03.08 18:31:36.835,1.38077,1.38085,1.00,1.20
2018.03.08 18:31:38.590,1.38077,1.38085,1.25,1.12
2018.03.08 18:31:39.933,1.38077,1.38085,1.50,1.57
2018.03.08 18:31:42.121,1.38076,1.38085,2.25,1.95
2018.03.08 18:31:42.661,1.38076,1.38085,3.00,1.57
2018.03.08 18:31:44.729,1.38077,1.38085,1.00,1.95
2018.03.08 18:31:45.245,1.38078,1.38085,1.00,1.12
2018.03.08 18:31:45.847,1.38077,1.38085,2.25,1.12
2018.03.08 18:31:46.316,1.38079,1.38085,1.00,1.00
2018.03.08 18:31:46.787,1.38081,1.38086,1.00,1.50
2018.03.08 18:31:46.838,1.38078,1.38086,1.50,1.50
2018.03.08 18:31:47.617,1.38077,1.38085,1.87,1.95
2018.03.08 18:31:48.158,1.38077,1.38084,1.87,1.00
2018.03.08 18:31:49.100,1.38077,1.38084,1.50,1.37
2018.03.08 18:31:50.628,1.38077,1.38084,1.50,1.20
2018.03.08 18:31:54.055,1.38076,1.38084,1.50,1.20
2018.03.08 18:31:55.164,1.38075,1.38084,2.44,1.95
2018.03.08 18:31:55.667,1.38075,1.38083,2.06,1.50
2018.03.08 18:31:58.580,1.38075,1.38083,1.25,1.00
2018.03.08 18:32:01.802,1.38076,1.38084,1.12,1.57
2018.03.08 18:32:02.325,1.38077,1.38083,2.25,1.00
2018.03.08 18:32:02.429,1.38079,1.38085,1.00,1.87
2018.03.08 18:32:02.745,1.3808,1.38087,2.25,1.00
2018.03.08 18:32:04.099,1.3808,1.38088,1.87,1.76
2018.03.08 18:32:06.244,1.38078,1.38085,1.37,1.00
2018.03.08 18:32:07.405,1.38078,1.38085,1.00,1.00
2018.03.08 18:32:07.920,1.38076,1.38084,2.62,1.12
2018.03.08 18:32:08.570,1.38076,1.38084,1.87,1.12
2018.03.08 18:32:14.391,1.38075,1.38084,3.94,1.20
2018.03.08 18:32:14.942,1.38076,1.38084,1.00,1.57
2018.03.08 18:32:18.812,1.38075,1.38084,2.25,7.95
2018.03.08 18:32:21.740,1.38075,1.38083,3.19,2.25
2018.03.08 18:32:22.877,1.38076,1.38084,1.00,1.12
2018.03.08 18:32:23.443,1.38077,1.38085,1.50,3.45
2018.03.08 18:32:23.986,1.38077,1.38085,1.12,2.51
2018.03.08 18:32:24.535,1.38078,1.38085,1.37,1.20
2018.03.08 18:32:26.008,1.3808,1.38086,1.12,1.95
2018.03.08 18:32:26.337,1.3808,1.38087,3.37,1.69
2018.03.08 18:32:26.855,1.38081,1.38087,1.12,1.31
2018.03.08 18:32:27.024,1.38079,1.38087,1.12,3.64
2018.03.08 18:32:28.263,1.38077,1.38086,1.87,5.89
2018.03.08 18:32:29.057,1.38078,1.38086,3.00,1.20
2018.03.08 18:32:29.473,1.38077,1.38085,1.37,1.50
2018.03.08 18:32:30.451,1.38076,1.38085,1.37,2.70
2018.03.08 18:32:31.633,1.38076,1.38084,1.00,1.00
2018.03.08 18:32:35.604,1.38077,1.38084,1.00,1.87
2018.03.08 18:32:36.106,1.38076,1.38084,3.37,1.12
2018.03.08 18:32:42.165,1.38076,1.38085,1.50,6.00
2018.03.08 18:32:42.679,1.38077,1.38084,2.25,1.00
2018.03.08 18:32:43.377,1.38078,1.38084,2.62,1.00
2018.03.08 18:32:43.730,1.3808,1.38086,1.00,1.12
2018.03.08 18:32:44.067,1.38081,1.38087,2.62,1.62
2018.03.08 18:32:44.302,1.38081,1.38088,4.12,1.87
2018.03.08 18:32:45.469,1.38084,1.38088,1.00,1.00
2018.03.08 18:32:45.837,1.38082,1.38088,2.25,1.00
2018.03.08 18:32:45.890,1.38083,1.38088,1.50,1.25
2018.03.08 18:32:46.119,1.38085,1.38091,1.12,1.50
2018.03.08 18:32:46.580,1.38085,1.38092,2.25,1.25
2018.03.08 18:32:46.734,1.3808,1.38088,4.57,1.50
2018.03.08 18:32:46.837,1.38079,1.38087,1.57,1.00
2018.03.08 18:32:47.340,1.38078,1.38086,1.50,2.25
2018.03.08 18:32:47.774,1.38077,1.38085,1.12,3.75
2018.03.08 18:32:48.357,1.38076,1.38084,1.00,2.62
2018.03.08 18:32:50.470,1.38076,1.38083,1.00,2.25
2018.03.08 18:32:56.675,1.38075,1.38084,2.06,3.37
2018.03.08 18:32:57.243,1.38075,1.38083,1.50,2.25
2018.03.08 18:33:01.100,1.38076,1.38083,1.12,1.12
2018.03.08 18:33:01.659,1.38076,1.38084,1.00,3.19
2018.03.08 18:33:02.658,1.38078,1.38084,1.00,1.50
2018.03.08 18:33:03.655,1.38078,1.38085,1.50,2.06
2018.03.08 18:33:03.966,1.38081,1.38087,2.25,2.06
2018.03.08 18:33:04.905,1.38078,1.38085,1.20,1.00
2018.03.08 18:33:05.266,1.38081,1.38087,1.00,1.69
2018.03.08 18:33:05.508,1.38079,1.38087,1.87,1.69
2018.03.08 18:33:05.905,1.38081,1.38087,1.00,1.69
2018.03.08 18:33:06.420,1.38079,1.38087,4.50,1.50
2018.03.08 18:33:06.939,1.38081,1.38087,3.75,1.00
2018.03.08 18:33:07.200,1.38079,1.38086,1.95,1.00
2018.03.08 18:33:07.363,1.38077,1.38084,1.50,1.00
2018.03.08 18:33:09.025,1.38077,1.38085,4.50,1.69
2018.03.08 18:33:09.677,1.38077,1.38085,2.62,1.69
2018.03.08 18:33:10.527,1.38077,1.38084,1.00,1.50
2018.03.08 18:33:12.159,1.38075,1.38084,3.94,1.12
2018.03.08 18:33:12.226,1.38075,1.38082,3.00,1.00
2018.03.08 18:33:13.123,1.38075,1.38083,2.44,1.87
2018.03.08 18:33:13.469,1.38074,1.38081,1.12,1.00
2018.03.08 18:33:14.546,1.38072,1.38079,2.44,1.00
2018.03.08 18:33:15.055,1.38073,1.3808,1.00,1.00
2018.03.08 18:33:16.261,1.38075,1.3808,1.00,1.00
2018.03.08 18:33:18.204,1.38075,1.38082,1.00,1.87
2018.03.08 18:33:19.715,1.38072,1.3808,2.51,4.12
2018.03.08 18:33:19.768,1.3807,1.38078,2.70,1.12
2018.03.08 18:33:19.819,1.3807,1.38077,1.00,1.12
2018.03.08 18:33:20.343,1.38069,1.38077,2.25,1.00
2018.03.08 18:33:20.881,1.38069,1.38077,1.87,1.50
2018.03.08 18:33:21.390,1.38069,1.38077,1.50,3.00
2018.03.08 18:33:22.179,1.38069,1.38077,2.62,1.50
2018.03.08 18:33:23.184,1.3807,1.38078,1.87,2.25
2018.03.08 18:33:23.585,1.38074,1.3808,1.00,1.47
2018.03.08 18:33:24.090,1.38075,1.3808,1.00,1.00
2018.03.08 18:33:24.811,1.38075,1.38082,1.50,1.00
2018.03.08 18:33:25.358,1.38075,1.38082,1.87,1.00
2018.03.08 18:33:26.588,1.38075,1.38082,1.12,4.12
2018.03.08 18:33:26.641,1.38072,1.3808,2.70,1.87
2018.03.08 18:33:29.348,1.38073,1.3808,1.00,1.87
2018.03.08 18:33:29.402,1.38074,1.38082,2.62,1.57
2018.03.08 18:33:29.600,1.38072,1.38079,2.06,1.00
2018.03.08 18:33:29.707,1.38071,1.38078,1.12,1.12
2018.03.08 18:33:32.285,1.38071,1.38078,1.00,1.50
2018.03.08 18:33:32.535,1.38068,1.38075,2.44,1.00
2018.03.08 18:33:32.904,1.38069,1.38077,1.37,1.00
2018.03.08 18:33:37.488,1.38073,1.38078,1.00,1.12
2018.03.08 18:33:37.540,1.38072,1.3808,1.25,1.57
2018.03.08 18:33:38.265,1.38072,1.3808,2.81,1.12
2018.03.08 18:33:38.967,1.38075,1.3808,1.12,1.00
2018.03.08 18:33:40.987,1.38075,1.38082,1.00,1.12
2018.03.08 18:33:42.414,1.38076,1.38082,1.00,1.12
2018.03.08 18:33:42.972,1.38076,1.38082,2.25,1.00
2018.03.08 18:33:43.487,1.38076,1.38082,2.44,1.00
2018.03.08 18:33:44.016,1.38079,1.38083,1.00,1.00
2018.03.08 18:33:45.216,1.3808,1.38083,1.00,1.00
2018.03.08 18:33:45.269,1.38079,1.38085,1.12,1.00
2018.03.08 18:33:45.733,1.38083,1.38085,1.00,1.00
2018.03.08 18:33:45.786,1.38081,1.38087,1.50,1.69
2018.03.08 18:33:46.379,1.38083,1.38087,1.00,1.69
2018.03.08 18:33:46.892,1.38082,1.38087,1.00,1.12
2018.03.08 18:33:47.554,1.38082,1.38088,1.12,1.50
2018.03.08 18:33:49.548,1.38083,1.38088,1.00,1.00
2018.03.08 18:33:50.059,1.38082,1.38088,1.12,1.00
2018.03.08 18:33:50.691,1.38082,1.38088,1.75,1.00
2018.03.08 18:33:50.856,1.38089,1.38094,1.12,1.50
2018.03.08 18:33:50.960,1.38088,1.38095,1.87,1.00
2018.03.08 18:33:51.373,1.38089,1.38096,3.37,1.44
2018.03.08 18:33:51.638,1.38092,1.38099,1.87,1.00
2018.03.08 18:33:51.695,1.38093,1.381,1.37,2.25
2018.03.08 18:33:52.012,1.38096,1.38104,1.37,2.44
2018.03.08 18:33:52.197,1.38098,1.38105,1.87,1.00
2018.03.08 18:33:52.353,1.38101,1.38106,1.00,1.81
2018.03.08 18:33:52.871,1.381,1.38108,1.87,2.62
2018.03.08 18:33:53.168,1.38098,1.38106,2.62,1.00
2018.03.08 18:33:53.221,1.38096,1.38105,5.32,1.12
2018.03.08 18:33:53.274,1.38094,1.381,1.10,1.50
2018.03.08 18:33:53.325,1.38092,1.38099,1.00,1.00
2018.03.08 18:33:54.686,1.38092,1.38098,1.12,1.00
2018.03.08 18:33:54.739,1.38089,1.38098,2.70,1.00
2018.03.08 18:33:54.895,1.38089,1.38096,1.12,1.00
2018.03.08 18:33:55.539,1.38088,1.38096,2.62,1.12
2018.03.08 18:33:56.560,1.38088,1.38097,1.12,4.50
2018.03.08 18:33:57.189,1.38088,1.38097,1.12,6.19
2018.03.08 18:33:57.501,1.38086,1.38095,2.62,3.00
2018.03.08 18:34:00.215,1.38086,1.38092,1.00,1.50
2018.03.08 18:34:01.236,1.38083,1.38091,1.69,1.12
2018.03.08 18:34:01.394,1.38082,1.38088,1.00,1.12
2018.03.08 18:34:01.553,1.38084,1.38091,1.12,1.12
2018.03.08 18:34:02.096,1.38085,1.38091,1.00,1.12
2018.03.08 18:34:02.609,1.38083,1.38091,2.25,1.50
2018.03.08 18:34:03.582,1.38085,1.38091,1.00,1.00
2018.03.08 18:34:03.946,1.38086,1.38093,1.00,1.87
2018.03.08 18:34:04.391,1.38089,1.38095,1.00,1.94
2018.03.08 18:34:04.444,1.38087,1.38095,1.50,1.12
2018.03.08 18:34:04.601,1.3809,1.38096,1.00,1.37
2018.03.08 18:34:04.659,1.38089,1.38098,1.87,2.51
2018.03.08 18:34:05.194,1.38091,1.38099,1.00,2.00
2018.03.08 18:34:05.701,1.3809,1.38099,1.87,3.19
2018.03.08 18:34:06.207,1.38091,1.38099,2.25,1.69
2018.03.08 18:34:06.751,1.38092,1.38099,1.50,1.50
2018.03.08 18:34:08.154,1.38093,1.38099,1.00,1.87
2018.03.08 18:34:08.627,1.38093,1.38102,1.12,2.70
2018.03.08 18:34:08.972,1.38096,1.38103,1.37,2.06
2018.03.08 18:34:09.160,1.38096,1.38102,1.37,1.25
2018.03.08 18:34:09.555,1.38097,1.38105,1.87,1.39
2018.03.08 18:34:10.101,1.38096,1.38103,1.50,1.00
2018.03.08 18:34:10.672,1.38096,1.38103,1.50,1.00
2018.03.08 18:34:11.355,1.38096,1.38104,1.50,1.00
2018.03.08 18:34:11.873,1.38096,1.38105,2.25,1.20
2018.03.08 18:34:13.951,1.38096,1.38105,4.50,1.20
2018.03.08 18:34:14.262,1.38104,1.38111,2.62,2.62
2018.03.08 18:34:14.572,1.38109,1.38111,1.50,1.00
2018.03.08 18:34:14.918,1.38109,1.38117,4.50,1.50
2018.03.08 18:34:15.021,1.3811,1.38118,1.37,1.31
2018.03.08 18:34:15.582,1.3811,1.38117,2.62,1.50
2018.03.08 18:34:16.133,1.3811,1.38117,1.12,1.00
2018.03.08 18:34:17.296,1.3811,1.38117,1.00,2.44
2018.03.08 18:34:17.347,1.38108,1.38115,1.31,1.00
2018.03.08 18:34:17.399,1.38108,1.38117,2.06,1.20
2018.03.08 18:34:17.908,1.38109,1.38118,1.12,2.51
2018.03.08 18:34:18.630,1.38109,1.38116,1.12,1.00
2018.03.08 18:34:19.230,1.38108,1.38117,3.75,1.87
2018.03.08 18:34:20.217,1.38109,1.38117,1.00,1.87
2018.03.08 18:34:21.053,1.38109,1.38118,1.00,3.26
2018.03.08 18:34:21.366,1.38108,1.38116,1.62,1.00
2018.03.08 18:34:21.871,1.38108,1.38116,1.50,1.00
2018.03.08 18:34:23.018,1.38109,1.38117,1.37,1.39
2018.03.08 18:34:26.277,1.38109,1.38117,1.87,1.31
2018.03.08 18:34:26.786,1.38109,1.38116,1.87,1.12
2018.03.08 18:34:27.415,1.38109,1.38117,1.87,1.50
2018.03.08 18:34:28.910,1.3811,1.38117,1.00,1.00
2018.03.08 18:34:29.437,1.38109,1.38117,1.69,1.50
2018.03.08 18:34:29.782,1.38116,1.38123,1.00,1.00
2018.03.08 18:34:29.990,1.38119,1.38127,1.00,1.95
2018.03.08 18:34:30.524,1.38118,1.38127,3.19,1.57
2018.03.08 18:34:31.451,1.38118,1.38127,2.25,1.57
2018.03.08 18:34:31.973,1.38118,1.38125,1.87,1.00
2018.03.08 18:34:34.550,1.38118,1.38125,1.31,1.12
2018.03.08 18:34:35.963,1.38118,1.38127,1.31,5.14
2018.03.08 18:34:38.492,1.38118,1.38126,1.87,1.12
2018.03.08 18:34:40.289,1.38118,1.38125,1.37,1.12
2018.03.08 18:34:40.397,1.38113,1.3812,4.50,1.00
2018.03.08 18:34:40.449,1.38116,1.3812,1.00,1.87
2018.03.08 18:34:40.503,1.38117,1.38122,1.12,1.20
2018.03.08 18:34:40.638,1.38119,1.38126,1.12,1.07
2018.03.08 18:34:41.186,1.38119,1.38126,1.50,1.00
2018.03.08 18:34:44.315,1.38119,1.38129,6.37,2.70
2018.03.08 18:34:45.367,1.3812,1.38128,3.37,1.10
2018.03.08 18:34:46.836,1.38122,1.38129,1.00,2.14
2018.03.08 18:34:47.925,1.38122,1.38129,1.12,1.25
2018.03.08 18:34:49.054,1.38123,1.38131,3.19,2.70
2018.03.08 18:34:49.570,1.38123,1.38129,1.50,1.00
2018.03.08 18:34:49.623,1.38122,1.38129,1.12,1.50
2018.03.08 18:34:50.166,1.38121,1.38129,2.25,1.10
2018.03.08 18:34:50.554,1.38125,1.3813,3.00,1.07
2018.03.08 18:34:50.659,1.38129,1.38135,1.12,1.20
2018.03.08 18:34:50.762,1.3813,1.38136,1.87,1.10
2018.03.08 18:34:50.964,1.3813,1.38138,5.25,1.20
2018.03.08 18:34:51.514,1.38131,1.38138,2.25,1.87
2018.03.08 18:34:52.101,1.38129,1.38136,1.12,1.47
2018.03.08 18:34:52.611,1.38127,1.38136,2.62,2.89
2018.03.08 18:34:54.065,1.38126,1.38135,6.00,1.32
2018.03.08 18:34:54.568,1.38126,1.38135,4.31,1.39
2018.03.08 18:34:55.486,1.38126,1.38135,3.56,1.76
2018.03.08 18:34:56.523,1.38125,1.38132,1.00,2.25
2018.03.08 18:34:56.576,1.38122,1.3813,3.00,1.57
2018.03.08 18:34:56.937,1.38121,1.38129,3.00,1.07
2018.03.08 18:34:57.251,1.3812,1.38128,1.50,1.25
2018.03.08 18:34:57.814,1.38119,1.38127,3.00,1.00
2018.03.08 18:34:58.371,1.38119,1.38128,1.87,1.57
2018.03.08 18:34:58.898,1.3812,1.38128,1.00,2.32
2018.03.08 18:34:59.545,1.38119,1.38123,1.50,1.37
2018.03.08 18:34:59.598,1.38115,1.38122,1.25,1.00
2018.03.08 18:34:59.756,1.38118,1.38125,1.00,3.64
2018.03.08 18:35:00.280,1.38118,1.38126,3.00,1.57
2018.03.08 18:35:00.829,1.38119,1.38126,2.25,1.10
2018.03.08 18:35:00.881,1.38121,1.38128,1.37,2.32
2018.03.08 18:35:01.385,1.3812,1.38128,1.69,2.32
2018.03.08 18:35:08.213,1.38119,1.38128,3.34,1.00
2018.03.08 18:35:08.553,1.3813,1.38136,1.12,1.00
2018.03.08 18:35:09.069,1.3813,1.38138,1.12,3.26
2018.03.08 18:35:09.594,1.3813,1.38138,1.00,2.32
2018.03.08 18:35:10.226,1.38129,1.38138,1.00,1.57
2018.03.08 18:35:10.761,1.38129,1.38138,1.37,1.57
2018.03.08 18:35:11.304,1.38129,1.38138,1.50,2.51
2018.03.08 18:35:11.611,1.38128,1.38136,1.37,1.76
2018.03.08 18:35:12.245,1.3813,1.38136,1.00,1.10
2018.03.08 18:35:12.763,1.38129,1.38138,3.00,2.89
2018.03.08 18:35:13.037,1.38132,1.38139,1.12,1.95
2018.03.08 18:35:13.141,1.38132,1.38139,3.37,1.00
2018.03.08 18:35:13.300,1.38135,1.38143,1.50,1.95
2018.03.08 18:35:13.848,1.38135,1.38143,1.00,1.12
2018.03.08 18:35:14.497,1.38134,1.38142,6.56,1.00
2018.03.08 18:35:15.025,1.38134,1.38142,2.06,1.00
2018.03.08 18:35:15.642,1.38135,1.38144,1.50,1.57
2018.03.08 18:35:15.772,1.38135,1.38144,3.37,1.20
2018.03.08 18:35:16.299,1.38137,1.38145,1.00,1.76
2018.03.08 18:35:16.962,1.38137,1.38145,1.00,1.12
2018.03.08 18:35:17.484,1.38137,1.38145,1.00,1.39
2018.03.08 18:35:17.588,1.38135,1.38144,1.12,1.01
2018.03.08 18:35:17.642,1.38135,1.38144,4.50,1.76
2018.03.08 18:35:18.145,1.38135,1.38144,2.62,1.12
2018.03.08 18:35:18.872,1.38135,1.38144,2.06,1.12
2018.03.08 18:35:19.718,1.38133,1.3814,2.14,1.00
2018.03.08 18:35:19.823,1.38135,1.38144,1.00,2.14
2018.03.08 18:35:20.812,1.38134,1.38143,5.44,1.20
2018.03.08 18:35:20.866,1.38133,1.3814,2.62,1.00
2018.03.08 18:35:21.368,1.38133,1.38141,1.87,1.10
2018.03.08 18:35:22.240,1.38134,1.38142,1.87,1.50
2018.03.08 18:35:22.552,1.38133,1.38139,1.12,1.00
2018.03.08 18:35:25.739,1.38133,1.38141,2.06,1.57
2018.03.08 18:35:27.485,1.38133,1.38141,1.00,1.50
2018.03.08 18:35:28.486,1.38133,1.38141,1.00,1.12
2018.03.08 18:35:30.062,1.38133,1.38139,1.00,1.00
2018.03.08 18:35:32.716,1.38134,1.38139,1.69,1.00
2018.03.08 18:35:32.770,1.38138,1.38144,1.37,2.32
2018.03.08 18:35:32.875,1.38138,1.38147,2.44,2.70
2018.03.08 18:35:34.271,1.38138,1.38147,1.87,1.95
2018.03.08 18:35:36.233,1.38138,1.38147,2.62,1.12
2018.03.08 18:35:39.426,1.38138,1.38147,1.87,1.95
2018.03.08 18:35:39.927,1.38138,1.38147,1.87,1.12
2018.03.08 18:35:40.447,1.38138,1.38147,1.75,3.45
2018.03.08 18:35:45.300,1.38137,1.38145,3.56,4.50
2018.03.08 18:35:45.419,1.38138,1.38145,1.50,1.01
2018.03.08 18:35:45.954,1.38138,1.38147,1.50,1.57
2018.03.08 18:35:52.412,1.38138,1.38147,3.37,1.57
2018.03.08 18:35:56.425,1.38138,1.38147,1.37,2.51
2018.03.08 18:35:56.978,1.38138,1.38147,1.37,2.32
2018.03.08 18:35:58.886,1.38136,1.38141,1.37,1.00
2018.03.08 18:35:59.150,1.38137,1.38143,1.00,1.10
2018.03.08 18:35:59.411,1.38137,1.38146,2.62,2.32
2018.03.08 18:35:59.930,1.38138,1.38146,2.25,1.50
2018.03.08 18:36:07.549,1.38137,1.38145,3.37,1.00
2018.03.08 18:36:07.653,1.38134,1.3814,2.32,1.50
2018.03.08 18:36:07.757,1.38135,1.38142,3.00,1.50
2018.03.08 18:36:08.361,1.38134,1.38139,1.00,1.20
2018.03.08 18:36:08.414,1.38131,1.38138,1.12,1.00
2018.03.08 18:36:08.945,1.3813,1.38138,1.00,4.01
2018.03.08 18:36:28.738,1.38131,1.38139,3.19,1.95
2018.03.08 18:36:29.051,1.38132,1.38137,1.25,1.00
2018.03.08 18:36:29.641,1.38131,1.38137,1.25,1.00
2018.03.08 18:36:30.821,1.3813,1.38137,2.06,1.00
2018.03.08 18:36:31.179,1.38132,1.38137,1.00,1.00
2018.03.08 18:36:31.335,1.38132,1.38139,1.50,1.12
2018.03.08 18:36:32.531,1.38131,1.38139,1.00,1.12
2018.03.08 18:36:32.842,1.38137,1.3814,1.00,2.32
2018.03.08 18:36:32.896,1.38135,1.38143,3.94,1.50
2018.03.08 18:36:32.949,1.38137,1.38145,1.87,1.20
2018.03.08 18:36:33.482,1.38138,1.38145,1.00,1.00
2018.03.08 18:36:38.746,1.38138,1.38145,1.50,1.00
2018.03.08 18:36:46.141,1.38137,1.38145,1.50,1.50
2018.03.08 18:36:48.107,1.38141,1.38145,1.00,1.00
2018.03.08 18:36:48.160,1.38139,1.38147,3.75,1.95
2018.03.08 18:36:48.285,1.38141,1.38147,1.12,1.12
2018.03.08 18:36:48.715,1.38138,1.38147,2.25,2.70
2018.03.08 18:36:49.412,1.38138,1.38146,1.37,1.00
2018.03.08 18:36:55.465,1.38138,1.38146,2.06,1.00
2018.03.08 18:36:59.338,1.38139,1.38146,2.25,1.12
2018.03.08 18:36:59.800,1.38138,1.38143,3.75,1.00
2018.03.08 18:37:00.391,1.38138,1.38143,1.00,1.00
2018.03.08 18:37:00.904,1.38138,1.38142,1.00,1.00
2018.03.08 18:37:02.660,1.38137,1.38142,1.87,1.00
2018.03.08 18:37:05.317,1.38137,1.38141,1.12,1.00
2018.03.08 18:37:06.712,1.38138,1.38141,1.00,1.00
2018.03.08 18:37:06.816,1.38135,1.38141,1.62,1.00
2018.03.08 18:37:07.380,1.38137,1.38141,1.12,1.00
2018.03.08 18:37:07.543,1.38134,1.38139,2.62,1.00
2018.03.08 18:37:10.560,1.38132,1.38137,2.06,1.00
2018.03.08 18:37:10.611,1.38131,1.38136,2.06,1.00
2018.03.08 18:37:11.820,1.38131,1.38135,1.69,1.00
2018.03.08 18:37:12.336,1.3813,1.38135,1.69,1.00
2018.03.08 18:37:15.851,1.38127,1.38131,1.00,1.00
2018.03.08 18:37:17.932,1.38129,1.38131,1.00,1.00
2018.03.08 18:37:22.501,1.38128,1.38131,1.00,1.00
2018.03.08 18:37:23.866,1.38129,1.38131,1.00,1.00
2018.03.08 18:37:24.733,1.38127,1.3813,1.00,1.00
2018.03.08 18:37:24.788,1.38127,1.3813,1.25,1.00
2018.03.08 18:37:24.894,1.38128,1.38132,1.00,1.00
2018.03.08 18:37:25.548,1.38129,1.38132,1.00,1.00
2018.03.08 18:37:33.003,1.38129,1.38133,1.00,1.00
2018.03.08 18:37:38.540,1.38128,1.38133,1.50,1.00
2018.03.08 18:37:42.567,1.38127,1.38132,1.12,1.00
2018.03.08 18:37:42.876,1.38127,1.3813,1.12,1.00
2018.03.08 18:37:43.403,1.38127,1.38131,1.12,1.00
2018.03.08 18:37:44.133,1.38126,1.38131,1.00,1.00
2018.03.08 18:37:44.237,1.38121,1.38127,2.25,1.00
2018.03.08 18:37:44.769,1.38121,1.38126,1.00,1.00
2018.03.08 18:37:45.683,1.38119,1.38125,3.00,1.00
2018.03.08 18:37:45.839,1.38119,1.38123,1.12,1.00
2018.03.08 18:37:46.385,1.38118,1.38124,3.19,1.50
2018.03.08 18:37:48.842,1.38118,1.38123,1.12,1.00
2018.03.08 18:37:49.357,1.38115,1.38122,4.31,1.50
2018.03.08 18:37:49.698,1.38119,1.38122,1.00,1.00
2018.03.08 18:37:50.009,1.38119,1.38125,1.00,2.06
2018.03.08 18:37:50.689,1.38119,1.38125,1.00,1.87
2018.03.08 18:37:51.202,1.38118,1.38125,1.50,1.87
2018.03.08 18:37:52.839,1.38118,1.38123,3.37,1.00
2018.03.08 18:37:53.644,1.38118,1.38124,3.37,1.00
2018.03.08 18:37:54.686,1.3812,1.38124,1.00,1.00
2018.03.08 18:37:55.988,1.38118,1.38124,3.56,1.00
2018.03.08 18:38:01.340,1.3812,1.38124,1.00,1.00
2018.03.08 18:38:02.419,1.38118,1.38124,3.56,1.00
2018.03.08 18:38:06.349,1.38119,1.38124,1.00,1.00
2018.03.08 18:38:06.873,1.3812,1.38124,1.00,1.00
2018.03.08 18:38:07.415,1.38119,1.38124,1.12,1.00
2018.03.08 18:38:07.943,1.38119,1.38123,1.00,1.00
2018.03.08 18:38:08.525,1.3812,1.38123,1.00,1.00
2018.03.08 18:38:08.665,1.38122,1.38125,1.37,1.00
2018.03.08 18:38:08.718,1.38123,1.38127,1.69,1.00
2018.03.08 18:38:11.151,1.38122,1.38126,1.62,1.00
2018.03.08 18:38:11.206,1.38121,1.38123,1.00,1.00
2018.03.08 18:38:11.330,1.38118,1.38123,1.37,1.00
2018.03.08 18:38:12.247,1.38119,1.38123,1.50,1.00
2018.03.08 18:38:12.835,1.38118,1.38123,2.44,1.00
2018.03.08 18:38:14.552,1.38118,1.38123,1.12,1.00
2018.03.08 18:38:16.378,1.38118,1.38122,1.12,1.00
2018.03.08 18:38:17.910,1.38116,1.3812,1.31,1.00
2018.03.08 18:38:18.395,1.38115,1.38117,1.00,1.00
2018.03.08 18:38:18.502,1.38112,1.38117,3.00,1.00
2018.03.08 18:38:19.097,1.38114,1.38117,1.00,1.00
2018.03.08 18:38:19.632,1.38113,1.38118,1.00,1.00
2018.03.08 18:38:20.185,1.38112,1.38118,1.87,1.00
2018.03.08 18:38:20.730,1.38114,1.38119,1.12,1.00
2018.03.08 18:38:22.052,1.38114,1.38118,1.00,1.00
2018.03.08 18:38:24.009,1.38111,1.38115,1.12,1.00
2018.03.08 18:38:24.113,1.38112,1.38117,2.44,1.00
2018.03.08 18:38:24.637,1.38113,1.38118,1.50,1.00
2018.03.08 18:38:25.144,1.38113,1.38117,2.62,1.00
2018.03.08 18:38:25.405,1.38113,1.38116,1.31,1.00
2018.03.08 18:38:26.035,1.38112,1.38115,1.12,1.00
2018.03.08 18:38:26.189,1.3811,1.38115,1.25,1.50
2018.03.08 18:38:26.803,1.38109,1.38114,4.50,1.00
2018.03.08 18:38:27.207,1.38111,1.38114,1.00,1.50
2018.03.08 18:38:27.809,1.3811,1.38114,1.31,1.50
2018.03.08 18:38:28.410,1.3811,1.38113,1.00,1.00
2018.03.08 18:38:28.916,1.38109,1.38114,1.69,1.00
2018.03.08 18:38:30.463,1.38109,1.38113,1.00,1.00
2018.03.08 18:38:31.317,1.38105,1.38111,3.56,1.00
2018.03.08 18:38:31.422,1.38105,1.38111,1.87,1.00
2018.03.08 18:38:31.973,1.38106,1.38111,1.00,1.00
2018.03.08 18:38:32.545,1.38107,1.38112,1.00,1.50
2018.03.08 18:38:33.065,1.38105,1.38112,1.87,1.50
2018.03.08 18:38:33.584,1.38105,1.38112,1.69,1.00
2018.03.08 18:38:33.857,1.38105,1.38106,1.00,1.00
2018.03.08 18:38:33.911,1.38098,1.38106,1.37,1.12
2018.03.08 18:38:34.959,1.38099,1.38106,1.00,1.87
2018.03.08 18:38:37.221,1.38103,1.38106,1.00,1.00
2018.03.08 18:38:37.771,1.38102,1.38107,1.69,1.00
2018.03.08 18:38:38.098,1.38104,1.38107,1.00,1.00
2018.03.08 18:38:38.151,1.38102,1.38107,2.81,1.00
2018.03.08 18:38:38.665,1.38102,1.38108,2.06,1.50
2018.03.08 18:38:39.240,1.38102,1.38108,3.19,1.50
2018.03.08 18:38:39.786,1.38104,1.38108,1.00,1.50
2018.03.08 18:38:40.405,1.38103,1.38108,1.25,1.50
2018.03.08 18:38:41.322,1.38102,1.38108,2.25,1.50
2018.03.08 18:38:42.250,1.38102,1.38108,2.25,1.50
2018.03.08 18:38:43.235,1.38102,1.38108,2.06,1.50
2018.03.08 18:38:43.763,1.38101,1.38104,1.25,1.00
2018.03.08 18:38:43.816,1.38098,1.38103,1.69,1.00
2018.03.08 18:38:44.317,1.38098,1.38104,1.00,1.50
2018.03.08 18:38:44.828,1.38097,1.38104,2.44,1.50
2018.03.08 18:38:45.470,1.38098,1.38103,1.00,1.00
2018.03.08 18:38:45.988,1.38096,1.38103,2.81,1.10
2018.03.08 18:38:46.731,1.38096,1.38103,1.50,1.00
2018.03.08 18:38:47.256,1.38096,1.38103,2.06,1.00
2018.03.08 18:38:47.773,1.38096,1.38103,2.06,1.50
2018.03.08 18:38:47.826,1.38098,1.38103,1.00,1.50
2018.03.08 18:38:47.987,1.38096,1.38103,2.06,1.50
2018.03.08 18:38:48.538,1.38098,1.38103,1.00,1.50
2018.03.08 18:38:48.901,1.38096,1.381,3.56,1.00
2018.03.08 18:38:48.953,1.38096,1.38102,1.87,1.00
2018.03.08 18:38:52.280,1.38096,1.38101,1.00,1.00
2018.03.08 18:38:52.436,1.38098,1.381,1.50,1.00
2018.03.08 18:38:52.539,1.38097,1.38103,1.19,1.00
2018.03.08 18:38:53.085,1.38096,1.38103,1.81,1.50
2018.03.08 18:38:53.845,1.38097,1.381,1.00,1.00
2018.03.08 18:38:55.730,1.38095,1.381,3.37,1.00
2018.03.08 18:39:01.323,1.38095,1.381,1.25,3.00
2018.03.08 18:39:01.374,1.38088,1.38095,2.25,1.00
2018.03.08 18:39:01.426,1.38092,1.38096,1.50,1.00
2018.03.08 18:39:01.681,1.38093,1.38098,1.50,1.00
2018.03.08 18:39:01.784,1.3809,1.38095,1.19,1.50
2018.03.08 18:39:02.210,1.38089,1.38092,1.50,1.00
2018.03.08 18:39:02.367,1.38089,1.38095,1.00,1.87
2018.03.08 18:39:02.843,1.38087,1.38093,2.25,1.50
2018.03.08 18:39:03.369,1.38088,1.38093,1.00,1.00
2018.03.08 18:39:04.166,1.38089,1.38093,2.25,1.00
2018.03.08 18:39:04.449,1.38087,1.38093,2.62,1.00
2018.03.08 18:39:05.102,1.38087,1.38092,1.87,1.00
2018.03.08 18:39:05.257,1.38089,1.38092,1.50,1.00
2018.03.08 18:39:05.428,1.38087,1.38092,1.87,1.00
2018.03.08 18:39:05.955,1.38087,1.38093,1.00,1.12
2018.03.08 18:39:06.464,1.38088,1.38094,1.00,1.50
2018.03.08 18:39:08.272,1.38088,1.38094,1.75,1.50
2018.03.08 18:39:08.721,1.38088,1.38094,1.00,1.87
2018.03.08 18:39:10.070,1.38087,1.38094,1.50,1.87
2018.03.08 18:39:10.123,1.38087,1.38091,1.50,1.00
2018.03.08 18:39:14.361,1.38085,1.38091,3.19,1.50
2018.03.08 18:39:15.180,1.38086,1.38091,2.44,1.50
2018.03.08 18:39:16.193,1.38086,1.38091,3.37,1.50
2018.03.08 18:39:20.296,1.38086,1.38091,1.87,1.00
2018.03.08 18:39:20.849,1.38088,1.38091,1.00,1.00
2018.03.08 18:39:21.687,1.38086,1.38091,2.06,1.00
2018.03.08 18:39:24.353,1.38087,1.38091,1.00,1.00
2018.03.08 18:39:25.007,1.38086,1.38091,1.00,1.00
2018.03.08 18:39:35.452,1.38085,1.38091,2.81,1.50
2018.03.08 18:39:36.265,1.38085,1.38091,3.00,1.50
2018.03.08 18:39:36.806,1.38085,1.38091,2.81,1.50
2018.03.08 18:39:41.666,1.38086,1.38091,1.62,1.50
2018.03.08 18:39:42.717,1.38086,1.38091,1.12,1.50
2018.03.08 18:39:43.355,1.38086,1.3809,1.12,1.00
2018.03.08 18:39:51.132,1.38087,1.3809,1.00,1.00
2018.03.08 18:39:51.641,1.38086,1.3809,1.00,1.50
2018.03.08 18:39:53.341,1.38084,1.38089,1.87,1.00
2018.03.08 18:39:53.394,1.3808,1.38084,1.50,1.00
2018.03.08 18:39:53.933,1.38079,1.38085,1.62,1.50
2018.03.08 18:39:55.356,1.3808,1.38084,1.00,1.00
2018.03.08 18:39:55.830,1.3808,1.38085,2.25,1.50
2018.03.08 18:39:56.356,1.38081,1.38085,1.25,1.00
2018.03.08 18:39:56.904,1.3808,1.38085,3.56,1.00
2018.03.08 18:39:57.521,1.38081,1.38085,1.00,1.00
2018.03.08 18:39:58.339,1.38081,1.38085,1.87,1.00
2018.03.08 18:39:59.225,1.38081,1.38085,1.25,1.00
2018.03.08 18:39:59.936,1.3808,1.38085,2.25,1.00
2018.03.08 18:40:00.517,1.38081,1.38085,1.12,1.00
2018.03.08 18:40:01.787,1.38082,1.38088,1.37,1.50
2018.03.08 18:40:01.944,1.38084,1.38088,1.50,1.00
2018.03.08 18:40:03.705,1.38084,1.38089,2.06,1.00
2018.03.08 18:40:04.460,1.38085,1.38091,1.87,1.00
2018.03.08 18:40:05.118,1.38087,1.38091,1.00,1.00
2018.03.08 18:40:05.663,1.38086,1.38091,1.12,1.00
2018.03.08 18:40:05.872,1.38088,1.38091,1.00,1.00
2018.03.08 18:40:07.423,1.38087,1.38092,1.12,1.00
2018.03.08 18:40:07.750,1.38094,1.38098,1.00,1.00
2018.03.08 18:40:08.372,1.38094,1.38099,1.69,1.00
2018.03.08 18:40:13.117,1.38095,1.38099,1.69,1.00
2018.03.08 18:40:16.619,1.38097,1.38102,1.00,1.50
2018.03.08 18:40:17.139,1.38096,1.38102,1.31,1.00
2018.03.08 18:40:17.625,1.38099,1.38103,1.50,1.12
2018.03.08 18:40:17.679,1.38098,1.38103,1.00,1.00
2018.03.08 18:40:18.322,1.38099,1.38103,1.00,1.00
2018.03.08 18:40:24.078,1.38098,1.38103,1.50,1.00
2018.03.08 18:40:24.671,1.38099,1.38103,1.00,1.00
2018.03.08 18:40:25.221,1.38098,1.38103,1.00,1.00
2018.03.08 18:40:26.055,1.38098,1.38103,2.62,1.00
2018.03.08 18:40:26.293,1.381,1.38106,3.00,1.00
2018.03.08 18:40:26.867,1.381,1.38106,3.00,1.00
2018.03.08 18:40:27.333,1.38103,1.38109,1.87,1.37
2018.03.08 18:40:27.489,1.38103,1.3811,4.87,1.12
2018.03.08 18:40:33.469,1.38103,1.3811,3.37,1.50
2018.03.08 18:40:34.096,1.38103,1.3811,3.00,1.00
2018.03.08 18:40:35.060,1.38104,1.3811,2.06,1.00
2018.03.08 18:40:41.382,1.38106,1.3811,1.00,1.00
2018.03.08 18:40:42.660,1.38107,1.3811,1.00,1.00
2018.03.08 18:40:42.867,1.38106,1.38112,1.69,1.00
2018.03.08 18:40:50.416,1.38105,1.38111,2.06,1.00
2018.03.08 18:40:56.678,1.38101,1.38108,4.76,1.00
2018.03.08 18:40:56.730,1.38102,1.38108,1.47,1.00
2018.03.08 18:40:57.193,1.38101,1.38106,1.87,1.00
2018.03.08 18:40:57.722,1.381,1.38105,1.50,1.00
2018.03.08 18:40:58.233,1.381,1.38105,1.12,1.00
2018.03.08 18:41:01.048,1.38101,1.38105,1.50,1.00
2018.03.08 18:41:01.151,1.381,1.38105,1.00,1.00
2018.03.08 18:41:07.059,1.38103,1.38105,1.12,1.00
2018.03.08 18:41:07.212,1.381,1.38104,1.25,1.00
2018.03.08 18:41:13.402,1.381,1.38104,1.50,1.00
2018.03.08 18:41:14.051,1.381,1.38104,1.12,1.00
2018.03.08 18:41:14.571,1.38097,1.38104,2.44,1.00
2018.03.08 18:41:15.036,1.38096,1.38101,1.87,1.00
2018.03.08 18:41:15.559,1.38095,1.381,1.12,1.00
2018.03.08 18:41:17.451,1.38094,1.38098,3.00,1.00
2018.03.08 18:41:18.962,1.38096,1.38098,1.00,1.00
2018.03.08 18:41:19.015,1.38096,1.38101,1.00,1.12
2018.03.08 18:41:19.519,1.38095,1.38101,1.12,1.12
2018.03.08 18:41:20.585,1.38097,1.38101,1.00,1.00
2018.03.08 18:41:21.865,1.38098,1.38101,1.00,1.00
2018.03.08 18:41:24.112,1.38097,1.38101,1.12,1.50
2018.03.08 18:41:24.639,1.38099,1.38102,1.00,1.00
2018.03.08 18:41:24.961,1.38104,1.38107,1.12,1.00
2018.03.08 18:41:25.304,1.38102,1.38107,1.31,1.00
2018.03.08 18:41:25.478,1.38102,1.38105,1.25,1.00
2018.03.08 18:41:26.912,1.38102,1.38106,1.00,1.00
2018.03.08 18:41:27.294,1.38103,1.38107,1.87,1.00
2018.03.08 18:41:27.421,1.38105,1.3811,1.12,1.00
2018.03.08 18:41:32.803,1.38104,1.38109,1.00,1.00
2018.03.08 18:41:32.928,1.38102,1.38109,1.39,1.12
2018.03.08 18:41:32.998,1.38102,1.38106,1.12,1.00
2018.03.08 18:41:33.311,1.38104,1.38108,1.37,1.00
2018.03.08 18:41:33.418,1.38105,1.3811,2.06,1.00
2018.03.08 18:41:33.777,1.38105,1.38112,2.44,1.00
2018.03.08 18:41:36.376,1.38107,1.38112,1.00,1.00
2018.03.08 18:41:37.419,1.38106,1.38112,1.00,1.00
2018.03.08 18:41:40.349,1.38104,1.38109,1.31,1.00
2018.03.08 18:41:40.401,1.38101,1.38108,3.07,1.12
2018.03.08 18:41:40.566,1.38104,1.38109,1.00,1.12
2018.03.08 18:41:40.899,1.38102,1.38107,3.00,1.00
2018.03.08 18:41:42.000,1.38102,1.38107,1.37,1.00
2018.03.08 18:41:43.967,1.38102,1.38107,1.00,1.00
2018.03.08 18:41:44.545,1.38101,1.38107,2.44,1.00
2018.03.08 18:41:45.059,1.38101,1.38107,2.44,1.00
2018.03.08 18:41:45.479,1.38099,1.38106,1.47,1.00
2018.03.08 18:41:45.989,1.38099,1.38105,1.87,1.00
2018.03.08 18:41:46.684,1.38101,1.38105,1.00,1.00
2018.03.08 18:41:46.948,1.38098,1.38105,5.62,1.00
2018.03.08 18:41:49.627,1.38099,1.38105,1.62,1.00
2018.03.08 18:41:50.160,1.38098,1.38105,7.12,1.00
2018.03.08 18:41:50.544,1.38098,1.38104,2.06,1.00
2018.03.08 18:41:51.009,1.38098,1.38102,1.37,1.00
2018.03.08 18:41:52.254,1.38096,1.38102,2.06,1.00
2018.03.08 18:41:52.519,1.38094,1.381,1.87,1.69
2018.03.08 18:41:52.634,1.38092,1.38098,1.19,1.00
2018.03.08 18:41:53.156,1.38092,1.38097,1.00,1.00
2018.03.08 18:41:53.701,1.3809,1.38096,1.12,1.50
2018.03.08 18:41:54.351,1.38089,1.38096,1.12,1.87
2018.03.08 18:41:54.901,1.38088,1.38096,3.75,1.50
2018.03.08 18:41:55.382,1.38089,1.38094,1.00,1.00
2018.03.08 18:41:55.901,1.3809,1.38095,1.00,1.87
2018.03.08 18:41:56.210,1.38088,1.38095,1.12,1.87
2018.03.08 18:41:56.754,1.38088,1.38094,1.12,1.00
2018.03.08 18:41:57.041,1.38088,1.38092,1.25,1.00
2018.03.08 18:41:57.861,1.38087,1.3809,1.25,1.00
2018.03.08 18:41:58.931,1.38086,1.38089,1.69,1.00
2018.03.08 18:41:59.287,1.38083,1.38088,3.19,1.00
2018.03.08 18:41:59.391,1.38086,1.38089,1.50,1.50
2018.03.08 18:41:59.908,1.38085,1.38088,1.00,1.00
2018.03.08 18:42:00.432,1.38083,1.38087,1.62,1.00
2018.03.08 18:42:00.693,1.38079,1.38083,1.95,1.00
2018.03.08 18:42:01.008,1.38082,1.38085,1.12,1.00
2018.03.08 18:42:01.062,1.38082,1.38088,2.81,1.00
2018.03.08 18:42:01.669,1.38084,1.38088,1.31,1.00
2018.03.08 18:42:02.368,1.38081,1.38086,1.37,1.00
2018.03.08 18:42:02.421,1.3808,1.38085,1.12,1.00
2018.03.08 18:42:02.954,1.38079,1.38084,2.06,1.00
2018.03.08 18:42:04.179,1.38078,1.38084,1.31,1.00
2018.03.08 18:42:04.283,1.38079,1.38083,1.00,1.00
2018.03.08 18:42:04.819,1.38078,1.38082,2.25,1.00
2018.03.08 18:42:05.324,1.38078,1.38083,1.50,1.00
2018.03.08 18:42:05.650,1.38078,1.38083,4.12,1.00
2018.03.08 18:42:06.188,1.38079,1.38082,1.00,1.00
2018.03.08 18:42:06.818,1.38077,1.38082,4.87,1.00
2018.03.08 18:42:08.108,1.38081,1.38084,1.19,1.00
2018.03.08 18:42:08.162,1.38086,1.38088,1.00,1.00
2018.03.08 18:42:09.908,1.38081,1.38088,1.57,1.00
2018.03.08 18:42:09.960,1.3808,1.38083,1.00,1.00
2018.03.08 18:42:10.474,1.38078,1.38083,2.44,1.00
2018.03.08 18:42:12.002,1.38078,1.38082,1.12,1.00
2018.03.08 18:42:12.319,1.38077,1.3808,1.00,1.00
2018.03.08 18:42:12.823,1.38076,1.3808,1.12,1.00
2018.03.08 18:42:13.191,1.38074,1.38079,1.50,1.12
2018.03.08 18:42:13.820,1.38074,1.38078,1.12,1.00
2018.03.08 18:42:14.092,1.38069,1.38074,1.69,1.00
2018.03.08 18:42:14.607,1.3807,1.38075,3.75,1.00
2018.03.08 18:42:15.144,1.3807,1.38075,3.37,1.00
2018.03.08 18:42:15.687,1.38071,1.38076,2.25,1.00
2018.03.08 18:42:16.925,1.38071,1.38074,1.25,1.00
2018.03.08 18:42:17.133,1.38071,1.38076,1.50,1.00
2018.03.08 18:42:17.686,1.38072,1.38076,1.00,1.00
2018.03.08 18:42:18.047,1.3807,1.38076,1.12,1.00
2018.03.08 18:42:18.099,1.3807,1.38073,1.00,1.00
2018.03.08 18:42:18.400,1.38069,1.38071,1.25,1.00
2018.03.08 18:42:18.953,1.3807,1.38072,1.00,1.00
2018.03.08 18:42:19.464,1.38069,1.38072,1.00,1.00
2018.03.08 18:42:20.010,1.38066,1.38071,2.81,1.00
2018.03.08 18:42:20.233,1.38069,1.38072,1.00,1.00
2018.03.08 18:42:20.441,1.38067,1.38072,1.31,1.00
2018.03.08 18:42:20.991,1.38068,1.38072,2.25,1.00
2018.03.08 18:42:21.200,1.3807,1.38072,1.00,1.00
2018.03.08 18:42:21.302,1.38067,1.38072,1.12,1.00
2018.03.08 18:42:22.602,1.38067,1.3807,1.31,1.00
2018.03.08 18:42:23.125,1.38068,1.3807,1.00,1.00
2018.03.08 18:42:23.408,1.38066,1.3807,2.06,1.00
2018.03.08 18:42:23.940,1.38066,1.3807,3.00,1.00
2018.03.08 18:42:24.589,1.38066,1.3807,3.37,1.00
2018.03.08 18:42:25.718,1.38066,1.3807,2.81,1.00
2018.03.08 18:42:26.336,1.38066,1.3807,2.06,1.00
2018.03.08 18:42:29.124,1.38066,1.3807,2.06,1.00
2018.03.08 18:42:29.635,1.38066,1.3807,2.25,1.00
2018.03.08 18:42:33.392,1.38066,1.3807,3.94,1.00
2018.03.08 18:42:33.444,1.38069,1.38072,1.50,1.00
2018.03.08 18:42:33.971,1.38069,1.38073,1.00,1.00
2018.03.08 18:42:34.373,1.38071,1.38073,1.00,1.00
2018.03.08 18:42:34.475,1.38068,1.38073,1.12,1.00
2018.03.08 18:42:34.888,1.38067,1.38071,1.87,1.00
2018.03.08 18:42:35.696,1.38069,1.38071,1.00,1.00
2018.03.08 18:42:36.215,1.38068,1.38071,1.00,1.00
2018.03.08 18:42:36.318,1.38068,1.38073,1.00,1.00
2018.03.08 18:42:36.866,1.38071,1.38073,1.00,1.00
2018.03.08 18:42:36.928,1.38068,1.38072,1.00,1.00
2018.03.08 18:42:37.448,1.38067,1.38071,1.50,1.00
2018.03.08 18:42:41.169,1.38066,1.3807,1.69,1.00
2018.03.08 18:42:41.708,1.38066,1.3807,1.87,1.00
2018.03.08 18:42:42.356,1.38066,1.38072,3.00,1.00
2018.03.08 18:42:42.513,1.3807,1.38075,1.00,1.12
2018.03.08 18:42:42.886,1.38072,1.38076,1.00,1.00
2018.03.08 18:42:43.610,1.38075,1.3808,1.12,1.00
2018.03.08 18:42:44.185,1.38076,1.38081,1.00,1.00
2018.03.08 18:42:44.290,1.38076,1.38083,1.25,1.12
2018.03.08 18:42:44.497,1.38075,1.38081,1.25,1.12
2018.03.08 18:42:45.855,1.38074,1.38081,3.00,1.12
2018.03.08 18:42:46.372,1.38075,1.38081,1.00,1.00
2018.03.08 18:42:49.656,1.38075,1.3808,1.00,1.00
2018.03.08 18:42:49.769,1.3807,1.38078,1.07,1.50
2018.03.08 18:42:49.821,1.38069,1.38076,1.12,1.50
2018.03.08 18:42:50.374,1.38069,1.38074,1.00,1.00
2018.03.08 18:42:51.623,1.38068,1.38074,1.25,1.00
2018.03.08 18:42:52.148,1.38068,1.38073,1.00,1.50
2018.03.08 18:42:57.265,1.38068,1.38072,1.00,1.00
2018.03.08 18:43:01.847,1.38066,1.38072,2.44,1.00
2018.03.08 18:43:01.900,1.38065,1.38069,1.37,1.37
2018.03.08 18:43:01.955,1.38065,1.3807,1.00,1.00
2018.03.08 18:43:02.059,1.38061,1.38069,1.87,1.12
2018.03.08 18:43:02.578,1.38062,1.38069,1.00,2.25
2018.03.08 18:43:03.124,1.38061,1.38069,2.06,1.50
2018.03.08 18:43:03.313,1.38061,1.38067,1.00,1.37
2018.03.08 18:43:07.494,1.3806,1.38067,2.62,1.37
2018.03.08 18:43:08.578,1.3806,1.38067,2.25,1.00
2018.03.08 18:43:09.986,1.38061,1.38067,1.00,1.00
2018.03.08 18:43:12.597,1.38062,1.38067,1.00,1.00
2018.03.08 18:43:12.649,1.3806,1.38067,1.87,1.00
2018.03.08 18:43:13.163,1.3806,1.38068,1.12,2.25
2018.03.08 18:43:16.773,1.3806,1.38066,1.50,1.12
2018.03.08 18:43:20.989,1.38058,1.38064,2.06,4.12
2018.03.08 18:43:21.528,1.38059,1.38066,2.25,1.12
2018.03.08 18:43:25.503,1.38059,1.38066,4.87,1.00
2018.03.08 18:43:29.984,1.38063,1.38067,1.00,1.00
2018.03.08 18:43:30.291,1.38066,1.3807,1.87,1.00
2018.03.08 18:43:31.090,1.38066,1.38072,1.31,1.00
2018.03.08 18:43:32.048,1.38066,1.38072,1.69,1.00
2018.03.08 18:43:39.958,1.38069,1.38075,1.12,1.12
2018.03.08 18:43:40.066,1.38071,1.38075,1.00,1.12
2018.03.08 18:43:40.119,1.38071,1.38077,1.00,1.10
2018.03.08 18:43:44.198,1.38076,1.38079,3.00,1.10
2018.03.08 18:43:44.413,1.3808,1.38087,1.50,1.31
2018.03.08 18:43:47.613,1.38079,1.38087,1.12,1.50
2018.03.08 18:43:47.767,1.38081,1.38087,1.00,1.12
2018.03.08 18:43:52.885,1.38081,1.38088,1.00,1.50
2018.03.08 18:43:55.483,1.38084,1.3809,1.00,1.01
2018.03.08 18:43:55.536,1.38086,1.38092,1.00,1.50
2018.03.08 18:43:56.157,1.38088,1.38094,1.00,2.06
2018.03.08 18:44:00.048,1.38088,1.38094,1.00,2.06
2018.03.08 18:44:00.108,1.38085,1.38092,1.87,2.25
2018.03.08 18:44:00.648,1.38084,1.38092,1.37,1.00
2018.03.08 18:44:01.196,1.38081,1.38088,1.00,1.19
2018.03.08 18:44:01.248,1.38079,1.38089,1.50,2.81
2018.03.08 18:44:02.014,1.3808,1.38087,1.00,1.25
2018.03.08 18:44:02.521,1.38079,1.38088,1.50,2.81
2018.03.08 18:44:03.025,1.38079,1.38085,1.00,1.00
2018.03.08 18:44:05.363,1.38079,1.38083,1.00,1.00
2018.03.08 18:44:08.021,1.38077,1.38083,1.00,1.12
2018.03.08 18:44:08.382,1.38076,1.38082,1.12,2.62
2018.03.08 18:44:09.318,1.38074,1.3808,2.44,1.12
2018.03.08 18:44:13.699,1.3807,1.38075,1.50,1.50
2018.03.08 18:44:13.805,1.38068,1.38074,2.32,1.00
2018.03.08 18:44:13.862,1.38066,1.38072,1.37,1.50
2018.03.08 18:44:14.384,1.38067,1.38073,1.50,2.62
2018.03.08 18:44:15.320,1.38066,1.38073,1.69,4.12
2018.03.08 18:44:15.821,1.38066,1.3807,1.50,1.00
2018.03.08 18:44:16.366,1.38067,1.38071,1.12,1.00
2018.03.08 18:44:17.628,1.38066,1.38072,1.00,2.25
2018.03.08 18:44:17.955,1.38066,1.38071,1.00,3.37
2018.03.08 18:44:18.472,1.38066,1.38071,1.00,1.50
2018.03.08 18:44:19.023,1.38066,1.38071,1.00,2.62
2018.03.08 18:44:22.524,1.38066,1.38071,1.12,1.50
2018.03.08 18:44:25.391,1.38066,1.38073,1.12,5.06
2018.03.08 18:44:25.681,1.38068,1.38073,1.00,1.50
2018.03.08 18:44:25.937,1.38068,1.38074,1.00,1.00
2018.03.08 18:44:26.448,1.38069,1.38074,1.00,1.50
2018.03.08 18:44:27.071,1.38069,1.38074,1.00,1.12
2018.03.08 18:44:27.599,1.38069,1.38075,1.00,3.37
2018.03.08 18:44:30.716,1.38069,1.38076,1.12,3.75
2018.03.08 18:44:31.476,1.38074,1.38078,1.00,5.62
2018.03.08 18:44:31.581,1.38075,1.38078,1.00,1.12
2018.03.08 18:44:32.093,1.38075,1.38081,1.00,2.25
2018.03.08 18:44:32.147,1.38075,1.3808,1.00,1.00
2018.03.08 18:44:34.421,1.38075,1.38081,1.00,1.12
2018.03.08 18:44:35.734,1.38074,1.38081,1.12,3.00
2018.03.08 18:44:35.841,1.38069,1.38075,1.50,1.50
2018.03.08 18:44:36.045,1.38071,1.38077,1.00,1.75
2018.03.08 18:44:36.250,1.38071,1.38077,1.00,1.12
2018.03.08 18:44:37.077,1.38072,1.38077,1.00,1.00
2018.03.08 18:44:38.676,1.38072,1.3808,1.12,4.87
2018.03.08 18:44:39.629,1.3807,1.38079,3.19,5.25
2018.03.08 18:44:39.682,1.3807,1.38077,1.00,3.37
2018.03.08 18:44:39.841,1.38069,1.38076,2.81,2.62
2018.03.08 18:44:40.404,1.38069,1.38075,1.87,1.00
2018.03.08 18:44:41.618,1.38069,1.38074,1.00,1.00
2018.03.08 18:44:45.009,1.38069,1.38075,1.00,1.75
2018.03.08 18:44:47.421,1.38069,1.38073,1.00,1.00
2018.03.08 18:44:50.210,1.38069,1.38076,2.62,3.00
2018.03.08 18:44:50.262,1.38073,1.38078,1.00,1.12
2018.03.08 18:44:50.780,1.38072,1.3808,1.87,3.37
2018.03.08 18:44:51.834,1.3807,1.38076,1.87,3.37
2018.03.08 18:44:51.885,1.38069,1.38075,1.87,1.12
2018.03.08 18:44:51.937,1.38069,1.38075,1.12,3.37
2018.03.08 18:44:52.324,1.38069,1.38076,1.87,3.37
2018.03.08 18:45:00.661,1.38068,1.38076,1.12,3.37
2018.03.08 18:45:01.318,1.38067,1.38076,2.25,2.62
2018.03.08 18:45:01.641,1.38062,1.38068,1.76,1.00
2018.03.08 18:45:01.696,1.38062,1.38068,1.00,1.00
2018.03.08 18:45:01.762,1.38064,1.3807,1.00,1.00
2018.03.08 18:45:02.109,1.38066,1.38071,1.00,1.50
2018.03.08 18:45:02.612,1.38066,1.38072,1.00,1.87
2018.03.08 18:45:04.083,1.38066,1.38073,1.00,1.00
2018.03.08 18:45:05.181,1.38067,1.38075,1.00,7.12
2018.03.08 18:45:06.632,1.38067,1.38074,1.00,1.50
2018.03.08 18:45:09.694,1.38069,1.38075,1.00,2.25
2018.03.08 18:45:14.692,1.38069,1.38075,1.00,1.12
2018.03.08 18:45:15.953,1.38069,1.38076,1.00,3.75
2018.03.08 18:45:16.968,1.38069,1.38075,1.00,1.00
2018.03.08 18:45:21.617,1.38069,1.38074,1.00,1.00
2018.03.08 18:45:21.848,1.38069,1.38076,1.00,2.81
2018.03.08 18:45:22.398,1.38069,1.38075,1.00,2.62
2018.03.08 18:45:22.556,1.38067,1.38075,1.12,2.81
2018.03.08 18:45:23.602,1.38067,1.38075,1.00,3.56
2018.03.08 18:45:24.150,1.38067,1.38074,1.00,1.37
2018.03.08 18:45:24.615,1.38068,1.38075,1.00,2.62
2018.03.08 18:45:31.494,1.38068,1.38076,1.00,3.94
2018.03.08 18:45:32.698,1.38068,1.38075,1.00,1.00
2018.03.08 18:45:34.370,1.38068,1.38076,1.00,4.50
2018.03.08 18:45:34.423,1.38068,1.38076,1.00,5.62
2018.03.08 18:45:34.975,1.38067,1.38074,1.87,1.00
2018.03.08 18:45:35.520,1.38068,1.38074,1.00,1.00
2018.03.08 18:45:37.902,1.38068,1.38076,1.00,3.56
2018.03.08 18:45:39.109,1.38068,1.38076,1.00,3.37
2018.03.08 18:45:40.395,1.38068,1.38074,1.00,1.00
2018.03.08 18:45:44.555,1.38067,1.38073,1.00,1.87
2018.03.08 18:45:44.660,1.38065,1.38073,1.00,3.37
2018.03.08 18:45:45.688,1.38065,1.38073,1.87,1.00
2018.03.08 18:45:47.142,1.38066,1.38073,1.00,1.00
2018.03.08 18:45:47.645,1.38066,1.38075,3.37,3.26
2018.03.08 18:45:48.163,1.38066,1.38075,1.12,2.32
2018.03.08 18:45:49.289,1.38066,1.38073,1.12,1.12
2018.03.08 18:45:49.861,1.38066,1.38073,1.00,1.57
2018.03.08 18:45:50.524,1.38066,1.38073,1.00,1.57
2018.03.08 18:45:50.626,1.38064,1.3807,1.31,1.12
2018.03.08 18:45:51.164,1.38064,1.38071,1.12,1.12
2018.03.08 18:45:51.774,1.38065,1.38071,1.00,1.12
2018.03.08 18:45:54.813,1.38063,1.38068,1.12,1.00
2018.03.08 18:45:54.882,1.3806,1.38068,2.81,1.12
2018.03.08 18:45:55.604,1.3806,1.38068,1.31,1.95
2018.03.08 18:45:57.347,1.3806,1.38066,1.00,1.00
2018.03.08 18:46:00.724,1.3806,1.38068,1.00,1.95
2018.03.08 18:46:00.828,1.38063,1.38069,1.00,4.39
2018.03.08 18:46:00.931,1.38063,1.38071,2.25,3.07
2018.03.08 18:46:01.186,1.38062,1.38067,1.62,1.00
2018.03.08 18:46:01.289,1.38061,1.38068,1.87,1.12
2018.03.08 18:46:01.617,1.38062,1.3807,1.12,1.20
2018.03.08 18:46:01.771,1.38063,1.38071,2.06,1.20
2018.03.08 18:46:02.128,1.38066,1.38073,1.00,1.20
2018.03.08 18:46:02.462,1.38069,1.38076,1.50,1.39
2018.03.08 18:46:04.381,1.38069,1.38077,1.50,3.45
2018.03.08 18:46:08.625,1.38069,1.38076,1.00,2.70
2018.03.08 18:46:11.642,1.38069,1.38075,1.00,1.10
2018.03.08 18:46:19.627,1.38067,1.38069,1.12,1.12
2018.03.08 18:46:19.682,1.38062,1.38069,1.00,4.87
2018.03.08 18:46:19.786,1.3806,1.38069,2.06,5.70
2018.03.08 18:46:19.942,1.3806,1.38069,2.06,6.45
2018.03.08 18:46:20.652,1.3806,1.38067,1.31,1.95
2018.03.08 18:46:22.605,1.3806,1.38067,1.69,1.20
2018.03.08 18:46:23.286,1.3806,1.38067,1.69,1.57
2018.03.08 18:46:25.038,1.38064,1.38069,1.00,1.45
2018.03.08 18:46:25.175,1.38067,1.38075,1.87,3.00
2018.03.08 18:46:25.331,1.3807,1.38076,1.00,1.31
2018.03.08 18:46:27.677,1.38069,1.38076,1.00,1.12
2018.03.08 18:46:33.470,1.38069,1.38075,1.00,1.00
2018.03.08 18:46:34.102,1.38069,1.38076,1.00,4.50
2018.03.08 18:46:35.395,1.38069,1.38075,1.00,1.00
2018.03.08 18:46:36.051,1.38069,1.38076,1.00,2.06
2018.03.08 18:46:43.316,1.38069,1.38075,1.00,1.37
2018.03.08 18:46:44.409,1.38069,1.38076,1.00,1.31
2018.03.08 18:46:45.231,1.38069,1.38076,1.00,1.50
2018.03.08 18:46:45.692,1.38075,1.38079,1.00,1.62
2018.03.08 18:46:45.745,1.38076,1.38079,1.00,1.00
2018.03.08 18:46:46.135,1.38076,1.38081,1.00,1.12
2018.03.08 18:46:46.665,1.38077,1.3808,1.00,1.00
2018.03.08 18:46:46.717,1.38077,1.38085,1.12,3.37
2018.03.08 18:46:47.436,1.38077,1.38085,1.50,2.25
2018.03.08 18:46:48.672,1.38077,1.38085,1.50,1.87
2018.03.08 18:46:49.214,1.38078,1.38085,1.00,2.25
2018.03.08 18:46:55.517,1.38078,1.38085,1.00,3.19
2018.03.08 18:46:56.086,1.38078,1.38085,1.00,3.75
2018.03.08 18:46:56.549,1.38077,1.38084,1.00,3.19
2018.03.08 18:46:58.017,1.38077,1.38084,1.00,1.00
2018.03.08 18:47:01.451,1.38077,1.38085,1.12,3.56
2018.03.08 18:47:04.985,1.38078,1.38085,1.00,1.50
2018.03.08 18:47:05.297,1.3808,1.38086,1.00,1.00
2018.03.08 18:47:07.361,1.38081,1.38086,1.00,1.00
2018.03.08 18:47:08.494,1.38079,1.38086,1.00,1.00
2018.03.08 18:47:09.923,1.38083,1.3809,1.00,2.14
2018.03.08 18:47:09.975,1.38083,1.3809,1.50,1.76
2018.03.08 18:47:10.125,1.38085,1.38092,1.00,1.69
2018.03.08 18:47:10.904,1.38085,1.38091,1.00,1.00
2018.03.08 18:47:12.078,1.38084,1.38091,1.12,1.00
2018.03.08 18:47:12.284,1.38081,1.38089,1.12,2.06
2018.03.08 18:47:13.387,1.38082,1.38089,1.00,2.06
2018.03.08 18:47:13.879,1.38085,1.38092,1.00,1.01
2018.03.08 18:47:15.036,1.38086,1.38091,1.00,1.25
2018.03.08 18:47:15.261,1.3808,1.38088,1.27,6.00
2018.03.08 18:47:17.626,1.3808,1.38087,1.12,2.44
2018.03.08 18:47:18.918,1.3808,1.38087,1.12,4.12
2018.03.08 18:47:21.527,1.38078,1.38087,1.37,4.87
2018.03.08 18:47:22.651,1.38078,1.38085,1.37,1.00
2018.03.08 18:47:23.220,1.38078,1.38086,1.00,2.25
2018.03.08 18:47:24.448,1.38079,1.38086,1.00,3.00
2018.03.08 18:47:25.126,1.38078,1.38085,1.00,1.25
2018.03.08 18:47:28.143,1.38075,1.38081,1.69,1.00
2018.03.08 18:47:29.266,1.38073,1.38079,1.20,1.37
2018.03.08 18:47:31.973,1.38073,1.38079,1.00,1.12
2018.03.08 18:47:32.780,1.38072,1.38078,1.00,4.87
2018.03.08 18:47:34.276,1.38069,1.38076,2.44,2.62
2018.03.08 18:47:34.797,1.38069,1.38075,1.50,1.00
2018.03.08 18:47:35.321,1.38069,1.38075,1.00,1.00
2018.03.08 18:47:35.827,1.38068,1.38075,2.81,1.00
2018.03.08 18:47:36.332,1.38069,1.38075,1.25,1.00
2018.03.08 18:47:37.746,1.38068,1.38075,1.87,1.00
2018.03.08 18:47:40.373,1.38068,1.38076,1.87,1.69
2018.03.08 18:47:42.581,1.38068,1.38075,1.00,1.62
2018.03.08 18:47:43.099,1.38067,1.38073,1.00,1.00
2018.03.08 18:47:43.494,1.38067,1.3807,1.00,1.00
2018.03.08 18:47:43.550,1.38063,1.38069,1.95,1.00
2018.03.08 18:47:43.623,1.38061,1.38067,1.12,1.00
2018.03.08 18:47:44.217,1.38061,1.38069,1.12,2.25
2018.03.08 18:47:44.770,1.38065,1.38072,1.00,1.50
2018.03.08 18:47:45.194,1.38064,1.38072,1.10,4.50
2018.03.08 18:47:45.246,1.38065,1.38072,1.00,1.50
2018.03.08 18:47:45.299,1.38064,1.38071,1.00,1.87
2018.03.08 18:47:45.661,1.38065,1.38073,1.00,1.12
2018.03.08 18:47:46.197,1.38066,1.38074,1.00,1.50
2018.03.08 18:47:46.777,1.38066,1.38074,1.00,1.50
2018.03.08 18:47:47.183,1.38065,1.38071,1.31,1.00
2018.03.08 18:47:47.286,1.38063,1.3807,1.00,1.00
2018.03.08 18:47:47.389,1.38065,1.38072,1.50,1.12
2018.03.08 18:47:48.417,1.38065,1.38073,1.50,2.25
2018.03.08 18:47:48.738,1.38067,1.38075,1.00,2.06
2018.03.08 18:47:49.237,1.38067,1.38075,1.00,1.00
2018.03.08 18:47:50.305,1.38068,1.38075,1.00,1.87
2018.03.08 18:47:51.320,1.38067,1.38075,1.00,1.31
2018.03.08 18:47:51.429,1.38072,1.38076,1.00,2.81
2018.03.08 18:47:51.583,1.38071,1.38079,2.62,1.01
2018.03.08 18:47:52.226,1.38071,1.38079,1.37,1.00
2018.03.08 18:47:52.532,1.38071,1.38079,1.87,1.87
2018.03.08 18:47:53.600,1.38071,1.3808,1.37,3.37
2018.03.08 18:47:54.119,1.38071,1.38079,1.37,1.00
2018.03.08 18:47:54.641,1.38071,1.38079,1.00,1.00
2018.03.08 18:47:54.961,1.38074,1.38081,1.00,2.44
2018.03.08 18:47:55.268,1.38072,1.38079,1.00,1.37
2018.03.08 18:47:55.815,1.38072,1.38079,1.00,1.87
2018.03.08 18:47:56.678,1.38074,1.38081,1.00,1.62
2018.03.08 18:47:56.782,1.38074,1.38084,2.62,7.39
2018.03.08 18:47:56.938,1.38077,1.38085,2.25,1.00
2018.03.08 18:47:57.265,1.38085,1.38092,1.00,1.31
2018.03.08 18:47:57.812,1.38084,1.38091,1.12,1.00
2018.03.08 18:47:58.128,1.38086,1.38091,1.00,1.00
2018.03.08 18:47:58.287,1.38082,1.3809,3.56,1.00
2018.03.08 18:47:59.268,1.38082,1.3809,1.00,1.50
2018.03.08 18:47:59.660,1.3808,1.38088,3.56,1.12
2018.03.08 18:48:00.177,1.3808,1.38089,1.87,5.06
2018.03.08 18:48:00.334,1.38081,1.3809,1.25,1.00
2018.03.08 18:48:00.453,1.38083,1.38091,1.00,1.25
2018.03.08 18:48:00.764,1.38085,1.38093,1.12,1.12
2018.03.08 18:48:01.592,1.38085,1.38092,2.25,1.12
2018.03.08 18:48:02.760,1.38083,1.38092,1.69,1.50
2018.03.08 18:48:03.633,1.38083,1.38092,1.00,2.06
2018.03.08 18:48:05.766,1.38082,1.38091,2.25,3.19
2018.03.08 18:48:05.920,1.38081,1.38088,1.00,1.12
2018.03.08 18:48:06.496,1.3808,1.38088,1.12,1.12
2018.03.08 18:48:07.002,1.3808,1.38088,1.12,1.50
2018.03.08 18:48:12.874,1.3808,1.38088,1.12,1.25
2018.03.08 18:48:15.761,1.38081,1.38089,1.31,1.12
2018.03.08 18:48:16.379,1.38081,1.3809,2.81,2.06
2018.03.08 18:48:16.983,1.3808,1.38088,3.19,1.00
2018.03.08 18:48:17.618,1.3808,1.38088,3.00,2.25
2018.03.08 18:48:19.846,1.38083,1.38089,1.50,1.69
2018.03.08 18:48:20.374,1.38082,1.38089,1.12,1.00
2018.03.08 18:48:22.240,1.38083,1.3809,1.00,1.00
2018.03.08 18:48:22.650,1.38086,1.38093,1.50,1.00
2018.03.08 18:48:23.228,1.38086,1.38094,1.50,1.50
2018.03.08 18:48:23.778,1.38087,1.38094,1.00,1.12
2018.03.08 18:48:24.631,1.38086,1.38094,2.62,1.12
2018.03.08 18:48:26.706,1.38086,1.38095,1.50,2.62
2018.03.08 18:48:28.065,1.38088,1.38095,1.00,2.62
2018.03.08 18:48:28.592,1.38088,1.38097,1.00,2.44
2018.03.08 18:48:29.165,1.38088,1.38096,1.12,1.00
2018.03.08 18:48:29.992,1.38089,1.38096,1.00,1.00
2018.03.08 18:48:36.566,1.38088,1.38096,2.25,1.87
2018.03.08 18:48:39.731,1.38086,1.38095,2.81,1.00
2018.03.08 18:48:40.042,1.38086,1.38093,2.06,2.62
2018.03.08 18:48:40.150,1.38084,1.38089,1.00,1.00
2018.03.08 18:48:40.255,1.38082,1.3809,1.12,4.12
2018.03.08 18:48:41.460,1.3808,1.38088,1.87,1.00
2018.03.08 18:48:42.412,1.3808,1.38088,1.50,1.00
2018.03.08 18:48:43.989,1.38083,1.38088,1.00,1.50
2018.03.08 18:48:44.533,1.38082,1.3809,1.12,1.87
2018.03.08 18:48:45.041,1.38082,1.3809,1.87,1.87
2018.03.08 18:48:45.552,1.38081,1.38089,2.06,1.50
2018.03.08 18:48:50.275,1.38081,1.38088,1.00,1.12
2018.03.08 18:48:51.267,1.38081,1.3809,1.00,5.44
2018.03.08 18:48:52.115,1.38081,1.38089,1.00,1.50
2018.03.08 18:48:52.624,1.38082,1.3809,1.87,2.25
2018.03.08 18:48:54.321,1.38083,1.3809,1.00,1.00
2018.03.08 18:48:54.427,1.38083,1.38093,2.81,4.31
2018.03.08 18:48:54.532,1.38085,1.38093,1.00,2.25
2018.03.08 18:48:56.136,1.38085,1.38093,3.00,1.00
2018.03.08 18:48:56.189,1.38085,1.38095,3.00,3.75
2018.03.08 18:48:56.299,1.38087,1.38095,1.00,1.87
2018.03.08 18:48:56.815,1.38088,1.38096,1.00,1.56
2018.03.08 18:48:57.327,1.38087,1.38095,1.87,1.50
2018.03.08 18:48:58.076,1.38088,1.38095,1.00,1.00
2018.03.08 18:48:58.737,1.38087,1.38096,1.50,1.12
2018.03.08 18:48:59.527,1.38087,1.38095,1.87,1.00
2018.03.08 18:49:00.032,1.38087,1.38096,1.87,1.69
2018.03.08 18:49:00.696,1.38087,1.38095,1.87,1.00
2018.03.08 18:49:01.728,1.38088,1.38097,1.00,3.56
2018.03.08 18:49:02.791,1.38088,1.38097,1.87,3.75
2018.03.08 18:49:03.323,1.38088,1.38097,1.87,1.25
2018.03.08 18:49:06.647,1.38088,1.38097,1.87,1.69
2018.03.08 18:49:07.172,1.38088,1.38095,1.12,1.25
2018.03.08 18:49:10.328,1.38089,1.38097,1.00,2.44
2018.03.08 18:49:11.321,1.38089,1.38097,1.00,2.44
2018.03.08 18:49:11.837,1.38088,1.38096,1.50,1.00
2018.03.08 18:49:12.538,1.38088,1.38096,1.50,2.25
2018.03.08 18:49:13.075,1.38087,1.38095,1.50,1.12
2018.03.08 18:49:17.089,1.38087,1.38096,1.87,1.69
2018.03.08 18:49:17.653,1.38087,1.38096,1.87,1.69
2018.03.08 18:49:18.734,1.38087,1.38096,2.25,2.06
2018.03.08 18:49:19.719,1.38088,1.38097,1.50,2.44
2018.03.08 18:49:19.771,1.38089,1.38097,1.12,1.00
2018.03.08 18:49:20.224,1.38092,1.381,1.12,1.81
2018.03.08 18:49:20.277,1.38092,1.38101,2.06,1.20
2018.03.08 18:49:20.329,1.38094,1.38101,1.00,1.12
2018.03.08 18:49:20.937,1.38095,1.38103,1.69,1.62
2018.03.08 18:49:21.258,1.381,1.38107,1.00,2.81
2018.03.08 18:49:21.362,1.38098,1.38107,1.87,1.50
2018.03.08 18:49:21.879,1.381,1.38108,1.87,1.12
2018.03.08 18:49:22.426,1.38101,1.38108,1.00,1.00
2018.03.08 18:49:23.039,1.381,1.38108,1.50,1.50
2018.03.08 18:49:23.711,1.381,1.38107,1.00,1.00
2018.03.08 18:49:23.814,1.38099,1.38107,1.12,2.06
2018.03.08 18:49:24.348,1.38097,1.38106,3.56,1.87
2018.03.08 18:49:29.806,1.38097,1.38106,1.69,2.44
2018.03.08 18:49:30.327,1.38097,1.38106,1.87,2.44
2018.03.08 18:49:33.868,1.38097,1.38106,1.87,2.06
2018.03.08 18:49:37.326,1.38094,1.38099,1.47,1.00
2018.03.08 18:49:37.378,1.38093,1.381,1.00,3.37
2018.03.08 18:49:37.921,1.38092,1.38099,1.00,2.25
2018.03.08 18:49:37.974,1.38092,1.38099,1.00,1.50
2018.03.08 18:49:38.844,1.38091,1.38098,1.87,1.37
2018.03.08 18:49:39.392,1.3809,1.38097,1.87,1.69
2018.03.08 18:49:40.891,1.3809,1.38097,1.00,1.50
2018.03.08 18:49:41.444,1.38089,1.38097,1.12,1.50
2018.03.08 18:49:42.039,1.3809,1.38098,1.00,3.00
2018.03.08 18:49:42.509,1.38089,1.38098,1.87,3.00
2018.03.08 18:49:43.050,1.3809,1.38097,1.12,1.69
2018.03.08 18:49:43.588,1.38089,1.38095,1.12,1.12
2018.03.08 18:49:44.339,1.38088,1.38097,1.87,2.44
2018.03.08 18:49:45.049,1.38089,1.38097,1.00,3.19
2018.03.08 18:49:45.600,1.38089,1.38097,2.25,1.69
2018.03.08 18:49:46.264,1.38089,1.38096,1.00,1.25
2018.03.08 18:49:46.976,1.38089,1.38097,1.00,1.00
2018.03.08 18:49:49.823,1.38088,1.38097,1.87,1.69
2018.03.08 18:49:50.405,1.38088,1.38096,1.87,1.00
2018.03.08 18:49:55.581,1.38089,1.38097,1.00,1.87
2018.03.08 18:49:56.160,1.38089,1.38098,1.50,2.06
2018.03.08 18:49:56.704,1.38089,1.38097,1.12,1.87
2018.03.08 18:50:03.636,1.38089,1.38095,1.00,1.00
2018.03.08 18:50:04.288,1.38089,1.38096,1.00,1.25
2018.03.08 18:50:10.310,1.38087,1.38095,1.31,1.87
2018.03.08 18:50:10.363,1.38085,1.3809,1.00,2.25
2018.03.08 18:50:10.416,1.38083,1.3809,2.25,1.00
2018.03.08 18:50:10.470,1.38086,1.38094,1.12,2.44
2018.03.08 18:50:10.810,1.38083,1.3809,1.25,1.00
2018.03.08 18:50:10.913,1.3808,1.38089,2.06,1.69
2018.03.08 18:50:11.456,1.3808,1.38088,2.06,1.12
2018.03.08 18:50:11.805,1.38085,1.38091,1.00,1.00
2018.03.08 18:50:11.909,1.38085,1.38093,1.31,1.12
2018.03.08 18:50:11.961,1.38087,1.38096,1.50,1.76
2018.03.08 18:50:12.509,1.38089,1.38096,1.00,2.44
2018.03.08 18:50:13.937,1.38089,1.38094,1.00,1.00
2018.03.08 18:50:14.470,1.38089,1.38095,1.00,1.12
2018.03.08 18:50:15.368,1.38089,1.38096,1.00,1.50
2018.03.08 18:50:19.314,1.38089,1.38097,3.37,2.25
2018.03.08 18:50:23.661,1.38089,1.38098,1.50,1.87
2018.03.08 18:50:25.383,1.38095,1.38101,1.00,1.12
2018.03.08 18:50:25.515,1.38096,1.38103,1.50,1.00
2018.03.08 18:50:26.886,1.38096,1.38104,1.50,2.62
2018.03.08 18:50:28.180,1.38098,1.38105,1.12,1.37
2018.03.08 18:50:28.706,1.38098,1.38105,1.12,1.69
2018.03.08 18:50:32.928,1.38099,1.38106,1.00,1.87
2018.03.08 18:50:34.425,1.38098,1.38105,1.12,1.50
2018.03.08 18:50:34.656,1.38096,1.38104,1.00,2.06
2018.03.08 18:50:35.273,1.38095,1.38104,1.87,2.62
2018.03.08 18:50:35.796,1.38095,1.38104,1.87,2.44
2018.03.08 18:50:35.900,1.38094,1.38101,2.25,1.00
2018.03.08 18:50:36.230,1.38093,1.38101,1.00,3.75
2018.03.08 18:50:37.441,1.3809,1.38099,1.95,2.06
2018.03.08 18:50:38.420,1.38091,1.38098,1.37,1.12
2018.03.08 18:50:40.770,1.38091,1.38098,1.00,1.12
2018.03.08 18:50:42.961,1.38091,1.38097,1.00,1.00
2018.03.08 18:50:43.815,1.38089,1.38096,1.37,1.00
2018.03.08 18:50:44.523,1.38089,1.38096,1.37,1.00
2018.03.08 18:50:45.242,1.38089,1.38096,1.00,1.00
2018.03.08 18:50:48.381,1.38087,1.38095,1.00,1.62
2018.03.08 18:50:48.487,1.38084,1.38094,1.87,3.75
2018.03.08 18:50:48.939,1.38085,1.38094,1.69,1.12
2018.03.08 18:50:50.346,1.38087,1.38095,1.00,1.37
2018.03.08 18:50:50.924,1.38087,1.38095,1.50,2.25
2018.03.08 18:50:51.732,1.38086,1.38095,1.69,3.37
2018.03.08 18:50:52.589,1.38086,1.38095,1.00,3.19
2018.03.08 18:50:53.165,1.38088,1.38095,1.00,1.25
2018.03.08 18:50:53.708,1.38086,1.38096,1.87,4.12
2018.03.08 18:50:54.358,1.38087,1.38096,3.75,2.44
2018.03.08 18:50:54.918,1.38088,1.38096,1.50,1.87
2018.03.08 18:50:57.069,1.38087,1.38096,2.25,1.31
2018.03.08 18:50:59.610,1.38087,1.38095,2.25,1.00
2018.03.08 18:51:00.632,1.38087,1.38096,2.25,1.87
2018.03.08 18:51:01.175,1.38087,1.38096,1.50,2.06
2018.03.08 18:51:02.772,1.38088,1.38095,1.12,1.00
2018.03.08 18:51:03.416,1.38088,1.38096,1.12,3.00
2018.03.08 18:51:05.102,1.38087,1.38095,1.87,1.12
2018.03.08 18:51:05.643,1.38087,1.38095,1.87,1.12
2018.03.08 18:51:06.553,1.38084,1.38093,1.95,1.12
2018.03.08 18:51:07.080,1.38086,1.38094,1.12,3.56
2018.03.08 18:51:07.794,1.38086,1.38094,1.00,3.56
2018.03.08 18:51:07.898,1.38084,1.38093,2.44,1.00
2018.03.08 18:51:08.399,1.38084,1.38092,2.44,1.00
2018.03.08 18:51:08.905,1.38084,1.38093,2.44,1.12
2018.03.08 18:51:09.729,1.38084,1.38092,2.25,1.00
2018.03.08 18:51:10.238,1.38084,1.38092,2.25,1.00
2018.03.08 18:51:11.612,1.38086,1.38092,1.00,1.00
2018.03.08 18:51:12.140,1.38086,1.38094,1.00,3.37
2018.03.08 18:51:13.131,1.38085,1.38093,1.31,2.62
2018.03.08 18:51:13.648,1.38084,1.38092,2.62,1.00
2018.03.08 18:51:14.761,1.38084,1.38094,2.81,1.87
2018.03.08 18:51:15.300,1.38086,1.38094,1.00,4.12
2018.03.08 18:51:17.020,1.38085,1.38095,4.69,2.81
2018.03.08 18:51:17.329,1.38088,1.38094,1.00,1.37
2018.03.08 18:51:18.011,1.38086,1.38096,2.44,5.06
2018.03.08 18:51:18.522,1.38086,1.38095,2.25,1.37
2018.03.08 18:51:18.679,1.38087,1.38096,1.50,3.37
2018.03.08 18:51:19.596,1.38087,1.38096,1.50,2.25
2018.03.08 18:51:20.164,1.38088,1.38096,1.00,1.12
2018.03.08 18:51:23.081,1.38088,1.38097,1.12,2.81
2018.03.08 18:51:23.787,1.38088,1.38097,1.12,3.19
2018.03.08 18:51:25.557,1.38089,1.38096,1.00,2.25
2018.03.08 18:51:25.820,1.38086,1.38095,2.81,1.12
2018.03.08 18:51:26.182,1.38086,1.38095,1.37,2.06
2018.03.08 18:51:27.638,1.38086,1.38095,2.44,2.25
2018.03.08 18:51:29.482,1.38086,1.38094,2.25,1.00
2018.03.08 18:51:32.179,1.38088,1.38094,1.00,1.00
2018.03.08 18:51:32.834,1.38087,1.38094,1.12,1.00
2018.03.08 18:51:34.664,1.38087,1.38094,1.87,1.00
2018.03.08 18:51:34.986,1.38086,1.38094,1.31,1.00
2018.03.08 18:51:35.530,1.38086,1.38093,1.31,1.00
2018.03.08 18:51:36.366,1.38086,1.38094,1.12,1.00
2018.03.08 18:51:36.467,1.38086,1.38092,1.12,1.31
2018.03.08 18:51:36.522,1.3808,1.38089,1.87,2.25
2018.03.08 18:51:37.603,1.3808,1.38088,1.87,1.00
2018.03.08 18:51:38.466,1.38079,1.38087,1.50,1.00
2018.03.08 18:51:38.987,1.38078,1.38086,1.87,1.10
2018.03.08 18:51:43.789,1.38079,1.38087,1.62,2.70
2018.03.08 18:51:44.485,1.3808,1.38088,1.12,3.26
2018.03.08 18:51:45.594,1.3808,1.38087,1.12,1.20
2018.03.08 18:51:51.800,1.3808,1.38087,1.00,1.07
2018.03.08 18:51:52.406,1.3808,1.38087,1.00,1.20
2018.03.08 18:51:53.107,1.3808,1.38087,1.00,1.95
2018.03.08 18:51:54.680,1.38079,1.38086,1.00,1.45
2018.03.08 18:51:55.217,1.38077,1.38086,2.44,1.95
2018.03.08 18:51:56.380,1.38079,1.38087,1.50,2.70
2018.03.08 18:51:57.002,1.38079,1.38086,1.50,1.20
2018.03.08 18:51:57.225,1.38076,1.38084,1.62,1.95
2018.03.08 18:51:57.279,1.38076,1.38084,1.12,1.47
2018.03.08 18:51:57.539,1.38073,1.38079,1.69,1.87
2018.03.08 18:51:57.591,1.3807,1.38078,1.50,2.51
2018.03.08 18:51:57.973,1.38068,1.38076,1.50,1.76
2018.03.08 18:51:58.089,1.38068,1.38076,1.50,1.31
2018.03.08 18:51:58.487,1.38067,1.38075,1.50,1.12
2018.03.08 18:51:59.129,1.38067,1.38076,1.69,3.00
2018.03.08 18:52:00.414,1.38068,1.38075,1.00,1.57
2018.03.08 18:52:01.008,1.38067,1.38075,2.06,1.10
2018.03.08 18:52:01.949,1.38067,1.38075,1.37,1.10
2018.03.08 18:52:02.638,1.38067,1.38075,2.06,1.07
2018.03.08 18:52:03.101,1.38066,1.3807,1.25,1.12
2018.03.08 18:52:03.156,1.3806,1.38069,2.62,2.70
2018.03.08 18:52:03.259,1.3806,1.38069,1.37,3.26
2018.03.08 18:52:03.804,1.3806,1.38067,1.37,3.07
2018.03.08 18:52:10.270,1.38059,1.38067,2.25,3.45
2018.03.08 18:52:13.242,1.38059,1.38068,1.69,1.20
2018.03.08 18:52:14.251,1.38059,1.38067,1.69,1.45
2018.03.08 18:52:14.827,1.38059,1.38068,1.69,2.32
2018.03.08 18:52:15.775,1.38059,1.38068,1.69,2.70
2018.03.08 18:52:16.289,1.38059,1.38068,1.69,1.45
2018.03.08 18:52:17.011,1.38059,1.38067,1.12,1.00
2018.03.08 18:52:17.544,1.38059,1.38068,1.12,3.00
2018.03.08 18:52:18.983,1.38059,1.38068,1.12,1.87
2018.03.08 18:52:20.612,1.38059,1.38067,1.12,1.37
2018.03.08 18:52:22.314,1.38059,1.38068,1.12,1.87
2018.03.08 18:52:22.571,1.38064,1.3807,1.50,2.06
2018.03.08 18:52:22.623,1.38064,1.38072,1.00,3.45
2018.03.08 18:52:22.763,1.38066,1.38073,1.00,1.50
2018.03.08 18:52:23.296,1.38066,1.38074,1.00,2.25
2018.03.08 18:52:24.697,1.38066,1.38073,1.00,1.00
2018.03.08 18:52:25.063,1.38065,1.38072,1.12,3.37
2018.03.08 18:52:25.377,1.3806,1.3807,3.07,4.87
2018.03.08 18:52:25.982,1.38064,1.38072,3.00,2.81
2018.03.08 18:52:27.895,1.38066,1.38071,1.00,1.00
2018.03.08 18:52:27.947,1.38066,1.38073,1.00,1.50
2018.03.08 18:52:28.493,1.38066,1.38074,1.37,2.81
2018.03.08 18:52:29.287,1.38065,1.38074,1.87,1.87
2018.03.08 18:52:30.006,1.38067,1.38074,1.00,1.50
2018.03.08 18:52:31.677,1.38066,1.38074,1.12,1.50
2018.03.08 18:52:32.201,1.38067,1.38074,1.00,1.50
2018.03.08 18:52:33.397,1.38066,1.38074,1.12,1.50
2018.03.08 18:52:33.958,1.38067,1.38074,1.00,1.50
2018.03.08 18:52:34.693,1.38067,1.38075,1.00,3.56
2018.03.08 18:52:35.238,1.38067,1.38074,2.25,1.00
2018.03.08 18:52:35.991,1.38067,1.38075,2.06,2.62
2018.03.08 18:52:36.613,1.38067,1.38074,1.12,1.00
2018.03.08 18:52:37.147,1.38067,1.38075,1.12,2.62
2018.03.08 18:52:37.933,1.38067,1.38074,2.06,1.00
2018.03.08 18:52:38.452,1.38067,1.38075,2.25,2.62
2018.03.08 18:52:40.108,1.38067,1.38074,1.50,1.00
2018.03.08 18:52:40.624,1.38067,1.38075,2.06,2.44
2018.03.08 18:52:41.170,1.38066,1.38074,1.00,1.00
2018.03.08 18:52:41.795,1.38066,1.38075,1.00,3.56
2018.03.08 18:52:42.316,1.38065,1.38074,1.87,1.25
2018.03.08 18:52:43.071,1.38063,1.38068,5.89,1.00
2018.03.08 18:52:43.123,1.38059,1.38067,3.19,1.50
2018.03.08 18:52:43.642,1.38058,1.38066,1.87,2.44
2018.03.08 18:52:49.174,1.38059,1.38066,1.50,1.00
2018.03.08 18:52:58.064,1.38059,1.38067,3.19,2.25
2018.03.08 18:52:58.592,1.3806,1.38067,1.00,1.25
2018.03.08 18:52:59.273,1.38058,1.38067,2.44,1.69
2018.03.08 18:52:59.532,1.38057,1.38066,2.25,1.69
2018.03.08 18:52:59.998,1.38058,1.38067,1.50,2.81
2018.03.08 18:53:00.501,1.38058,1.38066,1.69,1.12
2018.03.08 18:53:01.042,1.38064,1.3807,1.00,4.20
2018.03.08 18:53:01.183,1.38064,1.3807,1.12,1.00
2018.03.08 18:53:01.624,1.38062,1.3807,1.12,1.00
2018.03.08 18:53:02.005,1.3806,1.38068,1.69,1.12
2018.03.08 18:53:02.523,1.38059,1.38067,1.50,1.00
2018.03.08 18:53:04.214,1.38059,1.38067,1.00,1.69
2018.03.08 18:53:04.748,1.38059,1.38067,1.00,1.50
2018.03.08 18:53:09.484,1.38059,1.38068,1.50,2.62
2018.03.08 18:53:09.799,1.38047,1.38055,1.82,1.00
2018.03.08 18:53:09.905,1.38046,1.38056,1.47,1.94
2018.03.08 18:53:11.167,1.38048,1.38056,1.00,1.62
2018.03.08 18:53:11.791,1.38049,1.38057,1.00,1.87
2018.03.08 18:53:11.894,1.38049,1.38059,1.12,3.94
2018.03.08 18:53:11.998,1.38052,1.38059,1.00,1.00
2018.03.08 18:53:12.204,1.38049,1.38057,2.25,1.00
2018.03.08 18:53:12.622,1.38054,1.38059,1.00,1.00
2018.03.08 18:53:12.725,1.38054,1.38063,1.69,1.37
2018.03.08 18:53:12.828,1.38055,1.38063,1.37,1.12
2018.03.08 18:53:13.383,1.38057,1.38063,1.00,1.12
2018.03.08 18:53:13.999,1.38057,1.38064,1.00,1.50
2018.03.08 18:53:16.635,1.38058,1.38067,1.50,3.19
2018.03.08 18:53:17.351,1.38058,1.38066,1.12,1.37
2018.03.08 18:53:17.608,1.38063,1.38071,1.00,1.69
2018.03.08 18:53:17.814,1.38065,1.38071,1.00,1.00
2018.03.08 18:53:18.339,1.38064,1.38071,1.50,1.50
2018.03.08 18:53:18.850,1.38064,1.38071,1.50,1.00
2018.03.08 18:53:19.372,1.38064,1.38072,2.81,1.12
2018.03.08 18:53:20.136,1.38065,1.38072,1.00,1.12
2018.03.08 18:53:20.549,1.38068,1.38075,1.00,2.32
2018.03.08 18:53:20.655,1.38073,1.38079,2.62,1.69
2018.03.08 18:53:20.708,1.38074,1.38081,1.00,1.57
2018.03.08 18:53:20.864,1.38074,1.38083,2.44,1.12
2018.03.08 18:53:21.024,1.38071,1.38079,3.26,1.00
2018.03.08 18:53:21.075,1.38071,1.3808,1.69,2.81
2018.03.08 18:53:21.318,1.38074,1.38081,3.75,1.00
2018.03.08 18:53:21.628,1.38075,1.38084,1.12,4.31
2018.03.08 18:53:22.133,1.38075,1.38084,1.12,3.00
2018.03.08 18:53:22.683,1.38075,1.38084,1.12,2.81
2018.03.08 18:53:23.203,1.38075,1.38084,1.12,3.19
2018.03.08 18:53:24.221,1.38072,1.38079,1.01,1.00
2018.03.08 18:53:24.273,1.3807,1.38078,2.06,1.00
2018.03.08 18:53:24.327,1.3807,1.38077,3.56,1.50
2018.03.08 18:53:24.429,1.38071,1.38079,2.44,1.31
2018.03.08 18:53:24.971,1.38071,1.3808,1.76,3.00
2018.03.08 18:53:25.076,1.38072,1.3808,4.87,1.12
2018.03.08 18:53:25.128,1.38074,1.38082,1.12,1.12
2018.03.08 18:53:25.610,1.38072,1.3808,2.32,1.50
2018.03.08 18:53:25.757,1.38071,1.38079,2.06,1.31
2018.03.08 18:53:26.171,1.38069,1.38077,3.07,1.00
2018.03.08 18:53:26.786,1.38071,1.38078,1.00,1.00
2018.03.08 18:53:27.694,1.3807,1.38079,1.50,1.50
2018.03.08 18:53:28.005,1.38068,1.38078,2.44,3.00
2018.03.08 18:53:28.652,1.38068,1.38077,1.31,2.06
2018.03.08 18:53:29.048,1.38071,1.3808,1.00,1.76
2018.03.08 18:53:29.255,1.38073,1.38081,1.12,1.50
2018.03.08 18:53:29.361,1.38073,1.38083,5.62,1.50
2018.03.08 18:53:29.414,1.38074,1.38084,2.25,1.00
2018.03.08 18:53:29.726,1.38071,1.38079,1.76,1.50
2018.03.08 18:53:29.960,1.38067,1.38074,1.12,1.00
2018.03.08 18:53:31.027,1.38067,1.38075,1.00,1.31
2018.03.08 18:53:31.532,1.38067,1.38074,1.00,1.00
2018.03.08 18:53:32.079,1.38067,1.38076,1.00,3.37
2018.03.08 18:53:32.975,1.38067,1.38074,1.12,1.12
2018.03.08 18:53:33.587,1.38067,1.38076,1.87,2.23
2018.03.08 18:53:34.523,1.38067,1.38075,1.50,1.50
2018.03.08 18:53:35.058,1.38067,1.38075,1.50,1.12
2018.03.08 18:53:35.712,1.38069,1.38076,1.00,1.87
2018.03.08 18:53:36.968,1.38067,1.38075,1.00,1.00
2018.03.08 18:53:38.071,1.38066,1.38075,1.50,1.87
2018.03.08 18:53:38.583,1.38067,1.38075,1.00,1.87
2018.03.08 18:53:40.473,1.38067,1.38074,1.12,1.00
2018.03.08 18:53:40.976,1.38067,1.38075,1.00,1.69
2018.03.08 18:53:41.645,1.38067,1.38075,1.00,1.37
2018.03.08 18:53:42.666,1.38066,1.38075,2.62,2.06
2018.03.08 18:53:43.980,1.38065,1.38073,2.25,1.00
2018.03.08 18:53:44.531,1.38066,1.38075,1.12,3.19
2018.03.08 18:53:46.103,1.38064,1.3807,1.00,3.00
2018.03.08 18:53:46.156,1.38061,1.3807,1.20,2.06
2018.03.08 18:53:47.265,1.38063,1.38072,2.77,1.95
2018.03.08 18:53:47.319,1.38063,1.38072,2.40,1.50
2018.03.08 18:53:47.424,1.38066,1.38073,1.00,1.00
2018.03.08 18:53:47.633,1.38061,1.3807,1.12,2.25
2018.03.08 18:53:47.686,1.38061,1.38068,1.12,1.00
2018.03.08 18:53:48.500,1.38062,1.3807,1.37,2.81
2018.03.08 18:53:48.819,1.3806,1.38066,1.00,1.00
2018.03.08 18:53:49.493,1.3806,1.38067,1.00,1.87
2018.03.08 18:53:51.191,1.38063,1.3807,1.87,1.56
2018.03.08 18:53:51.295,1.38063,1.38071,1.87,1.00
2018.03.08 18:53:52.032,1.38064,1.38072,2.25,1.00
2018.03.08 18:53:52.190,1.38063,1.38068,1.56,1.00
2018.03.08 18:53:52.244,1.38061,1.38068,1.25,1.50
2018.03.08 18:53:52.802,1.38062,1.38068,1.00,1.50
2018.03.08 18:53:53.322,1.38061,1.38068,1.25,1.87
2018.03.08 18:53:54.127,1.3806,1.38068,2.44,2.06
2018.03.08 18:53:54.677,1.38061,1.38067,1.25,1.00
2018.03.08 18:53:55.510,1.38061,1.38068,2.44,1.00
2018.03.08 18:53:55.561,1.38063,1.3807,1.00,1.25
2018.03.08 18:53:55.612,1.38065,1.38073,1.00,1.10
2018.03.08 18:53:55.664,1.38066,1.38075,1.37,1.95
2018.03.08 18:53:55.715,1.38066,1.38075,1.00,2.06
2018.03.08 18:53:56.222,1.38065,1.38074,1.31,2.62
2018.03.08 18:53:56.329,1.38064,1.38072,1.31,1.87
2018.03.08 18:53:56.381,1.38064,1.38071,1.12,1.00
2018.03.08 18:53:56.591,1.38061,1.38071,3.75,3.19
2018.03.08 18:53:56.797,1.38064,1.3807,1.00,1.00
2018.03.08 18:53:57.184,1.38062,1.38071,2.25,1.87
2018.03.08 18:53:57.238,1.38064,1.38072,1.87,1.25
2018.03.08 18:53:57.552,1.38065,1.38073,1.50,1.12
2018.03.08 18:53:57.865,1.38065,1.38072,1.50,1.50
2018.03.08 18:53:57.918,1.38063,1.3807,1.10,1.00
2018.03.08 18:53:58.075,1.38061,1.38068,1.25,1.12
2018.03.08 18:53:58.616,1.38062,1.38068,1.00,1.12
2018.03.08 18:53:59.109,1.3806,1.3807,1.87,3.56
2018.03.08 18:53:59.618,1.3806,1.3807,4.50,3.75
2018.03.08 18:54:00.164,1.3806,1.3807,3.75,3.37
2018.03.08 18:54:02.528,1.3806,1.38069,4.39,1.00
2018.03.08 18:54:02.853,1.3806,1.38067,1.50,1.12
2018.03.08 18:54:03.110,1.3806,1.38069,1.12,2.25
2018.03.08 18:54:05.055,1.3806,1.38069,1.00,2.25
2018.03.08 18:54:05.321,1.38064,1.3807,1.00,1.12
2018.03.08 18:54:05.374,1.38064,1.38072,1.87,1.87
2018.03.08 18:54:06.555,1.38064,1.38072,1.00,1.12
2018.03.08 18:54:06.919,1.38062,1.38069,1.39,1.50
2018.03.08 18:54:07.451,1.38062,1.38068,1.00,1.00
2018.03.08 18:54:08.350,1.38063,1.38071,1.00,2.51
2018.03.08 18:54:08.633,1.38065,1.38073,1.50,1.00
2018.03.08 18:54:08.738,1.38066,1.38074,1.37,1.37
2018.03.08 18:54:09.050,1.38063,1.38071,1.95,1.00
2018.03.08 18:54:09.257,1.38065,1.38073,1.50,1.25
2018.03.08 18:54:09.806,1.38067,1.38074,1.12,1.12
2018.03.08 18:54:10.416,1.38066,1.38074,1.00,1.87
2018.03.08 18:54:10.965,1.38065,1.38074,1.87,2.81
2018.03.08 18:54:11.513,1.38065,1.38074,1.87,3.19
2018.03.08 18:54:14.392,1.38065,1.38074,2.62,1.00
2018.03.08 18:54:19.405,1.38066,1.38073,1.00,1.00
2018.03.08 18:54:21.399,1.38066,1.38074,1.12,1.50
2018.03.08 18:54:23.996,1.38066,1.38069,1.00,1.00
2018.03.08 18:54:24.048,1.38062,1.38067,1.69,1.25
2018.03.08 18:54:24.413,1.38062,1.3807,1.00,3.26
2018.03.08 18:54:24.924,1.3806,1.38069,1.50,1.87
2018.03.08 18:54:25.181,1.38063,1.38069,1.00,2.44
2018.03.08 18:54:27.314,1.3806,1.38068,2.06,1.12
2018.03.08 18:54:27.469,1.38061,1.38069,1.37,3.37
2018.03.08 18:54:28.423,1.38061,1.38068,1.50,1.12
2018.03.08 18:54:29.308,1.38061,1.38068,1.50,1.50
2018.03.08 18:54:31.687,1.3806,1.38067,1.31,1.87
2018.03.08 18:54:32.004,1.38059,1.38065,1.25,1.12
2018.03.08 18:54:33.998,1.3806,1.38066,1.00,1.50
2018.03.08 18:54:34.587,1.38061,1.38066,1.00,1.12
2018.03.08 18:54:35.632,1.3806,1.38066,1.25,1.69
2018.03.08 18:54:39.527,1.3806,1.38067,1.00,3.94
2018.03.08 18:54:40.283,1.3806,1.38066,1.00,1.00
2018.03.08 18:54:45.163,1.38059,1.38066,1.00,1.50
2018.03.08 18:54:45.814,1.38059,1.38067,1.00,2.81
2018.03.08 18:54:45.922,1.38061,1.3807,1.12,1.95
2018.03.08 18:54:46.463,1.38061,1.38069,1.50,1.87
2018.03.08 18:54:46.662,1.38063,1.3807,1.50,1.87
2018.03.08 18:54:46.716,1.38064,1.38072,1.00,1.47
2018.03.08 18:54:46.770,1.38065,1.38074,1.31,2.62
2018.03.08 18:54:47.319,1.38064,1.38072,1.50,2.25
2018.03.08 18:54:50.160,1.38067,1.38073,1.12,1.19
2018.03.08 18:54:50.214,1.38066,1.38074,1.25,1.69
2018.03.08 18:54:50.320,1.38068,1.38075,1.00,3.37
2018.03.08 18:54:50.833,1.38067,1.38075,1.50,1.87
2018.03.08 18:54:51.348,1.38067,1.38075,1.50,1.25
2018.03.08 18:54:57.045,1.38068,1.38075,1.00,2.06
2018.03.08 18:54:57.267,1.38068,1.38077,3.19,1.00
2018.03.08 18:54:57.793,1.3807,1.38077,1.00,1.00
2018.03.08 18:54:58.303,1.3807,1.38078,2.44,1.50
2018.03.08 18:54:58.845,1.3807,1.38078,5.81,1.50
2018.03.08 18:54:59.523,1.3807,1.38078,5.81,1.50
2018.03.08 18:55:00.093,1.38071,1.38078,1.31,1.00
2018.03.08 18:55:02.183,1.38071,1.3808,1.00,3.75
2018.03.08 18:55:07.335,1.3807,1.38079,2.25,5.25
2018.03.08 18:55:09.208,1.3807,1.38079,2.44,4.50
2018.03.08 18:55:10.332,1.3807,1.38078,5.44,1.00
2018.03.08 18:55:11.988,1.3807,1.38079,5.06,1.50
2018.03.08 18:55:13.149,1.3807,1.38079,3.94,1.87
2018.03.08 18:55:15.292,1.3807,1.38078,1.12,1.12
2018.03.08 18:55:21.593,1.38073,1.38078,1.00,1.50
2018.03.08 18:55:21.697,1.38075,1.38081,1.50,1.12
2018.03.08 18:55:21.748,1.38077,1.38085,1.12,1.01
2018.03.08 18:55:22.185,1.38077,1.38085,1.00,1.87
2018.03.08 18:55:22.736,1.38078,1.38086,1.00,3.37
2018.03.08 18:55:23.285,1.38077,1.38084,2.25,1.00
2018.03.08 18:55:24.337,1.38077,1.38086,1.50,3.37
2018.03.08 18:55:25.155,1.38077,1.38084,1.50,1.00
2018.03.08 18:55:25.707,1.38077,1.38085,1.87,1.12
2018.03.08 18:55:26.858,1.38079,1.38086,1.00,1.69
2018.03.08 18:55:27.599,1.38079,1.38086,1.00,1.31
2018.03.08 18:55:28.617,1.38078,1.38086,1.12,1.31
2018.03.08 18:55:28.957,1.3808,1.38088,1.00,3.00
2018.03.08 18:55:29.791,1.3808,1.38088,1.00,1.62
2018.03.08 18:55:30.330,1.3808,1.38088,1.37,2.06
2018.03.08 18:55:31.716,1.3808,1.38086,1.00,1.00
2018.03.08 18:55:35.350,1.3808,1.38087,1.00,1.31
2018.03.08 18:55:37.796,1.3808,1.38088,1.12,2.25
2018.03.08 18:55:38.727,1.3808,1.38087,1.12,1.00
2018.03.08 18:55:39.888,1.38079,1.38088,1.12,3.37
2018.03.08 18:55:45.207,1.38078,1.38086,1.87,1.00
2018.03.08 18:55:46.118,1.38085,1.38091,1.00,3.64
2018.03.08 18:55:46.170,1.38085,1.38092,1.00,2.06
2018.03.08 18:55:47.246,1.38084,1.38093,1.95,2.06
2018.03.08 18:55:47.762,1.38084,1.38093,3.07,1.87
2018.03.08 18:55:48.279,1.38084,1.38093,1.57,2.44
2018.03.08 18:55:49.787,1.38084,1.38093,2.25,2.62
2018.03.08 18:55:50.985,1.38084,1.38093,1.87,2.06
2018.03.08 18:55:52.295,1.38085,1.38092,1.00,2.25
2018.03.08 18:55:52.875,1.38084,1.38092,3.00,1.12
2018.03.08 18:55:53.791,1.38084,1.38093,4.12,1.00
2018.03.08 18:55:54.305,1.38084,1.38092,1.50,1.37
2018.03.08 18:55:55.448,1.38084,1.38092,2.25,1.31
2018.03.08 18:55:55.760,1.38086,1.38093,1.00,1.12
2018.03.08 18:55:56.405,1.38084,1.38092,2.25,1.00
2018.03.08 18:55:57.265,1.38084,1.38093,1.50,2.44
2018.03.08 18:55:58.191,1.38084,1.38093,1.50,2.44
2018.03.08 18:55:58.294,1.38084,1.38089,1.00,1.00
2018.03.08 18:55:58.556,1.38084,1.38093,1.87,1.62
2018.03.08 18:55:58.995,1.38086,1.38094,1.12,3.56
2018.03.08 18:55:59.530,1.38086,1.38094,1.12,3.19
2018.03.08 18:56:00.081,1.38086,1.38094,1.00,2.44
2018.03.08 18:56:01.987,1.38086,1.38094,1.50,2.44
2018.03.08 18:56:02.573,1.38086,1.38093,1.50,1.12
2018.03.08 18:56:03.684,1.38086,1.38094,1.87,2.06
2018.03.08 18:56:05.028,1.38086,1.38093,2.25,1.00
2018.03.08 18:56:09.197,1.38086,1.38093,1.50,1.87
2018.03.08 18:56:09.715,1.38085,1.38093,1.00,2.81
2018.03.08 18:56:10.960,1.38087,1.38093,1.00,1.50
2018.03.08 18:56:11.523,1.38087,1.38092,1.00,1.00
2018.03.08 18:56:14.989,1.38084,1.38092,2.62,1.00
2018.03.08 18:56:15.987,1.38086,1.38092,1.00,1.00
2018.03.08 18:56:20.925,1.38086,1.38093,1.00,1.69
2018.03.08 18:56:25.016,1.38081,1.38087,1.76,3.37
2018.03.08 18:56:25.069,1.38081,1.38087,1.69,1.00
2018.03.08 18:56:25.636,1.3808,1.38088,2.44,2.62
2018.03.08 18:56:32.126,1.38083,1.38091,2.62,1.10
2018.03.08 18:56:32.178,1.38085,1.38092,1.50,1.62
2018.03.08 18:56:32.745,1.38084,1.38092,1.00,1.69
2018.03.08 18:56:33.832,1.38085,1.38093,3.00,2.44
2018.03.08 18:56:34.654,1.38086,1.38093,1.12,1.50
2018.03.08 18:56:35.733,1.38085,1.38093,2.62,1.50
2018.03.08 18:56:45.873,1.38083,1.38089,1.87,2.25
2018.03.08 18:56:46.182,1.38082,1.38087,1.25,1.69
2018.03.08 18:56:46.771,1.38081,1.38087,1.25,1.69
2018.03.08 18:56:47.294,1.38082,1.38087,1.25,1.50
2018.03.08 18:56:47.829,1.38081,1.38087,1.25,1.50
2018.03.08 18:56:48.559,1.3808,1.38087,2.06,1.00
2018.03.08 18:56:50.272,1.38081,1.38087,1.25,1.00
2018.03.08 18:56:50.915,1.3808,1.38087,2.06,1.00
2018.03.08 18:56:52.761,1.38081,1.38087,1.25,1.12
2018.03.08 18:56:53.345,1.3808,1.38087,1.50,1.00
2018.03.08 18:56:53.955,1.38081,1.38087,1.00,1.00
2018.03.08 18:56:54.472,1.3808,1.38087,1.69,1.50
2018.03.08 18:56:55.168,1.38081,1.38087,1.25,1.50
2018.03.08 18:56:56.670,1.3808,1.38087,1.50,2.25
2018.03.08 18:56:57.177,1.38081,1.38087,1.25,1.00
2018.03.08 18:56:57.686,1.38081,1.38088,1.00,1.69
2018.03.08 18:56:57.850,1.38084,1.38092,2.25,1.00
2018.03.08 18:56:58.077,1.38086,1.38092,1.00,1.00
2018.03.08 18:56:58.691,1.38086,1.38093,1.00,1.87
2018.03.08 18:56:59.201,1.38086,1.38092,1.00,1.00
2018.03.08 18:57:02.281,1.38086,1.38094,1.12,3.00
2018.03.08 18:57:03.182,1.38086,1.38093,1.12,1.00
2018.03.08 18:57:10.206,1.38086,1.38091,1.00,1.12
2018.03.08 18:57:10.744,1.38086,1.38092,1.00,1.12
2018.03.08 18:57:13.253,1.38086,1.38093,1.00,1.00
2018.03.08 18:57:15.513,1.38086,1.38093,1.00,6.19
2018.03.08 18:57:16.065,1.38086,1.38093,1.00,1.87
2018.03.08 18:57:17.151,1.38083,1.38092,2.51,3.37
2018.03.08 18:57:17.277,1.38083,1.38091,1.57,1.00
2018.03.08 18:57:17.330,1.38086,1.38093,1.00,2.06
2018.03.08 18:57:17.486,1.38086,1.38094,1.00,3.19
2018.03.08 18:57:18.018,1.38087,1.38094,1.00,1.69
2018.03.08 18:57:18.898,1.38087,1.38095,1.50,2.06
2018.03.08 18:57:18.950,1.38087,1.38095,1.00,4.50
2018.03.08 18:57:19.109,1.38087,1.38095,1.00,2.62
2018.03.08 18:57:19.904,1.38087,1.38095,1.00,3.56
2018.03.08 18:57:20.277,1.38087,1.38091,1.00,1.00
2018.03.08 18:57:20.484,1.38087,1.38093,1.00,1.87
2018.03.08 18:57:22.296,1.38086,1.38093,1.00,1.12
2018.03.08 18:57:30.215,1.38087,1.38095,1.00,2.62
2018.03.08 18:57:30.372,1.38087,1.38095,1.75,3.00
2018.03.08 18:57:30.529,1.38088,1.38096,2.06,1.00
2018.03.08 18:57:31.927,1.38088,1.38096,2.62,1.50
2018.03.08 18:57:36.505,1.38088,1.38095,1.12,1.25
2018.03.08 18:57:52.972,1.38088,1.38094,1.00,1.00
2018.03.08 18:57:58.094,1.38086,1.38094,1.87,1.12
2018.03.08 18:57:58.755,1.38086,1.38093,1.12,1.00
2018.03.08 18:58:00.222,1.38084,1.3809,1.25,1.87
2018.03.08 18:58:00.536,1.38081,1.38087,1.25,1.50
2018.03.08 18:58:00.746,1.38085,1.38092,1.00,2.14
2018.03.08 18:58:00.798,1.38085,1.38093,1.50,1.00
2018.03.08 18:58:00.851,1.38087,1.38093,1.00,1.00
2018.03.08 18:58:01.367,1.38087,1.38094,1.00,1.87
2018.03.08 18:58:05.177,1.3809,1.38094,1.00,1.00
2018.03.08 18:58:05.772,1.3809,1.38096,1.00,2.06
2018.03.08 18:58:06.313,1.38092,1.38097,1.46,1.56
2018.03.08 18:58:06.366,1.38092,1.381,1.25,1.00
2018.03.08 18:58:06.911,1.38092,1.38099,1.00,1.87
2018.03.08 18:58:07.371,1.38091,1.38097,1.12,1.50
2018.03.08 18:58:07.424,1.38089,1.38097,2.06,1.25
2018.03.08 18:58:07.968,1.38089,1.38096,1.12,1.87
2018.03.08 18:58:08.491,1.38089,1.38096,1.12,2.06
2018.03.08 18:58:09.346,1.38091,1.38097,2.62,1.69
2018.03.08 18:58:09.397,1.38095,1.38102,1.00,1.00
2018.03.08 18:58:10.490,1.38095,1.38103,1.00,2.06
2018.03.08 18:58:11.632,1.38095,1.38103,1.00,1.37
2018.03.08 18:58:17.024,1.38095,1.38103,1.87,1.37
2018.03.08 18:58:17.257,1.38096,1.38104,2.25,1.69
2018.03.08 18:58:17.790,1.38097,1.38103,1.00,1.00
2018.03.08 18:58:18.323,1.38097,1.38104,1.00,1.12
2018.03.08 18:58:18.937,1.381,1.38104,1.00,1.12
2018.03.08 18:58:19.450,1.381,1.38105,1.00,1.31
2018.03.08 18:58:20.059,1.381,1.38104,1.00,1.00
2018.03.08 18:58:20.249,1.38101,1.38106,1.00,1.25
2018.03.08 18:58:20.791,1.38102,1.38107,1.00,1.00
2018.03.08 18:58:21.332,1.38103,1.3811,1.00,1.87
2018.03.08 18:58:21.491,1.38104,1.3811,1.00,1.00
2018.03.08 18:58:21.824,1.38105,1.38112,1.00,1.00
2018.03.08 18:58:21.878,1.38105,1.3811,1.00,1.00
2018.03.08 18:58:21.984,1.38103,1.38109,1.00,1.00
2018.03.08 18:58:22.548,1.38104,1.3811,1.00,1.00
2018.03.08 18:58:23.090,1.38104,1.38111,1.00,2.81
2018.03.08 18:58:23.995,1.38104,1.38111,1.00,2.81
2018.03.08 18:58:24.537,1.38105,1.3811,1.00,1.25
2018.03.08 18:58:27.427,1.38103,1.3811,1.69,1.00
2018.03.08 18:58:27.480,1.38105,1.3811,1.00,1.00
2018.03.08 18:58:28.877,1.38103,1.38109,1.00,1.50
2018.03.08 18:58:29.034,1.38103,1.38107,1.00,1.00
2018.03.08 18:58:29.954,1.38103,1.38108,1.00,1.12
2018.03.08 18:58:30.508,1.38104,1.3811,1.25,2.06
2018.03.08 18:58:30.988,1.38103,1.3811,2.06,1.50
2018.03.08 18:58:31.587,1.38104,1.3811,1.25,2.25
2018.03.08 18:58:32.100,1.38103,1.3811,2.81,1.00
2018.03.08 18:58:32.628,1.38104,1.38111,1.00,1.50
2018.03.08 18:58:33.365,1.38105,1.38112,1.12,1.50
2018.03.08 18:58:33.655,1.38107,1.38113,1.12,1.00
2018.03.08 18:58:33.965,1.38107,1.38113,1.75,1.00
2018.03.08 18:58:34.223,1.38107,1.38113,1.00,1.50
2018.03.08 18:58:35.261,1.38106,1.38113,2.06,1.00
2018.03.08 18:58:35.778,1.38107,1.38113,1.69,1.00
2018.03.08 18:58:36.884,1.38107,1.38115,1.12,2.62
2018.03.08 18:58:37.246,1.38109,1.38115,1.00,2.81
2018.03.08 18:58:37.964,1.38109,1.38114,1.00,1.00
2018.03.08 18:58:38.245,1.38114,1.3812,1.50,1.00
2018.03.08 18:58:38.516,1.38115,1.38121,2.81,1.00
2018.03.08 18:58:38.723,1.38116,1.38124,1.12,1.00
2018.03.08 18:58:39.326,1.38117,1.38124,1.00,1.50
2018.03.08 18:58:39.843,1.38117,1.38123,1.00,1.00
2018.03.08 18:58:40.735,1.38117,1.38124,1.00,1.31
2018.03.08 18:58:44.572,1.38115,1.38121,2.06,2.44
2018.03.08 18:58:44.907,1.38111,1.38119,1.25,2.14
2018.03.08 18:58:45.274,1.38109,1.38116,1.69,1.95
2018.03.08 18:58:45.817,1.3811,1.38116,1.00,2.32
2018.03.08 18:58:46.340,1.38109,1.38116,1.25,4.76
2018.03.08 18:58:46.848,1.3811,1.38116,1.25,2.32
2018.03.08 18:58:47.500,1.3811,1.38116,1.00,1.01
2018.03.08 18:58:47.841,1.38112,1.38116,1.00,1.76
2018.03.08 18:58:48.355,1.38112,1.38116,1.00,1.39
2018.03.08 18:58:48.617,1.38114,1.38122,1.00,2.32
2018.03.08 18:58:48.698,1.38116,1.38122,1.00,1.45
2018.03.08 18:58:48.803,1.38116,1.38122,1.00,1.20
2018.03.08 18:58:49.164,1.38116,1.3812,1.00,1.00
2018.03.08 18:58:49.478,1.38116,1.38118,1.00,1.12
2018.03.08 18:58:50.005,1.38116,1.38119,1.00,1.50
2018.03.08 18:58:50.521,1.38116,1.3812,1.00,1.20
2018.03.08 18:58:51.037,1.38114,1.38119,1.00,1.20
2018.03.08 18:58:52.395,1.38113,1.38121,1.12,3.45
2018.03.08 18:58:52.686,1.38116,1.38122,1.00,1.45
2018.03.08 18:58:52.739,1.38116,1.38122,1.00,1.12
2018.03.08 18:58:53.515,1.38117,1.38124,1.00,1.00
2018.03.08 18:58:58.435,1.38117,1.38125,1.00,1.76
2018.03.08 18:58:59.078,1.38119,1.38126,1.00,1.87
2018.03.08 18:58:59.433,1.3812,1.38128,1.12,1.87
2018.03.08 18:59:00.266,1.38121,1.38128,1.00,1.57
2018.03.08 18:59:03.634,1.38121,1.38128,1.69,1.95
2018.03.08 18:59:04.299,1.38122,1.38128,1.00,3.37
2018.03.08 18:59:04.351,1.3812,1.38128,3.56,1.12
2018.03.08 18:59:04.895,1.38121,1.38128,1.25,1.39
2018.03.08 18:59:05.410,1.3812,1.38128,4.31,1.39
2018.03.08 18:59:05.781,1.38124,1.3813,2.25,1.26
2018.03.08 18:59:05.950,1.38125,1.38132,2.44,1.00
2018.03.08 18:59:06.156,1.38123,1.38129,1.69,1.69
2018.03.08 18:59:06.365,1.38125,1.38132,1.00,1.31
2018.03.08 18:59:06.916,1.38125,1.38131,1.50,1.00
2018.03.08 18:59:07.437,1.38125,1.38132,1.50,1.50
2018.03.08 18:59:08.080,1.38127,1.38132,1.00,1.50
2018.03.08 18:59:08.692,1.38127,1.38133,1.00,2.14
2018.03.08 18:59:09.231,1.38127,1.38132,1.00,1.00
2018.03.08 18:59:09.737,1.38127,1.38134,1.00,3.45
2018.03.08 18:59:10.296,1.38127,1.38134,1.12,1.69
2018.03.08 18:59:10.535,1.38128,1.38137,1.12,3.56
2018.03.08 18:59:11.078,1.38128,1.38137,1.12,3.26
2018.03.08 18:59:11.602,1.38128,1.38137,1.87,2.81
2018.03.08 18:59:12.120,1.38128,1.38137,3.00,2.25
2018.03.08 18:59:12.647,1.38128,1.38137,2.06,2.44
2018.03.08 18:59:14.652,1.38127,1.38134,1.37,1.12
2018.03.08 18:59:14.958,1.38126,1.38132,1.00,1.00
2018.03.08 18:59:15.470,1.38127,1.38133,1.25,1.87
2018.03.08 18:59:17.486,1.38127,1.38135,1.00,2.62
2018.03.08 18:59:18.218,1.38127,1.38135,1.00,2.62
2018.03.08 18:59:18.877,1.38127,1.38135,1.00,2.25
2018.03.08 18:59:20.456,1.38127,1.38135,1.12,1.69
2018.03.08 18:59:21.314,1.38127,1.38133,1.00,1.50
2018.03.08 18:59:23.299,1.38127,1.38134,1.87,1.12
2018.03.08 18:59:23.855,1.38128,1.38135,1.00,1.20
2018.03.08 18:59:25.689,1.38127,1.38136,2.06,2.32
2018.03.08 18:59:26.296,1.38127,1.38136,1.37,2.70
2018.03.08 18:59:26.833,1.38127,1.38136,1.37,4.01
2018.03.08 18:59:27.389,1.38127,1.38135,1.37,1.00
2018.03.08 18:59:28.402,1.38128,1.38136,1.50,2.06
2018.03.08 18:59:29.320,1.38128,1.38136,1.50,1.87
2018.03.08 18:59:32.062,1.38129,1.38136,1.00,1.87
2018.03.08 18:59:33.327,1.38129,1.38137,1.50,1.12
2018.03.08 18:59:33.830,1.38129,1.38137,1.50,1.12
2018.03.08 18:59:35.573,1.3813,1.38137,1.00,1.12
2018.03.08 18:59:37.376,1.3813,1.38138,1.37,2.06
2018.03.08 18:59:40.308,1.3813,1.38137,1.00,1.00
2018.03.08 18:59:42.550,1.3813,1.38137,1.50,1.00
2018.03.08 18:59:44.257,1.38132,1.38139,2.62,1.00
2018.03.08 18:59:44.917,1.38132,1.38139,1.12,2.81
2018.03.08 18:59:45.437,1.38132,1.38138,1.25,1.00
2018.03.08 18:59:46.299,1.38133,1.38138,1.25,1.12
2018.03.08 18:59:46.898,1.38132,1.38138,1.25,1.12
2018.03.08 18:59:47.542,1.38131,1.38138,1.69,1.87
2018.03.08 18:59:49.266,1.38131,1.38138,1.69,2.25
2018.03.08 18:59:52.121,1.38133,1.38138,1.25,2.62
2018.03.08 18:59:52.174,1.3813,1.38137,1.69,1.12
2018.03.08 18:59:52.278,1.38129,1.38135,1.69,1.69
2018.03.08 18:59:52.811,1.38129,1.38135,1.25,1.31
2018.03.08 18:59:53.317,1.38128,1.38135,1.25,2.44
2018.03.08 18:59:53.853,1.38127,1.38135,1.69,2.44
2018.03.08 18:59:56.673,1.38128,1.38135,1.25,2.25
2018.03.08 18:59:59.564,1.38129,1.38136,1.01,2.62
