2018.03.30 19:00:00.355,1.4027,1.40366,1.12,1.31
2018.03.30 19:00:00.852,1.40277,1.40372,1.00,1.37
2018.03.30 19:00:00.956,1.40277,1.40372,1.37,1.37
2018.03.30 19:00:01.007,1.40286,1.40386,1.12,1.87
2018.03.30 19:00:01.154,1.40307,1.40408,1.12,1.12
2018.03.30 19:00:01.205,1.40317,1.40408,1.37,1.12
2018.03.30 19:00:01.257,1.40337,1.40419,1.00,1.12
2018.03.30 19:00:01.410,1.40378,1.40469,0.37,2.44
2018.03.30 19:00:01.461,1.40381,1.40477,0.37,1.12
2018.03.30 19:00:01.512,1.40381,1.40481,0.37,1.75
2018.03.30 19:00:02.393,1.4036,1.4048,2.25,1.00
2018.03.30 19:00:02.444,1.4036,1.4048,2.25,1.19
2018.03.30 19:00:02.777,1.40363,1.40484,1.00,1.69
2018.03.30 19:00:02.930,1.40362,1.40483,1.00,1.12
2018.03.30 19:00:03.133,1.40361,1.40484,2.25,1.69
2018.03.30 19:00:03.566,1.40362,1.40485,1.00,1.37
2018.03.30 19:00:03.617,1.40364,1.40487,1.00,2.44
2018.03.30 19:00:04.373,1.40366,1.40487,1.00,2.06
2018.03.30 19:00:04.756,1.40366,1.40488,1.00,1.94
2018.03.30 19:00:04.964,1.40366,1.40488,1.00,1.94
2018.03.30 19:00:05.357,1.40366,1.4049,1.00,1.56
2018.03.30 19:00:05.838,1.40366,1.4049,1.00,1.94
2018.03.30 19:00:06.438,1.40363,1.40484,1.00,1.19
2018.03.30 19:00:07.066,1.40363,1.40484,1.00,1.19
2018.03.30 19:00:07.391,1.40363,1.40464,1.00,1.00
2018.03.30 19:00:07.442,1.4036,1.40464,1.50,1.00
2018.03.30 19:00:09.023,1.40378,1.40464,0.37,1.37
2018.03.30 19:00:09.179,1.40368,1.40464,1.37,1.00
2018.03.30 19:00:10.285,1.40365,1.40464,1.37,1.12
2018.03.30 19:00:11.171,1.4038,1.40464,0.37,1.37
2018.03.30 19:00:11.476,1.40363,1.40457,1.37,1.12
2018.03.30 19:00:12.305,1.40378,1.40454,0.37,1.37
2018.03.30 19:00:13.312,1.40378,1.40457,0.37,1.12
2018.03.30 19:00:14.395,1.40377,1.40457,0.37,1.12
2018.03.30 19:00:15.916,1.40377,1.40458,0.37,1.12
2018.03.30 19:00:16.663,1.40361,1.40453,1.37,1.00
2018.03.30 19:00:17.070,1.40379,1.40453,0.37,1.37
2018.03.30 19:00:17.392,1.40359,1.40452,1.49,1.12
2018.03.30 19:00:17.443,1.40359,1.40443,1.49,1.00
2018.03.30 19:00:17.649,1.40315,1.40395,1.12,1.00
2018.03.30 19:00:17.700,1.40299,1.40399,1.12,1.12
2018.03.30 19:00:17.752,1.40297,1.40395,1.12,1.12
2018.03.30 19:00:18.915,1.40302,1.40395,1.00,1.12
2018.03.30 19:00:18.968,1.40296,1.40382,1.12,1.37
2018.03.30 19:00:19.020,1.40289,1.40378,1.12,1.75
2018.03.30 19:00:19.073,1.40286,1.4037,1.12,1.12
2018.03.30 19:00:19.125,1.40275,1.40369,1.37,1.75
2018.03.30 19:00:19.177,1.40275,1.40361,1.12,1.37
2018.03.30 19:00:19.496,1.40253,1.40349,1.12,1.12
2018.03.30 19:00:19.548,1.40256,1.40351,1.12,1.12
2018.03.30 19:00:19.702,1.40264,1.40354,1.75,1.94
2018.03.30 19:00:19.909,1.4026,1.40353,1.12,1.31
2018.03.30 19:00:19.961,1.40262,1.40354,1.37,2.06
2018.03.30 19:00:20.064,1.40261,1.40351,1.37,1.12
2018.03.30 19:00:20.380,1.40265,1.40352,1.37,1.12
2018.03.30 19:00:20.688,1.40267,1.40355,1.37,1.87
2018.03.30 19:00:21.383,1.40265,1.40355,1.75,1.87
2018.03.30 19:00:21.550,1.40264,1.40355,1.12,1.87
2018.03.30 19:00:22.593,1.40264,1.40355,1.12,1.87
2018.03.30 19:00:22.996,1.40266,1.40351,1.12,1.00
2018.03.30 19:00:23.048,1.40259,1.40351,1.12,1.12
2018.03.30 19:00:23.356,1.40268,1.40356,1.75,1.12
2018.03.30 19:00:23.681,1.4027,1.40363,1.12,1.87
2018.03.30 19:00:23.805,1.4027,1.40359,1.12,1.00
2018.03.30 19:00:24.201,1.4027,1.40359,1.12,1.00
2018.03.30 19:00:24.458,1.4027,1.40354,1.12,1.37
2018.03.30 19:00:24.766,1.40264,1.40352,1.87,1.87
2018.03.30 19:00:24.922,1.40262,1.4035,1.37,1.87
2018.03.30 19:00:25.347,1.40259,1.4035,1.37,1.12
2018.03.30 19:00:25.939,1.40263,1.40351,1.37,1.87
2018.03.30 19:00:26.369,1.40265,1.40352,1.75,1.87
2018.03.30 19:00:26.741,1.40265,1.40351,1.75,1.12
2018.03.30 19:00:26.793,1.40266,1.4035,1.00,1.87
2018.03.30 19:00:27.141,1.40264,1.4035,1.37,1.37
2018.03.30 19:00:27.488,1.40263,1.4035,1.50,1.37
2018.03.30 19:00:27.540,1.40263,1.4035,1.50,1.87
2018.03.30 19:00:28.213,1.40262,1.40349,1.37,1.75
2018.03.30 19:00:28.462,1.4026,1.40347,1.37,1.12
2018.03.30 19:00:28.565,1.40254,1.40343,1.12,1.00
2018.03.30 19:00:31.640,1.40254,1.40343,1.12,1.00
2018.03.30 19:00:32.468,1.40253,1.40343,1.12,1.00
2018.03.30 19:00:33.692,1.40258,1.40352,1.12,2.00
2018.03.30 19:00:33.744,1.40262,1.4035,1.12,1.37
2018.03.30 19:00:34.424,1.40262,1.40352,1.37,1.00
2018.03.30 19:00:36.046,1.40262,1.40353,1.12,1.75
2018.03.30 19:00:36.251,1.40258,1.40353,1.12,1.75
2018.03.30 19:00:36.518,1.40258,1.40353,1.12,1.75
2018.03.30 19:00:36.825,1.40258,1.40353,1.12,1.75
2018.03.30 19:00:37.141,1.40262,1.40356,1.37,1.75
2018.03.30 19:00:37.243,1.40262,1.40356,1.12,1.50
2018.03.30 19:00:37.446,1.40262,1.40356,1.12,1.50
2018.03.30 19:00:37.756,1.40262,1.40356,1.12,1.50
2018.03.30 19:00:39.691,1.40262,1.40357,1.12,1.75
2018.03.30 19:00:40.234,1.40262,1.40357,1.12,1.75
2018.03.30 19:00:40.587,1.40262,1.40357,1.12,1.75
2018.03.30 19:00:40.903,1.40262,1.40357,1.12,1.75
2018.03.30 19:00:41.882,1.40262,1.40355,1.12,1.12
2018.03.30 19:00:41.985,1.40262,1.40357,1.12,1.75
2018.03.30 19:00:42.613,1.40262,1.40356,1.12,1.50
2018.03.30 19:00:43.273,1.40263,1.40356,1.12,1.50
2018.03.30 19:00:43.818,1.40263,1.40357,1.12,1.75
2018.03.30 19:00:44.488,1.40264,1.40358,1.12,1.50
2018.03.30 19:00:44.686,1.40265,1.40358,1.12,1.50
2018.03.30 19:00:44.738,1.40265,1.40358,1.12,1.00
2018.03.30 19:00:45.193,1.40268,1.4036,1.00,1.75
2018.03.30 19:00:45.703,1.40264,1.40359,1.12,1.75
2018.03.30 19:00:46.721,1.40266,1.40358,1.12,1.00
2018.03.30 19:00:47.510,1.40266,1.40359,1.37,1.75
2018.03.30 19:00:49.069,1.40267,1.40359,1.12,1.75
2018.03.30 19:00:49.120,1.40265,1.40359,1.12,1.75
2018.03.30 19:00:49.172,1.40268,1.40374,1.12,2.00
2018.03.30 19:00:49.224,1.40272,1.40365,1.12,1.12
2018.03.30 19:00:49.276,1.40281,1.40365,1.12,1.00
2018.03.30 19:00:49.329,1.40284,1.40376,1.12,1.12
2018.03.30 19:00:49.381,1.40298,1.40386,1.12,1.37
2018.03.30 19:00:49.433,1.40298,1.40386,1.12,1.00
2018.03.30 19:00:49.485,1.40307,1.40392,1.12,1.00
2018.03.30 19:00:49.588,1.40307,1.40396,1.75,1.00
2018.03.30 19:00:49.794,1.4032,1.40412,1.00,1.12
2018.03.30 19:00:50.116,1.40323,1.4041,1.75,1.37
2018.03.30 19:00:50.425,1.40326,1.40419,1.12,1.50
2018.03.30 19:00:50.941,1.40328,1.40419,1.12,1.50
2018.03.30 19:00:52.574,1.40328,1.40419,1.12,1.50
2018.03.30 19:00:53.575,1.40328,1.40419,1.12,1.50
2018.03.30 19:00:56.279,1.40328,1.40419,1.12,1.50
2018.03.30 19:00:56.331,1.40328,1.40419,1.37,1.50
2018.03.30 19:00:57.668,1.40328,1.40419,1.12,1.50
2018.03.30 19:00:58.700,1.40328,1.40419,1.75,1.50
2018.03.30 19:01:00.357,1.40336,1.4042,1.12,1.50
2018.03.30 19:01:00.853,1.40341,1.40419,1.75,1.50
2018.03.30 19:01:00.905,1.40341,1.40419,1.37,1.50
2018.03.30 19:01:01.163,1.40352,1.4042,1.37,1.12
2018.03.30 19:01:01.473,1.40358,1.40419,1.87,1.12
2018.03.30 19:01:01.688,1.40358,1.40419,1.49,1.12
2018.03.30 19:01:02.303,1.40354,1.4042,2.24,1.12
2018.03.30 19:01:02.914,1.40355,1.40419,1.74,1.12
2018.03.30 19:01:04.114,1.40357,1.4042,1.00,1.12
2018.03.30 19:01:04.167,1.40349,1.4042,1.00,1.12
2018.03.30 19:01:04.271,1.40331,1.40419,1.00,1.12
2018.03.30 19:01:04.375,1.40316,1.40417,2.99,1.12
2018.03.30 19:01:04.427,1.40316,1.40411,2.24,1.00
2018.03.30 19:01:04.685,1.40281,1.404,1.12,1.12
2018.03.30 19:01:04.889,1.40278,1.40395,1.12,1.31
2018.03.30 19:01:05.606,1.40272,1.40391,1.87,1.75
2018.03.30 19:01:05.710,1.40277,1.40385,1.50,1.75
2018.03.30 19:01:05.871,1.40277,1.40378,1.50,1.75
2018.03.30 19:01:06.023,1.40271,1.4037,1.00,1.75
2018.03.30 19:01:06.075,1.40268,1.4037,1.00,1.75
2018.03.30 19:01:06.816,1.40269,1.40368,1.00,1.75
2018.03.30 19:01:07.119,1.40269,1.40368,1.37,1.75
2018.03.30 19:01:07.787,1.40262,1.40362,1.75,1.75
2018.03.30 19:01:08.238,1.40259,1.40356,1.87,1.75
2018.03.30 19:01:08.290,1.40255,1.40359,1.37,1.69
2018.03.30 19:01:08.393,1.40255,1.40355,1.75,2.06
2018.03.30 19:01:08.598,1.40257,1.40355,1.75,2.06
2018.03.30 19:01:09.038,1.40257,1.40355,1.75,1.87
2018.03.30 19:01:09.257,1.40259,1.40355,1.12,1.87
2018.03.30 19:01:09.815,1.40259,1.40355,1.12,2.06
2018.03.30 19:01:10.264,1.40264,1.40354,1.75,1.12
2018.03.30 19:01:10.842,1.40266,1.40355,1.12,1.25
2018.03.30 19:01:11.861,1.40266,1.40355,1.12,1.25
2018.03.30 19:01:12.039,1.4026,1.40359,1.12,1.12
2018.03.30 19:01:12.666,1.4026,1.40359,1.12,1.31
2018.03.30 19:01:13.326,1.4026,1.40359,1.12,1.31
2018.03.30 19:01:13.634,1.40273,1.40361,1.00,1.24
2018.03.30 19:01:14.293,1.40268,1.40363,1.12,1.87
2018.03.30 19:01:14.639,1.40264,1.40363,1.12,2.44
2018.03.30 19:01:15.137,1.40264,1.40363,1.87,1.87
2018.03.30 19:01:15.789,1.40271,1.40363,1.12,1.31
2018.03.30 19:01:15.943,1.40271,1.40367,1.12,1.69
2018.03.30 19:01:17.446,1.40266,1.40375,1.75,1.56
2018.03.30 19:01:18.061,1.40276,1.40375,1.75,1.94
2018.03.30 19:01:18.380,1.40276,1.40371,1.75,1.50
2018.03.30 19:01:18.483,1.40276,1.40371,1.75,1.50
2018.03.30 19:01:19.058,1.40276,1.40371,1.50,1.50
2018.03.30 19:01:19.677,1.40277,1.40371,1.12,1.50
2018.03.30 19:01:20.493,1.40277,1.40372,1.12,1.75
2018.03.30 19:01:20.862,1.40272,1.40372,1.12,1.75
2018.03.30 19:01:21.290,1.40276,1.40371,1.12,1.50
2018.03.30 19:01:21.393,1.40274,1.40371,1.12,1.50
2018.03.30 19:01:21.496,1.40273,1.40372,1.12,1.50
2018.03.30 19:01:22.055,1.40278,1.40372,1.75,1.50
2018.03.30 19:01:22.591,1.40278,1.40372,1.37,1.50
2018.03.30 19:01:22.695,1.40278,1.40373,1.37,1.75
2018.03.30 19:01:23.208,1.40278,1.40373,1.37,1.75
2018.03.30 19:01:24.774,1.40278,1.40373,1.12,1.75
2018.03.30 19:01:24.826,1.40278,1.40373,1.12,1.75
2018.03.30 19:01:25.844,1.40281,1.40372,1.12,1.00
2018.03.30 19:01:26.350,1.4033,1.40376,0.75,1.75
2018.03.30 19:01:26.698,1.40337,1.40376,1.00,1.75
2018.03.30 19:01:27.703,1.40334,1.40376,1.00,1.75
2018.03.30 19:01:28.378,1.4028,1.40376,1.87,1.75
2018.03.30 19:01:28.431,1.4028,1.40376,1.12,1.75
2018.03.30 19:01:28.534,1.40279,1.40374,1.12,1.50
2018.03.30 19:01:28.993,1.40277,1.40374,1.12,1.50
2018.03.30 19:01:30.096,1.4028,1.40374,1.12,1.50
2018.03.30 19:01:31.413,1.4028,1.40376,1.75,1.75
2018.03.30 19:01:32.183,1.4028,1.40376,1.37,1.75
2018.03.30 19:01:32.714,1.40276,1.40375,1.12,1.75
2018.03.30 19:01:32.920,1.4028,1.40375,1.12,1.75
2018.03.30 19:01:33.865,1.40278,1.40376,1.12,1.75
2018.03.30 19:01:34.929,1.40285,1.4038,1.00,1.87
2018.03.30 19:01:35.033,1.40284,1.40376,1.37,1.00
2018.03.30 19:01:36.969,1.40283,1.4038,1.12,1.87
2018.03.30 19:01:38.269,1.40284,1.40378,1.12,1.75
2018.03.30 19:01:39.459,1.40284,1.40378,1.12,1.75
2018.03.30 19:01:40.934,1.40284,1.40378,1.12,1.75
2018.03.30 19:01:42.181,1.40307,1.4038,1.37,1.50
2018.03.30 19:01:42.494,1.4031,1.40405,1.12,1.00
2018.03.30 19:01:42.700,1.40313,1.40405,1.12,1.00
2018.03.30 19:01:43.176,1.40313,1.40409,1.12,1.12
2018.03.30 19:01:44.114,1.40342,1.40416,0.37,1.12
2018.03.30 19:01:44.427,1.40326,1.40416,1.12,1.12
2018.03.30 19:01:44.532,1.40325,1.40416,1.12,1.12
2018.03.30 19:01:44.584,1.40325,1.40416,1.12,1.12
2018.03.30 19:01:44.740,1.40342,1.40416,0.75,1.12
2018.03.30 19:01:46.515,1.40326,1.4042,1.12,1.87
2018.03.30 19:01:48.274,1.40325,1.4042,1.12,1.75
2018.03.30 19:01:48.325,1.40325,1.4042,1.12,1.75
2018.03.30 19:01:49.943,1.40352,1.40401,0.37,1.56
2018.03.30 19:01:50.046,1.40293,1.40374,1.12,1.00
2018.03.30 19:01:50.098,1.40287,1.40378,1.12,1.12
2018.03.30 19:01:50.202,1.40267,1.4037,1.12,1.12
2018.03.30 19:01:50.254,1.40271,1.4037,1.00,1.12
2018.03.30 19:01:50.306,1.40267,1.40352,1.12,1.87
2018.03.30 19:01:50.357,1.40264,1.40352,1.12,1.50
2018.03.30 19:01:50.409,1.4026,1.40354,1.75,1.12
2018.03.30 19:01:50.461,1.4026,1.40354,1.12,1.37
2018.03.30 19:01:50.513,1.40274,1.4035,1.12,1.50
2018.03.30 19:01:50.616,1.40288,1.40375,1.12,1.49
2018.03.30 19:01:50.749,1.40289,1.40375,1.12,1.49
2018.03.30 19:01:50.801,1.40299,1.40386,1.00,1.50
2018.03.30 19:01:50.852,1.40299,1.40386,1.00,1.12
2018.03.30 19:01:51.160,1.40296,1.40374,1.12,1.00
2018.03.30 19:01:51.469,1.40295,1.4037,1.12,1.00
2018.03.30 19:01:51.734,1.40299,1.40384,1.12,1.12
2018.03.30 19:01:51.838,1.40309,1.40391,1.12,1.00
2018.03.30 19:01:51.943,1.40315,1.40404,1.37,1.93
2018.03.30 19:01:52.046,1.40315,1.40402,1.37,1.00
2018.03.30 19:01:52.149,1.40314,1.40406,1.12,1.12
2018.03.30 19:01:52.407,1.40313,1.40407,1.12,1.25
2018.03.30 19:01:52.459,1.40311,1.40407,1.12,1.62
2018.03.30 19:01:52.562,1.40313,1.40407,1.12,1.25
2018.03.30 19:01:52.615,1.4031,1.40407,1.12,1.56
2018.03.30 19:01:52.714,1.40314,1.40407,1.37,1.31
2018.03.30 19:01:52.766,1.40311,1.40407,1.12,1.62
2018.03.30 19:01:52.818,1.40311,1.40407,1.12,1.56
2018.03.30 19:01:52.971,1.40313,1.40407,1.12,1.37
2018.03.30 19:01:53.072,1.40313,1.40407,1.12,1.00
2018.03.30 19:01:53.124,1.4031,1.40407,1.12,1.37
2018.03.30 19:01:53.225,1.40313,1.40407,1.12,1.00
2018.03.30 19:01:53.327,1.4031,1.40407,1.12,1.37
2018.03.30 19:01:53.379,1.4031,1.40407,1.12,1.12
2018.03.30 19:01:53.431,1.40313,1.40407,1.12,1.56
2018.03.30 19:01:53.483,1.40313,1.40407,1.12,1.19
2018.03.30 19:01:53.791,1.40313,1.40407,1.12,1.37
2018.03.30 19:01:53.894,1.40311,1.40407,1.12,1.37
2018.03.30 19:01:53.946,1.40313,1.40407,1.12,1.56
2018.03.30 19:01:53.998,1.40313,1.40407,1.12,1.19
2018.03.30 19:01:54.308,1.40317,1.40407,1.12,1.37
2018.03.30 19:01:54.360,1.40316,1.4041,1.12,1.12
2018.03.30 19:01:54.412,1.40317,1.4041,1.12,1.62
2018.03.30 19:01:54.464,1.40318,1.40411,1.12,1.25
2018.03.30 19:01:54.516,1.40314,1.40411,1.12,1.56
2018.03.30 19:01:54.839,1.40327,1.40419,1.12,1.37
2018.03.30 19:01:55.149,1.40326,1.4042,1.12,1.37
2018.03.30 19:01:56.481,1.40324,1.4042,1.12,1.37
2018.03.30 19:01:57.440,1.40321,1.4042,1.12,1.37
2018.03.30 19:01:58.041,1.40317,1.4042,1.12,1.75
2018.03.30 19:02:00.068,1.40323,1.40417,1.12,1.12
2018.03.30 19:02:00.378,1.40313,1.40417,1.75,1.12
2018.03.30 19:02:01.715,1.40318,1.40417,1.12,1.12
2018.03.30 19:02:01.766,1.40318,1.40417,1.12,1.12
2018.03.30 19:02:03.004,1.40318,1.40412,1.12,1.12
2018.03.30 19:02:04.291,1.40313,1.40412,1.12,1.12
2018.03.30 19:02:04.343,1.40312,1.40409,1.12,1.12
2018.03.30 19:02:04.395,1.40312,1.40408,1.12,1.12
2018.03.30 19:02:08.400,1.40316,1.40406,1.37,1.12
2018.03.30 19:02:08.452,1.40316,1.40406,1.37,1.12
2018.03.30 19:02:09.427,1.40315,1.40402,1.37,1.00
2018.03.30 19:02:11.769,1.40312,1.40404,1.12,1.12
2018.03.30 19:02:12.107,1.40317,1.40403,1.00,1.12
2018.03.30 19:02:12.210,1.40317,1.40403,1.00,1.12
2018.03.30 19:02:12.262,1.40317,1.40403,1.00,1.12
2018.03.30 19:02:12.313,1.40313,1.40403,1.12,1.12
2018.03.30 19:02:12.606,1.40317,1.40403,1.00,1.12
2018.03.30 19:02:12.709,1.40317,1.40403,1.00,1.12
2018.03.30 19:02:12.914,1.40317,1.40403,1.00,1.12
2018.03.30 19:02:12.966,1.40317,1.40403,1.00,1.12
2018.03.30 19:02:13.591,1.40313,1.40403,1.12,1.12
2018.03.30 19:02:14.104,1.40315,1.40399,1.12,1.25
2018.03.30 19:02:14.481,1.40315,1.40403,1.12,1.94
2018.03.30 19:02:14.693,1.40309,1.40399,1.37,1.12
2018.03.30 19:02:17.701,1.40306,1.40397,1.12,1.12
2018.03.30 19:02:17.804,1.40306,1.40397,1.12,1.12
2018.03.30 19:02:22.577,1.40306,1.40396,1.12,1.12
2018.03.30 19:02:23.105,1.40306,1.40397,1.12,1.12
2018.03.30 19:02:23.772,1.40306,1.40396,1.12,1.12
2018.03.30 19:02:24.107,1.40307,1.40398,1.12,1.12
2018.03.30 19:02:24.771,1.40307,1.40399,1.75,1.12
2018.03.30 19:02:25.093,1.40312,1.40399,1.12,1.12
2018.03.30 19:02:25.197,1.40312,1.40398,1.12,1.12
2018.03.30 19:02:25.537,1.40312,1.40399,1.12,1.12
2018.03.30 19:02:25.589,1.40312,1.40398,1.12,1.12
2018.03.30 19:02:25.642,1.40313,1.40399,1.87,1.12
2018.03.30 19:02:25.745,1.40315,1.40401,1.50,1.37
2018.03.30 19:02:25.848,1.40323,1.40402,1.37,1.12
2018.03.30 19:02:26.107,1.40317,1.40405,1.37,1.12
2018.03.30 19:02:26.419,1.40324,1.40404,1.00,1.12
2018.03.30 19:02:26.471,1.40324,1.40406,1.37,1.12
2018.03.30 19:02:26.714,1.40315,1.40404,1.75,1.12
2018.03.30 19:02:27.143,1.40323,1.40405,1.75,1.12
2018.03.30 19:02:27.247,1.40323,1.40407,1.75,1.12
2018.03.30 19:02:27.401,1.40317,1.40407,1.12,1.12
2018.03.30 19:02:27.453,1.40323,1.40407,1.50,1.12
2018.03.30 19:02:27.857,1.40317,1.40407,1.12,1.12
2018.03.30 19:02:27.908,1.40317,1.40407,1.12,1.37
2018.03.30 19:02:28.236,1.40323,1.40408,1.37,1.12
2018.03.30 19:02:28.495,1.40317,1.40407,1.75,1.12
2018.03.30 19:02:28.701,1.40317,1.40407,1.75,1.37
2018.03.30 19:02:28.805,1.40317,1.40407,1.75,1.12
2018.03.30 19:02:28.857,1.40321,1.40407,1.00,1.12
2018.03.30 19:02:29.367,1.40317,1.40407,1.12,1.12
2018.03.30 19:02:29.931,1.40313,1.40407,1.12,1.12
2018.03.30 19:02:30.954,1.40314,1.40405,1.12,1.12
2018.03.30 19:02:32.281,1.40308,1.404,1.75,1.12
2018.03.30 19:02:32.385,1.40312,1.404,1.00,1.12
2018.03.30 19:02:34.573,1.40308,1.40398,1.12,1.12
2018.03.30 19:02:34.862,1.40301,1.40404,1.12,1.31
2018.03.30 19:02:35.656,1.40308,1.40398,1.37,1.31
2018.03.30 19:02:36.173,1.40306,1.40396,1.12,1.37
2018.03.30 19:02:36.276,1.40306,1.40396,1.12,1.37
2018.03.30 19:02:36.592,1.40305,1.40391,1.12,1.87
2018.03.30 19:02:37.699,1.40305,1.40387,1.00,1.37
2018.03.30 19:02:37.803,1.40303,1.40387,1.12,1.12
2018.03.30 19:02:39.049,1.40305,1.40387,1.00,1.00
2018.03.30 19:02:39.307,1.40302,1.40399,1.12,1.12
2018.03.30 19:02:42.218,1.40303,1.40398,1.12,1.12
2018.03.30 19:02:43.243,1.40307,1.40397,1.00,1.12
2018.03.30 19:02:43.822,1.40303,1.40396,1.12,1.12
2018.03.30 19:02:45.239,1.403,1.40389,1.12,1.00
2018.03.30 19:02:45.342,1.403,1.40392,1.12,1.12
2018.03.30 19:02:50.431,1.40298,1.40391,1.12,1.12
2018.03.30 19:02:53.385,1.40296,1.40383,1.12,1.37
2018.03.30 19:02:54.362,1.40297,1.4038,1.12,1.00
2018.03.30 19:02:54.713,1.40295,1.40384,1.12,1.12
2018.03.30 19:02:55.225,1.40295,1.40386,1.12,1.12
2018.03.30 19:02:56.420,1.40292,1.40386,1.12,1.12
2018.03.30 19:02:59.329,1.40295,1.40385,1.12,1.37
2018.03.30 19:02:59.654,1.40295,1.40385,1.37,1.37
2018.03.30 19:03:00.423,1.40294,1.40385,1.12,1.37
2018.03.30 19:03:00.988,1.40289,1.40385,1.12,1.12
2018.03.30 19:03:01.041,1.40289,1.40385,1.12,1.12
2018.03.30 19:03:02.149,1.40289,1.40384,1.12,1.12
2018.03.30 19:03:03.089,1.40289,1.40384,1.12,1.12
2018.03.30 19:03:03.244,1.4029,1.40378,1.12,1.00
2018.03.30 19:03:04.225,1.40288,1.40382,1.12,1.12
2018.03.30 19:03:04.948,1.40288,1.40384,1.12,1.12
2018.03.30 19:03:05.518,1.40291,1.40383,1.12,1.12
2018.03.30 19:03:06.319,1.40292,1.40382,1.00,1.12
2018.03.30 19:03:07.237,1.40288,1.40382,1.12,1.12
2018.03.30 19:03:08.295,1.40292,1.40383,1.75,1.12
2018.03.30 19:03:08.347,1.40296,1.40383,1.00,1.12
2018.03.30 19:03:09.093,1.40291,1.40383,1.12,1.12
2018.03.30 19:03:09.690,1.40288,1.4038,1.12,1.12
2018.03.30 19:03:09.793,1.40288,1.4038,1.12,1.12
2018.03.30 19:03:10.387,1.40286,1.40381,1.12,1.12
2018.03.30 19:03:10.848,1.4029,1.40381,1.12,1.12
2018.03.30 19:03:11.754,1.4029,1.40378,1.00,1.12
2018.03.30 19:03:12.736,1.40289,1.4038,1.12,1.12
2018.03.30 19:03:13.922,1.4029,1.40381,1.37,1.12
2018.03.30 19:03:14.348,1.40285,1.40379,1.75,1.12
2018.03.30 19:03:14.881,1.40285,1.40377,1.75,1.12
2018.03.30 19:03:15.394,1.40285,1.4038,1.12,1.12
2018.03.30 19:03:15.973,1.40285,1.40377,1.12,1.12
2018.03.30 19:03:16.164,1.40285,1.40379,1.12,1.12
2018.03.30 19:03:16.716,1.40287,1.40379,1.12,1.12
2018.03.30 19:03:18.520,1.40284,1.40377,1.12,1.12
2018.03.30 19:03:19.648,1.40285,1.4038,1.12,1.12
2018.03.30 19:03:20.228,1.40285,1.40377,1.12,1.12
2018.03.30 19:03:21.159,1.40286,1.40378,1.12,1.12
2018.03.30 19:03:21.594,1.40285,1.40379,1.12,1.12
2018.03.30 19:03:22.063,1.40286,1.40377,1.12,1.12
2018.03.30 19:03:22.115,1.40286,1.40376,1.12,1.12
2018.03.30 19:03:22.167,1.40287,1.40376,1.00,1.12
2018.03.30 19:03:23.119,1.40282,1.40375,1.12,1.12
2018.03.30 19:03:24.222,1.40282,1.40376,1.12,1.12
2018.03.30 19:03:24.643,1.40286,1.40377,1.12,1.12
2018.03.30 19:03:24.696,1.40286,1.40376,1.37,1.12
2018.03.30 19:03:25.225,1.40286,1.40378,1.12,1.12
2018.03.30 19:03:25.999,1.40286,1.40379,1.12,1.12
2018.03.30 19:03:26.051,1.4029,1.40379,1.12,1.12
2018.03.30 19:03:26.256,1.4029,1.40379,1.12,1.12
2018.03.30 19:03:26.308,1.40289,1.40377,1.12,1.12
2018.03.30 19:03:26.616,1.4029,1.40379,1.12,1.12
2018.03.30 19:03:28.261,1.4029,1.4038,1.12,1.12
2018.03.30 19:03:28.647,1.40288,1.40379,1.12,1.12
2018.03.30 19:03:28.699,1.40287,1.40377,1.12,1.12
2018.03.30 19:03:28.802,1.40288,1.40377,1.00,1.12
2018.03.30 19:03:29.060,1.40288,1.40378,1.37,1.12
2018.03.30 19:03:29.458,1.40288,1.4038,1.37,1.12
2018.03.30 19:03:30.110,1.40288,1.40381,1.12,1.12
2018.03.30 19:03:30.315,1.4029,1.40379,1.12,1.37
2018.03.30 19:03:31.459,1.40284,1.40378,1.12,1.12
2018.03.30 19:03:31.562,1.40284,1.40376,1.12,1.12
2018.03.30 19:03:32.440,1.40283,1.40377,1.12,1.12
2018.03.30 19:03:33.189,1.40283,1.40375,1.12,1.12
2018.03.30 19:03:33.738,1.40283,1.40375,1.12,1.12
2018.03.30 19:03:34.943,1.40283,1.40373,1.12,1.37
2018.03.30 19:03:35.489,1.40283,1.40375,1.12,1.12
2018.03.30 19:03:35.642,1.40285,1.40376,1.12,1.12
2018.03.30 19:03:36.814,1.40285,1.40378,1.12,1.12
2018.03.30 19:03:37.472,1.40289,1.40378,1.00,1.12
2018.03.30 19:03:38.553,1.40289,1.40378,1.37,1.12
2018.03.30 19:03:38.605,1.40289,1.40376,1.37,1.12
2018.03.30 19:03:38.657,1.40289,1.40377,1.00,1.12
2018.03.30 19:03:38.969,1.40285,1.40375,1.00,1.12
2018.03.30 19:03:39.124,1.40281,1.40376,1.12,1.12
2018.03.30 19:03:40.492,1.40281,1.40376,1.12,1.12
2018.03.30 19:03:41.484,1.40282,1.40376,1.12,1.12
2018.03.30 19:03:42.572,1.40285,1.40375,1.12,1.12
2018.03.30 19:03:42.868,1.40285,1.40374,1.12,1.12
2018.03.30 19:03:43.694,1.40283,1.40374,1.12,1.12
2018.03.30 19:03:44.399,1.40278,1.40373,1.12,1.12
2018.03.30 19:03:44.708,1.40278,1.40373,1.12,1.12
2018.03.30 19:03:46.108,1.40283,1.40374,1.12,1.12
2018.03.30 19:03:46.489,1.40283,1.40371,1.12,1.37
2018.03.30 19:03:51.501,1.40279,1.40372,1.12,1.12
2018.03.30 19:03:53.562,1.40282,1.40371,1.12,1.12
2018.03.30 19:03:55.621,1.40281,1.40371,1.75,1.12
2018.03.30 19:03:56.628,1.40281,1.40371,1.12,1.12
2018.03.30 19:03:57.641,1.40281,1.40366,1.12,1.12
2018.03.30 19:03:58.640,1.4028,1.40365,1.37,1.12
2018.03.30 19:03:59.239,1.40278,1.40366,1.12,1.12
2018.03.30 19:04:00.129,1.40278,1.40366,1.12,1.37
2018.03.30 19:04:00.181,1.40278,1.40366,1.12,1.32
2018.03.30 19:04:00.315,1.40279,1.40369,1.12,1.32
2018.03.30 19:04:00.370,1.40279,1.40369,1.12,1.32
2018.03.30 19:04:00.688,1.40279,1.40369,1.12,1.32
2018.03.30 19:04:01.171,1.40279,1.4037,1.12,1.07
2018.03.30 19:04:01.730,1.40281,1.4037,1.12,1.07
2018.03.30 19:04:02.272,1.40281,1.40348,1.12,0.32
2018.03.30 19:04:02.667,1.40283,1.40348,1.37,0.32
2018.03.30 19:04:03.562,1.40284,1.40343,1.12,0.32
2018.03.30 19:04:04.528,1.40286,1.40343,1.37,0.32
2018.03.30 19:04:04.928,1.40286,1.40338,1.37,0.32
2018.03.30 19:04:05.602,1.40286,1.40333,1.12,0.32
2018.03.30 19:04:06.113,1.40283,1.40333,1.12,0.32
2018.03.30 19:04:06.217,1.40283,1.4037,1.00,1.12
2018.03.30 19:04:06.320,1.40278,1.40368,1.12,1.32
2018.03.30 19:04:06.905,1.40282,1.40369,1.00,1.07
2018.03.30 19:04:07.216,1.40278,1.40369,1.12,1.07
2018.03.30 19:04:07.565,1.40282,1.4037,1.12,1.82
2018.03.30 19:04:08.053,1.40283,1.40352,1.12,0.32
2018.03.30 19:04:08.106,1.40287,1.40373,1.00,1.07
2018.03.30 19:04:09.121,1.40282,1.40345,1.12,0.32
2018.03.30 19:04:09.810,1.40278,1.40345,1.12,0.32
2018.03.30 19:04:10.135,1.40278,1.40335,1.12,0.32
2018.03.30 19:04:10.673,1.40278,1.40335,1.12,0.32
2018.03.30 19:04:10.866,1.40278,1.40335,1.12,0.32
2018.03.30 19:04:11.207,1.40278,1.40369,1.75,1.75
2018.03.30 19:04:11.310,1.40283,1.40326,1.00,0.32
2018.03.30 19:04:11.855,1.40278,1.40326,1.75,0.32
2018.03.30 19:04:12.271,1.40279,1.40327,1.12,0.32
2018.03.30 19:04:12.324,1.40279,1.40364,1.12,1.07
2018.03.30 19:04:13.254,1.40279,1.40364,1.12,1.07
2018.03.30 19:04:13.564,1.40279,1.40336,1.12,0.32
2018.03.30 19:04:14.249,1.40284,1.40335,1.12,0.32
2018.03.30 19:04:14.637,1.40283,1.40367,1.12,1.07
2018.03.30 19:04:15.628,1.40285,1.40371,1.00,1.12
2018.03.30 19:04:15.731,1.40281,1.40339,1.12,0.32
2018.03.30 19:04:16.314,1.40281,1.40339,1.12,0.32
2018.03.30 19:04:16.953,1.40286,1.40376,1.12,1.37
2018.03.30 19:04:17.110,1.4029,1.40373,1.00,1.50
2018.03.30 19:04:17.465,1.40283,1.40377,1.37,1.12
2018.03.30 19:04:17.824,1.40283,1.40375,1.37,1.12
2018.03.30 19:04:18.268,1.40283,1.40374,1.87,1.12
2018.03.30 19:04:18.850,1.40284,1.40372,1.12,1.12
2018.03.30 19:04:19.853,1.40284,1.40374,1.12,1.12
2018.03.30 19:04:19.957,1.40286,1.40379,1.12,1.12
2018.03.30 19:04:20.111,1.40286,1.40378,1.12,1.12
2018.03.30 19:04:21.214,1.40286,1.40376,1.12,1.12
2018.03.30 19:04:21.266,1.40287,1.40377,1.12,1.12
2018.03.30 19:04:22.493,1.40285,1.40377,1.12,1.12
2018.03.30 19:04:23.815,1.40288,1.40378,1.12,1.12
2018.03.30 19:04:25.062,1.40289,1.40377,1.00,1.12
2018.03.30 19:04:25.762,1.40282,1.40376,1.12,1.12
2018.03.30 19:04:25.816,1.40282,1.40376,1.12,1.12
2018.03.30 19:04:26.124,1.40282,1.40375,1.12,1.12
2018.03.30 19:04:27.066,1.40284,1.40376,1.12,1.12
2018.03.30 19:04:28.089,1.40284,1.40377,1.75,1.75
2018.03.30 19:04:28.140,1.40286,1.40375,1.12,1.37
2018.03.30 19:04:29.189,1.40277,1.40371,1.75,1.12
2018.03.30 19:04:29.449,1.40257,1.40345,1.12,1.50
2018.03.30 19:04:29.501,1.40256,1.40349,1.12,1.31
2018.03.30 19:04:29.605,1.40271,1.40362,1.37,1.31
2018.03.30 19:04:29.879,1.4027,1.40366,1.75,2.06
2018.03.30 19:04:29.931,1.40275,1.40362,1.12,2.06
2018.03.30 19:04:29.984,1.40265,1.40362,1.75,2.25
2018.03.30 19:04:30.036,1.40266,1.40363,1.12,1.12
2018.03.30 19:04:30.139,1.40266,1.40347,1.12,1.50
2018.03.30 19:04:30.345,1.4026,1.40344,1.12,1.00
2018.03.30 19:04:30.397,1.40263,1.40342,1.00,1.12
2018.03.30 19:04:30.716,1.40253,1.40321,1.37,1.00
2018.03.30 19:04:30.819,1.4027,1.40336,1.12,1.49
2018.03.30 19:04:30.871,1.4028,1.40336,1.75,1.49
2018.03.30 19:04:30.923,1.40286,1.40381,1.12,1.12
2018.03.30 19:04:30.975,1.40287,1.40382,1.12,1.31
2018.03.30 19:04:31.316,1.40359,1.4042,1.87,1.00
2018.03.30 19:04:31.367,1.40359,1.4042,1.87,1.00
2018.03.30 19:04:31.420,1.40345,1.4042,1.75,1.00
2018.03.30 19:04:31.473,1.40345,1.4042,1.00,1.37
2018.03.30 19:04:31.526,1.40324,1.40411,1.37,1.00
2018.03.30 19:04:31.579,1.4032,1.40415,1.12,1.87
2018.03.30 19:04:31.631,1.40318,1.40415,1.12,1.87
2018.03.30 19:04:31.683,1.40315,1.40415,1.12,1.87
2018.03.30 19:04:32.088,1.40309,1.40407,1.12,1.75
2018.03.30 19:04:32.140,1.40309,1.40404,1.12,1.12
2018.03.30 19:04:33.226,1.40308,1.40403,1.12,1.37
2018.03.30 19:04:33.381,1.40302,1.40398,1.75,1.87
2018.03.30 19:04:33.434,1.40299,1.40395,1.75,1.12
2018.03.30 19:04:33.487,1.40299,1.40394,1.75,1.37
2018.03.30 19:04:34.513,1.40295,1.4039,1.12,1.87
2018.03.30 19:04:34.566,1.40297,1.40387,1.37,1.12
2018.03.30 19:04:35.337,1.40295,1.40387,1.37,1.12
2018.03.30 19:04:35.871,1.40295,1.40387,1.12,1.12
2018.03.30 19:04:36.442,1.40291,1.40378,1.87,1.12
2018.03.30 19:04:36.545,1.40283,1.40373,1.37,1.12
2018.03.30 19:04:36.648,1.40282,1.40378,1.37,1.12
2018.03.30 19:04:36.700,1.40282,1.40379,1.37,1.12
2018.03.30 19:04:37.317,1.40279,1.40379,2.62,1.12
2018.03.30 19:04:37.784,1.40279,1.40379,2.62,1.12
2018.03.30 19:04:38.880,1.40279,1.40382,3.00,1.12
2018.03.30 19:04:38.983,1.4028,1.40382,1.12,1.12
2018.03.30 19:04:40.004,1.4028,1.40376,1.12,1.37
2018.03.30 19:04:40.766,1.40275,1.4037,1.12,1.12
2018.03.30 19:04:40.818,1.40275,1.40369,1.12,1.37
2018.03.30 19:04:41.383,1.40273,1.40369,2.62,1.12
2018.03.30 19:04:44.408,1.40276,1.40368,1.12,1.12
2018.03.30 19:04:44.460,1.40276,1.40368,1.12,1.12
2018.03.30 19:04:44.512,1.40274,1.40368,1.12,1.12
2018.03.30 19:04:45.348,1.40274,1.40367,1.12,1.37
2018.03.30 19:04:46.458,1.40276,1.40367,1.75,1.37
2018.03.30 19:04:48.669,1.40275,1.40365,1.12,1.37
2018.03.30 19:04:48.721,1.40281,1.40364,1.00,1.12
2018.03.30 19:04:49.168,1.40275,1.40364,1.75,1.37
2018.03.30 19:04:50.941,1.40272,1.4036,1.12,1.12
2018.03.30 19:04:51.449,1.40272,1.4036,1.12,1.12
2018.03.30 19:04:52.754,1.40304,1.40369,1.12,1.12
2018.03.30 19:04:52.961,1.40313,1.40401,1.00,1.75
2018.03.30 19:04:53.013,1.40313,1.40396,1.00,1.37
2018.03.30 19:04:53.117,1.4029,1.40383,2.25,1.00
2018.03.30 19:04:53.169,1.40313,1.40378,1.50,1.75
2018.03.30 19:04:53.272,1.40279,1.40365,1.12,1.75
2018.03.30 19:04:53.324,1.40274,1.4037,1.87,1.12
2018.03.30 19:04:53.376,1.40305,1.40375,1.50,1.12
2018.03.30 19:04:53.478,1.40278,1.40372,1.12,1.00
2018.03.30 19:04:53.530,1.4028,1.40376,1.12,1.37
2018.03.30 19:04:53.582,1.40275,1.40368,1.49,1.37
2018.03.30 19:04:53.890,1.40296,1.40359,1.50,1.87
2018.03.30 19:04:54.046,1.40344,1.4041,1.50,1.87
2018.03.30 19:04:54.099,1.40344,1.40405,1.50,1.12
2018.03.30 19:04:54.151,1.40309,1.40389,1.00,1.75
2018.03.30 19:04:54.203,1.40309,1.40391,1.37,1.75
2018.03.30 19:04:54.314,1.40309,1.40382,0.75,1.12
2018.03.30 19:04:54.366,1.40307,1.40382,1.50,1.12
2018.03.30 19:04:54.469,1.40277,1.40373,1.87,1.12
2018.03.30 19:04:54.520,1.4028,1.40371,1.00,1.12
2018.03.30 19:04:54.572,1.40272,1.40367,1.12,1.37
2018.03.30 19:04:54.676,1.40271,1.40364,1.75,1.12
2018.03.30 19:04:54.832,1.40271,1.40359,1.50,1.12
2018.03.30 19:04:54.986,1.40275,1.40366,1.37,1.12
2018.03.30 19:04:55.554,1.40275,1.40366,1.00,1.12
2018.03.30 19:04:56.083,1.40272,1.40366,1.12,1.37
2018.03.30 19:04:56.394,1.40273,1.40366,1.75,1.37
2018.03.30 19:04:56.603,1.40274,1.40364,1.12,1.37
2018.03.30 19:05:01.316,1.40273,1.40365,1.37,1.12
2018.03.30 19:05:06.509,1.40274,1.40366,1.37,1.12
2018.03.30 19:05:12.164,1.40274,1.40364,1.12,1.37
2018.03.30 19:05:12.571,1.40273,1.40365,1.37,1.12
2018.03.30 19:05:20.136,1.40273,1.40365,1.12,1.12
2018.03.30 19:05:20.739,1.40277,1.40364,1.00,1.12
2018.03.30 19:05:29.671,1.40273,1.40364,1.12,1.12
2018.03.30 19:05:29.775,1.40273,1.40365,1.12,1.12
2018.03.30 19:05:38.113,1.40278,1.40366,1.00,1.12
2018.03.30 19:05:41.031,1.40316,1.40364,0.75,1.12
2018.03.30 19:05:41.333,1.40324,1.40365,1.00,1.12
2018.03.30 19:05:41.642,1.40326,1.40365,1.00,1.12
2018.03.30 19:05:41.913,1.40323,1.40365,1.00,1.12
2018.03.30 19:05:42.087,1.40326,1.40365,1.00,1.12
2018.03.30 19:05:42.396,1.40323,1.40369,1.00,1.12
2018.03.30 19:05:42.968,1.40324,1.40369,1.00,1.12
2018.03.30 19:05:43.071,1.40294,1.4037,1.37,1.12
2018.03.30 19:05:43.123,1.40274,1.40368,1.12,1.12
2018.03.30 19:05:43.888,1.40278,1.40367,1.00,1.12
2018.03.30 19:05:51.086,1.40274,1.40365,1.12,1.12
2018.03.30 19:05:52.465,1.40274,1.40364,1.12,1.12
2018.03.30 19:05:53.483,1.40274,1.40366,1.12,1.12
2018.03.30 19:05:56.902,1.40324,1.40364,0.75,1.12
2018.03.30 19:05:57.239,1.40322,1.40364,1.00,1.12
2018.03.30 19:05:57.290,1.4033,1.40364,1.00,1.12
2018.03.30 19:05:57.392,1.40324,1.40364,1.00,1.12
2018.03.30 19:05:58.497,1.40322,1.40364,1.00,1.12
2018.03.30 19:05:58.600,1.40325,1.40364,1.00,1.12
2018.03.30 19:05:59.113,1.40279,1.40367,1.37,1.12
2018.03.30 19:05:59.165,1.40272,1.40364,1.12,1.12
2018.03.30 19:06:00.192,1.40273,1.40364,1.12,1.12
2018.03.30 19:06:00.243,1.40273,1.40364,1.12,1.12
2018.03.30 19:06:10.642,1.40272,1.40363,1.12,1.12
2018.03.30 19:06:11.171,1.40272,1.40363,1.12,1.12
2018.03.30 19:06:11.868,1.40272,1.40364,1.12,1.12
2018.03.30 19:06:12.063,1.40272,1.40362,1.12,1.12
2018.03.30 19:06:13.012,1.40272,1.40364,1.12,1.12
2018.03.30 19:06:13.663,1.40272,1.40364,1.12,1.12
2018.03.30 19:06:13.967,1.40272,1.40364,1.12,1.12
2018.03.30 19:06:14.019,1.40274,1.40364,1.12,1.37
2018.03.30 19:06:14.122,1.40278,1.40364,1.00,1.37
2018.03.30 19:06:18.370,1.40271,1.40361,1.37,1.37
2018.03.30 19:06:19.740,1.40271,1.40362,1.12,1.12
2018.03.30 19:06:20.550,1.40271,1.40361,1.37,1.37
2018.03.30 19:06:22.196,1.40271,1.40361,1.12,1.37
2018.03.30 19:06:23.022,1.40271,1.40361,1.12,1.12
2018.03.30 19:06:23.719,1.40271,1.40362,1.12,1.12
2018.03.30 19:06:24.150,1.40271,1.40362,1.12,1.12
2018.03.30 19:06:24.771,1.40272,1.40362,1.12,1.12
2018.03.30 19:06:26.438,1.40273,1.40364,1.12,1.12
2018.03.30 19:06:26.912,1.40331,1.40362,1.00,1.12
2018.03.30 19:06:27.571,1.40329,1.40362,1.00,1.12
2018.03.30 19:06:27.623,1.40321,1.40362,1.00,1.37
2018.03.30 19:06:28.430,1.40323,1.40362,1.00,1.37
2018.03.30 19:06:28.731,1.4033,1.40366,1.00,1.87
2018.03.30 19:06:28.834,1.40279,1.40363,1.37,1.12
2018.03.30 19:06:28.886,1.40272,1.40363,1.12,1.12
2018.03.30 19:06:31.762,1.40276,1.4037,1.12,1.75
2018.03.30 19:06:32.081,1.40278,1.40369,1.12,1.12
2018.03.30 19:06:32.908,1.40282,1.4037,1.12,1.12
2018.03.30 19:06:33.410,1.40283,1.40373,1.12,1.12
2018.03.30 19:06:34.243,1.40286,1.40376,1.75,1.31
2018.03.30 19:06:34.811,1.40286,1.40377,1.75,1.31
2018.03.30 19:06:37.089,1.40286,1.40376,1.12,1.37
2018.03.30 19:06:37.141,1.40286,1.40377,1.12,1.12
2018.03.30 19:06:38.047,1.40289,1.40376,1.12,1.37
2018.03.30 19:06:38.757,1.40289,1.40377,1.12,1.12
2018.03.30 19:06:39.372,1.40289,1.40376,1.12,1.37
2018.03.30 19:06:39.764,1.40288,1.40379,1.12,1.12
2018.03.30 19:06:41.095,1.40288,1.40381,1.12,1.12
2018.03.30 19:06:44.990,1.40286,1.40384,1.12,1.75
2018.03.30 19:06:45.361,1.40292,1.40384,1.12,1.12
2018.03.30 19:06:45.413,1.40293,1.40384,1.12,1.31
2018.03.30 19:06:47.094,1.40296,1.40388,1.12,1.12
2018.03.30 19:06:49.894,1.40295,1.40385,1.12,1.00
2018.03.30 19:06:50.203,1.40296,1.40392,1.12,1.31
2018.03.30 19:06:51.280,1.40302,1.40392,1.12,1.12
2018.03.30 19:06:51.745,1.40296,1.40397,1.12,1.31
2018.03.30 19:06:52.593,1.40297,1.40397,1.12,1.31
2018.03.30 19:06:54.152,1.40302,1.40397,1.12,1.12
2018.03.30 19:06:55.194,1.40298,1.40399,1.12,2.00
2018.03.30 19:06:55.503,1.40301,1.40396,1.12,1.00
2018.03.30 19:06:57.232,1.40308,1.40404,1.12,1.94
2018.03.30 19:06:57.284,1.40308,1.40404,1.12,2.00
2018.03.30 19:07:02.692,1.40302,1.40405,1.12,1.75
2018.03.30 19:07:03.003,1.40314,1.404,1.12,1.31
2018.03.30 19:07:03.514,1.40316,1.40398,1.12,1.75
2018.03.30 19:07:03.794,1.40307,1.40397,1.75,1.12
2018.03.30 19:07:05.775,1.40309,1.40397,1.12,1.31
2018.03.30 19:07:06.801,1.40313,1.40396,1.12,1.12
2018.03.30 19:07:07.802,1.40313,1.40396,1.12,1.31
2018.03.30 19:07:08.808,1.40314,1.40396,1.12,1.12
2018.03.30 19:07:09.546,1.40297,1.40405,1.75,1.12
2018.03.30 19:07:09.651,1.40308,1.40405,1.12,1.12
2018.03.30 19:07:14.715,1.40312,1.4041,1.12,2.44
2018.03.30 19:07:15.038,1.40312,1.40405,1.12,1.12
2018.03.30 19:07:15.192,1.40312,1.40405,1.12,1.12
2018.03.30 19:07:15.743,1.40312,1.40406,1.12,1.00
2018.03.30 19:07:16.616,1.40313,1.4041,1.37,1.12
2018.03.30 19:07:17.618,1.40313,1.40406,1.12,1.00
2018.03.30 19:07:17.670,1.40317,1.40413,1.12,1.87
2018.03.30 19:07:18.021,1.40322,1.40409,1.12,1.00
2018.03.30 19:07:19.037,1.40322,1.40409,1.12,1.00
2018.03.30 19:07:19.192,1.40318,1.40417,1.12,1.75
2018.03.30 19:07:19.741,1.40321,1.40418,1.12,1.75
2018.03.30 19:07:21.115,1.40323,1.40418,1.12,1.12
2018.03.30 19:07:21.498,1.40327,1.4042,1.12,1.75
2018.03.30 19:07:22.730,1.40329,1.4042,1.12,1.37
2018.03.30 19:07:22.834,1.40321,1.4042,1.12,1.75
2018.03.30 19:07:25.295,1.40322,1.4042,1.12,1.75
2018.03.30 19:07:26.365,1.40327,1.4042,1.12,1.75
2018.03.30 19:07:26.469,1.40323,1.4042,1.12,1.50
2018.03.30 19:07:27.009,1.40324,1.4042,1.12,1.50
2018.03.30 19:07:28.002,1.40322,1.4042,1.12,1.50
2018.03.30 19:07:29.740,1.40321,1.4042,1.12,1.12
2018.03.30 19:07:30.308,1.40321,1.40417,1.12,1.12
2018.03.30 19:07:31.126,1.40319,1.40404,1.12,1.00
2018.03.30 19:07:31.439,1.40283,1.40349,0.37,1.50
2018.03.30 19:07:31.492,1.40261,1.4036,1.12,1.12
2018.03.30 19:07:31.545,1.40261,1.40359,1.75,1.12
2018.03.30 19:07:31.703,1.40271,1.40365,1.12,1.12
2018.03.30 19:07:31.755,1.40268,1.40367,1.12,1.31
2018.03.30 19:07:31.806,1.40261,1.40367,1.12,1.31
2018.03.30 19:07:31.962,1.40265,1.40359,1.12,1.12
2018.03.30 19:07:32.065,1.40266,1.40348,1.37,1.50
2018.03.30 19:07:32.373,1.40266,1.40354,1.37,1.12
2018.03.30 19:07:32.584,1.40253,1.40344,1.12,1.50
2018.03.30 19:07:32.636,1.40251,1.40345,1.12,1.12
2018.03.30 19:07:32.689,1.4026,1.40345,1.12,1.75
2018.03.30 19:07:32.794,1.40266,1.40336,1.75,0.37
2018.03.30 19:07:32.899,1.40289,1.40376,1.37,1.12
2018.03.30 19:07:32.951,1.40289,1.40376,1.12,1.68
2018.03.30 19:07:33.260,1.40289,1.40365,1.12,1.31
2018.03.30 19:07:33.414,1.40289,1.40365,1.12,0.74
2018.03.30 19:07:33.466,1.40301,1.40401,1.12,2.44
2018.03.30 19:07:33.723,1.40312,1.40401,1.12,1.00
2018.03.30 19:07:33.778,1.40318,1.40418,1.12,2.25
2018.03.30 19:07:33.985,1.40327,1.4042,1.12,1.37
2018.03.30 19:07:34.348,1.40358,1.4042,1.87,1.00
2018.03.30 19:07:34.928,1.40355,1.4042,1.75,1.00
2018.03.30 19:07:35.744,1.40353,1.40419,1.12,1.00
2018.03.30 19:07:35.896,1.40344,1.40419,1.12,1.37
2018.03.30 19:07:35.948,1.40349,1.40417,0.74,1.50
2018.03.30 19:07:35.999,1.40325,1.40406,1.37,1.12
2018.03.30 19:07:36.051,1.40325,1.40395,0.75,1.75
2018.03.30 19:07:36.103,1.40306,1.40391,1.12,1.12
2018.03.30 19:07:36.154,1.40306,1.40386,1.12,1.12
2018.03.30 19:07:36.274,1.40285,1.40372,1.74,1.12
2018.03.30 19:07:36.325,1.40285,1.40372,1.00,1.12
2018.03.30 19:07:37.217,1.40272,1.40369,1.75,1.12
2018.03.30 19:07:37.525,1.40272,1.40363,1.75,1.12
2018.03.30 19:07:38.293,1.40272,1.40362,1.75,1.12
2018.03.30 19:07:38.574,1.4027,1.40362,1.75,1.12
2018.03.30 19:07:39.254,1.40268,1.40364,1.12,1.12
2018.03.30 19:07:39.409,1.40275,1.40365,1.37,1.12
2018.03.30 19:07:40.012,1.4027,1.40365,1.12,1.12
2018.03.30 19:07:40.219,1.4027,1.40363,1.12,1.12
2018.03.30 19:07:40.424,1.4027,1.40359,1.12,1.12
2018.03.30 19:07:40.929,1.40274,1.4036,1.12,1.12
2018.03.30 19:07:41.442,1.40274,1.40359,1.12,1.12
2018.03.30 19:07:42.703,1.4027,1.40348,1.87,1.00
2018.03.30 19:07:42.754,1.4027,1.40353,1.12,1.12
2018.03.30 19:07:43.723,1.40267,1.40343,1.37,1.12
2018.03.30 19:07:43.828,1.40254,1.40349,1.12,1.12
2018.03.30 19:07:44.834,1.4026,1.40349,1.37,1.12
2018.03.30 19:07:45.227,1.40263,1.4035,1.12,1.12
2018.03.30 19:07:45.486,1.40263,1.4035,1.12,1.12
2018.03.30 19:07:45.539,1.40263,1.40351,1.37,1.87
2018.03.30 19:07:45.643,1.40263,1.40345,1.37,1.37
2018.03.30 19:07:45.901,1.40266,1.40353,1.12,1.00
2018.03.30 19:07:45.955,1.40267,1.40362,1.12,1.00
2018.03.30 19:07:46.368,1.4027,1.4037,1.12,1.94
2018.03.30 19:07:46.577,1.40277,1.40373,1.12,1.75
2018.03.30 19:07:47.195,1.40277,1.40373,1.12,1.75
2018.03.30 19:07:47.555,1.4028,1.40377,1.12,1.31
2018.03.30 19:07:47.867,1.40285,1.40376,1.12,1.37
2018.03.30 19:07:48.248,1.40282,1.40376,1.12,1.00
2018.03.30 19:07:48.858,1.40282,1.40381,1.12,1.75
2018.03.30 19:07:49.243,1.40285,1.40391,1.12,1.75
2018.03.30 19:07:49.295,1.40286,1.40385,1.12,1.37
2018.03.30 19:07:49.604,1.40288,1.40389,1.12,1.37
2018.03.30 19:07:49.708,1.40288,1.40389,1.12,1.37
2018.03.30 19:07:50.234,1.40289,1.4039,1.37,1.50
2018.03.30 19:07:51.219,1.40292,1.4039,1.12,1.50
2018.03.30 19:07:51.271,1.40292,1.4039,1.12,1.37
2018.03.30 19:07:51.528,1.40291,1.4039,1.12,1.00
2018.03.30 19:07:52.087,1.40293,1.40394,1.12,2.44
2018.03.30 19:07:52.818,1.40295,1.40394,1.12,2.44
2018.03.30 19:07:54.315,1.40295,1.40394,1.12,1.37
2018.03.30 19:07:54.367,1.40294,1.40394,1.12,1.56
2018.03.30 19:07:54.521,1.40297,1.40398,1.12,1.56
2018.03.30 19:07:54.724,1.40302,1.40402,1.12,1.12
2018.03.30 19:07:56.098,1.40304,1.40402,1.12,1.12
2018.03.30 19:07:56.509,1.40302,1.40406,1.12,1.69
2018.03.30 19:07:56.819,1.40303,1.40406,1.12,1.37
2018.03.30 19:07:56.870,1.40302,1.40406,1.12,1.37
2018.03.30 19:07:56.921,1.40304,1.40406,1.12,1.50
2018.03.30 19:07:56.972,1.40302,1.40406,1.12,1.69
2018.03.30 19:07:57.074,1.40303,1.40406,1.12,1.69
2018.03.30 19:07:57.125,1.40302,1.40406,1.12,1.37
2018.03.30 19:07:57.176,1.40303,1.40406,1.12,1.37
2018.03.30 19:07:57.227,1.40302,1.40406,1.12,1.37
2018.03.30 19:07:57.278,1.40304,1.40406,1.12,1.37
2018.03.30 19:07:57.380,1.40305,1.40406,1.12,1.37
2018.03.30 19:07:58.214,1.40304,1.40404,1.12,1.37
2018.03.30 19:07:58.265,1.40305,1.40404,1.12,1.00
2018.03.30 19:07:58.624,1.40307,1.40409,1.12,1.37
2018.03.30 19:07:58.965,1.40309,1.40409,1.12,1.37
2018.03.30 19:08:00.069,1.40309,1.40409,1.12,1.37
2018.03.30 19:08:00.449,1.40309,1.40413,1.12,1.12
2018.03.30 19:08:00.501,1.40308,1.40413,1.12,1.12
2018.03.30 19:08:00.553,1.4031,1.40414,1.12,1.62
2018.03.30 19:08:00.605,1.40308,1.40414,1.12,1.62
2018.03.30 19:08:00.657,1.4031,1.40414,1.12,1.37
2018.03.30 19:08:00.709,1.4031,1.40414,1.12,1.37
2018.03.30 19:08:00.761,1.4031,1.40414,1.12,1.37
2018.03.30 19:08:00.812,1.40311,1.40414,1.12,1.37
2018.03.30 19:08:00.915,1.40311,1.40414,1.12,1.37
2018.03.30 19:08:01.172,1.40311,1.40414,1.12,1.37
2018.03.30 19:08:01.275,1.4031,1.40414,1.12,1.37
2018.03.30 19:08:01.327,1.40314,1.40414,1.12,1.37
2018.03.30 19:08:02.513,1.40317,1.40414,1.12,1.62
2018.03.30 19:08:04.147,1.40316,1.40414,1.12,1.37
2018.03.30 19:08:04.251,1.40312,1.40414,1.12,1.37
2018.03.30 19:08:04.355,1.4031,1.4041,1.12,1.12
2018.03.30 19:08:04.940,1.4031,1.4041,1.37,1.12
2018.03.30 19:08:05.118,1.4031,1.40408,1.12,1.75
2018.03.30 19:08:06.062,1.40308,1.40408,1.75,1.75
2018.03.30 19:08:07.188,1.40308,1.40408,1.12,1.75
2018.03.30 19:08:07.446,1.40306,1.40409,1.12,1.37
2018.03.30 19:08:07.498,1.40309,1.40409,1.12,1.62
2018.03.30 19:08:07.704,1.40308,1.40409,1.12,1.37
2018.03.30 19:08:08.289,1.40313,1.40409,1.12,1.62
2018.03.30 19:08:09.240,1.40313,1.40409,1.12,1.37
2018.03.30 19:08:10.415,1.40313,1.40408,1.12,1.37
2018.03.30 19:08:11.053,1.40313,1.40413,1.12,1.69
2018.03.30 19:08:11.640,1.40315,1.40413,1.12,1.56
2018.03.30 19:08:11.976,1.40315,1.40413,1.12,1.56
2018.03.30 19:08:12.496,1.40321,1.40418,1.37,1.37
2018.03.30 19:08:13.641,1.40321,1.40418,1.37,1.37
2018.03.30 19:08:16.227,1.40318,1.40418,1.12,1.37
2018.03.30 19:08:18.943,1.40315,1.40418,1.12,1.37
2018.03.30 19:08:20.411,1.40318,1.40418,1.12,1.37
2018.03.30 19:08:23.412,1.40319,1.40418,1.12,1.37
2018.03.30 19:08:24.843,1.4032,1.40418,1.12,1.37
2018.03.30 19:08:25.933,1.4032,1.40418,1.12,1.37
2018.03.30 19:08:26.201,1.40315,1.40419,1.75,1.37
2018.03.30 19:08:27.703,1.4032,1.40419,1.12,1.37
2018.03.30 19:08:28.272,1.40324,1.40419,1.12,1.37
2018.03.30 19:08:28.767,1.40321,1.40419,1.12,1.37
2018.03.30 19:08:29.878,1.4032,1.40419,1.12,1.37
2018.03.30 19:08:30.739,1.40322,1.40419,1.12,1.37
2018.03.30 19:08:31.594,1.40322,1.40419,1.12,1.37
2018.03.30 19:08:32.744,1.40317,1.40419,1.12,1.37
2018.03.30 19:08:33.412,1.40315,1.40419,1.12,1.50
2018.03.30 19:08:33.463,1.4032,1.40419,1.12,1.37
2018.03.30 19:08:33.976,1.40317,1.40419,1.12,1.37
2018.03.30 19:08:34.233,1.40318,1.40419,1.12,1.37
2018.03.30 19:08:34.812,1.40319,1.40419,1.12,1.37
2018.03.30 19:08:34.864,1.40324,1.40419,1.12,1.37
2018.03.30 19:08:36.913,1.40321,1.40419,1.12,1.37
2018.03.30 19:08:37.602,1.40318,1.40419,1.12,1.75
2018.03.30 19:08:37.654,1.40316,1.40416,1.12,1.75
2018.03.30 19:08:37.786,1.40313,1.40412,1.75,1.12
2018.03.30 19:08:37.838,1.40313,1.40412,1.75,1.12
2018.03.30 19:08:37.940,1.40313,1.40412,1.75,1.12
2018.03.30 19:08:38.042,1.40314,1.40412,1.37,1.12
2018.03.30 19:08:38.555,1.40317,1.40412,1.12,1.12
2018.03.30 19:08:38.761,1.40313,1.40408,1.12,1.00
2018.03.30 19:08:39.017,1.40317,1.40412,1.00,1.12
2018.03.30 19:08:40.162,1.4031,1.40406,1.75,1.75
2018.03.30 19:08:40.264,1.4031,1.40406,1.75,1.75
2018.03.30 19:08:41.283,1.4031,1.40406,1.12,1.75
2018.03.30 19:08:41.437,1.40314,1.40404,1.00,1.75
2018.03.30 19:08:41.488,1.40305,1.40401,1.12,1.12
2018.03.30 19:08:42.033,1.40307,1.40401,1.12,1.37
2018.03.30 19:08:42.567,1.40307,1.40401,1.37,1.37
2018.03.30 19:08:43.923,1.40307,1.40401,1.12,1.37
2018.03.30 19:08:46.800,1.40307,1.40401,1.37,1.37
2018.03.30 19:08:47.519,1.40307,1.40401,1.12,1.37
2018.03.30 19:08:47.571,1.40304,1.40398,1.12,1.00
2018.03.30 19:08:47.728,1.40307,1.40404,1.12,1.75
2018.03.30 19:08:48.460,1.40309,1.40404,1.12,1.75
2018.03.30 19:08:49.049,1.40311,1.40406,1.12,1.12
2018.03.30 19:08:50.026,1.40311,1.40406,1.12,1.12
2018.03.30 19:08:51.666,1.40313,1.40406,1.12,1.12
2018.03.30 19:08:52.061,1.40313,1.40406,1.12,1.12
2018.03.30 19:08:52.914,1.40313,1.40402,1.12,1.00
2018.03.30 19:08:53.700,1.40313,1.40404,1.12,1.75
2018.03.30 19:08:55.714,1.40314,1.404,1.12,1.31
2018.03.30 19:08:56.724,1.40311,1.40396,1.75,1.12
2018.03.30 19:08:57.730,1.40309,1.40395,1.12,1.12
2018.03.30 19:08:58.740,1.40307,1.40389,1.12,1.12
2018.03.30 19:08:59.736,1.40305,1.40389,1.12,1.75
2018.03.30 19:09:00.724,1.40305,1.40385,1.12,1.37
2018.03.30 19:09:01.215,1.40301,1.40383,1.12,1.12
2018.03.30 19:09:02.777,1.40298,1.4038,1.75,1.12
2018.03.30 19:09:03.782,1.40293,1.40374,2.25,1.12
2018.03.30 19:09:04.797,1.40291,1.4037,1.12,1.12
2018.03.30 19:09:06.803,1.40288,1.40368,1.12,1.12
2018.03.30 19:09:07.059,1.40287,1.40373,1.12,1.12
2018.03.30 19:09:07.111,1.40287,1.40371,1.12,1.37
2018.03.30 19:09:07.163,1.40287,1.40371,1.12,1.12
2018.03.30 19:09:09.112,1.40284,1.40371,1.12,1.50
2018.03.30 19:09:09.164,1.40284,1.40371,1.12,1.00
2018.03.30 19:09:10.983,1.40283,1.40371,1.12,1.00
2018.03.30 19:09:18.226,1.40282,1.40369,1.12,1.75
2018.03.30 19:09:19.214,1.40282,1.40362,1.12,1.12
2018.03.30 19:09:20.261,1.4028,1.40363,1.12,1.12
2018.03.30 19:09:21.269,1.40277,1.40361,1.12,1.12
2018.03.30 19:09:22.281,1.40274,1.40359,1.75,1.12
2018.03.30 19:09:23.285,1.40272,1.40357,1.12,1.12
2018.03.30 19:09:24.295,1.40271,1.40355,1.12,1.75
2018.03.30 19:09:25.988,1.40267,1.40352,1.50,1.00
2018.03.30 19:09:26.040,1.40265,1.40356,1.12,1.12
2018.03.30 19:09:26.601,1.40273,1.4036,1.37,1.87
2018.03.30 19:09:27.287,1.40273,1.4036,1.87,1.87
2018.03.30 19:09:27.339,1.40273,1.40359,1.37,1.12
2018.03.30 19:09:27.455,1.40265,1.40357,1.12,1.12
2018.03.30 19:09:27.764,1.40271,1.40361,1.37,1.87
2018.03.30 19:09:28.406,1.40271,1.40361,1.37,1.87
2018.03.30 19:09:31.875,1.40272,1.40359,1.12,1.87
2018.03.30 19:09:32.803,1.40271,1.40359,1.12,1.12
2018.03.30 19:09:33.843,1.40271,1.40359,1.87,1.75
2018.03.30 19:09:34.844,1.40273,1.40354,1.12,1.00
2018.03.30 19:09:40.925,1.40272,1.40356,1.12,1.12
2018.03.30 19:09:41.864,1.40272,1.40356,1.12,1.12
2018.03.30 19:09:43.884,1.40269,1.40351,1.12,1.12
2018.03.30 19:09:43.936,1.40272,1.40349,1.12,1.12
2018.03.30 19:09:44.331,1.40272,1.40349,1.12,1.75
2018.03.30 19:09:45.114,1.4027,1.40349,1.87,1.12
2018.03.30 19:09:46.127,1.40267,1.40347,1.12,1.12
2018.03.30 19:09:47.135,1.40266,1.40346,1.12,1.75
2018.03.30 19:09:48.148,1.40266,1.40345,1.12,1.75
2018.03.30 19:09:48.200,1.40264,1.4035,1.37,1.12
2018.03.30 19:09:48.252,1.40259,1.40351,1.75,1.12
2018.03.30 19:09:49.163,1.40259,1.40351,1.75,1.12
2018.03.30 19:09:49.215,1.40261,1.40352,1.12,1.87
2018.03.30 19:09:49.632,1.40273,1.40358,1.37,1.87
2018.03.30 19:09:49.684,1.40274,1.40358,1.12,1.87
2018.03.30 19:09:50.169,1.4028,1.40358,1.00,1.12
2018.03.30 19:09:51.455,1.40275,1.40357,1.12,1.87
2018.03.30 19:09:51.674,1.40275,1.40361,1.12,1.87
2018.03.30 19:09:52.213,1.40275,1.40358,1.12,1.12
2018.03.30 19:09:52.999,1.40273,1.40359,1.12,1.12
2018.03.30 19:09:54.109,1.40273,1.40359,1.12,1.12
2018.03.30 19:09:54.663,1.40273,1.40358,1.12,1.37
2018.03.30 19:09:55.322,1.40272,1.40358,1.12,1.75
2018.03.30 19:09:55.439,1.40267,1.40358,1.75,1.12
2018.03.30 19:09:55.492,1.40267,1.40359,1.75,1.12
2018.03.30 19:09:55.971,1.40277,1.40361,1.37,1.87
2018.03.30 19:09:56.523,1.40277,1.40363,1.37,1.87
2018.03.30 19:09:57.005,1.40277,1.40363,1.75,1.87
2018.03.30 19:09:57.056,1.40275,1.40363,1.12,1.87
2018.03.30 19:09:57.467,1.40275,1.40363,1.12,1.87
2018.03.30 19:09:57.786,1.40276,1.40363,1.75,1.12
2018.03.30 19:09:57.839,1.40275,1.40362,1.12,1.12
2018.03.30 19:09:57.891,1.40275,1.40357,1.00,1.12
2018.03.30 19:09:58.292,1.40268,1.40356,1.37,1.12
2018.03.30 19:09:58.676,1.40276,1.40359,1.37,1.12
2018.03.30 19:09:58.807,1.40276,1.40359,1.37,1.12
2018.03.30 19:09:59.969,1.40275,1.40359,1.12,1.75
2018.03.30 19:10:00.470,1.40275,1.40359,1.12,1.75
2018.03.30 19:10:00.952,1.40273,1.4036,1.87,1.75
2018.03.30 19:10:01.056,1.40272,1.4036,1.75,1.75
2018.03.30 19:10:02.488,1.40272,1.4036,1.87,1.87
2018.03.30 19:10:03.969,1.40272,1.4036,1.75,1.87
2018.03.30 19:10:04.351,1.40272,1.40359,1.37,1.12
2018.03.30 19:10:04.403,1.40272,1.40359,1.37,1.12
2018.03.30 19:10:04.455,1.40272,1.4036,1.12,1.37
2018.03.30 19:10:04.916,1.40279,1.40365,1.37,1.75
2018.03.30 19:10:05.621,1.40278,1.40365,1.37,1.75
2018.03.30 19:10:06.281,1.40278,1.40365,1.12,1.87
2018.03.30 19:10:06.993,1.40277,1.40365,1.75,1.87
2018.03.30 19:10:07.096,1.40277,1.40365,1.75,1.87
2018.03.30 19:10:07.238,1.40277,1.40363,1.12,1.37
2018.03.30 19:10:08.040,1.40276,1.40363,1.00,1.37
2018.03.30 19:10:08.288,1.40271,1.40364,1.12,1.12
2018.03.30 19:10:08.593,1.40275,1.40366,1.37,1.75
2018.03.30 19:10:09.284,1.40275,1.40365,1.75,1.12
2018.03.30 19:10:10.317,1.40276,1.40365,1.12,1.12
2018.03.30 19:10:11.164,1.40282,1.40366,1.37,1.87
2018.03.30 19:10:11.560,1.40283,1.40368,1.75,1.87
2018.03.30 19:10:11.734,1.40283,1.40368,1.12,1.87
2018.03.30 19:10:13.266,1.40282,1.40369,1.12,1.87
2018.03.30 19:10:14.258,1.40282,1.40366,1.12,1.12
2018.03.30 19:10:15.228,1.40281,1.40366,1.12,1.12
2018.03.30 19:10:15.280,1.40277,1.40365,1.00,1.12
2018.03.30 19:10:15.332,1.40273,1.40367,1.75,1.12
2018.03.30 19:10:15.794,1.40282,1.40367,1.00,1.12
2018.03.30 19:10:16.111,1.40282,1.40368,1.37,1.87
2018.03.30 19:10:16.215,1.40282,1.40368,1.37,1.12
2018.03.30 19:10:16.804,1.40282,1.40369,1.75,1.75
2018.03.30 19:10:19.185,1.40277,1.40368,1.12,1.12
2018.03.30 19:10:19.674,1.40283,1.40372,1.50,1.12
2018.03.30 19:10:22.674,1.40287,1.40374,1.12,1.12
2018.03.30 19:10:23.249,1.40287,1.40372,1.75,1.12
2018.03.30 19:10:25.310,1.40288,1.40373,1.12,1.87
2018.03.30 19:10:25.361,1.40288,1.40373,1.12,1.87
2018.03.30 19:10:25.789,1.40288,1.40373,1.12,1.87
2018.03.30 19:10:26.932,1.40286,1.40373,1.12,1.87
2018.03.30 19:10:26.984,1.40287,1.40373,1.12,1.87
2018.03.30 19:10:28.984,1.40289,1.4037,1.12,1.12
2018.03.30 19:10:29.241,1.40281,1.40369,1.37,1.12
2018.03.30 19:10:29.293,1.40282,1.40369,1.00,1.12
2018.03.30 19:10:29.601,1.40277,1.40367,1.12,1.37
2018.03.30 19:10:29.953,1.40281,1.40371,1.37,1.87
2018.03.30 19:10:30.614,1.40285,1.40371,1.12,1.87
2018.03.30 19:10:31.016,1.40285,1.40371,1.12,1.87
2018.03.30 19:10:32.305,1.40285,1.40371,1.12,1.87
2018.03.30 19:10:33.211,1.40285,1.40371,1.12,1.87
2018.03.30 19:10:33.263,1.40281,1.4037,1.37,1.12
2018.03.30 19:10:33.639,1.40283,1.40372,1.75,1.87
2018.03.30 19:10:36.364,1.40284,1.4037,1.12,1.12
2018.03.30 19:10:37.018,1.40282,1.4037,1.75,1.12
2018.03.30 19:10:37.646,1.40282,1.40369,1.12,1.12
2018.03.30 19:10:38.381,1.40282,1.40368,1.12,1.12
2018.03.30 19:10:39.244,1.40282,1.40368,1.12,1.12
2018.03.30 19:10:40.245,1.40286,1.40369,1.37,1.12
2018.03.30 19:10:40.794,1.40289,1.40377,1.37,1.12
2018.03.30 19:10:40.896,1.40298,1.40374,1.00,1.12
2018.03.30 19:10:41.079,1.40289,1.40374,1.12,1.00
2018.03.30 19:10:41.131,1.40288,1.40378,1.12,1.87
2018.03.30 19:10:41.182,1.40283,1.40373,1.12,1.12
2018.03.30 19:10:41.541,1.40288,1.40375,1.37,1.87
2018.03.30 19:10:41.857,1.40289,1.40376,1.37,1.87
2018.03.30 19:10:42.582,1.40291,1.40379,1.12,1.12
2018.03.30 19:10:43.561,1.40292,1.40379,1.75,1.87
2018.03.30 19:10:44.662,1.40292,1.40378,1.12,1.12
2018.03.30 19:10:45.272,1.40292,1.40378,1.12,1.12
2018.03.30 19:10:45.653,1.40292,1.40378,1.12,1.12
2018.03.30 19:10:46.656,1.4029,1.40379,1.75,1.87
2018.03.30 19:10:47.322,1.4029,1.40378,1.75,1.12
2018.03.30 19:10:48.606,1.40292,1.40376,1.12,1.12
2018.03.30 19:10:49.613,1.40291,1.40376,1.12,1.12
2018.03.30 19:10:50.618,1.40291,1.40372,1.12,1.00
2018.03.30 19:10:50.722,1.40291,1.40376,1.12,1.12
2018.03.30 19:10:51.627,1.4029,1.40372,1.12,1.12
2018.03.30 19:10:52.492,1.40284,1.40376,1.12,1.87
2018.03.30 19:10:52.544,1.40283,1.40374,1.12,1.87
2018.03.30 19:10:53.638,1.40283,1.40373,1.12,1.12
2018.03.30 19:10:53.741,1.40288,1.40379,1.12,1.12
2018.03.30 19:10:55.069,1.40292,1.40376,1.12,1.12
2018.03.30 19:10:55.122,1.40292,1.40376,1.12,1.12
2018.03.30 19:10:55.173,1.40288,1.40376,1.12,1.12
2018.03.30 19:10:55.678,1.40288,1.40375,1.37,1.87
2018.03.30 19:10:55.883,1.40284,1.40375,1.12,1.12
2018.03.30 19:10:55.935,1.40291,1.40375,1.37,1.12
2018.03.30 19:10:56.562,1.4029,1.40377,1.37,1.12
2018.03.30 19:10:56.995,1.40287,1.40371,1.50,1.00
2018.03.30 19:10:57.046,1.40283,1.40372,1.75,1.12
2018.03.30 19:10:58.240,1.40284,1.40372,1.75,1.12
2018.03.30 19:11:00.250,1.40285,1.40366,1.12,1.00
2018.03.30 19:11:00.302,1.40285,1.40367,1.12,1.12
2018.03.30 19:11:01.238,1.40283,1.40367,1.12,1.12
2018.03.30 19:11:01.776,1.40315,1.40366,0.75,1.12
2018.03.30 19:11:02.176,1.40324,1.40367,1.00,1.12
2018.03.30 19:11:02.279,1.40321,1.40367,1.00,1.75
2018.03.30 19:11:03.273,1.40321,1.40363,1.00,1.37
2018.03.30 19:11:03.640,1.40324,1.40367,1.00,1.12
2018.03.30 19:11:04.000,1.40287,1.40367,1.00,1.12
2018.03.30 19:11:04.052,1.40286,1.40367,1.12,1.12
2018.03.30 19:11:04.355,1.40287,1.40361,1.12,1.00
2018.03.30 19:11:05.289,1.40283,1.40361,1.12,1.12
2018.03.30 19:11:06.300,1.40282,1.4036,1.75,1.12
2018.03.30 19:11:08.322,1.40278,1.40356,1.12,1.12
2018.03.30 19:11:09.332,1.40274,1.40353,1.12,1.12
2018.03.30 19:11:09.383,1.40274,1.40353,1.12,1.37
2018.03.30 19:11:09.745,1.40335,1.40359,1.00,1.75
2018.03.30 19:11:10.350,1.40334,1.40359,1.00,1.87
2018.03.30 19:11:10.463,1.40331,1.40359,1.00,1.12
2018.03.30 19:11:10.568,1.40331,1.40359,1.00,1.12
2018.03.30 19:11:10.803,1.40328,1.40359,1.00,1.12
2018.03.30 19:11:11.411,1.40327,1.40359,1.00,1.12
2018.03.30 19:11:11.463,1.40318,1.40359,1.00,1.12
2018.03.30 19:11:11.516,1.40324,1.40359,1.00,1.12
2018.03.30 19:11:12.079,1.40324,1.40359,1.00,1.12
2018.03.30 19:11:12.181,1.40283,1.40361,1.37,1.75
2018.03.30 19:11:12.285,1.40274,1.40361,1.87,1.87
2018.03.30 19:11:12.337,1.40271,1.4036,1.75,1.12
2018.03.30 19:11:13.217,1.40272,1.40357,1.12,1.37
2018.03.30 19:11:16.223,1.40272,1.40355,1.12,1.87
2018.03.30 19:11:16.704,1.40272,1.40355,1.12,1.12
2018.03.30 19:11:17.257,1.40269,1.40352,1.87,1.12
2018.03.30 19:11:19.237,1.40268,1.4035,1.12,1.12
2018.03.30 19:11:20.231,1.40266,1.40349,1.12,1.12
2018.03.30 19:11:21.291,1.40262,1.40341,1.75,1.37
2018.03.30 19:11:21.649,1.40268,1.40345,1.12,1.12
2018.03.30 19:11:22.602,1.40272,1.40345,1.37,1.12
2018.03.30 19:11:22.705,1.40273,1.40349,1.12,1.31
2018.03.30 19:11:24.414,1.40277,1.40349,1.12,1.31
2018.03.30 19:11:24.743,1.4028,1.40353,1.12,1.31
2018.03.30 19:11:25.429,1.40283,1.40354,1.37,1.12
2018.03.30 19:11:26.433,1.4029,1.40359,1.00,1.31
2018.03.30 19:11:27.445,1.40287,1.4036,1.12,1.12
2018.03.30 19:11:28.454,1.40287,1.4036,1.12,1.12
2018.03.30 19:11:28.979,1.4029,1.40365,1.12,1.31
2018.03.30 19:11:29.814,1.40293,1.40365,1.37,1.31
2018.03.30 19:11:30.470,1.40293,1.40367,1.12,1.31
2018.03.30 19:11:31.477,1.40298,1.40369,1.12,1.31
2018.03.30 19:11:32.482,1.40298,1.40366,1.37,1.00
2018.03.30 19:11:34.083,1.40302,1.40374,1.12,1.56
2018.03.30 19:11:34.475,1.40302,1.40376,1.75,1.31
2018.03.30 19:11:35.509,1.40304,1.4038,1.75,2.00
2018.03.30 19:11:36.519,1.40308,1.40384,1.12,1.94
2018.03.30 19:11:38.527,1.40307,1.40384,1.87,1.94
2018.03.30 19:11:39.508,1.40311,1.40385,1.12,1.12
2018.03.30 19:11:41.134,1.40312,1.40386,1.75,1.12
2018.03.30 19:11:41.542,1.40315,1.40389,1.12,1.31
2018.03.30 19:11:43.553,1.40315,1.40391,1.12,2.00
2018.03.30 19:11:55.363,1.40316,1.40391,1.12,1.31
2018.03.30 19:11:56.651,1.40315,1.40391,1.75,1.12
2018.03.30 19:12:01.263,1.40314,1.40396,1.00,2.81
2018.03.30 19:12:01.314,1.40314,1.40396,1.00,1.12
2018.03.30 19:12:01.366,1.40309,1.40404,1.12,1.75
2018.03.30 19:12:01.880,1.40308,1.40404,1.12,1.75
2018.03.30 19:12:02.340,1.40308,1.40402,1.12,1.00
2018.03.30 19:12:04.223,1.40314,1.40402,1.12,1.00
2018.03.30 19:12:04.325,1.40314,1.40405,1.12,1.75
2018.03.30 19:12:05.325,1.40318,1.40405,1.37,1.75
2018.03.30 19:12:06.335,1.40318,1.40405,1.12,1.75
2018.03.30 19:12:07.313,1.40311,1.40407,1.12,1.75
2018.03.30 19:12:08.982,1.40314,1.40406,1.12,1.75
2018.03.30 19:12:09.511,1.40314,1.40405,1.12,1.75
2018.03.30 19:12:10.688,1.40311,1.40405,1.12,1.75
2018.03.30 19:12:11.213,1.40314,1.40405,1.12,1.75
2018.03.30 19:12:14.570,1.40311,1.40405,1.75,1.75
2018.03.30 19:12:15.322,1.40313,1.40411,1.12,1.75
2018.03.30 19:12:15.654,1.40314,1.40411,1.75,1.75
2018.03.30 19:12:16.635,1.40316,1.40408,1.12,1.00
2018.03.30 19:12:17.705,1.40317,1.40411,1.12,1.75
2018.03.30 19:12:18.383,1.40318,1.40408,1.12,1.00
2018.03.30 19:12:19.351,1.4032,1.40411,1.37,1.75
2018.03.30 19:12:20.484,1.40319,1.40411,1.12,1.75
2018.03.30 19:12:21.031,1.40313,1.4041,1.12,1.75
2018.03.30 19:12:21.543,1.40317,1.4041,1.12,1.75
2018.03.30 19:12:22.669,1.40317,1.4041,1.12,1.75
2018.03.30 19:12:23.794,1.40317,1.40412,1.12,1.87
2018.03.30 19:12:24.344,1.40314,1.40413,1.12,1.75
2018.03.30 19:12:24.654,1.40322,1.40414,1.12,1.75
2018.03.30 19:12:25.315,1.40315,1.40413,1.12,1.75
2018.03.30 19:12:25.629,1.40315,1.40413,1.12,1.75
2018.03.30 19:12:26.772,1.40316,1.40414,1.12,1.75
2018.03.30 19:12:26.824,1.4032,1.4041,1.12,1.00
2018.03.30 19:12:26.928,1.40316,1.40414,1.12,1.75
2018.03.30 19:12:27.236,1.40319,1.40413,1.12,1.75
2018.03.30 19:12:28.286,1.40323,1.40414,1.12,1.75
2018.03.30 19:12:28.932,1.40318,1.40412,1.12,1.75
2018.03.30 19:12:30.633,1.4032,1.40413,1.12,1.75
2018.03.30 19:12:31.112,1.40363,1.40413,0.75,1.75
2018.03.30 19:12:31.417,1.40367,1.40413,1.00,1.75
2018.03.30 19:12:31.907,1.40367,1.40413,1.00,1.75
2018.03.30 19:12:32.240,1.40368,1.40413,1.00,1.75
2018.03.30 19:12:32.566,1.40367,1.40414,1.00,1.75
2018.03.30 19:12:33.154,1.40326,1.40414,1.37,1.75
2018.03.30 19:12:33.688,1.40317,1.40414,1.12,1.75
2018.03.30 19:12:35.092,1.4032,1.4041,1.12,1.00
2018.03.30 19:12:35.143,1.40319,1.40412,1.12,1.75
2018.03.30 19:12:37.167,1.40324,1.40416,1.12,1.75
2018.03.30 19:12:37.475,1.40326,1.40418,1.12,1.87
2018.03.30 19:12:39.476,1.40328,1.40418,1.12,1.87
2018.03.30 19:12:39.813,1.40326,1.40418,1.12,1.87
2018.03.30 19:12:40.345,1.40321,1.40417,1.12,1.75
2018.03.30 19:12:40.500,1.40325,1.4042,1.12,1.75
2018.03.30 19:12:40.552,1.40325,1.4042,1.12,1.50
2018.03.30 19:12:41.321,1.40331,1.4042,1.12,1.50
2018.03.30 19:12:41.373,1.40332,1.4042,1.12,1.75
2018.03.30 19:12:41.784,1.40332,1.4042,1.12,1.37
2018.03.30 19:12:42.490,1.40332,1.4042,1.12,1.37
2018.03.30 19:12:43.521,1.40331,1.4042,1.12,1.37
2018.03.30 19:12:43.817,1.40332,1.4042,1.12,1.37
2018.03.30 19:12:44.076,1.40326,1.40419,1.12,1.37
2018.03.30 19:12:44.128,1.40324,1.40419,1.12,1.37
2018.03.30 19:12:44.703,1.40325,1.40419,1.12,1.37
2018.03.30 19:12:46.763,1.40328,1.40419,1.12,1.37
2018.03.30 19:12:47.113,1.40328,1.4042,1.12,1.37
2018.03.30 19:12:47.217,1.40335,1.4042,1.00,1.75
2018.03.30 19:12:47.350,1.40335,1.4042,1.37,1.37
2018.03.30 19:12:47.523,1.40335,1.4042,1.37,1.37
2018.03.30 19:12:48.099,1.40333,1.4042,1.12,1.37
2018.03.30 19:12:49.335,1.40328,1.4042,1.12,1.37
2018.03.30 19:12:51.417,1.40331,1.4042,1.12,1.37
2018.03.30 19:12:53.838,1.4033,1.4042,1.12,1.37
2018.03.30 19:12:55.020,1.40329,1.4042,1.12,1.37
2018.03.30 19:12:55.331,1.40328,1.4042,1.12,1.37
2018.03.30 19:12:55.435,1.40329,1.4042,1.12,1.37
2018.03.30 19:12:55.642,1.40328,1.40419,1.12,1.37
2018.03.30 19:12:55.694,1.40338,1.40419,1.12,1.37
2018.03.30 19:12:55.967,1.40335,1.40419,1.12,1.37
2018.03.30 19:12:57.979,1.40331,1.40419,1.12,1.37
2018.03.30 19:12:58.327,1.40335,1.40419,1.12,1.37
2018.03.30 19:13:00.208,1.40342,1.4042,1.12,1.12
2018.03.30 19:13:00.561,1.40353,1.4042,1.37,1.00
2018.03.30 19:13:00.666,1.40337,1.4042,1.12,1.37
2018.03.30 19:13:00.719,1.40326,1.40418,1.12,1.75
2018.03.30 19:13:00.771,1.40321,1.40407,1.12,1.00
2018.03.30 19:13:00.823,1.40313,1.40409,1.12,1.75
2018.03.30 19:13:00.977,1.40316,1.40405,1.00,1.87
2018.03.30 19:13:01.080,1.40309,1.40405,1.12,1.87
2018.03.30 19:13:02.062,1.40303,1.40397,1.12,1.00
2018.03.30 19:13:02.217,1.40293,1.40385,1.12,1.00
2018.03.30 19:13:03.362,1.40297,1.40389,1.00,1.12
2018.03.30 19:13:03.414,1.40288,1.40385,1.12,1.12
2018.03.30 19:13:03.517,1.40288,1.40383,1.12,1.12
2018.03.30 19:13:04.513,1.40291,1.40383,1.12,1.12
2018.03.30 19:13:05.263,1.40291,1.40381,1.12,1.12
2018.03.30 19:13:05.471,1.40288,1.40381,1.12,1.12
2018.03.30 19:13:05.574,1.40288,1.40383,1.12,1.12
2018.03.30 19:13:05.842,1.40291,1.40381,1.00,1.12
2018.03.30 19:13:06.275,1.40288,1.40382,1.12,1.12
2018.03.30 19:13:07.355,1.40285,1.40379,1.12,1.87
2018.03.30 19:13:07.407,1.40285,1.40379,1.12,1.87
2018.03.30 19:13:08.139,1.40288,1.40379,1.50,1.87
2018.03.30 19:13:09.168,1.40288,1.40379,1.87,1.87
2018.03.30 19:13:09.220,1.40288,1.40379,1.12,1.87
2018.03.30 19:13:10.721,1.40287,1.40379,1.12,1.87
2018.03.30 19:13:10.774,1.40288,1.40379,1.37,1.87
2018.03.30 19:13:11.172,1.40288,1.40379,1.37,1.87
2018.03.30 19:13:11.917,1.40284,1.40379,1.75,1.87
2018.03.30 19:13:12.088,1.40284,1.40379,1.75,1.87
2018.03.30 19:13:12.395,1.40284,1.40379,1.75,1.87
2018.03.30 19:13:12.549,1.40284,1.40379,1.75,1.87
2018.03.30 19:13:12.970,1.40284,1.40379,1.12,1.87
2018.03.30 19:13:13.307,1.40284,1.40379,1.12,1.12
2018.03.30 19:13:16.774,1.40289,1.40379,1.37,1.37
2018.03.30 19:13:17.286,1.40291,1.40378,1.37,1.37
2018.03.30 19:13:17.938,1.40289,1.40378,1.00,1.37
2018.03.30 19:13:18.263,1.40285,1.40378,1.75,1.37
2018.03.30 19:13:19.267,1.40289,1.40378,1.12,1.37
2018.03.30 19:13:19.816,1.40286,1.40375,1.75,1.12
2018.03.30 19:13:19.971,1.40281,1.40374,1.12,1.37
2018.03.30 19:13:21.787,1.40287,1.40374,1.00,1.12
2018.03.30 19:13:22.144,1.40285,1.40375,1.12,1.12
2018.03.30 19:13:23.332,1.40285,1.40376,1.12,1.87
2018.03.30 19:13:24.892,1.40285,1.40375,1.12,1.12
2018.03.30 19:13:25.413,1.40283,1.40373,1.12,1.37
2018.03.30 19:13:26.102,1.40283,1.40373,1.12,1.12
2018.03.30 19:13:27.112,1.40288,1.40378,1.50,1.75
2018.03.30 19:13:27.164,1.40288,1.40378,1.87,1.75
2018.03.30 19:13:29.135,1.40293,1.40375,1.12,1.37
2018.03.30 19:13:30.144,1.40289,1.40373,1.12,1.12
2018.03.30 19:13:31.013,1.40285,1.40376,1.37,1.50
2018.03.30 19:13:31.066,1.40277,1.40374,1.12,1.75
2018.03.30 19:13:31.169,1.40277,1.40371,1.12,1.37
2018.03.30 19:13:31.478,1.40284,1.40371,1.37,1.12
2018.03.30 19:13:31.808,1.40284,1.40371,1.37,1.37
2018.03.30 19:13:32.766,1.40295,1.40372,1.00,1.75
2018.03.30 19:13:32.870,1.40286,1.40373,1.37,1.87
2018.03.30 19:13:32.973,1.40275,1.40365,1.12,1.50
2018.03.30 19:13:33.025,1.40276,1.40365,1.00,1.50
2018.03.30 19:13:33.283,1.40275,1.40364,1.12,1.12
2018.03.30 19:13:33.442,1.40275,1.40363,1.12,1.37
2018.03.30 19:13:34.227,1.40274,1.40365,1.12,1.50
2018.03.30 19:13:34.331,1.40274,1.40361,1.12,1.75
2018.03.30 19:13:34.382,1.40274,1.40358,1.00,1.37
2018.03.30 19:13:34.916,1.40269,1.40359,1.12,1.12
2018.03.30 19:13:35.731,1.40269,1.40359,1.87,1.12
2018.03.30 19:13:36.345,1.40273,1.40359,1.37,1.12
2018.03.30 19:13:36.499,1.40266,1.40359,1.12,1.12
2018.03.30 19:13:37.067,1.4027,1.4036,1.37,1.12
2018.03.30 19:13:38.198,1.40269,1.40359,1.75,1.12
2018.03.30 19:13:39.053,1.40269,1.40359,1.75,1.12
2018.03.30 19:13:39.352,1.40269,1.4036,1.12,1.87
2018.03.30 19:13:40.360,1.40269,1.4036,1.75,1.87
2018.03.30 19:13:41.710,1.40269,1.40358,1.12,1.37
2018.03.30 19:13:43.137,1.4027,1.40358,1.12,1.12
2018.03.30 19:13:43.190,1.40266,1.40358,1.12,1.12
2018.03.30 19:13:43.396,1.40266,1.4036,1.12,1.12
2018.03.30 19:13:44.552,1.40271,1.40361,1.12,1.12
2018.03.30 19:13:44.887,1.40272,1.40361,1.75,1.87
2018.03.30 19:13:44.990,1.40271,1.40359,1.87,1.37
2018.03.30 19:13:45.196,1.40268,1.40359,1.12,1.37
2018.03.30 19:13:45.709,1.40268,1.4036,1.12,1.87
2018.03.30 19:13:47.125,1.4027,1.40361,1.12,1.37
2018.03.30 19:13:47.644,1.40271,1.40361,1.12,1.37
2018.03.30 19:13:48.594,1.40273,1.40362,1.37,1.12
2018.03.30 19:13:48.648,1.40273,1.40362,1.37,1.12
2018.03.30 19:13:48.700,1.40273,1.40361,1.37,1.37
2018.03.30 19:13:49.009,1.40273,1.40362,1.37,1.87
2018.03.30 19:13:50.085,1.4027,1.4036,1.37,1.12
2018.03.30 19:13:51.010,1.40269,1.4036,1.37,1.37
2018.03.30 19:13:51.525,1.40271,1.40361,1.37,1.87
2018.03.30 19:13:52.179,1.40269,1.4036,1.37,1.87
2018.03.30 19:13:52.635,1.40271,1.40359,1.37,1.37
2018.03.30 19:13:52.855,1.40269,1.40359,1.37,1.50
2018.03.30 19:13:52.958,1.40269,1.40358,1.37,1.50
2018.03.30 19:13:53.010,1.40263,1.40353,1.12,1.00
2018.03.30 19:13:53.319,1.40262,1.40353,1.12,1.87
2018.03.30 19:13:54.241,1.40259,1.40353,1.12,1.87
2018.03.30 19:13:55.074,1.40266,1.40353,1.37,1.87
2018.03.30 19:13:56.114,1.40276,1.40353,1.00,1.87
2018.03.30 19:13:56.922,1.40264,1.40355,1.75,1.37
2018.03.30 19:13:57.047,1.40264,1.40356,1.75,1.12
2018.03.30 19:13:57.100,1.40266,1.40356,1.37,1.12
2018.03.30 19:13:57.204,1.40266,1.40356,1.37,1.12
2018.03.30 19:13:57.940,1.40262,1.40355,1.12,1.37
2018.03.30 19:13:58.145,1.40265,1.40356,1.75,1.12
2018.03.30 19:13:58.351,1.40262,1.40356,1.12,1.12
2018.03.30 19:13:58.558,1.40268,1.40357,1.37,1.12
2018.03.30 19:13:58.891,1.40266,1.40356,1.37,1.12
2018.03.30 19:13:58.943,1.40266,1.40356,1.37,1.12
2018.03.30 19:13:59.199,1.40268,1.40356,1.37,1.12
2018.03.30 19:13:59.570,1.40268,1.40357,1.37,1.87
2018.03.30 19:13:59.689,1.40263,1.40357,1.12,1.87
2018.03.30 19:13:59.945,1.40263,1.40357,1.12,1.12
2018.03.30 19:14:00.752,1.40262,1.40356,1.12,1.12
2018.03.30 19:14:01.930,1.40266,1.40356,1.12,1.37
2018.03.30 19:14:03.237,1.40267,1.40357,1.12,1.12
2018.03.30 19:14:03.752,1.40268,1.40353,1.75,1.50
2018.03.30 19:14:04.624,1.40267,1.40352,1.37,1.00
2018.03.30 19:14:05.212,1.40267,1.40353,1.37,1.50
2018.03.30 19:14:05.367,1.40262,1.4035,1.12,1.37
2018.03.30 19:14:06.272,1.40265,1.40352,1.37,1.87
2018.03.30 19:14:06.841,1.40262,1.40352,1.37,1.12
2018.03.30 19:14:06.894,1.40262,1.4035,1.37,1.37
2018.03.30 19:14:07.560,1.4026,1.40352,1.75,1.12
2018.03.30 19:14:11.700,1.40261,1.4035,1.87,1.12
2018.03.30 19:14:13.188,1.40264,1.4035,1.75,1.37
2018.03.30 19:14:13.464,1.40265,1.40351,1.75,1.12
2018.03.30 19:14:13.516,1.40265,1.4035,1.75,1.87
2018.03.30 19:14:14.063,1.40264,1.4035,1.12,1.87
2018.03.30 19:14:14.217,1.40257,1.4035,1.12,1.37
2018.03.30 19:14:14.694,1.40264,1.40351,1.37,1.87
2018.03.30 19:14:15.291,1.40268,1.40351,1.12,1.37
2018.03.30 19:14:15.610,1.40268,1.40351,1.12,1.37
2018.03.30 19:14:15.764,1.40268,1.40351,1.12,1.12
2018.03.30 19:14:16.034,1.40256,1.40351,1.12,1.87
2018.03.30 19:14:16.407,1.40263,1.4035,1.37,1.12
2018.03.30 19:14:16.665,1.40263,1.40351,1.12,1.75
2018.03.30 19:14:16.717,1.40256,1.40351,1.12,1.50
2018.03.30 19:14:16.769,1.40257,1.40349,1.12,1.75
2018.03.30 19:14:17.098,1.40258,1.40351,1.75,1.12
2018.03.30 19:14:18.664,1.40258,1.40351,1.87,1.87
2018.03.30 19:14:19.980,1.40258,1.40351,1.87,1.87
2018.03.30 19:14:21.316,1.40259,1.40351,1.12,1.87
2018.03.30 19:14:21.706,1.40262,1.4035,1.12,1.75
2018.03.30 19:14:21.758,1.4026,1.4035,1.12,1.75
2018.03.30 19:14:21.862,1.4026,1.4035,1.12,1.75
2018.03.30 19:14:22.118,1.4026,1.40351,1.12,1.87
2018.03.30 19:14:22.426,1.4026,1.40351,1.12,1.87
2018.03.30 19:14:22.736,1.40265,1.40351,1.75,1.87
2018.03.30 19:14:23.274,1.40265,1.4035,1.50,1.50
2018.03.30 19:14:23.541,1.4026,1.4035,1.12,1.50
2018.03.30 19:14:24.542,1.4026,1.4035,1.12,1.75
2018.03.30 19:14:25.268,1.40265,1.4035,1.75,1.37
2018.03.30 19:14:25.424,1.4026,1.40351,1.12,1.87
2018.03.30 19:14:25.993,1.40257,1.40351,1.75,1.87
2018.03.30 19:14:26.046,1.40265,1.4035,1.75,1.37
2018.03.30 19:14:26.315,1.4026,1.40351,1.12,1.87
2018.03.30 19:14:26.367,1.40266,1.40351,1.50,1.87
2018.03.30 19:14:26.702,1.40257,1.4035,1.87,1.87
2018.03.30 19:14:27.535,1.4026,1.4035,1.75,1.87
2018.03.30 19:14:27.962,1.40259,1.40349,1.75,1.87
2018.03.30 19:14:29.464,1.40266,1.40349,1.00,1.87
2018.03.30 19:14:29.516,1.40255,1.40354,1.75,1.75
2018.03.30 19:14:29.612,1.40255,1.40351,1.75,1.75
2018.03.30 19:14:30.349,1.40259,1.40351,1.50,1.87
2018.03.30 19:14:30.863,1.40267,1.40351,1.12,1.12
2018.03.30 19:14:31.534,1.40267,1.40351,1.12,1.12
2018.03.30 19:14:31.852,1.4026,1.40354,1.12,1.12
2018.03.30 19:14:32.866,1.40259,1.40354,1.75,1.12
2018.03.30 19:14:33.227,1.40264,1.40351,1.37,1.12
2018.03.30 19:14:33.331,1.4027,1.4036,1.12,1.75
2018.03.30 19:14:34.117,1.4027,1.4036,1.12,1.75
2018.03.30 19:14:34.556,1.40272,1.4036,1.75,1.75
2018.03.30 19:14:34.967,1.40276,1.40365,1.12,1.37
2018.03.30 19:14:35.019,1.40276,1.40365,1.12,1.75
2018.03.30 19:14:35.660,1.40276,1.40366,1.12,1.87
2018.03.30 19:14:35.763,1.40276,1.40366,1.12,1.87
2018.03.30 19:14:36.073,1.40276,1.40365,1.12,1.75
2018.03.30 19:14:37.272,1.40277,1.40369,1.12,1.75
2018.03.30 19:14:37.781,1.40278,1.4037,1.37,1.75
2018.03.30 19:14:37.833,1.40278,1.4037,1.12,1.75
2018.03.30 19:14:38.176,1.40278,1.40371,1.12,1.87
2018.03.30 19:14:39.126,1.40279,1.40371,1.75,1.87
2018.03.30 19:14:39.178,1.40282,1.40375,1.12,1.75
2018.03.30 19:14:39.387,1.40285,1.40372,1.37,1.00
2018.03.30 19:14:41.042,1.40285,1.40376,1.12,1.87
2018.03.30 19:14:41.518,1.40289,1.40379,1.37,1.94
2018.03.30 19:14:41.570,1.40289,1.40379,1.12,1.94
2018.03.30 19:14:42.239,1.40289,1.4038,1.12,1.75
2018.03.30 19:14:43.394,1.40294,1.40383,1.00,1.12
2018.03.30 19:14:44.189,1.40289,1.40383,1.75,1.12
2018.03.30 19:14:44.395,1.40289,1.40382,1.12,1.12
2018.03.30 19:14:44.498,1.40291,1.40388,1.12,1.12
2018.03.30 19:14:46.463,1.40301,1.40395,1.00,1.31
2018.03.30 19:14:46.515,1.40301,1.40391,1.37,1.12
2018.03.30 19:14:47.545,1.40301,1.40392,1.12,1.12
2018.03.30 19:14:48.909,1.40301,1.40392,1.12,1.12
2018.03.30 19:14:49.115,1.40305,1.40395,1.12,1.12
2018.03.30 19:14:51.819,1.4031,1.40402,1.00,1.31
2018.03.30 19:14:51.870,1.4031,1.40402,1.37,1.31
2018.03.30 19:14:55.473,1.40314,1.40407,1.37,1.12
2018.03.30 19:14:57.490,1.40312,1.40411,1.12,1.12
2018.03.30 19:15:00.002,1.40316,1.40416,1.12,1.12
2018.03.30 19:15:00.738,1.40319,1.40416,1.12,1.12
2018.03.30 19:15:02.416,1.40322,1.40419,1.12,1.87
2018.03.30 19:15:02.519,1.40322,1.40419,1.12,1.87
2018.03.30 19:15:03.288,1.40324,1.40419,1.12,1.87
2018.03.30 19:15:04.093,1.40324,1.40419,1.12,1.87
2018.03.30 19:15:04.403,1.40324,1.40419,1.12,1.87
2018.03.30 19:15:04.506,1.40323,1.40419,1.12,1.87
2018.03.30 19:15:05.035,1.40325,1.40419,1.12,1.87
2018.03.30 19:15:05.699,1.40322,1.4042,1.12,1.87
2018.03.30 19:15:06.046,1.40326,1.4042,1.12,1.50
2018.03.30 19:15:06.562,1.40326,1.4042,1.12,1.50
2018.03.30 19:15:07.117,1.4033,1.4042,1.12,1.50
2018.03.30 19:15:08.225,1.40334,1.40419,1.12,1.50
2018.03.30 19:15:09.216,1.40334,1.40419,1.12,1.12
2018.03.30 19:15:10.242,1.40338,1.40419,1.12,1.50
2018.03.30 19:15:11.450,1.40338,1.40419,1.12,1.50
2018.03.30 19:15:12.064,1.40339,1.40419,1.12,1.50
2018.03.30 19:15:13.811,1.40332,1.40419,1.12,1.50
2018.03.30 19:15:13.966,1.40342,1.4042,1.12,1.50
2018.03.30 19:15:14.120,1.40342,1.4042,1.37,1.50
2018.03.30 19:15:14.655,1.40335,1.4042,1.12,1.50
2018.03.30 19:15:17.367,1.40338,1.4042,1.12,1.50
2018.03.30 19:15:20.291,1.40334,1.4042,1.12,1.50
2018.03.30 19:15:23.992,1.40336,1.40419,1.12,1.50
2018.03.30 19:15:24.044,1.40341,1.4042,1.12,1.50
2018.03.30 19:15:24.252,1.40339,1.4042,1.12,1.50
2018.03.30 19:15:24.793,1.40332,1.4042,1.12,1.50
2018.03.30 19:15:25.102,1.40344,1.4042,1.12,1.50
2018.03.30 19:15:26.483,1.40338,1.4042,1.12,1.50
2018.03.30 19:15:27.022,1.40336,1.4042,1.12,1.50
2018.03.30 19:15:27.462,1.40332,1.40417,1.00,1.87
2018.03.30 19:15:27.514,1.40332,1.40411,1.00,1.50
2018.03.30 19:15:27.567,1.40317,1.40409,1.00,1.75
2018.03.30 19:15:27.619,1.40305,1.40399,1.12,1.37
2018.03.30 19:15:27.672,1.40306,1.40397,1.00,1.37
2018.03.30 19:15:27.725,1.40291,1.40392,1.87,1.50
2018.03.30 19:15:27.778,1.40291,1.40388,1.87,1.00
2018.03.30 19:15:27.883,1.40299,1.40381,1.00,1.50
2018.03.30 19:15:27.987,1.40283,1.40379,1.12,1.12
2018.03.30 19:15:28.521,1.40289,1.40379,1.12,1.12
2018.03.30 19:15:29.328,1.40289,1.40378,1.37,1.12
2018.03.30 19:15:30.473,1.40289,1.40379,1.37,1.12
2018.03.30 19:15:32.162,1.40283,1.40378,1.50,1.12
2018.03.30 19:15:32.266,1.40283,1.40376,1.37,1.12
2018.03.30 19:15:32.318,1.40283,1.40373,1.37,1.50
2018.03.30 19:15:33.548,1.40281,1.40371,1.75,1.37
2018.03.30 19:15:33.652,1.40279,1.40368,1.75,1.12
2018.03.30 19:15:33.703,1.40279,1.40368,1.75,1.87
2018.03.30 19:15:33.808,1.40276,1.40364,1.12,1.50
2018.03.30 19:15:33.860,1.40267,1.40358,1.75,1.00
2018.03.30 19:15:33.912,1.40271,1.40358,1.37,1.37
2018.03.30 19:15:34.643,1.40278,1.40359,1.12,1.37
2018.03.30 19:15:34.695,1.40278,1.40359,1.12,1.12
2018.03.30 19:15:34.901,1.40278,1.40363,1.12,1.50
2018.03.30 19:15:35.164,1.40277,1.40363,1.12,1.50
2018.03.30 19:15:35.268,1.40274,1.40359,1.37,1.75
2018.03.30 19:15:35.320,1.40265,1.40356,1.37,1.12
2018.03.30 19:15:35.576,1.40262,1.40357,1.75,1.87
2018.03.30 19:15:36.110,1.40262,1.40357,1.75,1.87
2018.03.30 19:15:36.214,1.40262,1.40357,1.75,1.87
2018.03.30 19:15:36.420,1.40262,1.40356,1.75,1.00
2018.03.30 19:15:36.574,1.40263,1.40356,1.75,1.00
2018.03.30 19:15:36.677,1.40263,1.40356,1.75,1.00
2018.03.30 19:15:36.908,1.4027,1.40358,1.37,1.00
2018.03.30 19:15:37.114,1.4027,1.40359,1.37,1.75
2018.03.30 19:15:37.167,1.4027,1.40353,1.00,1.50
2018.03.30 19:15:37.219,1.40258,1.40353,1.12,1.87
2018.03.30 19:15:37.770,1.40257,1.40353,2.25,1.50
2018.03.30 19:15:38.232,1.40266,1.40353,1.37,1.50
2018.03.30 19:15:38.542,1.40265,1.40351,1.37,1.37
2018.03.30 19:15:39.201,1.40267,1.40352,1.12,1.50
2018.03.30 19:15:39.705,1.40269,1.40352,1.75,1.00
2018.03.30 19:15:40.013,1.40269,1.40352,1.12,1.12
2018.03.30 19:15:40.065,1.40263,1.40351,1.37,1.12
2018.03.30 19:15:40.118,1.40263,1.4035,1.37,1.37
2018.03.30 19:15:40.170,1.40263,1.40346,1.12,1.50
2018.03.30 19:15:40.427,1.40261,1.40354,1.12,1.50
2018.03.30 19:15:40.479,1.40261,1.40354,1.12,1.50
2018.03.30 19:15:40.787,1.40267,1.40355,1.37,1.75
2018.03.30 19:15:40.941,1.40273,1.40357,1.12,1.75
2018.03.30 19:15:41.146,1.40273,1.40357,1.12,1.75
2018.03.30 19:15:41.665,1.40273,1.40364,1.12,1.31
2018.03.30 19:15:41.716,1.40273,1.40363,1.12,1.56
2018.03.30 19:15:41.871,1.40273,1.40363,1.12,1.37
2018.03.30 19:15:41.923,1.40268,1.40363,1.75,1.37
2018.03.30 19:15:42.026,1.40268,1.40366,1.75,1.50
2018.03.30 19:15:42.078,1.40268,1.40366,1.75,1.75
2018.03.30 19:15:42.739,1.40281,1.40366,1.12,1.50
2018.03.30 19:15:43.054,1.40281,1.40371,1.12,1.87
2018.03.30 19:15:43.157,1.40277,1.4037,1.12,1.37
2018.03.30 19:15:43.671,1.4028,1.40373,1.00,1.75
2018.03.30 19:15:44.785,1.40277,1.40373,1.12,2.00
2018.03.30 19:15:45.093,1.40284,1.40375,1.00,2.00
2018.03.30 19:15:45.404,1.40286,1.40375,1.12,2.06
2018.03.30 19:15:45.508,1.40284,1.40375,1.12,2.06
2018.03.30 19:15:46.122,1.4028,1.40374,1.12,1.37
2018.03.30 19:15:46.224,1.4028,1.40375,1.12,1.50
2018.03.30 19:15:47.419,1.4028,1.40375,1.12,1.50
2018.03.30 19:15:47.830,1.40287,1.40375,1.37,1.50
2018.03.30 19:15:47.985,1.40288,1.4038,2.25,1.50
2018.03.30 19:15:48.139,1.40288,1.4038,1.50,1.75
2018.03.30 19:15:48.682,1.40288,1.40379,1.75,1.00
2018.03.30 19:15:48.837,1.40288,1.4038,1.50,1.75
2018.03.30 19:15:48.971,1.40288,1.4038,1.00,1.75
2018.03.30 19:15:49.543,1.40288,1.40381,1.00,1.75
2018.03.30 19:15:49.851,1.40283,1.40381,1.12,1.75
2018.03.30 19:15:50.159,1.40296,1.40383,1.00,1.37
2018.03.30 19:15:50.520,1.40291,1.40384,1.12,1.50
2018.03.30 19:15:50.675,1.40291,1.40384,1.12,1.50
2018.03.30 19:15:50.832,1.40291,1.40384,1.12,1.50
2018.03.30 19:15:50.936,1.40291,1.40384,1.12,1.50
2018.03.30 19:15:50.987,1.40291,1.40384,1.12,1.50
2018.03.30 19:15:51.040,1.40289,1.40384,1.12,1.00
2018.03.30 19:15:51.575,1.40289,1.40386,1.12,1.75
2018.03.30 19:15:52.092,1.40289,1.40384,1.12,1.00
2018.03.30 19:15:52.400,1.40291,1.40387,1.12,1.37
2018.03.30 19:15:52.714,1.40294,1.40387,1.12,1.37
2018.03.30 19:15:53.015,1.40294,1.40387,1.12,1.37
2018.03.30 19:15:54.016,1.40294,1.40387,1.12,1.37
2018.03.30 19:15:54.347,1.40289,1.40387,1.12,1.37
2018.03.30 19:15:54.862,1.40294,1.40388,1.12,1.50
2018.03.30 19:15:55.119,1.40292,1.40392,1.12,1.75
2018.03.30 19:15:55.222,1.40294,1.40392,1.12,1.37
2018.03.30 19:15:55.433,1.40292,1.40391,1.12,1.87
2018.03.30 19:15:56.154,1.40296,1.40394,1.00,1.69
2018.03.30 19:15:56.257,1.40292,1.40394,1.87,1.69
2018.03.30 19:15:56.758,1.40293,1.40394,1.75,1.69
2018.03.30 19:15:57.274,1.40296,1.40394,1.12,1.69
2018.03.30 19:15:58.069,1.40292,1.40394,1.75,1.69
2018.03.30 19:15:58.365,1.40292,1.40394,1.75,1.69
2018.03.30 19:15:58.418,1.40292,1.40394,1.75,1.69
2018.03.30 19:15:58.471,1.40295,1.40398,1.12,1.75
2018.03.30 19:15:58.524,1.40297,1.40395,1.37,1.37
2018.03.30 19:15:58.833,1.40297,1.40397,1.12,1.75
2018.03.30 19:15:59.438,1.40301,1.40397,1.12,1.75
2018.03.30 19:15:59.746,1.40301,1.40397,1.12,1.75
2018.03.30 19:16:00.054,1.40301,1.40396,1.12,1.00
2018.03.30 19:16:00.366,1.403,1.40397,1.12,1.75
2018.03.30 19:16:00.725,1.40297,1.40397,1.12,1.75
2018.03.30 19:16:00.867,1.40297,1.40396,1.12,1.00
2018.03.30 19:16:01.351,1.40303,1.40398,1.12,1.37
2018.03.30 19:16:01.882,1.40303,1.40398,1.12,1.12
2018.03.30 19:16:04.402,1.40303,1.40398,1.12,1.37
2018.03.30 19:16:04.454,1.40302,1.40398,1.12,1.37
2018.03.30 19:16:05.000,1.40303,1.40399,1.37,1.37
2018.03.30 19:16:05.052,1.40303,1.40399,1.12,1.37
2018.03.30 19:16:05.671,1.40303,1.40399,1.12,1.37
2018.03.30 19:16:05.722,1.40303,1.40399,1.37,1.37
2018.03.30 19:16:06.718,1.40304,1.40397,1.12,1.37
2018.03.30 19:16:07.271,1.40303,1.40397,1.12,1.37
2018.03.30 19:16:08.125,1.40306,1.40399,1.00,1.37
2018.03.30 19:16:08.178,1.40304,1.40402,1.12,1.50
2018.03.30 19:16:08.682,1.40305,1.40404,1.12,1.75
2018.03.30 19:16:08.786,1.40302,1.40403,1.37,1.50
2018.03.30 19:16:09.043,1.40302,1.40399,1.12,1.37
2018.03.30 19:16:09.993,1.40302,1.40399,1.12,1.37
2018.03.30 19:16:10.577,1.40302,1.40399,1.12,1.62
2018.03.30 19:16:10.803,1.40302,1.40399,1.12,1.37
2018.03.30 19:16:11.489,1.40302,1.404,1.12,2.06
2018.03.30 19:16:11.541,1.40302,1.404,1.12,1.87
2018.03.30 19:16:12.065,1.40302,1.404,1.12,2.06
2018.03.30 19:16:12.364,1.40302,1.404,1.12,2.06
2018.03.30 19:16:13.261,1.40302,1.40399,1.12,1.37
2018.03.30 19:16:13.541,1.40301,1.40399,1.12,1.37
2018.03.30 19:16:14.129,1.40302,1.40399,1.12,1.37
2018.03.30 19:16:15.768,1.40303,1.40399,1.12,1.37
2018.03.30 19:16:15.872,1.40304,1.404,1.12,1.87
2018.03.30 19:16:16.391,1.40302,1.404,1.12,1.87
2018.03.30 19:16:16.991,1.40303,1.404,1.12,1.87
2018.03.30 19:16:17.097,1.40303,1.404,1.37,1.37
2018.03.30 19:16:17.615,1.40303,1.40402,1.12,1.75
2018.03.30 19:16:18.623,1.40306,1.404,1.12,1.37
2018.03.30 19:16:19.115,1.40306,1.404,1.12,1.37
2018.03.30 19:16:19.167,1.40306,1.40404,1.75,2.00
2018.03.30 19:16:19.219,1.40306,1.40404,1.50,2.00
2018.03.30 19:16:19.271,1.40306,1.40403,1.37,1.37
2018.03.30 19:16:19.786,1.40304,1.40403,1.12,1.37
2018.03.30 19:16:20.730,1.40306,1.40404,1.12,1.87
2018.03.30 19:16:21.104,1.40306,1.40404,1.12,2.06
2018.03.30 19:16:22.062,1.4031,1.40404,1.37,2.06
2018.03.30 19:16:23.582,1.4031,1.40404,1.37,1.87
2018.03.30 19:16:24.682,1.40309,1.40404,1.12,2.06
2018.03.30 19:16:25.139,1.40304,1.40401,1.75,1.37
2018.03.30 19:16:26.213,1.40308,1.40403,1.00,1.75
2018.03.30 19:16:26.458,1.40304,1.40405,1.12,1.37
2018.03.30 19:16:26.613,1.40304,1.40405,1.75,1.37
2018.03.30 19:16:27.538,1.40308,1.40405,1.12,1.37
2018.03.30 19:16:28.088,1.40312,1.40405,1.12,1.37
2018.03.30 19:16:28.648,1.40308,1.40405,1.87,1.37
2018.03.30 19:16:28.814,1.40306,1.40405,1.12,1.37
2018.03.30 19:16:30.264,1.40308,1.40405,1.12,1.37
2018.03.30 19:16:30.739,1.40308,1.40405,1.12,1.37
2018.03.30 19:16:31.970,1.40308,1.40405,1.12,1.37
2018.03.30 19:16:32.313,1.40308,1.40405,1.12,1.37
2018.03.30 19:16:32.616,1.40308,1.40405,1.12,1.37
2018.03.30 19:16:32.770,1.40306,1.40411,1.12,2.00
2018.03.30 19:16:32.822,1.40306,1.40411,1.12,1.69
2018.03.30 19:16:33.204,1.40307,1.40411,1.12,1.69
2018.03.30 19:16:33.256,1.40308,1.40411,1.12,1.69
2018.03.30 19:16:33.800,1.40311,1.40411,1.12,1.69
2018.03.30 19:16:34.313,1.40315,1.40411,1.00,1.69
2018.03.30 19:16:34.844,1.40308,1.40411,1.12,1.50
2018.03.30 19:16:35.152,1.40311,1.40411,1.12,1.69
2018.03.30 19:16:35.330,1.40315,1.40411,1.00,1.69
2018.03.30 19:16:35.868,1.40311,1.40411,1.12,1.69
2018.03.30 19:16:36.843,1.40311,1.40411,1.12,1.69
2018.03.30 19:16:37.357,1.40311,1.40411,1.12,1.69
2018.03.30 19:16:37.992,1.40311,1.40411,1.12,1.69
2018.03.30 19:16:39.326,1.40311,1.40411,1.12,1.69
2018.03.30 19:16:39.558,1.40312,1.40407,1.12,1.37
2018.03.30 19:16:40.200,1.40317,1.40407,1.00,1.12
2018.03.30 19:16:40.457,1.40312,1.40407,1.37,1.37
2018.03.30 19:16:41.639,1.4031,1.40407,1.12,1.37
2018.03.30 19:16:42.332,1.40317,1.40407,1.00,1.37
2018.03.30 19:16:43.089,1.40313,1.40409,1.37,1.37
2018.03.30 19:16:43.604,1.40313,1.40408,1.37,1.37
2018.03.30 19:16:45.040,1.40312,1.40409,1.12,1.62
2018.03.30 19:16:46.168,1.40311,1.40411,1.12,1.94
2018.03.30 19:16:46.681,1.40311,1.4041,1.12,1.37
2018.03.30 19:16:47.392,1.40313,1.40411,1.12,1.56
2018.03.30 19:16:47.700,1.40312,1.40411,1.12,1.56
2018.03.30 19:16:48.107,1.40308,1.40413,1.12,1.50
2018.03.30 19:16:48.161,1.40308,1.40413,1.12,1.50
2018.03.30 19:16:48.315,1.40308,1.40413,1.12,1.50
2018.03.30 19:16:48.469,1.40308,1.40413,1.12,1.50
2018.03.30 19:16:48.521,1.40308,1.40413,1.12,1.50
2018.03.30 19:16:48.624,1.40308,1.40413,1.12,1.50
2018.03.30 19:16:48.726,1.40311,1.40413,1.12,1.50
2018.03.30 19:16:48.778,1.40309,1.40413,1.12,1.50
2018.03.30 19:16:48.830,1.40311,1.40413,1.12,1.50
2018.03.30 19:16:48.933,1.40309,1.40413,1.12,1.50
2018.03.30 19:16:48.985,1.40311,1.40413,1.12,1.50
2018.03.30 19:16:49.089,1.40309,1.40413,1.12,1.50
2018.03.30 19:16:49.439,1.40313,1.40413,1.12,1.50
2018.03.30 19:16:49.593,1.40313,1.40413,1.12,1.50
2018.03.30 19:16:49.644,1.40313,1.40413,1.12,1.50
2018.03.30 19:16:49.696,1.40313,1.40413,1.12,1.50
2018.03.30 19:16:49.748,1.40313,1.40413,1.12,1.50
2018.03.30 19:16:49.800,1.40313,1.40413,1.12,1.50
2018.03.30 19:16:49.967,1.40313,1.40413,1.12,1.50
2018.03.30 19:16:50.019,1.40313,1.40413,1.12,1.50
2018.03.30 19:16:50.071,1.40313,1.40413,1.12,1.50
2018.03.30 19:16:50.123,1.40311,1.40413,1.12,1.50
2018.03.30 19:16:50.176,1.40311,1.40413,1.12,1.50
2018.03.30 19:16:50.281,1.40311,1.40413,1.12,1.50
2018.03.30 19:16:50.486,1.40312,1.40413,1.12,1.50
2018.03.30 19:16:50.589,1.40313,1.40413,1.12,1.50
2018.03.30 19:16:50.692,1.40313,1.40413,1.37,1.50
2018.03.30 19:16:50.846,1.40313,1.40413,1.12,1.50
2018.03.30 19:16:51.052,1.40312,1.40413,1.12,1.50
2018.03.30 19:16:51.104,1.40313,1.40413,1.12,1.50
2018.03.30 19:16:51.207,1.40313,1.40413,1.12,1.50
2018.03.30 19:16:51.258,1.40315,1.40413,1.12,1.50
2018.03.30 19:16:51.310,1.40317,1.40413,1.00,1.50
2018.03.30 19:16:51.362,1.40315,1.40413,1.12,1.37
2018.03.30 19:16:51.567,1.40315,1.40413,1.12,1.37
2018.03.30 19:16:52.083,1.40315,1.40413,1.12,1.37
2018.03.30 19:16:52.852,1.40315,1.40412,1.37,1.37
2018.03.30 19:16:53.006,1.40315,1.40412,1.37,1.37
2018.03.30 19:16:53.109,1.40315,1.40412,1.37,1.37
2018.03.30 19:16:53.212,1.40315,1.40412,1.37,1.37
2018.03.30 19:16:53.264,1.40315,1.40412,1.37,1.37
2018.03.30 19:16:53.367,1.40315,1.40412,1.37,1.37
2018.03.30 19:16:53.470,1.40315,1.40412,1.37,1.37
2018.03.30 19:16:53.573,1.40315,1.40412,1.12,1.37
2018.03.30 19:16:53.713,1.40315,1.40412,1.37,1.37
2018.03.30 19:16:53.765,1.40315,1.40412,1.37,1.37
2018.03.30 19:16:53.868,1.40315,1.40412,1.12,1.37
2018.03.30 19:16:53.970,1.40315,1.40412,1.12,1.37
2018.03.30 19:16:54.174,1.40315,1.40412,1.12,1.37
2018.03.30 19:16:54.225,1.40315,1.40412,1.12,1.37
2018.03.30 19:16:54.377,1.40315,1.40412,1.12,1.37
2018.03.30 19:16:54.428,1.40315,1.40412,1.12,1.37
2018.03.30 19:16:54.581,1.40315,1.40412,1.12,1.37
2018.03.30 19:16:54.633,1.40315,1.40412,1.12,1.37
2018.03.30 19:16:54.890,1.40315,1.40412,1.12,1.37
2018.03.30 19:16:55.501,1.40318,1.40414,1.12,1.62
2018.03.30 19:16:56.033,1.40319,1.40415,1.75,1.56
2018.03.30 19:16:56.085,1.40317,1.40416,1.12,1.56
2018.03.30 19:16:56.594,1.40316,1.40413,1.12,1.87
2018.03.30 19:16:57.117,1.40316,1.40415,1.12,1.37
2018.03.30 19:16:58.194,1.40312,1.40417,1.12,2.06
2018.03.30 19:16:58.709,1.40313,1.40414,1.12,1.87
2018.03.30 19:16:59.393,1.40313,1.40414,1.12,1.87
2018.03.30 19:16:59.599,1.40319,1.40414,1.12,1.87
2018.03.30 19:17:00.597,1.40316,1.40414,1.12,1.87
2018.03.30 19:17:01.213,1.40311,1.40416,1.75,1.37
2018.03.30 19:17:01.519,1.40319,1.40416,1.37,1.87
2018.03.30 19:17:02.394,1.40319,1.40415,1.12,1.37
2018.03.30 19:17:03.456,1.40324,1.40416,1.00,1.87
2018.03.30 19:17:04.005,1.40317,1.40416,1.12,1.87
2018.03.30 19:17:06.130,1.40316,1.40416,1.12,1.87
2018.03.30 19:17:07.036,1.40316,1.40419,1.12,1.50
2018.03.30 19:17:07.088,1.40321,1.40422,1.37,1.75
2018.03.30 19:17:07.140,1.40321,1.40422,1.37,1.75
2018.03.30 19:17:08.177,1.40321,1.40422,1.12,1.75
2018.03.30 19:17:08.489,1.40317,1.40414,1.37,1.37
2018.03.30 19:17:09.338,1.40315,1.40415,1.12,1.37
2018.03.30 19:17:09.545,1.40314,1.40417,1.12,1.75
2018.03.30 19:17:09.647,1.40314,1.40417,1.12,2.00
2018.03.30 19:17:11.541,1.40319,1.40415,1.12,1.37
2018.03.30 19:17:12.186,1.40318,1.40416,1.75,1.37
2018.03.30 19:17:12.754,1.40315,1.40415,1.12,1.37
2018.03.30 19:17:13.975,1.40316,1.40416,1.12,1.37
2018.03.30 19:17:14.028,1.40316,1.40411,1.12,1.37
2018.03.30 19:17:14.080,1.40315,1.40411,1.12,1.37
2018.03.30 19:17:15.465,1.40316,1.40411,1.37,1.37
2018.03.30 19:17:15.568,1.40316,1.40414,1.37,1.75
2018.03.30 19:17:15.671,1.40315,1.40414,1.12,1.75
2018.03.30 19:17:15.826,1.40314,1.40414,1.12,1.75
2018.03.30 19:17:15.929,1.40313,1.40414,1.12,1.75
2018.03.30 19:17:16.032,1.40314,1.40414,1.12,1.75
2018.03.30 19:17:16.135,1.40314,1.40414,1.12,1.75
2018.03.30 19:17:16.187,1.40313,1.40414,1.12,1.75
2018.03.30 19:17:16.290,1.40313,1.40414,1.12,1.75
2018.03.30 19:17:17.344,1.40312,1.40414,1.12,1.75
2018.03.30 19:17:17.397,1.40312,1.40414,1.12,1.37
2018.03.30 19:17:21.891,1.40322,1.40415,1.00,1.37
2018.03.30 19:17:22.200,1.40319,1.40415,1.12,1.37
2018.03.30 19:17:22.715,1.40313,1.40414,1.12,1.37
2018.03.30 19:17:22.913,1.40315,1.40418,1.12,1.75
2018.03.30 19:17:23.229,1.40315,1.40419,1.12,1.75
2018.03.30 19:17:24.537,1.40317,1.40419,1.12,1.75
2018.03.30 19:17:28.633,1.40313,1.40417,1.75,1.37
2018.03.30 19:17:29.293,1.40315,1.40417,1.12,1.37
2018.03.30 19:17:30.117,1.40318,1.40418,1.12,1.37
2018.03.30 19:17:30.667,1.40325,1.4042,1.00,2.25
2018.03.30 19:17:31.542,1.40325,1.4042,1.37,1.75
2018.03.30 19:17:31.851,1.4032,1.4042,1.12,1.37
2018.03.30 19:17:32.572,1.40318,1.40416,1.12,1.75
2018.03.30 19:17:33.818,1.4031,1.40416,1.12,1.75
2018.03.30 19:17:34.847,1.40314,1.40414,1.12,1.12
2018.03.30 19:17:34.899,1.40315,1.40411,1.37,1.75
2018.03.30 19:17:37.457,1.40312,1.4041,1.12,1.75
2018.03.30 19:17:37.562,1.40314,1.4041,1.12,1.75
2018.03.30 19:17:38.338,1.40312,1.4041,1.12,1.50
2018.03.30 19:17:39.848,1.40309,1.4041,1.12,1.50
2018.03.30 19:17:40.096,1.40312,1.4041,1.12,1.50
2018.03.30 19:17:41.413,1.40313,1.4041,1.12,1.50
2018.03.30 19:17:42.954,1.40312,1.4041,1.12,1.50
2018.03.30 19:17:43.417,1.40311,1.4041,1.12,1.50
2018.03.30 19:17:43.520,1.40308,1.4041,1.12,1.50
2018.03.30 19:17:44.050,1.40315,1.4041,1.12,1.50
2018.03.30 19:17:44.565,1.40315,1.40413,1.37,1.50
2018.03.30 19:17:44.617,1.4031,1.40404,1.12,1.37
2018.03.30 19:17:44.669,1.4031,1.40404,1.12,1.75
2018.03.30 19:17:45.590,1.40311,1.40404,1.37,1.75
2018.03.30 19:17:47.642,1.4031,1.40404,1.12,1.75
2018.03.30 19:17:48.574,1.40309,1.40404,1.12,1.75
2018.03.30 19:17:49.162,1.40308,1.40404,1.12,1.75
2018.03.30 19:17:50.225,1.40311,1.40404,1.12,1.75
2018.03.30 19:17:50.737,1.40308,1.40404,1.12,1.75
2018.03.30 19:17:51.274,1.40311,1.40403,1.12,1.00
2018.03.30 19:17:51.432,1.40308,1.40405,1.12,1.75
2018.03.30 19:17:52.315,1.40311,1.40405,1.12,1.75
2018.03.30 19:17:52.368,1.40314,1.4041,1.37,1.75
2018.03.30 19:17:52.419,1.40314,1.4041,1.12,1.75
2018.03.30 19:17:52.471,1.40314,1.4041,1.12,1.75
2018.03.30 19:17:52.679,1.40309,1.40409,1.12,1.75
2018.03.30 19:17:53.600,1.40312,1.40409,1.12,1.75
2018.03.30 19:17:54.371,1.40318,1.40409,1.00,1.75
2018.03.30 19:17:54.886,1.40312,1.40407,1.12,1.50
2018.03.30 19:17:55.415,1.40311,1.40409,1.12,1.75
2018.03.30 19:17:56.140,1.40314,1.40409,1.12,1.75
2018.03.30 19:17:56.192,1.40318,1.40409,1.00,1.75
2018.03.30 19:17:57.115,1.40314,1.40409,1.50,1.75
2018.03.30 19:17:57.680,1.40314,1.40409,1.37,1.75
2018.03.30 19:17:57.937,1.40314,1.4041,1.12,1.75
2018.03.30 19:17:58.825,1.40312,1.4041,1.12,1.75
2018.03.30 19:17:59.474,1.40316,1.4041,1.12,1.75
2018.03.30 19:17:59.988,1.40311,1.4041,1.12,1.75
2018.03.30 19:18:00.915,1.40313,1.4041,1.75,1.75
2018.03.30 19:18:01.854,1.40313,1.4041,1.12,1.75
2018.03.30 19:18:02.469,1.40313,1.4041,1.12,1.75
2018.03.30 19:18:03.139,1.40316,1.4041,1.12,1.75
2018.03.30 19:18:03.736,1.4032,1.4041,1.00,1.75
2018.03.30 19:18:03.891,1.40314,1.40411,1.12,1.75
2018.03.30 19:18:04.199,1.40316,1.4041,1.12,1.75
2018.03.30 19:18:05.174,1.40316,1.4041,1.37,1.75
2018.03.30 19:18:06.985,1.4032,1.4041,1.00,1.75
2018.03.30 19:18:07.704,1.40316,1.40411,1.37,1.75
2018.03.30 19:18:07.910,1.40316,1.40412,1.12,2.00
2018.03.30 19:18:08.064,1.40309,1.40411,1.12,1.50
2018.03.30 19:18:08.322,1.40311,1.40411,1.12,1.50
2018.03.30 19:18:08.962,1.40315,1.40411,1.12,1.50
2018.03.30 19:18:09.475,1.40311,1.40411,1.12,1.50
2018.03.30 19:18:10.013,1.40315,1.40411,1.12,1.50
2018.03.30 19:18:10.239,1.40314,1.40411,1.12,1.50
2018.03.30 19:18:10.820,1.40315,1.40411,1.37,1.50
2018.03.30 19:18:12.095,1.40315,1.40411,1.12,1.50
2018.03.30 19:18:12.300,1.40313,1.40411,1.12,1.50
2018.03.30 19:18:12.761,1.40315,1.40411,1.37,1.50
2018.03.30 19:18:12.812,1.40315,1.40411,1.37,1.50
2018.03.30 19:18:13.844,1.40315,1.40411,1.37,1.50
2018.03.30 19:18:13.998,1.40313,1.40411,1.12,1.50
2018.03.30 19:18:14.050,1.40313,1.40411,1.75,1.50
2018.03.30 19:18:14.817,1.40313,1.40411,1.12,1.50
2018.03.30 19:18:15.644,1.40312,1.40411,1.12,1.50
2018.03.30 19:18:15.952,1.40313,1.4041,1.12,1.37
2018.03.30 19:18:16.997,1.40312,1.4041,1.12,1.37
2018.03.30 19:18:17.721,1.40318,1.4041,1.00,1.37
2018.03.30 19:18:17.972,1.40315,1.4041,1.12,1.37
2018.03.30 19:18:18.239,1.4032,1.40411,1.37,1.75
2018.03.30 19:18:18.815,1.40314,1.40411,1.12,1.75
2018.03.30 19:18:20.429,1.40313,1.40411,1.12,1.75
2018.03.30 19:18:20.994,1.40315,1.40409,1.12,1.00
2018.03.30 19:18:21.046,1.40315,1.40411,1.12,1.75
2018.03.30 19:18:23.380,1.40319,1.40411,1.12,1.75
2018.03.30 19:18:23.842,1.4032,1.4041,1.12,1.75
2018.03.30 19:18:25.044,1.4032,1.4041,1.12,1.75
2018.03.30 19:18:25.249,1.4032,1.40409,1.37,1.00
2018.03.30 19:18:25.301,1.4032,1.40412,1.37,1.75
2018.03.30 19:18:25.506,1.4032,1.40409,1.37,1.00
2018.03.30 19:18:25.558,1.4032,1.40412,1.37,1.75
2018.03.30 19:18:25.610,1.4032,1.40409,1.37,1.00
2018.03.30 19:18:25.816,1.4032,1.40412,1.37,1.75
2018.03.30 19:18:25.919,1.4032,1.40409,1.37,1.00
2018.03.30 19:18:26.077,1.4032,1.40412,1.37,1.75
2018.03.30 19:18:26.588,1.40319,1.40412,1.12,1.75
2018.03.30 19:18:27.515,1.40315,1.40412,1.12,1.75
2018.03.30 19:18:28.082,1.40315,1.40415,1.12,1.75
2018.03.30 19:18:28.462,1.40316,1.40415,1.12,1.75
2018.03.30 19:18:28.565,1.40318,1.40415,1.12,1.75
2018.03.30 19:18:29.110,1.4032,1.40416,1.12,1.75
2018.03.30 19:18:29.796,1.40317,1.40416,1.12,1.75
2018.03.30 19:18:30.664,1.40319,1.40416,1.75,1.75
2018.03.30 19:18:31.632,1.40327,1.40418,1.00,1.75
2018.03.30 19:18:32.160,1.40322,1.40418,1.12,1.75
2018.03.30 19:18:33.089,1.40322,1.40417,1.12,1.75
2018.03.30 19:18:33.558,1.40317,1.40412,1.12,1.50
2018.03.30 19:18:34.171,1.40308,1.40402,1.37,1.37
2018.03.30 19:18:34.223,1.40304,1.40397,1.12,1.12
2018.03.30 19:18:35.879,1.40307,1.40397,1.12,1.12
2018.03.30 19:18:36.188,1.40303,1.40395,1.87,1.87
2018.03.30 19:18:36.291,1.40303,1.40394,1.12,1.12
2018.03.30 19:18:36.343,1.40303,1.40394,1.12,1.12
2018.03.30 19:18:37.003,1.40301,1.40394,1.12,1.12
2018.03.30 19:18:37.577,1.40298,1.40394,1.75,1.12
2018.03.30 19:18:37.934,1.40301,1.40394,1.12,1.87
2018.03.30 19:18:38.671,1.403,1.40391,1.12,1.12
2018.03.30 19:18:38.928,1.403,1.40391,1.37,1.87
2018.03.30 19:18:39.214,1.40294,1.4039,1.75,1.75
2018.03.30 19:18:39.740,1.40294,1.40391,1.75,1.12
2018.03.30 19:18:40.860,1.40294,1.40391,1.75,1.12
2018.03.30 19:18:41.213,1.40298,1.40391,1.12,1.87
2018.03.30 19:18:41.421,1.40298,1.40386,1.12,1.12
2018.03.30 19:18:41.789,1.40295,1.40385,1.75,1.12
2018.03.30 19:18:41.945,1.40292,1.40382,1.75,1.75
2018.03.30 19:18:42.481,1.40295,1.40385,1.00,1.12
2018.03.30 19:18:43.187,1.40295,1.40386,1.12,1.12
2018.03.30 19:18:43.393,1.40295,1.40385,1.12,1.12
2018.03.30 19:18:43.496,1.40293,1.40382,1.12,1.37
2018.03.30 19:18:43.807,1.40293,1.40383,1.12,1.12
2018.03.30 19:18:44.273,1.40293,1.40382,1.00,1.37
2018.03.30 19:18:45.319,1.40292,1.40381,1.12,1.37
2018.03.30 19:18:45.424,1.40289,1.40378,1.37,1.12
2018.03.30 19:18:46.163,1.40289,1.40378,1.12,1.12
2018.03.30 19:18:46.317,1.40289,1.40378,1.37,1.12
2018.03.30 19:18:46.369,1.40289,1.40378,1.00,1.12
2018.03.30 19:18:48.193,1.40287,1.40378,1.12,1.12
2018.03.30 19:18:49.257,1.40285,1.40375,1.12,1.12
2018.03.30 19:18:49.573,1.40285,1.40375,1.12,1.12
2018.03.30 19:18:49.730,1.40283,1.40374,1.12,1.12
2018.03.30 19:18:50.039,1.40282,1.40376,1.12,1.12
2018.03.30 19:18:51.019,1.40282,1.40376,1.12,1.87
2018.03.30 19:18:51.337,1.40281,1.40373,1.12,1.87
2018.03.30 19:18:51.443,1.40281,1.40372,1.12,1.12
2018.03.30 19:18:51.964,1.40281,1.40372,1.12,1.37
2018.03.30 19:18:52.119,1.40283,1.40372,1.00,1.37
2018.03.30 19:18:52.172,1.40284,1.40373,1.37,1.87
2018.03.30 19:18:52.224,1.40278,1.40372,1.75,1.37
2018.03.30 19:18:52.812,1.40283,1.40372,1.50,1.37
2018.03.30 19:18:53.123,1.40284,1.40373,1.87,1.87
2018.03.30 19:18:53.175,1.40284,1.40373,1.12,1.87
2018.03.30 19:18:53.227,1.40283,1.40372,1.75,1.37
2018.03.30 19:18:54.117,1.40283,1.40372,1.00,1.12
2018.03.30 19:18:54.595,1.40279,1.40372,1.12,1.12
2018.03.30 19:18:54.648,1.40275,1.4037,1.12,1.12
2018.03.30 19:18:55.305,1.40281,1.4037,1.37,1.37
2018.03.30 19:18:55.641,1.40283,1.4037,1.12,1.12
2018.03.30 19:18:56.311,1.40283,1.40369,1.12,1.37
2018.03.30 19:18:56.744,1.40283,1.4037,1.12,1.12
2018.03.30 19:18:57.180,1.40284,1.4037,1.75,1.12
2018.03.30 19:18:57.232,1.40284,1.40366,1.37,1.12
2018.03.30 19:18:57.489,1.40271,1.40365,1.75,1.12
2018.03.30 19:18:57.873,1.4028,1.40366,1.37,1.12
2018.03.30 19:18:58.185,1.4028,1.40366,1.12,1.12
2018.03.30 19:18:58.639,1.4028,1.40366,1.37,1.87
2018.03.30 19:18:59.052,1.40275,1.40366,1.37,1.12
2018.03.30 19:18:59.155,1.40279,1.4037,1.37,1.12
2018.03.30 19:18:59.258,1.40275,1.40368,1.12,1.37
2018.03.30 19:18:59.309,1.40275,1.40369,1.12,1.12
2018.03.30 19:18:59.360,1.40274,1.4036,1.00,1.12
2018.03.30 19:19:00.030,1.40268,1.40358,1.12,1.37
2018.03.30 19:19:00.392,1.40271,1.4036,1.50,1.12
2018.03.30 19:19:00.496,1.40268,1.4036,1.12,1.12
2018.03.30 19:19:01.029,1.40268,1.40361,1.12,1.12
2018.03.30 19:19:01.441,1.40271,1.4036,1.37,1.50
2018.03.30 19:19:01.751,1.40272,1.40358,1.37,1.12
2018.03.30 19:19:01.855,1.4027,1.40356,1.37,1.12
2018.03.30 19:19:02.217,1.40269,1.40356,1.37,1.12
2018.03.30 19:19:02.525,1.40269,1.40356,1.37,1.12
2018.03.30 19:19:03.111,1.4027,1.40356,1.37,1.12
2018.03.30 19:19:04.226,1.40273,1.40358,1.12,1.12
2018.03.30 19:19:04.328,1.40273,1.40358,1.12,1.12
2018.03.30 19:19:04.847,1.40273,1.40361,1.12,1.87
2018.03.30 19:19:06.389,1.40274,1.4036,1.12,1.12
2018.03.30 19:19:06.538,1.40269,1.40359,1.37,1.12
2018.03.30 19:19:06.590,1.40269,1.40359,1.37,1.12
2018.03.30 19:19:07.103,1.40268,1.40359,1.37,1.12
2018.03.30 19:19:07.154,1.40274,1.40361,1.37,1.87
2018.03.30 19:19:07.309,1.40274,1.40363,1.37,1.87
2018.03.30 19:19:07.361,1.40273,1.40361,1.37,1.12
2018.03.30 19:19:07.413,1.40268,1.4036,1.12,1.37
2018.03.30 19:19:07.465,1.40268,1.40361,1.12,1.12
2018.03.30 19:19:08.026,1.40269,1.40361,1.12,1.12
2018.03.30 19:19:08.895,1.40269,1.40362,1.12,1.87
2018.03.30 19:19:09.397,1.40276,1.40362,1.37,1.12
2018.03.30 19:19:09.739,1.40274,1.40362,1.37,1.12
2018.03.30 19:19:09.791,1.40274,1.40361,1.37,1.12
2018.03.30 19:19:10.538,1.40273,1.40362,1.37,1.75
2018.03.30 19:19:10.744,1.40272,1.40361,1.37,1.12
2018.03.30 19:19:11.165,1.4027,1.40361,1.12,1.37
2018.03.30 19:19:11.947,1.4027,1.40362,1.12,1.12
2018.03.30 19:19:11.999,1.4027,1.40363,1.12,1.12
2018.03.30 19:19:12.360,1.4027,1.40363,1.12,1.12
2018.03.30 19:19:13.405,1.40271,1.40364,1.12,1.87
2018.03.30 19:19:13.918,1.40271,1.40364,1.12,1.12
2018.03.30 19:19:14.725,1.40277,1.40365,1.37,1.12
2018.03.30 19:19:15.540,1.40277,1.40364,1.12,1.12
2018.03.30 19:19:15.696,1.40277,1.40361,1.37,1.12
2018.03.30 19:19:16.162,1.40271,1.4036,1.75,1.37
2018.03.30 19:19:16.476,1.40277,1.40363,1.50,1.75
2018.03.30 19:19:16.631,1.40275,1.40361,1.75,1.12
2018.03.30 19:19:16.683,1.40277,1.40361,1.00,1.12
2018.03.30 19:19:17.299,1.4027,1.40361,1.12,1.87
2018.03.30 19:19:17.350,1.4027,1.4036,1.12,1.12
2018.03.30 19:19:17.658,1.40277,1.40363,1.37,1.12
2018.03.30 19:19:17.761,1.4027,1.40361,1.12,1.37
2018.03.30 19:19:18.020,1.4027,1.40361,1.12,1.37
2018.03.30 19:19:18.615,1.40269,1.40361,1.12,1.37
2018.03.30 19:19:18.820,1.40273,1.40361,1.37,1.37
2018.03.30 19:19:18.872,1.40269,1.40361,1.12,1.37
2018.03.30 19:19:19.590,1.40269,1.40361,1.12,1.37
2018.03.30 19:19:19.897,1.40275,1.40362,1.37,1.12
2018.03.30 19:19:20.205,1.40276,1.40364,1.37,1.12
2018.03.30 19:19:21.433,1.40279,1.40365,1.12,1.12
2018.03.30 19:19:21.690,1.40279,1.40364,1.12,1.12
2018.03.30 19:19:21.947,1.4027,1.40362,1.12,1.37
2018.03.30 19:19:22.662,1.40274,1.40363,1.37,1.12
2018.03.30 19:19:22.816,1.40273,1.40363,1.37,1.12
2018.03.30 19:19:22.868,1.40273,1.40362,1.37,1.37
2018.03.30 19:19:23.744,1.40271,1.4036,1.12,1.12
2018.03.30 19:19:23.847,1.40271,1.4036,1.37,1.12
2018.03.30 19:19:24.239,1.40267,1.4036,2.25,1.12
2018.03.30 19:19:24.291,1.40267,1.40361,1.75,1.12
2018.03.30 19:19:24.753,1.40272,1.40361,1.37,1.12
2018.03.30 19:19:25.190,1.40271,1.4036,1.12,1.12
2018.03.30 19:19:25.654,1.40275,1.40361,1.75,1.12
2018.03.30 19:19:26.179,1.40275,1.40361,1.75,1.12
2018.03.30 19:19:26.511,1.40274,1.40361,1.12,1.12
2018.03.30 19:19:27.062,1.40274,1.4036,1.12,1.12
2018.03.30 19:19:27.443,1.40268,1.4036,1.12,1.12
2018.03.30 19:19:27.597,1.40277,1.40363,1.37,1.12
2018.03.30 19:19:27.699,1.40275,1.40363,1.37,1.12
2018.03.30 19:19:28.238,1.40269,1.40363,1.12,1.12
2018.03.30 19:19:28.746,1.40272,1.40363,1.12,1.12
2018.03.30 19:19:28.901,1.40278,1.40364,1.37,1.12
2018.03.30 19:19:29.241,1.40275,1.40363,1.37,1.12
2018.03.30 19:19:29.396,1.40272,1.40362,1.12,1.12
2018.03.30 19:19:29.786,1.40276,1.40362,1.37,1.87
2018.03.30 19:19:30.287,1.40277,1.40362,1.37,1.37
2018.03.30 19:19:30.339,1.40269,1.40363,1.12,1.12
2018.03.30 19:19:31.193,1.40277,1.40364,1.37,1.12
2018.03.30 19:19:31.295,1.40271,1.40364,1.12,1.12
2018.03.30 19:19:31.348,1.40271,1.40363,1.12,1.12
2018.03.30 19:19:31.708,1.40271,1.40363,1.12,1.12
2018.03.30 19:19:31.760,1.40271,1.40363,1.12,1.12
2018.03.30 19:19:32.069,1.40278,1.40365,1.37,1.87
2018.03.30 19:19:32.494,1.40272,1.40363,1.12,1.12
2018.03.30 19:19:32.597,1.40272,1.40361,1.37,1.12
2018.03.30 19:19:33.138,1.40267,1.40362,1.75,1.87
2018.03.30 19:19:33.594,1.40272,1.40359,1.00,1.12
2018.03.30 19:19:34.270,1.40269,1.40359,1.37,1.12
2018.03.30 19:19:34.578,1.40269,1.40357,1.37,1.12
2018.03.30 19:19:34.630,1.40269,1.40357,1.37,1.12
2018.03.30 19:19:34.733,1.40269,1.40357,1.37,1.12
2018.03.30 19:19:35.947,1.40267,1.40356,1.12,1.37
2018.03.30 19:19:36.153,1.40272,1.40353,1.00,1.00
2018.03.30 19:19:36.205,1.40264,1.40354,1.12,1.12
2018.03.30 19:19:36.514,1.40266,1.40354,1.12,1.12
2018.03.30 19:19:38.137,1.40264,1.40355,1.37,1.12
2018.03.30 19:19:38.652,1.40272,1.40356,1.50,1.12
2018.03.30 19:19:39.000,1.40272,1.40358,1.75,1.12
2018.03.30 19:19:39.967,1.40276,1.40358,1.12,1.12
2018.03.30 19:19:40.889,1.40276,1.40357,1.12,1.12
2018.03.30 19:19:41.219,1.40265,1.40356,1.12,1.37
2018.03.30 19:19:41.736,1.40273,1.40358,1.37,1.75
2018.03.30 19:19:41.838,1.40267,1.40358,1.75,1.12
2018.03.30 19:19:41.890,1.40265,1.40357,1.12,1.12
2018.03.30 19:19:41.942,1.40265,1.40357,1.12,1.12
2018.03.30 19:19:42.096,1.40265,1.40357,1.12,1.37
2018.03.30 19:19:42.817,1.40267,1.40357,1.37,1.37
2018.03.30 19:19:42.920,1.40267,1.40358,1.37,1.12
2018.03.30 19:19:43.317,1.40267,1.40358,1.37,1.12
2018.03.30 19:19:43.868,1.40271,1.40358,1.12,1.12
2018.03.30 19:19:43.972,1.40277,1.40359,1.00,1.12
2018.03.30 19:19:44.521,1.40274,1.40359,1.12,1.12
2018.03.30 19:19:44.676,1.40274,1.40359,1.12,1.12
2018.03.30 19:19:45.193,1.40274,1.4036,1.12,1.87
2018.03.30 19:19:45.913,1.40272,1.40359,1.12,1.12
2018.03.30 19:19:46.221,1.40272,1.40359,1.12,1.12
2018.03.30 19:19:46.324,1.40272,1.40359,1.12,1.12
2018.03.30 19:19:46.748,1.40272,1.4036,1.12,1.87
2018.03.30 19:19:46.852,1.40268,1.4036,1.12,1.87
2018.03.30 19:19:47.006,1.40271,1.4036,1.50,1.50
2018.03.30 19:19:47.213,1.40268,1.4036,1.12,1.37
2018.03.30 19:19:47.721,1.40268,1.40361,1.12,1.87
2018.03.30 19:19:48.030,1.4028,1.40361,1.00,1.12
2018.03.30 19:19:48.978,1.40274,1.40361,1.12,1.37
2018.03.30 19:19:49.287,1.40278,1.40363,1.12,1.87
2018.03.30 19:19:49.790,1.40276,1.4036,1.12,1.87
2018.03.30 19:19:50.097,1.40276,1.4036,1.12,1.87
2018.03.30 19:19:50.267,1.40269,1.4036,1.12,1.87
2018.03.30 19:19:50.371,1.40275,1.40361,1.37,1.12
2018.03.30 19:19:51.468,1.40285,1.40361,1.00,1.12
2018.03.30 19:19:52.425,1.40274,1.40361,1.12,1.87
2018.03.30 19:19:53.159,1.40274,1.40361,1.12,1.87
2018.03.30 19:19:54.314,1.40274,1.40362,1.12,1.87
2018.03.30 19:19:54.417,1.40274,1.40362,1.12,1.87
2018.03.30 19:19:54.468,1.40274,1.40361,1.12,1.12
2018.03.30 19:19:55.340,1.4027,1.40361,1.12,1.12
2018.03.30 19:19:57.093,1.4027,1.40358,1.75,1.37
2018.03.30 19:19:57.677,1.40271,1.40358,1.12,1.37
2018.03.30 19:19:58.192,1.40271,1.40359,1.12,1.12
2018.03.30 19:19:58.862,1.40275,1.40359,1.12,1.12
2018.03.30 19:19:59.941,1.40273,1.40358,1.12,1.12
2018.03.30 19:20:00.045,1.40269,1.40358,1.37,1.87
2018.03.30 19:20:00.455,1.40267,1.40359,1.12,1.37
2018.03.30 19:20:02.066,1.40271,1.40361,1.37,1.87
2018.03.30 19:20:02.169,1.40269,1.4036,1.12,1.87
2018.03.30 19:20:02.273,1.40266,1.40357,1.12,1.12
2018.03.30 19:20:02.325,1.40266,1.40357,1.12,1.12
2018.03.30 19:20:02.790,1.40263,1.40355,2.25,1.37
2018.03.30 19:20:03.220,1.40268,1.40356,1.37,1.12
2018.03.30 19:20:03.524,1.40268,1.40357,1.37,1.12
2018.03.30 19:20:03.733,1.40268,1.40357,1.37,1.87
2018.03.30 19:20:03.785,1.40268,1.40356,1.37,1.12
2018.03.30 19:20:04.109,1.4027,1.40357,1.37,1.75
2018.03.30 19:20:04.264,1.40268,1.40355,1.37,1.37
2018.03.30 19:20:05.155,1.40265,1.40356,1.12,1.12
2018.03.30 19:20:05.413,1.40265,1.40357,1.12,1.12
2018.03.30 19:20:05.465,1.40265,1.40358,1.12,1.12
2018.03.30 19:20:06.010,1.40271,1.40358,1.37,1.75
2018.03.30 19:20:06.215,1.40269,1.40358,1.37,1.12
2018.03.30 19:20:06.522,1.40264,1.40358,1.87,1.12
2018.03.30 19:20:06.574,1.40272,1.40358,1.37,1.12
2018.03.30 19:20:06.934,1.40272,1.40359,1.12,1.75
2018.03.30 19:20:07.441,1.40272,1.4036,1.12,1.87
2018.03.30 19:20:08.013,1.40268,1.40359,1.75,1.12
2018.03.30 19:20:08.065,1.40268,1.40359,1.12,1.12
2018.03.30 19:20:08.640,1.40273,1.40362,1.37,1.12
2018.03.30 19:20:09.154,1.40273,1.40362,1.37,1.12
2018.03.30 19:20:10.235,1.40272,1.40362,1.12,1.12
2018.03.30 19:20:10.789,1.40275,1.40363,1.12,1.87
2018.03.30 19:20:11.090,1.40283,1.40364,1.37,1.87
2018.03.30 19:20:11.142,1.40289,1.40365,1.37,1.75
2018.03.30 19:20:11.659,1.40289,1.40364,1.00,1.75
2018.03.30 19:20:14.813,1.40289,1.40362,1.37,1.00
2018.03.30 19:20:15.329,1.40289,1.40363,1.00,1.50
2018.03.30 19:20:16.037,1.40289,1.40364,1.37,1.50
2018.03.30 19:20:16.088,1.40289,1.40364,1.37,1.50
2018.03.30 19:20:16.139,1.40289,1.40364,1.00,1.75
2018.03.30 19:20:16.799,1.40289,1.40364,1.37,1.75
2018.03.30 19:20:17.349,1.40289,1.40362,1.00,1.00
2018.03.30 19:20:18.042,1.40289,1.40365,1.37,1.75
2018.03.30 19:20:18.248,1.40286,1.40363,1.37,1.50
2018.03.30 19:20:18.402,1.40286,1.40363,1.37,1.75
2018.03.30 19:20:18.454,1.40286,1.40363,1.00,1.75
2018.03.30 19:20:18.721,1.40284,1.4036,1.12,1.00
2018.03.30 19:20:18.773,1.40284,1.40361,1.37,1.50
2018.03.30 19:20:19.082,1.40272,1.40345,1.75,1.00
2018.03.30 19:20:19.570,1.40272,1.40345,1.75,1.00
2018.03.30 19:20:19.622,1.40272,1.40345,1.37,1.00
2018.03.30 19:20:19.726,1.40269,1.40344,1.37,1.75
2018.03.30 19:20:19.830,1.40269,1.40343,1.12,1.94
2018.03.30 19:20:19.933,1.40269,1.40343,1.37,1.69
2018.03.30 19:20:20.348,1.40269,1.40344,1.37,1.94
2018.03.30 19:20:20.856,1.40271,1.40343,1.12,1.56
2018.03.30 19:20:21.530,1.40271,1.4034,1.12,1.25
2018.03.30 19:20:21.635,1.40267,1.4034,1.37,1.25
2018.03.30 19:20:21.687,1.40267,1.4034,1.37,1.00
2018.03.30 19:20:22.203,1.40269,1.40339,1.00,1.00
2018.03.30 19:20:22.357,1.40274,1.40339,1.50,1.00
2018.03.30 19:20:22.786,1.40272,1.4034,1.37,1.25
2018.03.30 19:20:22.839,1.40272,1.4034,1.37,1.00
2018.03.30 19:20:22.891,1.40268,1.40339,1.00,1.19
2018.03.30 19:20:23.343,1.40272,1.40337,1.50,1.12
2018.03.30 19:20:23.447,1.40269,1.40336,1.37,1.00
2018.03.30 19:20:23.499,1.40269,1.40336,1.00,1.00
2018.03.30 19:20:23.551,1.40261,1.40334,1.12,1.00
2018.03.30 19:20:23.766,1.40269,1.40334,1.50,1.25
2018.03.30 19:20:24.088,1.40271,1.40338,1.12,1.25
2018.03.30 19:20:24.141,1.40267,1.40338,1.12,1.00
2018.03.30 19:20:24.347,1.40263,1.40338,1.12,1.19
2018.03.30 19:20:24.399,1.40267,1.40338,1.37,1.19
2018.03.30 19:20:24.707,1.40265,1.40338,1.00,1.00
2018.03.30 19:20:24.759,1.4027,1.40349,1.00,1.25
2018.03.30 19:20:24.811,1.4027,1.40349,1.37,1.94
2018.03.30 19:20:25.134,1.40277,1.40344,1.12,1.25
2018.03.30 19:20:25.837,1.40277,1.40344,1.12,1.19
2018.03.30 19:20:26.341,1.40276,1.40344,1.12,1.25
2018.03.30 19:20:26.923,1.40276,1.40344,1.12,1.19
2018.03.30 19:20:27.090,1.40273,1.40343,1.75,1.00
2018.03.30 19:20:27.141,1.40274,1.40343,1.75,1.00
2018.03.30 19:20:27.369,1.40274,1.40343,1.75,1.00
2018.03.30 19:20:27.897,1.40276,1.40343,1.75,1.00
2018.03.30 19:20:28.294,1.40274,1.40343,1.37,1.00
2018.03.30 19:20:28.346,1.40274,1.40343,1.12,1.00
2018.03.30 19:20:28.501,1.40269,1.40344,1.75,1.00
2018.03.30 19:20:29.274,1.40272,1.40344,1.12,1.25
2018.03.30 19:20:29.326,1.40272,1.40344,1.12,1.00
2018.03.30 19:20:29.378,1.40272,1.40344,1.12,1.00
2018.03.30 19:20:29.779,1.40275,1.40344,1.37,1.25
2018.03.30 19:20:30.659,1.40274,1.40344,1.12,1.00
2018.03.30 19:20:31.198,1.40274,1.40343,2.62,1.00
2018.03.30 19:20:31.517,1.40278,1.40363,1.12,2.00
2018.03.30 19:20:31.621,1.40278,1.40359,1.37,1.00
2018.03.30 19:20:32.012,1.40278,1.40357,1.87,1.25
2018.03.30 19:20:32.273,1.4028,1.40368,1.12,1.31
2018.03.30 19:20:32.510,1.40281,1.40361,1.12,1.00
2018.03.30 19:20:32.891,1.4028,1.40356,1.12,1.00
2018.03.30 19:20:33.602,1.4028,1.40356,1.12,1.25
2018.03.30 19:20:34.133,1.40283,1.40356,1.00,1.25
2018.03.30 19:20:34.185,1.4028,1.40356,1.12,1.00
2018.03.30 19:20:34.505,1.4028,1.40349,1.12,1.25
2018.03.30 19:20:34.916,1.40275,1.40349,1.12,1.00
2018.03.30 19:20:35.020,1.40278,1.40349,1.37,1.00
2018.03.30 19:20:35.072,1.40278,1.40349,1.12,1.00
2018.03.30 19:20:35.500,1.40277,1.40349,1.75,1.19
2018.03.30 19:20:35.891,1.40274,1.40349,1.12,1.25
2018.03.30 19:20:35.944,1.40273,1.40349,1.12,1.00
2018.03.30 19:20:36.265,1.40274,1.40349,1.75,1.00
2018.03.30 19:20:36.692,1.40273,1.40349,1.12,1.00
2018.03.30 19:20:37.006,1.40275,1.40349,1.12,1.25
2018.03.30 19:20:37.212,1.40277,1.40349,1.00,1.25
2018.03.30 19:20:37.745,1.40276,1.40349,1.00,1.00
2018.03.30 19:20:38.054,1.40275,1.40349,1.12,1.00
2018.03.30 19:20:38.362,1.40278,1.40347,1.75,1.00
2018.03.30 19:20:39.164,1.40278,1.40345,1.75,1.00
2018.03.30 19:20:40.038,1.40277,1.40345,1.50,1.00
2018.03.30 19:20:40.090,1.40269,1.40345,1.37,1.00
2018.03.30 19:20:40.143,1.40269,1.40342,1.12,1.00
2018.03.30 19:20:40.466,1.40275,1.40338,1.50,1.00
2018.03.30 19:20:41.442,1.40274,1.40338,1.12,1.00
2018.03.30 19:20:41.547,1.40271,1.40338,1.37,1.00
2018.03.30 19:20:42.140,1.40262,1.40338,1.12,1.00
2018.03.30 19:20:42.449,1.40266,1.40338,1.50,1.00
2018.03.30 19:20:42.757,1.40274,1.40338,1.37,1.00
2018.03.30 19:20:43.233,1.40264,1.40338,1.12,1.00
2018.03.30 19:20:43.606,1.40271,1.40339,1.50,1.00
2018.03.30 19:20:43.711,1.40269,1.40339,1.37,1.00
2018.03.30 19:20:43.816,1.40262,1.40339,1.75,1.00
2018.03.30 19:20:44.278,1.40271,1.40339,1.12,1.00
2018.03.30 19:20:44.796,1.4027,1.40338,1.12,1.00
2018.03.30 19:20:45.321,1.40277,1.40339,1.00,1.00
2018.03.30 19:20:45.661,1.40274,1.40339,1.12,1.00
2018.03.30 19:20:45.765,1.40266,1.40339,1.37,1.00
2018.03.30 19:20:45.817,1.40263,1.40339,1.12,1.00
2018.03.30 19:20:46.023,1.40268,1.40339,1.75,1.00
2018.03.30 19:20:46.126,1.40263,1.40339,1.12,1.00
2018.03.30 19:20:46.639,1.40263,1.40339,1.75,1.25
2018.03.30 19:20:46.741,1.40263,1.40339,1.12,1.00
2018.03.30 19:20:47.050,1.40269,1.40339,1.37,1.00
2018.03.30 19:20:47.153,1.40266,1.40339,1.37,1.00
2018.03.30 19:20:47.298,1.40266,1.40338,1.12,1.00
2018.03.30 19:20:47.454,1.40266,1.40338,1.12,1.00
2018.03.30 19:20:47.510,1.40266,1.40342,1.50,1.00
2018.03.30 19:20:47.562,1.40266,1.40342,1.37,1.56
2018.03.30 19:20:48.122,1.40266,1.40336,1.37,1.25
2018.03.30 19:20:48.522,1.4027,1.40336,1.12,1.00
2018.03.30 19:20:48.678,1.40262,1.40336,1.12,1.00
2018.03.30 19:20:48.990,1.4027,1.40336,1.00,1.00
2018.03.30 19:20:49.302,1.40273,1.40335,1.12,1.00
2018.03.30 19:20:50.115,1.40278,1.40335,1.00,1.00
2018.03.30 19:20:50.640,1.4027,1.40335,1.12,1.00
2018.03.30 19:20:50.693,1.40269,1.40335,1.00,1.00
2018.03.30 19:20:50.745,1.40261,1.40336,1.37,1.00
2018.03.30 19:20:51.054,1.40262,1.40336,1.87,1.00
2018.03.30 19:20:52.573,1.40264,1.40336,1.75,1.00
2018.03.30 19:20:53.312,1.4026,1.40336,1.87,1.00
2018.03.30 19:20:54.215,1.40266,1.40336,1.50,1.00
2018.03.30 19:20:54.370,1.40277,1.40341,1.00,1.25
2018.03.30 19:20:54.843,1.40269,1.40341,1.00,1.00
2018.03.30 19:20:54.895,1.40263,1.40341,1.12,1.00
2018.03.30 19:20:54.948,1.40269,1.40344,1.37,1.00
2018.03.30 19:20:55.052,1.40269,1.40344,1.37,1.00
2018.03.30 19:20:55.173,1.40269,1.40344,1.37,1.00
2018.03.30 19:20:55.225,1.40266,1.40341,1.37,1.00
2018.03.30 19:20:56.120,1.40266,1.40341,1.87,1.00
2018.03.30 19:20:56.275,1.40275,1.4035,1.37,1.00
2018.03.30 19:20:56.642,1.4028,1.4035,1.12,1.25
2018.03.30 19:20:57.192,1.40278,1.40349,1.12,1.00
2018.03.30 19:20:57.668,1.40273,1.40349,1.75,1.00
2018.03.30 19:20:58.241,1.40281,1.4035,1.12,1.00
2018.03.30 19:20:58.722,1.40283,1.4035,1.12,1.00
2018.03.30 19:20:58.775,1.40277,1.4035,1.37,1.00
2018.03.30 19:20:59.323,1.40273,1.4035,1.12,1.00
2018.03.30 19:20:59.530,1.40277,1.4035,1.00,1.00
2018.03.30 19:21:00.514,1.40277,1.4035,1.12,1.25
2018.03.30 19:21:00.567,1.40277,1.4035,1.12,1.25
2018.03.30 19:21:00.673,1.40271,1.40346,1.12,1.00
2018.03.30 19:21:00.778,1.40267,1.40342,1.37,1.00
2018.03.30 19:21:00.830,1.40267,1.40342,1.37,1.25
2018.03.30 19:21:01.139,1.40271,1.40342,1.37,1.25
2018.03.30 19:21:01.491,1.40275,1.40342,1.12,1.19
2018.03.30 19:21:01.543,1.40267,1.40342,1.37,1.00
2018.03.30 19:21:01.799,1.40268,1.40342,1.75,1.00
2018.03.30 19:21:03.693,1.40268,1.40342,1.12,1.00
2018.03.30 19:21:03.746,1.40268,1.40342,1.12,1.00
2018.03.30 19:21:04.267,1.40266,1.40342,1.75,1.00
2018.03.30 19:21:04.584,1.40271,1.40342,1.50,1.00
2018.03.30 19:21:04.636,1.40267,1.40342,1.12,1.00
2018.03.30 19:21:04.689,1.4027,1.40342,1.37,1.00
2018.03.30 19:21:04.741,1.4027,1.40342,1.00,1.00
2018.03.30 19:21:04.948,1.40266,1.40341,1.12,1.00
2018.03.30 19:21:05.256,1.40276,1.40342,1.12,1.00
2018.03.30 19:21:06.293,1.4027,1.40342,1.75,1.00
2018.03.30 19:21:06.993,1.40275,1.40344,1.87,1.00
2018.03.30 19:21:07.438,1.40273,1.40344,1.37,1.00
2018.03.30 19:21:07.490,1.40273,1.40344,1.37,1.00
2018.03.30 19:21:07.874,1.40271,1.40344,1.87,1.19
2018.03.30 19:21:07.926,1.40268,1.40344,1.12,1.00
2018.03.30 19:21:08.397,1.40268,1.40344,1.12,1.25
2018.03.30 19:21:08.551,1.40267,1.40344,1.12,1.25
2018.03.30 19:21:08.859,1.40275,1.40344,1.12,1.25
2018.03.30 19:21:09.204,1.40278,1.40344,1.87,1.25
2018.03.30 19:21:09.615,1.40275,1.40344,1.12,1.00
2018.03.30 19:21:09.667,1.40267,1.40344,1.12,1.00
2018.03.30 19:21:10.028,1.40275,1.40343,1.12,1.00
2018.03.30 19:21:10.344,1.40268,1.40344,1.75,1.00
2018.03.30 19:21:10.716,1.40268,1.40344,1.12,1.00
2018.03.30 19:21:11.413,1.40273,1.40344,1.37,1.00
2018.03.30 19:21:11.466,1.40273,1.40344,1.37,1.25
2018.03.30 19:21:11.673,1.40268,1.40344,1.12,1.25
2018.03.30 19:21:11.777,1.40268,1.40344,1.12,1.00
2018.03.30 19:21:11.829,1.40268,1.40344,1.12,1.00
2018.03.30 19:21:11.881,1.40268,1.40344,1.12,1.00
2018.03.30 19:21:11.984,1.40268,1.40344,1.12,1.00
2018.03.30 19:21:12.036,1.40268,1.40344,1.12,1.00
2018.03.30 19:21:12.141,1.4027,1.40346,1.12,1.00
2018.03.30 19:21:12.348,1.4027,1.40346,1.75,1.00
2018.03.30 19:21:12.401,1.4027,1.40346,1.75,1.00
2018.03.30 19:21:12.504,1.40274,1.40346,1.00,1.00
2018.03.30 19:21:12.874,1.40278,1.40346,1.00,1.00
2018.03.30 19:21:13.214,1.40276,1.40347,1.50,1.00
2018.03.30 19:21:13.266,1.40276,1.40347,1.37,1.25
2018.03.30 19:21:13.318,1.40276,1.40347,1.00,1.25
2018.03.30 19:21:13.720,1.40278,1.40347,1.50,1.25
2018.03.30 19:21:14.013,1.40275,1.40347,1.37,1.25
2018.03.30 19:21:14.065,1.4027,1.40346,1.12,1.00
2018.03.30 19:21:14.117,1.4027,1.40346,1.12,1.00
2018.03.30 19:21:14.521,1.40278,1.40346,1.50,1.00
2018.03.30 19:21:14.675,1.40275,1.40347,1.37,1.25
2018.03.30 19:21:14.728,1.40275,1.40347,1.12,1.00
2018.03.30 19:21:15.215,1.40278,1.40347,1.50,1.00
2018.03.30 19:21:15.557,1.40277,1.40344,1.50,1.25
2018.03.30 19:21:16.234,1.40277,1.40344,1.75,1.00
2018.03.30 19:21:16.769,1.40273,1.40344,1.12,1.19
2018.03.30 19:21:16.924,1.40273,1.40344,1.12,1.00
2018.03.30 19:21:16.975,1.40272,1.40344,1.12,1.25
2018.03.30 19:21:17.285,1.40272,1.40338,1.12,1.00
2018.03.30 19:21:17.439,1.40271,1.40338,1.75,1.00
2018.03.30 19:21:17.977,1.40266,1.40337,1.12,1.00
2018.03.30 19:21:18.203,1.40275,1.40337,1.87,1.00
2018.03.30 19:21:18.512,1.40276,1.40337,1.12,1.00
2018.03.30 19:21:18.616,1.40273,1.40337,1.00,1.25
2018.03.30 19:21:18.668,1.40264,1.40337,1.75,1.25
2018.03.30 19:21:19.182,1.40266,1.40337,1.12,1.00
2018.03.30 19:21:19.458,1.40271,1.40337,1.50,1.00
2018.03.30 19:21:19.612,1.40266,1.40337,1.12,1.00
2018.03.30 19:21:19.664,1.40263,1.40337,1.75,1.00
2018.03.30 19:21:19.921,1.40267,1.40337,1.50,1.25
2018.03.30 19:21:20.024,1.40263,1.40337,1.12,1.00
2018.03.30 19:21:20.684,1.40269,1.40336,1.50,1.00
2018.03.30 19:21:21.113,1.40269,1.40336,1.12,1.00
2018.03.30 19:21:21.665,1.40267,1.40337,1.12,1.00
2018.03.30 19:21:21.874,1.40264,1.40337,1.12,1.00
2018.03.30 19:21:21.926,1.40267,1.40337,1.50,1.00
2018.03.30 19:21:22.510,1.40264,1.40337,1.12,1.00
2018.03.30 19:21:23.272,1.40263,1.40337,1.75,1.00
2018.03.30 19:21:23.323,1.40265,1.40337,1.12,1.00
2018.03.30 19:21:23.628,1.40275,1.4034,1.12,1.00
2018.03.30 19:21:24.290,1.40275,1.4034,1.75,1.00
2018.03.30 19:21:24.342,1.40274,1.4034,1.12,1.00
2018.03.30 19:21:24.394,1.40269,1.40339,1.00,1.00
2018.03.30 19:21:24.703,1.40264,1.40337,1.37,1.00
2018.03.30 19:21:24.861,1.40263,1.40333,1.00,1.00
2018.03.30 19:21:24.913,1.40262,1.40328,1.00,1.00
2018.03.30 19:21:25.261,1.40259,1.4033,2.25,1.19
2018.03.30 19:21:25.416,1.40262,1.4033,1.00,1.19
2018.03.30 19:21:25.731,1.40266,1.4033,1.37,1.19
2018.03.30 19:21:26.049,1.40274,1.4033,1.00,1.31
2018.03.30 19:21:26.152,1.40262,1.4033,1.12,1.19
2018.03.30 19:21:26.204,1.40258,1.4033,1.75,1.19
2018.03.30 19:21:26.616,1.40265,1.40333,1.37,1.00
2018.03.30 19:21:26.672,1.40264,1.40333,1.37,1.00
2018.03.30 19:21:27.187,1.4026,1.40332,1.12,1.00
2018.03.30 19:21:27.347,1.40271,1.40333,1.50,1.00
2018.03.30 19:21:27.450,1.40271,1.40336,1.50,1.00
2018.03.30 19:21:27.589,1.4027,1.40336,1.00,1.00
2018.03.30 19:21:27.641,1.40264,1.40337,1.37,1.00
2018.03.30 19:21:28.024,1.40269,1.40334,1.37,1.19
2018.03.30 19:21:28.345,1.4027,1.40337,1.87,1.25
2018.03.30 19:21:29.752,1.40279,1.40337,1.00,1.19
2018.03.30 19:21:29.804,1.40274,1.40337,1.12,1.19
2018.03.30 19:21:29.908,1.40274,1.40337,1.12,1.19
2018.03.30 19:21:30.469,1.40274,1.40337,1.12,1.19
2018.03.30 19:21:30.848,1.40277,1.40337,1.00,1.19
2018.03.30 19:21:31.289,1.40268,1.40337,1.37,1.25
2018.03.30 19:21:31.341,1.40264,1.40336,1.75,1.00
2018.03.30 19:21:31.765,1.40271,1.40336,1.50,1.00
2018.03.30 19:21:31.817,1.40269,1.40336,1.37,1.00
2018.03.30 19:21:31.869,1.40268,1.4034,1.37,1.00
2018.03.30 19:21:31.973,1.40269,1.40342,1.37,1.00
2018.03.30 19:21:32.229,1.40269,1.40342,1.37,1.00
2018.03.30 19:21:32.487,1.40272,1.40345,1.12,1.00
2018.03.30 19:21:32.538,1.40272,1.40354,1.37,1.00
2018.03.30 19:21:32.693,1.4028,1.40354,1.37,1.00
2018.03.30 19:21:33.020,1.40284,1.40355,1.12,1.00
2018.03.30 19:21:33.341,1.40287,1.40352,1.12,1.00
2018.03.30 19:21:33.393,1.40285,1.40369,1.50,1.75
2018.03.30 19:21:33.548,1.40286,1.40371,1.12,1.87
2018.03.30 19:21:34.061,1.40287,1.40371,1.12,1.87
2018.03.30 19:21:34.913,1.40291,1.40373,1.00,1.75
2018.03.30 19:21:34.965,1.4029,1.40374,1.37,1.00
2018.03.30 19:21:35.244,1.40291,1.40376,1.12,1.75
2018.03.30 19:21:35.645,1.40292,1.40378,1.12,1.87
2018.03.30 19:21:35.696,1.40292,1.40378,1.12,1.87
2018.03.30 19:21:35.851,1.40297,1.40385,1.37,1.75
2018.03.30 19:21:35.903,1.40297,1.40385,1.12,1.75
2018.03.30 19:21:36.007,1.40298,1.40386,1.75,1.50
2018.03.30 19:21:36.162,1.40302,1.40396,1.12,1.75
2018.03.30 19:21:36.512,1.40307,1.40396,1.37,1.75
2018.03.30 19:21:37.593,1.40306,1.40396,1.75,1.75
2018.03.30 19:21:38.213,1.40308,1.40397,1.12,1.75
2018.03.30 19:21:38.519,1.40312,1.404,1.12,1.12
2018.03.30 19:21:39.612,1.40312,1.404,1.12,1.12
2018.03.30 19:21:39.989,1.40316,1.40403,1.12,1.00
2018.03.30 19:21:41.506,1.40322,1.40408,1.37,1.00
2018.03.30 19:21:43.319,1.40327,1.40414,1.37,1.50
2018.03.30 19:21:43.837,1.40327,1.40407,1.37,1.00
2018.03.30 19:21:44.043,1.40327,1.4042,1.37,1.75
2018.03.30 19:21:44.147,1.40327,1.40419,1.12,1.87
2018.03.30 19:21:44.560,1.40329,1.4042,1.12,1.87
2018.03.30 19:21:45.187,1.40329,1.40417,1.12,1.56
2018.03.30 19:21:45.498,1.40338,1.40419,1.37,1.37
2018.03.30 19:21:45.802,1.40344,1.4042,1.37,2.06
2018.03.30 19:21:48.320,1.40344,1.4042,1.12,1.87
2018.03.30 19:21:48.631,1.40361,1.4042,1.00,1.12
2018.03.30 19:21:49.153,1.40361,1.40419,1.00,1.00
2018.03.30 19:21:49.569,1.40358,1.40409,0.74,1.00
2018.03.30 19:21:49.621,1.40358,1.40416,0.74,1.50
2018.03.30 19:21:49.673,1.40324,1.40404,1.50,1.00
2018.03.30 19:21:49.725,1.40324,1.40402,1.50,1.50
2018.03.30 19:21:49.853,1.40317,1.40401,1.49,1.12
2018.03.30 19:21:50.525,1.40309,1.40394,1.12,1.50
2018.03.30 19:21:50.577,1.40306,1.40388,1.37,1.37
2018.03.30 19:21:50.901,1.40301,1.40378,1.37,1.00
2018.03.30 19:21:51.818,1.40301,1.40378,1.37,1.00
2018.03.30 19:21:53.109,1.40301,1.40375,1.37,1.50
2018.03.30 19:21:53.417,1.40301,1.40375,1.37,1.87
2018.03.30 19:21:56.919,1.40304,1.40374,1.37,1.50
2018.03.30 19:21:59.388,1.40302,1.40372,1.37,1.50
2018.03.30 19:21:59.952,1.40302,1.40379,1.37,1.69
2018.03.30 19:22:00.003,1.40302,1.40379,1.37,1.69
2018.03.30 19:22:01.033,1.40302,1.40379,1.00,1.94
2018.03.30 19:22:01.086,1.40302,1.40379,1.37,1.94
2018.03.30 19:22:04.411,1.40302,1.40379,1.12,1.31
2018.03.30 19:22:06.202,1.40302,1.40379,1.37,1.31
2018.03.30 19:22:06.711,1.40302,1.40378,1.37,1.31
2018.03.30 19:22:07.724,1.40302,1.40375,1.75,1.75
2018.03.30 19:22:08.089,1.40302,1.40378,1.37,1.31
2018.03.30 19:22:08.141,1.40302,1.40378,1.00,1.12
2018.03.30 19:22:08.192,1.40299,1.40377,1.87,1.37
2018.03.30 19:22:08.347,1.403,1.40377,1.50,1.75
2018.03.30 19:22:08.490,1.403,1.40377,1.50,1.75
2018.03.30 19:22:08.814,1.403,1.40379,1.87,1.87
2018.03.30 19:22:08.866,1.40308,1.40386,1.00,1.12
2018.03.30 19:22:08.970,1.40308,1.40386,1.37,1.31
2018.03.30 19:22:09.505,1.40308,1.40386,1.37,1.37
2018.03.30 19:22:10.578,1.40308,1.40386,1.37,1.12
2018.03.30 19:22:10.681,1.40311,1.40384,1.37,1.37
2018.03.30 19:22:11.414,1.40311,1.40384,1.37,1.75
2018.03.30 19:22:11.466,1.4031,1.40384,1.37,1.75
2018.03.30 19:22:11.826,1.4031,1.40389,1.37,1.75
2018.03.30 19:22:11.878,1.40313,1.40389,1.37,2.00
2018.03.30 19:22:14.626,1.40313,1.40386,1.37,1.00
2018.03.30 19:22:16.309,1.40313,1.40389,1.00,2.00
2018.03.30 19:22:17.610,1.40313,1.40389,1.37,2.00
2018.03.30 19:22:17.662,1.40313,1.40389,1.12,1.94
2018.03.30 19:22:18.440,1.40313,1.40389,1.37,1.75
2018.03.30 19:22:19.121,1.40313,1.4039,1.12,1.31
2018.03.30 19:22:19.173,1.40311,1.40394,1.37,1.12
2018.03.30 19:22:19.636,1.40311,1.4039,1.00,1.94
2018.03.30 19:22:19.688,1.40311,1.40383,1.00,1.00
2018.03.30 19:22:19.998,1.40309,1.40383,1.00,1.87
2018.03.30 19:22:20.825,1.40311,1.40383,1.12,1.75
2018.03.30 19:22:20.877,1.40311,1.4039,1.37,1.87
2018.03.30 19:22:20.929,1.40317,1.40386,1.00,1.00
2018.03.30 19:22:21.067,1.40324,1.40401,1.12,1.75
2018.03.30 19:22:21.119,1.40324,1.40403,1.37,1.75
2018.03.30 19:22:21.170,1.4033,1.40404,1.00,1.31
2018.03.30 19:22:22.243,1.40331,1.40408,1.00,1.94
2018.03.30 19:22:22.348,1.40334,1.40407,1.00,1.12
2018.03.30 19:22:22.452,1.40336,1.4041,1.00,1.00
2018.03.30 19:22:23.441,1.40336,1.40413,1.00,1.31
2018.03.30 19:22:23.840,1.40357,1.40414,0.75,2.44
2018.03.30 19:22:24.144,1.40361,1.40414,1.00,2.44
2018.03.30 19:22:24.650,1.40361,1.40414,1.00,2.44
2018.03.30 19:22:24.755,1.40361,1.40414,1.00,2.44
2018.03.30 19:22:24.807,1.40361,1.40414,1.00,2.44
2018.03.30 19:22:24.911,1.40362,1.40414,1.00,2.44
2018.03.30 19:22:25.420,1.40361,1.40408,1.00,1.12
2018.03.30 19:22:25.472,1.40356,1.40408,1.00,1.87
2018.03.30 19:22:25.794,1.40336,1.40407,1.00,1.37
2018.03.30 19:22:26.014,1.40336,1.40404,1.00,1.12
2018.03.30 19:22:26.341,1.40341,1.40409,1.00,1.75
2018.03.30 19:22:28.066,1.40343,1.40412,1.00,1.12
2018.03.30 19:22:28.303,1.40313,1.4039,1.50,1.37
2018.03.30 19:22:28.408,1.40306,1.4039,1.12,1.37
2018.03.30 19:22:29.247,1.40306,1.4039,1.12,1.87
2018.03.30 19:22:29.349,1.40306,1.40386,1.12,1.12
2018.03.30 19:22:29.658,1.40303,1.40374,1.00,1.75
2018.03.30 19:22:31.128,1.40303,1.40373,1.12,1.50
2018.03.30 19:22:32.359,1.40303,1.40374,1.37,1.50
2018.03.30 19:22:33.374,1.40303,1.40375,1.37,1.12
2018.03.30 19:22:33.691,1.40303,1.40375,1.37,1.12
2018.03.30 19:22:34.358,1.40303,1.40375,1.37,1.12
2018.03.30 19:22:34.616,1.40303,1.40376,1.37,1.75
2018.03.30 19:22:36.724,1.40303,1.40372,1.37,1.37
2018.03.30 19:22:37.093,1.40303,1.40372,1.37,1.12
2018.03.30 19:22:37.247,1.40303,1.40374,1.37,1.50
2018.03.30 19:22:38.037,1.40303,1.40374,1.37,1.50
2018.03.30 19:22:38.243,1.40304,1.40374,1.37,1.12
2018.03.30 19:22:38.346,1.40301,1.40371,1.50,1.75
2018.03.30 19:22:41.601,1.40301,1.40372,1.87,1.12
2018.03.30 19:22:41.653,1.40301,1.40372,1.37,1.12
2018.03.30 19:22:41.705,1.40301,1.40375,1.37,1.87
2018.03.30 19:22:41.831,1.40301,1.40367,1.00,1.50
2018.03.30 19:22:41.883,1.40295,1.40365,1.50,1.37
2018.03.30 19:22:42.190,1.40289,1.40359,1.50,1.75
2018.03.30 19:22:47.399,1.40286,1.40356,2.25,1.00
2018.03.30 19:22:48.727,1.40286,1.40356,1.75,1.00
2018.03.30 19:22:50.084,1.40286,1.40354,1.50,1.50
2018.03.30 19:22:50.494,1.40286,1.40353,1.75,1.37
2018.03.30 19:22:51.171,1.40286,1.40354,1.75,1.75
2018.03.30 19:22:51.686,1.40286,1.40354,1.75,1.87
2018.03.30 19:22:52.207,1.40286,1.40353,1.87,1.37
2018.03.30 19:22:52.312,1.40287,1.40355,1.12,1.75
2018.03.30 19:22:52.613,1.40287,1.40354,1.37,1.75
2018.03.30 19:22:54.189,1.40287,1.40354,1.12,1.50
2018.03.30 19:22:54.757,1.40286,1.40356,1.12,1.87
2018.03.30 19:22:55.767,1.40287,1.40355,1.37,1.50
2018.03.30 19:22:55.870,1.40287,1.40355,1.37,1.12
2018.03.30 19:22:56.076,1.40317,1.40367,2.81,1.75
2018.03.30 19:22:56.129,1.40321,1.40374,1.12,1.12
2018.03.30 19:22:56.234,1.40307,1.40377,1.99,1.00
2018.03.30 19:22:56.287,1.40318,1.40372,0.74,1.00
2018.03.30 19:22:56.340,1.4028,1.40351,1.12,1.75
2018.03.30 19:22:56.393,1.40279,1.40346,1.49,1.50
2018.03.30 19:22:56.551,1.40266,1.40338,1.87,1.75
2018.03.30 19:22:56.604,1.40266,1.40334,1.37,1.12
2018.03.30 19:22:56.912,1.40274,1.40347,1.37,1.75
2018.03.30 19:22:57.217,1.40333,1.40354,1.00,1.00
2018.03.30 19:22:57.269,1.40312,1.40355,1.12,1.00
2018.03.30 19:22:57.320,1.40316,1.40345,0.74,1.00
2018.03.30 19:22:57.372,1.40281,1.40349,1.12,1.75
2018.03.30 19:22:57.424,1.40281,1.40346,1.12,1.00
2018.03.30 19:22:57.477,1.40299,1.40348,1.50,1.75
2018.03.30 19:22:57.581,1.40278,1.40342,1.37,1.00
2018.03.30 19:22:57.633,1.40278,1.40351,2.25,1.75
2018.03.30 19:22:57.684,1.40279,1.40351,2.25,1.00
2018.03.30 19:22:57.736,1.40291,1.40352,1.12,1.00
2018.03.30 19:22:57.788,1.40291,1.40352,1.50,1.37
2018.03.30 19:22:57.840,1.40292,1.4034,1.50,1.50
2018.03.30 19:22:57.942,1.40295,1.40349,1.50,1.00
2018.03.30 19:22:58.044,1.40305,1.40357,1.50,1.94
2018.03.30 19:22:58.378,1.4034,1.4036,1.12,1.00
2018.03.30 19:22:58.482,1.40333,1.40396,1.08,1.75
2018.03.30 19:22:58.588,1.40322,1.40391,2.62,1.37
2018.03.30 19:22:58.641,1.40304,1.40379,1.12,1.50
2018.03.30 19:22:59.378,1.40309,1.40379,1.00,1.75
2018.03.30 19:22:59.481,1.40295,1.40368,1.87,1.12
2018.03.30 19:22:59.533,1.40294,1.40361,1.74,1.50
2018.03.30 19:22:59.842,1.40291,1.40354,1.37,1.00
2018.03.30 19:23:00.354,1.40291,1.40355,1.75,1.00
2018.03.30 19:23:00.911,1.40291,1.40356,1.87,1.50
2018.03.30 19:23:02.536,1.40292,1.40359,1.12,1.87
2018.03.30 19:23:04.498,1.4029,1.40355,1.87,1.00
2018.03.30 19:23:06.062,1.4029,1.40356,1.87,1.50
2018.03.30 19:23:06.114,1.4029,1.40353,1.87,1.00
2018.03.30 19:23:06.217,1.4029,1.40356,1.00,1.87
2018.03.30 19:23:06.269,1.4029,1.40356,1.37,1.50
2018.03.30 19:23:06.579,1.40286,1.40356,1.50,1.75
2018.03.30 19:23:06.632,1.40288,1.40356,1.12,1.12
2018.03.30 19:23:06.735,1.40286,1.40354,1.50,1.12
2018.03.30 19:23:06.839,1.40284,1.40352,1.50,1.00
2018.03.30 19:23:07.283,1.40287,1.40352,1.12,1.00
2018.03.30 19:23:07.438,1.40285,1.40353,1.12,1.12
2018.03.30 19:23:07.490,1.40283,1.40351,1.75,1.00
2018.03.30 19:23:07.895,1.40282,1.40346,1.12,1.12
2018.03.30 19:23:07.947,1.40283,1.40346,1.37,1.12
2018.03.30 19:23:08.290,1.40283,1.40347,1.37,1.00
2018.03.30 19:23:08.918,1.40282,1.40346,1.12,1.00
2018.03.30 19:23:11.340,1.40284,1.4035,1.12,1.50
2018.03.30 19:23:12.688,1.40283,1.4035,1.12,1.37
2018.03.30 19:23:12.741,1.40283,1.40353,1.12,1.37
2018.03.30 19:23:12.844,1.40278,1.40345,2.06,1.37
2018.03.30 19:23:12.896,1.40277,1.40341,1.75,1.00
2018.03.30 19:23:12.948,1.40276,1.40336,1.12,1.12
2018.03.30 19:23:12.999,1.40271,1.40335,1.12,1.00
2018.03.30 19:23:14.023,1.40272,1.40335,1.12,1.12
2018.03.30 19:23:14.075,1.40272,1.40336,1.37,1.12
2018.03.30 19:23:14.678,1.40271,1.40336,1.12,1.12
2018.03.30 19:23:14.730,1.40271,1.40335,1.12,1.00
2018.03.30 19:23:14.935,1.40271,1.40335,1.12,1.00
2018.03.30 19:23:14.987,1.40274,1.40332,1.37,1.00
2018.03.30 19:23:15.039,1.40269,1.40331,1.12,1.12
2018.03.30 19:23:15.613,1.40269,1.40329,1.12,1.00
2018.03.30 19:23:15.768,1.40265,1.40329,1.37,1.00
2018.03.30 19:23:15.821,1.40266,1.40329,1.12,1.00
2018.03.30 19:23:16.487,1.40266,1.4033,1.12,1.12
2018.03.30 19:23:16.792,1.40271,1.40327,1.00,1.00
2018.03.30 19:23:16.872,1.40271,1.40329,1.00,1.12
2018.03.30 19:23:16.923,1.40271,1.40336,1.75,1.00
2018.03.30 19:23:16.974,1.4027,1.40333,1.12,1.00
2018.03.30 19:23:17.280,1.40266,1.40327,1.37,1.00
2018.03.30 19:23:17.668,1.40266,1.40328,1.12,1.12
2018.03.30 19:23:18.236,1.40266,1.40332,1.12,1.87
2018.03.30 19:23:18.289,1.40265,1.40326,1.00,1.00
2018.03.30 19:23:18.393,1.40265,1.40326,1.37,1.12
2018.03.30 19:23:18.598,1.40264,1.40326,1.00,1.00
2018.03.30 19:23:18.832,1.40263,1.40326,1.12,1.37
2018.03.30 19:23:20.703,1.40261,1.40323,1.12,1.75
2018.03.30 19:23:20.942,1.4026,1.40323,2.06,1.37
2018.03.30 19:23:21.046,1.40263,1.40323,1.37,1.87
2018.03.30 19:23:21.253,1.40261,1.40321,1.00,1.37
2018.03.30 19:23:21.585,1.40262,1.40322,1.37,1.75
2018.03.30 19:23:21.998,1.40262,1.4032,1.00,1.00
2018.03.30 19:23:22.050,1.40259,1.40321,1.12,1.50
2018.03.30 19:23:22.571,1.4026,1.40321,1.37,1.50
2018.03.30 19:23:24.484,1.40262,1.4032,1.12,1.12
2018.03.30 19:23:24.800,1.40263,1.4032,1.12,1.37
2018.03.30 19:23:25.683,1.40263,1.40327,1.12,1.75
2018.03.30 19:23:25.735,1.40264,1.40327,1.37,1.75
2018.03.30 19:23:26.442,1.40264,1.40325,1.12,1.00
2018.03.30 19:23:26.494,1.40267,1.40328,1.12,1.50
2018.03.30 19:23:27.007,1.40267,1.40328,1.12,1.50
2018.03.30 19:23:27.293,1.40266,1.40328,1.00,1.37
2018.03.30 19:23:27.345,1.40265,1.40328,1.12,1.00
2018.03.30 19:23:28.139,1.40265,1.40329,1.12,1.12
2018.03.30 19:23:28.293,1.40267,1.40328,1.00,1.12
2018.03.30 19:23:28.345,1.40267,1.40329,1.12,1.00
2018.03.30 19:23:28.397,1.40266,1.4033,1.12,1.00
2018.03.30 19:23:28.679,1.40267,1.4033,1.12,1.37
2018.03.30 19:23:29.713,1.40267,1.4033,1.37,1.12
2018.03.30 19:23:31.089,1.40266,1.4033,1.37,1.00
2018.03.30 19:23:31.192,1.40267,1.4033,1.12,1.12
2018.03.30 19:23:31.381,1.40268,1.4033,1.00,1.00
2018.03.30 19:23:31.485,1.40266,1.4033,1.12,1.12
2018.03.30 19:23:31.663,1.40268,1.4033,1.00,1.00
2018.03.30 19:23:31.991,1.40267,1.4033,1.12,1.12
2018.03.30 19:23:32.188,1.40265,1.4033,2.06,1.00
2018.03.30 19:23:32.343,1.40268,1.4033,1.12,1.12
2018.03.30 19:23:32.564,1.40266,1.4033,1.37,1.00
2018.03.30 19:23:32.719,1.40268,1.4033,1.37,1.37
2018.03.30 19:23:33.027,1.40265,1.40327,1.37,1.12
2018.03.30 19:23:33.289,1.40265,1.40327,1.00,1.00
2018.03.30 19:23:33.392,1.40265,1.40327,1.37,1.12
2018.03.30 19:23:34.216,1.40263,1.40327,1.12,1.00
2018.03.30 19:23:34.862,1.40264,1.40327,1.12,1.12
2018.03.30 19:23:34.915,1.40265,1.40328,2.06,1.37
2018.03.30 19:23:34.967,1.40266,1.40329,1.12,1.00
2018.03.30 19:23:35.874,1.40264,1.40331,1.12,1.50
2018.03.30 19:23:36.389,1.40262,1.4033,1.12,1.87
2018.03.30 19:23:37.685,1.40263,1.4033,1.12,1.87
2018.03.30 19:23:38.061,1.40262,1.40324,1.12,1.00
2018.03.30 19:23:38.243,1.40262,1.40324,1.00,1.12
2018.03.30 19:23:38.294,1.40261,1.40324,1.12,1.12
2018.03.30 19:23:38.894,1.4026,1.40324,2.06,1.00
2018.03.30 19:23:39.213,1.40262,1.40324,1.37,1.37
2018.03.30 19:23:39.266,1.40262,1.40324,1.00,1.00
2018.03.30 19:23:39.319,1.40262,1.40326,1.12,1.12
2018.03.30 19:23:39.628,1.40269,1.40332,1.12,1.50
2018.03.30 19:23:40.104,1.40266,1.40329,1.12,1.00
2018.03.30 19:23:40.307,1.40264,1.40335,1.12,1.12
2018.03.30 19:23:40.359,1.40262,1.40327,1.12,1.00
2018.03.30 19:23:40.670,1.40262,1.40324,1.12,1.37
2018.03.30 19:23:40.773,1.40261,1.40324,1.12,1.00
2018.03.30 19:23:40.929,1.40262,1.40324,1.12,1.12
2018.03.30 19:23:41.862,1.40263,1.40324,1.00,1.00
2018.03.30 19:23:41.966,1.40263,1.40324,1.37,1.12
2018.03.30 19:23:42.163,1.40263,1.40324,1.00,1.00
2018.03.30 19:23:42.472,1.40263,1.40324,1.37,1.12
2018.03.30 19:23:42.524,1.40263,1.40324,1.00,1.00
2018.03.30 19:23:42.700,1.40262,1.40324,1.12,1.12
2018.03.30 19:23:43.034,1.40262,1.40326,1.12,1.50
2018.03.30 19:23:43.137,1.40266,1.40333,1.37,1.87
2018.03.30 19:23:43.189,1.40268,1.40337,1.12,1.37
2018.03.30 19:23:43.241,1.4027,1.40337,1.37,1.50
2018.03.30 19:23:43.824,1.40269,1.40336,1.12,1.00
2018.03.30 19:23:45.446,1.40269,1.40336,1.00,1.00
2018.03.30 19:23:45.498,1.40268,1.40336,2.00,1.00
2018.03.30 19:23:45.807,1.40273,1.4034,1.12,1.00
2018.03.30 19:23:47.076,1.40272,1.40341,1.12,1.00
2018.03.30 19:23:47.257,1.40272,1.40341,1.37,1.00
2018.03.30 19:23:47.412,1.40273,1.40341,1.37,1.00
2018.03.30 19:23:47.925,1.40269,1.40341,1.12,1.00
2018.03.30 19:23:48.028,1.40272,1.40341,1.12,1.12
2018.03.30 19:23:48.131,1.40269,1.40341,1.12,1.00
2018.03.30 19:23:48.285,1.40273,1.4034,1.12,1.00
2018.03.30 19:23:48.440,1.40273,1.40342,1.12,1.00
2018.03.30 19:23:49.992,1.40272,1.40342,1.12,1.00
2018.03.30 19:23:50.240,1.40273,1.40342,1.12,1.00
2018.03.30 19:23:50.292,1.40271,1.40342,2.06,1.00
2018.03.30 19:23:50.345,1.40274,1.40348,1.37,1.00
2018.03.30 19:23:50.499,1.40276,1.40347,1.00,1.00
2018.03.30 19:23:50.603,1.40276,1.4035,1.12,1.12
2018.03.30 19:23:50.761,1.40277,1.4035,1.00,1.12
2018.03.30 19:23:50.916,1.40275,1.4035,1.12,1.12
2018.03.30 19:23:51.994,1.40277,1.40354,1.37,1.50
2018.03.30 19:23:52.098,1.40277,1.40355,1.12,1.50
2018.03.30 19:23:52.150,1.40277,1.40352,1.75,1.00
2018.03.30 19:23:52.407,1.40278,1.40349,1.00,1.00
2018.03.30 19:23:52.459,1.40279,1.40352,1.12,1.00
2018.03.30 19:23:52.973,1.40277,1.40352,1.12,1.37
2018.03.30 19:23:53.287,1.40274,1.40336,1.12,1.00
2018.03.30 19:23:53.596,1.40271,1.40318,1.37,1.00
2018.03.30 19:23:54.139,1.40268,1.40315,1.12,1.00
2018.03.30 19:23:54.466,1.40272,1.40311,2.81,1.00
2018.03.30 19:23:54.738,1.40276,1.40325,1.00,1.00
2018.03.30 19:23:54.790,1.40274,1.40325,1.12,1.00
2018.03.30 19:23:55.100,1.40275,1.40313,1.37,1.00
2018.03.30 19:23:55.153,1.40276,1.40316,1.12,1.00
2018.03.30 19:23:55.205,1.40277,1.40318,1.12,1.00
2018.03.30 19:23:55.257,1.40277,1.40342,1.12,1.12
2018.03.30 19:23:56.971,1.40278,1.40342,1.37,1.12
2018.03.30 19:23:57.711,1.40277,1.40344,2.81,1.75
2018.03.30 19:23:57.764,1.40282,1.40346,1.12,1.50
2018.03.30 19:23:57.817,1.40282,1.40346,1.12,1.50
2018.03.30 19:23:58.128,1.40279,1.40345,1.37,1.50
2018.03.30 19:23:58.283,1.40275,1.40341,1.87,1.00
2018.03.30 19:23:58.592,1.40272,1.40336,1.12,1.37
2018.03.30 19:23:59.016,1.40274,1.40336,1.00,1.12
2018.03.30 19:23:59.241,1.40271,1.40336,1.12,1.37
2018.03.30 19:24:00.162,1.40272,1.40336,1.00,1.00
2018.03.30 19:24:00.316,1.40271,1.40335,1.12,1.00
2018.03.30 19:24:00.420,1.40276,1.40339,1.37,1.50
2018.03.30 19:24:00.524,1.40282,1.40342,1.00,1.00
2018.03.30 19:24:00.628,1.40282,1.4035,1.12,1.37
2018.03.30 19:24:01.611,1.40281,1.40347,1.12,1.00
2018.03.30 19:24:01.663,1.40278,1.40346,1.12,1.00
2018.03.30 19:24:01.714,1.40276,1.40342,1.12,1.12
2018.03.30 19:24:01.766,1.40274,1.40341,1.37,1.12
2018.03.30 19:24:01.818,1.40271,1.40339,1.12,1.50
2018.03.30 19:24:02.127,1.40267,1.40329,1.37,1.00
2018.03.30 19:24:03.737,1.40271,1.40331,1.00,1.50
2018.03.30 19:24:05.083,1.40269,1.40331,1.12,1.37
2018.03.30 19:24:06.869,1.40267,1.4033,1.37,1.00
2018.03.30 19:24:06.921,1.40266,1.4033,1.12,1.00
2018.03.30 19:24:07.353,1.40266,1.40332,1.12,1.00
2018.03.30 19:24:07.404,1.4027,1.40332,1.12,1.00
2018.03.30 19:24:07.709,1.40268,1.40333,1.37,1.00
2018.03.30 19:24:07.761,1.40271,1.40333,1.12,1.12
2018.03.30 19:24:09.365,1.40269,1.40333,2.06,1.37
2018.03.30 19:24:10.055,1.40271,1.40333,1.37,1.12
2018.03.30 19:24:10.486,1.40271,1.40332,1.00,1.00
2018.03.30 19:24:11.047,1.40271,1.40332,1.00,1.37
2018.03.30 19:24:11.673,1.4027,1.40332,1.12,1.00
2018.03.30 19:24:12.363,1.40268,1.40332,1.12,1.00
2018.03.30 19:24:12.415,1.40271,1.40334,1.00,1.00
2018.03.30 19:24:13.024,1.40271,1.40333,1.00,1.12
2018.03.30 19:24:13.735,1.40271,1.40333,1.37,1.12
2018.03.30 19:24:15.058,1.4027,1.40333,1.12,1.00
2018.03.30 19:24:16.758,1.4027,1.40334,1.12,1.50
2018.03.30 19:24:18.739,1.40267,1.40332,1.12,1.37
2018.03.30 19:24:18.791,1.40267,1.40332,1.12,1.37
2018.03.30 19:24:19.785,1.40266,1.4033,1.12,1.12
2018.03.30 19:24:20.794,1.40266,1.4033,1.12,1.12
2018.03.30 19:24:21.684,1.40267,1.40329,1.37,1.12
2018.03.30 19:24:22.673,1.40266,1.40326,1.12,1.12
2018.03.30 19:24:23.718,1.40264,1.40325,1.37,2.06
2018.03.30 19:24:23.770,1.40262,1.40324,1.12,1.31
2018.03.30 19:24:23.821,1.40262,1.40324,1.50,1.31
2018.03.30 19:24:24.762,1.40262,1.40323,1.50,1.94
2018.03.30 19:24:24.917,1.40259,1.4032,1.37,1.37
2018.03.30 19:24:24.970,1.40259,1.40323,1.37,1.12
2018.03.30 19:24:25.022,1.40264,1.40323,1.12,1.12
2018.03.30 19:24:25.330,1.40264,1.40326,1.12,1.37
2018.03.30 19:24:25.535,1.40262,1.40326,1.12,1.00
2018.03.30 19:24:25.927,1.40265,1.40326,1.37,1.37
2018.03.30 19:24:26.430,1.40263,1.40326,1.12,1.00
2018.03.30 19:24:26.689,1.40264,1.40326,1.12,1.12
2018.03.30 19:24:26.741,1.40263,1.40326,1.12,1.00
2018.03.30 19:24:26.895,1.40265,1.40325,1.37,1.00
2018.03.30 19:24:29.703,1.40265,1.40325,1.00,1.12
2018.03.30 19:24:29.755,1.40264,1.40325,1.12,1.12
2018.03.30 19:24:31.138,1.40263,1.40325,1.12,1.12
2018.03.30 19:24:31.862,1.40264,1.40325,1.12,1.12
2018.03.30 19:24:32.338,1.40265,1.40325,1.00,1.12
2018.03.30 19:24:32.467,1.40264,1.40326,1.12,1.50
2018.03.30 19:24:32.994,1.40266,1.40326,1.12,1.37
2018.03.30 19:24:35.202,1.40265,1.40326,1.12,1.12
2018.03.30 19:24:38.705,1.40264,1.40326,1.12,1.87
2018.03.30 19:24:39.714,1.40264,1.40326,1.12,1.75
2018.03.30 19:24:40.724,1.40265,1.40324,1.37,1.12
2018.03.30 19:24:41.710,1.40264,1.40324,1.12,1.12
2018.03.30 19:24:42.854,1.40264,1.40322,1.37,1.12
2018.03.30 19:24:43.762,1.40265,1.40319,1.00,1.00
2018.03.30 19:24:43.814,1.40261,1.40318,1.12,1.37
2018.03.30 19:24:44.830,1.40261,1.40316,1.12,1.00
2018.03.30 19:24:45.820,1.40259,1.40319,1.12,1.12
2018.03.30 19:24:46.438,1.40257,1.40322,1.12,1.12
2018.03.30 19:24:46.490,1.40259,1.40322,1.12,1.00
2018.03.30 19:24:46.696,1.40258,1.40323,2.06,1.00
2018.03.30 19:24:46.852,1.40259,1.40323,1.12,1.00
2018.03.30 19:24:48.112,1.40259,1.40323,1.12,1.37
2018.03.30 19:24:48.463,1.4026,1.40323,1.00,1.00
2018.03.30 19:24:48.843,1.40259,1.40323,1.12,1.00
2018.03.30 19:24:49.364,1.4026,1.40323,1.37,1.12
2018.03.30 19:24:50.318,1.40259,1.40323,1.12,1.50
2018.03.30 19:24:51.000,1.40259,1.40323,1.12,1.37
2018.03.30 19:24:51.842,1.40258,1.40323,1.12,1.12
2018.03.30 19:24:54.405,1.40258,1.40323,1.12,1.50
2018.03.30 19:24:55.397,1.40258,1.40322,1.12,1.12
2018.03.30 19:24:56.385,1.40258,1.40319,1.12,1.12
2018.03.30 19:24:56.996,1.40258,1.40315,1.12,1.00
2018.03.30 19:24:57.510,1.40257,1.40314,1.12,1.00
2018.03.30 19:24:57.886,1.40273,1.40318,1.75,1.12
2018.03.30 19:24:57.938,1.40287,1.40333,1.00,2.62
2018.03.30 19:24:57.989,1.40289,1.40337,1.50,1.12
2018.03.30 19:24:58.041,1.40301,1.40359,1.50,1.50
2018.03.30 19:24:58.093,1.40301,1.40353,1.50,1.00
2018.03.30 19:24:58.144,1.40286,1.40358,1.75,1.00
2018.03.30 19:24:58.195,1.40289,1.40377,1.12,1.12
2018.03.30 19:24:58.247,1.4029,1.4037,1.75,1.50
2018.03.30 19:24:58.452,1.40292,1.40386,1.12,1.87
2018.03.30 19:24:58.504,1.4029,1.40381,1.75,1.37
2018.03.30 19:24:58.557,1.4029,1.4038,1.12,1.75
2018.03.30 19:24:58.672,1.40298,1.40378,1.12,1.00
2018.03.30 19:24:58.724,1.40304,1.40374,2.25,0.37
2018.03.30 19:24:58.776,1.40304,1.40394,1.87,1.37
2018.03.30 19:24:58.829,1.40309,1.40408,1.50,1.12
2018.03.30 19:24:58.880,1.40341,1.40401,1.37,1.37
2018.03.30 19:24:58.933,1.40341,1.40405,1.00,1.12
2018.03.30 19:24:58.985,1.40311,1.40393,1.75,1.37
2018.03.30 19:24:59.088,1.40321,1.40394,1.12,1.12
2018.03.30 19:24:59.602,1.4032,1.40394,1.12,1.37
2018.03.30 19:25:00.272,1.40318,1.404,1.37,1.12
2018.03.30 19:25:00.377,1.40319,1.40398,1.00,1.12
2018.03.30 19:25:00.430,1.40319,1.40398,1.37,1.12
2018.03.30 19:25:00.787,1.40325,1.40398,1.00,1.12
2018.03.30 19:25:01.493,1.40324,1.40399,1.37,2.44
2018.03.30 19:25:02.030,1.40324,1.40399,1.12,2.44
2018.03.30 19:25:03.314,1.40324,1.40394,1.00,1.37
2018.03.30 19:25:03.417,1.40321,1.40394,1.12,1.50
2018.03.30 19:25:06.712,1.40321,1.40392,1.12,1.12
2018.03.30 19:25:08.536,1.40321,1.40392,1.12,1.12
2018.03.30 19:25:10.489,1.40321,1.40392,1.37,1.12
2018.03.30 19:25:10.645,1.40318,1.40391,1.37,1.50
2018.03.30 19:25:10.748,1.40313,1.40385,1.12,1.37
2018.03.30 19:25:10.852,1.40306,1.40381,1.00,1.12
2018.03.30 19:25:10.956,1.40304,1.40377,1.37,1.00
2018.03.30 19:25:11.163,1.40306,1.40385,1.50,1.12
2018.03.30 19:25:11.215,1.40295,1.40385,1.37,1.37
2018.03.30 19:25:11.784,1.40295,1.40378,1.12,1.00
2018.03.30 19:25:11.889,1.40289,1.40373,1.37,1.37
2018.03.30 19:25:12.097,1.40288,1.40368,1.50,1.12
2018.03.30 19:25:12.150,1.40288,1.40371,1.37,1.12
2018.03.30 19:25:12.305,1.40284,1.40372,1.12,1.87
2018.03.30 19:25:12.357,1.40284,1.40372,1.12,1.87
2018.03.30 19:25:12.409,1.40285,1.40371,1.12,1.12
2018.03.30 19:25:12.461,1.40285,1.40372,1.12,1.75
2018.03.30 19:25:13.240,1.40285,1.40372,1.12,1.75
2018.03.30 19:25:14.361,1.40285,1.40369,1.75,1.12
2018.03.30 19:25:14.464,1.40283,1.40362,1.75,1.50
2018.03.30 19:25:14.670,1.40279,1.40362,1.12,1.75
2018.03.30 19:25:14.968,1.4028,1.4036,1.12,1.00
2018.03.30 19:25:15.273,1.40283,1.40365,1.12,1.12
2018.03.30 19:25:15.594,1.40286,1.40367,1.12,1.87
2018.03.30 19:25:15.991,1.4028,1.40361,1.12,1.50
2018.03.30 19:25:16.043,1.40279,1.40353,1.87,1.00
2018.03.30 19:25:16.352,1.40278,1.40353,1.12,1.00
2018.03.30 19:25:17.317,1.40278,1.40354,1.12,1.50
2018.03.30 19:25:18.224,1.40277,1.4035,1.12,1.00
2018.03.30 19:25:18.276,1.40275,1.40351,1.12,1.75
2018.03.30 19:25:18.615,1.40276,1.40348,1.12,1.00
2018.03.30 19:25:19.159,1.40276,1.40351,1.12,1.75
2018.03.30 19:25:19.671,1.40276,1.40351,1.12,1.75
2018.03.30 19:25:20.705,1.40276,1.40351,1.12,1.87
2018.03.30 19:25:22.645,1.40276,1.4035,1.12,1.75
2018.03.30 19:25:23.759,1.40276,1.4035,1.12,1.75
2018.03.30 19:25:23.966,1.40274,1.40356,1.37,1.12
2018.03.30 19:25:24.018,1.4028,1.40355,1.12,1.50
2018.03.30 19:25:24.071,1.40281,1.40356,1.12,1.87
2018.03.30 19:25:24.124,1.40285,1.40356,1.37,1.12
2018.03.30 19:25:24.636,1.40282,1.40355,1.87,1.50
2018.03.30 19:25:24.739,1.40282,1.40354,1.87,1.00
2018.03.30 19:25:26.348,1.40283,1.40356,1.12,1.50
2018.03.30 19:25:26.867,1.40282,1.40356,1.87,1.75
2018.03.30 19:25:26.920,1.40287,1.4036,1.87,1.87
2018.03.30 19:25:27.024,1.40292,1.40365,1.37,1.87
2018.03.30 19:25:27.076,1.40295,1.40371,1.37,1.12
2018.03.30 19:25:27.205,1.40295,1.40372,1.37,1.75
2018.03.30 19:25:27.740,1.40295,1.40372,1.37,1.50
2018.03.30 19:25:29.526,1.40295,1.40372,1.50,1.50
2018.03.30 19:25:29.997,1.40295,1.4037,1.87,1.37
2018.03.30 19:25:30.257,1.40287,1.40368,1.12,1.75
2018.03.30 19:25:30.412,1.40286,1.40365,1.37,1.50
2018.03.30 19:25:30.718,1.40259,1.40342,1.12,1.87
2018.03.30 19:25:30.769,1.40254,1.40337,1.87,1.12
2018.03.30 19:25:30.871,1.40259,1.40337,1.12,1.12
2018.03.30 19:25:30.974,1.40259,1.40336,1.12,1.75
2018.03.30 19:25:31.026,1.40257,1.40329,1.12,1.12
2018.03.30 19:25:31.333,1.40259,1.40322,1.37,1.37
2018.03.30 19:25:31.700,1.40255,1.40318,1.12,2.06
2018.03.30 19:25:32.010,1.40263,1.40336,1.12,1.12
2018.03.30 19:25:32.062,1.40262,1.4033,1.12,1.50
2018.03.30 19:25:32.570,1.40262,1.40332,1.12,2.00
2018.03.30 19:25:33.147,1.40263,1.4033,1.12,1.00
2018.03.30 19:25:33.198,1.40265,1.40337,1.12,1.37
2018.03.30 19:25:33.249,1.40268,1.40339,1.12,1.12
2018.03.30 19:25:33.351,1.40272,1.40348,1.37,1.87
2018.03.30 19:25:33.506,1.40277,1.40348,1.37,1.87
2018.03.30 19:25:33.558,1.40278,1.40355,1.12,1.12
2018.03.30 19:25:33.610,1.40277,1.40361,1.37,1.87
2018.03.30 19:25:33.662,1.40271,1.40361,1.12,1.87
2018.03.30 19:25:34.118,1.40274,1.40363,1.12,1.31
2018.03.30 19:25:34.324,1.40274,1.40362,1.12,1.31
2018.03.30 19:25:34.604,1.40274,1.40355,1.12,1.12
2018.03.30 19:25:34.810,1.40272,1.40351,1.12,1.37
2018.03.30 19:25:35.263,1.40273,1.40351,1.00,1.12
2018.03.30 19:25:35.316,1.40275,1.40356,1.37,1.12
2018.03.30 19:25:35.574,1.4028,1.4035,1.00,1.00
2018.03.30 19:25:35.627,1.40282,1.40355,1.37,1.87
2018.03.30 19:25:36.353,1.4028,1.40354,1.12,1.75
2018.03.30 19:25:36.659,1.4028,1.40354,1.12,1.75
2018.03.30 19:25:37.744,1.40279,1.40354,1.87,1.75
2018.03.30 19:25:37.847,1.40283,1.40355,1.12,1.12
2018.03.30 19:25:38.208,1.40285,1.4036,1.87,1.12
2018.03.30 19:25:38.312,1.40285,1.40356,1.37,1.12
2018.03.30 19:25:38.423,1.40285,1.40369,1.12,1.12
2018.03.30 19:25:38.731,1.40284,1.40368,1.00,1.12
2018.03.30 19:25:38.783,1.40281,1.40369,1.12,1.87
2018.03.30 19:25:38.887,1.40281,1.40367,1.12,1.75
2018.03.30 19:25:38.939,1.40284,1.40367,1.37,1.87
2018.03.30 19:25:39.255,1.40283,1.40367,1.12,1.87
2018.03.30 19:25:39.358,1.40283,1.40367,1.12,1.87
2018.03.30 19:25:39.410,1.40284,1.40366,1.75,1.12
2018.03.30 19:25:39.462,1.40284,1.40367,1.37,1.87
2018.03.30 19:25:39.515,1.40285,1.40367,1.50,1.12
2018.03.30 19:25:39.823,1.40285,1.40359,1.37,1.12
2018.03.30 19:25:39.927,1.40277,1.4035,1.37,1.00
2018.03.30 19:25:39.980,1.40275,1.4036,1.37,1.87
2018.03.30 19:25:40.032,1.40272,1.40358,1.12,1.87
2018.03.30 19:25:40.402,1.40269,1.40355,1.12,1.12
2018.03.30 19:25:40.454,1.40271,1.40359,1.12,1.87
2018.03.30 19:25:40.608,1.40269,1.40354,1.12,1.50
2018.03.30 19:25:40.660,1.40272,1.40349,1.37,1.37
2018.03.30 19:25:40.712,1.40269,1.40356,1.37,1.12
2018.03.30 19:25:41.122,1.40272,1.4036,1.37,1.75
2018.03.30 19:25:41.226,1.40271,1.40352,1.37,1.75
2018.03.30 19:25:41.278,1.40269,1.40349,1.50,1.00
2018.03.30 19:25:42.297,1.40269,1.40349,1.12,1.37
2018.03.30 19:25:43.593,1.40266,1.40348,1.37,1.12
2018.03.30 19:25:43.645,1.40268,1.40353,1.50,1.37
2018.03.30 19:25:43.749,1.40277,1.40355,1.12,1.75
2018.03.30 19:25:43.853,1.40278,1.40361,1.37,1.12
2018.03.30 19:25:44.635,1.40273,1.40356,1.37,1.37
2018.03.30 19:25:44.738,1.40272,1.40356,1.12,1.75
2018.03.30 19:25:44.789,1.40271,1.40355,1.12,1.00
2018.03.30 19:25:44.840,1.40272,1.40355,1.12,1.12
2018.03.30 19:25:44.892,1.40271,1.40351,1.12,1.50
2018.03.30 19:25:44.943,1.40269,1.4035,1.12,1.50
2018.03.30 19:25:45.401,1.40273,1.40352,1.12,1.75
2018.03.30 19:25:45.656,1.40274,1.40356,1.37,1.12
2018.03.30 19:25:45.707,1.40274,1.40362,1.37,1.12
2018.03.30 19:25:45.758,1.40273,1.40361,1.37,1.12
2018.03.30 19:25:45.809,1.40273,1.40362,1.50,1.12
2018.03.30 19:25:46.165,1.40274,1.40362,1.37,1.12
2018.03.30 19:25:46.216,1.40318,1.40362,0.75,1.12
2018.03.30 19:25:46.625,1.40335,1.40362,1.00,1.12
2018.03.30 19:25:46.729,1.40333,1.40362,1.00,1.12
2018.03.30 19:25:47.704,1.40328,1.4036,1.00,1.37
2018.03.30 19:25:47.756,1.40322,1.4036,1.00,1.37
2018.03.30 19:25:47.808,1.40324,1.4036,1.00,1.37
2018.03.30 19:25:48.324,1.40324,1.40361,1.00,1.12
2018.03.30 19:25:48.376,1.40282,1.40361,1.37,1.37
2018.03.30 19:25:48.427,1.40273,1.40361,1.12,1.12
2018.03.30 19:25:49.746,1.40276,1.40362,1.37,1.37
2018.03.30 19:25:49.876,1.40276,1.40363,1.37,1.12
2018.03.30 19:25:49.928,1.40276,1.40363,1.37,1.12
2018.03.30 19:25:50.031,1.40276,1.40362,1.37,1.37
2018.03.30 19:25:50.083,1.40276,1.40363,1.37,1.12
2018.03.30 19:25:50.186,1.40276,1.40362,1.37,1.37
2018.03.30 19:25:50.238,1.40276,1.40363,1.37,1.12
2018.03.30 19:25:50.290,1.40276,1.40363,1.37,1.12
2018.03.30 19:25:50.342,1.40276,1.40362,1.37,1.37
2018.03.30 19:25:50.446,1.40276,1.40363,1.37,1.12
2018.03.30 19:25:50.498,1.40276,1.40362,1.37,1.37
2018.03.30 19:25:50.652,1.40276,1.40362,1.37,1.37
2018.03.30 19:25:50.705,1.40274,1.40357,1.75,1.75
2018.03.30 19:25:51.013,1.40278,1.40353,1.00,1.87
2018.03.30 19:25:51.911,1.40271,1.40351,1.37,1.12
2018.03.30 19:25:52.065,1.4027,1.40352,1.75,1.75
2018.03.30 19:25:52.117,1.40268,1.40348,1.75,1.00
2018.03.30 19:25:52.168,1.40267,1.40349,1.12,1.75
2018.03.30 19:25:52.374,1.40267,1.40349,1.12,1.75
2018.03.30 19:25:52.426,1.40267,1.40347,1.37,1.75
2018.03.30 19:25:52.995,1.40266,1.40346,1.12,1.00
2018.03.30 19:25:53.589,1.40266,1.40346,1.12,1.00
2018.03.30 19:25:54.965,1.40266,1.40348,1.12,1.75
2018.03.30 19:25:55.017,1.40267,1.40351,1.69,1.87
2018.03.30 19:25:55.069,1.40272,1.40353,1.12,1.87
2018.03.30 19:25:55.122,1.40274,1.40353,1.37,1.12
2018.03.30 19:25:55.573,1.40276,1.40352,1.87,1.37
2018.03.30 19:25:55.728,1.40278,1.40352,1.12,1.37
2018.03.30 19:25:56.152,1.40278,1.40353,1.12,1.37
2018.03.30 19:25:56.360,1.40278,1.40352,1.12,1.50
2018.03.30 19:25:56.413,1.40278,1.40353,1.12,1.37
2018.03.30 19:25:57.468,1.40278,1.40353,1.12,2.06
2018.03.30 19:26:01.520,1.4028,1.40351,1.37,1.37
2018.03.30 19:26:02.759,1.40278,1.40351,1.12,1.37
2018.03.30 19:26:03.371,1.40279,1.40352,1.12,1.87
2018.03.30 19:26:03.474,1.40278,1.40346,1.37,1.37
2018.03.30 19:26:03.526,1.40276,1.40346,1.87,1.12
2018.03.30 19:26:03.578,1.40276,1.40345,1.50,1.12
2018.03.30 19:26:03.630,1.40276,1.40346,1.87,1.12
2018.03.30 19:26:04.177,1.40279,1.40351,1.00,1.12
2018.03.30 19:26:04.229,1.40281,1.40354,1.87,1.00
2018.03.30 19:26:04.883,1.40282,1.40356,1.37,1.75
2018.03.30 19:26:06.437,1.40281,1.40354,2.25,1.00
2018.03.30 19:26:09.077,1.40281,1.40353,1.87,1.12
2018.03.30 19:26:09.129,1.40281,1.40353,1.37,1.75
2018.03.30 19:26:09.181,1.40278,1.40352,1.50,1.12
2018.03.30 19:26:09.233,1.40278,1.40353,1.87,1.87
2018.03.30 19:26:09.919,1.4028,1.40353,1.12,1.87
2018.03.30 19:26:09.971,1.40281,1.40353,2.62,1.37
2018.03.30 19:26:10.656,1.40282,1.40352,1.12,1.37
2018.03.30 19:26:10.708,1.40277,1.40352,1.75,1.12
2018.03.30 19:26:10.760,1.40277,1.40348,1.00,1.50
2018.03.30 19:26:10.812,1.40276,1.40348,1.12,1.12
2018.03.30 19:26:11.176,1.40275,1.4035,1.12,1.00
2018.03.30 19:26:11.229,1.40275,1.4035,1.12,1.00
2018.03.30 19:26:11.670,1.40277,1.40356,1.12,1.37
2018.03.30 19:26:11.722,1.40276,1.40355,1.75,1.00
2018.03.30 19:26:11.877,1.40277,1.40362,1.12,1.50
2018.03.30 19:26:12.543,1.40278,1.40366,1.37,1.12
2018.03.30 19:26:13.095,1.40282,1.40363,1.00,1.75
2018.03.30 19:26:13.147,1.40277,1.40362,2.25,1.50
2018.03.30 19:26:14.139,1.40278,1.4036,1.37,1.12
2018.03.30 19:26:14.242,1.40278,1.4036,1.37,1.12
2018.03.30 19:26:14.294,1.40277,1.4036,1.75,1.12
2018.03.30 19:26:14.397,1.40277,1.4036,1.75,1.12
2018.03.30 19:26:14.500,1.40277,1.4036,1.87,1.12
2018.03.30 19:26:14.603,1.40278,1.40359,1.37,1.12
2018.03.30 19:26:14.706,1.40277,1.4036,1.75,1.12
2018.03.30 19:26:14.758,1.40277,1.4036,1.75,1.12
2018.03.30 19:26:14.861,1.40277,1.40359,1.75,1.12
2018.03.30 19:26:14.964,1.40277,1.40359,1.75,1.12
2018.03.30 19:26:15.016,1.40277,1.4036,1.75,1.12
2018.03.30 19:26:15.517,1.40278,1.40359,1.12,1.12
2018.03.30 19:26:16.161,1.40277,1.40358,1.12,1.75
2018.03.30 19:26:16.213,1.40277,1.40358,1.87,1.31
2018.03.30 19:26:17.191,1.40277,1.40354,1.12,1.75
2018.03.30 19:26:18.264,1.40276,1.4035,1.75,1.12
2018.03.30 19:26:18.573,1.40276,1.40354,2.62,1.87
2018.03.30 19:26:19.115,1.40277,1.40354,1.50,1.87
2018.03.30 19:26:19.167,1.40276,1.40353,1.75,1.75
2018.03.30 19:26:19.321,1.40279,1.40352,1.37,1.87
2018.03.30 19:26:19.425,1.40283,1.40356,1.37,1.00
2018.03.30 19:26:20.247,1.40283,1.40356,1.50,1.00
2018.03.30 19:26:20.812,1.40283,1.40358,1.37,2.00
2018.03.30 19:26:21.614,1.40283,1.40358,1.87,1.75
2018.03.30 19:26:21.666,1.40283,1.40358,1.50,2.00
2018.03.30 19:26:21.717,1.40283,1.40356,1.87,1.00
2018.03.30 19:26:22.813,1.40283,1.40356,1.75,1.00
2018.03.30 19:26:23.275,1.40283,1.40353,1.37,1.00
2018.03.30 19:26:23.584,1.4028,1.40353,1.87,1.37
2018.03.30 19:26:23.896,1.40284,1.40356,1.37,1.37
2018.03.30 19:26:23.948,1.40286,1.40357,1.37,1.75
2018.03.30 19:26:24.463,1.40286,1.40357,1.50,1.75
2018.03.30 19:26:26.359,1.40286,1.40356,1.50,1.75
2018.03.30 19:26:26.903,1.40286,1.40356,1.87,1.50
2018.03.30 19:26:27.160,1.40286,1.40354,1.12,1.00
2018.03.30 19:26:27.212,1.40286,1.40356,1.75,1.75
2018.03.30 19:26:27.718,1.40286,1.40356,2.25,1.50
2018.03.30 19:26:30.481,1.40283,1.40354,1.50,1.00
2018.03.30 19:26:30.581,1.40283,1.40355,1.87,1.50
2018.03.30 19:26:31.245,1.40283,1.40356,1.75,1.50
2018.03.30 19:26:31.348,1.40283,1.40356,1.87,1.50
2018.03.30 19:26:31.451,1.40287,1.40358,1.12,1.12
2018.03.30 19:26:31.503,1.4029,1.40364,1.00,1.75
2018.03.30 19:26:31.554,1.4029,1.40365,1.37,1.75
2018.03.30 19:26:32.062,1.40291,1.40364,1.37,1.50
2018.03.30 19:26:36.292,1.40291,1.40364,1.37,1.75
2018.03.30 19:26:36.552,1.40305,1.40379,1.37,1.50
2018.03.30 19:26:36.757,1.40305,1.40379,1.12,1.50
2018.03.30 19:26:38.227,1.40304,1.40374,1.00,1.00
2018.03.30 19:26:38.552,1.40304,1.40376,1.37,1.75
2018.03.30 19:26:38.603,1.40304,1.40374,1.00,1.00
2018.03.30 19:26:38.810,1.40304,1.40376,1.37,1.50
2018.03.30 19:26:39.437,1.40307,1.40376,1.12,1.37
2018.03.30 19:26:39.810,1.40307,1.40372,1.00,1.00
2018.03.30 19:26:39.862,1.403,1.40377,1.37,1.00
2018.03.30 19:26:39.915,1.403,1.40372,1.37,1.12
2018.03.30 19:26:40.627,1.40299,1.40373,1.37,1.37
2018.03.30 19:26:41.150,1.40299,1.40373,1.37,1.37
2018.03.30 19:26:47.197,1.40299,1.4037,1.37,1.37
2018.03.30 19:26:47.502,1.40297,1.40366,1.37,1.37
2018.03.30 19:26:47.606,1.40297,1.40369,1.37,1.50
2018.03.30 19:26:48.132,1.40297,1.40369,1.37,1.50
2018.03.30 19:26:48.341,1.40297,1.40371,1.00,1.75
2018.03.30 19:26:48.394,1.40304,1.40384,1.00,1.75
2018.03.30 19:26:48.446,1.40304,1.40384,1.37,1.50
2018.03.30 19:26:48.498,1.40304,1.40384,1.00,1.75
2018.03.30 19:26:48.654,1.40304,1.40375,1.12,1.37
2018.03.30 19:26:48.912,1.4031,1.40385,1.37,1.50
2018.03.30 19:26:49.461,1.40312,1.40384,1.00,1.75
2018.03.30 19:26:50.167,1.40312,1.40385,1.37,1.87
2018.03.30 19:26:50.424,1.40315,1.40388,1.12,1.50
2018.03.30 19:26:50.979,1.40315,1.40387,1.37,1.00
2018.03.30 19:26:52.918,1.40312,1.40385,1.37,1.37
2018.03.30 19:26:53.022,1.40306,1.40381,1.37,1.00
2018.03.30 19:26:53.075,1.40306,1.40375,1.00,1.12
2018.03.30 19:26:53.386,1.40303,1.40374,1.12,1.50
2018.03.30 19:26:53.542,1.40312,1.40385,1.12,1.50
2018.03.30 19:26:53.645,1.40312,1.40383,1.37,1.00
2018.03.30 19:26:53.749,1.40312,1.40385,1.00,1.75
2018.03.30 19:26:55.859,1.40312,1.40382,1.00,1.50
2018.03.30 19:26:56.012,1.40308,1.4038,1.00,1.75
2018.03.30 19:26:56.063,1.40309,1.4038,1.12,1.50
2018.03.30 19:26:58.238,1.40309,1.40383,1.37,1.50
2018.03.30 19:26:58.494,1.40309,1.40383,1.00,1.87
2018.03.30 19:26:58.546,1.40307,1.40378,1.00,1.50
2018.03.30 19:26:58.650,1.40304,1.40377,1.00,1.37
2018.03.30 19:26:58.814,1.40304,1.40377,1.37,1.87
2018.03.30 19:26:58.866,1.40304,1.40377,1.12,1.87
2018.03.30 19:26:59.061,1.40297,1.40367,1.37,1.00
2018.03.30 19:26:59.165,1.40297,1.40369,1.12,1.75
2018.03.30 19:27:01.449,1.40297,1.40367,1.00,1.87
2018.03.30 19:27:01.501,1.40294,1.40366,1.37,1.75
2018.03.30 19:27:01.605,1.40294,1.40366,1.37,1.75
2018.03.30 19:27:02.598,1.40294,1.40366,1.37,1.75
2018.03.30 19:27:03.965,1.40294,1.40366,1.37,1.75
2018.03.30 19:27:04.550,1.40294,1.40369,1.87,1.50
2018.03.30 19:27:04.601,1.40297,1.40369,1.37,1.50
2018.03.30 19:27:04.807,1.40297,1.40369,1.12,1.75
2018.03.30 19:27:06.147,1.40297,1.40369,1.37,1.75
2018.03.30 19:27:08.711,1.40301,1.40369,1.00,1.87
2018.03.30 19:27:09.433,1.40296,1.40368,1.37,1.12
2018.03.30 19:27:09.545,1.40296,1.40365,1.37,1.00
2018.03.30 19:27:09.599,1.4029,1.40364,1.37,1.69
2018.03.30 19:27:09.753,1.40288,1.40359,1.37,1.37
2018.03.30 19:27:10.241,1.40287,1.40359,2.25,1.37
2018.03.30 19:27:10.396,1.4029,1.4036,1.87,1.00
2018.03.30 19:27:10.654,1.40293,1.40366,1.00,1.75
2018.03.30 19:27:10.706,1.40296,1.40372,1.12,1.37
2018.03.30 19:27:10.758,1.40299,1.4037,1.87,1.50
2018.03.30 19:27:10.811,1.40299,1.40371,1.50,1.75
2018.03.30 19:27:11.017,1.40302,1.40371,1.12,1.75
2018.03.30 19:27:11.234,1.40298,1.40368,1.37,1.12
2018.03.30 19:27:11.899,1.40298,1.40368,1.37,1.00
2018.03.30 19:27:12.465,1.40298,1.40368,1.37,1.37
2018.03.30 19:27:15.114,1.40298,1.40368,1.00,1.37
2018.03.30 19:27:18.214,1.40298,1.40369,1.75,1.00
2018.03.30 19:27:18.401,1.40297,1.40368,1.37,1.00
2018.03.30 19:27:18.454,1.40297,1.40368,1.37,1.50
2018.03.30 19:27:19.004,1.40297,1.40369,1.37,1.75
2018.03.30 19:27:19.452,1.40297,1.40368,1.37,1.12
2018.03.30 19:27:19.504,1.40299,1.40369,1.12,1.75
2018.03.30 19:27:19.556,1.40299,1.40376,1.37,1.75
2018.03.30 19:27:19.608,1.40306,1.40373,1.37,1.00
2018.03.30 19:27:20.127,1.40306,1.40375,1.00,1.75
2018.03.30 19:27:21.730,1.40306,1.4037,1.00,1.37
2018.03.30 19:27:21.782,1.403,1.40369,1.37,1.87
2018.03.30 19:27:21.834,1.403,1.40368,1.12,1.12
2018.03.30 19:27:21.886,1.40297,1.40366,1.37,1.00
2018.03.30 19:27:22.344,1.40297,1.40361,1.00,1.50
2018.03.30 19:27:22.665,1.40294,1.40361,1.37,1.87
2018.03.30 19:27:24.390,1.40294,1.40361,1.12,1.87
2018.03.30 19:27:28.767,1.40294,1.40361,1.37,1.87
2018.03.30 19:27:29.961,1.40294,1.40361,1.12,1.87
2018.03.30 19:27:32.589,1.40294,1.40355,1.00,1.00
2018.03.30 19:27:32.641,1.40294,1.40361,1.00,1.50
2018.03.30 19:27:32.693,1.40284,1.4036,1.87,1.62
2018.03.30 19:27:32.745,1.40283,1.40352,1.75,1.00
2018.03.30 19:27:33.037,1.40279,1.4035,1.12,1.62
2018.03.30 19:27:33.089,1.40279,1.4035,1.87,1.31
2018.03.30 19:27:33.672,1.40279,1.4035,1.87,1.31
2018.03.30 19:27:33.981,1.40269,1.40338,1.12,1.00
2018.03.30 19:27:34.033,1.40268,1.40335,1.50,1.37
2018.03.30 19:27:34.085,1.40263,1.40331,1.12,1.00
2018.03.30 19:27:34.293,1.40262,1.40331,1.37,1.00
2018.03.30 19:27:34.345,1.40261,1.4033,1.87,1.00
2018.03.30 19:27:34.397,1.40261,1.40334,1.12,1.87
2018.03.30 19:27:34.501,1.4026,1.4034,1.12,1.50
2018.03.30 19:27:34.651,1.40257,1.40339,1.12,1.87
2018.03.30 19:27:34.704,1.40257,1.40339,1.12,1.87
2018.03.30 19:27:35.012,1.40262,1.40333,1.12,1.00
2018.03.30 19:27:35.116,1.40266,1.40331,1.00,1.00
2018.03.30 19:27:35.168,1.40263,1.40328,1.12,1.00
2018.03.30 19:27:35.484,1.40261,1.40324,1.12,1.00
2018.03.30 19:27:35.793,1.40261,1.40335,1.50,1.00
2018.03.30 19:27:35.896,1.40265,1.40353,1.87,1.75
2018.03.30 19:27:35.948,1.40267,1.40353,1.37,1.75
2018.03.30 19:27:36.000,1.40267,1.40353,1.37,1.75
2018.03.30 19:27:36.384,1.40272,1.40347,1.12,1.00
2018.03.30 19:27:36.592,1.40264,1.40351,1.50,1.37
2018.03.30 19:27:36.695,1.40264,1.40352,1.37,1.12
2018.03.30 19:27:36.747,1.40265,1.40353,1.37,2.06
2018.03.30 19:27:37.363,1.40265,1.40346,1.37,1.50
2018.03.30 19:27:37.414,1.40264,1.40343,1.12,1.37
2018.03.30 19:27:37.516,1.4026,1.40346,1.12,1.12
2018.03.30 19:27:37.619,1.40259,1.40346,1.12,1.12
2018.03.30 19:27:37.924,1.40262,1.40354,1.75,2.06
2018.03.30 19:27:37.975,1.40263,1.40354,1.75,1.94
2018.03.30 19:27:38.026,1.40263,1.40352,1.75,1.12
2018.03.30 19:27:38.282,1.40271,1.40362,1.75,1.75
2018.03.30 19:27:38.463,1.40274,1.4036,1.50,1.31
2018.03.30 19:27:38.567,1.40273,1.40356,1.75,1.31
2018.03.30 19:27:38.619,1.40273,1.40349,1.37,1.00
2018.03.30 19:27:38.930,1.40267,1.40335,1.12,1.25
2018.03.30 19:27:39.403,1.40264,1.40335,2.25,1.00
2018.03.30 19:27:39.457,1.40264,1.40335,1.37,1.00
2018.03.30 19:27:39.510,1.40263,1.40328,1.75,1.00
2018.03.30 19:27:39.908,1.40264,1.40328,1.00,1.00
2018.03.30 19:27:39.959,1.40264,1.40328,1.37,1.00
2018.03.30 19:27:40.567,1.40263,1.40328,1.12,1.00
2018.03.30 19:27:41.244,1.40264,1.40328,1.75,1.00
2018.03.30 19:27:41.297,1.40265,1.40328,1.12,1.00
2018.03.30 19:27:41.631,1.40266,1.40326,1.00,1.00
2018.03.30 19:27:41.684,1.40259,1.40326,1.12,1.00
2018.03.30 19:27:41.736,1.40259,1.40323,1.37,1.00
2018.03.30 19:27:42.251,1.40259,1.40323,1.12,1.19
2018.03.30 19:27:42.636,1.40265,1.40323,1.37,1.19
2018.03.30 19:27:42.694,1.4026,1.40323,1.12,1.00
2018.03.30 19:27:42.746,1.40257,1.40323,1.12,1.00
2018.03.30 19:27:43.689,1.40259,1.40323,1.37,1.19
2018.03.30 19:27:43.741,1.4026,1.40323,1.50,1.00
2018.03.30 19:27:43.844,1.40265,1.40325,1.00,1.25
2018.03.30 19:27:43.998,1.4026,1.40325,1.12,1.25
2018.03.30 19:27:44.288,1.40261,1.40325,1.37,1.00
2018.03.30 19:27:44.714,1.40262,1.40328,1.37,1.00
2018.03.30 19:27:44.766,1.40265,1.40328,1.00,1.00
2018.03.30 19:27:44.818,1.40265,1.4033,1.00,1.00
2018.03.30 19:27:45.072,1.40263,1.4033,1.12,1.00
2018.03.30 19:27:45.629,1.40264,1.4033,1.37,1.00
2018.03.30 19:27:45.732,1.40265,1.40331,1.37,1.19
2018.03.30 19:27:46.268,1.40264,1.40331,1.12,1.25
2018.03.30 19:27:46.458,1.40265,1.40331,1.12,1.25
2018.03.30 19:27:46.713,1.40265,1.4033,1.12,1.00
2018.03.30 19:27:46.764,1.40265,1.4033,1.12,1.00
2018.03.30 19:27:46.816,1.40265,1.4033,1.12,1.00
2018.03.30 19:27:46.919,1.40263,1.4033,1.12,1.00
2018.03.30 19:27:46.971,1.40263,1.40324,1.12,1.00
2018.03.30 19:27:47.313,1.40256,1.4032,1.12,1.00
2018.03.30 19:27:48.606,1.40258,1.4032,1.12,1.19
2018.03.30 19:27:48.812,1.40261,1.4032,1.00,1.25
2018.03.30 19:27:48.864,1.40258,1.4032,1.75,1.25
2018.03.30 19:27:48.917,1.40258,1.4032,1.12,1.00
2018.03.30 19:27:49.434,1.40258,1.40321,1.37,1.00
2018.03.30 19:27:49.624,1.40257,1.40321,1.12,1.25
2018.03.30 19:27:49.938,1.40258,1.40321,1.12,1.00
2018.03.30 19:27:50.463,1.40259,1.40322,1.37,1.00
2018.03.30 19:27:50.731,1.40258,1.40322,1.12,1.00
2018.03.30 19:27:50.784,1.40259,1.40321,1.37,1.00
2018.03.30 19:27:51.415,1.40258,1.40321,1.12,1.00
2018.03.30 19:27:51.674,1.40258,1.40321,1.12,1.00
2018.03.30 19:27:51.932,1.40258,1.40321,1.12,1.00
2018.03.30 19:27:52.546,1.40259,1.40321,1.37,1.00
2018.03.30 19:27:52.994,1.40258,1.40324,1.37,1.19
2018.03.30 19:27:53.046,1.40257,1.40324,1.75,1.25
2018.03.30 19:27:53.355,1.40258,1.4031,1.12,1.00
2018.03.30 19:27:53.671,1.40258,1.40307,1.12,1.00
2018.03.30 19:27:53.913,1.40258,1.40321,1.12,1.00
2018.03.30 19:27:54.010,1.40259,1.40311,1.12,1.00
2018.03.30 19:27:54.069,1.40259,1.40311,1.12,1.00
2018.03.30 19:27:54.225,1.40259,1.40309,1.37,0.75
2018.03.30 19:27:54.278,1.40259,1.40319,1.37,1.00
2018.03.30 19:27:54.789,1.40258,1.4032,1.87,1.00
2018.03.30 19:27:54.982,1.40258,1.40318,1.87,1.00
2018.03.30 19:27:55.383,1.4026,1.40323,1.12,1.00
2018.03.30 19:27:55.602,1.4026,1.40327,1.12,1.19
2018.03.30 19:27:56.263,1.4026,1.40327,1.12,1.25
2018.03.30 19:27:56.800,1.4026,1.40326,1.37,1.25
2018.03.30 19:27:57.332,1.40263,1.40326,1.12,1.25
2018.03.30 19:27:57.766,1.40259,1.40326,1.37,1.00
2018.03.30 19:27:57.819,1.40257,1.40324,1.12,1.00
2018.03.30 19:27:58.123,1.40258,1.40327,1.12,1.00
2018.03.30 19:27:58.484,1.40257,1.40327,1.12,1.31
2018.03.30 19:27:58.834,1.4026,1.40323,1.12,1.00
2018.03.30 19:27:59.242,1.40257,1.40323,1.12,1.00
2018.03.30 19:27:59.767,1.40257,1.40324,1.12,1.00
2018.03.30 19:27:59.922,1.40258,1.40324,1.12,1.25
2018.03.30 19:28:00.257,1.40259,1.40324,1.12,1.00
2018.03.30 19:28:00.411,1.40258,1.40326,1.12,1.00
2018.03.30 19:28:00.822,1.40259,1.40326,1.37,1.00
2018.03.30 19:28:00.926,1.40258,1.40326,1.12,1.00
2018.03.30 19:28:01.081,1.40259,1.40326,1.00,1.00
2018.03.30 19:28:01.133,1.40258,1.40326,1.12,1.00
2018.03.30 19:28:01.441,1.40259,1.40326,1.12,1.00
2018.03.30 19:28:01.492,1.40259,1.40326,1.12,1.00
2018.03.30 19:28:01.594,1.40258,1.40326,1.37,1.00
2018.03.30 19:28:01.645,1.40257,1.40324,1.75,1.25
2018.03.30 19:28:01.696,1.40257,1.40324,1.75,1.25
2018.03.30 19:28:01.849,1.40257,1.40324,1.75,1.25
2018.03.30 19:28:01.902,1.40257,1.40324,1.50,1.25
2018.03.30 19:28:02.198,1.40258,1.40324,1.37,1.25
2018.03.30 19:28:02.968,1.40258,1.40324,1.37,1.19
2018.03.30 19:28:03.300,1.4026,1.40324,1.37,1.00
2018.03.30 19:28:03.731,1.40264,1.4033,1.75,1.00
2018.03.30 19:28:03.834,1.40268,1.40335,1.75,1.00
2018.03.30 19:28:04.143,1.4027,1.40335,1.50,1.00
2018.03.30 19:28:05.316,1.40271,1.40335,1.75,1.00
2018.03.30 19:28:06.456,1.40275,1.40335,1.00,1.00
2018.03.30 19:28:06.561,1.40275,1.40339,1.00,1.00
2018.03.30 19:28:06.767,1.40275,1.40339,1.75,1.00
2018.03.30 19:28:06.928,1.40277,1.40342,1.12,1.25
2018.03.30 19:28:07.436,1.40276,1.40342,1.12,1.00
2018.03.30 19:28:07.727,1.40277,1.40342,1.75,1.25
2018.03.30 19:28:07.881,1.40276,1.40342,1.75,1.00
2018.03.30 19:28:08.138,1.40277,1.40342,1.37,1.25
2018.03.30 19:28:08.190,1.40277,1.40342,1.12,1.25
2018.03.30 19:28:08.562,1.40277,1.40342,1.37,1.00
2018.03.30 19:28:08.615,1.40275,1.40342,1.12,1.00
2018.03.30 19:28:08.667,1.40275,1.40341,1.37,1.00
2018.03.30 19:28:09.047,1.40279,1.40345,1.00,1.25
2018.03.30 19:28:09.590,1.40279,1.40345,1.00,1.19
2018.03.30 19:28:09.641,1.40279,1.40345,1.37,1.19
2018.03.30 19:28:10.154,1.40279,1.40345,1.37,1.00
2018.03.30 19:28:10.206,1.40279,1.40345,1.00,1.00
2018.03.30 19:28:10.310,1.40278,1.40345,1.75,1.00
2018.03.30 19:28:10.516,1.40283,1.40348,1.00,1.00
2018.03.30 19:28:11.370,1.40283,1.40348,1.37,1.00
2018.03.30 19:28:11.422,1.40282,1.40352,1.75,1.00
2018.03.30 19:28:11.991,1.40282,1.40352,1.75,1.00
2018.03.30 19:28:12.326,1.40284,1.40352,1.37,1.00
2018.03.30 19:28:12.648,1.40287,1.40349,1.00,1.25
2018.03.30 19:28:12.905,1.40286,1.40353,1.12,1.00
2018.03.30 19:28:13.211,1.40288,1.40353,1.37,1.00
2018.03.30 19:28:13.364,1.40288,1.40353,1.00,1.00
2018.03.30 19:28:13.837,1.40287,1.40353,1.12,1.00
2018.03.30 19:28:14.123,1.40286,1.40353,1.75,1.00
2018.03.30 19:28:16.745,1.4032,1.40353,0.75,1.00
2018.03.30 19:28:17.199,1.40338,1.40353,1.00,1.00
2018.03.30 19:28:17.355,1.40347,1.40376,1.00,1.12
2018.03.30 19:28:17.408,1.40352,1.4037,1.00,0.74
2018.03.30 19:28:17.462,1.40357,1.40408,1.00,1.12
2018.03.30 19:28:17.515,1.40363,1.40394,1.00,1.00
2018.03.30 19:28:17.876,1.40363,1.40385,1.00,0.37
2018.03.30 19:28:17.928,1.40365,1.40415,1.00,1.94
2018.03.30 19:28:18.030,1.40365,1.40415,1.00,1.75
2018.03.30 19:28:18.082,1.40365,1.40415,1.00,1.75
2018.03.30 19:28:18.185,1.40365,1.40414,1.00,1.19
2018.03.30 19:28:18.496,1.40373,1.40408,1.00,1.00
2018.03.30 19:28:18.805,1.40371,1.40399,1.00,1.00
2018.03.30 19:28:19.170,1.40335,1.40399,1.87,1.00
2018.03.30 19:28:19.222,1.40329,1.40399,1.37,1.00
2018.03.30 19:28:19.664,1.40324,1.40395,1.12,1.00
2018.03.30 19:28:19.827,1.40316,1.40389,1.12,1.00
2018.03.30 19:28:19.880,1.40315,1.40385,1.12,1.00
2018.03.30 19:28:20.466,1.40315,1.40388,1.12,1.00
2018.03.30 19:28:20.570,1.40321,1.40394,1.75,1.50
2018.03.30 19:28:20.673,1.40322,1.4042,1.12,1.75
2018.03.30 19:28:20.827,1.40322,1.40416,1.12,1.37
2018.03.30 19:28:21.137,1.40317,1.40387,1.12,1.00
2018.03.30 19:28:21.241,1.4031,1.40389,1.12,1.69
2018.03.30 19:28:21.293,1.40308,1.40389,1.12,2.06
2018.03.30 19:28:21.345,1.40308,1.40396,1.12,1.31
2018.03.30 19:28:21.449,1.40308,1.40395,1.75,1.00
2018.03.30 19:28:21.553,1.40314,1.40406,1.00,1.31
2018.03.30 19:28:21.656,1.4032,1.40408,1.00,1.19
2018.03.30 19:28:21.889,1.4032,1.40408,1.00,1.00
2018.03.30 19:28:21.941,1.40317,1.40405,1.37,1.00
2018.03.30 19:28:22.248,1.40316,1.40392,1.12,1.00
2018.03.30 19:28:22.582,1.40317,1.40388,1.37,1.00
2018.03.30 19:28:23.661,1.40314,1.40384,1.37,1.12
2018.03.30 19:28:23.869,1.40304,1.40393,1.12,1.12
2018.03.30 19:28:23.973,1.40309,1.40399,1.00,1.31
2018.03.30 19:28:24.024,1.40309,1.40396,1.00,1.56
2018.03.30 19:28:24.566,1.40302,1.40396,1.12,1.56
2018.03.30 19:28:24.859,1.40303,1.40399,1.50,1.31
2018.03.30 19:28:24.912,1.40306,1.40399,1.12,1.75
2018.03.30 19:28:25.227,1.40312,1.40385,1.37,1.00
2018.03.30 19:28:25.796,1.40311,1.40359,1.12,1.00
2018.03.30 19:28:26.276,1.40312,1.40369,1.12,1.00
2018.03.30 19:28:26.380,1.40304,1.40364,1.12,1.00
2018.03.30 19:28:26.483,1.40308,1.40362,1.12,1.00
2018.03.30 19:28:26.821,1.40312,1.40361,1.12,1.00
2018.03.30 19:28:26.873,1.40318,1.40367,1.12,1.00
2018.03.30 19:28:27.168,1.40318,1.40392,1.12,1.00
2018.03.30 19:28:27.220,1.40323,1.40414,1.12,1.68
2018.03.30 19:28:27.324,1.40329,1.40415,1.37,1.93
2018.03.30 19:28:27.376,1.40324,1.40412,1.12,1.37
2018.03.30 19:28:27.480,1.40323,1.40401,1.12,1.00
2018.03.30 19:28:27.583,1.40315,1.40401,1.12,1.37
2018.03.30 19:28:27.635,1.4031,1.40396,1.12,1.62
2018.03.30 19:28:27.687,1.40307,1.40399,1.00,1.12
2018.03.30 19:28:27.739,1.40307,1.40405,1.12,1.31
2018.03.30 19:28:28.039,1.40308,1.40403,1.12,1.69
2018.03.30 19:28:28.142,1.40309,1.40403,1.12,1.50
2018.03.30 19:28:28.451,1.40319,1.40414,1.12,1.56
2018.03.30 19:28:28.761,1.40321,1.40393,1.12,1.00
2018.03.30 19:28:28.905,1.40313,1.40387,1.12,1.00
2018.03.30 19:28:29.009,1.40302,1.40379,1.75,1.00
2018.03.30 19:28:29.061,1.40303,1.40379,1.12,1.00
2018.03.30 19:28:29.113,1.40307,1.40398,1.00,1.12
2018.03.30 19:28:29.217,1.40307,1.40398,1.00,1.56
2018.03.30 19:28:29.422,1.40311,1.40405,1.12,1.31
2018.03.30 19:28:29.730,1.40311,1.40408,1.12,1.31
2018.03.30 19:28:29.782,1.40311,1.40394,1.12,1.00
2018.03.30 19:28:30.092,1.40306,1.40378,1.00,1.00
2018.03.30 19:28:30.195,1.40306,1.404,1.37,1.12
2018.03.30 19:28:30.247,1.40306,1.40398,1.37,1.94
2018.03.30 19:28:30.299,1.40311,1.40406,1.12,1.94
2018.03.30 19:28:30.351,1.40311,1.40404,1.37,1.31
2018.03.30 19:28:30.563,1.40311,1.40406,1.37,1.94
2018.03.30 19:28:30.718,1.40321,1.40415,1.12,1.31
2018.03.30 19:28:30.821,1.40319,1.40416,1.12,1.12
2018.03.30 19:28:31.014,1.40323,1.40413,1.12,1.56
2018.03.30 19:28:31.116,1.40321,1.40407,1.00,1.12
2018.03.30 19:28:31.573,1.40311,1.40398,1.12,1.00
2018.03.30 19:28:31.675,1.40311,1.404,1.50,1.12
2018.03.30 19:28:33.022,1.40306,1.404,1.12,1.31
2018.03.30 19:28:33.431,1.40306,1.40393,1.00,1.12
2018.03.30 19:28:33.483,1.40304,1.40392,1.12,1.75
2018.03.30 19:28:34.041,1.40304,1.40393,1.12,1.87
2018.03.30 19:28:35.040,1.40302,1.40385,1.50,1.37
2018.03.30 19:28:35.800,1.40302,1.40385,1.37,1.12
2018.03.30 19:28:35.852,1.40299,1.40385,1.87,1.31
2018.03.30 19:28:35.904,1.40299,1.40385,1.87,1.31
2018.03.30 19:28:35.956,1.40299,1.40384,1.87,1.62
2018.03.30 19:28:36.803,1.40299,1.40381,2.25,1.00
2018.03.30 19:28:36.855,1.40299,1.40383,1.87,1.12
2018.03.30 19:28:38.242,1.40299,1.40382,1.87,1.12
2018.03.30 19:28:38.867,1.403,1.40384,1.87,1.56
2018.03.30 19:28:39.874,1.40299,1.40385,2.62,1.94
2018.03.30 19:28:40.131,1.403,1.40385,1.12,2.06
2018.03.30 19:28:40.184,1.403,1.40385,1.12,2.06
2018.03.30 19:28:40.236,1.403,1.40385,1.12,2.06
2018.03.30 19:28:40.339,1.403,1.40385,1.12,2.06
2018.03.30 19:28:40.442,1.403,1.40385,1.12,2.06
2018.03.30 19:28:40.545,1.40299,1.40385,2.25,1.31
2018.03.30 19:28:40.648,1.40299,1.40382,1.50,1.87
2018.03.30 19:28:40.988,1.40297,1.40381,1.87,1.12
2018.03.30 19:28:41.693,1.40297,1.4038,1.87,1.12
2018.03.30 19:28:44.289,1.40297,1.40379,1.87,1.62
2018.03.30 19:28:49.949,1.40297,1.40375,1.12,1.12
2018.03.30 19:28:50.002,1.40297,1.40364,1.00,1.75
2018.03.30 19:28:50.054,1.40288,1.40353,1.12,1.00
2018.03.30 19:28:50.106,1.40288,1.40347,1.00,1.00
2018.03.30 19:28:50.158,1.40278,1.40338,1.00,1.00
2018.03.30 19:28:50.210,1.40268,1.40338,1.12,1.19
2018.03.30 19:28:50.314,1.40263,1.40347,1.12,1.37
2018.03.30 19:28:50.366,1.40262,1.40346,1.50,1.37
2018.03.30 19:28:50.675,1.40262,1.40347,1.12,1.31
2018.03.30 19:28:51.011,1.40261,1.40339,1.12,2.44
2018.03.30 19:28:51.322,1.40258,1.4032,1.37,1.00
2018.03.30 19:28:51.875,1.40257,1.40319,1.12,1.00
2018.03.30 19:28:52.165,1.40258,1.40322,1.12,1.00
2018.03.30 19:28:52.422,1.40259,1.40324,1.37,1.00
2018.03.30 19:28:52.527,1.4026,1.40327,1.12,1.00
2018.03.30 19:28:53.356,1.40261,1.40327,1.37,1.19
2018.03.30 19:28:53.908,1.4026,1.40327,1.37,1.00
2018.03.30 19:28:54.063,1.4026,1.40327,1.12,1.25
2018.03.30 19:28:54.663,1.40258,1.40327,1.12,1.00
2018.03.30 19:28:55.177,1.40258,1.40327,1.12,1.19
2018.03.30 19:28:55.331,1.40258,1.40327,1.37,1.19
2018.03.30 19:28:55.671,1.40258,1.40326,1.12,1.00
2018.03.30 19:28:56.495,1.40259,1.40327,1.37,1.00
2018.03.30 19:28:57.493,1.40258,1.40327,1.37,1.00
2018.03.30 19:28:57.596,1.40259,1.40327,1.37,1.25
2018.03.30 19:28:57.700,1.40258,1.40327,1.12,1.25
2018.03.30 19:28:57.803,1.40258,1.40327,1.12,1.00
2018.03.30 19:28:58.226,1.40257,1.40327,1.12,1.00
2018.03.30 19:28:58.380,1.40258,1.40333,1.12,1.75
2018.03.30 19:28:58.552,1.40262,1.40333,1.12,1.87
2018.03.30 19:28:58.875,1.40261,1.40328,1.12,1.00
2018.03.30 19:28:59.013,1.4026,1.40328,1.50,1.00
2018.03.30 19:28:59.065,1.40257,1.40323,1.75,1.00
2018.03.30 19:28:59.375,1.40257,1.40321,1.75,1.00
2018.03.30 19:29:00.042,1.40257,1.40322,1.75,1.00
2018.03.30 19:29:00.197,1.40258,1.40324,1.00,1.00
2018.03.30 19:29:00.300,1.40256,1.40319,1.37,1.00
2018.03.30 19:29:00.609,1.40256,1.40321,1.12,1.00
2018.03.30 19:29:01.141,1.40256,1.40321,1.12,1.00
2018.03.30 19:29:02.490,1.40262,1.40329,1.12,1.12
2018.03.30 19:29:02.698,1.4027,1.40334,1.00,1.12
2018.03.30 19:29:02.750,1.40272,1.40334,1.12,1.12
2018.03.30 19:29:02.807,1.40277,1.40345,1.37,1.12
2018.03.30 19:29:02.863,1.40278,1.40345,1.12,1.12
2018.03.30 19:29:02.916,1.40279,1.40352,1.12,1.12
2018.03.30 19:29:03.151,1.4028,1.40351,1.12,1.12
2018.03.30 19:29:03.719,1.40281,1.40352,1.12,1.69
2018.03.30 19:29:03.976,1.40283,1.40349,1.00,1.00
2018.03.30 19:29:04.028,1.40282,1.40349,1.12,1.00
2018.03.30 19:29:04.183,1.40285,1.40351,2.00,1.00
2018.03.30 19:29:04.235,1.40288,1.40366,1.87,1.75
2018.03.30 19:29:04.338,1.40292,1.4036,1.12,1.00
2018.03.30 19:29:04.390,1.40291,1.4036,1.87,1.00
2018.03.30 19:29:04.916,1.40295,1.4036,1.00,1.00
2018.03.30 19:29:04.969,1.40293,1.4036,1.12,1.00
2018.03.30 19:29:05.136,1.40294,1.40363,1.87,1.12
2018.03.30 19:29:05.309,1.40303,1.40374,1.37,1.00
2018.03.30 19:29:05.516,1.40306,1.40377,1.12,1.00
2018.03.30 19:29:05.569,1.40306,1.40377,1.37,1.00
2018.03.30 19:29:05.724,1.40311,1.40395,1.50,1.12
2018.03.30 19:29:05.829,1.40307,1.40399,1.12,1.12
2018.03.30 19:29:05.881,1.40306,1.40399,1.12,1.12
2018.03.30 19:29:05.984,1.40306,1.40398,1.12,1.12
2018.03.30 19:29:06.035,1.40306,1.40398,1.12,1.12
2018.03.30 19:29:06.190,1.40306,1.40399,1.12,1.12
2018.03.30 19:29:06.293,1.40306,1.40398,1.12,1.12
2018.03.30 19:29:06.345,1.40306,1.40398,1.12,1.12
2018.03.30 19:29:06.396,1.40306,1.40398,1.12,1.12
2018.03.30 19:29:06.448,1.40308,1.40399,1.12,1.12
2018.03.30 19:29:06.654,1.4031,1.40399,1.00,1.12
2018.03.30 19:29:06.705,1.40308,1.40399,1.12,1.87
2018.03.30 19:29:06.757,1.40308,1.40395,1.12,1.12
2018.03.30 19:29:07.271,1.40308,1.40395,1.12,1.12
2018.03.30 19:29:07.887,1.40308,1.40395,1.50,1.87
2018.03.30 19:29:08.093,1.40306,1.4039,1.37,1.50
2018.03.30 19:29:08.145,1.40309,1.40386,1.50,1.00
2018.03.30 19:29:08.197,1.40309,1.40386,1.37,1.00
2018.03.30 19:29:08.249,1.40308,1.4038,1.37,1.12
2018.03.30 19:29:08.404,1.40308,1.40382,1.00,2.06
2018.03.30 19:29:08.456,1.40308,1.40379,1.37,1.25
2018.03.30 19:29:09.640,1.40308,1.40379,1.87,1.19
2018.03.30 19:29:10.240,1.40308,1.40379,1.87,1.25
2018.03.30 19:29:10.713,1.40308,1.40379,1.50,1.19
2018.03.30 19:29:11.224,1.40308,1.40379,1.87,1.25
2018.03.30 19:29:11.725,1.40308,1.40379,1.75,1.19
2018.03.30 19:29:12.263,1.40308,1.40379,1.50,1.00
2018.03.30 19:29:12.367,1.40314,1.40385,1.00,1.87
2018.03.30 19:29:12.673,1.40314,1.40385,1.37,1.00
2018.03.30 19:29:12.724,1.40314,1.40385,1.12,1.00
2018.03.30 19:29:12.775,1.40314,1.40385,1.37,1.25
2018.03.30 19:29:12.826,1.40314,1.40385,1.12,1.00
2018.03.30 19:29:12.928,1.40314,1.40385,1.37,1.00
2018.03.30 19:29:12.979,1.40314,1.40385,1.00,1.00
2018.03.30 19:29:13.031,1.40314,1.40385,1.37,1.00
2018.03.30 19:29:13.184,1.40314,1.40385,1.00,1.00
2018.03.30 19:29:13.235,1.40314,1.40385,1.37,1.00
2018.03.30 19:29:13.440,1.40314,1.40385,1.12,1.00
2018.03.30 19:29:15.391,1.40314,1.40385,1.37,1.00
2018.03.30 19:29:18.235,1.40314,1.40385,1.12,1.00
2018.03.30 19:29:18.287,1.40315,1.40386,1.37,1.69
2018.03.30 19:29:18.593,1.40315,1.40386,1.37,1.87
2018.03.30 19:29:20.213,1.40315,1.40386,1.37,1.12
2018.03.30 19:29:20.265,1.40315,1.40386,1.12,1.31
2018.03.30 19:29:29.210,1.40309,1.40386,1.12,1.50
2018.03.30 19:29:29.263,1.40299,1.40381,1.12,1.12
2018.03.30 19:29:29.470,1.40299,1.40381,1.37,1.37
2018.03.30 19:29:29.522,1.40298,1.40381,1.87,1.12
2018.03.30 19:29:29.574,1.40305,1.40381,1.37,1.37
2018.03.30 19:29:29.935,1.40305,1.40383,1.37,1.75
2018.03.30 19:29:29.987,1.40308,1.40379,1.37,1.00
2018.03.30 19:29:30.574,1.40308,1.40379,1.00,1.12
2018.03.30 19:29:30.626,1.40308,1.40379,1.37,1.00
2018.03.30 19:29:35.630,1.40308,1.40379,1.37,1.00
2018.03.30 19:29:38.235,1.40307,1.40378,1.37,1.12
2018.03.30 19:29:38.774,1.40307,1.40378,1.37,1.12
2018.03.30 19:29:41.343,1.40307,1.40378,1.37,1.12
2018.03.30 19:29:41.949,1.40304,1.40384,1.49,1.87
2018.03.30 19:29:42.001,1.40304,1.40382,1.12,1.12
2018.03.30 19:29:42.053,1.40293,1.40382,1.12,1.12
2018.03.30 19:29:42.366,1.40293,1.4038,1.12,1.12
2018.03.30 19:29:42.418,1.40293,1.40381,1.12,1.12
2018.03.30 19:29:42.965,1.40293,1.40382,1.12,1.12
2018.03.30 19:29:44.002,1.40296,1.40388,1.12,1.87
2018.03.30 19:29:44.611,1.40296,1.40388,1.12,1.87
2018.03.30 19:29:45.118,1.40296,1.40387,1.12,1.87
2018.03.30 19:29:46.064,1.40297,1.40386,1.37,1.12
2018.03.30 19:29:46.614,1.40296,1.40386,1.12,1.12
2018.03.30 19:29:46.666,1.40296,1.40384,1.12,1.12
2018.03.30 19:29:49.703,1.40294,1.40384,1.12,1.12
2018.03.30 19:29:50.338,1.40295,1.40385,1.12,1.12
2018.03.30 19:29:51.202,1.40294,1.40386,1.12,1.12
2018.03.30 19:29:54.021,1.40295,1.40386,1.12,1.12
2018.03.30 19:29:55.241,1.40294,1.40385,1.12,1.12
2018.03.30 19:29:56.124,1.40294,1.40383,1.37,1.12
2018.03.30 19:29:58.068,1.40293,1.40383,1.12,1.12
2018.03.30 19:29:58.608,1.40293,1.40382,1.12,1.12
2018.03.30 19:29:59.283,1.40294,1.40383,1.12,1.12
2018.03.30 19:30:00.155,1.40294,1.40384,1.12,1.12
2018.03.30 19:30:00.523,1.40293,1.40382,1.37,1.12
2018.03.30 19:30:00.575,1.40293,1.40381,1.12,1.12
2018.03.30 19:30:01.252,1.4029,1.40381,1.75,1.12
2018.03.30 19:30:01.304,1.4029,1.40381,1.75,1.12
2018.03.30 19:30:01.459,1.4029,1.40381,1.75,1.12
2018.03.30 19:30:01.561,1.4029,1.40381,1.75,1.12
2018.03.30 19:30:01.613,1.4029,1.40381,1.75,1.12
2018.03.30 19:30:01.716,1.4029,1.40381,1.75,1.12
2018.03.30 19:30:01.819,1.4029,1.40381,1.75,1.12
2018.03.30 19:30:01.921,1.4029,1.40381,1.75,1.12
2018.03.30 19:30:01.973,1.4029,1.4038,1.75,1.12
2018.03.30 19:30:02.076,1.4029,1.40381,1.75,1.12
2018.03.30 19:30:02.588,1.4029,1.40382,1.12,1.12
2018.03.30 19:30:03.295,1.40291,1.40382,1.12,1.12
2018.03.30 19:30:05.038,1.40289,1.40381,1.12,1.12
2018.03.30 19:30:05.392,1.40286,1.4038,1.75,1.12
2018.03.30 19:30:05.445,1.40286,1.4038,1.12,1.87
2018.03.30 19:30:05.497,1.40288,1.40377,1.00,1.12
2018.03.30 19:30:08.103,1.40284,1.40375,1.12,1.12
2018.03.30 19:30:09.561,1.40284,1.40374,1.12,1.37
2018.03.30 19:30:10.118,1.40284,1.40374,1.12,1.37
2018.03.30 19:30:10.170,1.40282,1.40373,1.12,1.12
2018.03.30 19:30:10.545,1.40285,1.40369,1.37,1.87
2018.03.30 19:30:11.140,1.40281,1.40369,1.12,1.87
2018.03.30 19:30:11.466,1.40278,1.40354,1.37,1.87
2018.03.30 19:30:11.776,1.40271,1.40342,1.12,1.12
2018.03.30 19:30:11.828,1.40266,1.40335,1.37,1.75
2018.03.30 19:30:11.988,1.40259,1.40335,1.75,1.12
2018.03.30 19:30:12.042,1.40248,1.40333,1.37,1.12
2018.03.30 19:30:12.249,1.40248,1.40326,1.00,1.12
2018.03.30 19:30:12.404,1.40248,1.40326,1.50,1.75
2018.03.30 19:30:12.714,1.4025,1.40336,1.75,2.44
2018.03.30 19:30:12.766,1.40261,1.40336,1.37,1.87
2018.03.30 19:30:12.870,1.4026,1.40332,1.12,1.00
2018.03.30 19:30:13.518,1.40256,1.40328,1.12,1.00
2018.03.30 19:30:13.847,1.40253,1.40326,1.12,1.00
2018.03.30 19:30:14.264,1.40251,1.40326,1.12,1.00
2018.03.30 19:30:14.316,1.40253,1.40326,1.37,1.00
2018.03.30 19:30:15.265,1.40253,1.40326,1.37,1.00
2018.03.30 19:30:15.523,1.40251,1.40326,1.75,1.00
2018.03.30 19:30:15.831,1.40252,1.40323,1.12,1.00
2018.03.30 19:30:18.040,1.40253,1.40322,1.12,1.00
2018.03.30 19:30:18.246,1.4025,1.40324,1.75,1.00
2018.03.30 19:30:18.298,1.40251,1.40324,1.37,1.00
2018.03.30 19:30:18.401,1.40255,1.40324,1.12,1.00
2018.03.30 19:30:18.751,1.40255,1.40324,1.12,1.25
2018.03.30 19:30:19.384,1.40255,1.40324,1.12,1.00
2018.03.30 19:30:19.436,1.40251,1.40324,1.37,1.00
2018.03.30 19:30:19.539,1.40251,1.40324,1.75,1.00
2018.03.30 19:30:19.866,1.40251,1.40321,1.37,1.00
2018.03.30 19:30:20.384,1.40251,1.40321,1.37,1.00
2018.03.30 19:30:20.437,1.40255,1.40321,1.12,1.00
2018.03.30 19:30:20.833,1.40255,1.40321,1.12,1.00
2018.03.30 19:30:21.065,1.40255,1.40321,1.12,1.25
2018.03.30 19:30:21.117,1.40251,1.40321,1.50,1.00
2018.03.30 19:30:21.221,1.4025,1.40321,1.75,1.00
2018.03.30 19:30:21.855,1.4025,1.40321,1.12,1.00
2018.03.30 19:30:21.907,1.4025,1.40323,1.87,1.00
2018.03.30 19:30:21.959,1.4025,1.40323,1.87,1.00
2018.03.30 19:30:22.115,1.4025,1.40323,2.62,1.00
2018.03.30 19:30:28.501,1.40253,1.40324,2.25,1.37
2018.03.30 19:30:28.994,1.4026,1.40324,1.12,1.00
2018.03.30 19:30:29.097,1.40254,1.40324,1.37,1.00
2018.03.30 19:30:29.201,1.40252,1.40324,1.12,1.00
2018.03.30 19:30:29.509,1.40251,1.4032,1.75,1.00
2018.03.30 19:30:30.125,1.40252,1.4032,1.12,1.00
2018.03.30 19:30:30.740,1.40251,1.40324,1.12,1.00
2018.03.30 19:30:30.946,1.4025,1.40324,1.75,1.00
2018.03.30 19:30:30.998,1.40252,1.40324,1.75,1.25
2018.03.30 19:30:31.424,1.40254,1.40324,1.12,1.00
2018.03.30 19:30:32.242,1.40254,1.40324,1.12,1.00
2018.03.30 19:30:32.294,1.40251,1.40324,1.75,1.00
2018.03.30 19:30:32.346,1.40251,1.40324,1.50,1.00
2018.03.30 19:30:32.765,1.40249,1.40321,1.87,1.25
2018.03.30 19:30:33.448,1.40251,1.40323,1.12,1.00
2018.03.30 19:30:34.570,1.40252,1.40323,1.75,1.00
2018.03.30 19:30:34.934,1.40255,1.40327,1.12,1.00
2018.03.30 19:30:35.037,1.40255,1.4033,1.12,1.00
2018.03.30 19:30:35.243,1.40255,1.40327,1.12,1.00
2018.03.30 19:30:35.552,1.40251,1.40324,1.12,1.00
2018.03.30 19:30:36.524,1.4025,1.40324,1.37,1.00
2018.03.30 19:30:36.785,1.40251,1.40323,1.37,1.00
2018.03.30 19:30:37.349,1.40251,1.40323,1.37,1.00
2018.03.30 19:30:37.555,1.40251,1.40324,1.75,1.00
2018.03.30 19:30:38.271,1.40252,1.40322,1.12,1.00
2018.03.30 19:30:40.029,1.40253,1.40322,1.75,1.00
2018.03.30 19:30:40.235,1.40253,1.40322,1.12,1.00
2018.03.30 19:30:40.696,1.40253,1.40322,1.12,1.25
2018.03.30 19:30:40.800,1.40252,1.40322,1.75,1.00
2018.03.30 19:30:40.903,1.40252,1.40322,1.37,1.00
2018.03.30 19:30:41.007,1.40254,1.40329,1.50,1.00
2018.03.30 19:30:41.060,1.40257,1.40329,1.12,1.00
2018.03.30 19:30:41.112,1.40261,1.40336,1.00,1.00
2018.03.30 19:30:41.266,1.40261,1.40336,1.37,1.00
2018.03.30 19:30:41.420,1.40261,1.40336,1.37,1.12
2018.03.30 19:30:41.472,1.40261,1.40333,1.12,1.00
2018.03.30 19:30:41.800,1.40261,1.40326,1.12,1.25
2018.03.30 19:30:42.743,1.40257,1.40326,1.37,1.00
2018.03.30 19:30:42.899,1.40255,1.40328,1.50,1.00
2018.03.30 19:30:43.157,1.40255,1.40328,1.50,1.00
2018.03.30 19:30:43.465,1.40253,1.40326,1.75,1.00
2018.03.30 19:30:43.790,1.40251,1.40323,1.12,1.00
2018.03.30 19:30:44.398,1.40253,1.40323,1.37,1.00
2018.03.30 19:30:44.703,1.40252,1.4032,1.37,1.00
2018.03.30 19:30:44.856,1.4025,1.4032,1.37,1.25
2018.03.30 19:30:45.111,1.4025,1.40324,1.37,1.00
2018.03.30 19:30:45.442,1.40251,1.40324,1.37,1.25
2018.03.30 19:30:45.972,1.40256,1.40324,1.12,1.00
2018.03.30 19:30:47.012,1.40252,1.40324,1.12,1.00
2018.03.30 19:30:48.297,1.40254,1.40324,1.87,1.00
2018.03.30 19:30:48.780,1.40252,1.40324,1.12,1.00
2018.03.30 19:30:49.072,1.40252,1.40324,1.87,1.00
2018.03.30 19:30:49.380,1.40253,1.40321,2.25,1.00
2018.03.30 19:30:49.432,1.40253,1.40321,1.75,1.00
2018.03.30 19:30:49.536,1.4025,1.40324,1.75,1.00
2018.03.30 19:30:49.690,1.4025,1.40324,1.75,1.00
2018.03.30 19:30:49.793,1.4025,1.40324,1.87,1.00
2018.03.30 19:30:50.387,1.40254,1.40324,1.37,1.00
2018.03.30 19:30:50.438,1.4025,1.40324,1.37,1.00
2018.03.30 19:30:50.540,1.4025,1.40324,1.37,1.00
2018.03.30 19:30:50.919,1.40251,1.40324,1.50,1.00
2018.03.30 19:30:51.606,1.40251,1.40324,1.87,1.00
2018.03.30 19:30:52.140,1.40254,1.40324,1.12,1.00
2018.03.30 19:30:52.242,1.40252,1.40327,1.87,1.00
2018.03.30 19:30:52.344,1.40258,1.40335,1.12,1.00
2018.03.30 19:30:52.447,1.40268,1.40341,1.37,1.00
2018.03.30 19:30:52.498,1.40268,1.40341,1.37,1.00
2018.03.30 19:30:52.609,1.4027,1.40345,1.50,1.00
2018.03.30 19:30:52.661,1.4027,1.40345,1.50,1.00
2018.03.30 19:30:52.766,1.40267,1.40341,1.12,1.00
2018.03.30 19:30:53.087,1.40266,1.40339,1.12,1.00
2018.03.30 19:30:53.560,1.40269,1.40339,1.75,1.25
2018.03.30 19:30:54.349,1.40267,1.40339,1.12,1.25
2018.03.30 19:30:54.677,1.40267,1.40339,1.12,1.19
2018.03.30 19:30:55.241,1.40267,1.40339,1.12,1.25
2018.03.30 19:30:55.543,1.40267,1.40339,1.75,1.00
2018.03.30 19:30:56.161,1.40266,1.40341,1.75,1.00
2018.03.30 19:30:56.213,1.40268,1.40341,1.00,1.00
2018.03.30 19:30:56.368,1.40264,1.40332,1.12,1.00
2018.03.30 19:30:56.473,1.40258,1.40337,1.12,1.00
2018.03.30 19:30:56.629,1.40257,1.40344,1.12,2.00
2018.03.30 19:30:56.767,1.40259,1.4035,1.12,1.31
2018.03.30 19:30:56.821,1.40261,1.40352,1.12,1.74
2018.03.30 19:30:56.876,1.40261,1.40355,1.12,1.31
2018.03.30 19:30:57.137,1.40261,1.40354,1.12,1.31
2018.03.30 19:30:57.290,1.40275,1.40359,1.00,1.31
2018.03.30 19:30:57.443,1.40271,1.40358,1.12,2.81
2018.03.30 19:30:57.748,1.40275,1.40343,1.00,1.25
2018.03.30 19:30:58.334,1.40265,1.40343,1.12,1.12
2018.03.30 19:30:58.386,1.40265,1.40338,1.37,1.00
2018.03.30 19:30:58.593,1.40266,1.40341,1.37,1.00
2018.03.30 19:30:59.275,1.40257,1.40331,1.12,1.00
2018.03.30 19:31:00.319,1.40258,1.40331,1.12,1.25
2018.03.30 19:31:02.238,1.40259,1.40331,1.12,1.25
2018.03.30 19:31:02.593,1.40259,1.40331,1.12,1.00
2018.03.30 19:31:02.874,1.40257,1.40331,1.75,1.00
2018.03.30 19:31:03.184,1.40252,1.4032,1.12,1.00
2018.03.30 19:31:03.236,1.40252,1.4033,1.87,1.12
2018.03.30 19:31:03.390,1.40255,1.40323,1.00,1.00
2018.03.30 19:31:03.442,1.40254,1.40323,1.75,1.00
2018.03.30 19:31:03.772,1.40254,1.40323,1.87,1.00
2018.03.30 19:31:06.449,1.40255,1.40323,1.75,1.00
2018.03.30 19:31:06.899,1.40257,1.40323,1.12,1.00
2018.03.30 19:31:07.447,1.40257,1.40323,1.12,1.00
2018.03.30 19:31:07.954,1.40257,1.40323,1.12,1.00
2018.03.30 19:31:09.050,1.40256,1.40323,1.12,1.37
2018.03.30 19:31:09.153,1.40257,1.40323,1.12,1.00
2018.03.30 19:31:10.382,1.40254,1.40324,1.12,1.00
2018.03.30 19:31:10.485,1.40252,1.40324,1.75,1.00
2018.03.30 19:31:10.742,1.40252,1.40324,1.87,1.00
2018.03.30 19:31:11.051,1.40252,1.40319,1.12,1.25
2018.03.30 19:31:11.890,1.40251,1.40315,1.37,1.00
2018.03.30 19:31:12.986,1.40251,1.40315,1.50,1.00
2018.03.30 19:31:13.177,1.40252,1.40323,1.50,1.00
2018.03.30 19:31:13.488,1.40251,1.4032,1.37,1.19
2018.03.30 19:31:14.005,1.4025,1.4032,1.12,1.00
2018.03.30 19:31:14.616,1.40251,1.4032,1.37,1.00
2018.03.30 19:31:14.927,1.40253,1.40317,1.12,1.25
2018.03.30 19:31:15.294,1.4025,1.4032,1.75,1.00
2018.03.30 19:31:15.346,1.40249,1.4032,2.25,1.00
2018.03.30 19:31:15.450,1.40259,1.4032,1.00,1.00
2018.03.30 19:31:15.502,1.40254,1.40322,1.12,1.00
2018.03.30 19:31:15.811,1.40254,1.40323,1.12,1.00
2018.03.30 19:31:16.068,1.40254,1.40323,1.12,1.00
2018.03.30 19:31:16.428,1.40253,1.40322,2.62,1.00
2018.03.30 19:31:16.480,1.40253,1.40322,1.87,1.00
2018.03.30 19:31:16.788,1.40253,1.4032,1.50,1.25
2018.03.30 19:31:16.840,1.4025,1.4032,1.12,1.00
2018.03.30 19:31:16.891,1.40251,1.40316,1.12,1.00
2018.03.30 19:31:18.291,1.40251,1.40318,1.12,1.00
2018.03.30 19:31:18.815,1.40256,1.40319,1.12,1.00
2018.03.30 19:31:19.026,1.40265,1.40334,1.12,1.25
2018.03.30 19:31:19.764,1.40265,1.40334,1.12,1.25
2018.03.30 19:31:20.023,1.40264,1.40337,1.12,1.00
2018.03.30 19:31:20.076,1.40269,1.40337,1.12,1.00
2018.03.30 19:31:20.128,1.40272,1.40341,1.12,1.00
2018.03.30 19:31:20.391,1.40276,1.40341,1.00,1.31
2018.03.30 19:31:21.077,1.40276,1.40337,1.37,1.25
2018.03.30 19:31:21.828,1.40273,1.40337,1.12,1.00
2018.03.30 19:31:21.932,1.40278,1.40341,1.00,1.00
2018.03.30 19:31:22.037,1.40278,1.40344,1.12,1.00
2018.03.30 19:31:22.140,1.40279,1.40347,1.12,1.00
2018.03.30 19:31:22.413,1.40282,1.40347,1.12,1.00
2018.03.30 19:31:23.035,1.40277,1.40347,1.12,1.00
2018.03.30 19:31:23.142,1.40275,1.4035,1.75,1.00
2018.03.30 19:31:24.187,1.40282,1.4035,1.12,1.19
2018.03.30 19:31:24.489,1.40284,1.4035,1.12,1.25
2018.03.30 19:31:26.966,1.40282,1.40352,1.12,1.00
2018.03.30 19:31:27.992,1.40287,1.40356,1.12,1.00
2018.03.30 19:31:28.357,1.4029,1.40357,1.37,1.31
2018.03.30 19:31:28.460,1.4029,1.40357,1.12,1.00
2018.03.30 19:31:28.565,1.4029,1.4036,1.37,1.00
2018.03.30 19:31:28.823,1.4029,1.4036,1.37,1.56
2018.03.30 19:31:29.367,1.4029,1.40356,1.75,1.00
2018.03.30 19:31:29.825,1.40291,1.40346,1.12,1.00
2018.03.30 19:31:29.930,1.40291,1.40356,1.12,1.00
2018.03.30 19:31:32.394,1.40293,1.40354,1.00,1.00
2018.03.30 19:31:32.812,1.40288,1.40351,1.12,1.25
2018.03.30 19:31:33.383,1.40288,1.40351,1.12,1.00
2018.03.30 19:31:33.435,1.40284,1.40351,1.75,1.00
2018.03.30 19:31:36.600,1.40288,1.40351,1.12,1.00
2018.03.30 19:31:37.061,1.40289,1.40351,1.00,1.25
2018.03.30 19:31:38.349,1.40286,1.40352,1.12,1.00
2018.03.30 19:31:38.451,1.40286,1.40355,1.12,1.00
2018.03.30 19:31:40.476,1.40292,1.40355,1.37,1.00
2018.03.30 19:31:40.631,1.40292,1.40358,1.12,1.25
2018.03.30 19:31:41.143,1.40292,1.40358,1.12,1.19
2018.03.30 19:31:41.689,1.40292,1.40358,1.12,1.00
2018.03.30 19:31:42.748,1.40295,1.40363,1.37,1.00
2018.03.30 19:31:43.077,1.40295,1.40359,1.37,1.00
2018.03.30 19:31:43.178,1.40295,1.40362,1.37,1.19
2018.03.30 19:31:43.850,1.40295,1.40362,1.12,1.00
2018.03.30 19:31:43.954,1.40295,1.40365,1.12,1.00
2018.03.30 19:31:45.062,1.40296,1.40365,1.37,1.19
2018.03.30 19:31:45.740,1.40296,1.40365,1.37,1.00
2018.03.30 19:31:46.248,1.40298,1.40365,1.12,1.00
2018.03.30 19:31:47.059,1.40299,1.40365,1.00,1.25
2018.03.30 19:31:47.721,1.40295,1.40365,1.12,1.19
2018.03.30 19:31:48.380,1.40296,1.40365,1.12,1.25
2018.03.30 19:31:49.054,1.40299,1.40365,1.75,1.25
2018.03.30 19:31:50.466,1.40296,1.40365,1.37,1.25
2018.03.30 19:31:50.621,1.4029,1.40365,1.12,1.37
2018.03.30 19:31:50.929,1.40286,1.40356,1.75,1.56
2018.03.30 19:31:50.981,1.40286,1.40356,1.75,1.56
2018.03.30 19:31:51.033,1.40286,1.40356,1.12,1.56
2018.03.30 19:31:51.085,1.40286,1.40356,1.12,1.56
2018.03.30 19:31:51.188,1.40286,1.40356,1.75,1.62
2018.03.30 19:31:51.537,1.40282,1.40356,1.75,1.37
2018.03.30 19:31:51.588,1.40282,1.40364,1.75,1.94
2018.03.30 19:31:51.639,1.40283,1.40361,1.75,1.12
2018.03.30 19:31:51.945,1.40289,1.40357,1.12,1.56
2018.03.30 19:31:52.253,1.40289,1.40357,1.12,1.69
2018.03.30 19:31:52.355,1.4029,1.40357,1.12,1.37
2018.03.30 19:31:52.407,1.40289,1.40357,1.12,1.56
2018.03.30 19:31:52.509,1.40289,1.40357,1.12,1.37
2018.03.30 19:31:52.560,1.40289,1.40357,1.12,1.37
2018.03.30 19:31:52.713,1.40278,1.40356,1.12,1.37
2018.03.30 19:31:52.918,1.40279,1.40357,1.12,1.69
2018.03.30 19:31:52.970,1.40279,1.40357,1.12,2.06
2018.03.30 19:31:53.123,1.40285,1.40353,1.12,1.37
2018.03.30 19:31:53.174,1.40284,1.40353,1.12,1.37
2018.03.30 19:31:53.225,1.40284,1.40353,1.12,1.37
2018.03.30 19:31:53.728,1.4028,1.40362,1.12,1.12
2018.03.30 19:31:53.781,1.40287,1.40367,1.37,1.31
2018.03.30 19:31:53.834,1.40292,1.40367,1.00,1.87
2018.03.30 19:31:54.214,1.40293,1.40365,1.00,1.94
2018.03.30 19:31:54.318,1.4029,1.40364,1.37,1.69
2018.03.30 19:31:54.629,1.40282,1.40359,1.75,1.37
2018.03.30 19:31:54.939,1.40275,1.40344,1.37,1.50
2018.03.30 19:31:54.991,1.40275,1.40344,1.37,1.69
2018.03.30 19:31:55.042,1.40275,1.40346,1.37,1.00
2018.03.30 19:31:55.145,1.40292,1.40379,1.50,1.31
2018.03.30 19:31:55.248,1.40311,1.40407,1.75,1.87
2018.03.30 19:31:55.404,1.40307,1.40398,1.75,1.37
2018.03.30 19:31:55.455,1.40318,1.40398,1.37,1.37
2018.03.30 19:31:55.768,1.40359,1.40414,0.74,1.37
2018.03.30 19:31:55.821,1.40317,1.40398,1.00,1.75
2018.03.30 19:31:55.873,1.40317,1.40379,1.00,1.37
2018.03.30 19:31:55.925,1.40285,1.40369,1.75,1.37
2018.03.30 19:31:55.977,1.40285,1.40366,1.75,1.75
2018.03.30 19:31:56.029,1.40268,1.40352,1.87,1.75
2018.03.30 19:31:56.081,1.40268,1.40343,1.37,1.75
2018.03.30 19:31:56.338,1.40251,1.40337,1.75,1.12
2018.03.30 19:31:56.391,1.40263,1.40337,1.00,1.12
2018.03.30 19:31:56.549,1.40264,1.40337,1.00,1.12
2018.03.30 19:31:56.601,1.40263,1.40337,1.00,1.12
2018.03.30 19:31:56.725,1.40263,1.40337,1.00,1.12
2018.03.30 19:31:56.777,1.40261,1.40347,1.50,1.87
2018.03.30 19:31:57.287,1.40261,1.40347,1.00,1.87
2018.03.30 19:31:57.338,1.40254,1.40347,1.75,1.87
2018.03.30 19:31:57.390,1.40252,1.40342,1.12,1.12
2018.03.30 19:31:57.492,1.40257,1.40344,1.12,1.75
2018.03.30 19:31:57.544,1.40258,1.40344,1.00,1.75
2018.03.30 19:31:57.646,1.40258,1.40344,1.00,1.75
2018.03.30 19:31:57.849,1.4025,1.40338,1.12,1.12
2018.03.30 19:31:58.440,1.40249,1.40338,1.37,1.12
2018.03.30 19:31:58.493,1.40249,1.40338,1.37,1.12
2018.03.30 19:31:58.597,1.40249,1.40338,1.37,1.12
2018.03.30 19:31:58.710,1.40247,1.40334,1.12,1.12
2018.03.30 19:31:58.813,1.40248,1.40334,1.00,1.87
2018.03.30 19:31:58.866,1.40248,1.40333,1.00,1.12
2018.03.30 19:31:59.176,1.40247,1.40323,1.37,2.00
2018.03.30 19:31:59.693,1.40247,1.40324,1.12,1.31
2018.03.30 19:31:59.797,1.40248,1.40323,1.50,1.12
2018.03.30 19:32:00.003,1.40248,1.40324,1.50,1.75
2018.03.30 19:32:00.209,1.40247,1.40324,1.00,1.94
2018.03.30 19:32:00.316,1.40247,1.40318,1.12,1.62
2018.03.30 19:32:00.625,1.40257,1.40318,1.12,0.75
2018.03.30 19:32:00.677,1.40264,1.40339,1.37,1.00
2018.03.30 19:32:00.839,1.40264,1.40349,1.12,1.75
2018.03.30 19:32:01.342,1.40265,1.4035,1.12,1.37
2018.03.30 19:32:03.266,1.40265,1.40352,1.37,1.75
2018.03.30 19:32:03.427,1.40265,1.4035,1.50,1.37
2018.03.30 19:32:03.637,1.40271,1.40357,1.00,1.37
2018.03.30 19:32:03.690,1.4027,1.40358,1.12,1.87
2018.03.30 19:32:03.795,1.40269,1.40357,1.12,1.12
2018.03.30 19:32:03.847,1.40269,1.40357,1.12,1.37
2018.03.30 19:32:03.899,1.40269,1.40358,1.37,1.75
2018.03.30 19:32:04.004,1.40269,1.40357,1.12,1.87
2018.03.30 19:32:04.313,1.4027,1.40357,1.12,1.37
2018.03.30 19:32:05.614,1.40273,1.40362,1.12,1.12
2018.03.30 19:32:05.667,1.40273,1.40362,1.75,1.87
2018.03.30 19:32:05.924,1.40274,1.40362,1.12,1.87
2018.03.30 19:32:06.080,1.40274,1.40362,1.12,1.87
2018.03.30 19:32:06.304,1.40276,1.40366,1.00,1.12
2018.03.30 19:32:06.356,1.40273,1.40365,1.75,1.12
2018.03.30 19:32:06.407,1.40274,1.40362,1.12,1.87
2018.03.30 19:32:06.931,1.40273,1.40362,1.12,1.87
2018.03.30 19:32:07.892,1.40274,1.40366,1.75,1.12
2018.03.30 19:32:07.995,1.40275,1.40366,1.12,1.12
2018.03.30 19:32:08.205,1.40278,1.40371,1.50,1.12
2018.03.30 19:32:08.702,1.40278,1.40371,1.37,1.12
2018.03.30 19:32:08.755,1.40281,1.40373,1.37,1.31
2018.03.30 19:32:08.808,1.40284,1.40373,1.12,1.56
2018.03.30 19:32:09.323,1.40285,1.40376,1.75,1.12
2018.03.30 19:32:09.837,1.40286,1.40374,1.12,1.37
2018.03.30 19:32:10.571,1.40285,1.40374,1.12,1.31
2018.03.30 19:32:10.676,1.40286,1.40371,1.75,1.69
2018.03.30 19:32:10.984,1.4029,1.40366,1.37,1.00
2018.03.30 19:32:11.288,1.4029,1.40357,1.00,1.00
2018.03.30 19:32:14.107,1.40283,1.40357,1.12,1.25
2018.03.30 19:32:16.069,1.40283,1.40357,1.12,1.00
2018.03.30 19:32:18.785,1.40283,1.40357,1.75,1.00
2018.03.30 19:32:19.746,1.40283,1.40357,1.87,1.25
2018.03.30 19:32:20.419,1.40286,1.40357,1.12,1.69
2018.03.30 19:32:21.018,1.40287,1.40356,1.12,1.12
2018.03.30 19:32:22.020,1.40286,1.40357,1.12,1.87
2018.03.30 19:32:22.073,1.40294,1.40357,1.37,2.06
2018.03.30 19:32:22.125,1.40314,1.40357,2.06,1.00
2018.03.30 19:32:22.176,1.40318,1.40387,1.87,1.12
2018.03.30 19:32:22.229,1.40325,1.40394,1.12,1.12
2018.03.30 19:32:22.281,1.40325,1.40418,1.12,1.56
2018.03.30 19:32:22.332,1.40329,1.40414,1.75,1.56
2018.03.30 19:32:22.383,1.40315,1.40419,1.75,1.94
2018.03.30 19:32:22.434,1.40322,1.40423,1.37,1.94
2018.03.30 19:32:22.486,1.40314,1.40411,1.12,1.31
2018.03.30 19:32:22.537,1.40315,1.40412,1.87,1.31
2018.03.30 19:32:22.588,1.40304,1.40402,1.75,1.94
2018.03.30 19:32:22.690,1.40304,1.40398,1.12,1.12
2018.03.30 19:32:22.741,1.40305,1.40401,1.12,1.31
2018.03.30 19:32:22.793,1.40333,1.40401,1.50,1.12
2018.03.30 19:32:23.144,1.40328,1.40404,1.12,1.12
2018.03.30 19:32:23.298,1.40321,1.40401,1.12,1.37
2018.03.30 19:32:23.349,1.4031,1.40411,1.12,1.75
2018.03.30 19:32:23.401,1.4031,1.40402,1.12,1.00
2018.03.30 19:32:23.556,1.4031,1.40405,1.12,1.12
2018.03.30 19:32:23.608,1.40335,1.40398,1.50,1.12
2018.03.30 19:32:23.711,1.40328,1.40397,1.50,1.12
2018.03.30 19:32:24.020,1.4031,1.404,1.12,2.06
2018.03.30 19:32:24.072,1.40306,1.40391,1.12,1.75
2018.03.30 19:32:24.383,1.40346,1.40404,0.74,1.94
2018.03.30 19:32:24.486,1.40302,1.40399,1.12,1.12
2018.03.30 19:32:24.589,1.40299,1.40399,1.12,1.31
2018.03.30 19:32:24.692,1.40299,1.40399,1.12,1.31
2018.03.30 19:32:24.744,1.40299,1.40399,1.12,1.56
2018.03.30 19:32:24.847,1.40299,1.40399,1.12,1.31
2018.03.30 19:32:24.950,1.40299,1.40399,1.12,1.56
2018.03.30 19:32:25.156,1.40299,1.40399,1.12,1.12
2018.03.30 19:32:25.209,1.40294,1.40389,1.12,1.75
2018.03.30 19:32:25.518,1.40304,1.40388,1.12,1.12
2018.03.30 19:32:26.240,1.40304,1.4039,1.37,1.12
2018.03.30 19:32:26.292,1.40305,1.4039,1.37,1.12
2018.03.30 19:32:27.033,1.40305,1.40391,1.75,1.12
2018.03.30 19:32:28.215,1.40305,1.40386,1.37,1.12
2018.03.30 19:32:28.270,1.40305,1.40387,1.37,1.12
2018.03.30 19:32:29.053,1.40308,1.40389,1.37,1.12
2018.03.30 19:32:29.443,1.40306,1.40385,1.37,1.37
2018.03.30 19:32:29.547,1.40305,1.40386,1.12,1.12
2018.03.30 19:32:29.855,1.40305,1.40386,1.50,1.12
2018.03.30 19:32:30.225,1.40336,1.40386,0.37,1.12
2018.03.30 19:32:30.342,1.40302,1.40379,1.12,1.50
2018.03.30 19:32:30.445,1.4029,1.40379,1.12,1.87
2018.03.30 19:32:30.499,1.4031,1.40388,1.75,1.87
2018.03.30 19:32:30.656,1.40291,1.40377,1.75,1.12
2018.03.30 19:32:30.761,1.40282,1.40365,1.12,1.12
2018.03.30 19:32:31.071,1.40281,1.40356,1.00,1.75
2018.03.30 19:32:31.380,1.40314,1.40347,0.37,1.75
2018.03.30 19:32:31.432,1.40267,1.40346,1.12,1.12
2018.03.30 19:32:31.484,1.4026,1.40346,1.12,1.12
2018.03.30 19:32:31.587,1.4029,1.40348,1.12,1.12
2018.03.30 19:32:31.742,1.40269,1.40352,1.12,1.12
2018.03.30 19:32:31.794,1.40269,1.40353,1.12,1.87
2018.03.30 19:32:31.846,1.4027,1.40348,1.12,1.12
2018.03.30 19:32:31.898,1.4027,1.40349,1.12,1.12
2018.03.30 19:32:32.106,1.40273,1.4035,1.12,1.75
2018.03.30 19:32:32.158,1.40273,1.4035,1.12,1.75
2018.03.30 19:32:32.403,1.40274,1.4035,1.12,1.75
2018.03.30 19:32:32.878,1.40274,1.40351,1.49,1.12
2018.03.30 19:32:32.930,1.40274,1.40349,1.37,1.37
2018.03.30 19:32:33.033,1.40274,1.40357,1.12,1.75
2018.03.30 19:32:33.085,1.40274,1.40355,1.12,1.12
2018.03.30 19:32:33.495,1.40274,1.40357,1.12,1.75
2018.03.30 19:32:33.599,1.40277,1.40354,1.75,1.75
2018.03.30 19:32:33.908,1.40277,1.40356,1.75,1.87
2018.03.30 19:32:34.193,1.40275,1.40356,1.75,1.75
2018.03.30 19:32:34.245,1.40275,1.40356,1.37,1.75
2018.03.30 19:32:34.409,1.40273,1.40349,1.12,1.75
2018.03.30 19:32:34.964,1.40272,1.4035,2.25,1.69
2018.03.30 19:32:35.067,1.40274,1.40349,1.75,1.87
2018.03.30 19:32:35.406,1.40275,1.40349,1.37,1.87
2018.03.30 19:32:35.520,1.40274,1.40349,1.00,1.50
2018.03.30 19:32:35.572,1.40274,1.40349,1.37,1.37
2018.03.30 19:32:35.624,1.40274,1.40353,1.12,1.37
2018.03.30 19:32:35.677,1.4027,1.40344,1.37,2.06
2018.03.30 19:32:35.730,1.4027,1.40341,1.37,1.12
2018.03.30 19:32:35.782,1.40264,1.40333,2.62,1.50
2018.03.30 19:32:35.834,1.40264,1.40332,1.75,1.50
2018.03.30 19:32:35.886,1.40262,1.40332,1.75,1.87
2018.03.30 19:32:36.690,1.40261,1.40332,1.12,1.50
2018.03.30 19:32:36.833,1.40267,1.40331,1.00,1.37
2018.03.30 19:32:37.141,1.40268,1.40338,1.37,1.12
2018.03.30 19:32:37.506,1.40268,1.4034,1.00,1.75
2018.03.30 19:32:37.557,1.40268,1.40338,1.37,1.75
2018.03.30 19:32:37.866,1.40267,1.40337,1.87,1.37
2018.03.30 19:32:38.237,1.4027,1.40343,1.12,1.50
2018.03.30 19:32:38.289,1.40272,1.40343,1.87,1.12
2018.03.30 19:32:42.771,1.40272,1.40337,1.87,1.00
2018.03.30 19:32:43.729,1.40272,1.40341,1.87,1.75
2018.03.30 19:32:45.148,1.40272,1.40337,1.87,1.00
2018.03.30 19:32:45.749,1.40273,1.40341,1.12,1.12
2018.03.30 19:32:46.140,1.40274,1.40337,1.87,1.12
2018.03.30 19:32:46.524,1.40275,1.4034,1.37,2.06
2018.03.30 19:32:46.576,1.40275,1.4034,1.37,1.12
2018.03.30 19:32:46.628,1.40277,1.40348,1.37,1.12
2018.03.30 19:32:46.732,1.40274,1.40342,1.37,1.12
2018.03.30 19:32:46.938,1.40276,1.40342,1.12,1.87
2018.03.30 19:32:47.470,1.40276,1.40341,1.12,1.62
2018.03.30 19:32:47.790,1.40276,1.40341,1.12,1.62
2018.03.30 19:32:47.842,1.40272,1.40343,1.87,1.75
2018.03.30 19:32:47.945,1.40271,1.40341,1.12,1.37
2018.03.30 19:32:48.048,1.40271,1.40341,1.37,1.75
2018.03.30 19:32:48.641,1.40271,1.4034,1.00,1.37
2018.03.30 19:32:48.738,1.40271,1.40341,1.87,1.75
2018.03.30 19:32:49.316,1.40271,1.40341,1.87,1.37
2018.03.30 19:32:49.368,1.40271,1.40341,1.12,1.37
2018.03.30 19:32:49.420,1.40271,1.40341,1.50,1.50
2018.03.30 19:32:49.881,1.40271,1.40341,1.37,1.37
2018.03.30 19:32:50.299,1.40271,1.40342,1.87,1.87
2018.03.30 19:32:50.453,1.40272,1.40342,1.37,1.50
2018.03.30 19:32:50.710,1.40271,1.40342,1.75,1.87
2018.03.30 19:32:51.228,1.40271,1.40342,1.12,1.50
2018.03.30 19:32:51.280,1.40271,1.40342,1.75,2.06
2018.03.30 19:32:51.613,1.40273,1.40342,1.12,2.06
2018.03.30 19:32:51.818,1.40273,1.40342,1.37,1.50
2018.03.30 19:32:51.921,1.40271,1.40342,1.50,1.50
2018.03.30 19:32:51.973,1.40271,1.40342,1.50,1.87
2018.03.30 19:32:52.382,1.40271,1.40342,1.50,1.50
2018.03.30 19:32:52.537,1.40275,1.40348,1.12,1.37
2018.03.30 19:32:52.589,1.40274,1.40346,1.12,1.62
2018.03.30 19:32:52.640,1.40274,1.40344,1.12,1.00
2018.03.30 19:32:53.607,1.40275,1.40344,1.12,1.00
2018.03.30 19:32:53.710,1.40273,1.40344,1.87,1.00
2018.03.30 19:32:57.386,1.40273,1.40344,1.87,1.37
2018.03.30 19:32:57.708,1.40275,1.40342,1.37,1.12
2018.03.30 19:32:59.453,1.40274,1.40342,1.50,1.12
2018.03.30 19:32:59.505,1.40273,1.40342,1.87,1.62
2018.03.30 19:32:59.963,1.40274,1.40342,1.12,1.56
2018.03.30 19:33:01.473,1.40274,1.40339,1.37,1.31
2018.03.30 19:33:01.526,1.40274,1.40344,1.37,2.25
2018.03.30 19:33:01.630,1.40274,1.40342,1.75,1.87
2018.03.30 19:33:01.733,1.40274,1.40343,1.75,1.37
2018.03.30 19:33:01.785,1.40279,1.4035,1.50,2.25
2018.03.30 19:33:01.837,1.40279,1.4035,1.50,1.12
2018.03.30 19:33:01.992,1.40286,1.40362,1.50,1.12
2018.03.30 19:33:02.096,1.40295,1.40365,1.00,1.75
2018.03.30 19:33:02.414,1.40295,1.40367,1.37,2.00
2018.03.30 19:33:02.517,1.40292,1.40365,1.00,1.87
2018.03.30 19:33:03.162,1.40292,1.40365,1.37,1.94
2018.03.30 19:33:03.475,1.40292,1.40366,1.37,1.31
2018.03.30 19:33:03.527,1.40292,1.40365,1.37,1.12
2018.03.30 19:33:03.630,1.40287,1.40358,1.50,1.75
2018.03.30 19:33:04.251,1.40287,1.40358,1.50,1.75
2018.03.30 19:33:07.392,1.40287,1.40356,1.75,1.00
2018.03.30 19:33:08.814,1.40285,1.40356,1.50,1.00
2018.03.30 19:33:08.867,1.40288,1.40363,1.12,1.75
2018.03.30 19:33:09.126,1.40294,1.40363,1.12,1.75
2018.03.30 19:33:10.540,1.4029,1.40361,1.37,1.00
2018.03.30 19:33:10.592,1.4029,1.40359,1.37,1.00
2018.03.30 19:33:10.644,1.40287,1.40357,1.37,1.12
2018.03.30 19:33:10.696,1.40287,1.40356,1.00,1.37
2018.03.30 19:33:10.748,1.4028,1.40349,1.87,1.00
2018.03.30 19:33:10.801,1.4028,1.40336,1.37,1.00
2018.03.30 19:33:11.186,1.40278,1.40328,1.12,1.00
2018.03.30 19:33:11.296,1.40277,1.4033,2.25,1.00
2018.03.30 19:33:11.874,1.40277,1.40335,1.50,1.00
2018.03.30 19:33:11.977,1.40277,1.40331,1.50,1.00
2018.03.30 19:33:12.381,1.40277,1.40333,1.50,1.00
2018.03.30 19:33:12.434,1.40277,1.40323,2.25,1.00
2018.03.30 19:33:12.486,1.40277,1.40323,1.87,1.00
2018.03.30 19:33:12.539,1.40277,1.4032,1.37,1.00
2018.03.30 19:33:12.693,1.40277,1.40329,1.37,1.00
2018.03.30 19:33:13.168,1.40277,1.40348,1.87,1.00
2018.03.30 19:33:14.368,1.40278,1.4035,1.12,1.75
2018.03.30 19:33:17.665,1.40277,1.40348,1.37,1.87
2018.03.30 19:33:17.716,1.40277,1.40348,1.37,1.87
2018.03.30 19:33:18.026,1.40277,1.40347,1.87,1.75
2018.03.30 19:33:18.189,1.40277,1.40347,1.87,1.37
2018.03.30 19:33:18.241,1.40277,1.40347,1.37,1.75
2018.03.30 19:33:23.686,1.40276,1.40348,2.25,1.75
2018.03.30 19:33:24.716,1.40276,1.40346,2.62,1.12
2018.03.30 19:33:25.220,1.40277,1.40343,1.87,1.50
2018.03.30 19:33:25.760,1.40277,1.40344,1.12,1.50
2018.03.30 19:33:26.225,1.40276,1.40342,1.50,1.12
2018.03.30 19:33:26.277,1.40276,1.40343,1.00,1.00
2018.03.30 19:33:26.329,1.40276,1.40342,1.37,1.37
2018.03.30 19:33:26.638,1.40271,1.40342,1.50,1.75
2018.03.30 19:33:26.689,1.4027,1.40341,1.75,1.50
2018.03.30 19:33:26.896,1.40273,1.40342,1.00,1.37
2018.03.30 19:33:27.238,1.40273,1.40342,2.25,1.50
2018.03.30 19:33:27.968,1.40271,1.40341,1.87,1.50
2018.03.30 19:33:28.950,1.4027,1.4034,3.37,1.50
2018.03.30 19:33:33.415,1.40269,1.4034,1.87,1.37
2018.03.30 19:33:34.406,1.40282,1.4034,1.00,1.75
2018.03.30 19:33:34.957,1.40282,1.4034,1.00,1.75
2018.03.30 19:33:35.010,1.40269,1.4034,1.12,1.75
2018.03.30 19:33:35.067,1.40269,1.40341,1.37,1.75
2018.03.30 19:33:35.119,1.4027,1.40341,1.12,1.00
2018.03.30 19:33:35.392,1.4027,1.40341,1.12,1.00
2018.03.30 19:33:35.948,1.40269,1.40341,2.62,1.12
2018.03.30 19:33:36.621,1.40273,1.40341,1.37,1.00
2018.03.30 19:33:36.673,1.40272,1.40341,1.12,1.00
2018.03.30 19:33:37.650,1.40272,1.40342,1.37,1.31
2018.03.30 19:33:37.702,1.40272,1.40342,1.37,1.00
2018.03.30 19:33:38.441,1.40273,1.40342,1.12,1.12
2018.03.30 19:33:38.646,1.40273,1.40342,1.50,1.12
2018.03.30 19:33:38.956,1.40271,1.40339,1.37,1.50
2018.03.30 19:33:39.213,1.4027,1.40339,1.00,1.50
2018.03.30 19:33:39.265,1.4027,1.40339,1.37,1.50
2018.03.30 19:33:39.317,1.40273,1.40339,1.00,1.00
2018.03.30 19:33:39.369,1.40277,1.40348,1.00,1.75
2018.03.30 19:33:39.548,1.40286,1.40355,1.37,1.50
2018.03.30 19:33:39.788,1.40286,1.40357,1.37,2.00
2018.03.30 19:33:40.315,1.40282,1.40353,1.75,1.00
2018.03.30 19:33:40.419,1.40282,1.40348,1.37,1.00
2018.03.30 19:33:40.471,1.40282,1.40348,1.37,1.37
2018.03.30 19:33:40.896,1.40279,1.40349,1.12,1.75
2018.03.30 19:33:40.949,1.40282,1.40349,1.37,1.00
2018.03.30 19:33:41.054,1.40283,1.40363,1.87,1.87
2018.03.30 19:33:41.157,1.40272,1.40363,1.87,2.25
2018.03.30 19:33:41.613,1.40273,1.40363,1.12,1.50
2018.03.30 19:33:41.666,1.40277,1.40359,1.00,1.00
2018.03.30 19:33:41.749,1.40272,1.40359,1.75,1.00
2018.03.30 19:33:42.060,1.40263,1.40345,1.12,1.12
2018.03.30 19:33:42.370,1.40256,1.40322,1.12,1.00
2018.03.30 19:33:42.890,1.40259,1.40322,1.12,1.00
2018.03.30 19:33:42.943,1.40258,1.40325,1.12,1.00
2018.03.30 19:33:43.047,1.40258,1.40332,1.12,1.00
2018.03.30 19:33:43.151,1.40267,1.40344,1.12,1.37
2018.03.30 19:33:43.255,1.40269,1.40356,1.12,1.12
2018.03.30 19:33:43.359,1.40272,1.40349,1.00,1.75
2018.03.30 19:33:43.411,1.40269,1.40349,1.75,1.75
2018.03.30 19:33:43.720,1.4027,1.40349,1.12,1.50
2018.03.30 19:33:43.927,1.40271,1.40355,1.12,1.31
2018.03.30 19:33:43.979,1.4027,1.40356,1.12,1.94
2018.03.30 19:33:44.070,1.40272,1.40346,1.00,1.00
2018.03.30 19:33:44.128,1.40275,1.40349,1.37,1.37
2018.03.30 19:33:44.532,1.40276,1.40347,1.75,1.00
2018.03.30 19:33:46.737,1.40276,1.40347,2.25,1.00
2018.03.30 19:33:46.991,1.40276,1.40347,1.37,1.00
2018.03.30 19:33:47.043,1.40276,1.40344,1.00,1.12
2018.03.30 19:33:47.247,1.40265,1.40334,1.12,1.00
2018.03.30 19:33:47.298,1.40261,1.40329,1.37,1.00
2018.03.30 19:33:47.554,1.40257,1.40342,1.12,1.12
2018.03.30 19:33:47.706,1.40263,1.40343,1.00,1.75
2018.03.30 19:33:47.758,1.40263,1.40343,1.37,1.75
2018.03.30 19:33:48.064,1.40262,1.40343,1.37,1.87
2018.03.30 19:33:48.167,1.40264,1.40338,1.75,1.50
2018.03.30 19:33:48.219,1.40265,1.40338,1.12,1.75
2018.03.30 19:33:48.271,1.40262,1.40338,1.12,1.37
2018.03.30 19:33:48.374,1.40261,1.40337,1.12,1.50
2018.03.30 19:33:48.426,1.40264,1.40338,1.12,1.75
2018.03.30 19:33:48.478,1.40267,1.40339,1.37,1.87
2018.03.30 19:33:48.787,1.40268,1.40339,1.37,1.87
2018.03.30 19:33:49.054,1.40269,1.40341,1.12,1.87
2018.03.30 19:33:49.106,1.40268,1.40336,1.50,1.00
2018.03.30 19:33:49.158,1.40266,1.40336,1.75,1.00
2018.03.30 19:33:49.210,1.40264,1.40333,1.12,1.25
2018.03.30 19:33:49.519,1.40257,1.40326,1.87,1.00
2018.03.30 19:33:49.827,1.40256,1.40318,1.37,1.00
2018.03.30 19:33:50.994,1.40256,1.40318,1.12,1.00
2018.03.30 19:33:51.405,1.40257,1.40321,1.37,1.00
2018.03.30 19:33:51.457,1.40257,1.40321,1.12,1.00
2018.03.30 19:33:51.598,1.4026,1.40329,1.12,1.00
2018.03.30 19:33:51.805,1.40262,1.40329,1.12,1.25
2018.03.30 19:33:52.061,1.40261,1.40329,1.50,1.00
2018.03.30 19:33:52.113,1.4026,1.40329,1.12,1.00
2018.03.30 19:33:52.216,1.4026,1.40326,1.75,1.00
2018.03.30 19:33:52.371,1.40261,1.40326,1.37,1.00
2018.03.30 19:33:52.842,1.40259,1.40326,1.12,1.00
2018.03.30 19:33:52.945,1.40259,1.40326,1.12,1.00
2018.03.30 19:33:52.997,1.40258,1.40322,1.37,1.00
2018.03.30 19:33:53.048,1.40257,1.40322,1.12,1.00
2018.03.30 19:33:53.099,1.40256,1.40318,1.12,1.00
2018.03.30 19:33:53.743,1.40256,1.40318,1.12,1.00
2018.03.30 19:33:54.270,1.40257,1.40318,1.12,1.00
2018.03.30 19:33:54.425,1.40256,1.40318,1.12,1.00
2018.03.30 19:33:54.868,1.40256,1.40318,1.12,1.00
2018.03.30 19:33:55.479,1.40257,1.40318,1.75,1.00
2018.03.30 19:33:55.531,1.40258,1.4032,1.12,1.00
2018.03.30 19:33:55.583,1.40261,1.4032,1.75,0.75
2018.03.30 19:33:55.844,1.40271,1.40362,1.37,1.12
2018.03.30 19:33:55.896,1.40271,1.40362,1.75,1.12
2018.03.30 19:33:55.949,1.40275,1.40368,1.12,1.12
2018.03.30 19:33:56.001,1.40276,1.40367,1.12,1.31
2018.03.30 19:33:56.053,1.40279,1.40369,1.75,1.31
2018.03.30 19:33:56.104,1.40282,1.4037,1.12,2.06
2018.03.30 19:33:56.157,1.40286,1.4037,1.00,1.68
2018.03.30 19:33:56.261,1.40284,1.40373,1.12,1.31
2018.03.30 19:33:56.384,1.40286,1.40373,1.37,1.31
2018.03.30 19:33:56.539,1.40286,1.40368,1.75,1.00
2018.03.30 19:33:56.849,1.40289,1.40359,1.37,1.00
2018.03.30 19:33:56.952,1.40288,1.40359,1.87,1.25
2018.03.30 19:33:57.003,1.40288,1.40359,1.87,1.25
2018.03.30 19:33:57.055,1.40288,1.40359,1.87,1.25
2018.03.30 19:33:57.107,1.4029,1.40359,1.00,1.25
2018.03.30 19:33:57.210,1.40289,1.40359,1.12,1.00
2018.03.30 19:33:58.237,1.40289,1.40359,1.75,1.00
2018.03.30 19:33:58.289,1.40289,1.40359,1.12,1.00
2018.03.30 19:33:58.341,1.40288,1.40357,1.12,1.00
2018.03.30 19:33:58.444,1.40287,1.40353,1.75,1.00
2018.03.30 19:33:59.421,1.40286,1.40353,1.12,1.00
2018.03.30 19:33:59.959,1.40284,1.40354,1.75,1.00
2018.03.30 19:34:00.511,1.40282,1.40354,1.75,1.00
2018.03.30 19:34:00.646,1.40283,1.40352,1.12,1.00
2018.03.30 19:34:00.751,1.40276,1.40348,2.06,1.00
2018.03.30 19:34:00.802,1.40274,1.40348,1.12,1.00
2018.03.30 19:34:00.853,1.40273,1.4034,1.12,1.00
2018.03.30 19:34:00.957,1.40274,1.40358,1.75,1.50
2018.03.30 19:34:01.060,1.40279,1.4037,1.37,1.12
2018.03.30 19:34:01.589,1.40277,1.4037,1.12,1.12
2018.03.30 19:34:01.692,1.40279,1.40371,1.00,1.75
2018.03.30 19:34:01.819,1.40277,1.40369,1.12,1.31
2018.03.30 19:34:02.130,1.40284,1.40362,1.75,1.37
2018.03.30 19:34:02.440,1.40284,1.40352,1.50,1.00
2018.03.30 19:34:03.398,1.40284,1.40352,1.75,1.00
2018.03.30 19:34:03.553,1.40284,1.40352,1.75,1.25
2018.03.30 19:34:04.073,1.40284,1.40352,1.37,1.19
2018.03.30 19:34:04.441,1.40282,1.40352,1.12,1.00
2018.03.30 19:34:04.544,1.40282,1.40352,1.00,1.00
2018.03.30 19:34:04.596,1.40283,1.40348,1.00,1.00
2018.03.30 19:34:06.063,1.40279,1.40349,1.75,1.00
2018.03.30 19:34:06.902,1.40279,1.40349,1.75,1.00
2018.03.30 19:34:07.536,1.40281,1.40349,1.00,1.00
2018.03.30 19:34:07.588,1.40279,1.40346,1.37,1.00
2018.03.30 19:34:07.641,1.4027,1.40346,1.12,1.37
2018.03.30 19:34:07.694,1.4027,1.4034,1.12,1.00
2018.03.30 19:34:08.023,1.40271,1.4034,1.12,1.00
2018.03.30 19:34:08.245,1.40271,1.4034,1.37,1.00
2018.03.30 19:34:08.504,1.40271,1.4034,1.00,1.00
2018.03.30 19:34:08.557,1.40272,1.4034,1.12,1.00
2018.03.30 19:34:08.608,1.40278,1.40349,1.12,1.00
2018.03.30 19:34:08.661,1.40283,1.40349,1.12,1.00
2018.03.30 19:34:08.713,1.40284,1.40357,1.12,1.00
2018.03.30 19:34:09.627,1.40283,1.40357,1.37,1.00
2018.03.30 19:34:09.731,1.40283,1.4035,1.12,1.00
2018.03.30 19:34:10.332,1.40284,1.4035,1.00,1.00
2018.03.30 19:34:10.641,1.40283,1.4035,1.12,1.00
2018.03.30 19:34:10.694,1.40282,1.40357,1.87,1.00
2018.03.30 19:34:10.746,1.40283,1.40357,1.12,1.00
2018.03.30 19:34:10.797,1.40283,1.40357,1.12,1.00
2018.03.30 19:34:11.806,1.40284,1.40353,1.00,1.00
2018.03.30 19:34:11.858,1.40282,1.40353,1.87,1.12
2018.03.30 19:34:12.118,1.40273,1.40362,1.12,1.12
2018.03.30 19:34:12.170,1.40279,1.40371,1.50,2.06
2018.03.30 19:34:12.479,1.40339,1.40369,1.00,1.31
2018.03.30 19:34:12.531,1.40333,1.40371,1.00,2.00
2018.03.30 19:34:12.634,1.4033,1.40375,1.00,1.31
2018.03.30 19:34:12.686,1.40335,1.40379,1.00,1.31
2018.03.30 19:34:12.738,1.40335,1.40379,1.00,1.31
2018.03.30 19:34:12.841,1.40335,1.40376,1.00,1.12
2018.03.30 19:34:12.945,1.40342,1.40373,1.00,1.12
2018.03.30 19:34:13.253,1.40332,1.40359,1.00,1.00
2018.03.30 19:34:13.305,1.40327,1.40359,1.00,1.00
2018.03.30 19:34:13.938,1.40336,1.40359,1.00,1.00
2018.03.30 19:34:14.091,1.40312,1.40355,0.75,1.00
2018.03.30 19:34:14.724,1.40312,1.40353,0.75,1.00
2018.03.30 19:34:16.798,1.40313,1.40353,0.75,1.00
2018.03.30 19:34:17.108,1.40313,1.4034,0.75,1.00
2018.03.30 19:34:17.623,1.40312,1.4034,0.75,1.56
2018.03.30 19:34:18.239,1.40312,1.40336,0.75,1.00
2018.03.30 19:34:18.344,1.40312,1.4036,0.75,1.56
2018.03.30 19:34:18.396,1.40312,1.4036,0.75,1.31
2018.03.30 19:34:18.499,1.40312,1.4036,0.75,1.12
2018.03.30 19:34:18.551,1.40312,1.40355,0.75,1.31
2018.03.30 19:34:19.040,1.40312,1.40361,0.75,1.31
2018.03.30 19:34:19.144,1.40312,1.4036,0.75,1.00
2018.03.30 19:34:19.196,1.40313,1.4036,0.75,2.44
2018.03.30 19:34:19.249,1.40312,1.40366,0.75,2.00
2018.03.30 19:34:19.923,1.40312,1.40363,0.75,1.75
2018.03.30 19:34:20.182,1.40289,1.40359,1.37,1.12
2018.03.30 19:34:20.234,1.40278,1.40359,1.37,1.12
2018.03.30 19:34:20.286,1.40279,1.40361,1.37,1.00
2018.03.30 19:34:20.338,1.40278,1.40361,1.75,1.31
2018.03.30 19:34:20.390,1.40278,1.40361,1.75,1.19
2018.03.30 19:34:20.442,1.4028,1.40361,1.00,1.00
2018.03.30 19:34:20.494,1.40278,1.40372,1.75,1.12
2018.03.30 19:34:20.836,1.4029,1.40376,1.12,1.12
2018.03.30 19:34:20.888,1.40289,1.40379,1.12,1.12
2018.03.30 19:34:20.940,1.40289,1.40375,1.12,1.19
2018.03.30 19:34:21.249,1.40291,1.40357,1.00,1.00
2018.03.30 19:34:21.603,1.40282,1.40357,1.50,1.00
2018.03.30 19:34:21.656,1.40281,1.40354,1.12,1.00
2018.03.30 19:34:21.862,1.40288,1.40378,1.50,1.75
2018.03.30 19:34:21.915,1.40287,1.4038,1.75,1.87
2018.03.30 19:34:22.225,1.40287,1.40358,1.75,1.00
2018.03.30 19:34:22.864,1.40287,1.40358,1.75,1.00
2018.03.30 19:34:23.217,1.40284,1.40357,1.12,1.00
2018.03.30 19:34:23.269,1.40283,1.40352,1.12,1.00
2018.03.30 19:34:23.476,1.40275,1.40345,1.12,1.00
2018.03.30 19:34:23.528,1.40274,1.40345,1.50,0.75
2018.03.30 19:34:23.580,1.40274,1.40364,1.12,1.12
2018.03.30 19:34:23.631,1.40274,1.40365,1.12,1.31
2018.03.30 19:34:23.684,1.40274,1.40365,1.12,1.31
2018.03.30 19:34:23.736,1.4028,1.40373,1.12,2.44
2018.03.30 19:34:23.788,1.40282,1.40365,1.00,1.31
2018.03.30 19:34:23.840,1.40281,1.40365,1.75,1.31
2018.03.30 19:34:23.891,1.40281,1.40365,1.75,1.31
2018.03.30 19:34:23.943,1.40281,1.40363,1.75,1.24
2018.03.30 19:34:23.995,1.40281,1.40363,1.75,1.24
2018.03.30 19:34:24.047,1.40281,1.40363,1.75,1.24
2018.03.30 19:34:24.355,1.40282,1.40371,1.37,1.31
2018.03.30 19:34:24.407,1.40282,1.40371,1.12,1.31
2018.03.30 19:34:24.644,1.40281,1.40365,1.75,1.31
2018.03.30 19:34:24.696,1.40282,1.40369,1.12,1.93
2018.03.30 19:34:24.748,1.40281,1.40362,1.75,1.50
2018.03.30 19:34:25.061,1.40282,1.40349,1.12,1.25
2018.03.30 19:34:25.216,1.40278,1.40349,1.87,1.00
2018.03.30 19:34:25.319,1.40279,1.40345,1.37,1.00
2018.03.30 19:34:25.839,1.40279,1.40345,1.37,1.00
2018.03.30 19:34:25.891,1.40278,1.40345,1.12,1.00
2018.03.30 19:34:26.884,1.40278,1.40346,1.37,1.00
2018.03.30 19:34:27.192,1.40279,1.40346,1.00,1.00
2018.03.30 19:34:27.552,1.40293,1.40346,1.12,1.00
2018.03.30 19:34:27.603,1.40297,1.40357,1.12,1.00
2018.03.30 19:34:27.654,1.40305,1.40357,1.12,1.00
2018.03.30 19:34:27.706,1.40307,1.40363,1.00,1.00
2018.03.30 19:34:27.809,1.40308,1.40367,1.00,1.00
2018.03.30 19:34:28.347,1.40308,1.40366,1.37,1.00
2018.03.30 19:34:28.399,1.40312,1.40373,1.00,1.00
2018.03.30 19:34:28.707,1.40306,1.40373,1.12,1.00
2018.03.30 19:34:28.759,1.40315,1.40373,1.12,1.00
2018.03.30 19:34:28.811,1.40316,1.40379,1.12,1.00
2018.03.30 19:34:29.343,1.40317,1.40379,1.00,1.31
2018.03.30 19:34:29.893,1.40316,1.40379,1.00,1.19
2018.03.30 19:34:30.509,1.40315,1.40379,1.37,1.25
2018.03.30 19:34:31.220,1.40315,1.40379,1.37,1.19
2018.03.30 19:34:31.826,1.40315,1.40379,1.37,1.25
2018.03.30 19:34:32.328,1.40317,1.40379,1.00,1.19
2018.03.30 19:34:33.146,1.40317,1.40379,1.00,1.00
2018.03.30 19:34:33.726,1.40317,1.40379,1.00,1.31
2018.03.30 19:34:34.783,1.40312,1.40379,2.44,1.31
2018.03.30 19:34:35.288,1.40317,1.40379,1.37,1.31
2018.03.30 19:34:35.791,1.40317,1.40379,1.37,1.00
2018.03.30 19:34:36.395,1.40317,1.40379,1.12,1.00
2018.03.30 19:34:36.940,1.40318,1.40379,1.00,1.00
2018.03.30 19:34:38.117,1.40318,1.40379,1.12,1.31
2018.03.30 19:34:38.234,1.40317,1.40379,1.37,1.00
2018.03.30 19:34:38.744,1.40316,1.4038,1.12,1.25
2018.03.30 19:34:39.883,1.40314,1.40393,1.12,1.12
2018.03.30 19:34:39.937,1.40313,1.40393,1.37,1.31
2018.03.30 19:34:39.989,1.40313,1.40391,1.37,1.00
2018.03.30 19:34:40.244,1.40318,1.40391,1.37,1.00
2018.03.30 19:34:40.555,1.40324,1.40405,1.37,1.31
2018.03.30 19:34:40.607,1.40324,1.404,1.37,1.19
2018.03.30 19:34:40.812,1.40325,1.404,1.12,1.19
2018.03.30 19:34:41.114,1.40325,1.404,1.12,1.00
2018.03.30 19:34:41.991,1.40325,1.404,1.37,1.00
2018.03.30 19:34:42.043,1.40326,1.404,1.37,1.00
2018.03.30 19:34:42.193,1.40326,1.40408,1.12,1.31
2018.03.30 19:34:42.296,1.40328,1.40408,1.37,1.31
2018.03.30 19:34:42.641,1.40328,1.40413,1.37,1.94
2018.03.30 19:34:42.967,1.40325,1.40412,2.44,2.06
2018.03.30 19:34:43.384,1.40326,1.40411,1.75,2.06
2018.03.30 19:34:43.642,1.40331,1.40418,1.37,2.44
2018.03.30 19:34:43.694,1.4033,1.40405,1.00,1.31
2018.03.30 19:34:43.798,1.4033,1.40405,1.00,1.31
2018.03.30 19:34:43.853,1.40329,1.40411,1.00,1.31
2018.03.30 19:34:43.904,1.40329,1.40404,1.00,1.31
2018.03.30 19:34:44.335,1.40328,1.40407,2.00,1.31
2018.03.30 19:34:44.388,1.40329,1.40406,2.00,1.31
2018.03.30 19:34:44.440,1.40328,1.40406,2.44,1.31
2018.03.30 19:34:44.795,1.40331,1.40411,2.00,1.94
2018.03.30 19:34:44.899,1.4033,1.40409,2.00,1.31
2018.03.30 19:34:45.055,1.40329,1.4041,2.44,1.31
2018.03.30 19:34:45.107,1.40332,1.40413,2.00,2.06
2018.03.30 19:34:45.212,1.40328,1.40405,1.50,1.31
2018.03.30 19:34:45.265,1.40328,1.40405,1.00,1.31
2018.03.30 19:34:45.522,1.40325,1.40405,1.00,1.31
2018.03.30 19:34:45.574,1.40324,1.40405,2.44,1.31
2018.03.30 19:34:46.189,1.40324,1.40406,2.00,1.31
2018.03.30 19:34:46.497,1.40324,1.40401,1.00,1.31
2018.03.30 19:34:46.549,1.40322,1.40402,2.00,1.12
2018.03.30 19:34:46.601,1.40322,1.404,2.44,1.87
2018.03.30 19:34:46.653,1.40321,1.40403,2.00,1.31
2018.03.30 19:34:46.911,1.40319,1.40392,1.75,1.12
2018.03.30 19:34:47.221,1.4032,1.40401,2.44,1.31
2018.03.30 19:34:47.273,1.40324,1.40403,2.00,1.75
2018.03.30 19:34:47.504,1.40319,1.40398,2.00,1.31
2018.03.30 19:34:47.556,1.40319,1.40398,2.00,1.31
2018.03.30 19:34:47.878,1.40321,1.40398,2.00,1.31
2018.03.30 19:34:47.930,1.40321,1.40398,2.00,1.31
2018.03.30 19:34:48.084,1.4032,1.40398,2.00,1.31
2018.03.30 19:34:48.428,1.40315,1.40393,1.75,1.12
2018.03.30 19:34:48.480,1.40319,1.40406,2.00,1.31
2018.03.30 19:34:48.532,1.40319,1.40406,2.06,1.31
2018.03.30 19:34:49.046,1.40319,1.40408,2.06,1.94
2018.03.30 19:34:49.509,1.40322,1.40399,2.44,1.31
2018.03.30 19:34:49.613,1.40318,1.40398,1.00,1.31
2018.03.30 19:34:49.665,1.40322,1.40399,1.00,1.31
2018.03.30 19:34:50.200,1.40317,1.40399,2.00,1.31
2018.03.30 19:34:50.698,1.40314,1.40395,2.00,1.12
2018.03.30 19:34:50.750,1.40321,1.40391,2.00,1.12
2018.03.30 19:34:50.802,1.40322,1.40401,2.00,1.31
2018.03.30 19:34:50.897,1.40322,1.40404,1.31,1.31
2018.03.30 19:34:50.950,1.40312,1.40401,1.12,1.31
2018.03.30 19:34:51.055,1.40313,1.40401,1.12,1.31
2018.03.30 19:34:51.161,1.40304,1.40392,1.12,1.12
2018.03.30 19:34:51.214,1.40304,1.40383,1.00,1.12
2018.03.30 19:34:51.526,1.40297,1.4038,1.37,1.75
2018.03.30 19:34:51.578,1.40296,1.40379,1.00,1.12
2018.03.30 19:34:51.630,1.40291,1.4037,2.44,1.12
2018.03.30 19:34:51.682,1.40294,1.4037,1.00,1.12
2018.03.30 19:34:51.734,1.40288,1.40369,2.00,1.75
2018.03.30 19:34:51.786,1.40285,1.40366,1.12,1.75
2018.03.30 19:34:52.145,1.40284,1.40366,2.00,1.87
2018.03.30 19:34:52.762,1.40283,1.40366,2.00,1.75
2018.03.30 19:34:53.090,1.40282,1.40359,2.00,1.12
2018.03.30 19:34:53.142,1.40286,1.40367,2.44,1.75
2018.03.30 19:34:53.195,1.40284,1.40367,1.37,1.75
2018.03.30 19:34:53.247,1.40293,1.40373,1.00,1.12
2018.03.30 19:34:53.299,1.40293,1.40373,1.00,1.31
2018.03.30 19:34:53.947,1.4029,1.40373,2.00,1.31
2018.03.30 19:34:54.301,1.40287,1.4037,2.00,1.12
2018.03.30 19:34:54.404,1.40288,1.4037,1.00,1.12
2018.03.30 19:34:54.456,1.40284,1.4037,2.81,1.12
2018.03.30 19:34:54.969,1.40284,1.4037,2.81,1.12
2018.03.30 19:34:55.618,1.40284,1.4037,2.06,1.12
2018.03.30 19:34:55.670,1.40289,1.40371,2.44,1.12
2018.03.30 19:34:56.182,1.40287,1.4037,2.00,1.12
2018.03.30 19:34:56.388,1.40284,1.40371,2.44,1.12
2018.03.30 19:34:56.440,1.40284,1.40371,2.44,1.12
2018.03.30 19:34:57.418,1.40284,1.40368,2.25,1.12
2018.03.30 19:34:57.469,1.40286,1.40368,2.00,1.87
2018.03.30 19:34:58.137,1.40286,1.40367,1.75,1.12
2018.03.30 19:34:58.188,1.40286,1.40367,1.75,1.12
2018.03.30 19:34:58.239,1.40284,1.40368,2.00,1.87
2018.03.30 19:34:58.444,1.40288,1.40368,1.00,2.06
2018.03.30 19:34:59.013,1.40284,1.40367,2.00,1.75
2018.03.30 19:34:59.710,1.40282,1.40367,1.12,1.31
2018.03.30 19:34:59.839,1.4028,1.4036,2.00,1.12
2018.03.30 19:34:59.890,1.40282,1.40359,1.00,1.12
2018.03.30 19:34:59.994,1.40277,1.4036,2.00,1.12
2018.03.30 19:35:00.305,1.40285,1.40361,1.00,1.12
2018.03.30 19:35:00.629,1.40281,1.40362,2.00,1.12
2018.03.30 19:35:00.681,1.4028,1.40362,2.00,1.12
2018.03.30 19:35:01.091,1.40279,1.40362,2.00,1.12
2018.03.30 19:35:01.143,1.40286,1.40366,1.00,1.75
2018.03.30 19:35:01.966,1.40285,1.40364,1.00,1.50
2018.03.30 19:35:02.274,1.40286,1.40362,1.00,1.75
2018.03.30 19:35:02.532,1.4028,1.40362,2.44,1.87
2018.03.30 19:35:03.199,1.40283,1.40362,1.00,1.87
2018.03.30 19:35:03.564,1.40283,1.40365,2.00,2.06
2018.03.30 19:35:03.770,1.40282,1.40364,1.00,1.12
2018.03.30 19:35:03.822,1.40288,1.4037,2.00,1.12
2018.03.30 19:35:03.874,1.40288,1.40371,2.00,1.87
2018.03.30 19:35:03.926,1.40289,1.4037,2.00,1.12
2018.03.30 19:35:04.444,1.40288,1.4037,2.00,1.12
2018.03.30 19:35:04.970,1.40288,1.4037,2.00,1.12
2018.03.30 19:35:05.511,1.40289,1.4037,2.00,1.12
2018.03.30 19:35:06.006,1.40291,1.40366,1.00,1.12
2018.03.30 19:35:06.058,1.40288,1.4037,2.00,1.12
2018.03.30 19:35:06.109,1.40288,1.4037,2.00,1.12
2018.03.30 19:35:06.687,1.40287,1.4037,2.00,1.12
2018.03.30 19:35:07.190,1.40292,1.4037,1.00,1.12
2018.03.30 19:35:07.825,1.40288,1.4037,2.44,1.12
2018.03.30 19:35:08.046,1.40286,1.40365,1.00,1.12
2018.03.30 19:35:08.097,1.40286,1.40367,1.37,1.75
2018.03.30 19:35:08.268,1.40283,1.40368,2.00,1.31
2018.03.30 19:35:08.373,1.40283,1.40368,2.44,1.31
2018.03.30 19:35:08.588,1.40283,1.4037,2.00,1.31
2018.03.30 19:35:08.640,1.40283,1.4037,2.44,1.31
2018.03.30 19:35:09.106,1.40287,1.40371,2.00,1.31
2018.03.30 19:35:09.869,1.40286,1.40371,2.00,1.12
2018.03.30 19:35:11.140,1.40286,1.40369,2.00,1.12
2018.03.30 19:35:11.741,1.40285,1.40369,2.44,1.12
2018.03.30 19:35:12.051,1.40288,1.40362,1.00,1.12
2018.03.30 19:35:12.154,1.40285,1.40372,2.81,1.12
2018.03.30 19:35:12.207,1.40287,1.40367,1.00,1.37
2018.03.30 19:35:12.855,1.40283,1.40367,2.44,1.75
2018.03.30 19:35:13.404,1.40287,1.40367,1.00,1.75
2018.03.30 19:35:13.920,1.40285,1.40366,2.00,1.12
2018.03.30 19:35:14.230,1.40282,1.40366,2.00,1.12
2018.03.30 19:35:14.834,1.40282,1.40366,2.00,1.12
2018.03.30 19:35:15.315,1.40283,1.40366,2.44,1.12
2018.03.30 19:35:17.179,1.40279,1.40362,2.44,1.12
2018.03.30 19:35:17.231,1.40277,1.40357,1.75,1.12
2018.03.30 19:35:17.283,1.40279,1.40359,2.44,1.12
2018.03.30 19:35:17.766,1.40279,1.40356,1.00,1.75
2018.03.30 19:35:18.279,1.40277,1.4035,2.00,1.12
2018.03.30 19:35:18.589,1.40271,1.40342,2.00,1.12
2018.03.30 19:35:18.744,1.40271,1.40338,2.00,1.12
2018.03.30 19:35:19.092,1.40254,1.40332,1.12,1.12
2018.03.30 19:35:19.611,1.40254,1.40333,1.75,1.87
2018.03.30 19:35:19.662,1.40254,1.40332,1.12,1.12
2018.03.30 19:35:20.062,1.40252,1.40328,1.37,1.75
2018.03.30 19:35:20.393,1.40247,1.40321,1.12,1.12
2018.03.30 19:35:20.446,1.40247,1.40322,1.12,1.12
2018.03.30 19:35:20.705,1.40243,1.40326,1.87,1.12
2018.03.30 19:35:21.073,1.40252,1.40326,1.00,1.12
2018.03.30 19:35:21.714,1.40251,1.40326,1.75,1.12
2018.03.30 19:35:21.920,1.40245,1.40327,1.37,1.12
2018.03.30 19:35:22.414,1.40243,1.40327,1.87,1.12
2018.03.30 19:35:22.466,1.40253,1.40323,1.50,1.00
2018.03.30 19:35:22.780,1.40261,1.40338,1.37,1.12
2018.03.30 19:35:22.833,1.40261,1.40338,1.37,1.12
2018.03.30 19:35:22.885,1.40257,1.40333,1.75,1.75
2018.03.30 19:35:23.400,1.40252,1.40329,1.75,1.12
2018.03.30 19:35:23.606,1.40251,1.40329,1.00,1.12
2018.03.30 19:35:23.710,1.40251,1.40328,1.00,1.75
2018.03.30 19:35:24.224,1.40244,1.40328,1.87,1.75
2018.03.30 19:35:24.619,1.40244,1.40328,1.50,1.75
2018.03.30 19:35:24.787,1.40255,1.40331,1.00,1.12
2018.03.30 19:35:24.838,1.40254,1.40327,1.50,1.75
2018.03.30 19:35:24.890,1.40254,1.4033,1.00,1.87
2018.03.30 19:35:24.941,1.40247,1.4033,1.50,1.87
2018.03.30 19:35:25.442,1.40244,1.40328,1.50,1.75
2018.03.30 19:35:26.316,1.4025,1.4033,1.00,1.75
2018.03.30 19:35:26.727,1.40249,1.4033,1.37,1.75
2018.03.30 19:35:27.242,1.40246,1.40328,1.12,1.75
2018.03.30 19:35:27.445,1.40244,1.40328,1.37,1.75
2018.03.30 19:35:27.854,1.40252,1.40329,1.00,1.87
2018.03.30 19:35:27.958,1.40244,1.40328,1.87,1.75
2018.03.30 19:35:28.254,1.40247,1.4033,1.12,1.12
2018.03.30 19:35:28.306,1.40244,1.4033,1.75,1.12
2018.03.30 19:35:28.510,1.40245,1.4033,1.00,1.12
2018.03.30 19:35:28.561,1.40257,1.4033,1.00,1.12
2018.03.30 19:35:28.870,1.40255,1.40334,1.75,1.87
2018.03.30 19:35:28.922,1.40255,1.40332,1.00,1.75
2018.03.30 19:35:28.974,1.40245,1.40333,2.25,1.75
2018.03.30 19:35:29.026,1.40245,1.40329,1.12,1.87
2018.03.30 19:35:29.077,1.40245,1.40324,1.50,1.12
2018.03.30 19:35:29.230,1.40254,1.40334,1.37,1.12
2018.03.30 19:35:29.282,1.40259,1.40335,1.37,1.12
2018.03.30 19:35:29.434,1.40259,1.40335,1.75,1.12
2018.03.30 19:35:29.787,1.40268,1.40335,1.00,1.12
2018.03.30 19:35:29.889,1.40269,1.40337,1.00,1.12
2018.03.30 19:35:30.295,1.40258,1.40337,1.12,1.12
2018.03.30 19:35:30.738,1.40251,1.40337,1.75,1.12
2018.03.30 19:35:31.190,1.40249,1.4033,2.25,1.37
2018.03.30 19:35:31.294,1.40253,1.40335,1.00,1.75
2018.03.30 19:35:31.346,1.40253,1.40328,1.00,1.12
2018.03.30 19:35:31.398,1.40245,1.40328,1.12,1.12
2018.03.30 19:35:31.503,1.40245,1.40328,1.12,1.12
2018.03.30 19:35:31.555,1.40245,1.40328,1.12,1.12
2018.03.30 19:35:31.646,1.40245,1.40328,1.12,1.12
2018.03.30 19:35:31.698,1.40243,1.40328,1.87,1.12
2018.03.30 19:35:32.213,1.4025,1.40337,1.37,1.12
2018.03.30 19:35:32.264,1.40259,1.40337,1.37,1.12
2018.03.30 19:35:32.315,1.4025,1.40335,3.00,1.75
2018.03.30 19:35:32.366,1.4025,1.40331,1.37,1.12
2018.03.30 19:35:32.570,1.4025,1.4033,1.00,1.87
2018.03.30 19:35:32.622,1.40252,1.40329,1.00,1.75
2018.03.30 19:35:33.138,1.40252,1.40328,1.00,1.75
2018.03.30 19:35:33.527,1.40248,1.40328,1.50,1.75
2018.03.30 19:35:33.631,1.40247,1.40328,1.12,1.75
2018.03.30 19:35:33.939,1.40248,1.40325,1.50,1.87
2018.03.30 19:35:33.991,1.40246,1.4033,1.12,2.06
2018.03.30 19:35:34.248,1.40245,1.40331,1.50,1.87
2018.03.30 19:35:35.425,1.40245,1.40331,1.75,1.75
2018.03.30 19:35:35.738,1.40248,1.40333,1.12,2.44
2018.03.30 19:35:35.947,1.40249,1.40333,1.12,1.37
2018.03.30 19:35:36.000,1.40249,1.40337,1.12,1.87
2018.03.30 19:35:36.053,1.40251,1.40337,1.37,1.87
2018.03.30 19:35:36.211,1.40251,1.40337,1.37,1.12
2018.03.30 19:35:36.823,1.40251,1.40337,1.12,1.87
2018.03.30 19:35:37.296,1.40252,1.40339,1.12,1.87
2018.03.30 19:35:37.834,1.40254,1.40338,1.12,2.81
2018.03.30 19:35:37.989,1.40254,1.40338,1.12,3.19
2018.03.30 19:35:38.144,1.40254,1.40338,1.12,2.06
2018.03.30 19:35:38.662,1.40251,1.40337,1.12,1.75
2018.03.30 19:35:38.947,1.40251,1.40335,1.00,1.94
2018.03.30 19:35:39.153,1.40251,1.40335,1.00,1.87
2018.03.30 19:35:39.205,1.40251,1.40339,1.00,1.87
2018.03.30 19:35:39.257,1.40251,1.40339,1.00,1.12
2018.03.30 19:35:39.309,1.40251,1.40336,1.00,1.75
2018.03.30 19:35:39.361,1.40252,1.40339,1.00,1.12
2018.03.30 19:35:39.670,1.40251,1.40342,1.12,1.75
2018.03.30 19:35:39.980,1.40252,1.40338,1.12,1.50
2018.03.30 19:35:40.256,1.40251,1.40338,1.12,2.25
2018.03.30 19:35:40.411,1.40251,1.40339,1.12,1.12
2018.03.30 19:35:41.048,1.40252,1.40337,1.12,1.87
2018.03.30 19:35:41.203,1.40252,1.40337,1.12,1.87
2018.03.30 19:35:41.462,1.40252,1.40337,1.12,1.87
2018.03.30 19:35:41.770,1.40252,1.40337,1.12,1.75
2018.03.30 19:35:41.925,1.40252,1.40337,1.12,1.75
2018.03.30 19:35:42.433,1.40252,1.40339,1.37,1.12
2018.03.30 19:35:43.223,1.40256,1.40339,1.00,1.37
2018.03.30 19:35:43.375,1.40256,1.4034,1.00,1.75
2018.03.30 19:35:43.531,1.40247,1.40336,1.37,1.75
2018.03.30 19:35:45.767,1.40248,1.4034,1.12,1.75
2018.03.30 19:35:46.631,1.40248,1.4034,1.12,1.87
2018.03.30 19:35:46.786,1.40248,1.4034,1.12,1.12
2018.03.30 19:35:47.794,1.40258,1.4034,1.12,2.06
2018.03.30 19:35:47.847,1.40247,1.4034,1.12,1.75
2018.03.30 19:35:47.902,1.40245,1.40337,2.62,1.37
2018.03.30 19:35:47.954,1.40245,1.40337,1.87,1.75
2018.03.30 19:35:48.352,1.40245,1.40338,1.87,1.75
2018.03.30 19:35:48.712,1.40247,1.40338,1.12,1.75
2018.03.30 19:35:49.547,1.40251,1.40338,1.12,1.75
2018.03.30 19:35:50.640,1.40247,1.40338,1.12,1.75
2018.03.30 19:35:51.269,1.40249,1.4034,1.75,1.75
2018.03.30 19:35:51.321,1.4025,1.4034,1.75,1.87
2018.03.30 19:35:52.620,1.40247,1.40339,1.75,1.50
2018.03.30 19:35:53.641,1.40247,1.40339,1.12,1.37
2018.03.30 19:35:53.693,1.40247,1.40339,1.75,1.12
2018.03.30 19:35:54.090,1.40245,1.40339,1.75,1.12
2018.03.30 19:35:54.335,1.40247,1.40339,1.12,1.12
2018.03.30 19:35:55.044,1.40251,1.40339,1.12,1.12
2018.03.30 19:35:55.200,1.40255,1.40342,1.12,1.75
2018.03.30 19:35:55.303,1.40255,1.40342,1.12,1.75
2018.03.30 19:35:55.406,1.40255,1.40341,1.12,1.75
2018.03.30 19:35:55.870,1.40255,1.4034,1.12,1.31
2018.03.30 19:35:55.973,1.40257,1.40342,1.12,1.37
2018.03.30 19:35:56.025,1.40257,1.40343,1.12,1.87
2018.03.30 19:35:56.893,1.40258,1.40343,1.37,1.50
2018.03.30 19:35:56.945,1.40255,1.40343,1.12,1.50
2018.03.30 19:35:57.099,1.40255,1.4034,1.12,1.00
2018.03.30 19:35:57.625,1.40255,1.40343,1.12,1.87
2018.03.30 19:35:58.229,1.4026,1.40343,1.37,1.50
2018.03.30 19:35:59.489,1.40259,1.40343,1.12,2.00
2018.03.30 19:36:00.021,1.40259,1.40343,1.12,2.00
2018.03.30 19:36:00.073,1.40259,1.40341,1.12,1.00
2018.03.30 19:36:00.823,1.40256,1.40345,1.12,1.75
2018.03.30 19:36:00.978,1.40256,1.40344,1.12,1.87
2018.03.30 19:36:01.467,1.40265,1.40341,1.00,1.00
2018.03.30 19:36:01.570,1.40261,1.40346,1.12,1.37
2018.03.30 19:36:01.673,1.4026,1.40346,1.12,1.25
2018.03.30 19:36:02.195,1.40261,1.40346,1.12,1.56
2018.03.30 19:36:02.712,1.40261,1.40346,1.12,1.31
2018.03.30 19:36:03.123,1.40264,1.40346,1.12,1.31
2018.03.30 19:36:03.642,1.40264,1.40346,1.37,1.62
2018.03.30 19:36:03.745,1.40261,1.40346,1.75,1.25
2018.03.30 19:36:03.901,1.40257,1.40346,1.12,1.00
2018.03.30 19:36:04.055,1.40263,1.40347,1.12,1.12
2018.03.30 19:36:04.158,1.40264,1.4035,1.37,1.00
2018.03.30 19:36:04.670,1.40264,1.40354,1.37,1.37
2018.03.30 19:36:05.473,1.40268,1.40354,1.12,1.37
2018.03.30 19:36:06.688,1.40268,1.40354,1.00,1.37
2018.03.30 19:36:06.739,1.40264,1.40354,1.75,1.37
2018.03.30 19:36:07.099,1.40264,1.40354,1.37,1.37
2018.03.30 19:36:07.253,1.40264,1.40354,1.37,1.00
2018.03.30 19:36:07.407,1.40264,1.40354,1.37,1.62
2018.03.30 19:36:07.845,1.40264,1.40354,1.12,1.00
2018.03.30 19:36:08.000,1.40263,1.40354,1.12,1.62
2018.03.30 19:36:08.412,1.40264,1.40354,1.12,1.37
2018.03.30 19:36:08.588,1.40264,1.40354,1.12,1.37
2018.03.30 19:36:08.794,1.4026,1.40354,1.12,1.00
2018.03.30 19:36:08.948,1.40264,1.40354,1.12,1.37
2018.03.30 19:36:09.515,1.40259,1.40354,1.12,1.00
2018.03.30 19:36:09.618,1.40264,1.40354,1.37,1.37
2018.03.30 19:36:10.843,1.40265,1.40354,1.12,1.37
2018.03.30 19:36:11.678,1.40265,1.40354,1.12,1.62
2018.03.30 19:36:12.149,1.40267,1.40354,1.12,1.37
2018.03.30 19:36:12.304,1.40269,1.40361,1.12,1.75
2018.03.30 19:36:12.722,1.40271,1.40359,1.12,1.56
2018.03.30 19:36:13.038,1.40269,1.40356,1.12,1.12
2018.03.30 19:36:13.794,1.40271,1.40356,1.12,1.37
2018.03.30 19:36:13.846,1.40271,1.40356,1.12,1.12
2018.03.30 19:36:13.898,1.40271,1.40356,1.37,1.00
2018.03.30 19:36:14.328,1.40271,1.40356,1.12,1.12
2018.03.30 19:36:14.940,1.40271,1.40356,1.12,1.37
2018.03.30 19:36:15.456,1.40271,1.40356,1.12,1.00
2018.03.30 19:36:17.191,1.40273,1.40356,1.12,1.00
2018.03.30 19:36:17.243,1.40273,1.40356,1.12,1.12
2018.03.30 19:36:17.397,1.40273,1.40356,1.12,1.00
2018.03.30 19:36:18.668,1.40272,1.40356,1.12,1.00
2018.03.30 19:36:18.976,1.40271,1.40356,1.12,1.00
2018.03.30 19:36:19.487,1.40271,1.40356,1.12,1.37
2018.03.30 19:36:19.796,1.40274,1.40356,1.12,1.12
2018.03.30 19:36:19.899,1.40271,1.40356,1.12,1.12
2018.03.30 19:36:20.496,1.40274,1.40356,1.12,1.00
2018.03.30 19:36:20.808,1.40275,1.40356,1.00,1.37
2018.03.30 19:36:20.964,1.40274,1.40356,1.12,1.37
2018.03.30 19:36:21.481,1.40274,1.40356,1.75,1.12
2018.03.30 19:36:21.791,1.4028,1.40362,1.12,1.62
2018.03.30 19:36:22.169,1.40281,1.40368,1.37,1.12
2018.03.30 19:36:22.272,1.40276,1.40369,1.12,1.12
2018.03.30 19:36:22.530,1.40279,1.40369,1.12,1.37
2018.03.30 19:36:22.684,1.40279,1.40369,1.12,1.37
2018.03.30 19:36:23.914,1.40281,1.40369,1.37,1.37
2018.03.30 19:36:24.501,1.40282,1.40369,1.12,1.37
2018.03.30 19:36:26.978,1.40281,1.40369,1.12,1.37
2018.03.30 19:36:27.287,1.40296,1.40374,1.12,1.12
2018.03.30 19:36:27.493,1.40303,1.40386,1.12,1.62
2018.03.30 19:36:27.699,1.4031,1.40387,1.37,1.12
2018.03.30 19:36:27.803,1.40313,1.40395,1.12,1.62
2018.03.30 19:36:28.010,1.4032,1.40399,1.12,1.00
2018.03.30 19:36:28.320,1.40326,1.40408,1.12,1.31
2018.03.30 19:36:28.555,1.40326,1.40408,1.12,1.31
2018.03.30 19:36:29.104,1.40326,1.40408,1.12,1.31
2018.03.30 19:36:29.539,1.40325,1.40408,1.12,1.56
2018.03.30 19:36:30.101,1.40325,1.40408,1.12,1.56
2018.03.30 19:36:30.562,1.40325,1.40408,1.12,1.56
2018.03.30 19:36:33.128,1.40331,1.40408,1.12,1.56
2018.03.30 19:36:33.179,1.40332,1.40408,1.00,1.56
2018.03.30 19:36:33.537,1.40324,1.40411,1.12,1.56
2018.03.30 19:36:34.067,1.40324,1.40411,1.12,1.56
2018.03.30 19:36:34.592,1.40324,1.40411,1.12,1.56
2018.03.30 19:36:35.164,1.40325,1.40411,1.12,1.56
2018.03.30 19:36:35.371,1.40308,1.40399,1.12,1.31
2018.03.30 19:36:35.423,1.40298,1.40395,1.75,1.87
2018.03.30 19:36:35.475,1.40297,1.40388,1.12,1.12
2018.03.30 19:36:35.528,1.4029,1.40379,1.12,1.12
2018.03.30 19:36:36.045,1.40292,1.40381,1.00,1.12
2018.03.30 19:36:36.851,1.4029,1.4038,1.12,1.12
2018.03.30 19:36:37.189,1.4029,1.4038,1.12,1.12
2018.03.30 19:36:38.005,1.4029,1.40379,1.12,1.37
2018.03.30 19:36:38.706,1.40287,1.40379,1.12,1.37
2018.03.30 19:36:40.075,1.4029,1.40379,1.12,1.12
2018.03.30 19:36:40.383,1.4029,1.40382,1.12,1.12
2018.03.30 19:36:41.587,1.40288,1.4038,1.12,1.12
2018.03.30 19:36:41.639,1.40287,1.40381,1.12,1.12
2018.03.30 19:36:41.690,1.40287,1.40381,1.12,1.12
2018.03.30 19:36:43.716,1.40289,1.40378,1.37,1.12
2018.03.30 19:36:44.697,1.40289,1.40378,1.37,1.87
2018.03.30 19:36:45.690,1.40289,1.40374,1.37,1.00
2018.03.30 19:36:46.682,1.40289,1.40375,1.12,1.12
2018.03.30 19:36:46.733,1.40289,1.40376,1.37,1.12
2018.03.30 19:36:46.835,1.40284,1.40373,1.12,1.12
2018.03.30 19:36:48.312,1.40281,1.40373,1.12,1.12
2018.03.30 19:36:48.417,1.40284,1.40372,1.37,1.12
2018.03.30 19:36:49.514,1.40284,1.4037,1.37,1.87
2018.03.30 19:36:50.622,1.4028,1.4037,1.50,1.87
2018.03.30 19:36:51.265,1.4028,1.4037,1.50,1.12
2018.03.30 19:36:52.620,1.4028,1.4037,1.87,1.12
2018.03.30 19:36:52.672,1.4028,1.4037,1.50,1.12
2018.03.30 19:36:53.638,1.4028,1.4037,1.50,1.12
2018.03.30 19:36:53.949,1.40281,1.40368,1.75,1.12
2018.03.30 19:36:55.776,1.40287,1.40365,1.00,1.00
2018.03.30 19:36:56.737,1.40281,1.40365,1.75,1.12
2018.03.30 19:36:57.756,1.40281,1.40365,1.75,1.12
2018.03.30 19:36:59.518,1.40281,1.40365,1.75,1.12
2018.03.30 19:36:59.570,1.40278,1.40367,1.12,1.75
2018.03.30 19:36:59.624,1.40281,1.40365,1.00,1.37
2018.03.30 19:36:59.676,1.40278,1.40365,1.37,1.12
2018.03.30 19:37:00.129,1.40279,1.40365,1.12,1.12
2018.03.30 19:37:00.472,1.40285,1.40363,1.12,1.00
2018.03.30 19:37:00.576,1.40285,1.40366,1.12,1.25
2018.03.30 19:37:00.987,1.40286,1.40369,1.12,1.00
2018.03.30 19:37:01.552,1.40286,1.40369,1.12,1.19
2018.03.30 19:37:02.066,1.40286,1.40369,1.12,1.00
2018.03.30 19:37:02.697,1.40287,1.4037,1.12,1.19
2018.03.30 19:37:02.748,1.40287,1.4037,1.12,1.25
2018.03.30 19:37:02.800,1.40288,1.40373,1.12,1.00
2018.03.30 19:37:03.617,1.40292,1.40373,1.12,1.19
2018.03.30 19:37:04.148,1.40292,1.40373,1.12,1.00
2018.03.30 19:37:04.518,1.40293,1.40373,1.12,1.00
2018.03.30 19:37:04.738,1.40291,1.40373,1.37,1.00
2018.03.30 19:37:05.765,1.40291,1.40373,1.12,1.19
2018.03.30 19:37:06.460,1.40291,1.40373,1.12,1.00
2018.03.30 19:37:07.346,1.40291,1.40373,1.12,1.19
2018.03.30 19:37:07.987,1.40291,1.40373,1.12,1.00
2018.03.30 19:37:09.365,1.40295,1.40373,1.12,1.25
2018.03.30 19:37:09.767,1.40295,1.40378,1.12,1.00
2018.03.30 19:37:10.760,1.40295,1.40378,1.12,1.31
2018.03.30 19:37:11.744,1.40295,1.40378,1.12,1.56
2018.03.30 19:37:12.760,1.40298,1.40378,1.12,1.69
2018.03.30 19:37:13.163,1.40297,1.40378,1.12,1.00
2018.03.30 19:37:14.642,1.40294,1.40378,1.12,1.19
2018.03.30 19:37:15.054,1.40294,1.40378,1.12,1.00
2018.03.30 19:37:15.259,1.40296,1.40378,1.12,1.31
2018.03.30 19:37:15.669,1.40295,1.40378,1.12,1.00
2018.03.30 19:37:15.978,1.40297,1.40378,1.12,1.31
2018.03.30 19:37:16.693,1.40297,1.40378,1.12,1.19
2018.03.30 19:37:17.355,1.40297,1.40378,1.12,1.00
2018.03.30 19:37:17.945,1.40297,1.40378,1.12,1.19
2018.03.30 19:37:18.305,1.40293,1.40358,1.12,0.19
2018.03.30 19:37:20.118,1.40297,1.40359,1.12,0.19
2018.03.30 19:37:20.429,1.403,1.40358,1.12,0.19
2018.03.30 19:37:20.738,1.4031,1.40358,1.12,0.19
2018.03.30 19:37:23.830,1.40342,1.4036,1.00,0.19
2018.03.30 19:37:23.934,1.40316,1.40409,1.12,1.31
2018.03.30 19:37:24.090,1.40316,1.40409,1.12,1.31
2018.03.30 19:37:24.142,1.40316,1.40409,1.12,1.31
2018.03.30 19:37:24.338,1.40316,1.40409,1.12,1.31
2018.03.30 19:37:24.442,1.40312,1.40405,1.12,1.31
2018.03.30 19:37:25.627,1.40306,1.40396,1.37,1.37
2018.03.30 19:37:26.262,1.40308,1.40397,1.12,1.31
2018.03.30 19:37:27.061,1.40308,1.40395,1.00,1.75
2018.03.30 19:37:27.369,1.403,1.40388,1.37,1.12
2018.03.30 19:37:27.636,1.403,1.40387,1.00,1.12
2018.03.30 19:37:28.247,1.403,1.40387,1.37,1.12
2018.03.30 19:37:29.107,1.403,1.40381,1.37,1.00
2018.03.30 19:37:29.159,1.40298,1.4038,1.00,1.12
2018.03.30 19:37:29.366,1.40282,1.40367,1.00,1.50
2018.03.30 19:37:29.726,1.40282,1.4036,1.00,1.00
2018.03.30 19:37:29.777,1.40273,1.40357,1.37,1.00
2018.03.30 19:37:29.881,1.40266,1.40353,1.12,1.12
2018.03.30 19:37:30.560,1.40266,1.40346,2.25,1.75
2018.03.30 19:37:30.890,1.40266,1.40346,1.75,1.87
2018.03.30 19:37:31.255,1.40266,1.40347,1.12,1.12
2018.03.30 19:37:31.461,1.4027,1.40352,2.25,1.75
2018.03.30 19:37:31.513,1.4027,1.40351,1.37,1.37
2018.03.30 19:37:31.723,1.40276,1.40352,1.37,1.75
2018.03.30 19:37:32.463,1.40276,1.40352,1.87,1.75
2018.03.30 19:37:33.481,1.40271,1.40352,2.25,1.87
2018.03.30 19:37:33.745,1.40272,1.40352,1.87,1.87
2018.03.30 19:37:33.850,1.4027,1.40347,1.87,1.12
2018.03.30 19:37:34.158,1.40271,1.40341,1.37,1.37
2018.03.30 19:37:34.677,1.40275,1.40343,1.00,1.37
2018.03.30 19:37:34.989,1.4027,1.40348,1.12,1.12
2018.03.30 19:37:35.326,1.40273,1.40348,1.75,1.12
2018.03.30 19:37:35.637,1.4026,1.40338,1.12,1.87
2018.03.30 19:37:35.689,1.4026,1.40343,1.12,1.87
2018.03.30 19:37:35.793,1.4026,1.40343,1.12,1.94
2018.03.30 19:37:36.419,1.40251,1.40343,1.12,1.31
2018.03.30 19:37:37.285,1.40251,1.40344,1.12,1.75
2018.03.30 19:37:37.389,1.40251,1.40343,1.12,1.94
2018.03.30 19:37:37.715,1.4026,1.4034,1.12,1.00
2018.03.30 19:37:38.243,1.40258,1.4034,1.12,1.00
2018.03.30 19:37:38.398,1.40305,1.40347,0.19,1.12
2018.03.30 19:37:38.502,1.40263,1.40357,1.79,1.50
2018.03.30 19:37:38.607,1.40266,1.40353,1.16,1.00
2018.03.30 19:37:39.479,1.40267,1.40353,1.16,1.56
2018.03.30 19:37:39.987,1.40267,1.40349,1.16,1.00
2018.03.30 19:37:40.142,1.4026,1.40353,1.79,1.12
2018.03.30 19:37:40.246,1.40261,1.40354,1.79,1.00
2018.03.30 19:37:40.349,1.40261,1.40358,1.79,1.37
2018.03.30 19:37:40.517,1.40268,1.40354,1.91,1.00
2018.03.30 19:37:42.425,1.4027,1.40359,1.79,1.74
2018.03.30 19:37:42.476,1.40269,1.40357,1.79,1.12
2018.03.30 19:37:42.782,1.40266,1.40348,1.04,1.00
2018.03.30 19:37:43.329,1.40265,1.40355,1.16,1.37
2018.03.30 19:37:43.432,1.40265,1.4036,1.79,1.12
2018.03.30 19:37:43.589,1.40267,1.40366,1.79,1.94
2018.03.30 19:37:44.102,1.40276,1.40366,1.16,1.94
2018.03.30 19:37:46.593,1.40275,1.40367,1.16,2.06
2018.03.30 19:37:46.747,1.40279,1.40364,1.16,1.12
2018.03.30 19:37:47.495,1.40278,1.40364,1.16,1.37
2018.03.30 19:37:47.702,1.4027,1.40365,1.16,1.00
2018.03.30 19:37:47.805,1.4027,1.40359,1.16,1.75
2018.03.30 19:37:48.114,1.40267,1.40349,1.41,1.37
2018.03.30 19:37:48.166,1.40266,1.40352,1.16,1.37
2018.03.30 19:37:48.425,1.40266,1.40352,1.16,1.62
2018.03.30 19:37:48.946,1.40263,1.40352,1.16,1.37
2018.03.30 19:37:49.374,1.40263,1.40352,1.16,1.37
2018.03.30 19:37:49.911,1.40263,1.40352,1.16,1.12
2018.03.30 19:37:49.962,1.40263,1.40355,1.16,1.37
2018.03.30 19:37:50.474,1.40263,1.40355,1.16,1.37
2018.03.30 19:37:50.690,1.40263,1.40355,1.16,1.00
2018.03.30 19:37:50.793,1.40271,1.40355,1.04,1.62
2018.03.30 19:37:51.599,1.40266,1.40355,1.16,1.25
2018.03.30 19:37:51.804,1.40271,1.40355,1.41,1.37
2018.03.30 19:37:52.344,1.40263,1.40355,1.16,1.37
2018.03.30 19:37:52.397,1.40263,1.40355,1.41,1.00
2018.03.30 19:37:52.501,1.4027,1.40355,1.79,1.62
2018.03.30 19:37:53.007,1.4027,1.40352,1.79,1.00
2018.03.30 19:37:53.347,1.40266,1.40352,1.16,1.37
2018.03.30 19:37:53.872,1.40265,1.40352,1.16,1.62
2018.03.30 19:37:54.427,1.40267,1.40352,1.16,1.37
2018.03.30 19:37:54.964,1.40262,1.40352,1.16,1.25
2018.03.30 19:37:55.224,1.40266,1.40352,1.16,1.37
2018.03.30 19:37:55.737,1.40267,1.40352,1.41,1.62
2018.03.30 19:37:56.274,1.40266,1.40352,1.16,1.37
2018.03.30 19:37:57.418,1.40267,1.40352,1.79,1.37
2018.03.30 19:37:57.576,1.40262,1.40353,1.79,1.12
2018.03.30 19:37:57.836,1.40258,1.40355,1.79,1.12
2018.03.30 19:37:57.940,1.40259,1.40355,1.79,1.37
2018.03.30 19:37:58.464,1.40264,1.40351,1.79,1.00
2018.03.30 19:37:59.748,1.40272,1.40355,1.04,1.12
2018.03.30 19:37:59.851,1.40272,1.40351,1.41,1.00
2018.03.30 19:38:00.439,1.40272,1.40359,1.41,1.12
2018.03.30 19:38:00.542,1.40272,1.40354,1.41,1.12
2018.03.30 19:38:00.876,1.40271,1.40353,1.41,1.12
2018.03.30 19:38:01.032,1.40265,1.40355,1.79,1.37
2018.03.30 19:38:01.085,1.40265,1.40355,1.79,1.12
2018.03.30 19:38:01.138,1.40268,1.40355,1.79,1.12
2018.03.30 19:38:01.344,1.40269,1.40357,1.79,1.12
2018.03.30 19:38:01.852,1.40269,1.40356,1.79,1.12
2018.03.30 19:38:03.882,1.40272,1.40356,1.16,1.37
2018.03.30 19:38:04.191,1.40262,1.40356,1.16,1.37
2018.03.30 19:38:04.705,1.40262,1.40356,1.16,1.37
2018.03.30 19:38:05.289,1.40262,1.40356,1.16,1.00
2018.03.30 19:38:05.614,1.4027,1.40356,1.04,1.37
2018.03.30 19:38:06.269,1.40268,1.40356,1.79,1.37
2018.03.30 19:38:06.964,1.40272,1.4036,1.16,1.12
2018.03.30 19:38:09.626,1.40313,1.4037,1.00,1.31
2018.03.30 19:38:09.886,1.40306,1.40411,1.12,2.06
2018.03.30 19:38:09.938,1.40321,1.40415,1.37,1.94
2018.03.30 19:38:10.252,1.40319,1.40413,1.12,1.60
2018.03.30 19:38:10.303,1.40318,1.40414,1.12,2.10
2018.03.30 19:38:10.789,1.40322,1.40414,1.12,1.60
2018.03.30 19:38:11.096,1.40335,1.4042,1.12,2.48
2018.03.30 19:38:11.148,1.40338,1.40414,1.00,1.60
2018.03.30 19:38:11.200,1.40339,1.40414,1.74,1.60
2018.03.30 19:38:11.407,1.40326,1.4041,1.37,1.31
2018.03.30 19:38:11.459,1.40326,1.40406,1.00,2.06
2018.03.30 19:38:11.512,1.40306,1.40391,1.74,1.37
2018.03.30 19:38:11.564,1.40313,1.40356,0.74,1.75
2018.03.30 19:38:11.616,1.40267,1.40349,1.41,1.12
2018.03.30 19:38:11.669,1.4026,1.40342,1.16,1.12
2018.03.30 19:38:12.012,1.40254,1.40333,1.41,1.12
2018.03.30 19:38:12.218,1.40257,1.40341,1.41,1.31
2018.03.30 19:38:12.874,1.40248,1.40339,1.16,1.87
2018.03.30 19:38:14.132,1.40248,1.40338,1.16,1.75
2018.03.30 19:38:14.650,1.40247,1.40335,1.16,1.12
2018.03.30 19:38:15.113,1.40251,1.40336,1.41,1.00
2018.03.30 19:38:15.423,1.40251,1.40338,1.41,1.12
2018.03.30 19:38:15.972,1.40251,1.4034,1.16,1.12
2018.03.30 19:38:16.486,1.40251,1.40341,1.16,1.75
2018.03.30 19:38:16.811,1.40251,1.40339,1.16,1.12
2018.03.30 19:38:16.863,1.40247,1.4034,1.16,1.12
2018.03.30 19:38:17.139,1.40251,1.4034,1.41,1.12
2018.03.30 19:38:17.293,1.40247,1.4034,1.16,1.75
2018.03.30 19:38:17.940,1.40251,1.40341,1.16,1.87
2018.03.30 19:38:18.457,1.4025,1.40335,1.16,1.00
2018.03.30 19:38:18.823,1.4025,1.40338,1.16,1.75
2018.03.30 19:38:18.927,1.40247,1.40338,1.16,1.75
2018.03.30 19:38:19.132,1.4025,1.40338,1.16,1.75
2018.03.30 19:38:19.646,1.4025,1.40338,1.16,1.75
2018.03.30 19:38:20.436,1.4025,1.40338,1.16,1.12
2018.03.30 19:38:22.481,1.40253,1.40335,1.12,1.00
2018.03.30 19:38:22.738,1.4025,1.40341,1.12,1.12
2018.03.30 19:38:22.892,1.40251,1.40339,1.12,1.12
2018.03.30 19:38:23.844,1.4025,1.40342,1.12,1.75
2018.03.30 19:38:23.947,1.4025,1.40342,1.75,1.75
2018.03.30 19:38:24.255,1.40252,1.4034,1.12,1.94
2018.03.30 19:38:25.988,1.40251,1.40339,1.12,1.12
2018.03.30 19:38:26.091,1.40247,1.40342,1.75,1.75
2018.03.30 19:38:26.196,1.40251,1.40339,1.37,1.12
2018.03.30 19:38:27.144,1.40247,1.40342,1.75,1.75
2018.03.30 19:38:27.249,1.40253,1.40342,1.37,1.87
2018.03.30 19:38:27.300,1.40253,1.40342,1.75,1.87
2018.03.30 19:38:28.089,1.40253,1.40343,1.12,1.75
2018.03.30 19:38:28.193,1.40253,1.40342,1.12,1.87
2018.03.30 19:38:28.629,1.40258,1.40343,1.00,1.12
2018.03.30 19:38:28.785,1.40253,1.40342,1.75,1.12
2018.03.30 19:38:29.402,1.40297,1.40342,0.22,1.12
2018.03.30 19:38:29.506,1.40253,1.40347,1.17,1.12
2018.03.30 19:38:38.255,1.40254,1.40345,1.17,1.00
2018.03.30 19:38:39.772,1.40254,1.40348,1.17,1.12
2018.03.30 19:38:40.284,1.40253,1.40345,1.17,1.00
2018.03.30 19:38:40.797,1.40254,1.40348,1.17,1.12
2018.03.30 19:38:41.531,1.40254,1.40348,1.17,1.12
2018.03.30 19:38:41.865,1.40253,1.40348,1.17,1.75
2018.03.30 19:38:42.903,1.40253,1.40337,1.17,1.12
2018.03.30 19:38:43.937,1.40251,1.40336,1.79,1.12
2018.03.30 19:38:44.271,1.40252,1.40344,1.17,1.12
2018.03.30 19:38:44.426,1.40254,1.40342,1.12,1.37
2018.03.30 19:38:45.261,1.40254,1.40342,1.12,1.12
2018.03.30 19:38:45.475,1.40264,1.40346,1.12,1.31
2018.03.30 19:38:45.939,1.40265,1.40346,1.12,1.19
2018.03.30 19:38:46.245,1.40268,1.40346,1.12,1.19
2018.03.30 19:38:46.347,1.40267,1.40346,1.12,1.00
2018.03.30 19:38:46.449,1.40275,1.40346,1.75,1.00
2018.03.30 19:38:46.500,1.40282,1.40375,1.12,1.60
2018.03.30 19:38:46.551,1.40282,1.40355,1.87,0.22
2018.03.30 19:38:46.865,1.40317,1.40354,1.37,0.22
2018.03.30 19:38:47.181,1.40334,1.40376,1.00,1.35
2018.03.30 19:38:47.738,1.4033,1.40375,1.12,1.35
2018.03.30 19:38:48.047,1.40329,1.40355,1.12,0.22
2018.03.30 19:38:48.099,1.40328,1.40355,1.12,0.22
2018.03.30 19:38:48.306,1.40324,1.40371,1.12,1.22
2018.03.30 19:38:51.560,1.40304,1.40354,1.12,0.22
2018.03.30 19:38:51.664,1.40304,1.40354,1.12,0.22
2018.03.30 19:38:53.548,1.40294,1.40355,1.12,0.22
2018.03.30 19:38:55.052,1.40318,1.40355,1.00,0.22
2018.03.30 19:38:55.361,1.40316,1.40355,1.12,0.22
2018.03.30 19:38:58.187,1.40319,1.40355,1.12,0.22
2018.03.30 19:38:58.500,1.40325,1.40365,1.37,1.35
2018.03.30 19:39:00.602,1.4032,1.40398,1.12,1.00
2018.03.30 19:39:01.106,1.40318,1.40403,1.37,1.31
2018.03.30 19:39:01.517,1.40318,1.40398,1.37,1.12
2018.03.30 19:39:03.226,1.4032,1.40399,1.00,1.31
2018.03.30 19:39:04.198,1.4032,1.404,1.37,1.31
2018.03.30 19:39:05.194,1.4032,1.40398,1.00,1.31
2018.03.30 19:39:05.246,1.40318,1.40398,1.12,1.31
2018.03.30 19:39:06.180,1.40318,1.40398,1.37,1.31
2018.03.30 19:39:07.223,1.40319,1.40392,1.00,1.12
2018.03.30 19:39:07.524,1.40319,1.40392,1.00,1.31
2018.03.30 19:39:08.166,1.40318,1.40377,1.00,1.12
2018.03.30 19:39:08.772,1.40318,1.40377,1.00,1.31
2018.03.30 19:39:10.084,1.40318,1.40362,1.00,1.94
2018.03.30 19:39:10.137,1.4028,1.40342,1.49,1.50
2018.03.30 19:39:10.190,1.40273,1.40329,1.12,1.75
2018.03.30 19:39:10.324,1.40245,1.40337,1.37,1.12
2018.03.30 19:39:10.638,1.40261,1.40337,1.37,1.31
2018.03.30 19:39:10.691,1.40256,1.40342,1.37,1.75
2018.03.30 19:39:10.744,1.40246,1.4034,1.75,1.31
2018.03.30 19:39:11.873,1.40247,1.40337,1.75,1.69
2018.03.30 19:39:12.421,1.40251,1.40337,1.12,2.06
2018.03.30 19:39:12.813,1.40252,1.40337,1.75,1.87
2018.03.30 19:39:13.122,1.40245,1.40316,1.37,1.12
2018.03.30 19:39:13.276,1.40269,1.40336,1.37,0.37
2018.03.30 19:39:13.329,1.40302,1.40336,1.37,0.37
2018.03.30 19:39:13.381,1.40325,1.40359,1.37,0.19
2018.03.30 19:39:13.435,1.40334,1.40377,1.12,1.31
2018.03.30 19:39:13.747,1.40332,1.40359,1.75,0.19
2018.03.30 19:39:13.799,1.40331,1.40359,1.00,0.19
2018.03.30 19:39:13.851,1.40308,1.40358,1.12,0.19
2018.03.30 19:39:13.954,1.40278,1.40352,1.12,1.75
2018.03.30 19:39:14.006,1.4028,1.40365,1.12,1.12
2018.03.30 19:39:14.112,1.4027,1.40355,2.24,1.37
2018.03.30 19:39:14.165,1.40265,1.40346,1.12,1.12
2018.03.30 19:39:14.218,1.40262,1.40343,1.12,1.12
2018.03.30 19:39:14.271,1.40245,1.40318,1.37,0.37
2018.03.30 19:39:14.378,1.40248,1.40347,1.87,1.12
2018.03.30 19:39:14.582,1.40251,1.40344,1.12,1.12
2018.03.30 19:39:14.634,1.40253,1.40349,1.75,1.12
2018.03.30 19:39:14.685,1.40256,1.40344,1.12,1.12
2018.03.30 19:39:14.736,1.40251,1.40345,1.12,1.75
2018.03.30 19:39:14.889,1.40247,1.40336,1.75,1.31
2018.03.30 19:39:15.195,1.40246,1.4033,1.12,1.00
2018.03.30 19:39:15.501,1.40245,1.40319,1.87,1.12
2018.03.30 19:39:15.552,1.40253,1.40345,1.12,1.12
2018.03.30 19:39:16.089,1.40262,1.40348,1.00,1.12
2018.03.30 19:39:16.603,1.40252,1.40343,1.12,1.12
2018.03.30 19:39:16.655,1.40252,1.40346,1.12,1.75
2018.03.30 19:39:16.758,1.40252,1.40342,1.12,1.94
2018.03.30 19:39:17.015,1.40247,1.40341,1.75,1.94
2018.03.30 19:39:17.220,1.4025,1.40341,1.12,1.87
2018.03.30 19:39:17.733,1.40247,1.40339,1.12,1.94
2018.03.30 19:39:18.287,1.4025,1.40333,1.12,1.00
2018.03.30 19:39:18.552,1.4025,1.40333,1.12,1.00
2018.03.30 19:39:18.708,1.4025,1.40333,1.12,1.00
2018.03.30 19:39:19.451,1.40253,1.40333,1.12,1.00
2018.03.30 19:39:19.709,1.4025,1.40333,1.12,1.00
2018.03.30 19:39:20.192,1.40254,1.40337,1.12,1.00
2018.03.30 19:39:20.764,1.40254,1.40337,1.12,1.00
2018.03.30 19:39:20.868,1.40253,1.40337,1.12,1.00
2018.03.30 19:39:21.182,1.40285,1.40346,0.19,1.12
2018.03.30 19:39:21.491,1.40324,1.40359,1.00,0.19
2018.03.30 19:39:21.543,1.40318,1.40359,1.00,0.19
2018.03.30 19:39:21.595,1.40332,1.40359,2.25,0.19
2018.03.30 19:39:21.647,1.40332,1.40359,2.25,0.19
2018.03.30 19:39:21.698,1.40332,1.40358,1.12,0.19
2018.03.30 19:39:22.262,1.40337,1.40359,1.12,0.19
2018.03.30 19:39:23.645,1.40317,1.40358,1.12,0.19
2018.03.30 19:39:23.750,1.40314,1.40358,1.12,0.19
2018.03.30 19:39:24.933,1.40299,1.40359,1.12,0.19
2018.03.30 19:39:25.548,1.403,1.40358,1.12,0.19
2018.03.30 19:39:29.373,1.40294,1.40377,1.12,1.12
2018.03.30 19:39:29.476,1.40294,1.40358,1.12,0.19
2018.03.30 19:39:29.849,1.4034,1.40358,1.00,0.19
2018.03.30 19:39:30.668,1.40337,1.40358,1.00,0.19
2018.03.30 19:39:31.550,1.40339,1.40358,1.00,0.19
2018.03.30 19:39:32.022,1.40301,1.40358,1.12,0.19
2018.03.30 19:39:32.539,1.40296,1.40358,1.12,0.19
2018.03.30 19:39:32.874,1.403,1.40379,1.00,1.31
2018.03.30 19:39:34.409,1.40292,1.40363,1.12,1.50
2018.03.30 19:39:34.463,1.40292,1.40363,1.75,1.12
2018.03.30 19:39:34.567,1.40281,1.40366,1.94,1.12
2018.03.30 19:39:34.619,1.4028,1.40366,2.06,1.12
2018.03.30 19:39:34.672,1.40289,1.40368,1.12,1.12
2018.03.30 19:39:34.880,1.40279,1.40365,1.94,1.37
2018.03.30 19:39:37.003,1.40275,1.40362,1.31,1.56
2018.03.30 19:39:37.696,1.40274,1.40367,1.31,2.19
2018.03.30 19:39:38.384,1.40282,1.40371,1.31,1.94
2018.03.30 19:39:38.922,1.4028,1.40373,1.12,1.94
2018.03.30 19:39:40.819,1.40284,1.40375,1.37,2.25
2018.03.30 19:39:42.251,1.40275,1.40375,1.31,1.12
2018.03.30 19:39:58.340,1.40294,1.40359,1.12,0.19
2018.03.30 19:39:58.803,1.40292,1.40359,1.75,0.19
2018.03.30 19:39:58.907,1.40296,1.40359,1.12,0.19
2018.03.30 19:39:59.413,1.40282,1.40353,1.31,1.56
2018.03.30 19:40:00.102,1.40273,1.40353,1.56,1.69
2018.03.30 19:40:00.238,1.40273,1.40353,1.69,1.12
2018.03.30 19:40:00.760,1.40279,1.40372,1.56,1.75
2018.03.30 19:40:05.760,1.40297,1.40375,1.12,2.19
2018.03.30 19:40:06.069,1.40309,1.40359,1.75,0.19
2018.03.30 19:40:06.891,1.40301,1.40359,1.75,0.19
2018.03.30 19:40:06.995,1.40299,1.40358,1.12,0.19
2018.03.30 19:40:08.264,1.40294,1.40359,1.12,0.19
2018.03.30 19:40:08.368,1.40294,1.40359,1.12,0.19
2018.03.30 19:40:09.087,1.40297,1.40359,1.12,0.19
2018.03.30 19:40:09.401,1.403,1.40359,1.12,0.19
2018.03.30 19:40:10.395,1.40302,1.40359,1.37,0.19
2018.03.30 19:40:10.447,1.403,1.40359,1.12,0.19
2018.03.30 19:40:10.499,1.403,1.40358,1.12,0.19
2018.03.30 19:40:12.097,1.40298,1.40358,1.12,0.19
2018.03.30 19:40:14.718,1.40297,1.40359,1.12,0.19
2018.03.30 19:40:15.832,1.40296,1.40359,1.37,0.19
2018.03.30 19:40:16.038,1.403,1.40359,1.12,0.19
2018.03.30 19:40:16.350,1.40323,1.40359,1.12,0.19
2018.03.30 19:40:16.629,1.40306,1.40359,1.75,0.19
2018.03.30 19:40:16.835,1.40312,1.40359,1.75,0.19
2018.03.30 19:40:17.144,1.40313,1.40359,1.12,0.19
2018.03.30 19:40:17.201,1.40315,1.40359,1.00,0.19
2018.03.30 19:40:17.253,1.40293,1.40375,1.12,1.56
2018.03.30 19:40:17.356,1.40284,1.40376,1.75,1.56
2018.03.30 19:40:17.522,1.40293,1.40379,1.75,1.94
2018.03.30 19:40:18.244,1.40285,1.40369,1.75,1.56
2018.03.30 19:40:18.296,1.40285,1.40366,1.75,1.31
2018.03.30 19:40:19.379,1.40283,1.40365,1.75,1.69
2018.03.30 19:40:19.688,1.40282,1.40358,1.37,1.12
2018.03.30 19:40:20.634,1.40274,1.40357,2.25,1.12
2018.03.30 19:40:21.177,1.40275,1.40357,1.12,1.12
2018.03.30 19:40:22.192,1.40275,1.40356,1.12,1.12
2018.03.30 19:40:23.486,1.40275,1.40356,1.75,1.12
2018.03.30 19:40:24.212,1.40277,1.40351,1.12,1.37
2018.03.30 19:40:24.264,1.40277,1.40351,1.12,1.12
2018.03.30 19:40:24.572,1.40278,1.40361,1.12,1.12
2018.03.30 19:40:25.861,1.40275,1.4036,1.75,1.12
2018.03.30 19:40:26.603,1.40275,1.4036,1.75,1.12
2018.03.30 19:40:26.707,1.40275,1.4036,1.75,1.87
2018.03.30 19:40:27.674,1.40277,1.4036,1.12,1.87
2018.03.30 19:40:28.922,1.40275,1.40357,1.12,1.00
2018.03.30 19:40:29.025,1.40275,1.40357,1.12,1.37
2018.03.30 19:40:30.041,1.40276,1.40356,1.75,1.05
2018.03.30 19:40:30.531,1.40281,1.4035,1.12,1.00
2018.03.30 19:40:31.110,1.4028,1.40353,1.12,2.00
2018.03.30 19:40:33.064,1.40281,1.40348,1.12,1.12
2018.03.30 19:40:34.074,1.40281,1.40348,1.12,1.75
2018.03.30 19:40:36.090,1.4028,1.40346,1.12,1.31
2018.03.30 19:40:37.749,1.40292,1.40347,1.00,1.12
2018.03.30 19:40:37.956,1.40298,1.40353,1.37,1.80
2018.03.30 19:40:38.162,1.40297,1.40363,1.50,1.24
2018.03.30 19:40:39.142,1.40297,1.40362,1.50,1.24
2018.03.30 19:40:39.816,1.40297,1.40367,1.37,1.24
2018.03.30 19:40:40.036,1.40298,1.40366,1.37,1.12
2018.03.30 19:40:40.088,1.40298,1.40372,1.12,1.74
2018.03.30 19:40:40.140,1.40298,1.40374,1.00,1.12
2018.03.30 19:40:40.868,1.40298,1.40376,1.75,1.12
2018.03.30 19:40:40.971,1.40297,1.40376,1.87,1.12
2018.03.30 19:40:41.911,1.40297,1.40376,1.00,1.12
2018.03.30 19:40:41.963,1.40297,1.40376,1.37,1.12
2018.03.30 19:40:43.837,1.40297,1.40372,1.37,1.00
2018.03.30 19:40:44.446,1.40297,1.40372,1.00,1.12
2018.03.30 19:40:44.754,1.40297,1.4037,1.37,2.62
2018.03.30 19:40:45.712,1.40297,1.40366,1.37,1.12
2018.03.30 19:40:46.722,1.40298,1.40364,1.75,1.31
2018.03.30 19:40:47.735,1.40297,1.4036,1.75,1.75
2018.03.30 19:40:48.754,1.40297,1.40358,1.50,1.31
2018.03.30 19:40:49.763,1.40297,1.40355,1.12,1.31
2018.03.30 19:40:50.792,1.40297,1.40351,1.00,1.75
2018.03.30 19:40:51.378,1.40298,1.40351,1.00,2.00
2018.03.30 19:40:51.914,1.40297,1.40346,1.00,1.00
2018.03.30 19:40:52.784,1.40297,1.40349,1.00,1.12
2018.03.30 19:40:53.468,1.40297,1.40345,1.00,1.12
2018.03.30 19:40:53.520,1.4027,1.40332,1.37,1.37
2018.03.30 19:40:53.572,1.40267,1.40327,1.00,1.37
2018.03.30 19:40:53.625,1.4025,1.40313,1.12,1.12
2018.03.30 19:40:53.832,1.40259,1.40343,2.44,1.12
2018.03.30 19:40:53.884,1.40259,1.40347,1.50,1.12
2018.03.30 19:40:54.359,1.40258,1.40348,1.12,1.75
2018.03.30 19:40:54.411,1.40264,1.40354,1.37,1.12
2018.03.30 19:40:54.463,1.40268,1.40355,1.12,1.87
2018.03.30 19:40:54.515,1.40265,1.40355,1.87,1.75
2018.03.30 19:40:54.567,1.40265,1.40355,1.00,1.75
2018.03.30 19:40:54.670,1.40262,1.40352,1.75,1.12
2018.03.30 19:40:55.017,1.40262,1.40352,1.75,1.12
2018.03.30 19:40:55.550,1.40264,1.40353,1.12,1.31
2018.03.30 19:40:56.002,1.40265,1.40354,1.37,1.12
2018.03.30 19:40:56.114,1.40265,1.40349,1.37,1.87
2018.03.30 19:40:56.837,1.40264,1.40349,1.12,1.87
2018.03.30 19:40:57.400,1.40263,1.40349,1.12,1.87
2018.03.30 19:40:57.940,1.40263,1.40349,1.12,1.50
2018.03.30 19:40:58.235,1.40264,1.40349,1.12,1.87
2018.03.30 19:40:58.287,1.40263,1.40347,1.37,1.50
2018.03.30 19:40:58.441,1.40263,1.40347,1.37,1.87
2018.03.30 19:40:59.014,1.40261,1.40347,1.12,1.50
2018.03.30 19:40:59.116,1.40261,1.40347,1.12,1.87
2018.03.30 19:40:59.167,1.40261,1.40349,1.12,1.75
2018.03.30 19:40:59.218,1.40263,1.40349,1.00,1.75
2018.03.30 19:40:59.421,1.40262,1.40347,1.12,1.37
2018.03.30 19:41:01.687,1.4026,1.40347,1.75,1.12
2018.03.30 19:41:02.202,1.40264,1.40349,1.00,1.75
2018.03.30 19:41:02.829,1.40263,1.4035,1.12,1.87
2018.03.30 19:41:03.357,1.40263,1.4035,1.37,1.87
2018.03.30 19:41:03.900,1.40263,1.4035,1.00,2.25
2018.03.30 19:41:04.640,1.40259,1.40346,1.12,1.50
2018.03.30 19:41:04.693,1.4026,1.40346,1.12,1.75
2018.03.30 19:41:05.208,1.4026,1.40347,1.00,1.12
2018.03.30 19:41:05.723,1.4026,1.40347,1.12,2.06
2018.03.30 19:41:06.244,1.40259,1.40347,1.12,1.87
2018.03.30 19:41:06.793,1.4026,1.40347,1.12,1.87
2018.03.30 19:41:06.999,1.40296,1.40343,0.19,1.12
2018.03.30 19:41:07.564,1.40271,1.40353,1.32,1.12
2018.03.30 19:41:07.616,1.40296,1.40353,0.19,1.12
2018.03.30 19:41:08.130,1.40281,1.40353,1.19,1.12
2018.03.30 19:41:08.390,1.40277,1.40353,1.32,1.12
2018.03.30 19:41:09.414,1.40276,1.40353,1.32,1.12
2018.03.30 19:41:09.466,1.40277,1.40353,1.32,1.12
2018.03.30 19:41:09.519,1.40296,1.40356,0.19,1.12
2018.03.30 19:41:09.573,1.40281,1.40356,1.19,1.12
2018.03.30 19:41:10.192,1.40278,1.40356,1.32,1.12
2018.03.30 19:41:10.244,1.40278,1.40356,1.32,1.12
2018.03.30 19:41:11.023,1.40282,1.40356,1.19,1.12
2018.03.30 19:41:11.539,1.40282,1.40356,1.19,1.12
2018.03.30 19:41:11.746,1.40281,1.40356,1.19,1.12
2018.03.30 19:41:12.315,1.40277,1.4036,1.32,1.12
2018.03.30 19:41:12.523,1.40276,1.4036,1.32,1.12
2018.03.30 19:41:12.783,1.40278,1.40358,1.32,1.31
2018.03.30 19:41:13.101,1.40296,1.40356,0.19,1.62
2018.03.30 19:41:13.627,1.40278,1.40351,1.32,1.12
2018.03.30 19:41:14.308,1.40277,1.40352,1.32,1.12
2018.03.30 19:41:14.821,1.40297,1.40352,0.19,1.12
2018.03.30 19:41:15.497,1.40297,1.40353,0.19,1.12
2018.03.30 19:41:15.703,1.40297,1.40355,0.19,1.31
2018.03.30 19:41:16.217,1.40276,1.40355,1.32,1.31
2018.03.30 19:41:16.947,1.40276,1.40355,1.32,2.00
2018.03.30 19:41:17.154,1.40276,1.40355,1.32,1.12
2018.03.30 19:41:17.665,1.40277,1.40352,1.32,1.12
2018.03.30 19:41:18.167,1.40277,1.40352,1.32,1.12
2018.03.30 19:41:18.710,1.40276,1.40352,1.32,1.12
2018.03.30 19:41:19.029,1.40277,1.40341,1.32,2.06
2018.03.30 19:41:19.081,1.40276,1.40341,1.32,1.94
2018.03.30 19:41:19.206,1.40297,1.40341,0.19,2.06
2018.03.30 19:41:19.516,1.40275,1.4034,1.32,1.94
2018.03.30 19:41:20.391,1.40297,1.4034,0.19,1.50
2018.03.30 19:41:20.444,1.40297,1.4034,0.19,1.50
2018.03.30 19:41:20.547,1.40277,1.40352,1.32,1.12
2018.03.30 19:41:21.854,1.40278,1.40352,1.32,1.12
2018.03.30 19:41:22.325,1.40297,1.40355,0.19,1.12
2018.03.30 19:41:22.377,1.40297,1.40355,0.19,1.12
2018.03.30 19:41:22.701,1.40275,1.40355,1.32,1.12
2018.03.30 19:41:22.904,1.40275,1.40355,1.32,1.12
2018.03.30 19:41:23.572,1.40276,1.40355,1.32,1.12
2018.03.30 19:41:24.066,1.4028,1.40355,1.32,1.12
2018.03.30 19:41:24.118,1.4028,1.40355,1.32,1.12
2018.03.30 19:41:24.634,1.40284,1.40355,1.19,1.12
2018.03.30 19:41:25.156,1.4028,1.40355,1.32,1.12
2018.03.30 19:41:25.698,1.40279,1.40355,1.32,1.12
2018.03.30 19:41:26.216,1.40281,1.40355,1.32,1.12
2018.03.30 19:41:26.319,1.40281,1.40355,1.32,1.12
2018.03.30 19:41:26.760,1.40281,1.40355,1.32,1.12
2018.03.30 19:41:27.292,1.40283,1.40356,1.32,1.12
2018.03.30 19:41:27.446,1.40283,1.40356,1.32,1.12
2018.03.30 19:41:27.958,1.40281,1.40357,1.32,1.12
2018.03.30 19:41:28.071,1.40282,1.40357,1.32,1.12
2018.03.30 19:41:28.225,1.40282,1.40357,1.32,1.12
2018.03.30 19:41:28.771,1.40285,1.40357,1.19,1.12
2018.03.30 19:41:31.248,1.40284,1.40359,1.19,1.12
2018.03.30 19:41:31.300,1.40281,1.40359,1.32,1.12
2018.03.30 19:41:31.404,1.4028,1.40359,1.32,1.12
2018.03.30 19:41:32.375,1.40281,1.40359,1.32,1.12
2018.03.30 19:41:32.890,1.40284,1.40359,1.19,1.12
2018.03.30 19:41:34.168,1.40282,1.40359,1.32,1.12
2018.03.30 19:41:35.394,1.40285,1.40356,1.19,1.12
2018.03.30 19:41:35.447,1.40281,1.40356,1.32,1.12
2018.03.30 19:41:35.990,1.40281,1.40356,1.32,1.12
2018.03.30 19:41:36.538,1.40286,1.40356,1.19,1.12
2018.03.30 19:41:37.109,1.40281,1.40356,1.32,1.12
2018.03.30 19:41:37.531,1.40297,1.40355,0.19,1.75
2018.03.30 19:41:37.583,1.40266,1.40353,1.50,1.12
2018.03.30 19:41:37.789,1.40266,1.40353,1.00,1.12
2018.03.30 19:41:37.841,1.40264,1.40353,1.12,1.12
2018.03.30 19:41:38.198,1.40266,1.40353,1.00,1.12
2018.03.30 19:41:38.713,1.40264,1.40353,1.12,1.12
2018.03.30 19:41:39.122,1.40266,1.40353,1.00,1.12
2018.03.30 19:41:39.269,1.40268,1.40355,1.00,1.12
2018.03.30 19:41:39.630,1.40267,1.40355,1.75,1.12
2018.03.30 19:41:39.733,1.40267,1.40355,1.75,1.12
2018.03.30 19:41:39.785,1.40267,1.40355,1.75,1.12
2018.03.30 19:41:40.290,1.40265,1.40355,1.75,1.12
2018.03.30 19:41:40.393,1.40265,1.40355,1.75,1.12
2018.03.30 19:41:40.599,1.40265,1.40351,1.00,1.31
2018.03.30 19:41:40.805,1.40264,1.4035,1.37,1.31
2018.03.30 19:41:40.857,1.40265,1.40351,1.00,1.75
2018.03.30 19:41:40.908,1.40264,1.40351,1.37,1.75
2018.03.30 19:41:41.062,1.40262,1.40352,1.12,1.12
2018.03.30 19:41:41.410,1.40262,1.40348,1.12,1.31
2018.03.30 19:41:41.618,1.40257,1.40343,1.12,1.12
2018.03.30 19:41:42.472,1.40256,1.40343,2.06,1.12
2018.03.30 19:41:42.994,1.40256,1.40343,2.06,1.12
2018.03.30 19:41:43.213,1.40259,1.40343,1.00,1.12
2018.03.30 19:41:43.265,1.40256,1.40343,1.12,1.12
2018.03.30 19:41:43.617,1.40256,1.40343,1.12,1.12
2018.03.30 19:41:44.157,1.40259,1.40343,1.00,1.12
2018.03.30 19:41:44.460,1.40259,1.40343,1.75,1.12
2018.03.30 19:41:44.762,1.40258,1.40335,1.12,1.56
2018.03.30 19:41:45.070,1.40254,1.40335,1.75,1.31
2018.03.30 19:41:45.122,1.40254,1.40338,1.75,1.12
2018.03.30 19:41:45.691,1.40254,1.40338,1.12,1.12
2018.03.30 19:41:46.316,1.40254,1.40338,1.12,1.12
2018.03.30 19:41:46.522,1.40254,1.40335,1.12,1.37
2018.03.30 19:41:46.733,1.40253,1.40335,3.56,1.31
2018.03.30 19:41:47.674,1.40257,1.40334,1.37,1.31
2018.03.30 19:41:48.459,1.40254,1.40334,1.12,1.31
2018.03.30 19:41:48.650,1.40253,1.40333,3.00,1.12
2018.03.30 19:41:49.669,1.40254,1.40334,1.50,2.06
2018.03.30 19:41:49.721,1.40254,1.40334,1.75,2.06
2018.03.30 19:41:50.141,1.40253,1.40336,1.12,1.12
2018.03.30 19:41:50.244,1.40253,1.40336,1.12,1.31
2018.03.30 19:41:51.015,1.40253,1.40339,1.37,1.31
2018.03.30 19:41:51.515,1.40253,1.40339,1.12,1.31
2018.03.30 19:41:51.567,1.40253,1.40339,1.37,1.12
2018.03.30 19:41:52.573,1.40253,1.40339,1.37,1.12
2018.03.30 19:41:52.677,1.40253,1.40336,1.12,1.31
2018.03.30 19:41:53.406,1.40254,1.40339,1.12,1.12
2018.03.30 19:41:53.509,1.40254,1.40335,1.12,1.56
2018.03.30 19:41:53.614,1.40254,1.40339,1.12,1.12
2018.03.30 19:41:54.538,1.40252,1.40336,1.75,1.12
2018.03.30 19:41:55.539,1.40253,1.40336,1.00,1.12
2018.03.30 19:41:55.745,1.40253,1.40335,1.00,1.12
2018.03.30 19:41:55.798,1.40249,1.40335,1.12,1.12
2018.03.30 19:41:56.107,1.40253,1.40335,1.37,1.31
2018.03.30 19:41:56.454,1.40254,1.40335,1.00,1.56
2018.03.30 19:41:56.722,1.40253,1.40335,1.37,1.37
2018.03.30 19:41:57.390,1.40253,1.40335,1.12,1.31
2018.03.30 19:41:57.939,1.40253,1.40338,1.37,1.12
2018.03.30 19:41:58.643,1.40253,1.40338,1.50,1.12
2018.03.30 19:41:59.144,1.40254,1.40338,1.00,1.12
2018.03.30 19:41:59.652,1.40253,1.40338,1.12,1.12
2018.03.30 19:41:59.969,1.40253,1.40335,1.37,1.56
2018.03.30 19:42:00.021,1.40252,1.40335,1.37,1.31
2018.03.30 19:42:00.540,1.4025,1.40334,1.75,1.31
2018.03.30 19:42:00.929,1.40253,1.40336,1.12,1.69
2018.03.30 19:42:01.439,1.40254,1.40335,1.75,1.37
2018.03.30 19:42:01.964,1.40255,1.40335,1.12,1.37
2018.03.30 19:42:02.497,1.40253,1.40335,1.12,1.12
2018.03.30 19:42:03.145,1.40253,1.40335,1.37,1.12
2018.03.30 19:42:03.197,1.40253,1.40338,1.12,1.87
2018.03.30 19:42:03.440,1.40252,1.40336,1.75,2.00
2018.03.30 19:42:03.971,1.40252,1.40337,1.75,1.31
2018.03.30 19:42:04.270,1.40253,1.40337,1.37,1.31
2018.03.30 19:42:04.801,1.40253,1.40337,1.12,1.31
2018.03.30 19:42:05.088,1.40252,1.40335,1.12,1.37
2018.03.30 19:42:05.345,1.40259,1.40337,1.12,1.69
2018.03.30 19:42:05.679,1.40261,1.40337,1.12,1.69
2018.03.30 19:42:06.205,1.40261,1.40337,1.12,1.69
2018.03.30 19:42:06.632,1.4026,1.40337,1.12,1.37
2018.03.30 19:42:06.839,1.40259,1.40337,1.87,1.00
2018.03.30 19:42:07.521,1.4026,1.40337,1.12,1.12
2018.03.30 19:42:07.926,1.4026,1.40337,1.12,1.56
2018.03.30 19:42:08.439,1.40261,1.40337,1.12,1.56
2018.03.30 19:42:08.897,1.40261,1.40337,1.75,1.69
2018.03.30 19:42:10.213,1.40262,1.40337,1.12,1.56
2018.03.30 19:42:10.737,1.40261,1.40337,1.12,1.37
2018.03.30 19:42:11.465,1.40261,1.40337,1.12,1.12
2018.03.30 19:42:11.568,1.40262,1.40337,1.12,1.69
2018.03.30 19:42:11.817,1.40262,1.40337,1.12,1.12
2018.03.30 19:42:12.117,1.40262,1.40337,1.12,1.56
2018.03.30 19:42:12.169,1.40261,1.40337,1.12,1.37
2018.03.30 19:42:13.395,1.40263,1.40337,1.00,1.12
2018.03.30 19:42:13.447,1.40263,1.40337,1.00,1.69
2018.03.30 19:42:13.932,1.40261,1.40337,1.12,1.00
2018.03.30 19:42:14.344,1.40263,1.40337,1.00,1.69
2018.03.30 19:42:14.557,1.40263,1.40337,1.00,1.12
2018.03.30 19:42:14.711,1.40263,1.40337,1.00,1.69
2018.03.30 19:42:15.340,1.40262,1.40337,1.37,1.37
2018.03.30 19:42:16.492,1.40262,1.40337,1.12,1.56
2018.03.30 19:42:16.827,1.40265,1.40338,1.37,1.69
2018.03.30 19:42:17.136,1.40265,1.40338,1.12,1.12
2018.03.30 19:42:17.368,1.40265,1.40338,1.12,1.12
2018.03.30 19:42:17.836,1.40266,1.40338,1.12,1.69
2018.03.30 19:42:18.042,1.40266,1.40338,1.12,1.37
2018.03.30 19:42:18.174,1.40266,1.40338,1.00,1.37
2018.03.30 19:42:18.496,1.40264,1.40338,1.12,1.69
2018.03.30 19:42:19.229,1.4027,1.40338,1.00,1.69
2018.03.30 19:42:19.538,1.4027,1.40338,1.50,1.56
2018.03.30 19:42:19.642,1.40266,1.40338,1.37,1.00
2018.03.30 19:42:19.746,1.40266,1.40338,1.75,1.69
2018.03.30 19:42:20.058,1.40267,1.40338,1.37,1.12
2018.03.30 19:42:20.276,1.40266,1.40338,1.75,1.31
2018.03.30 19:42:20.713,1.40266,1.40338,1.75,1.69
2018.03.30 19:42:20.929,1.40269,1.40338,1.00,1.56
2018.03.30 19:42:21.187,1.40263,1.40337,1.12,1.00
2018.03.30 19:42:21.548,1.40266,1.40337,1.12,1.00
2018.03.30 19:42:22.067,1.40297,1.40337,0.12,1.00
2018.03.30 19:42:24.582,1.40266,1.40338,1.50,1.00
2018.03.30 19:42:25.196,1.40265,1.40338,1.37,1.00
2018.03.30 19:42:25.247,1.40265,1.40338,1.75,1.00
2018.03.30 19:42:25.402,1.40265,1.40338,1.37,1.00
2018.03.30 19:42:25.659,1.40265,1.40338,1.75,1.00
2018.03.30 19:42:26.016,1.40264,1.40338,1.12,1.00
2018.03.30 19:42:26.068,1.40265,1.40338,1.12,1.00
2018.03.30 19:42:26.477,1.40269,1.40342,1.50,1.37
2018.03.30 19:42:27.024,1.40269,1.40342,1.37,1.37
2018.03.30 19:42:27.394,1.40269,1.40342,1.12,1.00
2018.03.30 19:42:27.497,1.40269,1.40342,1.37,1.12
2018.03.30 19:42:27.767,1.40269,1.40342,1.37,1.37
2018.03.30 19:42:27.819,1.40268,1.40342,2.25,1.00
2018.03.30 19:42:28.039,1.40268,1.40342,2.25,1.37
2018.03.30 19:42:28.590,1.40268,1.40342,1.87,1.00
2018.03.30 19:42:28.642,1.40268,1.40342,1.87,1.37
2018.03.30 19:42:28.865,1.40268,1.40342,1.87,1.00
2018.03.30 19:42:29.020,1.40269,1.40342,1.37,1.12
2018.03.30 19:42:29.697,1.40269,1.40342,1.37,1.37
2018.03.30 19:42:30.251,1.40268,1.40342,1.87,1.00
2018.03.30 19:42:30.406,1.40269,1.40342,1.37,1.12
2018.03.30 19:42:30.942,1.40268,1.40342,1.50,1.00
2018.03.30 19:42:31.136,1.40268,1.40342,2.25,1.00
2018.03.30 19:42:31.645,1.40268,1.40342,1.50,1.00
2018.03.30 19:42:32.158,1.40268,1.40342,1.87,1.37
2018.03.30 19:42:32.838,1.40268,1.40342,1.87,1.00
2018.03.30 19:42:33.414,1.40268,1.40342,1.87,1.37
2018.03.30 19:42:34.340,1.40269,1.40342,1.37,1.00
2018.03.30 19:42:34.801,1.40268,1.40342,1.87,1.37
2018.03.30 19:42:35.416,1.40282,1.40361,1.24,1.87
2018.03.30 19:42:35.520,1.40282,1.40357,1.49,1.00
2018.03.30 19:42:35.726,1.40286,1.40365,1.49,1.00
2018.03.30 19:42:35.829,1.40286,1.40371,1.49,1.12
2018.03.30 19:42:36.937,1.40292,1.40375,1.49,1.00
2018.03.30 19:42:37.272,1.40292,1.40378,1.12,1.00
2018.03.30 19:42:38.238,1.40296,1.40379,1.49,1.00
2018.03.30 19:42:38.751,1.403,1.40391,1.37,1.12
2018.03.30 19:42:38.854,1.403,1.40385,1.37,1.00
2018.03.30 19:42:40.370,1.403,1.40385,1.37,1.00
2018.03.30 19:42:41.688,1.403,1.40385,1.37,1.00
2018.03.30 19:42:43.748,1.403,1.40385,1.37,1.12
2018.03.30 19:42:44.761,1.40303,1.40385,1.75,1.37
2018.03.30 19:42:44.915,1.40303,1.40385,1.75,1.00
2018.03.30 19:42:45.070,1.40304,1.40394,1.37,1.12
2018.03.30 19:42:45.122,1.40305,1.40394,1.37,1.12
2018.03.30 19:42:45.174,1.40305,1.40391,1.37,1.12
2018.03.30 19:42:46.266,1.40305,1.40391,1.37,1.12
2018.03.30 19:42:47.105,1.40307,1.40391,1.75,1.00
2018.03.30 19:42:47.418,1.40307,1.40393,1.75,1.00
2018.03.30 19:42:47.522,1.40319,1.40393,1.37,1.00
2018.03.30 19:42:47.625,1.40319,1.40397,1.75,1.00
2018.03.30 19:42:47.780,1.4032,1.40404,1.50,1.00
2018.03.30 19:42:49.934,1.4032,1.40404,1.50,1.00
2018.03.30 19:42:50.467,1.4032,1.40404,1.50,1.00
2018.03.30 19:42:51.489,1.4032,1.40404,1.50,1.00
2018.03.30 19:42:54.687,1.40331,1.40404,1.37,1.00
2018.03.30 19:42:54.739,1.40332,1.40414,1.50,2.06
2018.03.30 19:42:54.791,1.40332,1.40414,1.50,2.06
2018.03.30 19:42:54.962,1.40324,1.40413,1.12,1.94
2018.03.30 19:42:55.717,1.40327,1.40414,1.00,1.12
2018.03.30 19:42:56.768,1.40324,1.40414,1.87,2.06
2018.03.30 19:42:58.236,1.40327,1.40413,1.50,1.94
2018.03.30 19:42:58.561,1.40327,1.40414,1.50,2.06
2018.03.30 19:43:00.002,1.40327,1.40414,1.75,2.06
2018.03.30 19:43:01.002,1.40327,1.40414,1.75,2.44
2018.03.30 19:43:01.514,1.40329,1.40413,1.00,1.94
2018.03.30 19:43:01.566,1.40327,1.40413,1.12,1.94
2018.03.30 19:43:01.905,1.40321,1.40412,1.75,1.31
2018.03.30 19:43:02.008,1.40323,1.40406,1.37,1.12
2018.03.30 19:43:02.754,1.40323,1.40406,1.75,1.12
2018.03.30 19:43:03.269,1.40323,1.40409,1.75,1.31
2018.03.30 19:43:03.835,1.40323,1.40406,1.75,1.12
2018.03.30 19:43:04.042,1.40323,1.40406,1.37,1.37
2018.03.30 19:43:04.094,1.40323,1.40408,1.37,1.12
2018.03.30 19:43:04.705,1.40322,1.40405,1.75,1.00
2018.03.30 19:43:05.304,1.40322,1.40409,1.37,1.94
2018.03.30 19:43:05.819,1.40322,1.40409,1.00,1.31
2018.03.30 19:43:06.413,1.40319,1.40409,1.75,1.37
2018.03.30 19:43:06.926,1.40319,1.40409,1.75,1.12
2018.03.30 19:43:06.978,1.40319,1.40409,1.75,1.12
2018.03.30 19:43:07.203,1.40319,1.40409,1.75,1.12
2018.03.30 19:43:07.254,1.40322,1.40409,1.00,1.12
2018.03.30 19:43:07.508,1.40319,1.40409,1.75,1.12
2018.03.30 19:43:07.610,1.40319,1.40409,1.75,1.12
2018.03.30 19:43:10.732,1.40315,1.40395,2.62,1.00
2018.03.30 19:43:11.748,1.40315,1.40402,1.87,1.75
2018.03.30 19:43:12.755,1.40315,1.40402,1.75,1.12
2018.03.30 19:43:14.724,1.40318,1.40402,1.12,1.12
2018.03.30 19:43:14.776,1.40318,1.40401,1.75,1.12
2018.03.30 19:43:16.751,1.40316,1.40398,1.12,1.12
2018.03.30 19:43:17.707,1.40315,1.40396,2.25,1.50
2018.03.30 19:43:17.759,1.40315,1.40396,1.12,1.75
2018.03.30 19:43:19.049,1.4031,1.40397,2.25,1.12
2018.03.30 19:43:19.101,1.4031,1.40402,1.50,1.12
2018.03.30 19:43:19.153,1.4031,1.40396,1.50,1.12
2018.03.30 19:43:19.205,1.40305,1.40396,1.12,1.87
2018.03.30 19:43:19.513,1.40296,1.40378,1.24,1.00
2018.03.30 19:43:19.821,1.4029,1.40356,1.87,0.19
2018.03.30 19:43:20.626,1.40294,1.40356,1.24,0.19
2018.03.30 19:43:21.814,1.40297,1.40356,1.87,0.19
2018.03.30 19:43:21.917,1.40296,1.40356,1.87,0.19
2018.03.30 19:43:22.226,1.40296,1.40356,1.24,0.19
2018.03.30 19:43:23.213,1.40293,1.40356,1.24,0.19
2018.03.30 19:43:26.462,1.40297,1.40356,1.49,0.19
2018.03.30 19:43:26.773,1.40301,1.40356,1.12,0.19
2018.03.30 19:43:27.667,1.40303,1.40356,1.75,0.19
2018.03.30 19:43:27.719,1.40308,1.40356,1.00,0.19
2018.03.30 19:43:29.570,1.40303,1.40356,1.12,0.19
2018.03.30 19:43:30.121,1.40306,1.40355,1.87,0.19
2018.03.30 19:43:30.450,1.40306,1.40355,2.62,0.19
2018.03.30 19:43:30.961,1.40309,1.40355,1.12,0.19
2018.03.30 19:43:31.219,1.40309,1.40355,1.12,0.19
2018.03.30 19:43:31.270,1.40309,1.40355,1.12,0.19
2018.03.30 19:43:31.772,1.40309,1.40356,1.12,0.19
2018.03.30 19:43:32.116,1.40299,1.40356,1.12,0.19
2018.03.30 19:43:32.652,1.40295,1.40355,1.99,0.19
2018.03.30 19:43:32.704,1.40294,1.40355,1.24,0.19
2018.03.30 19:43:33.114,1.40291,1.40355,1.24,0.19
2018.03.30 19:43:33.731,1.40289,1.40355,1.24,0.19
2018.03.30 19:43:34.247,1.4029,1.40355,1.24,0.19
2018.03.30 19:43:46.757,1.4028,1.40371,1.75,1.19
2018.03.30 19:43:48.856,1.40284,1.40371,1.12,1.19
2018.03.30 19:43:49.803,1.40284,1.40373,1.75,1.94
2018.03.30 19:43:49.855,1.4028,1.40363,1.50,1.12
2018.03.30 19:43:50.563,1.40283,1.40368,1.12,1.12
2018.03.30 19:43:50.872,1.40288,1.40375,1.37,1.12
2018.03.30 19:43:51.589,1.40288,1.40375,1.75,1.12
2018.03.30 19:43:51.693,1.4029,1.40378,1.12,1.12
2018.03.30 19:43:52.171,1.4029,1.4038,1.12,1.12
2018.03.30 19:43:52.223,1.40289,1.40369,1.75,1.87
2018.03.30 19:43:52.327,1.40278,1.40361,1.37,1.12
2018.03.30 19:43:53.214,1.40273,1.40361,1.12,1.12
2018.03.30 19:43:53.266,1.4027,1.4036,1.75,1.12
2018.03.30 19:43:53.369,1.40267,1.40356,1.12,1.12
2018.03.30 19:43:53.421,1.40272,1.40356,1.00,1.12
2018.03.30 19:43:53.677,1.40269,1.40355,1.12,1.12
2018.03.30 19:43:53.780,1.40268,1.40355,1.12,1.12
2018.03.30 19:43:54.319,1.40269,1.40356,1.12,1.12
2018.03.30 19:43:54.423,1.40269,1.40357,1.12,1.12
2018.03.30 19:43:54.743,1.40269,1.40358,1.75,1.12
2018.03.30 19:43:54.796,1.40269,1.40353,1.12,1.12
2018.03.30 19:43:55.108,1.40269,1.40355,1.12,1.12
2018.03.30 19:43:55.416,1.4027,1.40353,1.12,1.12
2018.03.30 19:43:55.533,1.40267,1.40353,1.12,1.12
2018.03.30 19:43:55.586,1.40262,1.40351,1.75,1.12
2018.03.30 19:43:56.141,1.40261,1.40349,1.12,1.12
2018.03.30 19:43:56.194,1.40262,1.40354,1.00,1.87
2018.03.30 19:43:56.298,1.40261,1.40349,1.12,1.12
2018.03.30 19:43:58.239,1.40262,1.40348,1.37,1.12
2018.03.30 19:43:58.547,1.40258,1.4035,1.12,1.12
2018.03.30 19:43:58.804,1.40263,1.40353,1.75,1.37
2018.03.30 19:43:59.785,1.40268,1.4036,1.37,1.12
2018.03.30 19:43:59.837,1.40268,1.40353,1.12,1.37
2018.03.30 19:44:00.389,1.40269,1.40353,1.12,1.00
2018.03.30 19:44:01.444,1.40269,1.40353,1.75,1.00
2018.03.30 19:44:01.539,1.4027,1.40353,1.75,1.00
2018.03.30 19:44:01.590,1.40272,1.40361,1.37,1.12
2018.03.30 19:44:02.135,1.40273,1.40357,1.75,1.00
2018.03.30 19:44:02.616,1.40274,1.40361,1.12,1.12
2018.03.30 19:44:06.199,1.40272,1.40361,1.87,1.37
2018.03.30 19:44:06.544,1.4027,1.40363,1.92,1.12
2018.03.30 19:44:06.853,1.4027,1.40353,1.92,1.00
2018.03.30 19:44:07.576,1.40271,1.40357,1.42,1.00
2018.03.30 19:44:08.514,1.40282,1.40361,1.42,1.00
2018.03.30 19:44:15.292,1.4028,1.40358,1.17,1.00
2018.03.30 19:44:18.245,1.40277,1.40364,1.54,1.12
2018.03.30 19:44:18.758,1.40278,1.4036,1.42,1.00
2018.03.30 19:44:19.741,1.40282,1.40364,1.79,1.00
2018.03.30 19:44:27.257,1.40283,1.40368,1.92,1.00
2018.03.30 19:44:27.566,1.40284,1.40364,1.79,1.00
2018.03.30 19:44:28.588,1.4028,1.40362,1.79,1.00
2018.03.30 19:44:29.125,1.4028,1.40363,1.79,1.00
2018.03.30 19:44:31.199,1.40276,1.40359,1.92,1.00
2018.03.30 19:44:31.821,1.40276,1.40363,1.42,1.00
2018.03.30 19:44:32.591,1.4028,1.40367,2.29,1.00
2018.03.30 19:44:32.796,1.4028,1.40363,1.79,1.00
2018.03.30 19:44:34.429,1.40279,1.40374,1.17,1.12
2018.03.30 19:44:36.938,1.40282,1.40366,1.17,1.00
2018.03.30 19:44:38.245,1.4028,1.40365,1.42,1.00
2018.03.30 19:44:38.348,1.40274,1.40357,1.92,1.00
2018.03.30 19:44:38.866,1.40274,1.40356,1.92,1.00
2018.03.30 19:44:41.453,1.4028,1.4037,1.79,1.12
2018.03.30 19:44:41.556,1.4028,1.4037,1.42,1.12
2018.03.30 19:44:46.113,1.4028,1.40366,1.79,1.00
2018.03.30 19:44:46.217,1.40285,1.40368,1.42,1.00
2018.03.30 19:44:50.374,1.40289,1.40368,1.17,1.00
2018.03.30 19:44:50.662,1.40288,1.40368,1.79,1.00
2018.03.30 19:44:57.361,1.40277,1.4037,1.79,1.12
2018.03.30 19:45:02.770,1.40278,1.40371,1.42,1.12
2018.03.30 19:45:04.909,1.40283,1.40368,1.42,1.37
2018.03.30 19:45:05.392,1.40283,1.40368,1.42,1.00
2018.03.30 19:45:06.734,1.40279,1.40371,1.42,1.37
2018.03.30 19:45:14.861,1.40285,1.40367,1.17,1.12
2018.03.30 19:45:15.170,1.40278,1.40363,1.42,1.00
2018.03.30 19:45:16.593,1.40275,1.40364,1.54,1.12
2018.03.30 19:45:19.608,1.40284,1.40363,1.17,1.00
2018.03.30 19:45:23.505,1.40275,1.4036,1.79,1.00
2018.03.30 19:45:30.479,1.40273,1.4036,1.79,1.37
2018.03.30 19:45:30.785,1.40275,1.40356,1.92,1.00
2018.03.30 19:45:31.649,1.40274,1.40363,1.92,1.12
2018.03.30 19:45:31.752,1.40269,1.40356,2.29,1.00
2018.03.30 19:45:34.602,1.40279,1.4036,1.17,1.00
2018.03.30 19:45:34.964,1.40279,1.4036,1.17,1.37
2018.03.30 19:45:35.117,1.40276,1.4036,1.17,1.37
2018.03.30 19:45:35.219,1.40275,1.4036,1.92,1.50
2018.03.30 19:45:35.691,1.40275,1.4036,1.92,1.37
2018.03.30 19:45:35.847,1.40275,1.4036,1.92,1.37
2018.03.30 19:45:36.420,1.40275,1.4036,1.92,1.37
2018.03.30 19:45:36.626,1.40275,1.4036,1.92,1.37
2018.03.30 19:45:37.195,1.40275,1.4036,1.92,1.37
2018.03.30 19:45:37.298,1.40275,1.4036,1.92,1.37
2018.03.30 19:45:37.350,1.40275,1.4036,1.92,1.37
2018.03.30 19:45:37.452,1.40275,1.4036,1.92,1.37
2018.03.30 19:45:37.709,1.40282,1.4036,1.54,1.37
2018.03.30 19:45:38.223,1.40291,1.4036,1.04,1.37
2018.03.30 19:45:38.869,1.40286,1.40362,1.17,1.50
2018.03.30 19:45:39.770,1.40274,1.40362,1.92,1.50
2018.03.30 19:45:39.822,1.40274,1.40362,1.92,1.50
2018.03.30 19:45:40.174,1.40274,1.40362,1.54,1.50
2018.03.30 19:45:40.227,1.40277,1.40362,1.42,1.50
2018.03.30 19:45:40.639,1.40276,1.40358,1.79,1.37
2018.03.30 19:45:41.040,1.40277,1.40358,2.29,1.37
2018.03.30 19:45:41.246,1.40276,1.40361,1.42,1.37
2018.03.30 19:45:41.452,1.40275,1.40361,1.42,1.37
2018.03.30 19:45:42.000,1.40279,1.40361,1.42,1.37
2018.03.30 19:45:42.365,1.40275,1.40361,1.79,1.37
2018.03.30 19:45:42.520,1.40275,1.40361,1.42,1.37
2018.03.30 19:45:42.676,1.40279,1.40361,1.04,1.37
2018.03.30 19:45:43.166,1.40275,1.40361,1.42,1.37
2018.03.30 19:45:43.421,1.40275,1.40361,1.79,1.37
2018.03.30 19:45:43.692,1.40282,1.40361,1.54,1.37
2018.03.30 19:45:43.846,1.40277,1.40361,1.79,1.37
2018.03.30 19:45:44.368,1.40274,1.40361,1.17,1.50
2018.03.30 19:45:44.624,1.40273,1.40361,1.42,1.37
2018.03.30 19:45:44.676,1.40273,1.40361,1.79,1.50
2018.03.30 19:45:44.881,1.40274,1.40361,1.04,1.37
2018.03.30 19:45:45.038,1.40273,1.40361,1.79,1.37
2018.03.30 19:45:45.448,1.40279,1.40361,1.54,1.37
2018.03.30 19:45:45.551,1.40282,1.40361,1.17,1.37
2018.03.30 19:45:45.808,1.40274,1.40361,1.42,1.37
2018.03.30 19:45:45.911,1.40274,1.40361,1.42,1.37
2018.03.30 19:45:46.121,1.40274,1.40361,1.42,1.37
2018.03.30 19:45:46.225,1.40274,1.40361,1.42,1.37
2018.03.30 19:45:46.650,1.40274,1.40361,1.04,1.37
2018.03.30 19:45:46.804,1.40274,1.40361,1.42,1.37
2018.03.30 19:45:47.215,1.40274,1.40361,1.42,1.37
2018.03.30 19:45:47.319,1.40274,1.40361,1.42,1.37
2018.03.30 19:45:47.628,1.40275,1.40361,1.42,1.37
2018.03.30 19:45:47.951,1.40282,1.40344,1.04,1.00
2018.03.30 19:45:48.264,1.40276,1.4034,1.17,1.12
2018.03.30 19:45:48.572,1.40276,1.40339,1.17,1.12
2018.03.30 19:45:51.215,1.40276,1.4034,1.42,1.37
2018.03.30 19:45:51.318,1.40276,1.4034,1.42,1.75
2018.03.30 19:45:51.472,1.40283,1.40337,1.42,2.62
2018.03.30 19:45:51.998,1.40276,1.4034,1.42,1.37
2018.03.30 19:45:58.193,1.40274,1.40337,1.54,1.75
2018.03.30 19:45:58.501,1.40268,1.40331,2.29,1.12
2018.03.30 19:45:58.714,1.40268,1.4033,1.92,1.00
2018.03.30 19:45:59.089,1.4027,1.40331,1.17,1.12
2018.03.30 19:45:59.840,1.40268,1.40331,1.79,1.37
2018.03.30 19:46:00.048,1.40268,1.40331,1.79,1.12
2018.03.30 19:46:02.225,1.40272,1.40335,1.04,1.37
2018.03.30 19:46:02.750,1.40271,1.40335,1.54,1.37
2018.03.30 19:46:03.239,1.40269,1.40332,1.17,1.12
2018.03.30 19:46:06.240,1.40271,1.40335,1.17,1.37
2018.03.30 19:46:06.396,1.40271,1.40335,1.42,1.75
2018.03.30 19:46:06.448,1.40271,1.40335,1.17,1.37
2018.03.30 19:46:06.653,1.40271,1.40335,1.42,1.75
2018.03.30 19:46:08.217,1.40275,1.40336,1.42,1.37
2018.03.30 19:46:08.474,1.40275,1.40341,1.92,1.87
2018.03.30 19:46:08.821,1.40276,1.4034,1.17,1.12
2018.03.30 19:46:11.265,1.40278,1.40343,1.17,2.62
2018.03.30 19:46:11.515,1.40278,1.40342,1.42,1.12
2018.03.30 19:46:18.231,1.40278,1.40342,1.92,1.50
2018.03.30 19:46:18.669,1.40289,1.40335,1.42,1.37
2018.03.30 19:46:18.984,1.40285,1.40327,1.17,1.37
2018.03.30 19:46:19.304,1.40281,1.40326,1.17,3.37
2018.03.30 19:46:19.930,1.40282,1.40326,1.79,1.37
2018.03.30 19:46:20.252,1.40279,1.40323,1.79,1.12
2018.03.30 19:46:20.914,1.40282,1.40326,1.42,3.37
2018.03.30 19:46:20.966,1.40283,1.4033,1.79,4.12
2018.03.30 19:46:21.121,1.40283,1.40329,2.29,1.87
2018.03.30 19:46:21.241,1.40288,1.4033,1.42,1.37
2018.03.30 19:46:21.476,1.4029,1.40333,1.92,1.37
2018.03.30 19:46:21.730,1.40292,1.40336,2.29,1.37
2018.03.30 19:46:22.077,1.40294,1.4034,1.17,1.87
2018.03.30 19:46:22.953,1.40292,1.40338,1.92,1.87
2018.03.30 19:46:23.056,1.40295,1.40339,1.43,1.37
2018.03.30 19:46:24.708,1.40295,1.40339,1.43,1.37
2018.03.30 19:46:28.185,1.40293,1.40338,1.42,1.87
2018.03.30 19:46:28.288,1.40296,1.40339,1.75,1.37
2018.03.30 19:46:29.310,1.40297,1.40342,1.75,1.75
2018.03.30 19:46:30.371,1.40295,1.40339,2.29,1.37
2018.03.30 19:46:30.705,1.4029,1.40333,1.42,1.12
2018.03.30 19:46:30.809,1.40288,1.40332,1.79,1.12
2018.03.30 19:46:31.256,1.40292,1.40336,1.79,1.75
2018.03.30 19:46:31.604,1.40294,1.4034,2.29,1.87
2018.03.30 19:46:32.395,1.40293,1.40337,2.29,1.12
2018.03.30 19:46:32.716,1.40295,1.4034,1.17,1.12
2018.03.30 19:46:32.893,1.40297,1.40341,1.37,1.87
2018.03.30 19:46:33.444,1.40295,1.4034,1.17,1.87
2018.03.30 19:46:33.547,1.40296,1.40341,1.81,3.00
2018.03.30 19:46:34.597,1.40299,1.40343,1.12,2.25
2018.03.30 19:46:35.649,1.40301,1.40345,1.37,1.87
2018.03.30 19:46:37.700,1.40301,1.40345,1.50,1.37
2018.03.30 19:46:39.815,1.40301,1.40345,1.37,1.37
2018.03.30 19:47:25.662,1.40299,1.40341,1.37,1.00
2018.03.30 19:47:25.714,1.40294,1.40338,1.42,1.00
2018.03.30 19:47:25.766,1.40286,1.4034,1.17,1.87
2018.03.30 19:47:25.818,1.40283,1.40337,1.17,1.12
2018.03.30 19:47:26.361,1.40285,1.40339,1.54,1.50
2018.03.30 19:47:39.239,1.40286,1.4034,1.79,1.37
2018.03.30 19:47:56.495,1.40289,1.40337,1.42,1.12
2018.03.30 19:47:56.804,1.40292,1.40337,1.17,1.12
2018.03.30 19:47:57.065,1.40297,1.40342,1.00,1.37
2018.03.30 19:47:59.647,1.40291,1.40346,1.17,1.75
2018.03.30 19:48:59.652,1.40289,1.40346,1.42,4.12
2018.03.30 19:48:59.704,1.40289,1.40345,1.79,1.12
2018.03.30 19:49:02.149,1.40284,1.40346,1.42,1.37
2018.03.30 19:49:02.507,1.40286,1.4035,1.42,1.37
2018.03.30 19:49:02.559,1.40286,1.40351,1.42,1.62
2018.03.30 19:49:03.033,1.40288,1.40355,1.92,1.37
2018.03.30 19:49:03.867,1.40289,1.40358,1.42,1.12
2018.03.30 19:49:08.742,1.4029,1.40358,1.79,1.12
2018.03.30 19:49:11.868,1.40293,1.40358,1.04,1.12
2018.03.30 19:49:19.235,1.4029,1.40358,1.42,1.87
2018.03.30 19:49:21.254,1.40291,1.40358,1.17,1.12
2018.03.30 19:49:21.863,1.40293,1.40361,1.79,1.87
2018.03.30 19:49:23.275,1.40293,1.40362,1.92,1.87
2018.03.30 19:49:27.419,1.40295,1.40362,1.17,1.75
2018.03.30 19:49:27.522,1.40296,1.40362,1.75,1.50
2018.03.30 19:49:28.934,1.40297,1.40362,1.00,1.75
2018.03.30 19:49:33.711,1.40295,1.40364,1.54,1.12
2018.03.30 19:49:35.730,1.40295,1.40364,1.81,1.75
2018.03.30 19:49:36.854,1.40294,1.40364,1.79,1.75
2018.03.30 19:49:38.200,1.40296,1.40364,1.87,1.12
2018.03.30 19:49:38.817,1.40298,1.40364,1.12,1.12
2018.03.30 19:49:39.372,1.40302,1.40364,1.00,1.37
2018.03.30 19:49:40.784,1.40299,1.40364,1.12,1.37
2018.03.30 19:49:41.788,1.40297,1.40364,1.87,1.37
2018.03.30 19:49:43.799,1.40296,1.40364,1.17,1.75
2018.03.30 19:49:48.660,1.40295,1.40364,1.92,1.37
2018.03.30 19:49:48.967,1.40295,1.40364,2.29,1.12
2018.03.30 19:49:49.833,1.40297,1.40364,1.12,1.50
2018.03.30 19:49:50.364,1.40302,1.40364,1.00,1.12
2018.03.30 19:49:51.337,1.40296,1.40363,1.12,2.25
2018.03.30 19:49:53.874,1.40297,1.40363,1.37,1.12
2018.03.30 19:49:55.904,1.40297,1.40363,1.75,1.87
2018.03.30 19:50:01.948,1.40296,1.40363,1.75,2.62
2018.03.30 19:50:02.971,1.40298,1.40363,1.12,2.25
2018.03.30 19:50:03.297,1.40351,1.40396,1.12,1.50
2018.03.30 19:50:03.401,1.40344,1.40403,1.00,1.31
2018.03.30 19:50:03.453,1.40338,1.40396,1.12,1.12
2018.03.30 19:50:03.556,1.40316,1.40384,1.75,1.50
2018.03.30 19:50:03.608,1.40316,1.40378,1.12,1.37
2018.03.30 19:50:03.763,1.40299,1.40361,1.75,1.00
2018.03.30 19:50:03.814,1.40297,1.4036,1.37,1.37
2018.03.30 19:50:03.866,1.40289,1.4036,1.42,1.37
2018.03.30 19:50:03.918,1.40287,1.40353,1.42,1.37
2018.03.30 19:50:04.270,1.40278,1.40345,1.17,1.37
2018.03.30 19:50:07.778,1.40318,1.40362,1.00,3.00
2018.03.30 19:50:07.829,1.40327,1.40365,1.00,1.00
2018.03.30 19:50:07.881,1.40332,1.40384,1.00,1.37
2018.03.30 19:50:07.936,1.40331,1.40397,1.37,2.06
2018.03.30 19:50:07.988,1.4032,1.40392,2.25,1.87
2018.03.30 19:50:08.040,1.40319,1.40386,1.37,1.87
2018.03.30 19:50:08.195,1.40298,1.40361,1.37,1.00
2018.03.30 19:50:08.247,1.40296,1.40361,1.92,1.87
2018.03.30 19:50:08.556,1.40311,1.40355,1.50,1.75
2018.03.30 19:50:08.608,1.40295,1.40358,1.43,2.25
2018.03.30 19:50:08.660,1.4029,1.40358,1.79,1.87
2018.03.30 19:50:08.712,1.40291,1.40356,1.79,1.37
2018.03.30 19:50:09.021,1.40326,1.40389,1.37,2.00
2018.03.30 19:50:09.331,1.40285,1.40352,1.79,1.94
2018.03.30 19:50:09.632,1.40263,1.40316,1.42,1.94
2018.03.30 19:50:09.889,1.40289,1.40312,1.04,1.00
2018.03.30 19:50:09.942,1.40299,1.40329,1.00,1.12
2018.03.30 19:50:09.995,1.40284,1.40346,1.42,1.12
2018.03.30 19:50:10.048,1.40285,1.40342,1.04,2.00
2018.03.30 19:50:10.359,1.40264,1.40327,1.79,2.00
2018.03.30 19:50:10.461,1.40261,1.40319,1.79,1.12
2018.03.30 19:50:11.584,1.40268,1.40326,1.79,1.50
2018.03.30 19:50:11.636,1.40268,1.40326,1.79,1.12
2018.03.30 19:50:12.599,1.40259,1.40325,1.79,1.00
2018.03.30 19:50:14.257,1.40258,1.40322,1.79,1.00
2018.03.30 19:50:14.805,1.40256,1.40321,1.42,1.00
2018.03.30 19:50:15.073,1.40271,1.40323,1.79,1.00
2018.03.30 19:50:15.124,1.40277,1.40329,1.04,1.00
2018.03.30 19:50:15.176,1.40277,1.40337,1.54,1.00
2018.03.30 19:50:15.687,1.40266,1.40338,1.92,1.37
2018.03.30 19:50:16.903,1.40264,1.40333,1.79,1.00
2018.03.30 19:50:17.647,1.40261,1.4033,1.79,1.00
2018.03.30 19:50:18.228,1.40257,1.40327,1.79,1.12
2018.03.30 19:50:18.548,1.40257,1.40324,1.79,1.00
2018.03.30 19:50:19.470,1.40255,1.40328,1.79,1.50
2018.03.30 19:50:19.813,1.40251,1.40324,1.79,2.25
2018.03.30 19:50:20.146,1.40261,1.40327,1.17,1.37
2018.03.30 19:50:20.455,1.40261,1.40336,1.17,1.12
2018.03.30 19:50:21.717,1.40259,1.40333,1.79,2.62
2018.03.30 19:50:23.591,1.40261,1.40332,1.79,1.12
2018.03.30 19:50:23.902,1.40245,1.40317,1.92,2.00
2018.03.30 19:50:24.211,1.4025,1.40312,1.42,2.00
2018.03.30 19:50:24.611,1.40266,1.40316,1.79,1.12
2018.03.30 19:50:25.130,1.40263,1.40318,1.79,2.00
2018.03.30 19:50:25.342,1.4026,1.40317,1.79,2.00
2018.03.30 19:50:25.894,1.40247,1.40311,1.42,1.94
2018.03.30 19:50:26.100,1.40267,1.40315,1.42,1.50
2018.03.30 19:50:26.522,1.40265,1.40316,1.17,1.00
2018.03.30 19:50:26.627,1.40254,1.40324,1.79,1.50
2018.03.30 19:50:26.781,1.40254,1.40327,1.79,1.37
2018.03.30 19:50:26.833,1.40259,1.40327,1.04,1.37
2018.03.30 19:50:27.162,1.40254,1.40327,1.42,1.75
2018.03.30 19:50:27.416,1.40257,1.40327,1.04,1.37
2018.03.30 19:50:27.469,1.40252,1.40324,1.17,2.62
2018.03.30 19:50:27.778,1.40254,1.40322,1.79,1.37
2018.03.30 19:50:28.034,1.40266,1.40324,1.42,1.12
2018.03.30 19:50:28.087,1.40264,1.40325,1.42,1.37
2018.03.30 19:50:28.616,1.40257,1.40327,1.17,1.87
2018.03.30 19:50:28.846,1.40262,1.40327,1.42,1.50
2018.03.30 19:50:28.949,1.40257,1.40327,1.17,1.87
2018.03.30 19:50:29.461,1.40258,1.40327,1.79,1.50
2018.03.30 19:50:29.809,1.40263,1.40331,1.54,1.37
2018.03.30 19:50:30.472,1.40261,1.40332,1.04,1.87
2018.03.30 19:50:30.524,1.40258,1.40331,1.79,1.12
2018.03.30 19:50:32.076,1.40261,1.40335,1.17,1.87
2018.03.30 19:50:32.128,1.40261,1.40335,1.42,1.75
2018.03.30 19:50:32.362,1.40262,1.40334,1.42,1.12
2018.03.30 19:50:32.690,1.40261,1.40335,1.92,1.75
2018.03.30 19:50:33.270,1.40261,1.40333,2.29,1.37
2018.03.30 19:50:34.284,1.40261,1.40329,1.42,1.12
2018.03.30 19:50:34.612,1.40253,1.4032,1.79,1.37
2018.03.30 19:50:34.663,1.40251,1.4032,1.92,1.37
2018.03.30 19:50:34.715,1.40251,1.4032,1.92,1.50
2018.03.30 19:50:35.121,1.40252,1.40321,1.54,1.37
2018.03.30 19:50:35.223,1.40251,1.40321,1.17,1.50
2018.03.30 19:50:35.602,1.40268,1.40325,1.17,1.12
2018.03.30 19:50:36.118,1.40263,1.40326,1.04,1.75
2018.03.30 19:50:36.613,1.40263,1.40329,1.54,1.12
2018.03.30 19:50:36.665,1.40257,1.40328,1.92,1.12
2018.03.30 19:50:37.222,1.40255,1.40326,1.79,1.37
2018.03.30 19:50:37.324,1.40255,1.40327,1.79,1.12
2018.03.30 19:50:37.530,1.40255,1.40326,1.79,1.12
2018.03.30 19:50:38.011,1.4025,1.40322,1.17,1.12
2018.03.30 19:50:38.062,1.40251,1.40322,1.42,1.12
2018.03.30 19:50:38.113,1.40249,1.40323,1.79,1.12
2018.03.30 19:50:38.266,1.4025,1.40322,1.42,1.37
2018.03.30 19:50:39.723,1.40252,1.40322,1.17,1.37
2018.03.30 19:50:40.928,1.40252,1.40322,1.17,1.37
2018.03.30 19:50:41.991,1.40257,1.40323,1.17,1.75
2018.03.30 19:50:43.159,1.40251,1.40322,1.17,1.37
2018.03.30 19:50:43.574,1.40251,1.40323,1.92,1.12
2018.03.30 19:50:43.839,1.40251,1.40323,1.79,1.75
2018.03.30 19:50:43.892,1.40266,1.40328,1.79,1.12
2018.03.30 19:50:44.418,1.40263,1.40328,1.17,3.00
2018.03.30 19:50:44.469,1.4026,1.40328,1.17,2.62
2018.03.30 19:50:44.621,1.40263,1.40327,1.17,1.12
2018.03.30 19:50:44.795,1.40254,1.40328,1.92,1.87
2018.03.30 19:50:45.052,1.40255,1.40328,1.42,2.25
2018.03.30 19:50:45.668,1.40256,1.40328,1.79,1.12
2018.03.30 19:50:45.720,1.40255,1.40328,1.92,3.00
2018.03.30 19:50:47.661,1.40256,1.40323,1.42,2.62
2018.03.30 19:50:48.069,1.4026,1.40327,1.42,1.12
2018.03.30 19:50:48.374,1.40254,1.40324,1.79,3.00
2018.03.30 19:50:48.528,1.4026,1.40324,1.42,1.87
2018.03.30 19:50:48.631,1.40254,1.40324,1.17,1.12
2018.03.30 19:50:49.028,1.40259,1.40328,1.54,1.50
2018.03.30 19:50:49.545,1.40254,1.40328,1.79,1.75
2018.03.30 19:50:50.836,1.40266,1.40327,1.42,1.37
2018.03.30 19:50:51.633,1.40258,1.40331,1.92,1.37
2018.03.30 19:50:51.787,1.40258,1.40331,2.29,1.75
2018.03.30 19:50:51.993,1.40258,1.40331,1.92,1.37
2018.03.30 19:50:52.198,1.40258,1.40331,1.92,1.75
2018.03.30 19:50:52.621,1.40261,1.40327,1.04,1.00
2018.03.30 19:50:53.189,1.40257,1.40328,1.92,1.87
2018.03.30 19:50:53.502,1.40257,1.40327,1.17,1.12
2018.03.30 19:50:53.605,1.40261,1.40329,1.79,2.25
2018.03.30 19:50:53.657,1.40257,1.40328,1.79,1.12
2018.03.30 19:50:54.041,1.40268,1.40331,1.42,1.75
2018.03.30 19:50:54.562,1.40259,1.40332,1.79,1.75
2018.03.30 19:50:54.877,1.40259,1.40332,1.42,1.12
2018.03.30 19:50:54.980,1.40259,1.40332,1.54,1.75
2018.03.30 19:50:56.269,1.40257,1.40332,1.92,1.12
2018.03.30 19:50:56.321,1.40259,1.40332,1.79,1.75
2018.03.30 19:50:56.791,1.40259,1.4033,1.17,1.12
2018.03.30 19:50:56.944,1.40259,1.40331,1.42,1.12
2018.03.30 19:50:57.170,1.40258,1.40327,1.17,1.37
2018.03.30 19:50:58.064,1.40258,1.40328,1.17,1.12
2018.03.30 19:51:00.740,1.4026,1.40328,1.17,1.12
2018.03.30 19:51:01.456,1.4026,1.40327,1.17,1.37
2018.03.30 19:51:02.716,1.40255,1.40327,1.17,1.37
2018.03.30 19:51:02.818,1.40255,1.40327,1.79,1.75
2018.03.30 19:51:03.024,1.40258,1.40329,2.29,1.37
2018.03.30 19:51:03.246,1.40258,1.40332,1.42,1.75
2018.03.30 19:51:03.401,1.40257,1.40329,1.04,1.12
2018.03.30 19:51:03.768,1.4026,1.40331,1.17,1.12
2018.03.30 19:51:04.357,1.40259,1.40332,1.17,1.12
2018.03.30 19:51:04.499,1.40258,1.40328,1.17,1.12
2018.03.30 19:51:04.808,1.40256,1.40327,1.79,1.87
2018.03.30 19:51:05.066,1.40255,1.40327,1.42,1.50
2018.03.30 19:51:05.170,1.40253,1.40327,2.29,1.87
2018.03.30 19:51:08.137,1.40253,1.40327,1.92,1.87
2018.03.30 19:51:09.224,1.40258,1.40326,1.54,1.75
2018.03.30 19:51:11.147,1.40255,1.40327,1.17,3.00
2018.03.30 19:51:11.666,1.40256,1.40326,1.17,1.12
2018.03.30 19:51:11.718,1.40253,1.40325,1.79,1.37
2018.03.30 19:51:11.929,1.40253,1.40326,1.92,1.12
2018.03.30 19:51:12.138,1.40253,1.40315,2.29,1.00
2018.03.30 19:51:12.242,1.40268,1.40326,1.17,1.75
2018.03.30 19:51:12.613,1.40257,1.40321,1.79,1.00
2018.03.30 19:51:13.110,1.40257,1.40327,1.79,1.37
2018.03.30 19:51:13.616,1.4026,1.40322,1.42,1.12
2018.03.30 19:51:13.669,1.40255,1.40321,2.29,1.37
2018.03.30 19:51:13.977,1.40252,1.40307,1.79,1.00
2018.03.30 19:51:14.029,1.40252,1.40309,1.79,1.00
2018.03.30 19:51:14.189,1.40254,1.40316,1.42,1.00
2018.03.30 19:51:14.710,1.40264,1.40325,1.79,1.37
2018.03.30 19:51:15.229,1.40256,1.40326,1.79,1.75
2018.03.30 19:51:15.592,1.40259,1.40329,1.79,1.75
2018.03.30 19:51:16.192,1.40255,1.40329,3.42,1.37
2018.03.30 19:51:16.645,1.40256,1.40329,1.17,1.50
2018.03.30 19:51:18.031,1.40257,1.40329,1.79,1.37
2018.03.30 19:51:18.083,1.40257,1.40326,1.17,1.37
2018.03.30 19:51:18.391,1.40262,1.40326,1.04,1.87
2018.03.30 19:51:18.536,1.40268,1.40326,1.42,1.87
2018.03.30 19:51:18.588,1.40266,1.4033,1.42,1.12
2018.03.30 19:51:19.055,1.40259,1.40331,1.42,1.12
2018.03.30 19:51:19.416,1.40256,1.40327,1.17,1.37
2018.03.30 19:51:25.314,1.40255,1.40327,1.17,1.12
2018.03.30 19:51:25.956,1.40255,1.40325,1.17,1.37
2018.03.30 19:51:26.459,1.40255,1.40325,1.17,1.37
2018.03.30 19:51:27.814,1.40253,1.40324,1.79,3.00
2018.03.30 19:51:28.918,1.40255,1.40324,1.42,1.12
2018.03.30 19:51:29.021,1.40255,1.40324,1.17,1.12
2018.03.30 19:51:29.227,1.40269,1.40325,1.42,1.75
2018.03.30 19:51:29.690,1.4026,1.4033,1.04,1.12
2018.03.30 19:51:30.090,1.40257,1.4033,1.79,1.12
2018.03.30 19:51:36.408,1.40253,1.40325,1.17,1.50
2018.03.30 19:51:37.143,1.40255,1.40325,1.17,1.37
2018.03.30 19:51:37.414,1.40255,1.40325,1.17,1.50
2018.03.30 19:51:37.466,1.40262,1.40325,1.42,1.37
2018.03.30 19:51:37.780,1.40255,1.40325,1.17,1.37
2018.03.30 19:51:37.983,1.40263,1.40327,1.54,1.69
2018.03.30 19:51:38.136,1.40258,1.40329,1.79,1.12
2018.03.30 19:51:38.187,1.40258,1.40329,1.17,1.12
2018.03.30 19:51:38.391,1.40258,1.4033,1.17,1.12
2018.03.30 19:51:38.597,1.4026,1.4033,1.17,1.12
2018.03.30 19:51:38.751,1.4026,1.40334,1.17,1.75
2018.03.30 19:51:39.022,1.40258,1.4033,2.29,1.75
2018.03.30 19:51:39.074,1.40265,1.40331,1.42,1.75
2018.03.30 19:51:39.470,1.40266,1.40335,1.17,2.25
2018.03.30 19:51:39.625,1.40258,1.4033,1.92,1.12
2018.03.30 19:51:40.220,1.40257,1.40331,1.79,2.62
2018.03.30 19:51:40.324,1.40257,1.4033,1.17,1.75
2018.03.30 19:51:40.652,1.40269,1.40327,1.42,1.12
2018.03.30 19:51:40.704,1.40273,1.40328,1.04,1.50
2018.03.30 19:51:40.960,1.40257,1.40331,1.17,1.12
2018.03.30 19:51:41.166,1.40259,1.40331,1.04,1.50
2018.03.30 19:51:41.495,1.40257,1.40331,1.17,1.87
2018.03.30 19:51:41.712,1.40268,1.40328,1.17,1.50
2018.03.30 19:51:41.919,1.40264,1.40331,1.17,1.87
2018.03.30 19:51:42.201,1.40257,1.40331,1.17,1.50
2018.03.30 19:51:42.304,1.40257,1.40331,1.17,1.87
2018.03.30 19:51:53.273,1.40258,1.40331,1.17,1.75
2018.03.30 19:51:53.325,1.40254,1.40326,1.42,1.37
2018.03.30 19:51:53.870,1.40253,1.40326,3.04,1.37
2018.03.30 19:51:54.538,1.40254,1.40327,1.17,1.87
2018.03.30 19:52:06.535,1.40258,1.40317,1.04,1.37
2018.03.30 19:52:06.915,1.40254,1.4032,1.17,1.87
2018.03.30 19:52:06.967,1.40254,1.4032,1.17,1.87
2018.03.30 19:52:07.019,1.40257,1.4032,1.17,1.37
2018.03.30 19:52:07.229,1.40264,1.40324,1.42,1.37
2018.03.30 19:52:07.740,1.40257,1.40328,1.17,1.12
2018.03.30 19:52:07.917,1.40262,1.40325,1.17,1.50
2018.03.30 19:52:08.174,1.40251,1.40325,1.92,1.37
2018.03.30 19:52:08.766,1.40252,1.40325,1.17,1.50
2018.03.30 19:52:09.126,1.40255,1.40327,1.79,1.12
2018.03.30 19:52:09.178,1.40252,1.40324,1.17,1.37
2018.03.30 19:52:09.435,1.40264,1.40326,1.42,1.50
2018.03.30 19:52:10.726,1.40256,1.4033,1.17,1.37
2018.03.30 19:52:10.778,1.40257,1.4033,1.17,1.75
2018.03.30 19:52:12.695,1.40257,1.4033,1.17,1.37
2018.03.30 19:52:12.798,1.40254,1.40328,1.79,1.87
2018.03.30 19:52:14.543,1.40253,1.40324,1.42,1.12
2018.03.30 19:52:14.802,1.40263,1.40328,1.42,1.12
2018.03.30 19:52:14.854,1.40263,1.40327,1.42,1.12
2018.03.30 19:52:15.216,1.40253,1.40324,1.79,1.37
2018.03.30 19:52:15.269,1.40253,1.40324,1.17,1.50
2018.03.30 19:52:15.667,1.40251,1.40324,1.17,1.37
2018.03.30 19:52:15.947,1.40252,1.40324,1.17,1.37
2018.03.30 19:52:16.000,1.40262,1.4033,1.54,1.87
2018.03.30 19:52:16.154,1.40256,1.40327,1.42,1.12
2018.03.30 19:52:16.360,1.40252,1.40326,1.92,1.12
2018.03.30 19:52:16.412,1.40253,1.40326,1.79,1.12
2018.03.30 19:52:16.715,1.40253,1.40326,1.92,1.87
2018.03.30 19:52:16.921,1.40254,1.40326,1.17,2.25
2018.03.30 19:52:17.406,1.40255,1.40329,1.92,1.12
2018.03.30 19:52:17.561,1.40254,1.40326,1.17,1.87
2018.03.30 19:52:17.818,1.40262,1.40332,1.92,1.75
2018.03.30 19:52:17.922,1.40258,1.40331,1.17,1.12
2018.03.30 19:52:18.140,1.40261,1.40332,1.04,1.75
2018.03.30 19:52:18.192,1.40258,1.40332,1.92,1.12
2018.03.30 19:52:18.791,1.40259,1.40332,1.17,1.75
2018.03.30 19:52:18.843,1.40258,1.40332,1.17,1.12
2018.03.30 19:52:18.895,1.40258,1.40332,1.17,1.12
2018.03.30 19:52:19.203,1.40257,1.40326,1.17,1.12
2018.03.30 19:52:19.474,1.40254,1.40327,1.17,1.75
2018.03.30 19:52:19.822,1.40254,1.40326,1.17,1.12
2018.03.30 19:52:20.726,1.40256,1.40327,1.17,1.87
2018.03.30 19:52:21.274,1.40256,1.40327,1.17,1.12
2018.03.30 19:52:22.156,1.40256,1.40327,1.42,1.12
2018.03.30 19:52:22.647,1.40254,1.40328,1.17,1.87
2018.03.30 19:52:22.794,1.40254,1.40326,1.79,1.12
2018.03.30 19:52:22.997,1.40263,1.40324,1.42,1.37
2018.03.30 19:52:23.282,1.40254,1.40327,1.79,1.50
2018.03.30 19:52:23.486,1.40254,1.40327,1.17,1.37
2018.03.30 19:52:23.796,1.40251,1.40323,2.29,1.75
2018.03.30 19:52:24.001,1.40262,1.40323,1.54,1.12
2018.03.30 19:52:24.310,1.40269,1.40332,1.17,1.12
2018.03.30 19:52:24.566,1.4026,1.40333,1.79,1.12
2018.03.30 19:52:24.669,1.4026,1.40333,1.92,1.75
2018.03.30 19:52:24.979,1.40257,1.4033,1.17,1.50
2018.03.30 19:52:25.623,1.40253,1.40326,1.75,1.12
2018.03.30 19:52:28.705,1.40251,1.40327,2.25,1.87
2018.03.30 19:52:28.911,1.4025,1.40322,1.12,1.75
2018.03.30 19:52:29.220,1.40269,1.40325,1.00,1.87
2018.03.30 19:52:29.541,1.40253,1.40322,1.31,1.12
2018.03.30 19:52:29.593,1.40252,1.40322,1.12,3.00
2018.03.30 19:52:29.696,1.4025,1.40322,1.75,2.62
2018.03.30 19:52:29.799,1.4025,1.40321,1.12,1.12
2018.03.30 19:52:30.190,1.40248,1.40322,1.12,1.87
2018.03.30 19:52:30.357,1.40249,1.40316,1.12,1.12
2018.03.30 19:52:31.026,1.40252,1.40317,1.37,1.37
2018.03.30 19:52:31.340,1.40252,1.40317,1.12,1.50
2018.03.30 19:52:31.868,1.40252,1.40317,1.12,1.37
2018.03.30 19:52:32.173,1.40252,1.40321,1.42,1.12
2018.03.30 19:52:32.478,1.40255,1.40321,1.79,1.75
2018.03.30 19:52:33.291,1.40258,1.40321,1.42,1.12
2018.03.30 19:52:34.252,1.40265,1.40322,1.92,2.06
2018.03.30 19:52:35.191,1.40264,1.40321,1.42,1.37
2018.03.30 19:52:35.713,1.4025,1.40322,1.17,2.25
2018.03.30 19:52:35.867,1.40249,1.40322,1.17,1.87
2018.03.30 19:52:36.322,1.4025,1.40321,1.17,1.37
2018.03.30 19:52:36.840,1.40261,1.40321,1.42,1.37
2018.03.30 19:52:37.252,1.40255,1.40322,1.17,2.25
2018.03.30 19:52:37.750,1.40255,1.40318,1.17,1.87
2018.03.30 19:52:38.074,1.40247,1.40318,1.17,1.12
2018.03.30 19:52:38.127,1.40248,1.40318,1.17,1.75
2018.03.30 19:52:38.472,1.40248,1.40318,1.79,1.12
2018.03.30 19:52:38.627,1.40249,1.40318,1.92,3.75
2018.03.30 19:52:39.048,1.40247,1.40318,1.17,1.87
2018.03.30 19:52:39.100,1.40247,1.40318,1.79,2.62
2018.03.30 19:52:39.478,1.40249,1.40321,1.17,1.12
2018.03.30 19:52:39.810,1.40253,1.4032,1.42,1.00
2018.03.30 19:52:40.068,1.40257,1.40322,1.17,3.00
2018.03.30 19:52:40.198,1.40266,1.40322,1.42,1.12
2018.03.30 19:52:40.561,1.4026,1.40326,1.92,3.56
2018.03.30 19:52:40.665,1.4026,1.40325,1.42,1.12
2018.03.30 19:52:40.768,1.40257,1.40326,1.17,2.62
2018.03.30 19:52:41.042,1.4026,1.40325,1.17,1.12
2018.03.30 19:52:41.094,1.40266,1.40325,1.54,1.12
2018.03.30 19:52:42.405,1.40265,1.40325,1.79,1.12
2018.03.30 19:52:42.710,1.40261,1.40326,1.92,3.56
2018.03.30 19:52:42.812,1.40263,1.40325,1.17,1.12
2018.03.30 19:52:43.240,1.40257,1.40326,1.17,3.37
2018.03.30 19:52:43.292,1.40257,1.4032,1.17,2.06
2018.03.30 19:52:43.752,1.40268,1.40323,1.04,1.37
2018.03.30 19:52:44.040,1.40261,1.40324,1.54,1.12
2018.03.30 19:52:44.195,1.40258,1.40324,1.92,1.87
2018.03.30 19:52:44.518,1.4026,1.40324,1.92,2.44
2018.03.30 19:52:44.672,1.4026,1.40324,1.42,1.87
2018.03.30 19:52:44.775,1.40253,1.4032,1.17,1.87
2018.03.30 19:52:45.089,1.40259,1.40319,1.04,1.12
2018.03.30 19:52:45.192,1.40264,1.4032,1.42,1.62
2018.03.30 19:52:45.244,1.40262,1.40324,1.42,1.50
2018.03.30 19:52:45.446,1.40259,1.40323,1.12,1.69
2018.03.30 19:52:45.498,1.40258,1.40326,1.12,1.87
2018.03.30 19:52:45.550,1.40259,1.40326,1.37,2.25
2018.03.30 19:52:45.895,1.40258,1.40326,1.50,1.37
2018.03.30 19:52:46.153,1.40258,1.40327,1.12,1.12
2018.03.30 19:52:46.539,1.4027,1.40328,1.37,1.87
2018.03.30 19:52:46.643,1.40262,1.40328,1.87,2.25
2018.03.30 19:52:46.798,1.40262,1.40328,2.25,1.12
2018.03.30 19:52:47.114,1.40263,1.40327,1.75,1.37
2018.03.30 19:52:47.413,1.40262,1.40331,2.25,1.37
2018.03.30 19:52:47.517,1.40266,1.40328,1.37,1.37
2018.03.30 19:52:48.063,1.40265,1.40328,1.37,1.50
2018.03.30 19:52:48.115,1.40261,1.40328,1.37,1.37
2018.03.30 19:52:48.218,1.40261,1.40328,1.75,1.75
2018.03.30 19:52:48.599,1.40271,1.40333,1.87,1.75
2018.03.30 19:52:48.651,1.40271,1.40332,1.37,1.37
2018.03.30 19:52:48.754,1.40263,1.4033,1.50,1.12
2018.03.30 19:52:48.806,1.40263,1.40329,1.37,1.37
2018.03.30 19:52:49.362,1.40273,1.40329,1.37,1.37
2018.03.30 19:52:49.414,1.40269,1.4033,1.37,1.37
2018.03.30 19:52:49.568,1.40267,1.40334,1.87,1.12
2018.03.30 19:52:51.327,1.40267,1.40326,1.37,1.37
2018.03.30 19:52:52.446,1.40264,1.40333,1.12,1.37
2018.03.30 19:52:52.698,1.40261,1.40333,1.79,1.12
2018.03.30 19:52:58.228,1.40268,1.40333,1.17,1.12
2018.03.30 19:52:59.297,1.4027,1.40333,1.04,1.12
2018.03.30 19:53:00.763,1.40268,1.4033,1.79,2.62
2018.03.30 19:53:01.110,1.4027,1.40329,1.04,1.12
2018.03.30 19:53:01.849,1.40261,1.40323,1.17,1.50
2018.03.30 19:53:02.371,1.40261,1.40323,1.17,1.50
2018.03.30 19:53:02.891,1.40257,1.40323,1.79,1.75
2018.03.30 19:53:03.162,1.40262,1.40323,1.17,1.37
2018.03.30 19:53:03.418,1.40268,1.40323,2.29,1.37
2018.03.30 19:53:03.717,1.40262,1.40328,1.42,1.87
2018.03.30 19:53:03.769,1.40259,1.40324,1.17,1.12
2018.03.30 19:53:04.290,1.40262,1.40323,1.17,1.12
2018.03.30 19:53:04.846,1.40259,1.40318,1.79,1.37
2018.03.30 19:53:05.154,1.4026,1.40319,1.17,1.75
2018.03.30 19:53:05.263,1.4026,1.40319,1.92,2.25
2018.03.30 19:53:05.810,1.4026,1.4032,1.92,1.87
2018.03.30 19:53:06.314,1.40251,1.4032,1.17,1.37
2018.03.30 19:53:06.879,1.40251,1.40322,1.17,1.12
2018.03.30 19:53:08.353,1.40263,1.40322,1.04,1.12
2018.03.30 19:53:08.406,1.40258,1.40323,1.42,1.12
2018.03.30 19:53:08.510,1.40258,1.40323,1.17,1.75
2018.03.30 19:53:08.717,1.40269,1.40324,1.04,1.37
2018.03.30 19:53:09.128,1.40262,1.40323,1.79,1.12
2018.03.30 19:53:09.811,1.40262,1.40323,1.79,1.12
2018.03.30 19:53:10.175,1.40266,1.40325,1.79,1.87
2018.03.30 19:53:10.227,1.40265,1.40325,1.17,1.12
2018.03.30 19:53:10.382,1.4026,1.40323,1.17,1.00
2018.03.30 19:53:10.434,1.40265,1.40326,1.42,1.00
2018.03.30 19:53:10.486,1.4027,1.40336,1.04,1.12
2018.03.30 19:53:10.640,1.40265,1.40336,1.17,2.25
2018.03.30 19:53:10.795,1.40276,1.40338,1.42,1.37
2018.03.30 19:53:12.510,1.40273,1.40342,1.17,1.12
2018.03.30 19:53:13.191,1.40267,1.40331,1.17,1.50
2018.03.30 19:53:13.787,1.4027,1.40331,1.04,1.75
2018.03.30 19:53:14.704,1.40266,1.40326,1.17,1.37
2018.03.30 19:53:16.748,1.40268,1.40326,1.17,1.37
2018.03.30 19:53:19.747,1.40268,1.40326,1.04,1.37
2018.03.30 19:53:20.371,1.4027,1.40327,1.92,1.37
2018.03.30 19:53:20.423,1.4027,1.40332,1.54,1.69
2018.03.30 19:53:20.630,1.40268,1.40335,1.79,1.50
2018.03.30 19:53:21.426,1.40265,1.40335,1.17,1.87
2018.03.30 19:53:22.689,1.4027,1.40331,1.04,1.37
2018.03.30 19:53:24.530,1.40262,1.40322,1.42,1.00
2018.03.30 19:53:24.840,1.40263,1.40311,1.42,1.00
2018.03.30 19:53:25.196,1.40263,1.40322,1.17,1.87
2018.03.30 19:53:26.185,1.40269,1.40321,1.04,1.12
2018.03.30 19:53:26.237,1.40261,1.40321,1.17,1.75
2018.03.30 19:53:27.181,1.40261,1.4032,1.17,1.12
2018.03.30 19:53:27.233,1.40264,1.40324,1.42,1.75
2018.03.30 19:53:27.797,1.40264,1.40324,1.42,1.12
2018.03.30 19:53:28.323,1.40264,1.40324,1.17,1.37
2018.03.30 19:53:30.178,1.40261,1.40325,1.17,2.25
2018.03.30 19:53:31.818,1.40292,1.40325,1.04,1.75
2018.03.30 19:53:34.104,1.40262,1.40325,1.17,1.75
2018.03.30 19:53:35.729,1.40266,1.40325,1.04,1.75
2018.03.30 19:53:36.803,1.40264,1.40325,1.17,1.75
2018.03.30 19:53:37.825,1.40262,1.40325,1.17,1.75
2018.03.30 19:53:38.230,1.40262,1.40325,1.17,1.37
2018.03.30 19:53:39.306,1.40265,1.40325,1.17,1.87
2018.03.30 19:53:40.244,1.40263,1.40325,1.92,1.37
2018.03.30 19:53:40.500,1.40265,1.40325,1.17,1.37
2018.03.30 19:53:40.640,1.40272,1.40325,1.42,1.37
2018.03.30 19:53:41.429,1.40282,1.4033,1.17,1.37
2018.03.30 19:53:42.705,1.40279,1.4033,1.17,1.37
2018.03.30 19:53:43.612,1.40273,1.4033,1.17,1.37
2018.03.30 19:53:47.957,1.40271,1.40317,1.04,1.12
2018.03.30 19:53:49.947,1.40271,1.4033,1.04,1.12
2018.03.30 19:53:50.667,1.40262,1.4033,1.17,1.12
2018.03.30 19:53:51.179,1.40262,1.40329,1.17,2.25
2018.03.30 19:53:51.727,1.40263,1.40329,1.17,1.75
2018.03.30 19:53:52.776,1.40273,1.40329,1.42,1.12
2018.03.30 19:53:52.879,1.40284,1.40332,1.17,1.37
2018.03.30 19:53:53.032,1.40269,1.40335,1.17,1.75
2018.03.30 19:53:53.186,1.40269,1.40335,1.17,1.37
2018.03.30 19:53:53.239,1.40269,1.40338,1.42,1.12
2018.03.30 19:53:53.774,1.40269,1.40338,1.17,2.25
2018.03.30 19:53:53.826,1.40268,1.40338,1.17,2.62
2018.03.30 19:53:54.040,1.40266,1.40337,1.79,1.37
2018.03.30 19:53:54.144,1.40282,1.40338,1.42,3.00
2018.03.30 19:53:55.164,1.40284,1.40338,1.17,3.00
2018.03.30 19:53:55.696,1.40274,1.40337,1.17,1.37
2018.03.30 19:53:55.851,1.40261,1.40333,1.17,1.75
2018.03.30 19:53:56.304,1.40259,1.40332,1.79,1.75
2018.03.30 19:53:56.910,1.40261,1.40332,1.17,1.75
2018.03.30 19:53:58.227,1.40262,1.40332,1.17,1.75
2018.03.30 19:54:00.251,1.40264,1.40333,1.54,1.87
2018.03.30 19:54:01.641,1.40265,1.40333,1.79,1.87
2018.03.30 19:54:02.774,1.40266,1.40334,1.17,1.87
2018.03.30 19:54:04.721,1.40265,1.40334,1.17,1.12
2018.03.30 19:54:09.561,1.40266,1.40334,1.17,1.87
2018.03.30 19:54:09.613,1.40267,1.4033,1.04,1.12
2018.03.30 19:54:10.168,1.40267,1.4033,1.04,1.12
2018.03.30 19:54:10.738,1.40258,1.4033,2.67,1.12
2018.03.30 19:54:11.209,1.40259,1.40327,1.92,1.75
2018.03.30 19:54:13.680,1.40268,1.40327,1.04,1.75
2018.03.30 19:54:14.687,1.40257,1.40327,1.79,1.12
2018.03.30 19:54:15.712,1.40259,1.4033,1.92,1.37
2018.03.30 19:54:16.717,1.40267,1.40331,1.17,1.12
2018.03.30 19:54:18.184,1.40263,1.40332,1.17,1.12
2018.03.30 19:54:30.518,1.40266,1.40332,1.17,1.50
2018.03.30 19:54:31.879,1.40264,1.40331,1.17,1.50
2018.03.30 19:54:33.891,1.40262,1.40331,1.79,1.37
2018.03.30 19:54:35.927,1.40266,1.40333,1.17,2.62
2018.03.30 19:54:36.961,1.40264,1.40333,1.17,1.12
2018.03.30 19:54:37.954,1.40264,1.40333,1.79,1.75
2018.03.30 19:54:38.229,1.40264,1.40333,1.79,1.87
2018.03.30 19:54:46.742,1.40263,1.40333,1.17,1.75
2018.03.30 19:54:47.320,1.40271,1.40333,1.42,2.25
2018.03.30 19:54:47.844,1.40269,1.40335,1.17,1.87
2018.03.30 19:54:49.063,1.40262,1.40332,1.42,1.12
2018.03.30 19:54:53.704,1.40264,1.40331,1.79,1.37
2018.03.30 19:54:54.043,1.40267,1.40327,1.04,1.87
2018.03.30 19:54:54.740,1.40267,1.40327,1.04,1.87
2018.03.30 19:54:55.414,1.40276,1.40328,1.04,1.37
2018.03.30 19:54:56.490,1.40264,1.40333,1.79,1.12
2018.03.30 19:54:57.099,1.40268,1.40333,1.04,1.12
2018.03.30 19:54:57.617,1.40271,1.40333,1.42,1.37
2018.03.30 19:54:58.142,1.40264,1.40333,1.17,1.12
2018.03.30 19:54:58.193,1.40262,1.40328,1.92,1.37
2018.03.30 19:54:58.500,1.40267,1.40327,1.42,1.37
2018.03.30 19:54:58.603,1.40264,1.4033,1.79,1.37
2018.03.30 19:54:59.171,1.40266,1.40333,1.54,1.75
2018.03.30 19:55:00.453,1.40273,1.40334,1.42,1.37
2018.03.30 19:55:01.130,1.40273,1.40342,1.42,1.87
2018.03.30 19:55:01.670,1.40274,1.40345,1.42,1.87
2018.03.30 19:55:02.186,1.40278,1.40345,1.17,1.87
2018.03.30 19:55:07.538,1.40278,1.40345,1.17,1.37
2018.03.30 19:55:08.271,1.40278,1.40348,1.17,1.50
2018.03.30 19:55:09.316,1.40283,1.40345,1.79,1.37
2018.03.30 19:55:09.831,1.4028,1.40346,1.17,1.37
2018.03.30 19:55:17.517,1.40273,1.40349,1.92,3.00
2018.03.30 19:55:18.224,1.4027,1.40345,1.92,1.87
2018.03.30 19:55:18.796,1.40269,1.40341,1.17,1.12
2018.03.30 19:55:19.162,1.40269,1.40334,1.17,1.12
2018.03.30 19:55:20.658,1.40273,1.40336,1.04,1.87
2018.03.30 19:55:21.822,1.40268,1.40336,1.92,1.87
2018.03.30 19:55:21.874,1.4027,1.40336,1.79,1.37
2018.03.30 19:55:21.926,1.40275,1.40337,1.17,1.37
2018.03.30 19:55:22.508,1.40275,1.40346,1.17,1.87
2018.03.30 19:55:27.974,1.40274,1.40346,1.17,1.87
2018.03.30 19:55:34.837,1.40283,1.40348,1.17,1.50
2018.03.30 19:55:34.888,1.40291,1.40348,1.17,1.50
2018.03.30 19:55:34.941,1.40308,1.40366,1.00,1.12
2018.03.30 19:55:34.993,1.40308,1.40366,1.37,1.37
2018.03.30 19:55:35.251,1.40323,1.40396,1.75,1.12
2018.03.30 19:55:35.303,1.40322,1.40393,1.12,1.12
2018.03.30 19:55:35.407,1.40328,1.40394,1.12,1.37
2018.03.30 19:55:35.460,1.40333,1.40404,1.49,1.56
2018.03.30 19:55:35.962,1.40339,1.40405,1.12,1.69
2018.03.30 19:55:36.657,1.40337,1.40405,1.75,1.56
2018.03.30 19:55:36.811,1.4034,1.40412,1.12,1.31
2018.03.30 19:55:36.864,1.40337,1.40405,1.87,1.56
2018.03.30 19:55:37.120,1.40334,1.40402,1.37,1.31
2018.03.30 19:55:37.172,1.40328,1.40397,1.12,2.06
2018.03.30 19:55:37.224,1.40327,1.40392,1.12,1.12
2018.03.30 19:55:37.700,1.40321,1.40391,1.12,1.12
2018.03.30 19:55:37.971,1.40319,1.40391,1.37,1.12
2018.03.30 19:55:38.284,1.40319,1.40391,1.37,1.37
2018.03.30 19:55:38.388,1.40315,1.40388,1.75,1.50
2018.03.30 19:55:38.689,1.40312,1.40384,1.12,1.37
2018.03.30 19:55:39.693,1.40311,1.40384,1.12,1.12
2018.03.30 19:55:58.228,1.40311,1.40383,1.12,1.50
2018.03.30 19:56:00.238,1.40309,1.40382,2.25,1.12
2018.03.30 19:56:07.046,1.40309,1.4038,2.25,1.12
2018.03.30 19:56:07.099,1.40312,1.40367,1.00,1.12
2018.03.30 19:56:07.152,1.40297,1.40357,1.17,1.37
2018.03.30 19:56:07.204,1.40283,1.40354,1.79,1.12
2018.03.30 19:56:07.535,1.40285,1.4035,1.04,1.75
2018.03.30 19:56:07.918,1.40282,1.40354,1.17,1.37
2018.03.30 19:56:08.856,1.40282,1.40354,1.17,1.75
2018.03.30 19:56:09.830,1.40279,1.4035,1.17,1.75
2018.03.30 19:56:09.934,1.40281,1.40351,1.17,1.75
2018.03.30 19:56:11.405,1.40281,1.40352,1.79,1.37
2018.03.30 19:56:12.266,1.40282,1.40351,1.92,1.87
2018.03.30 19:56:13.863,1.40282,1.40353,1.17,1.12
2018.03.30 19:56:14.705,1.40282,1.40353,1.17,1.12
2018.03.30 19:56:15.762,1.40275,1.40358,1.17,1.12
2018.03.30 19:56:16.122,1.40276,1.40358,1.17,1.75
2018.03.30 19:56:16.741,1.40276,1.40358,2.29,1.87
2018.03.30 19:56:17.715,1.40278,1.40355,1.17,1.37
2018.03.30 19:56:18.230,1.40278,1.40355,1.17,1.12
2018.03.30 19:56:23.243,1.40277,1.40357,1.42,1.87
2018.03.30 19:56:28.279,1.40268,1.40354,1.79,1.12
2018.03.30 19:56:31.295,1.40276,1.40357,1.54,1.12
2018.03.30 19:56:32.198,1.4027,1.40357,1.79,1.87
2018.03.30 19:56:34.385,1.40268,1.40354,1.17,1.12
2018.03.30 19:56:38.183,1.40267,1.40354,1.79,1.12
2018.03.30 19:56:40.353,1.40265,1.4035,2.29,1.37
2018.03.30 19:56:43.772,1.40267,1.4035,1.17,1.12
2018.03.30 19:56:47.752,1.40265,1.40349,1.92,1.12
2018.03.30 19:56:48.816,1.40266,1.40349,1.17,1.12
2018.03.30 19:56:52.851,1.40266,1.40349,1.92,1.12
2018.03.30 19:56:58.233,1.40266,1.40349,1.92,1.12
2018.03.30 19:56:59.918,1.40264,1.40347,1.92,1.37
2018.03.30 19:57:05.037,1.40264,1.40347,1.92,1.37
2018.03.30 19:57:09.985,1.40264,1.40347,1.79,1.37
2018.03.30 19:57:11.937,1.40264,1.40347,1.92,1.12
2018.03.30 19:57:13.045,1.40264,1.40347,1.79,1.37
2018.03.30 19:57:27.123,1.40263,1.40346,1.17,1.12
2018.03.30 19:57:28.224,1.40271,1.40344,1.04,2.25
2018.03.30 19:57:29.013,1.40268,1.40341,1.92,1.87
2018.03.30 19:57:29.065,1.40267,1.40344,1.17,1.75
2018.03.30 19:57:30.801,1.4027,1.40348,1.17,1.12
2018.03.30 19:57:30.853,1.40275,1.40348,1.79,1.12
2018.03.30 19:57:34.275,1.40266,1.40351,1.17,1.12
2018.03.30 19:57:35.658,1.40266,1.40347,1.17,1.00
2018.03.30 19:57:37.188,1.40267,1.40351,1.79,1.12
2018.03.30 19:57:37.239,1.40274,1.40347,1.42,1.00
2018.03.30 19:57:38.229,1.40266,1.4035,1.17,1.12
2018.03.30 19:57:43.305,1.40262,1.40349,1.79,1.12
2018.03.30 19:57:49.318,1.40274,1.40353,1.54,1.12
2018.03.30 19:57:53.372,1.40277,1.40355,1.17,1.12
2018.03.30 19:57:55.935,1.40268,1.40354,1.17,1.12
2018.03.30 19:57:56.939,1.40279,1.4035,1.42,1.00
2018.03.30 19:57:57.602,1.40269,1.40349,1.17,1.00
2018.03.30 19:57:58.228,1.40269,1.40352,1.17,1.12
2018.03.30 19:57:58.696,1.40269,1.40352,1.17,1.12
2018.03.30 19:57:59.268,1.40273,1.40352,1.54,1.12
2018.03.30 19:58:00.521,1.40281,1.40356,1.17,1.12
2018.03.30 19:58:01.592,1.40279,1.40363,1.17,1.75
2018.03.30 19:58:02.226,1.40279,1.40363,1.17,1.75
2018.03.30 19:58:03.598,1.40277,1.40363,1.17,1.75
2018.03.30 19:58:04.207,1.40275,1.40358,1.17,1.12
2018.03.30 19:58:05.294,1.40277,1.40359,1.79,1.12
2018.03.30 19:58:07.162,1.40274,1.40359,1.17,1.12
2018.03.30 19:58:10.145,1.40274,1.40361,1.17,1.12
2018.03.30 19:58:11.497,1.40272,1.40359,1.17,1.12
2018.03.30 19:58:13.333,1.40274,1.40362,1.17,1.75
2018.03.30 19:58:13.981,1.40273,1.40362,1.17,1.75
2018.03.30 19:58:14.497,1.40278,1.40362,1.17,1.75
2018.03.30 19:58:16.807,1.40271,1.4036,1.17,1.12
2018.03.30 19:58:17.885,1.40277,1.4036,1.17,1.12
2018.03.30 19:58:18.233,1.40278,1.40365,1.17,1.87
2018.03.30 19:58:18.284,1.40278,1.40365,1.17,1.12
2018.03.30 19:58:22.108,1.40283,1.40361,1.17,1.12
2018.03.30 19:58:22.268,1.40283,1.40361,1.17,1.12
2018.03.30 19:58:24.281,1.40279,1.4036,1.17,1.12
2018.03.30 19:58:27.343,1.40278,1.40356,1.79,1.12
2018.03.30 19:58:28.298,1.40275,1.40355,1.17,1.12
2018.03.30 19:58:30.314,1.40276,1.40357,1.17,1.75
2018.03.30 19:58:32.112,1.40276,1.40357,1.17,1.75
2018.03.30 19:58:44.454,1.40273,1.40354,1.79,1.12
2018.03.30 19:58:45.458,1.40274,1.40352,1.17,1.12
2018.03.30 19:58:45.771,1.40274,1.40318,1.17,1.00
2018.03.30 19:58:47.460,1.40278,1.40359,1.92,1.50
2018.03.30 19:58:47.563,1.40284,1.40369,1.54,1.12
2018.03.30 19:58:48.191,1.40293,1.40365,1.42,1.00
2018.03.30 19:58:48.572,1.40293,1.40373,1.92,1.12
2018.03.30 19:58:50.168,1.40294,1.4037,1.17,1.12
2018.03.30 19:58:51.279,1.40291,1.4037,1.17,1.12
2018.03.30 19:58:52.360,1.4029,1.40372,1.17,1.12
2018.03.30 19:58:53.616,1.40293,1.40369,1.79,1.00
2018.03.30 19:58:53.923,1.40293,1.40369,1.17,1.00
2018.03.30 19:58:55.031,1.40293,1.40373,1.17,1.12
2018.03.30 19:58:55.550,1.40293,1.4037,1.17,1.12
2018.03.30 19:58:56.342,1.40292,1.4037,1.17,1.12
2018.03.30 19:58:56.910,1.40297,1.4037,1.04,1.12
2018.03.30 19:58:57.377,1.40292,1.4037,1.17,1.12
2018.03.30 19:58:57.936,1.40288,1.40368,1.92,1.00
2018.03.30 19:58:57.987,1.40288,1.40372,1.17,1.12
2018.03.30 19:58:59.924,1.40292,1.40372,1.17,1.12
2018.03.30 19:59:01.013,1.40293,1.40376,1.17,1.12
2018.03.30 19:59:02.707,1.40296,1.40373,1.17,1.00
2018.03.30 19:59:02.759,1.40296,1.40375,1.17,1.12
2018.03.30 19:59:04.937,1.40291,1.40376,1.17,1.12
2018.03.30 19:59:05.316,1.40293,1.40376,1.17,1.12
2018.03.30 19:59:06.376,1.40304,1.4038,1.00,1.12
2018.03.30 19:59:07.405,1.40293,1.40373,1.79,1.12
2018.03.30 19:59:08.326,1.40293,1.40373,1.17,1.12
2018.03.30 19:59:08.481,1.40291,1.40373,1.17,1.37
2018.03.30 19:59:11.438,1.40289,1.40372,1.17,1.12
2018.03.30 19:59:11.948,1.4029,1.40374,1.79,1.12
2018.03.30 19:59:12.700,1.40295,1.40373,1.17,1.12
2018.03.30 19:59:13.087,1.40293,1.40367,1.17,1.37
2018.03.30 19:59:13.770,1.4029,1.40369,1.17,1.12
2018.03.30 19:59:14.546,1.4029,1.40369,1.17,1.12
2018.03.30 19:59:15.090,1.40294,1.40368,1.54,1.37
2018.03.30 19:59:15.795,1.40294,1.40368,1.54,1.12
2018.03.30 19:59:16.234,1.40285,1.40369,1.79,1.12
2018.03.30 19:59:18.278,1.40286,1.40365,1.17,1.12
2018.03.30 19:59:22.239,1.40283,1.40362,1.17,1.12
2018.03.30 19:59:23.265,1.4028,1.4036,1.17,1.37
2018.03.30 19:59:24.115,1.4029,1.40364,1.79,1.12
2018.03.30 19:59:24.215,1.4029,1.40363,1.79,1.37
2018.03.30 19:59:25.164,1.40293,1.40366,1.17,1.12
2018.03.30 19:59:25.770,1.40293,1.40366,1.17,1.12
2018.03.30 19:59:25.980,1.40298,1.4038,1.42,1.75
2018.03.30 19:59:27.622,1.403,1.40379,1.12,1.12
2018.03.30 19:59:28.335,1.40294,1.40376,1.17,1.12
2018.03.30 19:59:29.561,1.40294,1.40372,1.17,1.00
2018.03.30 19:59:30.757,1.40294,1.4038,1.17,1.12
2018.03.30 19:59:32.093,1.40293,1.40378,1.79,1.12
2018.03.30 19:59:33.619,1.4029,1.40368,1.17,1.00
2018.03.30 19:59:33.966,1.40291,1.40371,1.17,1.12
2018.03.30 19:59:34.860,1.40288,1.4037,1.17,1.12
2018.03.30 19:59:35.871,1.40287,1.40367,1.17,1.12
2018.03.30 19:59:35.974,1.40287,1.40367,1.17,1.12
2018.03.30 19:59:38.385,1.40281,1.40366,1.79,1.12
2018.03.30 19:59:38.488,1.4029,1.40366,1.42,1.12
2018.03.30 19:59:39.682,1.4029,1.40371,1.42,1.75
2018.03.30 19:59:40.209,1.4029,1.40369,1.42,1.12
2018.03.30 19:59:40.487,1.40292,1.40376,1.17,1.75
2018.03.30 19:59:40.591,1.40295,1.40369,1.92,1.12
2018.03.30 19:59:40.920,1.40292,1.40367,1.17,1.12
2018.03.30 19:59:42.604,1.40285,1.4036,1.17,1.37
2018.03.30 19:59:44.864,1.40284,1.40359,1.17,1.12
2018.03.30 19:59:45.226,1.40284,1.40359,1.17,1.12
2018.03.30 19:59:46.725,1.40277,1.40359,1.17,1.12
2018.03.30 19:59:48.730,1.40287,1.40364,1.17,1.12
2018.03.30 19:59:50.428,1.40286,1.40361,1.17,1.12
2018.03.30 19:59:51.442,1.40284,1.40361,1.17,1.12
2018.03.30 19:59:57.472,1.40281,1.40359,1.17,1.12
2018.03.30 19:59:59.375,1.4029,1.40359,1.54,1.12
