2015.08.13 16:00:00.262,1.55954,1.55963,1.15,1.27
2015.08.13 16:00:00.517,1.55954,1.55961,1.15,1.00
2015.08.13 16:00:01.097,1.55954,1.55961,1.20,1.00
2015.08.13 16:00:01.149,1.55954,1.55963,1.20,1.12
2015.08.13 16:00:01.659,1.55956,1.55963,1.27,1.00
2015.08.13 16:00:01.916,1.55956,1.55961,1.27,1.00
2015.08.13 16:00:02.441,1.55953,1.55961,2.62,1.00
2015.08.13 16:00:02.949,1.55951,1.55953,1.42,1.87
2015.08.13 16:00:03.001,1.55951,1.55952,1.00,1.12
2015.08.13 16:00:03.052,1.55943,1.55945,1.00,1.00
2015.08.13 16:00:03.198,1.5594,1.55945,1.07,3.37
2015.08.13 16:00:03.259,1.55939,1.5594,1.00,1.00
2015.08.13 16:00:03.310,1.55937,1.5594,1.10,1.00
2015.08.13 16:00:03.361,1.55935,1.55942,4.12,1.00
2015.08.13 16:00:03.666,1.55933,1.55942,6.07,1.00
2015.08.13 16:00:03.970,1.55933,1.5594,4.95,1.00
2015.08.13 16:00:04.321,1.55933,1.55938,4.57,1.00
2015.08.13 16:00:04.372,1.55933,1.5594,4.57,1.00
2015.08.13 16:00:06.837,1.55934,1.55941,1.20,1.00
2015.08.13 16:00:07.344,1.55934,1.5594,1.57,1.00
2015.08.13 16:00:07.445,1.55935,1.55943,1.17,1.00
2015.08.13 16:00:07.699,1.55937,1.55943,1.07,1.00
2015.08.13 16:00:07.903,1.55937,1.55945,1.07,1.12
2015.08.13 16:00:08.411,1.55937,1.55944,3.82,1.00
2015.08.13 16:00:09.042,1.55937,1.55943,3.45,1.00
2015.08.13 16:00:09.093,1.55936,1.55941,1.57,1.00
2015.08.13 16:00:09.145,1.55935,1.55941,1.27,1.00
2015.08.13 16:00:09.399,1.55933,1.55941,1.95,1.00
2015.08.13 16:00:09.907,1.55933,1.5594,1.20,1.00
2015.08.13 16:00:10.110,1.55933,1.55942,1.20,1.12
2015.08.13 16:00:10.345,1.55936,1.55943,1.12,4.50
2015.08.13 16:00:10.398,1.55936,1.55944,1.95,1.00
2015.08.13 16:00:10.450,1.55936,1.55944,2.70,1.00
2015.08.13 16:00:10.703,1.55936,1.55943,2.32,1.00
2015.08.13 16:00:11.110,1.55934,1.5594,2.32,1.00
2015.08.13 16:00:11.162,1.55934,1.5594,1.20,1.00
2015.08.13 16:00:11.689,1.55933,1.55941,5.02,1.00
2015.08.13 16:00:12.197,1.55933,1.5594,4.20,1.00
2015.08.13 16:00:12.541,1.55933,1.55942,1.65,1.00
2015.08.13 16:00:12.644,1.55935,1.55942,1.12,1.00
2015.08.13 16:00:13.001,1.55935,1.55941,1.65,1.00
2015.08.13 16:00:15.344,1.55933,1.55939,4.20,1.00
2015.08.13 16:00:15.548,1.55931,1.55939,1.12,1.00
2015.08.13 16:00:15.973,1.55931,1.55939,1.95,1.00
2015.08.13 16:00:19.601,1.55931,1.5594,1.95,1.10
2015.08.13 16:00:23.490,1.55933,1.55942,1.20,4.20
2015.08.13 16:00:23.832,1.55936,1.55943,1.17,1.00
2015.08.13 16:00:24.342,1.55935,1.55943,2.02,1.00
2015.08.13 16:00:25.587,1.55936,1.55945,4.57,1.20
2015.08.13 16:00:26.097,1.55937,1.55946,6.07,1.10
2015.08.13 16:00:26.414,1.55937,1.55944,1.57,1.00
2015.08.13 16:00:26.921,1.55937,1.55944,1.57,1.00
2015.08.13 16:00:27.428,1.55937,1.55944,1.27,1.00
2015.08.13 16:00:27.972,1.55937,1.55945,1.27,1.00
2015.08.13 16:00:28.278,1.55948,1.5595,1.50,1.07
2015.08.13 16:00:28.330,1.55949,1.55954,1.00,1.00
2015.08.13 16:00:28.433,1.55947,1.55954,1.50,1.00
2015.08.13 16:00:28.535,1.55948,1.55954,1.00,1.47
2015.08.13 16:00:28.798,1.55946,1.55955,2.70,1.10
2015.08.13 16:00:29.206,1.55946,1.55952,1.20,1.00
2015.08.13 16:00:29.413,1.55941,1.55951,3.45,4.20
2015.08.13 16:00:29.666,1.55941,1.55948,3.37,1.00
2015.08.13 16:00:29.718,1.5594,1.55947,1.10,1.00
2015.08.13 16:00:30.242,1.55938,1.55946,3.90,1.00
2015.08.13 16:00:30.749,1.55938,1.55947,4.65,1.12
2015.08.13 16:00:32.226,1.5594,1.55947,3.37,1.00
2015.08.13 16:00:32.737,1.5594,1.55948,3.37,1.20
2015.08.13 16:00:35.048,1.55942,1.55951,1.50,2.62
2015.08.13 16:00:35.375,1.55944,1.55953,4.50,1.07
2015.08.13 16:00:35.731,1.55947,1.55956,1.12,1.75
2015.08.13 16:00:35.782,1.55947,1.55957,1.20,1.57
2015.08.13 16:00:36.392,1.55947,1.55956,4.57,1.20
2015.08.13 16:00:36.443,1.55946,1.55955,1.12,4.12
2015.08.13 16:00:36.952,1.55946,1.55955,3.75,1.45
2015.08.13 16:00:37.459,1.55945,1.55954,4.12,1.07
2015.08.13 16:00:38.416,1.55947,1.55954,3.37,1.07
2015.08.13 16:00:38.568,1.55948,1.55957,1.00,1.87
2015.08.13 16:00:43.161,1.5595,1.55958,4.12,2.62
2015.08.13 16:00:43.417,1.5595,1.55958,4.12,1.65
2015.08.13 16:00:47.701,1.55949,1.55958,1.50,1.27
2015.08.13 16:00:51.623,1.55949,1.55958,1.00,2.02
2015.08.13 16:00:51.776,1.55946,1.55955,1.57,4.12
2015.08.13 16:00:52.098,1.55944,1.55951,1.12,1.00
2015.08.13 16:00:52.301,1.55945,1.55954,1.45,3.75
2015.08.13 16:00:52.504,1.55949,1.55957,1.00,4.50
2015.08.13 16:00:52.961,1.55947,1.55955,1.00,4.12
2015.08.13 16:00:53.469,1.55946,1.55954,1.00,1.20
2015.08.13 16:00:54.449,1.55947,1.55954,1.00,1.20
2015.08.13 16:00:54.955,1.55948,1.55955,1.00,1.07
2015.08.13 16:00:55.282,1.55948,1.55958,2.62,1.57
2015.08.13 16:00:56.297,1.55953,1.55961,1.00,1.75
2015.08.13 16:00:56.349,1.55953,1.55961,1.00,1.07
2015.08.13 16:00:56.868,1.55953,1.55962,1.10,4.95
2015.08.13 16:00:58.475,1.55953,1.55962,1.10,4.95
2015.08.13 16:01:02.538,1.55954,1.55962,3.34,4.20
2015.08.13 16:01:02.589,1.55956,1.55963,3.75,1.50
2015.08.13 16:01:02.742,1.55957,1.55965,1.50,1.50
2015.08.13 16:01:03.204,1.55956,1.55965,1.95,1.20
2015.08.13 16:01:03.408,1.55956,1.55964,1.00,1.45
2015.08.13 16:01:03.712,1.55948,1.55957,1.12,1.00
2015.08.13 16:01:03.966,1.55952,1.55956,1.00,1.12
2015.08.13 16:01:04.171,1.55953,1.55962,1.00,1.50
2015.08.13 16:01:04.601,1.55956,1.55963,1.00,1.12
2015.08.13 16:01:05.108,1.55954,1.55963,1.20,1.07
2015.08.13 16:01:05.428,1.55953,1.55963,2.25,1.75
2015.08.13 16:01:07.892,1.55953,1.55963,2.25,1.75
2015.08.13 16:01:09.834,1.55954,1.55963,1.37,1.75
2015.08.13 16:01:09.885,1.55954,1.55964,1.57,4.57
2015.08.13 16:01:10.242,1.55954,1.55962,1.00,1.12
2015.08.13 16:01:10.751,1.55953,1.55962,1.87,1.12
2015.08.13 16:01:11.252,1.55954,1.55962,1.00,1.12
2015.08.13 16:01:13.140,1.55955,1.55962,1.00,1.12
2015.08.13 16:01:13.191,1.55955,1.55963,1.00,1.87
2015.08.13 16:01:13.394,1.55956,1.55963,1.00,1.87
2015.08.13 16:01:13.901,1.55955,1.55963,1.12,1.50
2015.08.13 16:01:20.045,1.55953,1.55962,3.15,1.27
2015.08.13 16:01:20.211,1.55951,1.55959,1.50,1.00
2015.08.13 16:01:20.516,1.55952,1.55958,1.00,3.82
2015.08.13 16:01:21.023,1.55953,1.55959,1.00,1.12
2015.08.13 16:01:21.353,1.55953,1.55961,1.00,1.87
2015.08.13 16:01:22.105,1.55954,1.55961,1.00,1.87
2015.08.13 16:01:22.544,1.55954,1.55961,1.00,1.50
2015.08.13 16:01:22.722,1.55956,1.55962,1.00,1.75
2015.08.13 16:01:23.030,1.55961,1.55968,1.12,1.12
2015.08.13 16:01:23.081,1.55961,1.5597,1.12,1.07
2015.08.13 16:01:23.184,1.55965,1.5597,1.00,1.07
2015.08.13 16:01:23.576,1.55964,1.55973,1.00,4.20
2015.08.13 16:01:24.093,1.55965,1.55973,1.00,4.20
2015.08.13 16:01:25.508,1.55966,1.55973,1.00,4.20
2015.08.13 16:01:25.763,1.55967,1.55976,1.00,5.32
2015.08.13 16:01:26.308,1.55968,1.55974,1.00,1.00
2015.08.13 16:01:26.885,1.55968,1.55976,1.00,3.90
2015.08.13 16:01:29.388,1.55968,1.55977,1.00,6.00
2015.08.13 16:01:33.346,1.55967,1.55976,1.27,1.20
2015.08.13 16:01:33.600,1.55965,1.55975,1.17,3.82
2015.08.13 16:01:33.904,1.55964,1.55974,1.12,1.12
2015.08.13 16:01:34.419,1.55967,1.55972,1.00,1.20
2015.08.13 16:01:34.622,1.55967,1.55976,1.00,4.95
2015.08.13 16:01:35.143,1.55968,1.55976,1.00,1.20
2015.08.13 16:01:36.821,1.55966,1.55976,1.57,1.57
2015.08.13 16:01:36.974,1.55965,1.55974,1.10,3.82
2015.08.13 16:01:37.522,1.55965,1.55973,1.00,4.20
2015.08.13 16:01:37.776,1.55965,1.55974,1.00,1.20
2015.08.13 16:01:38.862,1.55967,1.55974,1.00,1.20
2015.08.13 16:01:39.372,1.55968,1.55977,1.27,3.90
2015.08.13 16:01:40.926,1.55968,1.55979,1.27,6.07
2015.08.13 16:01:41.446,1.5597,1.55979,1.00,6.07
2015.08.13 16:01:43.296,1.55969,1.55979,1.20,6.07
2015.08.13 16:01:43.834,1.55969,1.55979,1.07,4.95
2015.08.13 16:01:44.298,1.55971,1.5598,3.37,1.17
2015.08.13 16:01:44.555,1.55973,1.55982,1.20,1.00
2015.08.13 16:01:44.657,1.55974,1.55982,1.57,1.00
2015.08.13 16:01:45.166,1.55974,1.55982,3.37,1.20
2015.08.13 16:01:45.217,1.55973,1.55983,1.20,1.65
2015.08.13 16:01:45.427,1.55973,1.55981,1.00,1.20
2015.08.13 16:01:46.397,1.55971,1.5598,1.50,1.17
2015.08.13 16:01:47.755,1.5597,1.55979,1.50,1.10
2015.08.13 16:01:48.280,1.5597,1.55982,5.62,7.12
2015.08.13 16:01:48.534,1.55968,1.55978,2.32,1.00
2015.08.13 16:01:48.687,1.55968,1.55977,1.57,3.45
2015.08.13 16:01:49.209,1.55968,1.55976,1.95,3.75
2015.08.13 16:01:52.202,1.55967,1.55975,3.07,3.75
2015.08.13 16:01:52.405,1.55966,1.55975,1.20,3.75
2015.08.13 16:01:52.920,1.55967,1.55977,1.50,1.57
2015.08.13 16:01:53.426,1.55967,1.55977,2.62,1.57
2015.08.13 16:01:55.668,1.55966,1.55975,1.95,1.00
2015.08.13 16:01:55.924,1.55966,1.55974,1.00,3.75
2015.08.13 16:01:56.432,1.55966,1.55975,4.87,3.75
2015.08.13 16:01:56.534,1.55967,1.55976,3.37,1.27
2015.08.13 16:01:57.710,1.55967,1.55975,1.12,3.37
2015.08.13 16:01:58.115,1.55965,1.55974,1.20,1.12
2015.08.13 16:01:58.368,1.55967,1.55975,1.00,3.90
2015.08.13 16:01:58.619,1.55968,1.55977,1.12,3.90
2015.08.13 16:02:03.997,1.55967,1.55977,1.57,3.90
2015.08.13 16:02:06.690,1.55966,1.55976,2.32,1.95
2015.08.13 16:02:06.741,1.55966,1.55975,1.95,3.37
2015.08.13 16:02:07.126,1.55963,1.55971,1.20,1.87
2015.08.13 16:02:07.430,1.5596,1.55967,1.00,3.37
2015.08.13 16:02:07.482,1.55957,1.55967,2.70,3.75
2015.08.13 16:02:08.000,1.55958,1.55967,1.12,4.20
2015.08.13 16:02:08.178,1.5596,1.55968,1.00,1.12
2015.08.13 16:02:08.330,1.55961,1.5597,1.00,2.32
2015.08.13 16:02:08.848,1.5596,1.5597,2.62,2.32
2015.08.13 16:02:09.441,1.55959,1.55968,1.37,1.17
2015.08.13 16:02:10.271,1.5596,1.5597,1.00,6.37
2015.08.13 16:02:10.964,1.5596,1.5597,4.12,5.62
2015.08.13 16:02:11.471,1.5596,1.5597,1.00,5.62
2015.08.13 16:02:11.826,1.55958,1.55968,3.37,4.87
2015.08.13 16:02:12.470,1.55957,1.55967,1.10,1.45
2015.08.13 16:02:13.406,1.55956,1.55967,2.25,4.50
2015.08.13 16:02:13.975,1.55958,1.55967,3.75,1.50
2015.08.13 16:02:14.280,1.55958,1.55968,3.90,3.90
2015.08.13 16:02:16.350,1.55958,1.55967,3.90,1.20
2015.08.13 16:02:18.257,1.55957,1.55967,3.00,3.90
2015.08.13 16:02:18.810,1.55958,1.55967,1.20,1.07
2015.08.13 16:02:19.575,1.55958,1.55967,3.45,1.07
2015.08.13 16:02:19.778,1.55959,1.55969,3.37,5.25
2015.08.13 16:02:21.687,1.55958,1.55967,2.02,3.52
2015.08.13 16:02:21.893,1.55958,1.55965,1.20,3.45
2015.08.13 16:02:22.197,1.55958,1.55967,1.12,4.65
2015.08.13 16:02:22.742,1.55957,1.55967,3.45,4.65
2015.08.13 16:02:23.764,1.55958,1.55967,1.00,5.77
2015.08.13 16:02:24.727,1.55958,1.55966,1.00,1.07
2015.08.13 16:02:25.253,1.55956,1.55966,2.25,3.07
2015.08.13 16:02:25.557,1.55954,1.55964,1.37,4.50
2015.08.13 16:02:26.223,1.55954,1.55963,1.00,1.12
2015.08.13 16:02:26.578,1.55959,1.55963,1.00,1.12
2015.08.13 16:02:26.629,1.55959,1.55963,1.12,1.12
2015.08.13 16:02:26.781,1.55967,1.55971,1.00,2.25
2015.08.13 16:02:26.883,1.55966,1.55974,4.12,1.00
2015.08.13 16:02:27.049,1.55966,1.55977,4.87,2.40
2015.08.13 16:02:27.253,1.55966,1.55975,1.27,3.90
2015.08.13 16:02:27.557,1.55964,1.55974,1.50,3.90
2015.08.13 16:02:28.013,1.55964,1.55972,1.00,3.45
2015.08.13 16:02:29.316,1.55965,1.55972,1.00,3.45
2015.08.13 16:02:31.880,1.55964,1.55972,1.00,3.52
2015.08.13 16:02:32.186,1.55962,1.55971,2.25,3.90
2015.08.13 16:02:32.288,1.55962,1.55971,2.25,4.50
2015.08.13 16:02:33.375,1.55964,1.55971,1.00,4.50
2015.08.13 16:02:33.730,1.55964,1.55971,1.00,3.90
2015.08.13 16:02:38.398,1.55964,1.55973,1.00,5.25
2015.08.13 16:02:44.566,1.55965,1.55973,1.00,5.25
2015.08.13 16:02:45.487,1.55966,1.55973,1.00,4.12
2015.08.13 16:02:45.538,1.5597,1.55973,1.50,4.12
2015.08.13 16:02:45.691,1.55971,1.55975,1.00,3.37
2015.08.13 16:02:45.742,1.55971,1.55979,1.00,2.25
2015.08.13 16:02:46.147,1.55974,1.5598,1.00,1.45
2015.08.13 16:02:46.402,1.55973,1.55982,3.45,1.20
2015.08.13 16:02:46.453,1.55973,1.55982,3.07,1.10
2015.08.13 16:02:46.670,1.55974,1.55981,1.12,1.07
2015.08.13 16:02:47.026,1.55974,1.55982,1.87,3.90
2015.08.13 16:02:47.534,1.55974,1.55982,1.12,4.20
2015.08.13 16:02:47.910,1.55972,1.55981,2.25,1.57
2015.08.13 16:02:48.367,1.55968,1.55977,2.25,1.10
2015.08.13 16:02:48.469,1.55968,1.55977,1.57,3.82
2015.08.13 16:02:49.303,1.55968,1.55977,1.57,3.45
2015.08.13 16:02:49.810,1.55968,1.55978,1.95,3.90
2015.08.13 16:02:50.342,1.55968,1.55978,1.95,3.90
2015.08.13 16:02:51.400,1.55967,1.55976,1.95,3.37
2015.08.13 16:02:51.706,1.55967,1.55973,1.47,3.75
2015.08.13 16:02:52.024,1.55966,1.55973,1.10,3.82
2015.08.13 16:02:52.808,1.55965,1.55973,2.62,3.82
2015.08.13 16:02:56.123,1.55965,1.55972,1.00,3.75
2015.08.13 16:02:58.596,1.55964,1.55972,1.50,3.45
2015.08.13 16:02:59.027,1.55964,1.55974,1.87,1.20
2015.08.13 16:03:02.864,1.55966,1.55975,3.75,1.12
2015.08.13 16:03:06.810,1.55967,1.55977,1.12,1.87
2015.08.13 16:03:07.223,1.55973,1.55977,1.00,1.87
2015.08.13 16:03:07.376,1.55974,1.55983,1.50,2.70
2015.08.13 16:03:07.529,1.55976,1.55984,3.37,1.27
2015.08.13 16:03:08.043,1.55977,1.55987,3.75,3.37
2015.08.13 16:03:08.449,1.55976,1.55986,3.75,1.12
2015.08.13 16:03:08.955,1.55978,1.55987,1.00,6.00
2015.08.13 16:03:10.143,1.55977,1.55987,1.00,6.37
2015.08.13 16:03:10.473,1.55978,1.55986,1.00,1.87
2015.08.13 16:03:11.385,1.55981,1.55986,1.00,1.12
2015.08.13 16:03:11.666,1.55985,1.5599,1.00,1.12
2015.08.13 16:03:11.769,1.55986,1.55992,1.00,1.87
2015.08.13 16:03:11.873,1.55988,1.55992,1.00,1.12
2015.08.13 16:03:12.026,1.55988,1.55996,1.00,5.25
2015.08.13 16:03:12.128,1.55988,1.55996,1.00,1.55
2015.08.13 16:03:12.230,1.55988,1.55995,1.00,1.57
2015.08.13 16:03:12.636,1.55987,1.55993,1.00,1.12
2015.08.13 16:03:13.144,1.55986,1.55993,1.00,1.50
2015.08.13 16:03:13.347,1.55986,1.55993,1.00,1.17
2015.08.13 16:03:13.398,1.55988,1.55995,1.00,1.50
2015.08.13 16:03:13.550,1.5599,1.55997,1.00,1.27
2015.08.13 16:03:14.053,1.5599,1.55998,1.00,1.65
2015.08.13 16:03:14.560,1.5599,1.55997,1.00,1.20
2015.08.13 16:03:15.095,1.5599,1.55997,1.00,1.17
2015.08.13 16:03:15.198,1.55988,1.55996,1.12,1.57
2015.08.13 16:03:15.346,1.55988,1.55995,1.00,4.20
2015.08.13 16:03:15.853,1.55987,1.55993,1.12,1.10
2015.08.13 16:03:19.940,1.55988,1.55993,1.00,1.10
2015.08.13 16:03:21.436,1.5599,1.55996,1.00,4.12
2015.08.13 16:03:21.769,1.55994,1.55999,1.12,1.12
2015.08.13 16:03:21.921,1.55994,1.56,1.12,1.17
2015.08.13 16:03:23.896,1.55995,1.56002,1.00,2.21
2015.08.13 16:03:24.451,1.55996,1.56002,1.00,1.87
2015.08.13 16:03:27.603,1.55996,1.56002,1.00,1.17
2015.08.13 16:03:28.151,1.55996,1.56003,1.00,1.27
2015.08.13 16:03:28.659,1.55997,1.56004,1.00,1.20
2015.08.13 16:03:29.202,1.55997,1.56005,1.00,1.95
2015.08.13 16:03:34.684,1.55996,1.56005,1.00,1.57
2015.08.13 16:03:37.875,1.55996,1.56005,1.50,1.12
2015.08.13 16:03:38.939,1.55995,1.56005,1.95,1.20
2015.08.13 16:03:40.699,1.55994,1.56004,5.25,3.45
2015.08.13 16:03:40.801,1.55994,1.56004,4.57,3.82
2015.08.13 16:03:43.482,1.55994,1.56001,3.82,1.37
2015.08.13 16:03:43.635,1.5599,1.55998,1.50,1.00
2015.08.13 16:03:43.787,1.55989,1.55997,1.00,4.57
2015.08.13 16:03:44.315,1.55988,1.55997,1.87,5.25
2015.08.13 16:03:45.227,1.55987,1.55996,2.25,3.52
2015.08.13 16:03:46.021,1.55987,1.55995,1.00,3.90
2015.08.13 16:03:46.527,1.55987,1.55996,1.12,4.87
2015.08.13 16:03:49.736,1.55986,1.55995,1.20,4.95
2015.08.13 16:03:50.393,1.55986,1.55995,1.50,1.00
2015.08.13 16:03:52.507,1.55986,1.55995,1.12,1.15
2015.08.13 16:03:53.972,1.55987,1.55995,1.00,1.27
2015.08.13 16:03:59.140,1.55992,1.55996,1.00,5.62
2015.08.13 16:03:59.354,1.55995,1.56001,1.12,1.12
2015.08.13 16:03:59.412,1.55995,1.56003,1.12,1.20
2015.08.13 16:04:00.284,1.55995,1.56004,4.27,1.20
2015.08.13 16:04:01.248,1.55995,1.56003,3.52,1.00
2015.08.13 16:04:01.637,1.55994,1.56003,1.27,4.27
2015.08.13 16:04:02.143,1.55994,1.56003,1.27,1.20
2015.08.13 16:04:04.148,1.55993,1.56002,4.87,1.50
2015.08.13 16:04:04.266,1.55992,1.56001,4.50,3.45
2015.08.13 16:04:04.576,1.55992,1.55998,1.00,4.12
2015.08.13 16:04:04.678,1.55989,1.55997,1.12,1.87
2015.08.13 16:04:04.780,1.55986,1.55996,3.00,2.02
2015.08.13 16:04:04.882,1.55986,1.55995,1.87,3.37
2015.08.13 16:04:05.408,1.55985,1.55994,2.62,3.75
2015.08.13 16:04:05.917,1.55985,1.55993,1.20,1.50
2015.08.13 16:04:06.463,1.55984,1.55993,1.12,4.57
2015.08.13 16:04:06.769,1.55985,1.5599,1.00,1.00
2015.08.13 16:04:07.073,1.55978,1.55986,1.20,3.75
2015.08.13 16:04:07.589,1.55977,1.55985,1.47,3.82
2015.08.13 16:04:08.095,1.55977,1.55985,1.10,3.82
2015.08.13 16:04:08.197,1.55977,1.55982,1.10,1.00
2015.08.13 16:04:08.350,1.55974,1.55981,1.00,5.25
2015.08.13 16:04:08.593,1.55971,1.5598,6.82,1.27
2015.08.13 16:04:08.949,1.55974,1.55983,1.12,2.62
2015.08.13 16:04:09.103,1.55974,1.55983,1.20,1.07
2015.08.13 16:04:09.205,1.55975,1.55984,1.00,4.27
2015.08.13 16:04:09.731,1.55976,1.55984,1.00,4.27
2015.08.13 16:04:10.241,1.55975,1.55984,1.12,4.95
2015.08.13 16:04:10.689,1.55973,1.55981,2.32,1.00
2015.08.13 16:04:11.196,1.55973,1.55981,2.62,3.90
2015.08.13 16:04:11.247,1.55975,1.55981,1.00,3.52
2015.08.13 16:04:11.501,1.55983,1.55991,1.12,1.20
2015.08.13 16:04:11.836,1.55984,1.55992,1.20,3.82
2015.08.13 16:04:12.344,1.55984,1.55992,1.20,3.37
2015.08.13 16:04:12.853,1.55982,1.5599,1.87,1.07
2015.08.13 16:04:12.956,1.55982,1.55991,1.20,3.82
2015.08.13 16:04:13.464,1.55983,1.55992,2.62,1.17
2015.08.13 16:04:13.971,1.55984,1.55992,1.87,1.00
2015.08.13 16:04:14.178,1.55983,1.55991,1.00,1.50
2015.08.13 16:04:14.280,1.55982,1.55991,1.00,2.25
2015.08.13 16:04:14.786,1.55982,1.55991,1.00,4.95
2015.08.13 16:04:16.022,1.55982,1.55991,1.12,1.50
2015.08.13 16:04:17.378,1.55982,1.55993,1.12,6.37
2015.08.13 16:04:17.685,1.55982,1.55989,1.00,3.37
2015.08.13 16:04:17.990,1.55982,1.5599,1.12,2.25
2015.08.13 16:04:18.506,1.55983,1.5599,1.00,1.12
2015.08.13 16:04:18.608,1.55981,1.5599,1.00,1.12
2015.08.13 16:04:18.659,1.55981,1.55989,1.00,1.12
2015.08.13 16:04:20.197,1.55981,1.5599,1.12,1.75
2015.08.13 16:04:21.537,1.55983,1.55987,1.00,1.45
2015.08.13 16:04:21.740,1.55986,1.55993,1.00,1.75
2015.08.13 16:04:22.371,1.55984,1.55992,1.50,4.50
2015.08.13 16:04:22.827,1.55986,1.55992,1.00,1.75
2015.08.13 16:04:22.878,1.55986,1.55993,1.00,3.82
2015.08.13 16:04:23.030,1.55989,1.55995,1.00,1.75
2015.08.13 16:04:23.651,1.55989,1.55995,1.00,1.12
2015.08.13 16:04:24.158,1.55988,1.55993,1.00,1.15
2015.08.13 16:04:24.666,1.55986,1.55994,1.00,3.00
2015.08.13 16:04:24.936,1.55984,1.55989,1.00,1.12
2015.08.13 16:04:25.240,1.55981,1.55987,1.00,3.82
2015.08.13 16:04:25.646,1.55983,1.5599,1.00,1.87
2015.08.13 16:04:25.850,1.55983,1.55992,2.32,1.20
2015.08.13 16:04:26.018,1.55986,1.55992,1.00,1.20
2015.08.13 16:04:26.323,1.55982,1.5599,3.00,3.82
2015.08.13 16:04:26.374,1.55982,1.55989,2.62,1.07
2015.08.13 16:04:26.986,1.55985,1.55991,1.00,1.50
2015.08.13 16:04:27.038,1.55985,1.55992,1.00,1.87
2015.08.13 16:04:27.161,1.55985,1.55993,1.00,4.57
2015.08.13 16:04:27.677,1.55985,1.55993,1.12,4.50
2015.08.13 16:04:28.134,1.55986,1.55993,1.00,3.90
2015.08.13 16:04:28.673,1.55986,1.55993,1.00,4.20
2015.08.13 16:04:29.182,1.55987,1.55993,1.00,4.50
2015.08.13 16:04:29.689,1.55985,1.55993,1.37,5.25
2015.08.13 16:04:30.212,1.55985,1.55993,1.00,5.25
2015.08.13 16:04:30.719,1.55986,1.55993,1.00,4.95
2015.08.13 16:04:33.230,1.55985,1.55992,1.50,3.52
2015.08.13 16:04:33.737,1.55985,1.55991,1.00,3.82
2015.08.13 16:04:34.416,1.55989,1.55991,1.00,3.82
2015.08.13 16:04:34.620,1.55992,1.55997,1.00,1.12
2015.08.13 16:04:34.773,1.55992,1.56,1.00,1.87
2015.08.13 16:04:35.079,1.55992,1.56001,1.87,4.50
2015.08.13 16:04:36.497,1.55992,1.56,1.50,1.87
2015.08.13 16:04:37.004,1.5599,1.55998,1.12,1.95
2015.08.13 16:04:37.531,1.5599,1.55998,1.12,1.50
2015.08.13 16:04:38.041,1.55989,1.55995,1.00,1.20
2015.08.13 16:04:38.570,1.55987,1.55995,1.00,1.20
2015.08.13 16:04:45.661,1.55988,1.55994,1.00,1.17
2015.08.13 16:04:46.117,1.55987,1.55992,1.00,3.75
2015.08.13 16:04:46.219,1.55985,1.55991,2.25,3.37
2015.08.13 16:04:46.776,1.55986,1.55993,1.00,1.12
2015.08.13 16:04:46.878,1.55986,1.55995,1.00,5.25
2015.08.13 16:04:47.400,1.55985,1.55993,2.25,3.52
2015.08.13 16:04:47.805,1.55986,1.55991,1.00,3.37
2015.08.13 16:04:47.958,1.55983,1.5599,1.00,1.00
2015.08.13 16:04:48.464,1.55982,1.5599,2.62,1.20
2015.08.13 16:04:48.566,1.55984,1.55993,1.37,1.12
2015.08.13 16:04:48.617,1.55984,1.55993,2.32,1.10
2015.08.13 16:04:49.033,1.55986,1.55992,1.00,1.07
2015.08.13 16:04:49.338,1.55984,1.55992,2.32,1.17
2015.08.13 16:04:49.846,1.55985,1.55992,1.00,3.52
2015.08.13 16:04:50.471,1.55984,1.55992,1.50,3.45
2015.08.13 16:04:51.503,1.55984,1.5599,1.50,3.75
2015.08.13 16:04:52.000,1.55983,1.55992,1.87,5.40
2015.08.13 16:04:52.507,1.55986,1.55993,1.00,1.07
2015.08.13 16:04:54.734,1.55985,1.55993,1.57,4.57
2015.08.13 16:04:55.038,1.55987,1.55991,1.00,1.12
2015.08.13 16:04:55.140,1.55985,1.55992,1.50,2.25
2015.08.13 16:04:55.191,1.55985,1.55992,1.50,4.20
2015.08.13 16:04:55.293,1.55985,1.55992,1.50,4.87
2015.08.13 16:04:55.563,1.55984,1.55992,1.12,4.50
2015.08.13 16:04:56.079,1.55981,1.55992,3.00,5.25
2015.08.13 16:04:56.586,1.55983,1.55991,1.12,1.27
2015.08.13 16:04:57.107,1.55982,1.5599,1.87,1.20
2015.08.13 16:04:57.613,1.55983,1.55991,2.70,1.37
2015.08.13 16:04:58.141,1.55983,1.55992,2.62,3.52
2015.08.13 16:04:58.839,1.55983,1.55992,2.25,3.52
2015.08.13 16:04:59.599,1.55983,1.55991,1.37,1.17
2015.08.13 16:04:59.650,1.55982,1.55989,1.12,1.00
2015.08.13 16:04:59.776,1.55982,1.55988,1.12,3.37
2015.08.13 16:04:59.887,1.55979,1.55987,1.50,1.10
2015.08.13 16:04:59.938,1.55979,1.55986,1.57,3.45
2015.08.13 16:05:00.142,1.55977,1.55984,1.20,1.87
2015.08.13 16:05:00.296,1.55977,1.55983,1.00,3.90
2015.08.13 16:05:00.652,1.55973,1.55983,2.70,3.90
2015.08.13 16:05:00.877,1.55973,1.55983,1.10,3.90
2015.08.13 16:05:00.928,1.55973,1.55983,1.47,4.57
2015.08.13 16:05:01.232,1.55973,1.5598,1.00,1.07
2015.08.13 16:05:01.486,1.55972,1.55981,1.87,2.77
2015.08.13 16:05:01.970,1.55974,1.55981,1.12,1.00
2015.08.13 16:05:02.275,1.55975,1.55983,4.12,1.10
2015.08.13 16:05:03.549,1.55974,1.55983,2.25,1.12
2015.08.13 16:05:06.130,1.5598,1.55984,1.00,3.82
2015.08.13 16:05:06.334,1.55983,1.55991,1.12,1.27
2015.08.13 16:05:06.538,1.55984,1.55992,1.00,3.52
2015.08.13 16:05:06.946,1.55983,1.5599,1.00,3.37
2015.08.13 16:05:07.453,1.5598,1.5599,5.25,3.90
2015.08.13 16:05:08.011,1.55981,1.55992,7.12,1.12
2015.08.13 16:05:08.114,1.55983,1.55993,4.50,5.25
2015.08.13 16:05:08.379,1.55984,1.55993,1.20,1.17
2015.08.13 16:05:08.912,1.55983,1.55993,3.45,1.00
2015.08.13 16:05:09.955,1.55983,1.55991,1.20,1.12
2015.08.13 16:05:10.259,1.55989,1.55994,1.12,1.12
2015.08.13 16:05:10.412,1.55992,1.55999,1.00,1.57
2015.08.13 16:05:10.616,1.55992,1.55999,1.00,1.00
2015.08.13 16:05:11.130,1.55991,1.56001,2.62,1.00
2015.08.13 16:05:11.653,1.55993,1.56002,1.50,1.12
2015.08.13 16:05:11.957,1.55993,1.56002,1.87,1.12
2015.08.13 16:05:12.281,1.55991,1.55999,1.50,1.00
2015.08.13 16:05:12.535,1.55988,1.55998,2.32,1.50
2015.08.13 16:05:13.095,1.55989,1.55998,1.00,3.00
2015.08.13 16:05:13.603,1.55988,1.55998,1.57,2.62
2015.08.13 16:05:17.322,1.55986,1.55995,1.47,1.20
2015.08.13 16:05:17.627,1.55984,1.55994,1.87,4.20
2015.08.13 16:05:18.254,1.55984,1.55992,1.87,3.37
2015.08.13 16:05:18.662,1.55984,1.55993,1.57,1.00
2015.08.13 16:05:19.196,1.55985,1.55996,1.57,4.95
2015.08.13 16:05:19.349,1.55987,1.55996,1.00,3.90
2015.08.13 16:05:19.969,1.55987,1.55997,1.20,1.65
2015.08.13 16:05:23.363,1.55987,1.55996,1.10,1.57
2015.08.13 16:05:24.576,1.55984,1.55994,1.87,2.02
2015.08.13 16:05:24.677,1.55984,1.55993,1.00,4.95
2015.08.13 16:05:25.378,1.55984,1.55993,1.50,3.52
2015.08.13 16:05:25.683,1.55984,1.55992,1.50,1.07
2015.08.13 16:05:26.980,1.55984,1.55993,2.25,3.52
2015.08.13 16:05:28.342,1.55989,1.55993,1.00,4.27
2015.08.13 16:05:28.545,1.5599,1.56,2.32,1.87
2015.08.13 16:05:28.646,1.55992,1.56001,1.00,4.57
2015.08.13 16:05:29.552,1.55992,1.56001,1.20,3.82
2015.08.13 16:05:30.425,1.55992,1.56001,1.57,3.45
2015.08.13 16:05:32.847,1.55992,1.56001,2.25,3.37
2015.08.13 16:05:33.312,1.55992,1.55998,1.50,1.12
2015.08.13 16:05:33.515,1.55986,1.55996,3.00,1.20
2015.08.13 16:05:33.567,1.55986,1.55996,1.50,1.20
2015.08.13 16:05:33.618,1.55986,1.55996,1.95,1.57
2015.08.13 16:05:34.274,1.55987,1.55996,1.44,1.10
2015.08.13 16:05:34.579,1.55996,1.56004,3.75,1.87
2015.08.13 16:05:34.682,1.55994,1.56002,3.75,1.10
2015.08.13 16:05:34.784,1.55993,1.56003,2.32,3.07
2015.08.13 16:05:34.936,1.55992,1.56001,3.37,1.50
2015.08.13 16:05:35.483,1.55991,1.56001,4.87,1.45
2015.08.13 16:05:38.429,1.55992,1.56001,1.50,1.45
2015.08.13 16:05:38.684,1.55994,1.56002,1.00,1.20
2015.08.13 16:05:38.786,1.55994,1.56002,1.10,1.00
2015.08.13 16:05:39.501,1.55992,1.56,2.25,1.00
2015.08.13 16:05:39.755,1.5599,1.56,3.82,4.57
2015.08.13 16:05:40.264,1.5599,1.56001,6.82,1.27
2015.08.13 16:05:41.183,1.55991,1.56001,1.07,1.20
2015.08.13 16:05:41.957,1.55992,1.56002,1.12,4.95
2015.08.13 16:05:42.471,1.55993,1.56002,1.20,1.12
2015.08.13 16:05:42.775,1.55993,1.56003,1.57,1.87
2015.08.13 16:05:43.543,1.55993,1.56004,3.75,5.02
2015.08.13 16:05:44.126,1.55993,1.56003,2.32,1.50
2015.08.13 16:05:44.636,1.55993,1.56004,1.12,6.37
2015.08.13 16:05:44.945,1.55994,1.56003,1.17,1.07
2015.08.13 16:05:45.343,1.55994,1.56004,1.57,1.12
2015.08.13 16:05:45.496,1.55993,1.56003,1.57,4.87
2015.08.13 16:05:49.704,1.55993,1.56001,1.20,1.00
2015.08.13 16:05:50.220,1.55993,1.56002,1.20,1.10
2015.08.13 16:05:50.773,1.55993,1.56003,1.57,1.87
2015.08.13 16:05:50.978,1.55992,1.56002,1.10,1.50
2015.08.13 16:05:51.233,1.55991,1.56,3.37,4.27
2015.08.13 16:05:51.988,1.55991,1.56,1.87,5.02
2015.08.13 16:05:52.496,1.55992,1.56,1.00,5.02
2015.08.13 16:05:53.794,1.55992,1.56001,1.87,2.25
2015.08.13 16:05:54.449,1.55991,1.56,1.50,1.50
2015.08.13 16:05:55.664,1.5599,1.55999,1.00,1.20
2015.08.13 16:05:56.218,1.55989,1.55999,3.37,1.20
2015.08.13 16:05:59.045,1.5599,1.55999,1.00,1.20
2015.08.13 16:06:01.201,1.55991,1.55999,1.00,1.20
2015.08.13 16:06:01.507,1.55991,1.56001,1.87,1.07
2015.08.13 16:06:01.826,1.55991,1.56001,1.12,2.25
2015.08.13 16:06:08.295,1.55991,1.56,1.00,3.82
2015.08.13 16:06:09.205,1.55992,1.56,1.12,3.82
2015.08.13 16:06:09.719,1.55991,1.55999,3.00,1.07
2015.08.13 16:06:10.227,1.55991,1.56,3.00,1.12
2015.08.13 16:06:12.925,1.55992,1.56001,1.50,1.75
2015.08.13 16:06:13.452,1.55993,1.56002,1.00,1.87
2015.08.13 16:06:13.604,1.55993,1.56002,1.07,1.12
2015.08.13 16:06:13.908,1.55993,1.56003,5.25,1.00
2015.08.13 16:06:14.690,1.55993,1.56003,5.02,1.20
2015.08.13 16:06:16.012,1.55994,1.56004,3.90,1.10
2015.08.13 16:06:16.538,1.55994,1.56004,3.45,4.20
2015.08.13 16:06:17.156,1.55994,1.56002,4.57,1.00
2015.08.13 16:06:17.687,1.55992,1.56002,5.40,3.45
2015.08.13 16:06:18.209,1.55993,1.56001,1.00,1.45
2015.08.13 16:06:19.430,1.55993,1.56001,1.50,1.45
2015.08.13 16:06:19.583,1.55994,1.56003,4.50,1.12
2015.08.13 16:06:22.541,1.55994,1.56003,1.10,4.95
2015.08.13 16:06:23.048,1.55994,1.56003,1.00,5.62
2015.08.13 16:06:23.584,1.55993,1.56002,1.00,1.12
2015.08.13 16:06:24.142,1.55995,1.56002,1.00,1.07
2015.08.13 16:06:24.244,1.55995,1.56004,1.12,4.95
2015.08.13 16:06:24.819,1.55993,1.56003,1.95,4.20
2015.08.13 16:06:25.023,1.55993,1.56002,1.87,1.50
2015.08.13 16:06:25.531,1.55993,1.56001,1.50,1.12
2015.08.13 16:06:28.339,1.55993,1.56003,2.77,5.62
2015.08.13 16:06:28.507,1.55993,1.56003,3.07,5.62
2015.08.13 16:06:29.116,1.55995,1.56004,1.20,3.82
2015.08.13 16:06:29.620,1.55995,1.56005,1.17,1.20
2015.08.13 16:06:30.127,1.55994,1.56005,6.37,1.95
2015.08.13 16:06:30.723,1.55995,1.56006,1.20,4.95
2015.08.13 16:06:31.635,1.55998,1.56007,4.87,1.95
2015.08.13 16:06:31.737,1.56,1.5601,1.00,2.32
2015.08.13 16:06:31.960,1.56,1.5601,2.25,2.25
2015.08.13 16:06:32.164,1.56,1.5601,1.10,2.70
2015.08.13 16:06:32.520,1.56001,1.5601,1.27,1.07
2015.08.13 16:06:33.702,1.56001,1.56011,1.50,3.37
2015.08.13 16:06:34.367,1.55998,1.56008,5.02,1.20
2015.08.13 16:06:34.469,1.55998,1.56007,1.12,1.45
2015.08.13 16:06:34.930,1.55996,1.56005,5.25,1.12
2015.08.13 16:06:35.968,1.55996,1.56005,1.00,1.87
2015.08.13 16:06:36.590,1.55995,1.56005,3.00,1.12
2015.08.13 16:06:36.895,1.55998,1.56005,1.00,1.12
2015.08.13 16:06:37.000,1.55998,1.56007,1.20,4.95
2015.08.13 16:06:37.103,1.55999,1.56008,1.87,1.50
2015.08.13 16:06:37.356,1.56,1.5601,1.15,1.87
2015.08.13 16:06:38.169,1.56,1.5601,1.65,1.87
2015.08.13 16:06:38.746,1.55999,1.56009,7.12,4.12
2015.08.13 16:06:40.524,1.55998,1.56008,3.37,1.00
2015.08.13 16:06:41.761,1.55998,1.56008,1.27,1.20
2015.08.13 16:06:42.596,1.55998,1.56007,1.17,2.25
2015.08.13 16:06:43.104,1.55997,1.56005,3.52,1.00
2015.08.13 16:06:43.637,1.55997,1.56006,1.07,1.87
2015.08.13 16:06:44.346,1.55997,1.56005,4.57,1.00
2015.08.13 16:06:44.499,1.55996,1.56005,1.00,1.50
2015.08.13 16:06:45.025,1.55995,1.56005,1.95,1.00
2015.08.13 16:06:45.228,1.55995,1.56003,2.32,3.37
2015.08.13 16:06:45.684,1.55992,1.56002,4.57,4.95
2015.08.13 16:06:46.535,1.55991,1.55997,1.57,1.00
2015.08.13 16:06:46.587,1.5599,1.55997,1.10,1.37
2015.08.13 16:06:46.688,1.55988,1.55996,1.10,4.87
2015.08.13 16:06:46.790,1.55986,1.55995,1.57,1.87
2015.08.13 16:06:47.464,1.55985,1.55995,1.95,2.25
2015.08.13 16:06:47.717,1.55984,1.55994,3.90,1.87
2015.08.13 16:06:48.250,1.55983,1.55993,3.82,4.50
2015.08.13 16:06:49.035,1.55982,1.55992,1.12,5.02
2015.08.13 16:06:49.464,1.55983,1.55993,5.25,1.87
2015.08.13 16:06:49.769,1.55984,1.55995,5.32,2.62
2015.08.13 16:06:50.326,1.55983,1.55993,4.57,1.12
2015.08.13 16:06:50.663,1.55981,1.5599,1.00,1.20
2015.08.13 16:06:50.968,1.5598,1.55988,1.37,1.07
2015.08.13 16:06:51.327,1.55978,1.55988,1.57,1.95
2015.08.13 16:06:51.479,1.55976,1.55986,5.40,3.45
2015.08.13 16:06:51.857,1.55976,1.55986,1.10,4.20
2015.08.13 16:06:52.060,1.55975,1.55986,2.32,4.87
2015.08.13 16:06:52.365,1.55979,1.55987,1.00,1.50
2015.08.13 16:06:52.416,1.5598,1.55988,1.00,3.82
2015.08.13 16:06:52.620,1.55978,1.55988,1.57,1.87
2015.08.13 16:06:53.073,1.5598,1.55988,1.00,1.12
2015.08.13 16:06:53.380,1.55979,1.55988,1.65,3.37
2015.08.13 16:06:53.481,1.55979,1.5599,5.02,1.87
2015.08.13 16:06:53.741,1.5598,1.55989,1.20,1.50
2015.08.13 16:06:54.150,1.55981,1.5599,2.70,4.12
2015.08.13 16:06:54.404,1.55983,1.55994,1.50,4.20
2015.08.13 16:06:54.809,1.55983,1.55993,1.50,1.12
2015.08.13 16:06:55.539,1.55983,1.55991,1.12,1.57
2015.08.13 16:06:55.843,1.55981,1.5599,1.00,2.25
2015.08.13 16:06:56.250,1.55982,1.55992,1.50,2.62
2015.08.13 16:06:56.501,1.55983,1.55992,3.75,1.95
2015.08.13 16:06:57.788,1.55984,1.55994,4.12,5.02
2015.08.13 16:06:58.296,1.55984,1.55993,1.00,1.45
2015.08.13 16:06:58.809,1.55982,1.55993,5.02,2.25
2015.08.13 16:06:59.192,1.5598,1.55989,1.50,3.45
2015.08.13 16:06:59.243,1.5598,1.55989,1.12,3.82
2015.08.13 16:06:59.345,1.5598,1.55989,4.50,1.75
2015.08.13 16:06:59.447,1.5598,1.5599,4.50,4.20
2015.08.13 16:06:59.802,1.55981,1.55992,6.07,1.57
2015.08.13 16:07:00.125,1.55984,1.55993,1.00,2.40
2015.08.13 16:07:00.632,1.55984,1.55994,4.12,3.37
2015.08.13 16:07:01.857,1.55984,1.55993,3.37,1.57
2015.08.13 16:07:01.908,1.55982,1.55992,2.02,1.10
2015.08.13 16:07:02.414,1.55982,1.55992,1.95,2.62
2015.08.13 16:07:02.820,1.55982,1.55992,1.95,1.12
2015.08.13 16:07:03.075,1.55985,1.55994,3.37,1.00
2015.08.13 16:07:03.588,1.55984,1.55995,5.62,2.32
2015.08.13 16:07:05.630,1.55984,1.55994,5.25,1.50
2015.08.13 16:07:19.373,1.55985,1.55993,1.00,2.25
2015.08.13 16:07:19.830,1.55985,1.55995,1.12,3.00
2015.08.13 16:07:20.340,1.55984,1.55993,1.87,1.10
2015.08.13 16:07:20.866,1.55984,1.55993,1.87,1.10
2015.08.13 16:07:22.659,1.55984,1.55993,1.50,1.47
2015.08.13 16:07:22.812,1.55983,1.5599,1.20,4.12
2015.08.13 16:07:23.015,1.55979,1.5599,5.25,5.25
2015.08.13 16:07:23.235,1.55982,1.5599,1.00,1.00
2015.08.13 16:07:23.590,1.55982,1.55992,5.62,4.50
2015.08.13 16:07:24.200,1.55982,1.55991,5.25,1.12
2015.08.13 16:07:24.302,1.55981,1.55992,1.10,4.57
2015.08.13 16:07:24.353,1.55981,1.5599,1.20,4.50
2015.08.13 16:07:24.877,1.5598,1.55991,3.00,5.62
2015.08.13 16:07:25.384,1.5598,1.5599,1.87,3.82
2015.08.13 16:07:26.331,1.5598,1.5599,1.87,1.10
2015.08.13 16:07:26.851,1.5598,1.5599,1.50,3.82
2015.08.13 16:07:29.996,1.55981,1.5599,1.00,4.57
2015.08.13 16:07:30.540,1.5598,1.55989,1.12,3.37
2015.08.13 16:07:33.272,1.55979,1.55989,2.70,4.12
2015.08.13 16:07:33.577,1.5598,1.55989,4.12,1.12
2015.08.13 16:07:33.983,1.55979,1.55989,1.50,1.27
2015.08.13 16:07:34.086,1.55979,1.55987,1.00,1.00
2015.08.13 16:07:34.583,1.55979,1.5599,1.50,5.25
2015.08.13 16:07:34.788,1.5598,1.55987,1.00,1.00
2015.08.13 16:07:35.094,1.55975,1.55983,1.95,1.00
2015.08.13 16:07:35.406,1.55975,1.55983,1.20,1.00
2015.08.13 16:07:35.913,1.55975,1.55984,1.65,3.37
2015.08.13 16:07:38.147,1.55974,1.55981,4.57,1.00
2015.08.13 16:07:38.198,1.55972,1.5598,1.00,1.07
2015.08.13 16:07:38.655,1.55973,1.55982,1.00,4.95
2015.08.13 16:07:38.961,1.55974,1.55983,4.12,1.95
2015.08.13 16:07:43.056,1.55973,1.55982,1.57,1.20
2015.08.13 16:07:43.385,1.55974,1.55982,1.00,2.25
2015.08.13 16:07:43.437,1.55974,1.55982,1.00,1.57
2015.08.13 16:07:43.944,1.55974,1.55982,1.00,1.00
2015.08.13 16:07:44.464,1.55973,1.55982,2.25,1.00
2015.08.13 16:07:44.983,1.55973,1.55982,1.12,5.40
2015.08.13 16:07:45.902,1.55973,1.55982,2.02,1.00
2015.08.13 16:07:46.409,1.55974,1.55982,1.20,1.20
2015.08.13 16:07:49.961,1.55975,1.55983,3.37,1.27
2015.08.13 16:07:50.166,1.55975,1.55985,3.82,5.32
2015.08.13 16:07:50.475,1.55974,1.55983,2.32,3.37
2015.08.13 16:07:59.229,1.55974,1.55981,1.12,1.00
2015.08.13 16:07:59.524,1.55972,1.55981,3.00,1.17
2015.08.13 16:08:00.802,1.55971,1.5598,2.62,4.20
2015.08.13 16:08:01.334,1.5597,1.55979,2.25,4.57
2015.08.13 16:08:01.863,1.5597,1.55979,1.87,4.57
2015.08.13 16:08:02.218,1.55971,1.55981,5.25,4.50
2015.08.13 16:08:02.269,1.55971,1.55981,5.62,3.90
2015.08.13 16:08:04.470,1.55972,1.55982,1.57,1.95
2015.08.13 16:08:06.267,1.55972,1.55982,1.57,1.20
2015.08.13 16:08:07.155,1.55972,1.55982,1.57,1.20
2015.08.13 16:08:07.638,1.55974,1.55983,1.10,1.57
2015.08.13 16:08:08.146,1.55974,1.55983,1.00,1.27
2015.08.13 16:08:09.067,1.55973,1.55983,1.10,4.65
2015.08.13 16:08:09.624,1.55972,1.55983,3.07,4.65
2015.08.13 16:08:09.928,1.55972,1.55983,2.32,4.65
2015.08.13 16:08:10.517,1.55973,1.55983,1.37,4.95
2015.08.13 16:08:11.024,1.55972,1.55982,2.32,1.20
2015.08.13 16:08:11.277,1.55972,1.55981,1.00,1.20
2015.08.13 16:08:12.233,1.55971,1.5598,1.50,3.52
2015.08.13 16:08:13.826,1.55972,1.55981,1.12,2.32
2015.08.13 16:08:13.877,1.55972,1.55981,1.50,1.57
2015.08.13 16:08:14.586,1.55972,1.55981,1.37,1.10
2015.08.13 16:08:16.137,1.55972,1.55981,1.50,4.20
2015.08.13 16:08:16.701,1.55972,1.55982,1.00,5.02
2015.08.13 16:08:16.908,1.55973,1.55983,3.37,5.70
2015.08.13 16:08:17.111,1.55974,1.55983,4.12,1.20
2015.08.13 16:08:17.645,1.55974,1.55983,4.12,1.27
2015.08.13 16:08:19.118,1.55973,1.55983,1.50,5.02
2015.08.13 16:08:19.719,1.55972,1.5598,1.37,1.50
2015.08.13 16:08:19.770,1.55971,1.5598,1.65,1.00
2015.08.13 16:08:19.821,1.55971,1.55979,1.27,3.37
2015.08.13 16:08:19.973,1.55971,1.55981,1.50,1.87
2015.08.13 16:08:20.075,1.55971,1.55981,1.00,2.32
2015.08.13 16:08:21.240,1.55971,1.55982,4.57,2.70
2015.08.13 16:08:21.942,1.55972,1.55982,3.75,1.57
2015.08.13 16:08:22.094,1.55973,1.55983,3.00,1.57
2015.08.13 16:08:22.145,1.55975,1.55983,3.37,1.20
2015.08.13 16:08:22.551,1.55975,1.55983,3.37,1.12
2015.08.13 16:08:22.653,1.55975,1.55985,3.45,4.95
2015.08.13 16:08:25.816,1.55975,1.55985,3.37,5.25
2015.08.13 16:08:26.677,1.55975,1.55984,3.37,1.20
2015.08.13 16:08:27.291,1.55975,1.55985,3.37,4.50
2015.08.13 16:08:35.887,1.55975,1.55983,3.37,1.00
2015.08.13 16:08:36.342,1.55974,1.55982,1.00,1.12
2015.08.13 16:08:36.564,1.55972,1.55981,1.87,1.20
2015.08.13 16:08:37.071,1.55972,1.55982,1.87,3.37
2015.08.13 16:08:37.122,1.55972,1.55982,1.87,3.37
2015.08.13 16:08:38.562,1.55972,1.55977,1.00,1.00
2015.08.13 16:08:39.107,1.55969,1.55978,2.25,5.02
2015.08.13 16:08:39.614,1.5597,1.55977,1.00,1.20
2015.08.13 16:08:41.165,1.55969,1.55978,1.87,5.02
2015.08.13 16:08:42.179,1.55969,1.55978,2.25,5.32
2015.08.13 16:08:42.685,1.55969,1.55978,1.87,4.87
2015.08.13 16:08:49.180,1.55969,1.55979,4.12,3.00
2015.08.13 16:08:53.876,1.55969,1.55977,1.50,1.95
2015.08.13 16:08:54.382,1.55968,1.55978,1.12,1.87
2015.08.13 16:08:54.484,1.55969,1.55978,3.37,1.50
2015.08.13 16:08:58.202,1.55968,1.55976,3.75,1.17
2015.08.13 16:08:58.507,1.55967,1.55976,5.62,1.87
2015.08.13 16:08:59.107,1.55969,1.55976,1.00,1.12
2015.08.13 16:08:59.513,1.55967,1.55977,4.87,1.50
2015.08.13 16:08:59.818,1.55964,1.55974,3.82,1.65
2015.08.13 16:08:59.920,1.55963,1.55973,1.12,1.27
2015.08.13 16:09:00.072,1.55963,1.55972,1.12,1.20
2015.08.13 16:09:00.611,1.55964,1.55972,1.00,1.95
2015.08.13 16:09:02.033,1.55961,1.5597,5.70,1.10
2015.08.13 16:09:02.388,1.55961,1.55967,2.62,1.00
2015.08.13 16:09:02.607,1.55959,1.55967,1.12,1.00
2015.08.13 16:09:03.621,1.55959,1.55966,1.12,1.00
2015.08.13 16:09:04.132,1.55959,1.55966,1.00,1.07
2015.08.13 16:09:04.841,1.55959,1.55969,1.87,2.62
2015.08.13 16:09:05.124,1.55961,1.5597,4.57,4.27
2015.08.13 16:09:08.137,1.55963,1.5597,1.00,1.07
2015.08.13 16:09:08.301,1.55963,1.55971,1.12,1.20
2015.08.13 16:09:08.809,1.55963,1.5597,1.12,1.10
2015.08.13 16:09:09.947,1.55961,1.5597,1.87,1.10
2015.08.13 16:09:10.099,1.55962,1.5597,3.37,1.10
2015.08.13 16:09:11.261,1.55965,1.55972,1.00,1.57
2015.08.13 16:09:11.415,1.55968,1.55975,1.00,2.02
2015.08.13 16:09:11.467,1.55969,1.55976,1.37,3.82
2015.08.13 16:09:11.619,1.55971,1.55978,1.00,1.12
2015.08.13 16:09:11.923,1.55971,1.55981,1.50,2.02
2015.08.13 16:09:12.343,1.55972,1.55981,3.45,1.07
2015.08.13 16:09:12.903,1.55974,1.55982,3.37,1.20
2015.08.13 16:09:13.157,1.55974,1.55984,4.57,1.07
2015.08.13 16:09:13.209,1.55976,1.55983,3.37,1.10
2015.08.13 16:09:13.589,1.55979,1.55984,1.00,3.75
2015.08.13 16:09:13.843,1.55982,1.55988,3.37,1.00
2015.08.13 16:09:13.894,1.55982,1.55992,3.37,4.65
2015.08.13 16:09:14.620,1.55984,1.55992,3.37,1.10
2015.08.13 16:09:15.127,1.55984,1.55993,3.37,1.20
2015.08.13 16:09:15.229,1.55982,1.55993,5.77,4.20
2015.08.13 16:09:15.733,1.55984,1.55993,1.20,1.00
2015.08.13 16:09:15.886,1.55985,1.55995,1.20,1.20
2015.08.13 16:09:16.392,1.55985,1.55996,4.95,1.27
2015.08.13 16:09:17.514,1.55986,1.55994,1.00,1.00
2015.08.13 16:09:20.390,1.55984,1.5599,1.65,1.00
2015.08.13 16:09:20.644,1.55981,1.5599,4.95,1.00
2015.08.13 16:09:21.151,1.55982,1.55992,1.57,1.20
2015.08.13 16:09:21.657,1.55982,1.55991,1.95,1.00
2015.08.13 16:09:22.165,1.55982,1.55992,2.70,1.12
2015.08.13 16:09:22.622,1.55985,1.55994,4.50,1.10
2015.08.13 16:09:24.812,1.55985,1.55994,5.32,1.00
2015.08.13 16:09:25.556,1.55985,1.55992,5.32,1.00
2015.08.13 16:09:25.810,1.55983,1.55991,1.65,1.00
2015.08.13 16:09:26.317,1.55984,1.55992,1.12,1.20
2015.08.13 16:09:28.601,1.55983,1.55986,4.27,1.00
2015.08.13 16:09:28.652,1.55982,1.55985,1.20,1.00
2015.08.13 16:09:28.906,1.55977,1.55984,1.47,1.00
2015.08.13 16:09:31.112,1.55977,1.55985,1.07,1.00
2015.08.13 16:09:31.993,1.55976,1.55985,1.17,1.87
2015.08.13 16:09:32.197,1.55976,1.55983,1.10,1.00
2015.08.13 16:09:32.701,1.55975,1.55983,1.12,1.10
2015.08.13 16:09:33.006,1.55973,1.55982,1.12,3.75
2015.08.13 16:09:33.512,1.55972,1.55982,1.12,4.87
2015.08.13 16:09:33.859,1.55972,1.55979,1.12,1.00
2015.08.13 16:09:34.062,1.55969,1.55979,2.77,2.25
2015.08.13 16:09:34.569,1.55971,1.5598,1.12,4.87
2015.08.13 16:09:36.187,1.55973,1.55982,1.12,3.52
2015.08.13 16:09:36.377,1.55974,1.55983,1.50,1.20
2015.08.13 16:09:36.479,1.55975,1.55983,3.37,1.20
2015.08.13 16:09:38.783,1.55974,1.55983,1.27,1.12
2015.08.13 16:09:45.622,1.55973,1.55984,2.70,6.00
2015.08.13 16:09:57.180,1.55974,1.55984,1.07,5.32
2015.08.13 16:10:01.223,1.55975,1.55985,1.57,3.45
2015.08.13 16:10:06.608,1.5598,1.55985,1.00,1.20
2015.08.13 16:10:06.862,1.55982,1.55991,1.95,3.75
2015.08.13 16:10:07.384,1.55983,1.55992,3.75,1.50
2015.08.13 16:10:07.940,1.55986,1.55993,1.00,4.20
2015.08.13 16:10:08.198,1.55986,1.55995,1.57,1.87
2015.08.13 16:10:08.807,1.55985,1.55994,1.50,3.82
2015.08.13 16:10:08.908,1.55984,1.55994,1.57,3.75
2015.08.13 16:10:14.478,1.55985,1.55994,2.32,3.75
2015.08.13 16:10:16.676,1.55983,1.55994,2.70,4.57
2015.08.13 16:10:17.511,1.55983,1.55993,1.95,1.00
2015.08.13 16:10:18.038,1.55983,1.55993,2.25,1.50
2015.08.13 16:10:18.242,1.55985,1.55995,1.87,6.00
2015.08.13 16:10:18.293,1.55985,1.55995,2.25,1.87
2015.08.13 16:10:18.814,1.55985,1.55995,2.25,1.20
2015.08.13 16:10:19.973,1.55987,1.55996,1.07,5.25
2015.08.13 16:10:20.495,1.55987,1.55996,1.50,4.87
2015.08.13 16:10:21.339,1.55987,1.55996,1.10,6.07
2015.08.13 16:10:26.421,1.55985,1.55995,1.95,1.20
2015.08.13 16:10:27.197,1.55985,1.55994,1.95,1.00
2015.08.13 16:10:27.703,1.55986,1.55994,4.20,1.00
2015.08.13 16:10:28.814,1.55987,1.55994,1.07,1.00
2015.08.13 16:10:30.222,1.55987,1.55995,1.07,1.12
2015.08.13 16:10:31.676,1.55986,1.55994,1.50,3.75
2015.08.13 16:10:32.225,1.55986,1.55995,1.87,5.62
2015.08.13 16:10:34.246,1.55985,1.55994,2.32,1.12
2015.08.13 16:10:38.380,1.55984,1.55994,1.75,4.87
2015.08.13 16:10:38.899,1.55984,1.55993,1.50,1.10
2015.08.13 16:10:40.503,1.55986,1.55994,1.00,1.12
2015.08.13 16:10:40.706,1.55987,1.55995,1.07,1.87
2015.08.13 16:10:41.273,1.55986,1.55995,1.10,5.32
2015.08.13 16:10:42.446,1.55985,1.55995,1.57,5.32
2015.08.13 16:10:44.168,1.55984,1.55995,2.25,5.32
2015.08.13 16:10:44.692,1.55984,1.55995,2.25,6.00
2015.08.13 16:10:45.250,1.55984,1.55995,2.25,6.00
2015.08.13 16:10:46.260,1.55984,1.55995,2.25,6.00
2015.08.13 16:10:48.280,1.55984,1.55995,2.25,6.00
2015.08.13 16:10:51.104,1.55988,1.55995,1.00,2.25
2015.08.13 16:10:55.684,1.55989,1.55995,1.00,3.00
2015.08.13 16:10:57.436,1.55988,1.55994,1.00,1.20
2015.08.13 16:10:57.740,1.55988,1.55993,1.00,3.45
2015.08.13 16:10:58.045,1.55992,1.55996,1.00,1.47
2015.08.13 16:10:58.299,1.55997,1.56002,1.00,3.07
2015.08.13 16:10:58.552,1.55999,1.56001,1.00,1.00
2015.08.13 16:10:58.687,1.56,1.56004,1.00,1.75
2015.08.13 16:10:58.739,1.56,1.56003,1.00,1.12
2015.08.13 16:10:58.892,1.56003,1.56011,1.00,1.87
2015.08.13 16:10:58.994,1.56003,1.56011,1.00,3.00
2015.08.13 16:10:59.501,1.56004,1.56011,1.00,1.10
2015.08.13 16:11:00.030,1.56003,1.56011,1.10,1.17
2015.08.13 16:11:00.537,1.56004,1.56012,1.00,2.62
2015.08.13 16:11:02.273,1.56005,1.56013,1.00,1.87
2015.08.13 16:11:02.802,1.56005,1.56014,1.10,6.00
2015.08.13 16:11:04.581,1.56005,1.56014,1.20,5.62
2015.08.13 16:11:04.682,1.56007,1.56014,1.00,5.62
2015.08.13 16:11:04.988,1.5601,1.56016,1.00,4.95
2015.08.13 16:11:05.339,1.56009,1.56016,1.00,3.00
2015.08.13 16:11:05.491,1.56007,1.56015,1.20,1.20
2015.08.13 16:11:06.213,1.56008,1.56015,1.00,1.20
2015.08.13 16:11:09.226,1.56009,1.56016,1.00,4.65
2015.08.13 16:11:09.979,1.56009,1.56017,1.00,4.50
2015.08.13 16:11:10.336,1.56011,1.56017,1.00,4.50
2015.08.13 16:11:10.845,1.56011,1.56018,1.00,4.20
2015.08.13 16:11:11.315,1.56008,1.56018,1.95,1.57
2015.08.13 16:11:11.366,1.56009,1.56016,1.10,3.75
2015.08.13 16:11:11.670,1.56012,1.56015,1.00,1.37
2015.08.13 16:11:11.722,1.56011,1.56015,1.00,1.00
2015.08.13 16:11:11.773,1.56011,1.56018,1.00,3.75
2015.08.13 16:11:12.053,1.56015,1.56021,1.00,3.82
2015.08.13 16:11:13.856,1.56014,1.56021,1.00,3.52
2015.08.13 16:11:14.529,1.56013,1.56021,2.02,3.52
2015.08.13 16:11:17.022,1.56013,1.56021,1.20,3.37
2015.08.13 16:11:18.926,1.56013,1.56021,1.50,3.37
2015.08.13 16:11:21.195,1.56014,1.56023,1.50,1.00
2015.08.13 16:11:23.270,1.56014,1.56022,1.50,3.37
2015.08.13 16:11:23.791,1.56014,1.56023,1.20,4.57
2015.08.13 16:11:24.297,1.56014,1.56023,1.10,4.95
2015.08.13 16:11:24.804,1.56015,1.56023,1.00,5.32
2015.08.13 16:11:26.587,1.56014,1.56022,1.10,1.20
2015.08.13 16:11:27.113,1.56015,1.56022,1.00,1.07
2015.08.13 16:11:27.624,1.56016,1.56022,1.00,1.57
2015.08.13 16:11:28.526,1.56015,1.56022,1.00,1.57
2015.08.13 16:11:30.624,1.56016,1.56022,1.00,1.57
2015.08.13 16:11:31.802,1.56015,1.56022,1.10,1.50
2015.08.13 16:11:32.966,1.56016,1.56022,1.00,4.57
2015.08.13 16:11:33.272,1.56018,1.56024,1.00,1.20
2015.08.13 16:11:33.877,1.56017,1.56024,1.00,1.20
2015.08.13 16:11:35.937,1.56016,1.56023,1.10,1.10
2015.08.13 16:11:38.587,1.56016,1.56023,1.00,1.20
2015.08.13 16:11:45.391,1.56015,1.56023,1.87,1.50
2015.08.13 16:11:45.898,1.56015,1.56022,1.12,1.00
2015.08.13 16:11:46.446,1.56014,1.56021,1.00,1.00
2015.08.13 16:11:48.210,1.56015,1.56022,1.00,1.27
2015.08.13 16:11:48.656,1.56013,1.56022,1.12,1.27
2015.08.13 16:11:56.993,1.56011,1.5602,7.20,1.00
2015.08.13 16:11:57.177,1.56011,1.56016,1.12,1.12
2015.08.13 16:11:57.228,1.56007,1.56015,1.20,1.12
2015.08.13 16:11:57.381,1.56005,1.56014,3.00,1.95
2015.08.13 16:11:57.482,1.56005,1.56013,1.87,1.27
2015.08.13 16:11:57.989,1.56005,1.56013,1.95,1.12
2015.08.13 16:12:01.888,1.56006,1.56014,1.12,4.87
2015.08.13 16:12:02.408,1.56005,1.56012,2.70,1.00
2015.08.13 16:12:02.915,1.56005,1.56012,2.40,1.00
2015.08.13 16:12:03.219,1.56002,1.56007,2.25,3.37
2015.08.13 16:12:03.470,1.56003,1.56005,1.00,1.00
2015.08.13 16:12:03.572,1.56002,1.56011,1.12,1.50
2015.08.13 16:12:03.675,1.56002,1.56011,4.50,1.20
2015.08.13 16:12:07.585,1.56004,1.56012,1.00,1.95
2015.08.13 16:12:13.722,1.56003,1.56013,1.20,1.95
2015.08.13 16:12:13.925,1.56006,1.56013,1.00,1.20
2015.08.13 16:12:14.232,1.56012,1.56014,1.00,1.00
2015.08.13 16:12:14.486,1.56015,1.56023,1.00,1.27
2015.08.13 16:12:14.537,1.56015,1.56023,1.00,1.57
2015.08.13 16:12:15.108,1.56015,1.56024,1.00,3.15
2015.08.13 16:12:17.101,1.56014,1.56024,1.12,3.15
2015.08.13 16:12:17.720,1.56015,1.56023,1.00,1.95
2015.08.13 16:12:20.093,1.56014,1.56023,1.12,1.10
2015.08.13 16:12:20.616,1.56015,1.56023,1.00,1.10
2015.08.13 16:12:22.140,1.56013,1.56023,5.32,1.10
2015.08.13 16:12:24.369,1.56014,1.56023,4.50,1.10
2015.08.13 16:12:24.638,1.56017,1.56024,1.00,1.07
2015.08.13 16:12:24.690,1.56018,1.56026,1.00,1.17
2015.08.13 16:12:25.201,1.56019,1.56028,1.50,2.70
2015.08.13 16:12:28.980,1.56018,1.56027,3.07,1.17
2015.08.13 16:12:29.530,1.56019,1.56027,1.00,1.17
2015.08.13 16:12:29.835,1.56018,1.56024,1.20,1.00
2015.08.13 16:12:30.141,1.56015,1.56023,1.00,2.32
2015.08.13 16:12:31.056,1.56015,1.5602,1.00,1.00
2015.08.13 16:12:31.107,1.56012,1.5602,1.37,1.00
2015.08.13 16:12:31.343,1.56011,1.5602,1.95,4.50
2015.08.13 16:12:31.854,1.56012,1.5602,1.10,3.75
2015.08.13 16:12:44.374,1.56011,1.5602,1.12,3.82
2015.08.13 16:12:50.218,1.56012,1.56021,4.87,3.90
2015.08.13 16:12:50.725,1.56013,1.56022,4.50,1.57
2015.08.13 16:12:52.389,1.56013,1.56022,3.75,1.27
2015.08.13 16:12:55.688,1.56017,1.56024,1.00,1.50
2015.08.13 16:12:55.794,1.56017,1.56024,1.00,1.00
2015.08.13 16:12:55.845,1.56017,1.56026,1.00,2.32
2015.08.13 16:12:57.478,1.56017,1.56025,1.27,1.00
2015.08.13 16:12:58.369,1.56017,1.56025,1.00,1.87
2015.08.13 16:12:58.677,1.56015,1.56022,1.50,1.00
2015.08.13 16:12:59.185,1.56015,1.56022,1.50,1.07
2015.08.13 16:13:00.291,1.56015,1.56022,1.12,4.57
2015.08.13 16:13:00.856,1.56014,1.56022,1.00,4.95
2015.08.13 16:13:01.387,1.56013,1.56022,1.12,4.20
2015.08.13 16:13:02.693,1.56012,1.56021,1.50,1.65
2015.08.13 16:13:03.199,1.56012,1.5602,1.00,1.27
2015.08.13 16:13:03.709,1.56012,1.5602,1.00,1.57
2015.08.13 16:13:04.604,1.5601,1.56018,1.87,1.00
2015.08.13 16:13:07.623,1.56012,1.5602,1.50,1.27
2015.08.13 16:13:07.928,1.56014,1.56022,1.00,1.07
2015.08.13 16:13:09.227,1.56011,1.56021,6.07,1.07
2015.08.13 16:13:09.649,1.56011,1.56019,1.12,3.45
2015.08.13 16:13:10.479,1.56011,1.5602,6.00,1.07
2015.08.13 16:13:11.014,1.56011,1.5602,6.00,1.10
2015.08.13 16:13:11.529,1.56011,1.5602,1.87,1.17
2015.08.13 16:13:12.039,1.56011,1.5602,2.62,1.10
2015.08.13 16:13:16.998,1.56012,1.5602,3.37,1.10
2015.08.13 16:13:21.613,1.5601,1.5602,4.57,1.57
2015.08.13 16:13:21.716,1.5601,1.56018,1.10,1.00
2015.08.13 16:13:22.020,1.56003,1.56012,5.25,1.00
2015.08.13 16:13:22.122,1.56002,1.56012,1.50,1.20
2015.08.13 16:13:22.223,1.56002,1.56012,1.12,1.57
2015.08.13 16:13:23.858,1.56001,1.56011,4.87,1.20
2015.08.13 16:13:25.151,1.56,1.56009,3.75,1.10
2015.08.13 16:13:25.457,1.56003,1.56011,3.37,1.95
2015.08.13 16:13:25.710,1.56001,1.56009,1.00,1.10
2015.08.13 16:13:25.812,1.56001,1.56009,3.37,1.20
2015.08.13 16:13:26.202,1.55999,1.56008,4.57,1.17
2015.08.13 16:13:26.734,1.56,1.5601,4.50,6.00
2015.08.13 16:13:27.370,1.56,1.5601,4.27,5.02
2015.08.13 16:13:27.903,1.56001,1.5601,1.00,1.65
2015.08.13 16:13:28.410,1.56002,1.56011,4.27,1.12
2015.08.13 16:13:28.922,1.56003,1.56013,3.90,2.62
2015.08.13 16:13:29.799,1.56003,1.56012,3.90,1.00
2015.08.13 16:13:31.703,1.56003,1.56012,1.17,4.12
2015.08.13 16:13:32.216,1.56002,1.56012,3.45,4.95
2015.08.13 16:13:37.847,1.56002,1.5601,3.45,1.00
2015.08.13 16:13:38.392,1.56002,1.56012,3.45,5.32
2015.08.13 16:13:39.851,1.56003,1.56012,1.87,1.20
2015.08.13 16:13:39.953,1.56005,1.56012,3.37,1.12
2015.08.13 16:13:40.218,1.56006,1.56014,1.00,1.50
2015.08.13 16:13:40.725,1.56006,1.56014,1.17,1.00
2015.08.13 16:13:41.029,1.56003,1.56011,4.20,1.00
2015.08.13 16:13:41.285,1.56001,1.56011,5.02,1.65
2015.08.13 16:13:44.558,1.56003,1.56012,3.37,1.95
2015.08.13 16:13:52.343,1.56003,1.56012,3.52,2.02
2015.08.13 16:13:52.649,1.56013,1.56016,1.37,1.00
2015.08.13 16:13:52.701,1.56013,1.56022,1.87,1.87
2015.08.13 16:13:53.651,1.56013,1.56021,2.32,1.00
2015.08.13 16:13:54.165,1.56013,1.56022,2.02,1.50
2015.08.13 16:13:55.432,1.56012,1.5602,4.87,1.00
2015.08.13 16:13:55.635,1.56009,1.5602,2.25,6.45
2015.08.13 16:13:55.787,1.5601,1.56019,1.57,1.37
2015.08.13 16:13:55.889,1.56012,1.5602,1.00,1.20
2015.08.13 16:13:56.551,1.56013,1.5602,1.00,1.07
2015.08.13 16:13:57.058,1.56013,1.56021,1.00,4.57
2015.08.13 16:13:58.415,1.56013,1.56022,1.57,1.50
2015.08.13 16:14:01.800,1.56013,1.56022,1.57,3.37
2015.08.13 16:14:06.426,1.56011,1.5602,4.50,1.10
2015.08.13 16:14:07.204,1.56012,1.5602,1.10,1.10
2015.08.13 16:14:09.838,1.56012,1.56022,1.95,1.95
2015.08.13 16:14:10.345,1.56012,1.56021,2.40,1.45
2015.08.13 16:14:14.298,1.56012,1.5602,1.10,3.90
2015.08.13 16:14:14.807,1.56012,1.5602,1.20,3.75
2015.08.13 16:14:16.687,1.56012,1.56021,1.57,4.95
2015.08.13 16:14:16.891,1.56013,1.56023,1.45,1.57
2015.08.13 16:14:17.137,1.56013,1.56023,2.62,1.12
2015.08.13 16:14:17.599,1.56013,1.56022,1.87,4.50
2015.08.13 16:14:17.752,1.56013,1.56021,1.10,1.10
2015.08.13 16:14:17.803,1.56011,1.5602,3.00,3.37
2015.08.13 16:14:24.142,1.56012,1.5602,1.20,3.52
2015.08.13 16:14:24.676,1.5601,1.56019,5.70,1.50
2015.08.13 16:14:26.710,1.56009,1.56018,1.12,4.65
2015.08.13 16:14:27.229,1.56008,1.56018,1.87,4.95
2015.08.13 16:14:27.977,1.56008,1.56014,1.12,1.00
2015.08.13 16:14:28.130,1.56004,1.56014,2.32,4.87
2015.08.13 16:14:28.536,1.56003,1.56012,1.20,1.12
2015.08.13 16:14:29.063,1.56003,1.56012,1.20,1.00
2015.08.13 16:14:29.569,1.56003,1.56012,1.07,1.10
2015.08.13 16:14:31.351,1.56003,1.56011,1.07,1.00
2015.08.13 16:14:31.877,1.56002,1.56011,1.45,4.27
2015.08.13 16:14:32.386,1.56002,1.56011,1.12,4.95
2015.08.13 16:14:32.593,1.56001,1.56008,1.00,1.57
2015.08.13 16:14:32.745,1.55998,1.56007,1.57,3.37
2015.08.13 16:14:33.081,1.55997,1.56004,1.00,1.10
2015.08.13 16:14:33.590,1.55996,1.56004,1.20,3.82
2015.08.13 16:14:33.641,1.55999,1.56006,1.10,4.50
2015.08.13 16:14:33.743,1.55999,1.56007,1.20,3.52
2015.08.13 16:14:34.288,1.56001,1.56008,1.00,1.12
2015.08.13 16:14:34.794,1.55999,1.56008,1.57,4.20
2015.08.13 16:14:35.527,1.55999,1.56008,2.32,1.10
2015.08.13 16:14:36.051,1.56001,1.56008,1.00,1.10
2015.08.13 16:14:36.583,1.56,1.56008,1.10,1.10
2015.08.13 16:14:39.039,1.56,1.56009,5.77,1.12
2015.08.13 16:14:39.643,1.56002,1.56009,1.12,1.10
2015.08.13 16:14:40.663,1.56002,1.56009,1.07,1.10
2015.08.13 16:14:41.530,1.56001,1.56009,1.50,4.57
2015.08.13 16:14:42.060,1.56002,1.56012,1.20,6.45
2015.08.13 16:14:44.849,1.56002,1.56011,1.12,2.32
2015.08.13 16:14:46.479,1.56,1.56011,3.00,6.37
2015.08.13 16:14:46.683,1.56,1.56008,3.00,1.00
2015.08.13 16:14:47.741,1.55999,1.56008,1.87,5.32
2015.08.13 16:14:48.047,1.55999,1.56005,1.12,3.37
2015.08.13 16:14:48.588,1.55997,1.56005,1.12,3.37
2015.08.13 16:14:48.841,1.55998,1.56008,1.50,4.12
2015.08.13 16:14:48.943,1.56001,1.56009,1.00,1.12
2015.08.13 16:14:49.450,1.55999,1.56009,1.20,1.95
2015.08.13 16:14:49.779,1.56003,1.5601,1.00,3.45
2015.08.13 16:14:50.964,1.56002,1.56008,2.25,1.00
2015.08.13 16:14:51.275,1.55998,1.56007,3.00,4.12
2015.08.13 16:14:51.782,1.55997,1.56006,1.87,3.75
2015.08.13 16:14:52.312,1.55995,1.56006,2.62,4.95
2015.08.13 16:14:53.197,1.55998,1.56006,1.07,1.12
2015.08.13 16:14:53.766,1.55998,1.56006,1.20,4.12
2015.08.13 16:14:58.544,1.55998,1.56006,1.50,4.12
2015.08.13 16:14:59.050,1.55998,1.56006,1.12,4.12
2015.08.13 16:14:59.224,1.55997,1.56005,2.25,3.37
2015.08.13 16:15:02.117,1.55998,1.56005,1.12,4.50
2015.08.13 16:15:02.625,1.55998,1.56005,1.12,1.12
2015.08.13 16:15:02.777,1.56,1.56008,4.95,1.00
2015.08.13 16:15:02.909,1.56004,1.56009,1.12,1.00
2015.08.13 16:15:02.961,1.56004,1.56012,1.20,1.00
2015.08.13 16:15:03.265,1.56004,1.56013,3.00,1.00
2015.08.13 16:15:03.772,1.56005,1.56013,1.87,1.50
2015.08.13 16:15:04.115,1.56021,1.56024,1.00,1.10
2015.08.13 16:15:04.166,1.56017,1.56024,2.25,1.00
2015.08.13 16:15:04.422,1.5602,1.56024,1.00,1.00
2015.08.13 16:15:05.034,1.56022,1.56025,1.37,1.00
2015.08.13 16:15:05.091,1.56024,1.56032,1.12,1.87
2015.08.13 16:15:05.142,1.56028,1.56032,1.00,1.37
2015.08.13 16:15:05.193,1.56028,1.56035,1.00,4.20
2015.08.13 16:15:05.295,1.56032,1.56036,3.37,1.12
2015.08.13 16:15:05.599,1.56044,1.56053,2.62,1.12
2015.08.13 16:15:05.702,1.56048,1.56056,1.37,1.45
2015.08.13 16:15:05.974,1.56052,1.56061,6.45,1.20
2015.08.13 16:15:06.482,1.56053,1.56062,5.02,1.65
2015.08.13 16:15:06.989,1.56054,1.56062,1.07,1.00
2015.08.13 16:15:08.057,1.56054,1.56062,1.50,1.00
2015.08.13 16:15:08.832,1.56054,1.56063,4.50,1.20
2015.08.13 16:15:09.540,1.56056,1.56065,1.45,1.95
2015.08.13 16:15:10.049,1.56057,1.56066,1.20,4.20
2015.08.13 16:15:10.354,1.56061,1.56066,1.00,4.20
2015.08.13 16:15:10.405,1.56061,1.56066,1.87,1.10
2015.08.13 16:15:10.507,1.56062,1.56071,4.12,4.57
2015.08.13 16:15:10.558,1.56066,1.56071,1.00,1.20
2015.08.13 16:15:10.610,1.56069,1.56073,1.00,1.12
2015.08.13 16:15:10.661,1.5607,1.56075,1.00,1.50
2015.08.13 16:15:10.833,1.56077,1.56079,1.34,1.00
2015.08.13 16:15:10.987,1.56086,1.56087,1.00,1.10
2015.08.13 16:15:11.141,1.56083,1.56096,1.57,1.34
2015.08.13 16:15:11.244,1.56083,1.56096,2.25,1.71
2015.08.13 16:15:11.346,1.56085,1.56095,1.95,1.57
2015.08.13 16:15:11.671,1.56091,1.56098,4.57,1.50
2015.08.13 16:15:12.178,1.56087,1.56099,1.12,1.57
2015.08.13 16:15:12.438,1.56087,1.56099,1.12,1.57
2015.08.13 16:15:12.985,1.56086,1.56099,1.87,4.12
2015.08.13 16:15:13.340,1.56086,1.56099,1.87,4.12
2015.08.13 16:15:13.543,1.56084,1.56096,1.12,1.87
2015.08.13 16:15:13.746,1.56084,1.56094,1.12,1.12
2015.08.13 16:15:14.731,1.56083,1.56095,1.47,3.00
2015.08.13 16:15:15.035,1.56085,1.56095,1.12,1.50
2015.08.13 16:15:15.904,1.56085,1.56092,1.87,1.00
2015.08.13 16:15:16.208,1.56081,1.56089,1.12,1.37
2015.08.13 16:15:16.259,1.5608,1.56089,1.12,1.00
2015.08.13 16:15:16.311,1.56078,1.56091,2.62,1.87
2015.08.13 16:15:16.529,1.56079,1.56089,1.12,1.37
2015.08.13 16:15:17.545,1.5608,1.56092,1.12,1.57
2015.08.13 16:15:21.240,1.56079,1.56089,1.75,1.12
2015.08.13 16:15:21.545,1.56079,1.56088,2.25,1.37
2015.08.13 16:15:22.367,1.56082,1.5609,1.65,1.20
2015.08.13 16:15:22.469,1.56082,1.56093,2.25,2.32
2015.08.13 16:15:26.390,1.56082,1.56091,1.75,1.00
2015.08.13 16:15:26.644,1.5608,1.5609,1.87,1.10
2015.08.13 16:15:27.049,1.56083,1.5609,1.12,1.00
2015.08.13 16:15:27.344,1.56083,1.56093,1.12,1.37
2015.08.13 16:15:27.852,1.56082,1.56093,1.87,1.87
2015.08.13 16:15:28.156,1.56081,1.56092,1.57,1.12
2015.08.13 16:15:31.414,1.56081,1.56089,1.57,1.00
2015.08.13 16:15:31.718,1.56081,1.56087,1.12,1.00
2015.08.13 16:15:32.239,1.56079,1.56087,1.12,1.50
2015.08.13 16:15:32.442,1.56076,1.56085,1.50,1.12
2015.08.13 16:15:32.543,1.56076,1.56085,1.00,1.27
2015.08.13 16:15:32.900,1.56073,1.56084,2.62,1.95
2015.08.13 16:15:33.002,1.56073,1.56084,1.65,2.25
2015.08.13 16:15:33.271,1.56073,1.56079,1.65,1.00
2015.08.13 16:15:33.576,1.56071,1.56079,1.20,1.00
2015.08.13 16:15:34.103,1.56071,1.56079,1.20,1.10
2015.08.13 16:15:35.885,1.56078,1.56082,1.50,1.12
2015.08.13 16:15:36.091,1.56083,1.56085,1.00,1.00
2015.08.13 16:15:36.143,1.56085,1.56094,1.00,1.12
2015.08.13 16:15:36.347,1.56087,1.56094,1.00,1.12
2015.08.13 16:15:36.398,1.56087,1.56095,1.00,1.87
2015.08.13 16:15:36.946,1.56085,1.56095,1.20,1.57
2015.08.13 16:15:38.347,1.56084,1.56093,1.50,1.00
2015.08.13 16:15:39.211,1.56084,1.56094,2.25,1.57
2015.08.13 16:15:43.583,1.56084,1.56094,1.47,2.32
2015.08.13 16:15:44.106,1.56084,1.56094,1.47,1.95
2015.08.13 16:15:45.361,1.56084,1.56092,1.47,1.00
2015.08.13 16:15:45.412,1.56084,1.56092,1.10,1.00
2015.08.13 16:15:46.633,1.56082,1.5609,2.70,1.00
2015.08.13 16:15:48.434,1.56083,1.56092,1.87,1.00
2015.08.13 16:15:48.949,1.56083,1.56092,2.62,1.00
2015.08.13 16:15:49.355,1.56084,1.56092,1.87,1.00
2015.08.13 16:15:49.896,1.56084,1.56091,2.25,1.00
2015.08.13 16:15:51.179,1.56084,1.56091,1.20,1.00
2015.08.13 16:15:51.783,1.56083,1.56092,1.37,1.10
2015.08.13 16:15:51.834,1.56083,1.56092,1.00,1.20
2015.08.13 16:15:54.599,1.56082,1.56091,3.37,1.07
2015.08.13 16:15:55.268,1.56083,1.56092,1.00,1.20
2015.08.13 16:15:57.597,1.56082,1.56092,1.87,1.20
2015.08.13 16:15:58.127,1.56082,1.5609,1.95,1.07
2015.08.13 16:16:00.015,1.56084,1.56091,1.00,1.12
2015.08.13 16:16:00.167,1.56084,1.56091,1.10,1.00
2015.08.13 16:16:06.464,1.56083,1.56093,1.57,1.57
2015.08.13 16:16:08.391,1.56083,1.56091,1.20,1.00
2015.08.13 16:16:08.937,1.56083,1.56092,1.20,1.00
2015.08.13 16:16:10.036,1.56083,1.56089,1.20,1.00
2015.08.13 16:16:10.290,1.56082,1.56089,1.12,1.00
2015.08.13 16:16:11.550,1.56082,1.5609,1.00,1.00
2015.08.13 16:16:12.071,1.56082,1.56089,1.00,1.00
2015.08.13 16:16:12.579,1.56081,1.56089,1.12,1.00
2015.08.13 16:16:13.399,1.56083,1.56092,1.00,1.00
2015.08.13 16:16:13.968,1.56084,1.56092,1.00,1.00
2015.08.13 16:16:14.432,1.56086,1.56092,1.00,1.00
2015.08.13 16:16:15.062,1.56085,1.56092,1.00,1.00
2015.08.13 16:16:16.175,1.56085,1.56093,1.00,1.57
2015.08.13 16:16:17.247,1.56086,1.56093,1.00,1.50
2015.08.13 16:16:19.503,1.56085,1.56093,1.00,1.00
2015.08.13 16:16:21.125,1.56084,1.56093,1.00,1.00
2015.08.13 16:16:21.631,1.56083,1.56093,1.00,1.00
2015.08.13 16:16:23.221,1.56082,1.56093,1.65,1.50
2015.08.13 16:16:24.230,1.56083,1.56093,1.00,1.00
2015.08.13 16:16:25.426,1.56082,1.56093,2.02,1.00
2015.08.13 16:16:26.079,1.56084,1.56093,1.00,1.50
2015.08.13 16:16:26.613,1.56083,1.56092,1.00,1.00
2015.08.13 16:16:26.918,1.56083,1.56086,1.00,1.00
2015.08.13 16:16:27.020,1.56079,1.56086,1.12,1.00
2015.08.13 16:16:27.072,1.56076,1.56086,5.32,1.12
2015.08.13 16:16:27.123,1.56076,1.56084,1.00,1.37
2015.08.13 16:16:27.225,1.56074,1.56082,1.10,1.07
2015.08.13 16:16:27.728,1.56073,1.56082,1.20,1.20
2015.08.13 16:16:29.710,1.56073,1.56082,4.20,2.32
2015.08.13 16:16:30.216,1.56073,1.56082,1.57,2.70
2015.08.13 16:16:32.708,1.56073,1.56077,1.10,1.00
2015.08.13 16:16:32.912,1.56069,1.56076,1.00,1.00
2015.08.13 16:16:33.096,1.56067,1.56075,1.00,1.20
2015.08.13 16:16:33.608,1.56066,1.56075,1.00,2.25
2015.08.13 16:16:35.474,1.56065,1.56075,1.50,2.25
2015.08.13 16:16:35.984,1.56064,1.56072,1.20,1.00
2015.08.13 16:16:36.136,1.56061,1.56071,2.70,1.65
2015.08.13 16:16:36.726,1.56061,1.56069,1.57,1.00
2015.08.13 16:16:37.234,1.56062,1.56069,1.00,1.00
2015.08.13 16:16:37.749,1.56062,1.5607,1.00,1.10
2015.08.13 16:16:37.800,1.56062,1.56068,1.00,1.00
2015.08.13 16:16:37.952,1.56062,1.5607,1.20,1.00
2015.08.13 16:16:38.457,1.56062,1.56069,2.70,1.00
2015.08.13 16:16:38.862,1.56062,1.56066,1.20,1.00
2015.08.13 16:16:39.166,1.56062,1.56066,1.20,1.00
2015.08.13 16:16:39.319,1.5606,1.56063,1.12,1.00
2015.08.13 16:16:39.526,1.56057,1.5606,4.50,1.00
2015.08.13 16:16:39.628,1.56057,1.56059,4.50,1.00
2015.08.13 16:16:41.651,1.56058,1.56063,3.37,1.00
2015.08.13 16:16:41.703,1.56058,1.5606,3.37,1.00
2015.08.13 16:16:42.218,1.56058,1.56061,4.20,1.00
2015.08.13 16:16:42.632,1.56058,1.56061,4.20,1.00
2015.08.13 16:16:42.936,1.56055,1.56059,1.57,1.00
2015.08.13 16:16:45.497,1.56054,1.56058,1.12,1.00
2015.08.13 16:16:45.902,1.56053,1.56057,1.20,1.00
2015.08.13 16:16:46.342,1.56053,1.56057,1.20,1.00
2015.08.13 16:16:46.879,1.56053,1.56057,1.57,1.00
2015.08.13 16:16:47.993,1.56053,1.56057,2.32,1.00
2015.08.13 16:16:48.246,1.56053,1.56057,1.12,1.00
2015.08.13 16:16:48.387,1.56052,1.56056,1.10,1.00
2015.08.13 16:16:48.440,1.5605,1.56054,1.50,1.00
2015.08.13 16:16:48.694,1.56049,1.56052,1.12,1.00
2015.08.13 16:16:49.487,1.56048,1.56051,3.37,1.00
2015.08.13 16:16:49.993,1.56048,1.56052,3.37,1.00
2015.08.13 16:16:51.388,1.56049,1.56052,1.00,1.00
2015.08.13 16:16:52.570,1.56049,1.56054,1.00,1.00
2015.08.13 16:16:52.671,1.5605,1.56057,3.75,1.00
2015.08.13 16:16:52.722,1.56052,1.56059,1.00,1.10
2015.08.13 16:16:52.773,1.56053,1.56055,4.12,1.00
2015.08.13 16:16:53.025,1.56051,1.56056,1.37,1.00
2015.08.13 16:16:53.077,1.56052,1.56058,3.82,1.00
2015.08.13 16:16:53.482,1.56052,1.56056,3.82,1.00
2015.08.13 16:16:54.013,1.56051,1.56056,5.32,1.00
2015.08.13 16:16:54.556,1.56051,1.56056,2.32,1.00
2015.08.13 16:16:55.102,1.56051,1.56057,1.57,1.00
2015.08.13 16:16:55.724,1.56051,1.56058,1.57,1.00
2015.08.13 16:16:56.636,1.56051,1.56057,2.32,1.00
2015.08.13 16:16:56.942,1.5604,1.56046,3.67,1.20
2015.08.13 16:16:57.128,1.56035,1.56041,1.12,1.00
2015.08.13 16:16:57.634,1.56034,1.5604,1.75,1.00
2015.08.13 16:16:59.105,1.56033,1.5604,3.37,1.00
2015.08.13 16:17:00.060,1.56034,1.5604,1.20,1.00
2015.08.13 16:17:01.512,1.56034,1.56041,1.20,1.00
2015.08.13 16:17:02.018,1.56033,1.56041,1.57,1.00
2015.08.13 16:17:02.879,1.56033,1.5604,2.32,1.00
2015.08.13 16:17:04.175,1.56033,1.56039,1.57,1.00
2015.08.13 16:17:10.740,1.56033,1.56041,1.12,1.00
2015.08.13 16:17:15.220,1.56033,1.56039,1.12,1.00
2015.08.13 16:17:15.372,1.56033,1.56041,1.12,1.00
2015.08.13 16:17:21.015,1.56033,1.56042,1.12,1.50
2015.08.13 16:17:25.163,1.56033,1.56043,1.12,1.57
2015.08.13 16:17:25.676,1.56033,1.56042,1.12,1.00
2015.08.13 16:17:26.932,1.56033,1.56043,1.12,2.32
2015.08.13 16:17:27.499,1.56033,1.56042,1.12,1.00
2015.08.13 16:17:28.037,1.56033,1.56043,1.12,2.32
2015.08.13 16:17:29.363,1.56035,1.56043,1.00,1.57
2015.08.13 16:17:33.239,1.56035,1.56042,1.00,1.00
2015.08.13 16:17:35.614,1.56037,1.56043,1.00,1.10
2015.08.13 16:17:36.139,1.56036,1.56043,1.00,1.10
2015.08.13 16:17:39.415,1.56036,1.56042,1.00,1.00
2015.08.13 16:17:39.720,1.56036,1.56042,1.00,1.57
2015.08.13 16:17:40.650,1.56034,1.56041,1.00,1.17
2015.08.13 16:17:41.157,1.56034,1.56041,1.00,1.10
2015.08.13 16:17:41.836,1.56034,1.56041,1.00,1.07
2015.08.13 16:17:45.217,1.56034,1.5604,1.00,1.37
2015.08.13 16:17:46.975,1.56035,1.5604,1.00,1.50
2015.08.13 16:17:47.279,1.56035,1.56042,1.00,3.37
2015.08.13 16:17:47.532,1.56035,1.56042,1.00,1.27
2015.08.13 16:18:00.653,1.56035,1.56042,1.00,1.12
2015.08.13 16:18:01.160,1.56035,1.56041,1.00,1.20
2015.08.13 16:18:03.485,1.56035,1.56043,1.00,2.62
2015.08.13 16:18:03.891,1.56037,1.56043,1.00,1.10
2015.08.13 16:18:03.993,1.56034,1.56043,1.57,1.10
2015.08.13 16:18:07.017,1.56034,1.56043,1.10,1.37
2015.08.13 16:18:07.680,1.56034,1.56043,1.00,1.85
2015.08.13 16:18:08.429,1.56032,1.56042,1.95,1.12
2015.08.13 16:18:21.198,1.56033,1.56042,1.00,1.12
2015.08.13 16:18:30.769,1.56033,1.56044,1.12,3.00
2015.08.13 16:18:30.820,1.56033,1.56044,1.12,3.37
2015.08.13 16:18:45.320,1.56034,1.56044,1.00,3.37
2015.08.13 16:18:57.913,1.5604,1.56044,1.00,2.62
2015.08.13 16:18:58.218,1.56042,1.56052,1.20,1.20
2015.08.13 16:18:58.370,1.56042,1.56052,3.00,1.20
2015.08.13 16:18:58.892,1.56045,1.56054,1.00,1.87
2015.08.13 16:19:00.657,1.56044,1.56054,1.10,2.25
2015.08.13 16:19:00.810,1.5604,1.5605,1.50,1.87
2015.08.13 16:19:00.912,1.5604,1.56049,1.12,1.50
2015.08.13 16:19:00.963,1.5604,1.56049,1.00,1.87
2015.08.13 16:19:01.015,1.5604,1.56049,1.00,1.50
2015.08.13 16:19:01.433,1.56038,1.56049,1.20,1.50
2015.08.13 16:19:02.398,1.56039,1.56048,1.00,1.20
2015.08.13 16:19:02.942,1.56039,1.56048,1.00,1.75
2015.08.13 16:19:05.748,1.5604,1.56051,1.00,3.37
2015.08.13 16:19:06.664,1.5604,1.56051,1.10,2.62
2015.08.13 16:19:12.079,1.56044,1.56051,1.00,1.50
2015.08.13 16:19:13.372,1.56044,1.56048,1.00,1.00
2015.08.13 16:19:13.423,1.56042,1.56048,1.00,1.50
2015.08.13 16:19:13.677,1.56042,1.56048,1.00,3.07
2015.08.13 16:19:14.183,1.56041,1.56047,1.00,1.07
2015.08.13 16:19:15.330,1.5604,1.56049,1.00,3.00
2015.08.13 16:19:16.155,1.5604,1.56044,1.00,1.87
2015.08.13 16:19:16.206,1.56037,1.56044,1.50,1.87
2015.08.13 16:19:16.257,1.56037,1.56042,1.00,3.75
2015.08.13 16:19:16.359,1.56037,1.56044,1.10,4.95
2015.08.13 16:19:16.410,1.56039,1.56044,1.00,5.32
2015.08.13 16:19:16.664,1.5604,1.56046,1.00,1.57
2015.08.13 16:19:18.024,1.5604,1.56045,1.00,5.02
2015.08.13 16:19:18.531,1.5604,1.56047,1.00,1.50
2015.08.13 16:19:18.633,1.56044,1.56047,1.00,1.12
2015.08.13 16:19:18.837,1.56043,1.56049,1.00,1.57
2015.08.13 16:19:29.947,1.56044,1.5605,1.00,2.25
2015.08.13 16:19:30.201,1.56045,1.56049,1.00,1.07
2015.08.13 16:19:30.509,1.56052,1.56054,1.00,1.07
2015.08.13 16:19:30.560,1.5605,1.56055,3.75,1.50
2015.08.13 16:19:30.720,1.56049,1.56056,1.00,1.00
2015.08.13 16:19:30.772,1.56047,1.56055,1.10,3.37
2015.08.13 16:19:31.128,1.56049,1.56055,1.00,4.12
2015.08.13 16:19:31.433,1.56047,1.56053,1.00,3.37
2015.08.13 16:19:31.979,1.56046,1.56052,1.00,1.12
2015.08.13 16:19:32.486,1.56046,1.56051,1.00,1.00
2015.08.13 16:19:32.837,1.56048,1.56051,1.00,1.00
2015.08.13 16:19:32.940,1.56048,1.56053,1.00,1.00
2015.08.13 16:19:33.447,1.56048,1.56054,1.00,2.25
2015.08.13 16:19:34.023,1.56046,1.56053,1.00,1.00
2015.08.13 16:19:34.532,1.56045,1.56051,1.00,1.00
2015.08.13 16:19:35.039,1.56045,1.5605,1.00,1.00
2015.08.13 16:19:35.090,1.56045,1.56052,1.00,1.50
2015.08.13 16:19:40.365,1.56046,1.56052,1.00,1.00
2015.08.13 16:19:41.453,1.56048,1.56053,1.00,1.20
2015.08.13 16:19:41.777,1.56053,1.56059,1.20,1.10
2015.08.13 16:19:42.183,1.56052,1.56058,1.00,4.20
2015.08.13 16:19:42.706,1.56051,1.56058,1.00,1.47
2015.08.13 16:19:43.417,1.56048,1.56058,1.50,1.57
2015.08.13 16:19:43.621,1.56047,1.56055,1.10,1.12
2015.08.13 16:19:43.738,1.56048,1.56055,1.00,1.50
2015.08.13 16:19:44.252,1.56047,1.56054,1.00,1.12
2015.08.13 16:19:44.557,1.56049,1.56054,1.00,1.12
2015.08.13 16:19:49.206,1.56049,1.56055,1.00,5.70
2015.08.13 16:19:49.717,1.56049,1.56054,1.00,1.00
2015.08.13 16:19:50.123,1.56045,1.56053,1.00,1.57
2015.08.13 16:19:51.273,1.56048,1.56053,1.00,2.25
2015.08.13 16:19:51.795,1.56049,1.56054,1.00,1.10
2015.08.13 16:19:52.151,1.56049,1.56056,1.00,1.95
2015.08.13 16:19:52.202,1.56052,1.56056,1.00,1.57
2015.08.13 16:19:52.253,1.5605,1.56056,1.00,1.57
2015.08.13 16:19:54.296,1.5605,1.56055,1.00,1.00
2015.08.13 16:19:54.651,1.56052,1.56055,1.00,1.00
2015.08.13 16:19:55.157,1.56052,1.56056,1.00,1.00
2015.08.13 16:19:57.111,1.56051,1.56056,1.00,1.00
2015.08.13 16:19:57.620,1.56051,1.56057,1.00,1.50
2015.08.13 16:19:58.124,1.56052,1.56057,1.00,1.50
2015.08.13 16:19:58.429,1.56055,1.56061,1.00,1.87
2015.08.13 16:19:58.632,1.56057,1.56062,1.00,1.00
2015.08.13 16:20:01.460,1.56057,1.56064,1.00,2.32
2015.08.13 16:20:01.563,1.56055,1.56063,1.00,1.00
2015.08.13 16:20:01.770,1.56052,1.56059,3.45,1.87
2015.08.13 16:20:01.873,1.56051,1.56058,1.00,1.12
2015.08.13 16:20:02.532,1.56051,1.56057,1.00,1.00
2015.08.13 16:20:02.829,1.5605,1.56056,1.10,4.12
2015.08.13 16:20:03.135,1.56048,1.56056,1.20,4.87
2015.08.13 16:20:04.523,1.56047,1.56053,1.12,1.00
2015.08.13 16:20:04.726,1.56045,1.56053,1.00,1.12
2015.08.13 16:20:04.828,1.56045,1.56053,1.00,1.57
2015.08.13 16:20:05.335,1.56045,1.56051,1.00,3.45
2015.08.13 16:20:06.106,1.56046,1.56051,1.00,3.45
2015.08.13 16:20:08.719,1.56046,1.56052,1.00,1.65
2015.08.13 16:20:09.918,1.56046,1.56055,1.00,2.25
2015.08.13 16:20:10.019,1.56046,1.56055,1.00,1.95
2015.08.13 16:20:12.564,1.56046,1.56055,1.00,5.70
2015.08.13 16:20:18.416,1.56047,1.56054,1.00,1.12
2015.08.13 16:20:24.964,1.56046,1.56054,1.00,1.12
2015.08.13 16:20:26.772,1.56048,1.56054,1.00,1.12
2015.08.13 16:20:28.528,1.56049,1.56055,1.00,4.95
2015.08.13 16:20:28.731,1.56049,1.56056,1.00,1.50
2015.08.13 16:20:30.449,1.56049,1.56055,1.00,1.00
2015.08.13 16:20:30.821,1.56049,1.56053,1.00,3.37
2015.08.13 16:20:31.328,1.56049,1.56053,1.00,1.00
2015.08.13 16:20:31.803,1.56047,1.56053,1.00,1.00
2015.08.13 16:20:32.506,1.56047,1.56054,1.00,1.87
2015.08.13 16:20:34.366,1.56046,1.56054,1.10,1.95
2015.08.13 16:20:34.469,1.56045,1.56048,1.07,1.00
2015.08.13 16:20:34.520,1.56043,1.56048,4.27,1.00
2015.08.13 16:20:35.007,1.56045,1.5605,1.00,1.10
2015.08.13 16:20:35.514,1.56045,1.56052,1.00,5.02
2015.08.13 16:20:36.544,1.56044,1.56052,1.00,5.32
2015.08.13 16:20:38.419,1.56045,1.56052,1.00,5.32
2015.08.13 16:20:38.572,1.56047,1.56052,1.00,4.57
2015.08.13 16:20:38.724,1.56047,1.56053,1.00,2.25
2015.08.13 16:20:39.548,1.56045,1.56053,1.00,2.02
2015.08.13 16:20:39.953,1.56049,1.56053,1.00,1.57
2015.08.13 16:20:40.257,1.56051,1.56055,1.00,1.37
2015.08.13 16:20:40.511,1.56049,1.56057,1.00,2.25
2015.08.13 16:20:40.727,1.56049,1.56057,1.20,1.50
2015.08.13 16:20:41.241,1.56052,1.56057,1.10,2.25
2015.08.13 16:20:46.480,1.56049,1.56056,1.57,1.00
2015.08.13 16:20:49.383,1.5605,1.56055,1.20,1.00
2015.08.13 16:20:52.394,1.5605,1.56059,1.20,5.25
2015.08.13 16:20:52.634,1.5605,1.5606,1.57,2.25
2015.08.13 16:20:53.911,1.5605,1.56059,1.87,5.25
2015.08.13 16:20:57.892,1.5605,1.56057,1.87,1.00
2015.08.13 16:21:02.524,1.5605,1.56056,1.45,1.00
2015.08.13 16:21:03.704,1.5605,1.56057,1.45,1.00
2015.08.13 16:21:03.756,1.5605,1.56059,1.50,2.25
2015.08.13 16:21:04.566,1.5605,1.56058,1.45,1.00
2015.08.13 16:21:04.617,1.5605,1.56056,1.45,1.00
2015.08.13 16:21:05.155,1.56048,1.56056,2.25,1.00
2015.08.13 16:21:05.665,1.56047,1.56056,1.50,2.25
2015.08.13 16:21:06.179,1.56047,1.56056,1.45,1.50
2015.08.13 16:21:06.586,1.5605,1.56059,1.20,1.87
2015.08.13 16:21:09.614,1.56049,1.56056,1.87,1.00
2015.08.13 16:21:10.121,1.56049,1.56056,1.45,1.00
2015.08.13 16:21:10.656,1.56048,1.56057,2.25,1.12
2015.08.13 16:21:11.066,1.56048,1.56055,2.25,1.00
2015.08.13 16:21:12.912,1.56047,1.56055,1.87,1.00
2015.08.13 16:21:14.446,1.56047,1.56056,1.87,1.00
2015.08.13 16:21:15.004,1.56046,1.56056,1.45,2.62
2015.08.13 16:21:15.510,1.56046,1.56055,1.45,1.00
2015.08.13 16:21:18.991,1.56048,1.56056,3.45,1.50
2015.08.13 16:21:26.579,1.56048,1.56055,3.45,1.00
2015.08.13 16:21:27.104,1.56048,1.56056,3.52,1.50
2015.08.13 16:21:28.184,1.56049,1.56056,4.12,1.00
2015.08.13 16:21:28.235,1.5605,1.56058,1.50,1.00
2015.08.13 16:21:29.149,1.56051,1.56059,3.90,1.00
2015.08.13 16:21:29.351,1.56051,1.56061,1.15,3.37
2015.08.13 16:21:30.297,1.5605,1.56058,1.45,3.75
2015.08.13 16:21:30.602,1.56048,1.56056,2.25,3.75
2015.08.13 16:21:30.653,1.56048,1.56056,1.57,3.75
2015.08.13 16:21:32.823,1.56047,1.56055,1.27,3.75
2015.08.13 16:21:33.346,1.56046,1.56055,1.52,3.75
2015.08.13 16:21:33.498,1.56044,1.56053,1.20,4.12
2015.08.13 16:21:33.701,1.56042,1.56052,3.07,4.50
2015.08.13 16:21:34.830,1.56041,1.5605,1.87,3.37
2015.08.13 16:21:34.931,1.5604,1.56049,1.65,1.00
2015.08.13 16:21:35.437,1.5604,1.56049,1.65,3.75
2015.08.13 16:21:36.605,1.56039,1.56048,1.27,3.75
2015.08.13 16:21:36.707,1.56038,1.56045,1.07,1.00
2015.08.13 16:21:36.910,1.56036,1.56045,2.70,1.00
2015.08.13 16:21:37.438,1.56036,1.56045,1.95,3.37
2015.08.13 16:21:40.034,1.56037,1.56046,1.65,4.12
2015.08.13 16:21:40.812,1.5604,1.56047,1.00,1.00
2015.08.13 16:21:41.130,1.56042,1.5605,1.20,1.12
2015.08.13 16:21:41.701,1.56042,1.56051,1.95,1.12
2015.08.13 16:21:43.512,1.56043,1.56052,1.27,1.10
2015.08.13 16:21:43.817,1.56045,1.56053,1.20,1.00
2015.08.13 16:21:44.332,1.56045,1.56053,1.10,1.10
2015.08.13 16:21:44.993,1.56045,1.56053,1.20,1.10
2015.08.13 16:21:45.538,1.56045,1.56053,1.50,1.00
2015.08.13 16:21:45.943,1.56046,1.56053,1.12,1.00
2015.08.13 16:21:48.261,1.56046,1.56053,1.12,3.75
2015.08.13 16:21:48.466,1.56044,1.56051,1.50,3.37
2015.08.13 16:21:49.007,1.56042,1.56051,2.62,3.75
2015.08.13 16:21:55.372,1.56044,1.56052,1.87,1.00
2015.08.13 16:21:55.525,1.56044,1.56053,3.37,3.75
2015.08.13 16:21:56.031,1.56045,1.56053,1.12,1.00
2015.08.13 16:21:56.538,1.56045,1.56052,1.50,1.00
2015.08.13 16:21:58.898,1.56044,1.56051,1.12,3.37
2015.08.13 16:21:59.051,1.5604,1.56048,2.62,3.37
2015.08.13 16:21:59.599,1.5604,1.56048,3.00,3.75
2015.08.13 16:21:59.855,1.56041,1.5605,1.47,3.75
2015.08.13 16:22:00.261,1.56043,1.56051,1.87,3.37
2015.08.13 16:22:03.328,1.56043,1.56049,1.12,3.37
2015.08.13 16:22:03.430,1.56041,1.56049,2.62,3.75
2015.08.13 16:22:05.875,1.56041,1.56049,1.50,1.10
2015.08.13 16:22:07.013,1.56041,1.56048,1.50,3.37
2015.08.13 16:22:07.166,1.56039,1.56047,1.50,1.12
2015.08.13 16:22:07.217,1.56039,1.56046,1.47,4.12
2015.08.13 16:22:07.747,1.56037,1.56045,2.25,4.50
2015.08.13 16:22:10.584,1.56038,1.56045,1.12,3.75
2015.08.13 16:22:11.342,1.56038,1.56043,1.75,1.00
2015.08.13 16:22:12.933,1.56038,1.56044,1.75,1.00
2015.08.13 16:22:13.949,1.56038,1.56042,1.12,3.37
2015.08.13 16:22:14.124,1.56034,1.56041,1.12,1.00
2015.08.13 16:22:14.580,1.56034,1.56044,3.37,1.10
2015.08.13 16:22:14.784,1.56036,1.56046,1.12,5.32
2015.08.13 16:22:15.321,1.56035,1.56044,2.25,1.00
2015.08.13 16:22:16.412,1.56035,1.56044,1.75,3.75
2015.08.13 16:22:19.835,1.56036,1.56043,1.12,1.00
2015.08.13 16:22:20.256,1.56039,1.56044,1.50,3.37
2015.08.13 16:22:20.308,1.56039,1.56048,1.75,4.50
2015.08.13 16:22:20.460,1.5604,1.56049,1.12,1.12
2015.08.13 16:22:20.968,1.56039,1.56047,1.12,3.37
2015.08.13 16:22:22.366,1.56039,1.56048,1.12,4.50
2015.08.13 16:22:22.731,1.56039,1.56045,1.12,3.37
2015.08.13 16:22:23.241,1.56038,1.56045,1.12,4.12
2015.08.13 16:22:23.784,1.56038,1.56044,1.12,3.75
2015.08.13 16:22:30.484,1.56038,1.56045,1.12,1.00
2015.08.13 16:22:31.098,1.56037,1.56044,1.87,3.75
2015.08.13 16:22:31.149,1.56036,1.56044,2.62,3.75
2015.08.13 16:22:31.200,1.56037,1.56046,1.12,3.37
2015.08.13 16:22:32.180,1.56036,1.56045,3.37,3.45
2015.08.13 16:22:32.383,1.56036,1.56045,2.25,3.52
2015.08.13 16:22:32.702,1.56035,1.56043,1.12,3.82
2015.08.13 16:22:34.997,1.56035,1.56044,1.50,1.57
2015.08.13 16:22:35.612,1.56035,1.56045,1.87,5.25
2015.08.13 16:22:36.123,1.56036,1.56045,1.75,4.12
2015.08.13 16:22:41.089,1.56036,1.56042,1.75,1.00
2015.08.13 16:22:41.398,1.56034,1.5604,1.12,3.37
2015.08.13 16:22:41.449,1.56034,1.56041,1.12,1.10
2015.08.13 16:22:41.603,1.56032,1.56041,1.87,3.75
2015.08.13 16:22:42.388,1.56034,1.56041,1.47,3.37
2015.08.13 16:22:42.992,1.56033,1.56042,1.50,3.82
2015.08.13 16:22:43.693,1.56033,1.56041,1.87,4.12
2015.08.13 16:22:44.309,1.56032,1.56039,1.50,1.00
2015.08.13 16:22:46.981,1.56031,1.56039,1.07,1.50
2015.08.13 16:22:47.772,1.56031,1.56039,1.12,1.00
2015.08.13 16:22:47.874,1.56032,1.56039,1.12,1.00
2015.08.13 16:22:47.925,1.56032,1.56041,1.50,1.10
2015.08.13 16:22:50.676,1.56032,1.56037,1.50,1.00
2015.08.13 16:22:50.727,1.56032,1.56039,1.87,1.00
2015.08.13 16:22:50.930,1.56032,1.56041,1.12,1.57
2015.08.13 16:22:51.083,1.56032,1.56041,1.87,1.27
2015.08.13 16:22:51.826,1.56033,1.56041,1.47,1.20
2015.08.13 16:22:53.126,1.56032,1.5604,1.50,1.00
2015.08.13 16:22:53.666,1.56032,1.56039,1.50,1.00
2015.08.13 16:22:55.207,1.56032,1.5604,1.50,1.00
2015.08.13 16:22:55.462,1.56032,1.5604,1.07,4.12
2015.08.13 16:22:56.367,1.56032,1.56039,1.12,1.12
2015.08.13 16:22:56.774,1.56032,1.56039,1.12,1.20
2015.08.13 16:22:56.998,1.56032,1.56037,1.57,1.00
2015.08.13 16:22:57.101,1.56029,1.56038,1.95,1.00
2015.08.13 16:22:57.153,1.56029,1.56039,3.37,1.12
2015.08.13 16:22:57.710,1.56032,1.56039,1.07,1.12
2015.08.13 16:22:58.217,1.56032,1.56038,1.45,1.00
2015.08.13 16:22:58.446,1.56033,1.56041,1.07,4.20
2015.08.13 16:22:58.549,1.56033,1.56041,1.87,1.12
2015.08.13 16:22:58.854,1.56033,1.56039,1.50,1.00
2015.08.13 16:22:58.955,1.56032,1.56038,1.12,1.00
2015.08.13 16:22:59.499,1.56031,1.56039,1.87,1.12
2015.08.13 16:23:00.461,1.56031,1.56036,2.25,1.00
2015.08.13 16:23:00.563,1.5603,1.56037,5.25,1.12
2015.08.13 16:23:00.614,1.5603,1.56038,1.87,3.37
2015.08.13 16:23:00.736,1.5603,1.56039,2.25,1.12
2015.08.13 16:23:00.788,1.5603,1.56037,1.50,1.00
2015.08.13 16:23:01.094,1.56032,1.56039,1.50,3.37
2015.08.13 16:23:01.145,1.56032,1.5604,1.50,1.20
2015.08.13 16:23:01.298,1.5603,1.5604,1.50,1.20
2015.08.13 16:23:01.806,1.56032,1.5604,1.45,1.12
2015.08.13 16:23:04.858,1.56032,1.56041,2.25,1.20
2015.08.13 16:23:05.676,1.56032,1.56042,2.62,1.50
2015.08.13 16:23:11.838,1.56032,1.5604,2.25,1.00
2015.08.13 16:23:12.170,1.56031,1.56036,1.87,1.00
2015.08.13 16:23:12.575,1.56029,1.56034,1.75,1.00
2015.08.13 16:23:12.727,1.56028,1.56034,1.07,1.00
2015.08.13 16:23:13.233,1.56026,1.56033,1.75,1.00
2015.08.13 16:23:14.062,1.56026,1.56033,1.12,4.50
2015.08.13 16:23:14.579,1.56025,1.56033,1.87,4.50
2015.08.13 16:23:17.780,1.56026,1.56033,1.12,4.50
2015.08.13 16:23:18.538,1.56025,1.56033,2.25,4.50
2015.08.13 16:23:19.233,1.56024,1.56028,1.47,1.00
2015.08.13 16:23:19.284,1.56024,1.56026,1.10,1.00
2015.08.13 16:23:19.387,1.56019,1.56024,3.75,4.50
2015.08.13 16:23:19.438,1.56015,1.56024,1.00,4.50
2015.08.13 16:23:19.490,1.56014,1.56022,1.57,3.37
2015.08.13 16:23:20.579,1.56014,1.56021,1.57,3.37
2015.08.13 16:23:21.089,1.56014,1.56021,1.65,3.37
2015.08.13 16:23:21.533,1.56016,1.56021,1.00,3.37
2015.08.13 16:23:21.686,1.56016,1.56024,1.00,4.12
2015.08.13 16:23:22.192,1.56013,1.56023,2.32,3.82
2015.08.13 16:23:23.218,1.56013,1.56023,1.57,3.82
2015.08.13 16:23:24.805,1.56013,1.56018,1.57,1.00
2015.08.13 16:23:25.060,1.56008,1.56016,1.20,1.12
2015.08.13 16:23:25.315,1.56007,1.56014,1.20,3.37
2015.08.13 16:23:26.493,1.56005,1.56012,1.20,3.75
2015.08.13 16:23:27.211,1.56005,1.56013,1.20,3.52
2015.08.13 16:23:28.073,1.56004,1.56013,2.62,3.45
2015.08.13 16:23:28.582,1.56004,1.56012,1.87,1.10
2015.08.13 16:23:31.847,1.56004,1.56012,1.27,1.20
2015.08.13 16:23:32.386,1.56004,1.56012,1.57,1.20
2015.08.13 16:23:32.745,1.56003,1.56013,1.20,1.50
2015.08.13 16:23:36.924,1.56004,1.56013,1.87,2.25
2015.08.13 16:23:37.127,1.56009,1.56016,1.20,1.00
2015.08.13 16:23:37.279,1.56007,1.56016,1.57,1.37
2015.08.13 16:23:37.381,1.56009,1.56016,1.00,1.10
2015.08.13 16:23:37.432,1.56009,1.56016,1.00,1.47
2015.08.13 16:23:37.838,1.56006,1.56015,1.57,2.25
2015.08.13 16:23:38.387,1.56005,1.56014,1.87,4.65
2015.08.13 16:23:39.047,1.56005,1.56014,1.45,4.65
2015.08.13 16:23:39.583,1.56005,1.56012,1.45,1.50
2015.08.13 16:23:39.634,1.56003,1.5601,1.50,3.37
2015.08.13 16:23:39.787,1.56001,1.5601,2.32,3.37
2015.08.13 16:23:45.064,1.56001,1.56011,4.65,3.37
2015.08.13 16:23:45.619,1.56002,1.56011,1.12,3.37
2015.08.13 16:23:46.484,1.56002,1.56009,1.20,1.00
2015.08.13 16:23:46.535,1.56001,1.56008,1.87,3.37
2015.08.13 16:23:46.636,1.56001,1.56008,1.27,3.37
2015.08.13 16:23:46.738,1.56001,1.56008,1.57,3.37
2015.08.13 16:23:48.454,1.56001,1.5601,2.25,2.25
2015.08.13 16:23:48.505,1.56001,1.5601,1.95,1.50
2015.08.13 16:23:48.557,1.56001,1.5601,1.47,1.00
2015.08.13 16:23:49.430,1.56,1.56008,3.37,1.00
2015.08.13 16:23:49.583,1.56,1.56008,1.00,3.37
2015.08.13 16:23:50.126,1.55998,1.56007,1.50,1.50
2015.08.13 16:23:52.544,1.55998,1.56007,1.50,1.00
2015.08.13 16:23:56.189,1.55997,1.56006,1.27,1.12
2015.08.13 16:23:56.734,1.55996,1.56006,1.10,1.20
2015.08.13 16:23:57.755,1.55996,1.56006,4.20,1.10
2015.08.13 16:23:59.595,1.55998,1.56008,1.10,2.32
2015.08.13 16:24:00.254,1.55997,1.56005,4.95,1.00
2015.08.13 16:24:00.580,1.55997,1.56001,1.20,1.00
2015.08.13 16:24:00.734,1.55995,1.56002,1.75,1.87
2015.08.13 16:24:00.785,1.5599,1.56001,7.50,1.12
2015.08.13 16:24:00.887,1.5599,1.55997,1.65,1.00
2015.08.13 16:24:01.192,1.55986,1.55992,1.20,1.00
2015.08.13 16:24:01.345,1.55984,1.55992,1.57,1.50
2015.08.13 16:24:01.547,1.55983,1.55992,1.47,4.50
2015.08.13 16:24:01.700,1.55981,1.5599,4.12,3.75
2015.08.13 16:24:02.231,1.55981,1.5599,1.57,3.75
2015.08.13 16:24:03.678,1.55981,1.5599,2.70,4.50
2015.08.13 16:24:06.944,1.55981,1.5599,1.20,4.50
2015.08.13 16:24:08.277,1.5598,1.5599,5.77,3.75
2015.08.13 16:24:08.518,1.55982,1.55991,2.32,1.10
2015.08.13 16:24:08.722,1.55982,1.55992,1.20,2.25
2015.08.13 16:24:09.229,1.55982,1.55991,1.12,1.10
2015.08.13 16:24:14.503,1.55982,1.5599,1.00,1.00
2015.08.13 16:24:15.424,1.5598,1.55991,2.40,4.65
2015.08.13 16:24:21.390,1.55981,1.55991,1.47,4.65
2015.08.13 16:24:22.522,1.5598,1.55988,1.65,1.00
2015.08.13 16:24:24.708,1.5598,1.55991,1.65,5.40
2015.08.13 16:24:32.938,1.5598,1.55991,4.87,1.95
2015.08.13 16:24:33.441,1.55981,1.55991,1.00,1.95
2015.08.13 16:24:34.048,1.55982,1.55991,1.00,1.20
2015.08.13 16:24:34.594,1.55982,1.55991,4.50,1.27
2015.08.13 16:24:47.783,1.55982,1.55991,1.50,3.52
2015.08.13 16:25:00.021,1.55983,1.55991,1.00,3.52
2015.08.13 16:25:00.175,1.55983,1.55993,2.70,2.32
2015.08.13 16:25:00.476,1.55985,1.55993,3.37,1.10
2015.08.13 16:25:00.983,1.55985,1.55994,4.65,1.12
2015.08.13 16:25:03.408,1.55985,1.55995,5.02,3.00
2015.08.13 16:25:03.713,1.55991,1.55995,1.00,1.00
2015.08.13 16:25:04.017,1.55992,1.55999,1.00,1.07
2015.08.13 16:25:04.548,1.55991,1.55999,1.12,1.00
2015.08.13 16:25:10.516,1.5599,1.55999,1.10,2.25
2015.08.13 16:25:10.567,1.55989,1.55996,1.57,1.00
2015.08.13 16:25:10.719,1.55986,1.55996,7.20,1.00
2015.08.13 16:25:11.225,1.55986,1.55995,6.82,1.00
2015.08.13 16:25:14.627,1.55987,1.55995,3.75,1.10
2015.08.13 16:25:15.134,1.55987,1.55996,3.75,1.10
2015.08.13 16:25:21.290,1.55989,1.55997,4.12,1.17
2015.08.13 16:25:21.644,1.55991,1.55999,1.00,5.77
2015.08.13 16:25:22.191,1.55991,1.55999,4.27,1.87
2015.08.13 16:25:23.203,1.55991,1.56,1.00,1.20
2015.08.13 16:25:23.406,1.55992,1.56002,1.37,3.82
2015.08.13 16:25:23.609,1.55992,1.56002,1.95,2.70
2015.08.13 16:25:24.338,1.55992,1.56002,1.57,5.25
2015.08.13 16:25:25.098,1.55999,1.56003,1.00,1.00
2015.08.13 16:25:25.388,1.56001,1.56009,1.20,1.20
2015.08.13 16:25:25.642,1.56003,1.5601,1.37,4.12
2015.08.13 16:25:25.745,1.56003,1.56012,1.50,3.52
2015.08.13 16:25:26.624,1.56003,1.56012,1.20,4.20
2015.08.13 16:25:27.735,1.56001,1.56012,1.65,4.57
2015.08.13 16:25:28.548,1.56001,1.56012,1.50,6.00
2015.08.13 16:25:29.439,1.56003,1.56012,1.00,6.00
2015.08.13 16:25:29.945,1.56004,1.56012,1.00,3.75
2015.08.13 16:25:30.350,1.56001,1.56011,1.50,1.12
2015.08.13 16:25:32.695,1.56001,1.56012,2.40,5.25
2015.08.13 16:25:33.455,1.56001,1.5601,2.40,1.00
2015.08.13 16:25:33.659,1.56,1.5601,1.00,4.50
2015.08.13 16:25:34.209,1.56,1.5601,1.00,5.70
2015.08.13 16:25:34.715,1.56001,1.5601,1.00,5.70
2015.08.13 16:25:36.078,1.56001,1.5601,1.00,5.40
2015.08.13 16:25:36.382,1.55999,1.56007,1.57,1.00
2015.08.13 16:25:36.888,1.56,1.56008,4.50,1.17
2015.08.13 16:25:37.396,1.56,1.56008,4.50,1.10
2015.08.13 16:25:38.645,1.56,1.56008,1.00,1.10
2015.08.13 16:25:47.902,1.56,1.56009,1.00,2.70
2015.08.13 16:25:48.422,1.56,1.56008,1.00,1.12
2015.08.13 16:25:51.450,1.56,1.56008,4.87,1.12
2015.08.13 16:25:52.128,1.55999,1.56009,2.62,2.25
2015.08.13 16:25:52.635,1.56001,1.56009,1.00,3.00
2015.08.13 16:25:53.339,1.56001,1.56008,1.12,1.12
2015.08.13 16:25:53.854,1.56,1.56008,1.00,1.12
2015.08.13 16:25:54.483,1.56,1.56008,4.12,1.12
2015.08.13 16:25:54.993,1.56001,1.56009,2.25,1.87
2015.08.13 16:25:55.313,1.56004,1.56013,1.12,2.25
2015.08.13 16:25:55.569,1.56001,1.56011,1.87,6.00
2015.08.13 16:25:55.620,1.55999,1.56011,5.62,6.75
2015.08.13 16:25:55.722,1.55999,1.5601,5.77,1.12
2015.08.13 16:25:59.627,1.56001,1.5601,1.00,2.62
2015.08.13 16:26:00.134,1.56,1.56009,1.12,1.50
2015.08.13 16:26:01.642,1.56001,1.5601,1.00,1.87
2015.08.13 16:26:02.148,1.56,1.5601,1.12,1.12
2015.08.13 16:26:03.468,1.56002,1.5601,1.00,1.12
2015.08.13 16:26:03.978,1.56001,1.56011,2.25,2.62
2015.08.13 16:26:09.593,1.56001,1.5601,1.10,2.25
2015.08.13 16:26:17.967,1.56001,1.5601,1.10,1.57
2015.08.13 16:26:18.222,1.56003,1.5601,1.12,1.87
2015.08.13 16:26:18.516,1.56004,1.56014,4.87,4.50
2015.08.13 16:26:19.024,1.56004,1.56013,1.12,4.57
2015.08.13 16:26:19.997,1.56003,1.56007,4.12,1.00
2015.08.13 16:26:20.048,1.56003,1.56009,4.12,1.00
2015.08.13 16:26:20.099,1.56001,1.56009,1.07,1.00
2015.08.13 16:26:20.150,1.56,1.56006,2.25,1.00
2015.08.13 16:26:20.302,1.55997,1.56007,2.32,4.57
2015.08.13 16:26:20.809,1.55998,1.56008,1.12,4.87
2015.08.13 16:26:21.213,1.55999,1.56008,1.10,5.62
2015.08.13 16:26:21.552,1.55999,1.56008,1.87,1.20
2015.08.13 16:26:22.415,1.55999,1.56008,2.62,1.00
2015.08.13 16:26:22.921,1.55999,1.56007,1.50,1.00
2015.08.13 16:26:23.913,1.55998,1.56008,3.75,1.12
2015.08.13 16:26:24.585,1.55998,1.56008,3.07,1.07
2015.08.13 16:26:25.093,1.55999,1.5601,1.07,6.82
2015.08.13 16:26:25.144,1.55999,1.56009,1.12,1.20
2015.08.13 16:26:25.296,1.56001,1.56008,1.10,1.37
2015.08.13 16:26:25.803,1.56001,1.56008,1.00,1.87
2015.08.13 16:26:27.343,1.55998,1.56007,6.00,1.50
2015.08.13 16:26:27.557,1.55996,1.56004,1.00,3.75
2015.08.13 16:26:27.659,1.55993,1.56003,1.50,1.12
2015.08.13 16:26:27.710,1.55993,1.56002,1.50,3.37
2015.08.13 16:26:29.133,1.55993,1.56003,4.12,4.20
2015.08.13 16:26:32.518,1.55992,1.56003,1.50,5.70
2015.08.13 16:26:34.323,1.55992,1.56002,1.50,4.20
2015.08.13 16:26:36.642,1.55991,1.56,1.12,1.00
2015.08.13 16:26:36.888,1.5599,1.56,1.87,2.25
2015.08.13 16:26:37.041,1.55988,1.55998,1.50,1.20
2015.08.13 16:26:37.093,1.55988,1.55996,1.00,1.75
2015.08.13 16:26:37.600,1.55988,1.55995,1.50,1.12
2015.08.13 16:26:38.465,1.55986,1.55995,1.50,3.37
2015.08.13 16:26:38.973,1.55985,1.55994,1.57,4.57
2015.08.13 16:26:45.381,1.55986,1.55994,1.00,4.57
2015.08.13 16:26:45.914,1.55987,1.55995,1.00,1.12
2015.08.13 16:26:46.370,1.55989,1.55995,1.00,1.12
2015.08.13 16:26:46.675,1.55989,1.55997,5.62,1.12
2015.08.13 16:26:47.228,1.55991,1.56,1.00,3.75
2015.08.13 16:26:47.432,1.55992,1.56,3.37,1.12
2015.08.13 16:26:47.940,1.55991,1.55999,1.00,1.45
2015.08.13 16:26:50.972,1.5599,1.55999,1.00,1.87
2015.08.13 16:26:51.479,1.55988,1.55999,7.12,2.62
2015.08.13 16:26:51.632,1.55988,1.55997,6.75,1.12
2015.08.13 16:26:52.862,1.55988,1.55996,1.50,3.82
2015.08.13 16:26:53.210,1.55986,1.55995,5.62,1.57
2015.08.13 16:26:55.066,1.55987,1.55996,2.25,1.47
2015.08.13 16:26:55.371,1.55989,1.55997,1.12,1.50
2015.08.13 16:26:55.990,1.55989,1.55997,1.12,1.12
2015.08.13 16:27:05.429,1.55988,1.55998,6.45,3.82
2015.08.13 16:27:06.189,1.5599,1.55999,3.37,4.95
2015.08.13 16:27:08.249,1.5599,1.55999,3.75,1.95
2015.08.13 16:27:08.453,1.55989,1.55999,1.12,2.25
2015.08.13 16:27:09.241,1.55988,1.55998,2.70,1.12
2015.08.13 16:27:11.999,1.55988,1.55998,3.45,1.50
2015.08.13 16:27:17.216,1.55988,1.55997,1.57,1.95
2015.08.13 16:27:18.421,1.55988,1.55996,4.20,1.10
2015.08.13 16:27:19.524,1.55988,1.55997,1.57,1.95
2015.08.13 16:27:23.383,1.5599,1.55995,1.00,1.00
2015.08.13 16:27:23.638,1.5599,1.56,1.20,1.87
2015.08.13 16:27:24.057,1.55991,1.56,5.62,3.00
2015.08.13 16:27:24.384,1.55991,1.56,4.95,1.95
2015.08.13 16:27:24.892,1.55993,1.56001,1.50,1.20
2015.08.13 16:27:24.994,1.55994,1.56003,1.37,4.87
2015.08.13 16:27:25.045,1.55994,1.56003,1.87,1.00
2015.08.13 16:27:25.584,1.55995,1.56004,1.20,2.70
2015.08.13 16:27:28.597,1.55995,1.56004,5.70,1.00
2015.08.13 16:27:29.003,1.55999,1.56004,1.00,1.00
2015.08.13 16:27:29.519,1.55998,1.56006,2.25,1.12
2015.08.13 16:27:30.053,1.55998,1.56006,3.37,1.10
2015.08.13 16:27:33.673,1.55999,1.56008,5.70,1.20
2015.08.13 16:27:34.242,1.55999,1.56008,1.27,6.00
2015.08.13 16:27:34.551,1.55999,1.56009,1.50,1.10
2015.08.13 16:27:34.856,1.56002,1.56012,1.57,1.75
2015.08.13 16:27:35.160,1.5601,1.56016,1.50,2.25
2015.08.13 16:27:35.333,1.5601,1.56017,2.25,1.50
2015.08.13 16:27:35.842,1.56011,1.56018,1.00,1.12
2015.08.13 16:27:36.348,1.5601,1.56018,1.50,1.12
2015.08.13 16:27:36.652,1.5601,1.56019,1.95,4.50
2015.08.13 16:27:40.515,1.56011,1.56019,1.37,3.45
2015.08.13 16:27:41.286,1.56012,1.56021,2.25,1.47
2015.08.13 16:27:41.440,1.56016,1.56024,1.00,1.12
2015.08.13 16:27:41.592,1.56015,1.56024,4.12,1.12
2015.08.13 16:27:41.919,1.56016,1.56024,1.20,1.20
2015.08.13 16:27:42.450,1.56016,1.56025,1.20,5.25
2015.08.13 16:27:44.220,1.56014,1.56024,1.87,1.57
2015.08.13 16:27:44.789,1.56014,1.56024,2.32,1.57
2015.08.13 16:27:46.589,1.56013,1.56022,2.62,1.00
2015.08.13 16:27:46.856,1.56013,1.56022,1.95,1.00
2015.08.13 16:27:47.362,1.56012,1.56021,2.77,1.00
2015.08.13 16:27:47.514,1.56012,1.56022,2.25,2.25
2015.08.13 16:27:48.081,1.56012,1.5602,1.12,1.50
2015.08.13 16:27:48.586,1.56011,1.5602,1.65,1.87
2015.08.13 16:27:51.387,1.5601,1.5602,2.62,2.32
2015.08.13 16:27:51.898,1.5601,1.5602,2.62,2.02
2015.08.13 16:27:56.988,1.56013,1.56022,4.12,1.75
2015.08.13 16:27:57.039,1.56015,1.56022,1.10,1.00
2015.08.13 16:27:57.191,1.56015,1.56024,1.10,1.00
2015.08.13 16:27:59.979,1.56014,1.56024,1.95,1.87
2015.08.13 16:28:01.596,1.56014,1.56022,1.20,1.00
2015.08.13 16:28:04.817,1.56014,1.56022,1.20,1.12
2015.08.13 16:28:05.577,1.56013,1.56021,3.45,1.12
2015.08.13 16:28:05.730,1.56012,1.5602,2.62,1.27
2015.08.13 16:28:06.257,1.56012,1.5602,4.50,1.20
2015.08.13 16:28:07.429,1.56012,1.56019,3.75,1.50
2015.08.13 16:28:07.531,1.5601,1.56018,1.27,1.20
2015.08.13 16:28:07.632,1.5601,1.56016,1.10,1.00
2015.08.13 16:28:08.141,1.56007,1.56016,1.87,1.00
2015.08.13 16:28:08.652,1.56006,1.56014,1.75,1.00
2015.08.13 16:28:09.169,1.56005,1.56015,3.00,1.57
2015.08.13 16:28:10.222,1.56006,1.56014,1.20,4.20
2015.08.13 16:28:11.756,1.56005,1.56014,1.20,4.12
2015.08.13 16:28:12.060,1.56004,1.56012,2.32,1.50
2015.08.13 16:28:12.306,1.56002,1.5601,1.00,1.10
2015.08.13 16:28:14.098,1.56002,1.56011,1.07,3.82
2015.08.13 16:28:14.454,1.56003,1.56013,2.32,2.32
2015.08.13 16:28:15.826,1.56003,1.56013,2.70,1.95
2015.08.13 16:28:19.288,1.56003,1.56012,2.70,1.00
2015.08.13 16:28:27.640,1.56005,1.56012,1.00,1.00
2015.08.13 16:28:27.792,1.56008,1.56015,1.00,1.20
2015.08.13 16:28:28.099,1.56012,1.56019,1.00,1.12
2015.08.13 16:28:28.603,1.56012,1.56021,4.50,1.12
2015.08.13 16:28:29.113,1.56012,1.5602,4.50,2.25
2015.08.13 16:28:30.083,1.56012,1.5602,1.00,2.25
2015.08.13 16:28:30.591,1.56012,1.5602,1.00,1.95
2015.08.13 16:28:34.186,1.56011,1.5602,1.95,1.95
2015.08.13 16:28:35.389,1.56011,1.56021,3.45,1.57
2015.08.13 16:28:36.031,1.56011,1.5602,1.95,6.37
2015.08.13 16:28:36.927,1.56011,1.5602,1.37,1.57
2015.08.13 16:28:38.706,1.56011,1.5602,6.45,1.00
2015.08.13 16:28:39.214,1.56011,1.56021,7.12,1.12
2015.08.13 16:28:41.204,1.56012,1.56021,2.32,1.00
2015.08.13 16:28:41.518,1.56014,1.56023,2.25,3.82
2015.08.13 16:28:41.977,1.56014,1.56023,2.62,1.10
2015.08.13 16:28:42.383,1.56013,1.56021,2.25,1.00
2015.08.13 16:28:42.537,1.56013,1.5602,1.00,1.20
2015.08.13 16:28:42.821,1.56013,1.5602,1.00,1.50
2015.08.13 16:28:43.026,1.56013,1.5602,1.00,1.20
2015.08.13 16:28:44.212,1.56012,1.5602,1.50,1.20
2015.08.13 16:28:45.207,1.56012,1.5602,1.50,1.50
2015.08.13 16:28:50.528,1.56012,1.5602,5.25,1.50
2015.08.13 16:28:51.037,1.56012,1.5602,2.25,1.20
2015.08.13 16:28:53.247,1.56013,1.5602,1.00,1.20
2015.08.13 16:28:53.770,1.56013,1.5602,1.00,1.50
2015.08.13 16:28:56.973,1.56013,1.5602,1.00,1.20
2015.08.13 16:28:58.007,1.56013,1.5602,1.20,1.00
2015.08.13 16:29:03.793,1.56012,1.5602,3.82,1.50
2015.08.13 16:29:04.897,1.56012,1.56021,4.20,1.57
2015.08.13 16:29:06.081,1.56012,1.56021,4.87,1.57
2015.08.13 16:29:08.827,1.56012,1.56019,1.00,1.10
2015.08.13 16:29:09.081,1.56012,1.56017,1.00,1.00
2015.08.13 16:29:10.270,1.56011,1.56017,1.12,1.00
2015.08.13 16:29:10.683,1.56012,1.5602,1.10,1.65
2015.08.13 16:29:11.190,1.56012,1.5602,1.50,1.20
2015.08.13 16:29:14.172,1.56012,1.56019,4.12,1.10
2015.08.13 16:29:15.107,1.56012,1.56018,3.37,1.12
2015.08.13 16:29:15.158,1.56011,1.56018,1.57,1.12
2015.08.13 16:29:17.319,1.56011,1.56019,4.95,1.10
2015.08.13 16:29:17.979,1.56013,1.56021,1.12,1.12
2015.08.13 16:29:19.164,1.56011,1.5602,5.40,2.62
2015.08.13 16:29:20.938,1.56012,1.5602,1.12,2.32
2015.08.13 16:29:21.472,1.56012,1.5602,1.12,2.32
2015.08.13 16:29:21.979,1.56012,1.5602,1.12,2.62
2015.08.13 16:29:29.764,1.56012,1.56021,5.70,1.75
2015.08.13 16:29:30.018,1.56014,1.56024,1.12,3.75
2015.08.13 16:29:30.069,1.56014,1.56024,1.50,3.00
2015.08.13 16:29:30.285,1.56014,1.56024,2.02,1.95
2015.08.13 16:29:31.046,1.56014,1.56024,3.00,1.50
2015.08.13 16:29:32.370,1.56014,1.56023,1.07,1.37
2015.08.13 16:29:32.523,1.56013,1.56022,1.57,3.82
2015.08.13 16:29:33.049,1.56013,1.56021,1.12,1.45
2015.08.13 16:29:33.405,1.56014,1.56023,1.45,1.57
2015.08.13 16:29:33.954,1.56015,1.56024,1.20,2.32
2015.08.13 16:29:38.309,1.56015,1.56023,1.00,3.75
2015.08.13 16:29:39.930,1.56015,1.56024,4.57,1.00
2015.08.13 16:29:40.208,1.5602,1.56026,1.00,2.40
2015.08.13 16:29:40.310,1.5602,1.56028,1.00,1.12
2015.08.13 16:29:40.817,1.5602,1.56029,5.32,1.10
2015.08.13 16:29:42.872,1.5602,1.5603,5.40,1.00
2015.08.13 16:29:43.632,1.56022,1.5603,1.00,1.00
2015.08.13 16:29:44.152,1.56022,1.5603,4.12,1.00
2015.08.13 16:29:49.818,1.56022,1.56032,1.00,5.40
2015.08.13 16:29:49.920,1.56023,1.56032,1.07,3.82
2015.08.13 16:29:50.123,1.56023,1.56034,5.40,2.70
2015.08.13 16:29:51.435,1.5603,1.56035,1.00,4.65
2015.08.13 16:29:51.587,1.56031,1.56039,1.12,1.10
2015.08.13 16:29:52.095,1.56032,1.56041,1.12,3.90
2015.08.13 16:30:04.617,1.56033,1.56041,1.12,3.37
2015.08.13 16:30:04.669,1.56033,1.56044,6.00,1.95
2015.08.13 16:30:07.545,1.56033,1.56044,2.02,4.57
2015.08.13 16:30:09.398,1.56033,1.56044,1.20,3.82
2015.08.13 16:30:09.904,1.56034,1.56044,1.00,4.57
2015.08.13 16:30:10.378,1.56034,1.56044,1.20,4.57
2015.08.13 16:30:11.188,1.56034,1.56044,2.32,1.20
2015.08.13 16:30:19.610,1.56037,1.56045,1.00,1.00
2015.08.13 16:30:19.936,1.56041,1.56048,1.65,1.12
2015.08.13 16:30:19.987,1.56042,1.56051,4.65,1.12
2015.08.13 16:30:30.754,1.56042,1.5605,1.00,5.02
2015.08.13 16:30:30.957,1.56039,1.56049,2.70,1.20
2015.08.13 16:30:31.008,1.56039,1.56047,2.32,1.00
2015.08.13 16:30:34.835,1.56039,1.56046,1.00,3.37
2015.08.13 16:30:35.545,1.56039,1.56048,1.00,5.40
2015.08.13 16:30:36.498,1.56037,1.56047,1.20,1.10
2015.08.13 16:30:36.621,1.56037,1.56046,1.10,3.75
2015.08.13 16:30:37.127,1.56038,1.56045,1.00,1.00
2015.08.13 16:30:38.466,1.56037,1.56045,1.10,1.00
2015.08.13 16:30:38.770,1.56037,1.56044,1.00,3.75
2015.08.13 16:30:39.277,1.56035,1.56045,1.57,3.75
2015.08.13 16:30:39.793,1.56035,1.56045,1.20,3.75
2015.08.13 16:30:42.059,1.56034,1.56044,6.37,3.75
2015.08.13 16:30:42.262,1.56035,1.56044,1.20,3.75
2015.08.13 16:30:47.356,1.56035,1.56045,4.20,3.45
2015.08.13 16:30:52.594,1.56036,1.56046,1.10,2.70
2015.08.13 16:30:53.101,1.56041,1.56047,1.00,5.02
2015.08.13 16:30:53.307,1.56043,1.56053,4.20,6.45
2015.08.13 16:30:53.814,1.56042,1.56053,1.95,6.07
2015.08.13 16:31:01.533,1.56041,1.56048,1.57,1.09
2015.08.13 16:31:01.635,1.56041,1.56048,1.20,1.34
2015.08.13 16:31:01.686,1.5604,1.56047,3.90,2.21
2015.08.13 16:31:01.839,1.56036,1.56045,1.12,3.75
2015.08.13 16:31:01.891,1.56039,1.56046,1.00,1.87
2015.08.13 16:31:01.943,1.56039,1.56046,1.00,1.00
2015.08.13 16:31:02.524,1.56037,1.56044,1.50,3.37
2015.08.13 16:31:02.627,1.56036,1.56043,1.57,3.37
2015.08.13 16:31:02.933,1.56034,1.56043,1.20,4.20
2015.08.13 16:31:04.178,1.56033,1.5604,3.45,1.00
2015.08.13 16:31:04.382,1.56028,1.56036,1.12,1.50
2015.08.13 16:31:04.483,1.5603,1.56037,1.00,1.17
2015.08.13 16:31:04.759,1.56032,1.56041,1.20,1.50
2015.08.13 16:31:06.087,1.56031,1.56038,1.37,1.00
2015.08.13 16:31:06.400,1.56028,1.56033,1.00,3.37
2015.08.13 16:31:06.705,1.56027,1.56029,2.25,3.75
2015.08.13 16:31:06.909,1.56021,1.56029,1.00,3.75
2015.08.13 16:31:07.283,1.56018,1.56028,1.95,1.20
2015.08.13 16:31:07.992,1.56019,1.56028,1.00,1.95
2015.08.13 16:31:08.357,1.56021,1.56029,1.00,1.17
2015.08.13 16:31:08.461,1.56022,1.56031,3.37,1.57
2015.08.13 16:31:08.715,1.56021,1.56029,1.17,3.37
2015.08.13 16:31:09.231,1.56018,1.56028,1.27,1.50
2015.08.13 16:31:09.612,1.5602,1.56028,1.00,1.50
2015.08.13 16:31:10.121,1.5602,1.5603,1.27,2.25
2015.08.13 16:31:10.808,1.5602,1.5603,1.27,1.50
2015.08.13 16:31:12.152,1.56019,1.56028,5.25,1.00
2015.08.13 16:31:12.459,1.56018,1.56026,3.37,1.00
2015.08.13 16:31:12.916,1.56017,1.56026,2.40,3.37
2015.08.13 16:31:15.007,1.56017,1.56025,1.00,3.37
2015.08.13 16:31:15.160,1.56017,1.56027,4.65,1.65
2015.08.13 16:31:15.313,1.56017,1.56025,1.00,3.37
2015.08.13 16:31:15.884,1.56017,1.56026,1.12,3.82
2015.08.13 16:31:16.391,1.56016,1.56024,1.57,1.00
2015.08.13 16:31:17.935,1.56015,1.56024,1.57,1.00
2015.08.13 16:31:18.560,1.56014,1.56024,1.27,3.75
2015.08.13 16:31:19.068,1.56013,1.56023,3.37,1.87
2015.08.13 16:31:23.906,1.56014,1.56023,1.00,1.12
2015.08.13 16:31:24.580,1.56013,1.56023,1.12,1.12
2015.08.13 16:31:24.935,1.56015,1.56024,1.00,3.90
2015.08.13 16:31:25.240,1.56018,1.56027,1.17,3.75
2015.08.13 16:31:25.488,1.56019,1.5603,2.70,5.70
2015.08.13 16:31:25.539,1.56021,1.5603,1.20,1.12
2015.08.13 16:31:25.844,1.56021,1.56029,1.12,1.00
2015.08.13 16:31:26.352,1.56021,1.56028,1.12,1.00
2015.08.13 16:31:26.950,1.56021,1.56029,1.12,1.50
2015.08.13 16:31:27.254,1.5602,1.5603,1.87,4.12
2015.08.13 16:31:27.937,1.56022,1.56028,1.17,3.37
2015.08.13 16:31:28.920,1.56021,1.56029,1.20,3.75
2015.08.13 16:31:29.617,1.56021,1.5603,1.20,4.87
2015.08.13 16:31:30.531,1.56022,1.5603,1.17,1.00
2015.08.13 16:31:30.836,1.56022,1.56029,1.20,3.75
2015.08.13 16:31:30.888,1.56023,1.56031,1.20,4.87
2015.08.13 16:31:30.991,1.56022,1.56031,1.07,4.57
2015.08.13 16:31:31.042,1.56022,1.56029,1.07,3.37
2015.08.13 16:31:31.349,1.56022,1.56027,1.00,3.37
2015.08.13 16:31:31.552,1.56022,1.56028,1.00,1.00
2015.08.13 16:31:32.053,1.5602,1.56029,1.15,3.75
2015.08.13 16:31:32.155,1.56019,1.56027,1.50,3.37
2015.08.13 16:31:32.674,1.56018,1.56026,1.20,3.75
2015.08.13 16:31:33.755,1.56017,1.56026,1.65,3.75
2015.08.13 16:31:37.201,1.56015,1.56025,2.25,4.50
2015.08.13 16:31:37.253,1.56014,1.56024,1.20,4.57
2015.08.13 16:31:37.456,1.56013,1.56022,2.32,3.37
2015.08.13 16:31:37.507,1.56013,1.56022,1.87,3.45
2015.08.13 16:31:38.495,1.56013,1.56022,2.02,3.37
2015.08.13 16:31:39.002,1.56013,1.5602,1.17,3.75
2015.08.13 16:31:39.105,1.56011,1.56019,1.50,3.75
2015.08.13 16:31:39.561,1.5601,1.56017,1.17,3.37
2015.08.13 16:31:39.663,1.5601,1.56019,1.17,3.75
2015.08.13 16:31:40.177,1.5601,1.5602,1.27,6.37
2015.08.13 16:31:40.481,1.5601,1.56018,1.17,3.37
2015.08.13 16:31:40.532,1.5601,1.5602,1.17,6.37
2015.08.13 16:31:40.634,1.5601,1.56018,1.17,3.37
2015.08.13 16:31:40.939,1.5601,1.5602,1.17,6.37
2015.08.13 16:31:41.641,1.5601,1.56019,1.17,3.75
2015.08.13 16:31:42.148,1.5601,1.5602,1.17,6.37
2015.08.13 16:31:43.995,1.5601,1.56019,1.17,3.75
2015.08.13 16:31:44.809,1.5601,1.5602,1.17,6.00
2015.08.13 16:31:45.062,1.5601,1.56017,1.17,3.37
2015.08.13 16:31:46.676,1.5601,1.56019,1.65,3.75
2015.08.13 16:31:47.184,1.5601,1.56019,1.95,3.75
2015.08.13 16:31:47.286,1.5601,1.56017,1.95,3.75
2015.08.13 16:31:47.812,1.5601,1.56018,1.57,3.75
2015.08.13 16:31:48.319,1.56008,1.56017,1.57,3.75
2015.08.13 16:31:48.645,1.56007,1.56015,1.15,4.12
2015.08.13 16:31:48.797,1.56005,1.56013,2.62,3.75
2015.08.13 16:31:49.305,1.56005,1.56015,1.87,4.50
2015.08.13 16:31:49.908,1.56005,1.56014,1.87,4.50
2015.08.13 16:31:51.789,1.56005,1.56014,1.57,4.50
2015.08.13 16:31:51.942,1.56005,1.56012,1.07,3.37
2015.08.13 16:31:52.450,1.56004,1.56011,1.12,3.37
2015.08.13 16:31:52.800,1.56003,1.56011,1.57,3.75
2015.08.13 16:31:53.607,1.56005,1.56011,1.00,3.75
2015.08.13 16:31:54.114,1.56005,1.56012,1.00,4.12
2015.08.13 16:31:54.419,1.56007,1.56012,1.00,3.37
2015.08.13 16:31:55.568,1.56005,1.56012,1.00,3.37
2015.08.13 16:31:56.089,1.56006,1.56013,1.00,3.75
2015.08.13 16:31:56.190,1.56006,1.5601,1.00,3.37
2015.08.13 16:31:56.410,1.56006,1.56012,1.00,3.37
2015.08.13 16:31:56.917,1.56006,1.56012,1.00,1.12
2015.08.13 16:31:57.446,1.56006,1.56012,1.00,4.12
2015.08.13 16:31:57.966,1.56006,1.56011,1.00,3.37
2015.08.13 16:31:58.499,1.56006,1.56012,1.00,1.00
2015.08.13 16:31:58.601,1.56006,1.56011,1.00,3.37
2015.08.13 16:31:59.130,1.56006,1.56011,1.00,1.00
2015.08.13 16:32:04.396,1.56005,1.56011,1.00,1.00
2015.08.13 16:32:06.261,1.56005,1.5601,1.00,3.37
2015.08.13 16:32:09.131,1.56006,1.5601,1.00,3.37
2015.08.13 16:32:09.540,1.56006,1.56013,1.00,1.20
2015.08.13 16:32:09.802,1.56009,1.56014,1.00,3.37
2015.08.13 16:32:10.311,1.56009,1.56013,1.00,3.75
2015.08.13 16:32:12.545,1.56007,1.56012,1.00,3.75
2015.08.13 16:32:13.357,1.56007,1.5601,1.00,3.37
2015.08.13 16:32:13.955,1.56006,1.5601,1.00,3.37
2015.08.13 16:32:14.494,1.56007,1.5601,1.00,3.37
2015.08.13 16:32:15.000,1.56007,1.56011,1.00,3.37
2015.08.13 16:32:16.150,1.56007,1.56012,1.00,3.75
2015.08.13 16:32:16.656,1.56007,1.5601,1.00,1.00
2015.08.13 16:32:17.032,1.56005,1.5601,1.00,3.75
2015.08.13 16:32:19.100,1.56005,1.56011,1.00,5.25
2015.08.13 16:32:19.202,1.56005,1.56009,1.00,3.37
2015.08.13 16:32:19.405,1.56005,1.56011,1.00,5.25
2015.08.13 16:32:20.980,1.56004,1.56011,1.10,5.25
2015.08.13 16:32:21.082,1.56004,1.56009,1.10,3.37
2015.08.13 16:32:21.408,1.56004,1.56012,1.00,3.82
2015.08.13 16:32:21.460,1.56006,1.56012,1.00,3.45
2015.08.13 16:32:21.968,1.56006,1.56012,1.17,3.37
2015.08.13 16:32:22.375,1.56005,1.5601,1.20,3.75
2015.08.13 16:32:22.536,1.56005,1.5601,1.00,3.75
2015.08.13 16:32:23.094,1.56005,1.56009,1.00,3.75
2015.08.13 16:32:23.643,1.56004,1.56009,1.00,3.75
2015.08.13 16:32:24.322,1.56002,1.56007,1.15,1.00
2015.08.13 16:32:24.373,1.56002,1.56006,1.15,3.75
2015.08.13 16:32:24.576,1.55999,1.56003,1.10,3.75
2015.08.13 16:32:25.083,1.55998,1.56003,1.20,3.75
2015.08.13 16:32:27.626,1.55998,1.56003,1.17,3.75
2015.08.13 16:32:31.309,1.55997,1.56001,1.20,3.37
2015.08.13 16:32:31.411,1.55997,1.56001,1.10,3.75
2015.08.13 16:32:36.411,1.55995,1.55999,1.20,3.75
2015.08.13 16:32:36.463,1.55995,1.55999,1.00,3.75
2015.08.13 16:32:36.514,1.55991,1.55995,1.00,3.37
2015.08.13 16:32:36.616,1.55991,1.55998,1.00,4.50
2015.08.13 16:32:36.920,1.55991,1.55995,1.00,3.37
2015.08.13 16:32:37.445,1.55992,1.55995,1.00,3.37
2015.08.13 16:32:39.272,1.5599,1.55995,1.50,3.37
2015.08.13 16:32:39.678,1.55992,1.55995,1.00,3.37
2015.08.13 16:32:40.579,1.5599,1.55995,1.00,4.12
2015.08.13 16:32:40.680,1.55992,1.55995,1.00,3.37
2015.08.13 16:32:40.833,1.55992,1.55997,1.00,4.50
2015.08.13 16:32:46.417,1.55992,1.55997,1.00,1.00
2015.08.13 16:32:46.519,1.55992,1.55996,1.00,3.37
2015.08.13 16:32:46.722,1.55992,1.55998,1.00,4.50
2015.08.13 16:32:47.330,1.55992,1.55996,1.00,3.37
2015.08.13 16:32:47.559,1.55992,1.55998,1.00,3.75
2015.08.13 16:32:48.070,1.55992,1.55997,1.00,3.75
2015.08.13 16:32:48.578,1.55992,1.55997,1.00,1.12
2015.08.13 16:32:49.110,1.55992,1.55996,1.00,1.00
2015.08.13 16:32:49.617,1.55992,1.55997,1.00,1.00
2015.08.13 16:32:50.224,1.55993,1.55999,1.00,5.62
2015.08.13 16:32:50.731,1.55992,1.55998,1.00,3.37
2015.08.13 16:32:51.138,1.55992,1.56,1.50,4.50
2015.08.13 16:32:51.314,1.55992,1.55999,1.95,3.75
2015.08.13 16:32:51.416,1.55992,1.55999,1.57,3.75
2015.08.13 16:32:52.667,1.55992,1.56,1.10,1.50
2015.08.13 16:32:52.769,1.55992,1.55999,1.00,3.75
2015.08.13 16:32:53.277,1.55991,1.55997,1.10,1.00
2015.08.13 16:33:00.081,1.55991,1.55997,1.00,3.75
2015.08.13 16:33:00.638,1.55991,1.55997,1.00,1.00
2015.08.13 16:33:01.158,1.55991,1.55996,1.00,3.75
2015.08.13 16:33:01.664,1.55991,1.55997,1.00,3.75
2015.08.13 16:33:03.370,1.55991,1.55998,1.00,3.75
2015.08.13 16:33:03.885,1.55992,1.55997,1.00,3.75
2015.08.13 16:33:04.471,1.55992,1.55998,1.00,3.75
2015.08.13 16:33:05.862,1.55991,1.55998,1.00,3.75
2015.08.13 16:33:06.368,1.55991,1.55998,1.00,4.95
2015.08.13 16:33:06.948,1.5599,1.55998,1.50,5.70
2015.08.13 16:33:08.655,1.55989,1.55997,1.00,4.57
2015.08.13 16:33:08.959,1.55989,1.55994,1.00,3.37
2015.08.13 16:33:09.558,1.5599,1.55995,1.00,1.00
2015.08.13 16:33:09.711,1.55986,1.55994,1.10,1.00
2015.08.13 16:33:09.762,1.55986,1.55993,1.10,3.37
2015.08.13 16:33:10.066,1.55984,1.55991,1.10,3.37
2015.08.13 16:33:10.686,1.55984,1.55989,1.00,1.00
2015.08.13 16:33:11.211,1.55983,1.55989,1.65,1.00
2015.08.13 16:33:13.103,1.55982,1.55989,1.27,3.75
2015.08.13 16:33:13.205,1.55982,1.5599,1.27,1.00
2015.08.13 16:33:13.610,1.55982,1.55992,4.20,1.00
2015.08.13 16:33:17.821,1.55983,1.5599,1.65,3.75
2015.08.13 16:33:20.498,1.55982,1.55986,1.20,3.75
2015.08.13 16:33:20.549,1.55982,1.55986,1.00,3.75
2015.08.13 16:33:20.853,1.55979,1.55986,1.95,3.75
2015.08.13 16:33:20.904,1.55979,1.55983,1.95,1.00
2015.08.13 16:33:21.420,1.55979,1.55985,2.02,3.75
2015.08.13 16:33:23.908,1.55978,1.55981,1.00,3.37
2015.08.13 16:33:23.959,1.55974,1.55981,2.77,3.37
2015.08.13 16:33:24.011,1.55974,1.55978,1.27,3.75
2015.08.13 16:33:24.519,1.55975,1.55978,1.27,3.75
2015.08.13 16:33:24.790,1.55977,1.55983,1.57,1.00
2015.08.13 16:33:25.304,1.55978,1.55983,1.17,1.00
2015.08.13 16:33:27.637,1.55979,1.55985,1.10,3.75
2015.08.13 16:33:27.739,1.55979,1.55987,1.17,1.12
2015.08.13 16:33:28.246,1.55978,1.55988,3.37,3.75
2015.08.13 16:33:28.297,1.55978,1.55986,3.37,3.37
2015.08.13 16:33:28.812,1.55978,1.55986,2.32,3.37
2015.08.13 16:33:31.706,1.5598,1.55987,1.57,3.37
2015.08.13 16:33:32.632,1.5598,1.55988,1.10,1.50
2015.08.13 16:33:36.097,1.55981,1.55989,1.00,3.90
2015.08.13 16:33:36.300,1.55983,1.55989,1.00,3.37
2015.08.13 16:33:36.351,1.55984,1.55991,1.00,4.20
2015.08.13 16:33:36.454,1.55986,1.55993,1.00,4.87
2015.08.13 16:33:36.506,1.55984,1.55994,1.50,3.82
2015.08.13 16:33:36.607,1.55986,1.55994,1.12,3.75
2015.08.13 16:33:36.822,1.55984,1.55994,2.25,4.65
2015.08.13 16:33:36.923,1.55984,1.55994,1.20,5.25
2015.08.13 16:33:37.025,1.55983,1.55991,1.50,3.75
2015.08.13 16:33:37.531,1.55983,1.5599,1.20,3.75
2015.08.13 16:33:37.975,1.55984,1.55992,1.20,3.75
2015.08.13 16:33:38.027,1.55985,1.55992,1.12,3.75
2015.08.13 16:33:38.230,1.55985,1.55994,2.25,3.75
2015.08.13 16:33:38.281,1.55985,1.55994,1.57,3.82
2015.08.13 16:33:38.787,1.55985,1.55994,1.87,3.75
2015.08.13 16:33:39.815,1.55985,1.55994,1.07,4.57
2015.08.13 16:33:40.375,1.55984,1.55994,5.32,4.50
2015.08.13 16:33:40.679,1.55983,1.55991,2.25,1.00
2015.08.13 16:33:40.781,1.55983,1.55991,1.00,1.12
2015.08.13 16:33:40.832,1.55983,1.5599,1.00,3.75
2015.08.13 16:33:41.136,1.55981,1.55989,1.10,3.75
2015.08.13 16:33:41.655,1.55981,1.5599,1.10,5.32
2015.08.13 16:33:45.555,1.55979,1.55987,1.87,3.37
2015.08.13 16:33:48.859,1.55978,1.55985,1.12,3.75
2015.08.13 16:33:49.063,1.55976,1.55985,2.25,4.57
2015.08.13 16:33:49.642,1.5598,1.55986,1.37,3.75
2015.08.13 16:33:49.693,1.5598,1.55989,1.87,1.00
2015.08.13 16:33:49.745,1.55982,1.55989,1.12,1.00
2015.08.13 16:33:49.847,1.5598,1.55989,1.75,1.00
2015.08.13 16:33:50.252,1.5598,1.55987,1.75,3.37
2015.08.13 16:33:51.465,1.55979,1.55986,1.75,3.75
2015.08.13 16:33:51.770,1.55981,1.55983,1.00,3.75
2015.08.13 16:33:51.821,1.55976,1.55983,1.87,3.75
2015.08.13 16:33:52.342,1.55975,1.55983,2.25,3.75
2015.08.13 16:33:52.849,1.55975,1.55983,2.62,1.00
2015.08.13 16:33:52.900,1.55977,1.55983,1.12,1.50
2015.08.13 16:33:54.387,1.55977,1.55982,1.12,3.75
2015.08.13 16:33:55.155,1.55977,1.55983,1.87,1.00
2015.08.13 16:33:55.460,1.55978,1.55986,1.50,3.75
2015.08.13 16:33:55.561,1.55979,1.55987,1.12,4.50
2015.08.13 16:33:56.272,1.55979,1.55985,1.12,3.75
2015.08.13 16:33:56.783,1.55979,1.55986,1.87,3.37
2015.08.13 16:33:57.290,1.55979,1.55984,1.87,1.00
2015.08.13 16:33:57.737,1.55979,1.55985,1.45,3.37
2015.08.13 16:33:58.245,1.55979,1.55985,1.12,3.37
2015.08.13 16:33:58.822,1.55979,1.55987,1.47,4.57
2015.08.13 16:33:59.698,1.55978,1.55986,1.12,3.75
2015.08.13 16:34:00.105,1.55979,1.55986,1.12,3.75
2015.08.13 16:34:00.736,1.55977,1.55986,2.25,3.75
2015.08.13 16:34:01.023,1.55978,1.55986,1.12,3.75
2015.08.13 16:34:01.482,1.55976,1.55982,2.25,3.37
2015.08.13 16:34:01.972,1.55976,1.55985,2.25,3.75
2015.08.13 16:34:02.024,1.55978,1.55985,1.75,3.75
2015.08.13 16:34:02.534,1.55978,1.55984,1.75,3.37
2015.08.13 16:34:02.585,1.55979,1.55987,1.12,4.12
2015.08.13 16:34:03.087,1.55979,1.55986,1.87,3.75
2015.08.13 16:34:03.189,1.55979,1.55988,3.37,4.50
2015.08.13 16:34:04.335,1.55982,1.55988,1.12,3.75
2015.08.13 16:34:04.589,1.55981,1.55988,1.20,1.00
2015.08.13 16:34:04.792,1.55979,1.55986,1.87,3.75
2015.08.13 16:34:06.864,1.55979,1.55984,1.12,3.37
2015.08.13 16:34:07.170,1.55979,1.55983,1.12,6.75
2015.08.13 16:34:07.778,1.55977,1.55982,1.12,3.75
2015.08.13 16:34:09.496,1.55976,1.5598,1.12,3.75
2015.08.13 16:34:09.981,1.55976,1.55978,1.12,3.75
2015.08.13 16:34:10.084,1.55973,1.55978,2.25,3.75
2015.08.13 16:34:10.186,1.55973,1.55978,1.10,3.75
2015.08.13 16:34:10.288,1.55972,1.55978,1.87,3.75
2015.08.13 16:34:10.865,1.55974,1.55978,1.00,3.75
2015.08.13 16:34:12.112,1.55974,1.55981,1.50,3.75
2015.08.13 16:34:12.379,1.55974,1.55981,2.25,3.75
2015.08.13 16:34:19.432,1.55974,1.55978,1.75,3.37
2015.08.13 16:34:19.534,1.55974,1.55977,1.00,3.75
2015.08.13 16:34:20.041,1.55972,1.55977,1.57,3.75
2015.08.13 16:34:20.757,1.55971,1.55977,1.50,3.75
2015.08.13 16:34:21.219,1.55971,1.55975,1.00,3.37
2015.08.13 16:34:24.646,1.5597,1.55975,2.25,3.37
2015.08.13 16:34:24.952,1.55968,1.55972,1.10,1.00
2015.08.13 16:34:25.460,1.55968,1.55974,1.57,3.75
2015.08.13 16:34:28.681,1.55968,1.55974,1.37,3.75
2015.08.13 16:34:33.044,1.55968,1.55974,1.00,3.37
2015.08.13 16:34:33.247,1.55963,1.55971,3.37,3.75
2015.08.13 16:34:33.540,1.55964,1.55968,1.12,3.37
2015.08.13 16:34:34.199,1.55963,1.55968,1.65,3.37
2015.08.13 16:34:37.460,1.55963,1.55969,1.20,3.75
2015.08.13 16:34:40.557,1.55961,1.55968,1.47,3.75
2015.08.13 16:34:40.659,1.55959,1.55968,1.07,4.50
2015.08.13 16:34:40.760,1.55959,1.55965,1.20,3.75
2015.08.13 16:34:41.274,1.55956,1.55964,2.62,3.75
2015.08.13 16:34:43.311,1.5596,1.55964,1.00,3.75
2015.08.13 16:34:43.362,1.5596,1.55966,1.00,1.00
2015.08.13 16:34:43.413,1.5596,1.55966,1.47,1.00
2015.08.13 16:34:45.074,1.55959,1.55964,1.12,3.75
2015.08.13 16:34:45.177,1.55957,1.55964,1.12,3.75
2015.08.13 16:34:45.381,1.55956,1.55964,1.57,3.75
2015.08.13 16:34:45.889,1.55955,1.55962,1.87,1.00
2015.08.13 16:34:49.855,1.55954,1.55962,1.87,1.00
2015.08.13 16:34:50.262,1.55957,1.55964,1.10,1.00
2015.08.13 16:34:50.769,1.55956,1.55964,1.75,1.00
2015.08.13 16:34:51.894,1.55957,1.55966,3.00,1.20
2015.08.13 16:34:52.439,1.55957,1.55966,1.50,3.90
2015.08.13 16:34:53.266,1.55957,1.55964,1.50,3.37
2015.08.13 16:34:56.950,1.55959,1.55964,1.00,3.37
2015.08.13 16:34:57.001,1.55959,1.55966,1.00,3.52
2015.08.13 16:34:58.290,1.55957,1.55965,1.12,4.50
2015.08.13 16:34:58.392,1.55956,1.55962,1.75,3.75
2015.08.13 16:34:58.696,1.55955,1.55962,1.12,3.75
2015.08.13 16:35:01.202,1.55954,1.5596,1.50,3.37
2015.08.13 16:35:04.402,1.55953,1.5596,3.00,3.37
2015.08.13 16:35:06.981,1.55953,1.55962,1.50,3.82
2015.08.13 16:35:07.488,1.55953,1.55962,2.25,1.10
2015.08.13 16:35:10.389,1.55953,1.55961,2.25,3.37
2015.08.13 16:35:10.893,1.55953,1.55961,1.47,3.82
2015.08.13 16:35:12.508,1.55953,1.5596,1.47,3.75
2015.08.13 16:35:16.804,1.55952,1.55958,2.25,3.37
2015.08.13 16:35:18.020,1.55953,1.55961,1.50,3.75
2015.08.13 16:35:18.172,1.55954,1.55961,1.87,3.75
2015.08.13 16:35:18.679,1.55954,1.55962,1.87,3.75
2015.08.13 16:35:23.233,1.55954,1.55961,2.25,3.75
2015.08.13 16:35:23.436,1.55953,1.55961,1.65,3.75
2015.08.13 16:35:23.969,1.55953,1.55961,1.20,3.75
2015.08.13 16:35:26.532,1.55954,1.55963,1.10,4.57
2015.08.13 16:35:26.735,1.55956,1.55963,1.00,3.37
2015.08.13 16:35:27.253,1.55957,1.55963,1.00,3.37
2015.08.13 16:35:27.806,1.55958,1.55963,1.00,3.37
2015.08.13 16:35:35.529,1.5596,1.55965,1.00,3.75
2015.08.13 16:35:35.631,1.55962,1.55968,1.00,3.37
2015.08.13 16:35:35.683,1.55962,1.55969,1.50,1.00
2015.08.13 16:35:35.835,1.55962,1.55973,2.02,5.62
2015.08.13 16:35:36.140,1.55962,1.5597,1.65,3.37
2015.08.13 16:35:37.136,1.55962,1.55971,1.65,1.00
2015.08.13 16:35:37.959,1.55963,1.55972,1.57,1.10
2015.08.13 16:35:38.164,1.55964,1.55974,1.57,1.57
2015.08.13 16:35:38.266,1.55964,1.55975,2.40,6.82
2015.08.13 16:35:38.419,1.55967,1.55975,1.00,5.25
2015.08.13 16:35:38.724,1.55968,1.55975,1.07,1.00
2015.08.13 16:35:39.033,1.55973,1.55981,1.50,1.00
2015.08.13 16:35:39.394,1.55973,1.55982,2.62,3.75
2015.08.13 16:35:39.915,1.55975,1.55981,1.20,3.75
2015.08.13 16:35:40.068,1.55975,1.55981,1.20,3.75
2015.08.13 16:35:40.577,1.55974,1.55982,2.40,1.00
2015.08.13 16:35:40.678,1.55975,1.55985,1.20,5.62
2015.08.13 16:35:40.780,1.55975,1.55982,1.17,1.00
2015.08.13 16:35:42.213,1.55979,1.55982,1.00,1.00
2015.08.13 16:35:42.264,1.55978,1.55985,1.50,1.10
2015.08.13 16:35:42.315,1.55981,1.55987,1.00,1.12
2015.08.13 16:35:42.468,1.55982,1.5599,1.00,1.45
2015.08.13 16:35:42.976,1.55981,1.55991,1.27,6.00
2015.08.13 16:35:44.249,1.55981,1.55988,1.20,3.37
2015.08.13 16:35:44.803,1.55981,1.55988,1.15,3.37
2015.08.13 16:35:47.895,1.55981,1.55988,1.57,3.37
2015.08.13 16:35:52.465,1.55981,1.55989,1.57,3.75
2015.08.13 16:35:53.518,1.55981,1.55988,1.20,3.37
2015.08.13 16:35:55.511,1.55981,1.55989,1.00,3.82
2015.08.13 16:35:58.387,1.5598,1.55989,2.25,3.82
2015.08.13 16:35:58.896,1.5598,1.55988,1.95,3.75
2015.08.13 16:36:00.507,1.55981,1.55988,1.00,3.75
2015.08.13 16:36:01.469,1.5598,1.55988,2.70,3.75
2015.08.13 16:36:01.842,1.55977,1.55986,2.32,3.37
2015.08.13 16:36:01.944,1.55977,1.55985,1.10,4.12
2015.08.13 16:36:02.198,1.55974,1.55983,3.07,3.82
2015.08.13 16:36:03.328,1.55974,1.55982,1.87,3.75
2015.08.13 16:36:03.632,1.55973,1.5598,3.37,3.37
2015.08.13 16:36:04.036,1.55972,1.55979,2.02,3.75
2015.08.13 16:36:04.289,1.55969,1.55978,3.07,1.10
2015.08.13 16:36:04.341,1.55969,1.55977,2.70,3.37
2015.08.13 16:36:04.848,1.55969,1.55977,1.37,4.20
2015.08.13 16:36:05.651,1.55969,1.55976,1.50,3.75
2015.08.13 16:36:09.964,1.55969,1.55976,2.32,3.75
2015.08.13 16:36:10.871,1.55969,1.55976,1.20,3.75
2015.08.13 16:36:11.379,1.55968,1.55976,2.32,3.75
2015.08.13 16:36:27.215,1.55969,1.55976,1.00,3.75
2015.08.13 16:36:27.756,1.55969,1.55977,2.62,3.75
2015.08.13 16:36:28.618,1.5597,1.55977,1.00,3.75
2015.08.13 16:36:29.132,1.55971,1.55977,1.00,3.75
2015.08.13 16:36:32.577,1.55971,1.55976,1.00,3.75
2015.08.13 16:36:34.414,1.55969,1.55976,1.57,3.75
2015.08.13 16:36:37.453,1.5597,1.55976,1.00,3.75
2015.08.13 16:36:37.583,1.5597,1.55976,1.87,1.00
2015.08.13 16:36:38.554,1.5597,1.55977,1.27,3.75
2015.08.13 16:36:38.808,1.55969,1.55977,2.32,3.75
2015.08.13 16:36:41.973,1.55968,1.55975,2.77,3.37
2015.08.13 16:36:42.490,1.55969,1.55976,1.00,3.75
2015.08.13 16:36:44.695,1.55968,1.55973,2.02,3.37
2015.08.13 16:36:44.950,1.55966,1.55973,1.12,3.37
2015.08.13 16:36:45.153,1.55963,1.55972,2.25,3.37
2015.08.13 16:36:45.306,1.55963,1.55969,1.00,1.00
2015.08.13 16:36:45.634,1.5596,1.55967,2.02,1.00
2015.08.13 16:36:48.368,1.55961,1.55967,1.65,1.00
2015.08.13 16:36:49.386,1.55961,1.55967,1.57,1.00
2015.08.13 16:36:58.304,1.55961,1.55966,1.10,3.37
2015.08.13 16:37:01.003,1.55962,1.55969,1.20,4.50
2015.08.13 16:37:04.624,1.55962,1.55969,1.20,4.50
2015.08.13 16:37:05.128,1.55962,1.55969,1.12,4.50
2015.08.13 16:37:08.181,1.5596,1.55969,1.27,4.50
2015.08.13 16:37:08.232,1.5596,1.55966,1.27,3.75
2015.08.13 16:37:08.738,1.5596,1.55966,1.20,3.75
2015.08.13 16:37:09.272,1.55959,1.55966,1.87,3.75
2015.08.13 16:37:09.779,1.55959,1.55967,1.87,3.75
2015.08.13 16:37:10.134,1.55961,1.55967,1.00,3.75
2015.08.13 16:37:10.646,1.5596,1.55968,2.32,4.50
2015.08.13 16:37:12.771,1.5596,1.55968,2.70,4.50
2015.08.13 16:37:13.776,1.5596,1.55968,2.70,4.50
2015.08.13 16:37:14.737,1.5596,1.55968,2.70,4.50
2015.08.13 16:37:17.209,1.5596,1.55968,2.77,4.12
2015.08.13 16:37:17.361,1.55964,1.55971,1.00,4.12
2015.08.13 16:37:18.672,1.55964,1.55969,1.00,3.75
2015.08.13 16:37:19.180,1.55964,1.55968,1.00,3.75
2015.08.13 16:37:20.738,1.55963,1.55968,1.57,3.75
2015.08.13 16:37:22.127,1.55961,1.55968,1.17,3.75
2015.08.13 16:37:22.906,1.55961,1.55966,1.17,3.37
2015.08.13 16:37:23.566,1.55961,1.55969,1.17,3.75
2015.08.13 16:37:29.213,1.55962,1.5597,1.10,4.12
2015.08.13 16:37:29.416,1.55963,1.5597,1.47,1.00
2015.08.13 16:37:29.467,1.55963,1.55972,1.47,1.12
2015.08.13 16:37:29.983,1.55964,1.55973,1.47,4.50
2015.08.13 16:37:33.303,1.55964,1.55971,1.47,3.37
2015.08.13 16:37:33.557,1.55962,1.5597,2.77,3.75
2015.08.13 16:37:37.960,1.55962,1.5597,2.25,3.75
2015.08.13 16:37:51.838,1.55962,1.55971,3.00,3.75
2015.08.13 16:37:52.346,1.55965,1.55972,1.07,4.12
2015.08.13 16:37:52.849,1.55965,1.55972,1.12,4.12
2015.08.13 16:37:54.248,1.55964,1.55972,2.32,4.12
2015.08.13 16:37:54.657,1.55963,1.55969,1.85,3.37
2015.08.13 16:37:54.709,1.55962,1.55969,1.45,3.75
2015.08.13 16:37:55.670,1.55962,1.55969,1.45,1.00
2015.08.13 16:37:55.772,1.55962,1.55967,1.45,3.37
2015.08.13 16:38:04.088,1.55961,1.55968,1.12,3.75
2015.08.13 16:38:06.548,1.55961,1.55968,2.25,3.37
2015.08.13 16:38:06.890,1.55965,1.55971,1.57,4.12
2015.08.13 16:38:06.992,1.55965,1.55971,1.27,3.37
2015.08.13 16:38:07.094,1.55965,1.55972,1.20,1.00
2015.08.13 16:38:14.725,1.55965,1.5597,1.10,3.37
2015.08.13 16:38:14.826,1.55963,1.5597,1.57,4.12
2015.08.13 16:38:15.342,1.55964,1.5597,1.00,4.12
2015.08.13 16:38:17.129,1.55963,1.5597,1.57,4.12
2015.08.13 16:38:28.549,1.55964,1.5597,1.00,3.37
2015.08.13 16:38:28.601,1.55967,1.5597,1.00,3.37
2015.08.13 16:38:28.758,1.55971,1.55974,1.00,1.12
2015.08.13 16:38:28.809,1.55974,1.55975,1.00,1.00
2015.08.13 16:38:28.860,1.55974,1.55978,1.00,3.37
2015.08.13 16:38:28.962,1.55974,1.55979,1.00,1.00
2015.08.13 16:38:31.670,1.55974,1.5598,1.87,3.37
2015.08.13 16:38:31.722,1.55974,1.55981,1.87,1.12
2015.08.13 16:38:32.533,1.55974,1.55981,1.87,3.37
2015.08.13 16:38:35.076,1.55975,1.5598,1.00,3.75
2015.08.13 16:38:37.765,1.55975,1.5598,1.00,1.00
2015.08.13 16:38:38.691,1.55975,1.55978,1.00,3.37
2015.08.13 16:38:38.743,1.55972,1.55978,1.00,3.75
2015.08.13 16:38:48.233,1.55975,1.55978,1.00,3.75
2015.08.13 16:38:48.437,1.55975,1.55981,1.20,1.00
2015.08.13 16:38:48.640,1.55978,1.55982,1.00,3.37
2015.08.13 16:38:48.898,1.55976,1.55982,1.20,3.37
2015.08.13 16:38:49.405,1.55976,1.55982,1.12,3.37
2015.08.13 16:38:50.378,1.55976,1.5598,1.12,3.37
2015.08.13 16:38:50.480,1.55975,1.5598,1.20,3.37
2015.08.13 16:38:58.296,1.55974,1.55979,1.00,1.00
2015.08.13 16:38:59.806,1.55974,1.55979,1.12,1.00
2015.08.13 16:39:00.061,1.55976,1.55982,1.00,4.50
2015.08.13 16:39:00.884,1.55974,1.55982,1.00,3.75
2015.08.13 16:39:12.521,1.55974,1.55981,1.50,3.52
2015.08.13 16:39:18.505,1.55975,1.5598,1.00,1.00
2015.08.13 16:39:29.371,1.55974,1.5598,1.00,1.00
2015.08.13 16:39:32.568,1.55974,1.5598,1.00,3.37
2015.08.13 16:39:36.575,1.55974,1.5598,1.87,3.37
2015.08.13 16:39:42.410,1.55978,1.55981,1.00,3.37
2015.08.13 16:39:42.512,1.55981,1.55982,1.00,1.00
2015.08.13 16:39:42.667,1.55983,1.55985,1.00,1.65
2015.08.13 16:39:42.719,1.55984,1.55988,1.00,1.12
2015.08.13 16:39:42.871,1.55985,1.5599,1.00,1.50
2015.08.13 16:39:43.378,1.55982,1.5599,2.25,1.50
2015.08.13 16:39:45.784,1.55982,1.55987,1.50,1.00
2015.08.13 16:39:46.038,1.55979,1.55984,1.00,4.50
2015.08.13 16:39:46.141,1.55977,1.55984,1.10,1.10
2015.08.13 16:39:46.243,1.5598,1.55985,1.00,1.12
2015.08.13 16:39:46.447,1.5598,1.55989,1.00,2.62
2015.08.13 16:39:46.498,1.5598,1.55989,1.00,1.87
2015.08.13 16:39:46.752,1.55981,1.55988,1.00,3.37
2015.08.13 16:39:47.969,1.55979,1.55988,1.20,3.37
2015.08.13 16:39:48.477,1.55979,1.55986,1.00,1.20
2015.08.13 16:39:50.265,1.55981,1.55987,1.00,4.57
2015.08.13 16:39:50.418,1.5598,1.55988,1.00,1.95
2015.08.13 16:39:50.865,1.55981,1.55989,1.12,2.25
2015.08.13 16:39:51.375,1.55981,1.55989,1.47,1.95
2015.08.13 16:39:51.680,1.5598,1.55987,1.12,3.37
2015.08.13 16:39:51.731,1.55979,1.55987,1.50,3.37
2015.08.13 16:39:51.833,1.55979,1.55987,1.20,3.37
2015.08.13 16:39:52.379,1.55981,1.55987,1.00,3.37
2015.08.13 16:39:52.531,1.55981,1.55988,1.00,1.10
2015.08.13 16:39:53.039,1.55983,1.55988,1.00,1.10
2015.08.13 16:39:53.384,1.55984,1.55991,1.10,1.87
2015.08.13 16:39:53.739,1.55984,1.55991,1.50,1.00
2015.08.13 16:39:55.150,1.55984,1.55991,1.10,1.00
2015.08.13 16:40:00.787,1.55981,1.55987,1.75,1.00
2015.08.13 16:40:01.041,1.55982,1.55987,1.00,1.00
2015.08.13 16:40:01.548,1.55982,1.55989,1.10,4.95
2015.08.13 16:40:02.417,1.55982,1.55988,1.00,1.07
2015.08.13 16:40:07.417,1.55979,1.55988,2.25,1.07
2015.08.13 16:40:07.721,1.55979,1.55988,1.00,1.20
2015.08.13 16:40:07.873,1.55982,1.55988,1.00,1.20
2015.08.13 16:40:09.131,1.55979,1.55989,1.00,4.20
2015.08.13 16:40:10.429,1.5598,1.55989,1.00,4.57
2015.08.13 16:40:10.682,1.5598,1.55989,2.25,3.37
2015.08.13 16:40:10.986,1.5598,1.5599,3.00,2.62
2015.08.13 16:40:11.509,1.5598,1.55988,2.62,3.37
2015.08.13 16:40:11.773,1.5598,1.55988,1.00,3.90
2015.08.13 16:40:12.486,1.55979,1.55988,1.27,4.65
2015.08.13 16:40:18.304,1.5598,1.55988,1.50,4.50
2015.08.13 16:40:18.456,1.5598,1.55989,5.25,2.70
2015.08.13 16:40:18.760,1.55981,1.55989,1.50,2.25
2015.08.13 16:40:19.480,1.55981,1.55989,1.45,1.87
2015.08.13 16:40:21.765,1.55981,1.55989,1.57,1.87
2015.08.13 16:40:26.670,1.55981,1.55989,1.12,3.75
2015.08.13 16:40:27.176,1.55981,1.55989,1.20,3.37
2015.08.13 16:40:27.227,1.55981,1.5599,1.20,2.32
2015.08.13 16:40:27.384,1.55981,1.5599,1.57,2.32
2015.08.13 16:40:27.993,1.55981,1.5599,1.12,7.20
2015.08.13 16:40:28.298,1.55974,1.55983,2.70,3.75
2015.08.13 16:40:28.499,1.55972,1.55979,1.75,4.12
2015.08.13 16:40:28.601,1.55968,1.55978,6.07,3.75
2015.08.13 16:40:28.805,1.55967,1.55974,2.32,3.37
2015.08.13 16:40:28.856,1.55967,1.55974,1.65,3.37
2015.08.13 16:40:29.456,1.55966,1.55975,1.12,3.75
2015.08.13 16:40:29.967,1.55966,1.55974,1.12,3.75
2015.08.13 16:40:30.220,1.55966,1.55972,1.12,3.75
2015.08.13 16:40:30.272,1.55964,1.55972,2.62,3.75
2015.08.13 16:40:30.474,1.55962,1.55971,1.47,3.75
2015.08.13 16:40:32.530,1.55962,1.55971,1.95,1.00
2015.08.13 16:40:37.853,1.55962,1.55969,1.47,1.00
2015.08.13 16:40:38.107,1.5596,1.55967,1.00,4.50
2015.08.13 16:40:38.502,1.55957,1.55966,1.12,4.50
2015.08.13 16:40:40.989,1.55956,1.55966,1.87,4.50
2015.08.13 16:40:41.770,1.55958,1.55966,1.87,1.00
2015.08.13 16:40:42.926,1.55958,1.55966,3.37,1.00
2015.08.13 16:40:43.678,1.55958,1.55968,6.00,4.27
2015.08.13 16:40:50.169,1.5596,1.55968,1.00,3.52
2015.08.13 16:40:50.475,1.55961,1.5597,1.87,1.37
2015.08.13 16:40:50.527,1.55962,1.5597,1.12,1.00
2015.08.13 16:40:50.628,1.55961,1.5597,3.37,1.00
2015.08.13 16:40:51.143,1.55961,1.55971,2.62,1.20
2015.08.13 16:40:52.586,1.55961,1.55971,2.25,4.57
2015.08.13 16:40:53.470,1.55961,1.55969,1.50,4.12
2015.08.13 16:41:00.586,1.55959,1.55966,1.12,3.37
2015.08.13 16:41:00.637,1.55958,1.55966,1.87,3.37
2015.08.13 16:41:00.739,1.55958,1.55966,1.20,3.37
2015.08.13 16:41:00.841,1.55959,1.55966,1.75,3.37
2015.08.13 16:41:01.207,1.55959,1.55968,1.20,4.57
2015.08.13 16:41:01.723,1.55959,1.55968,1.87,3.75
2015.08.13 16:41:05.006,1.55959,1.55969,2.25,1.57
2015.08.13 16:41:09.812,1.5596,1.55969,1.20,4.57
2015.08.13 16:41:10.339,1.5596,1.55969,1.20,1.20
2015.08.13 16:41:18.357,1.5596,1.55967,1.20,1.00
2015.08.13 16:41:18.900,1.5596,1.55969,1.20,3.82
2015.08.13 16:41:26.594,1.5596,1.55969,1.10,4.20
2015.08.13 16:41:33.414,1.55961,1.55969,1.00,4.20
2015.08.13 16:41:42.236,1.55959,1.55969,2.02,3.75
2015.08.13 16:41:46.184,1.5596,1.55969,1.20,1.00
2015.08.13 16:41:50.012,1.55959,1.55969,1.65,4.50
2015.08.13 16:41:53.284,1.55962,1.55969,1.50,4.50
2015.08.13 16:41:53.792,1.55962,1.55969,1.17,3.75
2015.08.13 16:41:53.995,1.55962,1.55972,1.65,4.50
2015.08.13 16:41:55.749,1.55962,1.55972,1.95,4.50
2015.08.13 16:41:55.959,1.55963,1.55972,1.87,3.75
2015.08.13 16:41:56.214,1.55963,1.55973,2.70,3.00
2015.08.13 16:41:56.266,1.55963,1.55973,2.32,3.00
2015.08.13 16:41:56.773,1.55963,1.55973,1.57,6.75
2015.08.13 16:41:57.161,1.55963,1.55971,1.10,3.82
2015.08.13 16:42:00.587,1.55964,1.55971,1.00,3.82
2015.08.13 16:42:00.740,1.55964,1.55973,1.00,1.20
2015.08.13 16:42:03.465,1.55964,1.55973,1.00,4.50
2015.08.13 16:42:05.181,1.55964,1.55971,1.00,1.00
2015.08.13 16:42:05.894,1.55963,1.55971,1.65,1.00
2015.08.13 16:42:06.424,1.55961,1.5597,4.57,1.12
2015.08.13 16:42:06.627,1.5596,1.5597,2.02,6.00
2015.08.13 16:42:07.144,1.5596,1.5597,1.95,5.25
2015.08.13 16:42:09.677,1.5596,1.55969,1.07,1.12
2015.08.13 16:42:10.235,1.5596,1.55969,1.00,1.12
2015.08.13 16:42:11.768,1.55961,1.55969,1.00,1.12
2015.08.13 16:42:24.680,1.55959,1.55969,2.32,1.87
2015.08.13 16:42:43.881,1.55959,1.55967,1.57,1.00
2015.08.13 16:42:44.207,1.55957,1.55964,1.00,3.37
2015.08.13 16:42:44.461,1.55955,1.55964,2.25,3.37
2015.08.13 16:42:48.345,1.55959,1.55964,1.00,3.37
2015.08.13 16:42:48.448,1.55959,1.55966,2.59,3.75
2015.08.13 16:42:48.550,1.55964,1.55969,1.34,1.87
2015.08.13 16:42:48.652,1.55964,1.55969,1.84,1.00
2015.08.13 16:42:48.858,1.55964,1.55971,1.50,1.10
2015.08.13 16:42:49.167,1.55962,1.5597,1.00,1.12
2015.08.13 16:42:49.218,1.55962,1.55969,1.00,3.37
2015.08.13 16:42:49.877,1.5596,1.55969,1.50,3.45
2015.08.13 16:42:50.399,1.5596,1.55968,1.00,3.75
2015.08.13 16:42:50.855,1.5596,1.55969,1.00,1.20
2015.08.13 16:42:54.497,1.55959,1.55969,1.00,1.20
2015.08.13 16:42:55.009,1.55958,1.55968,1.50,1.12
2015.08.13 16:43:12.554,1.55957,1.55968,1.87,6.07
2015.08.13 16:43:15.987,1.55957,1.55968,1.87,6.07
2015.08.13 16:43:22.186,1.55957,1.55968,1.50,6.07
2015.08.13 16:43:22.698,1.55957,1.55967,1.12,3.75
2015.08.13 16:43:34.168,1.55956,1.55965,1.87,1.00
2015.08.13 16:43:35.285,1.55956,1.55965,1.12,1.00
2015.08.13 16:43:35.792,1.55956,1.55964,1.12,1.00
2015.08.13 16:43:36.456,1.55955,1.55964,4.20,1.00
2015.08.13 16:43:37.218,1.55955,1.55963,1.57,3.37
2015.08.13 16:43:37.371,1.55953,1.55962,1.00,1.87
2015.08.13 16:43:37.580,1.55952,1.55961,1.12,1.07
2015.08.13 16:43:38.241,1.55952,1.55961,1.20,1.00
2015.08.13 16:43:38.803,1.55952,1.55962,1.20,1.95
2015.08.13 16:43:40.597,1.55952,1.55962,1.57,1.95
2015.08.13 16:43:41.123,1.55952,1.55962,1.87,1.95
2015.08.13 16:43:47.475,1.55954,1.55962,1.12,1.57
2015.08.13 16:43:48.034,1.55954,1.55962,1.50,1.50
2015.08.13 16:43:50.543,1.55954,1.55962,1.00,4.95
2015.08.13 16:43:54.164,1.55953,1.55962,1.20,4.57
2015.08.13 16:44:00.429,1.55953,1.5596,1.20,1.00
2015.08.13 16:44:00.971,1.55951,1.5596,1.87,4.12
2015.08.13 16:44:14.815,1.55953,1.55961,1.10,1.57
2015.08.13 16:44:15.068,1.55953,1.55961,2.25,1.50
2015.08.13 16:44:17.091,1.55953,1.55961,1.10,1.20
2015.08.13 16:44:28.820,1.55957,1.55962,1.00,4.20
2015.08.13 16:44:28.922,1.55955,1.55964,1.12,3.37
2015.08.13 16:44:29.074,1.55957,1.55964,1.00,2.62
2015.08.13 16:44:29.176,1.55957,1.55964,1.00,1.50
2015.08.13 16:44:38.979,1.55956,1.55963,1.10,3.75
2015.08.13 16:44:41.025,1.55956,1.55962,1.00,1.57
2015.08.13 16:44:54.906,1.55954,1.55962,1.12,1.57
2015.08.13 16:44:55.450,1.55954,1.55962,1.12,1.12
2015.08.13 16:44:55.957,1.55954,1.55962,1.12,1.45
2015.08.13 16:45:04.613,1.55953,1.55962,4.20,1.50
2015.08.13 16:45:05.817,1.55954,1.55962,1.12,1.07
2015.08.13 16:45:05.969,1.55955,1.55964,3.37,3.75
2015.08.13 16:45:06.248,1.55955,1.55964,3.75,2.32
2015.08.13 16:45:06.767,1.55955,1.55964,4.12,1.27
2015.08.13 16:45:07.172,1.55954,1.55963,2.62,3.37
2015.08.13 16:45:07.325,1.55953,1.55963,4.20,4.95
2015.08.13 16:45:07.835,1.55953,1.55962,3.90,1.87
2015.08.13 16:45:11.377,1.55952,1.55962,7.12,1.87
2015.08.13 16:45:12.824,1.55952,1.55962,1.87,3.00
2015.08.13 16:45:35.748,1.55953,1.55962,3.45,1.50
2015.08.13 16:45:36.910,1.55953,1.55963,4.50,2.25
2015.08.13 16:45:38.545,1.55953,1.55962,1.50,1.20
2015.08.13 16:45:41.768,1.55954,1.55962,1.00,1.20
2015.08.13 16:45:42.080,1.55953,1.55963,2.40,1.50
2015.08.13 16:45:42.594,1.55953,1.55963,2.32,1.57
2015.08.13 16:46:02.138,1.55954,1.55964,1.57,1.57
2015.08.13 16:46:04.938,1.55955,1.55964,1.00,1.10
2015.08.13 16:46:12.612,1.55955,1.55965,1.95,1.20
2015.08.13 16:46:13.785,1.55955,1.55965,5.32,1.57
2015.08.13 16:46:18.006,1.55956,1.55966,1.27,2.77
2015.08.13 16:46:24.145,1.55955,1.55966,4.27,6.90
2015.08.13 16:46:24.196,1.55955,1.55964,1.20,3.37
2015.08.13 16:46:24.703,1.55955,1.55964,1.20,3.37
2015.08.13 16:46:24.905,1.55955,1.55966,1.20,6.90
2015.08.13 16:46:25.929,1.55955,1.55965,1.10,5.70
2015.08.13 16:46:30.014,1.5596,1.55965,1.00,5.32
2015.08.13 16:46:30.320,1.55962,1.55967,3.82,1.00
2015.08.13 16:46:30.935,1.55962,1.55971,3.82,1.12
2015.08.13 16:46:32.551,1.55962,1.55971,1.10,4.50
2015.08.13 16:46:34.219,1.55962,1.55971,3.82,1.87
2015.08.13 16:46:52.590,1.55962,1.55971,1.10,1.50
2015.08.13 16:46:59.508,1.55962,1.55971,4.20,1.50
2015.08.13 16:47:00.032,1.55963,1.55971,3.75,1.50
2015.08.13 16:47:02.172,1.55964,1.55972,1.00,2.70
2015.08.13 16:47:02.528,1.55965,1.55972,1.20,1.00
2015.08.13 16:47:02.884,1.55965,1.55972,1.87,3.34
2015.08.13 16:47:03.137,1.5596,1.55968,1.50,1.09
2015.08.13 16:47:03.188,1.55958,1.55967,1.57,1.12
2015.08.13 16:47:03.290,1.55958,1.55967,1.00,1.20
2015.08.13 16:47:03.794,1.55959,1.55967,1.10,1.10
2015.08.13 16:47:04.455,1.55965,1.55968,1.00,1.27
2015.08.13 16:47:04.709,1.55967,1.55972,1.00,1.12
2015.08.13 16:47:05.151,1.55964,1.55971,1.00,1.09
2015.08.13 16:47:07.745,1.55962,1.5597,1.27,1.12
2015.08.13 16:47:19.450,1.55964,1.5597,1.00,1.57
2015.08.13 16:47:39.013,1.55966,1.5597,1.00,1.57
2015.08.13 16:47:41.103,1.55966,1.5597,1.00,1.20
2015.08.13 16:47:42.524,1.55963,1.5597,1.00,1.20
2015.08.13 16:47:44.259,1.55961,1.5597,4.57,1.20
2015.08.13 16:47:44.311,1.55961,1.55967,4.20,1.00
2015.08.13 16:47:44.616,1.55961,1.55965,1.00,3.52
2015.08.13 16:47:44.842,1.55963,1.55968,1.00,1.20
2015.08.13 16:47:45.360,1.55963,1.55969,1.00,3.37
2015.08.13 16:47:48.650,1.55962,1.55966,1.00,1.00
2015.08.13 16:47:48.955,1.5596,1.55963,1.00,3.37
2015.08.13 16:47:49.373,1.55956,1.55964,1.20,1.00
2015.08.13 16:47:50.100,1.55956,1.55964,1.20,1.12
2015.08.13 16:47:50.710,1.55956,1.55966,1.50,5.02
2015.08.13 16:47:59.621,1.55957,1.55966,1.20,2.40
2015.08.13 16:47:59.829,1.55957,1.55966,1.47,2.32
2015.08.13 16:48:14.416,1.55957,1.55965,1.50,1.00
2015.08.13 16:48:14.963,1.55958,1.55966,1.20,2.25
2015.08.13 16:48:15.472,1.55958,1.55966,1.20,4.12
2015.08.13 16:48:15.978,1.55958,1.55966,1.57,1.12
2015.08.13 16:48:17.706,1.55961,1.55967,1.00,3.37
2015.08.13 16:48:17.902,1.55963,1.5597,1.12,1.00
2015.08.13 16:48:18.409,1.55963,1.55971,1.12,3.00
2015.08.13 16:48:22.683,1.55963,1.55971,1.10,1.12
2015.08.13 16:48:28.276,1.55964,1.55971,1.00,1.87
2015.08.13 16:48:33.826,1.55964,1.55972,1.20,3.79
2015.08.13 16:48:42.498,1.55964,1.55972,1.10,3.52
2015.08.13 16:48:43.048,1.55964,1.55972,1.20,4.95
2015.08.13 16:48:44.135,1.55964,1.55971,1.10,1.05
2015.08.13 16:48:51.614,1.55962,1.55971,3.45,1.20
2015.08.13 16:48:52.583,1.55961,1.55971,1.57,1.20
2015.08.13 16:48:54.811,1.55961,1.55971,1.57,1.54
2015.08.13 16:48:54.862,1.55961,1.55968,1.07,1.00
2015.08.13 16:48:55.015,1.55958,1.55967,2.62,1.12
2015.08.13 16:48:55.564,1.5596,1.5597,1.87,3.90
2015.08.13 16:48:56.839,1.5596,1.5597,1.87,2.25
2015.08.13 16:48:57.356,1.5596,1.5597,2.25,1.87
2015.08.13 16:49:00.811,1.55964,1.55971,1.00,3.75
2015.08.13 16:49:01.015,1.55967,1.55976,1.87,1.07
2015.08.13 16:49:01.066,1.55968,1.55975,1.05,1.00
2015.08.13 16:49:01.457,1.55963,1.55971,1.65,1.12
2015.08.13 16:49:01.660,1.55965,1.55971,1.12,1.00
2015.08.13 16:49:01.711,1.55965,1.55973,1.12,1.00
2015.08.13 16:49:02.221,1.55965,1.55973,1.50,1.00
2015.08.13 16:49:02.746,1.55965,1.55974,1.50,1.50
2015.08.13 16:49:03.707,1.55964,1.55973,2.25,3.75
2015.08.13 16:49:04.245,1.55964,1.55973,1.12,3.75
2015.08.13 16:49:06.048,1.55963,1.55973,3.37,3.75
2015.08.13 16:49:10.213,1.55963,1.55973,1.45,3.75
2015.08.13 16:49:10.727,1.55964,1.55975,2.02,3.90
2015.08.13 16:49:10.778,1.55964,1.55975,2.62,3.82
2015.08.13 16:49:11.124,1.55967,1.55977,1.87,4.57
2015.08.13 16:49:11.225,1.55967,1.55977,1.50,4.65
2015.08.13 16:49:13.394,1.55967,1.55977,1.00,5.32
2015.08.13 16:49:13.930,1.55967,1.55975,1.00,4.57
2015.08.13 16:49:14.082,1.55964,1.55975,2.70,5.02
2015.08.13 16:49:14.589,1.55964,1.55975,3.75,5.02
2015.08.13 16:49:15.095,1.55964,1.55975,2.70,6.07
2015.08.13 16:49:15.378,1.55966,1.55976,1.10,3.90
2015.08.13 16:49:15.884,1.55966,1.55976,1.50,3.90
2015.08.13 16:49:17.453,1.55966,1.55974,1.50,1.00
2015.08.13 16:49:18.043,1.55964,1.55974,3.07,1.07
2015.08.13 16:49:18.962,1.55964,1.55975,3.00,3.90
2015.08.13 16:49:19.472,1.55966,1.55977,1.07,5.77
2015.08.13 16:49:20.181,1.55966,1.55974,1.20,1.00
2015.08.13 16:49:20.734,1.55966,1.55976,1.20,3.82
2015.08.13 16:49:21.038,1.55966,1.55974,1.20,3.37
2015.08.13 16:49:21.545,1.55966,1.55975,1.57,3.37
2015.08.13 16:49:21.952,1.55966,1.55976,1.95,1.10
2015.08.13 16:49:22.989,1.55966,1.55976,1.20,3.82
2015.08.13 16:49:24.250,1.55966,1.55976,1.57,1.10
2015.08.13 16:49:24.757,1.55969,1.55978,1.12,3.82
2015.08.13 16:49:25.086,1.55971,1.55981,1.12,2.25
2015.08.13 16:49:25.194,1.55971,1.55981,1.57,1.20
2015.08.13 16:49:25.397,1.55971,1.55981,2.25,1.47
2015.08.13 16:49:26.600,1.55971,1.55981,2.25,1.57
2015.08.13 16:49:27.108,1.55971,1.55981,1.12,2.77
2015.08.13 16:49:31.329,1.55971,1.55981,1.57,1.95
2015.08.13 16:49:31.863,1.55971,1.55981,1.87,1.50
2015.08.13 16:49:34.390,1.55971,1.55981,2.25,1.87
2015.08.13 16:49:35.821,1.55971,1.55981,1.95,1.95
2015.08.13 16:49:36.953,1.55971,1.55981,1.20,2.32
2015.08.13 16:49:40.224,1.55971,1.55981,1.12,2.62
2015.08.13 16:49:45.635,1.5597,1.55981,6.07,2.70
2015.08.13 16:49:55.334,1.55971,1.55981,1.50,1.50
2015.08.13 16:49:55.638,1.5598,1.5599,4.87,1.12
2015.08.13 16:49:56.196,1.55981,1.55991,1.12,1.12
2015.08.13 16:49:56.725,1.55982,1.55991,1.00,1.12
2015.08.13 16:49:57.236,1.55982,1.55991,1.00,1.07
2015.08.13 16:49:59.365,1.55983,1.55991,1.00,1.07
2015.08.13 16:50:00.313,1.55982,1.55991,1.00,1.57
2015.08.13 16:50:03.357,1.55981,1.5599,1.50,3.00
2015.08.13 16:50:03.864,1.55979,1.55989,1.47,4.95
2015.08.13 16:50:06.398,1.55981,1.55989,1.00,4.95
2015.08.13 16:50:07.019,1.55981,1.5599,1.00,1.07
2015.08.13 16:50:07.760,1.55981,1.55989,1.00,4.57
2015.08.13 16:50:08.303,1.55981,1.55989,1.12,1.20
2015.08.13 16:50:09.260,1.55979,1.55989,2.02,4.57
2015.08.13 16:50:17.518,1.55979,1.55988,1.57,1.20
2015.08.13 16:50:21.709,1.55979,1.55989,2.02,4.57
2015.08.13 16:50:22.320,1.55979,1.55989,1.95,4.95
2015.08.13 16:50:24.373,1.55979,1.55988,1.20,3.82
2015.08.13 16:50:24.678,1.55978,1.55985,1.12,3.37
2015.08.13 16:50:25.412,1.55976,1.55985,1.65,3.37
2015.08.13 16:50:30.221,1.55974,1.55983,3.37,1.00
2015.08.13 16:50:30.441,1.55968,1.55978,3.15,1.12
2015.08.13 16:50:30.645,1.55968,1.55976,1.47,1.00
2015.08.13 16:50:30.848,1.55969,1.55978,2.02,1.12
2015.08.13 16:50:31.204,1.55968,1.55974,1.20,1.00
2015.08.13 16:50:31.306,1.55966,1.55974,1.17,1.00
2015.08.13 16:50:31.917,1.55964,1.55973,1.20,3.37
2015.08.13 16:50:33.823,1.55964,1.55973,1.65,3.37
2015.08.13 16:50:40.767,1.5597,1.55973,1.00,3.37
2015.08.13 16:50:40.818,1.55969,1.55974,1.00,1.10
2015.08.13 16:50:41.199,1.55968,1.55979,1.50,5.25
2015.08.13 16:50:41.707,1.55969,1.55979,1.37,2.25
2015.08.13 16:50:48.099,1.55971,1.55979,1.00,2.25
2015.08.13 16:50:48.353,1.55972,1.55981,1.12,3.82
2015.08.13 16:50:48.902,1.5597,1.5598,3.00,1.12
2015.08.13 16:50:49.206,1.5597,1.55979,2.25,1.12
2015.08.13 16:50:49.359,1.5597,1.5598,2.25,1.87
2015.08.13 16:50:50.450,1.5597,1.55979,1.37,2.62
2015.08.13 16:50:51.581,1.55969,1.55979,1.95,2.62
2015.08.13 16:50:52.633,1.5597,1.55979,1.00,2.62
2015.08.13 16:50:53.172,1.55971,1.55979,1.00,1.50
2015.08.13 16:50:56.557,1.55969,1.55978,2.32,1.57
2015.08.13 16:50:58.222,1.55969,1.55978,4.95,1.57
2015.08.13 16:50:58.374,1.55972,1.55979,1.00,1.87
2015.08.13 16:50:58.476,1.55974,1.55981,1.00,1.10
2015.08.13 16:50:58.527,1.55972,1.55981,1.20,1.10
2015.08.13 16:50:58.782,1.55972,1.55981,1.12,1.50
2015.08.13 16:50:59.088,1.5597,1.55979,1.10,5.32
2015.08.13 16:50:59.347,1.55969,1.55976,1.00,1.45
2015.08.13 16:50:59.398,1.55966,1.55976,1.50,1.87
2015.08.13 16:50:59.449,1.55966,1.55973,1.12,3.37
2015.08.13 16:50:59.956,1.55963,1.55972,1.57,3.37
2015.08.13 16:51:00.245,1.55963,1.55972,1.00,3.37
2015.08.13 16:51:12.507,1.55962,1.55973,5.25,1.50
2015.08.13 16:51:28.101,1.55962,1.55972,5.62,1.00
2015.08.13 16:51:28.202,1.55962,1.55971,1.00,5.25
2015.08.13 16:51:28.508,1.55956,1.55964,1.20,1.12
2015.08.13 16:51:28.559,1.55954,1.55963,1.95,1.00
2015.08.13 16:51:28.965,1.55952,1.55963,1.95,4.50
2015.08.13 16:51:29.493,1.55953,1.55962,1.27,3.75
2015.08.13 16:51:38.183,1.55951,1.55962,1.65,4.50
2015.08.13 16:51:38.437,1.55951,1.55959,1.50,1.00
2015.08.13 16:51:39.021,1.55951,1.55961,1.50,2.62
2015.08.13 16:51:39.427,1.55953,1.55961,1.00,1.87
2015.08.13 16:51:39.936,1.55953,1.55962,1.00,5.25
2015.08.13 16:51:44.227,1.5595,1.5596,1.57,3.75
2015.08.13 16:51:44.330,1.55949,1.55958,1.10,3.75
2015.08.13 16:51:44.840,1.5595,1.55958,1.00,4.50
2015.08.13 16:51:45.307,1.5595,1.5596,1.50,5.25
2015.08.13 16:51:45.815,1.55951,1.5596,1.00,1.50
2015.08.13 16:51:56.167,1.55951,1.5596,4.57,1.00
2015.08.13 16:51:56.825,1.55953,1.55961,1.00,4.12
2015.08.13 16:51:57.376,1.55953,1.55961,1.50,1.00
2015.08.13 16:52:00.467,1.55954,1.55961,1.00,1.00
2015.08.13 16:52:01.076,1.55952,1.55961,5.32,1.00
2015.08.13 16:52:03.835,1.55954,1.55961,1.00,1.00
2015.08.13 16:52:04.357,1.55954,1.55961,1.00,1.20
2015.08.13 16:52:06.569,1.55952,1.55961,4.50,1.20
2015.08.13 16:52:06.721,1.55951,1.55958,3.82,1.00
2015.08.13 16:52:06.925,1.55951,1.55961,3.75,5.32
2015.08.13 16:52:07.077,1.55955,1.5596,1.00,1.20
2015.08.13 16:52:08.080,1.55955,1.55962,1.00,1.20
2015.08.13 16:52:12.538,1.55954,1.55962,1.00,1.20
2015.08.13 16:52:16.250,1.55954,1.55962,1.00,1.10
2015.08.13 16:52:16.555,1.55953,1.5596,1.00,1.07
2015.08.13 16:52:17.731,1.55955,1.5596,1.00,1.07
2015.08.13 16:52:17.883,1.55955,1.55961,1.10,1.00
2015.08.13 16:52:27.289,1.55954,1.55963,1.17,4.57
2015.08.13 16:52:29.258,1.55953,1.55961,4.57,1.00
2015.08.13 16:52:29.793,1.55953,1.55962,3.45,1.20
2015.08.13 16:52:30.299,1.55953,1.55961,3.45,1.00
2015.08.13 16:52:30.805,1.55953,1.55963,3.45,5.25
2015.08.13 16:52:31.351,1.55953,1.55961,3.45,1.00
2015.08.13 16:52:31.886,1.55954,1.55961,3.82,1.00
2015.08.13 16:52:32.562,1.55954,1.55963,3.82,1.50
2015.08.13 16:52:33.035,1.5596,1.55964,1.50,4.57
2015.08.13 16:52:33.188,1.55963,1.5597,1.10,1.00
2015.08.13 16:52:33.695,1.55962,1.55969,1.75,1.00
2015.08.13 16:52:39.025,1.55963,1.55969,1.20,1.00
2015.08.13 16:52:42.767,1.55962,1.55969,1.87,1.00
2015.08.13 16:52:43.072,1.5596,1.55968,3.37,1.10
2015.08.13 16:52:43.174,1.55958,1.55967,4.95,1.00
2015.08.13 16:52:43.867,1.55958,1.55966,1.57,1.00
2015.08.13 16:52:49.464,1.55957,1.55966,1.65,1.00
2015.08.13 16:52:49.986,1.55958,1.55966,1.15,1.00
2015.08.13 16:52:50.493,1.55958,1.55965,1.15,1.00
2015.08.13 16:52:50.999,1.55957,1.55965,1.65,1.50
2015.08.13 16:52:51.507,1.55957,1.55965,1.65,4.50
2015.08.13 16:52:58.532,1.55956,1.55964,1.20,4.50
2015.08.13 16:52:58.584,1.55956,1.55962,1.20,3.37
2015.08.13 16:52:58.787,1.55956,1.55962,1.10,3.37
2015.08.13 16:53:01.089,1.55955,1.55962,1.65,1.00
2015.08.13 16:53:01.964,1.55959,1.55962,1.00,1.00
2015.08.13 16:53:02.269,1.55964,1.55969,1.00,1.00
2015.08.13 16:53:02.779,1.55961,1.55969,1.57,1.00
2015.08.13 16:53:03.286,1.5596,1.55968,1.45,1.87
2015.08.13 16:53:03.389,1.55959,1.55967,1.87,4.50
2015.08.13 16:53:03.440,1.55959,1.55967,1.17,4.50
2015.08.13 16:53:03.795,1.5596,1.55969,1.00,1.95
2015.08.13 16:53:04.324,1.5596,1.55969,1.65,1.20
2015.08.13 16:53:04.905,1.55963,1.5597,1.00,3.00
2015.08.13 16:53:05.109,1.55964,1.55972,1.10,1.12
2015.08.13 16:53:05.312,1.55965,1.55973,1.20,1.00
2015.08.13 16:53:05.900,1.55965,1.55972,1.20,1.00
2015.08.13 16:53:09.936,1.55964,1.55972,2.70,1.10
2015.08.13 16:53:10.240,1.55968,1.55972,1.00,1.10
2015.08.13 16:53:10.640,1.55973,1.5598,1.00,1.87
2015.08.13 16:53:11.149,1.55972,1.5598,1.10,3.71
2015.08.13 16:53:11.352,1.55971,1.55979,1.57,2.21
2015.08.13 16:53:11.659,1.55971,1.55976,3.37,3.82
2015.08.13 16:53:11.831,1.55968,1.55975,1.00,3.37
2015.08.13 16:53:12.138,1.55969,1.55978,1.12,1.50
2015.08.13 16:53:12.242,1.55969,1.55978,1.20,1.10
2015.08.13 16:53:12.749,1.55969,1.55978,1.20,3.37
2015.08.13 16:53:13.264,1.55969,1.55979,1.20,4.57
2015.08.13 16:53:13.770,1.55969,1.55978,1.20,3.75
2015.08.13 16:53:14.382,1.5597,1.55979,3.37,1.20
2015.08.13 16:53:14.892,1.55973,1.55979,1.00,1.10
2015.08.13 16:53:14.994,1.55973,1.55982,1.00,3.04
2015.08.13 16:53:15.552,1.55973,1.55982,1.00,4.54
2015.08.13 16:53:16.102,1.55973,1.55981,1.00,1.46
2015.08.13 16:53:16.632,1.55973,1.55981,1.00,2.66
2015.08.13 16:53:19.941,1.55973,1.55982,4.50,1.87
2015.08.13 16:53:20.043,1.55974,1.55982,1.12,1.20
2015.08.13 16:53:20.398,1.55976,1.55984,1.00,1.45
2015.08.13 16:53:20.722,1.55986,1.55992,3.75,1.57
2015.08.13 16:53:20.824,1.55985,1.55993,1.00,1.27
2015.08.13 16:53:20.875,1.55989,1.55992,1.00,1.00
2015.08.13 16:53:21.028,1.5599,1.55996,4.50,1.12
2015.08.13 16:53:21.079,1.5599,1.55996,4.87,1.12
2015.08.13 16:53:21.130,1.55992,1.56,1.37,1.50
2015.08.13 16:53:21.739,1.55992,1.56002,1.57,5.32
2015.08.13 16:53:22.344,1.55992,1.56002,1.95,1.95
2015.08.13 16:53:26.656,1.55992,1.56002,1.65,2.62
2015.08.13 16:53:32.658,1.55992,1.56002,4.27,1.50
2015.08.13 16:53:33.998,1.55993,1.56002,1.07,1.20
2015.08.13 16:53:34.370,1.55993,1.55999,1.07,1.00
2015.08.13 16:53:36.188,1.55993,1.55999,1.47,1.00
2015.08.13 16:53:38.445,1.55993,1.56,1.47,1.00
2015.08.13 16:53:39.879,1.55996,1.56,1.00,1.00
2015.08.13 16:53:40.184,1.56002,1.5601,1.00,1.10
2015.08.13 16:53:40.595,1.56001,1.56009,4.27,4.12
2015.08.13 16:53:41.107,1.56001,1.56008,1.10,1.20
2015.08.13 16:53:41.615,1.56001,1.56007,1.10,1.00
2015.08.13 16:53:42.761,1.55999,1.56006,1.57,1.00
2015.08.13 16:53:44.532,1.56002,1.56006,1.00,1.00
2015.08.13 16:53:44.634,1.56002,1.56009,1.00,1.00
2015.08.13 16:53:45.149,1.56002,1.5601,1.10,1.00
2015.08.13 16:53:45.683,1.56002,1.56009,1.10,1.00
2015.08.13 16:53:46.234,1.56002,1.56009,1.50,1.00
2015.08.13 16:53:46.936,1.56002,1.56008,1.50,1.00
2015.08.13 16:53:47.933,1.56002,1.5601,1.50,1.12
2015.08.13 16:53:48.136,1.56002,1.56007,1.50,1.00
2015.08.13 16:53:48.684,1.56002,1.56008,1.10,3.37
2015.08.13 16:53:48.887,1.56002,1.56009,1.10,1.00
2015.08.13 16:53:49.416,1.56002,1.56009,1.20,1.00
2015.08.13 16:53:53.852,1.56001,1.56009,1.87,4.50
2015.08.13 16:53:54.358,1.56001,1.56007,1.87,1.00
2015.08.13 16:54:01.574,1.56001,1.56006,1.12,1.00
2015.08.13 16:54:03.366,1.56,1.56006,1.12,1.00
2015.08.13 16:54:03.918,1.55999,1.56007,1.12,1.50
2015.08.13 16:54:06.073,1.55999,1.56006,1.12,1.00
2015.08.13 16:54:07.296,1.55999,1.56004,1.12,1.84
2015.08.13 16:54:07.550,1.55989,1.55999,2.62,4.95
2015.08.13 16:54:07.601,1.55989,1.55996,1.87,1.00
2015.08.13 16:54:07.653,1.55987,1.55996,1.57,1.50
2015.08.13 16:54:07.755,1.55987,1.55994,1.87,3.37
2015.08.13 16:54:08.228,1.55985,1.55993,2.25,1.00
2015.08.13 16:54:08.737,1.55985,1.55992,2.25,1.00
2015.08.13 16:54:09.244,1.55985,1.55993,2.25,1.50
2015.08.13 16:54:10.728,1.55985,1.55993,1.10,1.50
2015.08.13 16:54:10.904,1.55985,1.55991,1.10,1.00
2015.08.13 16:54:12.736,1.55983,1.5599,1.87,3.37
2015.08.13 16:54:13.042,1.55983,1.55988,1.10,3.37
2015.08.13 16:54:13.448,1.55983,1.5599,1.10,4.57
2015.08.13 16:54:15.262,1.55982,1.5599,1.00,4.57
2015.08.13 16:54:15.570,1.55984,1.5599,1.00,1.12
2015.08.13 16:54:16.839,1.55984,1.55989,1.10,1.00
2015.08.13 16:54:17.346,1.55982,1.55989,1.12,4.50
2015.08.13 16:54:17.853,1.55982,1.55989,1.12,1.12
2015.08.13 16:54:18.391,1.55982,1.55989,1.00,1.12
2015.08.13 16:54:18.942,1.55982,1.55988,1.00,1.00
2015.08.13 16:54:19.539,1.55982,1.5599,1.00,5.32
2015.08.13 16:54:23.278,1.55982,1.5599,1.12,1.20
2015.08.13 16:54:23.618,1.55984,1.5599,1.20,1.00
2015.08.13 16:54:24.127,1.55984,1.5599,1.10,1.50
2015.08.13 16:54:24.685,1.55983,1.5599,1.20,1.50
2015.08.13 16:54:24.997,1.55983,1.55988,1.10,3.37
2015.08.13 16:54:25.555,1.55983,1.55989,1.10,3.75
2015.08.13 16:54:26.237,1.55983,1.55989,1.10,1.00
2015.08.13 16:54:30.044,1.55981,1.55989,1.20,1.10
2015.08.13 16:54:30.551,1.55981,1.5599,1.95,1.00
2015.08.13 16:54:31.480,1.55983,1.5599,1.00,1.00
2015.08.13 16:54:31.986,1.55983,1.55992,1.20,4.57
2015.08.13 16:54:32.567,1.55981,1.5599,3.37,1.00
2015.08.13 16:54:33.075,1.55981,1.5599,2.25,1.00
2015.08.13 16:54:38.482,1.55981,1.5599,2.25,4.50
2015.08.13 16:54:41.751,1.55981,1.5599,1.87,4.57
2015.08.13 16:54:49.286,1.55986,1.55989,1.00,1.12
2015.08.13 16:54:49.591,1.55986,1.55995,5.25,1.87
2015.08.13 16:54:49.692,1.55986,1.55995,4.57,1.10
2015.08.13 16:54:51.547,1.55986,1.55996,6.45,5.25
2015.08.13 16:54:51.750,1.5599,1.55997,1.00,1.47
2015.08.13 16:54:51.981,1.5599,1.55999,1.27,1.20
2015.08.13 16:54:52.488,1.55989,1.55998,3.37,1.00
2015.08.13 16:54:53.196,1.55989,1.55998,1.57,1.20
2015.08.13 16:54:57.768,1.55989,1.55997,1.57,1.00
2015.08.13 16:55:03.679,1.55989,1.55997,5.32,1.00
2015.08.13 16:55:08.401,1.55989,1.55996,1.20,1.00
2015.08.13 16:55:09.427,1.55989,1.55997,1.10,1.00
2015.08.13 16:55:24.020,1.55989,1.55998,1.57,1.10
2015.08.13 16:55:25.517,1.55989,1.55997,1.57,1.20
2015.08.13 16:55:26.616,1.55988,1.55997,3.45,1.95
2015.08.13 16:55:27.947,1.55988,1.55997,5.32,1.10
2015.08.13 16:55:36.581,1.5599,1.55998,3.45,1.12
2015.08.13 16:55:37.088,1.55991,1.55998,3.75,1.00
2015.08.13 16:55:37.615,1.5599,1.55998,3.82,1.00
2015.08.13 16:55:48.773,1.55989,1.55998,1.20,1.50
2015.08.13 16:55:49.386,1.55989,1.55998,1.10,1.57
2015.08.13 16:55:50.567,1.55989,1.55997,1.57,1.00
2015.08.13 16:55:51.077,1.55989,1.55997,1.00,2.25
2015.08.13 16:55:54.112,1.55987,1.55995,2.40,1.00
2015.08.13 16:55:54.268,1.55985,1.55995,1.27,1.57
2015.08.13 16:55:54.572,1.55984,1.55994,5.02,4.20
2015.08.13 16:55:55.232,1.55984,1.55992,1.17,1.00
2015.08.13 16:56:00.575,1.55984,1.55993,1.17,1.00
2015.08.13 16:56:02.123,1.55984,1.55991,1.17,1.00
2015.08.13 16:56:02.752,1.55984,1.55991,1.20,1.00
2015.08.13 16:56:04.078,1.55989,1.55991,1.00,1.00
2015.08.13 16:56:04.129,1.55989,1.55993,1.00,1.00
2015.08.13 16:56:04.332,1.5599,1.55997,1.00,1.50
2015.08.13 16:56:04.727,1.55989,1.55996,1.20,3.37
2015.08.13 16:56:05.031,1.55988,1.55993,1.20,1.00
2015.08.13 16:56:06.796,1.55985,1.55993,2.62,1.00
2015.08.13 16:56:06.897,1.55985,1.55993,1.95,1.00
2015.08.13 16:56:08.283,1.55984,1.55991,1.50,1.00
2015.08.13 16:56:08.439,1.55982,1.55989,1.17,1.00
2015.08.13 16:56:08.492,1.55982,1.55988,1.17,3.37
2015.08.13 16:56:08.999,1.55982,1.55988,1.00,3.45
2015.08.13 16:56:09.404,1.5598,1.55987,1.00,1.12
2015.08.13 16:56:09.937,1.5598,1.55986,1.00,1.00
2015.08.13 16:56:10.945,1.5598,1.55988,1.00,4.57
2015.08.13 16:56:11.516,1.5598,1.55987,1.10,4.20
2015.08.13 16:56:12.044,1.5598,1.55987,1.00,1.00
2015.08.13 16:56:12.297,1.55978,1.55987,1.20,1.50
2015.08.13 16:56:12.814,1.55977,1.55987,2.70,1.50
2015.08.13 16:56:13.017,1.55977,1.55984,2.70,1.00
2015.08.13 16:56:16.627,1.55979,1.55984,1.00,1.00
2015.08.13 16:56:16.880,1.55984,1.5599,1.00,1.20
2015.08.13 16:56:17.184,1.55984,1.55992,1.12,1.10
2015.08.13 16:56:17.489,1.55985,1.55993,3.82,1.00
2015.08.13 16:56:18.731,1.55986,1.55995,1.00,1.20
2015.08.13 16:56:19.085,1.55988,1.55995,1.00,1.00
2015.08.13 16:56:19.488,1.55989,1.55996,6.07,1.10
2015.08.13 16:56:19.643,1.55992,1.56001,1.12,1.50
2015.08.13 16:56:19.796,1.55994,1.56001,4.12,1.12
2015.08.13 16:56:19.948,1.55994,1.56003,1.65,1.00
2015.08.13 16:56:20.455,1.55994,1.56003,2.25,1.00
2015.08.13 16:56:22.723,1.55994,1.56003,1.20,1.57
2015.08.13 16:56:23.230,1.55994,1.56003,1.27,1.50
2015.08.13 16:56:25.577,1.55994,1.56003,4.27,4.12
2015.08.13 16:56:25.679,1.55992,1.56001,1.12,4.87
2015.08.13 16:56:25.832,1.55991,1.55997,1.00,1.00
2015.08.13 16:56:26.142,1.55991,1.55998,1.95,1.00
2015.08.13 16:56:26.345,1.55991,1.55998,1.10,1.00
2015.08.13 16:56:27.307,1.55991,1.55999,1.10,1.00
2015.08.13 16:56:33.818,1.55996,1.55999,1.00,1.00
2015.08.13 16:56:34.071,1.55998,1.56003,1.00,1.00
2015.08.13 16:56:34.375,1.55998,1.56005,1.12,1.00
2015.08.13 16:56:35.160,1.55998,1.56005,1.87,1.00
2015.08.13 16:56:36.706,1.56,1.56005,1.00,1.00
2015.08.13 16:56:37.099,1.56004,1.56008,1.00,1.47
2015.08.13 16:56:37.606,1.56005,1.56007,1.00,1.00
2015.08.13 16:56:39.236,1.56004,1.56007,1.00,1.00
2015.08.13 16:56:39.388,1.56,1.56006,1.57,1.00
2015.08.13 16:56:39.440,1.55999,1.56003,1.87,1.12
2015.08.13 16:56:39.759,1.56002,1.56005,1.00,1.00
2015.08.13 16:56:40.984,1.56002,1.56007,1.00,1.10
2015.08.13 16:56:45.709,1.56003,1.56007,1.00,1.00
2015.08.13 16:56:48.518,1.56001,1.56007,1.00,1.00
2015.08.13 16:56:53.009,1.56001,1.56007,4.12,1.00
2015.08.13 16:56:53.595,1.56001,1.56008,4.12,1.00
2015.08.13 16:56:56.809,1.56002,1.56007,1.00,1.00
2015.08.13 16:57:00.118,1.56002,1.56008,1.00,1.00
2015.08.13 16:57:01.976,1.56001,1.56006,4.12,1.00
2015.08.13 16:57:07.814,1.56001,1.56008,5.25,1.00
2015.08.13 16:57:08.489,1.56001,1.56009,6.00,1.00
2015.08.13 16:57:08.810,1.56004,1.5601,3.37,1.00
2015.08.13 16:57:09.431,1.56004,1.56012,3.75,1.50
2015.08.13 16:57:12.622,1.56003,1.56012,4.12,1.87
2015.08.13 16:57:14.181,1.56004,1.5601,1.12,1.00
2015.08.13 16:57:14.485,1.56002,1.5601,1.00,1.20
2015.08.13 16:57:16.235,1.56002,1.5601,4.50,1.20
2015.08.13 16:57:17.236,1.56004,1.5601,1.00,1.20
2015.08.13 16:57:17.439,1.56002,1.5601,2.02,1.00
2015.08.13 16:57:17.541,1.56003,1.5601,3.75,1.00
2015.08.13 16:57:19.116,1.56003,1.56011,3.75,1.20
2015.08.13 16:57:19.775,1.56004,1.5601,1.00,1.00
2015.08.13 16:57:22.594,1.56004,1.56011,1.00,1.20
2015.08.13 16:57:24.439,1.56003,1.56011,1.50,1.20
2015.08.13 16:57:25.097,1.56003,1.5601,1.00,1.00
2015.08.13 16:57:27.851,1.56003,1.56011,1.87,1.10
2015.08.13 16:57:36.888,1.56003,1.56011,2.32,1.00
2015.08.13 16:57:37.944,1.56003,1.5601,1.57,1.00
2015.08.13 16:57:38.459,1.56003,1.56011,1.20,1.00
2015.08.13 16:57:40.541,1.56005,1.56011,1.00,1.00
2015.08.13 16:57:40.947,1.56005,1.56013,1.95,1.00
2015.08.13 16:57:41.048,1.56006,1.56013,3.37,1.00
2015.08.13 16:57:41.569,1.56006,1.56014,4.20,1.00
2015.08.13 16:57:41.874,1.56013,1.56015,1.00,1.00
2015.08.13 16:57:41.925,1.56013,1.56017,1.00,5.02
2015.08.13 16:57:42.130,1.56016,1.56019,1.00,1.12
2015.08.13 16:57:42.735,1.56014,1.56019,1.20,1.00
2015.08.13 16:57:54.062,1.56017,1.56019,1.00,1.00
2015.08.13 16:57:54.316,1.56017,1.56021,1.00,1.00
2015.08.13 16:57:54.367,1.56019,1.56021,1.00,1.00
2015.08.13 16:57:54.418,1.56014,1.56021,1.95,1.00
2015.08.13 16:57:54.469,1.56017,1.56021,1.50,1.00
2015.08.13 16:57:54.808,1.56031,1.56034,1.00,3.37
2015.08.13 16:57:55.767,1.56028,1.56034,1.00,4.12
2015.08.13 16:57:56.276,1.56028,1.56033,1.00,3.75
2015.08.13 16:57:57.181,1.56028,1.56031,1.00,1.00
2015.08.13 16:57:57.283,1.56026,1.56031,1.00,1.00
2015.08.13 16:57:57.791,1.56026,1.56033,1.00,4.50
2015.08.13 16:58:04.362,1.56027,1.56033,1.00,4.50
2015.08.13 16:58:05.870,1.56027,1.56034,1.00,5.62
2015.08.13 16:58:06.455,1.56027,1.56032,1.00,1.00
2015.08.13 16:58:11.925,1.56027,1.56033,1.00,1.00
2015.08.13 16:58:12.096,1.56029,1.56034,1.00,1.50
2015.08.13 16:58:17.365,1.56031,1.56035,1.00,4.87
2015.08.13 16:58:17.568,1.56032,1.56039,1.00,1.50
2015.08.13 16:58:17.796,1.56032,1.56039,1.87,1.00
2015.08.13 16:58:17.899,1.56032,1.56041,1.87,1.87
2015.08.13 16:58:18.255,1.56032,1.56041,1.95,1.87
2015.08.13 16:58:18.711,1.56035,1.56041,1.00,1.87
2015.08.13 16:58:20.955,1.56035,1.56042,1.00,1.00
2015.08.13 16:58:21.463,1.56036,1.56044,1.00,4.57
2015.08.13 16:58:23.843,1.56036,1.56042,1.00,1.00
2015.08.13 16:58:25.051,1.56036,1.56044,1.00,5.70
2015.08.13 16:58:26.302,1.56038,1.56044,1.00,4.87
2015.08.13 16:58:28.106,1.56036,1.56044,1.00,4.57
2015.08.13 16:58:28.360,1.56036,1.56042,1.00,4.95
2015.08.13 16:58:32.269,1.56036,1.5604,1.00,4.20
2015.08.13 16:58:34.766,1.56035,1.56039,1.00,1.00
2015.08.13 16:58:35.374,1.56035,1.5604,1.00,1.20
2015.08.13 16:58:36.867,1.56032,1.56038,1.10,1.00
2015.08.13 16:58:37.274,1.56031,1.56037,1.00,3.75
2015.08.13 16:58:38.594,1.5603,1.56038,1.57,1.10
2015.08.13 16:58:39.002,1.5603,1.56038,1.00,5.25
2015.08.13 16:58:40.313,1.56032,1.56039,1.00,1.75
2015.08.13 16:58:40.466,1.56033,1.56041,1.50,1.12
2015.08.13 16:58:40.570,1.56033,1.56041,1.10,1.12
2015.08.13 16:58:40.874,1.56035,1.56041,1.00,1.12
2015.08.13 16:58:50.711,1.56035,1.56041,1.00,1.07
2015.08.13 16:58:51.081,1.56033,1.56041,1.10,1.07
2015.08.13 16:58:51.867,1.5603,1.56039,1.57,1.00
2015.08.13 16:58:52.070,1.5603,1.56037,1.20,3.75
2015.08.13 16:58:52.426,1.5603,1.56039,1.20,1.17
2015.08.13 16:58:52.730,1.56033,1.5604,1.00,5.32
2015.08.13 16:58:55.195,1.56031,1.56039,1.00,5.02
2015.08.13 16:58:55.981,1.56031,1.56039,1.00,5.62
2015.08.13 16:58:58.464,1.56028,1.56039,1.27,6.37
2015.08.13 16:58:58.971,1.56028,1.56037,1.12,3.52
2015.08.13 16:59:00.677,1.5603,1.56037,4.12,1.27
2015.08.13 16:59:00.931,1.56033,1.56041,1.07,1.57
2015.08.13 16:59:01.460,1.56032,1.56041,3.52,1.20
2015.08.13 16:59:05.518,1.56034,1.56042,1.00,4.20
2015.08.13 16:59:07.627,1.56033,1.56043,4.95,2.70
2015.08.13 16:59:07.802,1.56033,1.56043,4.50,3.37
2015.08.13 16:59:15.811,1.56037,1.56044,1.00,2.62
2015.08.13 16:59:15.964,1.56038,1.56044,1.00,1.20
2015.08.13 16:59:16.294,1.56037,1.56047,1.12,4.20
2015.08.13 16:59:16.871,1.56037,1.56047,1.50,4.95
2015.08.13 16:59:18.409,1.56037,1.56047,4.57,4.20
2015.08.13 16:59:20.140,1.56041,1.56047,1.00,4.20
2015.08.13 16:59:20.409,1.56042,1.5605,1.12,2.70
2015.08.13 16:59:20.511,1.56042,1.56048,1.12,1.00
2015.08.13 16:59:21.182,1.5604,1.56049,2.62,1.00
2015.08.13 16:59:23.612,1.5604,1.56048,1.87,1.00
2015.08.13 16:59:23.818,1.5604,1.56048,1.20,1.00
2015.08.13 16:59:30.214,1.5604,1.5605,1.20,3.82
2015.08.13 16:59:30.926,1.5604,1.56049,1.20,1.00
2015.08.13 16:59:31.433,1.56039,1.56048,1.07,5.62
2015.08.13 16:59:31.955,1.56038,1.56048,3.45,6.07
2015.08.13 16:59:32.309,1.56043,1.56048,1.00,4.57
2015.08.13 16:59:32.613,1.56046,1.56055,3.75,2.25
2015.08.13 16:59:32.816,1.56044,1.56053,3.90,1.20
2015.08.13 16:59:32.918,1.56044,1.56053,3.75,1.20
2015.08.13 16:59:37.686,1.56044,1.56053,3.82,1.10
2015.08.13 16:59:38.192,1.56044,1.56054,4.20,1.10
2015.08.13 16:59:40.932,1.56045,1.56054,1.07,1.87
2015.08.13 16:59:42.131,1.56047,1.56056,3.37,1.65
2015.08.13 16:59:42.283,1.56047,1.56057,3.82,2.62
2015.08.13 16:59:42.445,1.56045,1.56056,4.87,1.12
2015.08.13 16:59:42.496,1.56046,1.56055,1.75,1.00
2015.08.13 16:59:42.699,1.56045,1.56055,4.20,1.20
2015.08.13 16:59:42.750,1.56045,1.56054,1.07,3.37
2015.08.13 16:59:46.016,1.56043,1.56054,1.87,5.77
2015.08.13 16:59:46.526,1.56042,1.56052,2.25,1.50
2015.08.13 16:59:52.590,1.56042,1.56051,1.12,1.00
2015.08.13 16:59:53.127,1.56042,1.56051,1.12,2.21
2015.08.13 16:59:53.229,1.56041,1.56048,1.75,1.00
2015.08.13 16:59:53.381,1.5604,1.56048,1.20,1.20
2015.08.13 16:59:53.892,1.56038,1.56047,1.12,1.10
2015.08.13 16:59:54.485,1.5604,1.5605,3.82,2.25
2015.08.13 16:59:54.588,1.56042,1.5605,3.37,1.10
2015.08.13 16:59:54.944,1.56043,1.56052,1.07,1.50
2015.08.13 16:59:55.515,1.56042,1.56051,2.25,1.00
2015.08.13 16:59:55.872,1.56045,1.56052,3.75,1.12
2015.08.13 16:59:55.924,1.56045,1.56054,6.00,1.12
2015.08.13 16:59:56.079,1.56046,1.56056,3.82,4.20
2015.08.13 16:59:56.366,1.56049,1.56058,2.62,1.87
2015.08.13 16:59:56.572,1.56051,1.56062,4.57,1.27
2015.08.13 16:59:56.675,1.56053,1.56062,1.12,1.12
2015.08.13 16:59:57.214,1.56054,1.56063,1.47,2.25
2015.08.13 16:59:57.520,1.5606,1.56065,4.87,1.07
2015.08.13 16:59:57.624,1.5606,1.56071,4.87,3.37
2015.08.13 16:59:57.725,1.5606,1.56072,6.37,3.75
2015.08.13 16:59:57.890,1.56061,1.56072,1.50,3.75
2015.08.13 16:59:58.196,1.56066,1.56072,1.00,3.75
2015.08.13 16:59:58.717,1.56066,1.56072,1.00,1.16
2015.08.13 16:59:59.232,1.56065,1.56072,1.00,1.16
2015.08.13 16:59:59.869,1.56064,1.56072,1.00,1.20
2015.08.13 16:59:59.972,1.56062,1.56072,1.12,2.70
