2009.08.21 16:00:01.131,1.6501,1.6503,13.60,6.10
2009.08.21 16:00:01.470,1.6501,1.6503,13.20,6.10
2009.08.21 16:00:01.640,1.6501,1.6503,13.60,6.10
2009.08.21 16:00:01.761,1.6501,1.6503,13.20,6.10
2009.08.21 16:00:02.720,1.65015,1.6503,1.60,2.00
2009.08.21 16:00:03.430,1.65015,1.6503,4.00,2.00
2009.08.21 16:00:03.711,1.65015,1.6503,6.00,3.20
2009.08.21 16:00:03.820,1.65015,1.65035,6.80,6.40
2009.08.21 16:00:06.899,1.65015,1.65035,7.20,6.40
2009.08.21 16:00:07.071,1.6502,1.65035,2.00,3.20
2009.08.21 16:00:07.459,1.6502,1.6503,1.60,2.80
2009.08.21 16:00:07.759,1.6501,1.6503,7.60,4.80
2009.08.21 16:00:08.279,1.6501,1.6503,12.50,4.40
2009.08.21 16:00:09.179,1.6501,1.6503,12.50,4.80
2009.08.21 16:00:09.739,1.6501,1.6503,12.50,4.50
2009.08.21 16:00:10.488,1.65015,1.6503,1.60,2.00
2009.08.21 16:00:11.058,1.6501,1.6503,16.10,2.00
2009.08.21 16:00:11.398,1.6501,1.6503,14.10,2.00
2009.08.21 16:00:12.908,1.6501,1.6503,14.50,2.00
2009.08.21 16:00:13.138,1.6501,1.6503,15.00,2.00
2009.08.21 16:00:13.478,1.6501,1.6503,15.20,2.00
2009.08.21 16:00:15.827,1.6501,1.6503,14.80,2.00
2009.08.21 16:00:17.017,1.6501,1.6503,14.10,2.00
2009.08.21 16:00:18.447,1.65015,1.6503,1.00,2.00
2009.08.21 16:00:18.871,1.65015,1.6503,2.60,2.00
2009.08.21 16:00:19.207,1.65015,1.6503,3.00,2.00
2009.08.21 16:00:19.686,1.65015,1.6503,2.60,2.00
2009.08.21 16:00:20.036,1.65015,1.6503,3.00,2.00
2009.08.21 16:00:21.426,1.6502,1.6503,1.00,2.00
2009.08.21 16:00:22.845,1.65025,1.6503,1.60,2.00
2009.08.21 16:00:23.195,1.65035,1.65045,1.60,5.20
2009.08.21 16:00:23.475,1.65035,1.65045,1.60,2.00
2009.08.21 16:00:23.655,1.65035,1.6505,1.60,3.60
2009.08.21 16:00:24.015,1.65035,1.6505,1.60,2.00
2009.08.21 16:00:26.734,1.6503,1.6505,1.60,2.00
2009.08.21 16:00:26.855,1.6503,1.6505,1.60,4.00
2009.08.21 16:00:27.024,1.6503,1.65045,1.60,2.00
2009.08.21 16:00:30.033,1.6503,1.65045,1.60,4.80
2009.08.21 16:00:30.673,1.6503,1.65045,1.60,6.40
2009.08.21 16:00:30.963,1.6503,1.65045,1.60,2.00
2009.08.21 16:00:32.063,1.6503,1.6504,1.60,2.00
2009.08.21 16:00:32.293,1.65025,1.6504,3.40,2.00
2009.08.21 16:00:34.053,1.65025,1.6504,3.00,2.00
2009.08.21 16:00:34.413,1.65025,1.6504,1.60,2.00
2009.08.21 16:00:49.129,1.65045,1.6505,1.60,1.00
2009.08.21 16:00:49.489,1.65045,1.6506,1.60,2.00
2009.08.21 16:00:54.128,1.6504,1.6506,2.00,5.60
2009.08.21 16:00:54.478,1.6504,1.65055,2.00,2.00
2009.08.21 16:00:56.027,1.6504,1.65055,6.00,2.10
2009.08.21 16:00:56.438,1.6505,1.6506,2.30,2.00
2009.08.21 16:00:56.497,1.6505,1.65065,1.00,9.30
2009.08.21 16:00:56.829,1.6505,1.6506,1.00,3.70
2009.08.21 16:00:57.067,1.65045,1.6506,1.60,2.00
2009.08.21 16:00:58.028,1.6504,1.6506,10.10,2.00
2009.08.21 16:00:58.387,1.6504,1.6506,9.30,2.00
2009.08.21 16:00:58.737,1.6504,1.6506,10.90,2.00
2009.08.21 16:00:59.190,1.6504,1.65055,3.20,1.60
2009.08.21 16:00:59.547,1.65035,1.6506,8.90,8.00
2009.08.21 16:01:00.016,1.65035,1.6506,7.30,8.00
2009.08.21 16:01:00.366,1.6504,1.6506,1.00,8.80
2009.08.21 16:01:00.486,1.6504,1.65055,1.00,1.60
2009.08.21 16:01:00.997,1.65035,1.65055,6.10,1.60
2009.08.21 16:01:05.146,1.65045,1.65055,1.00,2.00
2009.08.21 16:01:05.535,1.65045,1.65055,3.50,1.60
2009.08.21 16:01:05.815,1.65045,1.6506,6.70,1.90
2009.08.21 16:01:07.036,1.65045,1.65055,3.20,1.60
2009.08.21 16:01:07.501,1.65035,1.65055,3.60,6.00
2009.08.21 16:01:10.754,1.65035,1.65055,7.30,6.00
2009.08.21 16:01:11.204,1.65035,1.65055,7.70,6.00
2009.08.21 16:01:12.943,1.65035,1.65055,7.70,3.60
2009.08.21 16:01:13.223,1.65035,1.65055,7.70,1.60
2009.08.21 16:01:13.503,1.6504,1.65055,2.00,1.60
2009.08.21 16:01:13.783,1.6504,1.6506,2.00,11.30
2009.08.21 16:01:14.594,1.6504,1.65055,2.00,1.00
2009.08.21 16:01:14.943,1.6504,1.65055,2.00,1.60
2009.08.21 16:01:15.603,1.6504,1.6506,8.60,1.60
2009.08.21 16:01:15.943,1.6505,1.6507,2.00,10.10
2009.08.21 16:01:16.163,1.65045,1.65065,3.60,1.60
2009.08.21 16:01:16.523,1.65045,1.6507,2.00,14.30
2009.08.21 16:01:16.853,1.6505,1.6507,2.00,3.60
2009.08.21 16:01:17.305,1.65045,1.65065,3.60,1.60
2009.08.21 16:01:17.742,1.65045,1.65065,2.00,1.00
2009.08.21 16:01:18.142,1.6504,1.65065,9.10,2.80
2009.08.21 16:01:18.482,1.6504,1.6506,2.00,1.00
2009.08.21 16:01:19.942,1.65045,1.65055,2.00,1.00
2009.08.21 16:01:20.172,1.65045,1.6506,2.00,2.00
2009.08.21 16:01:20.462,1.65045,1.65055,2.00,1.00
2009.08.21 16:01:20.682,1.65045,1.6506,2.00,2.40
2009.08.21 16:01:21.011,1.65045,1.6506,2.00,1.00
2009.08.21 16:01:21.362,1.65045,1.6506,2.00,1.00
2009.08.21 16:01:22.341,1.65045,1.65065,2.00,2.40
2009.08.21 16:01:22.741,1.6505,1.65065,2.00,4.80
2009.08.21 16:01:22.921,1.65045,1.6506,3.60,1.00
2009.08.21 16:01:23.201,1.65045,1.65065,3.60,6.80
2009.08.21 16:01:23.441,1.65045,1.65065,4.50,8.40
2009.08.21 16:01:23.661,1.65045,1.6506,2.50,1.00
2009.08.21 16:01:23.831,1.65045,1.6506,2.50,1.00
2009.08.21 16:01:26.280,1.65045,1.65055,1.60,2.40
2009.08.21 16:01:26.550,1.6504,1.65055,4.50,2.40
2009.08.21 16:01:26.830,1.6504,1.65055,2.00,2.40
2009.08.21 16:01:27.055,1.65045,1.6505,2.00,1.00
2009.08.21 16:01:27.330,1.6504,1.65055,2.00,2.40
2009.08.21 16:01:28.040,1.65035,1.65055,6.10,2.40
2009.08.21 16:01:30.709,1.65035,1.6505,6.10,3.20
2009.08.21 16:01:32.869,1.65035,1.65045,2.00,1.60
2009.08.21 16:01:33.329,1.6503,1.65045,5.30,1.60
2009.08.21 16:01:33.678,1.6503,1.65045,2.10,3.60
2009.08.21 16:01:34.878,1.6503,1.65045,2.10,3.20
2009.08.21 16:01:38.347,1.6503,1.65045,2.00,3.20
2009.08.21 16:01:39.437,1.6503,1.6504,2.00,3.20
2009.08.21 16:01:44.366,1.65035,1.6504,2.00,3.20
2009.08.21 16:01:46.376,1.65025,1.6504,3.10,3.20
2009.08.21 16:01:46.735,1.65025,1.6504,3.10,4.80
2009.08.21 16:01:47.085,1.65025,1.65035,3.10,3.20
2009.08.21 16:01:47.895,1.65025,1.65035,2.00,3.20
2009.08.21 16:01:52.344,1.6503,1.65035,2.00,3.20
2009.08.21 16:01:52.724,1.65025,1.65035,2.00,3.20
2009.08.21 16:01:54.723,1.6503,1.65035,2.00,3.20
2009.08.21 16:01:55.053,1.6503,1.6504,2.00,3.20
2009.08.21 16:01:55.813,1.6503,1.6504,2.10,3.20
2009.08.21 16:01:56.973,1.65035,1.6504,1.00,3.20
2009.08.21 16:01:57.893,1.6503,1.6504,4.10,3.20
2009.08.21 16:01:58.242,1.6503,1.6504,2.50,3.20
2009.08.21 16:01:58.633,1.65035,1.6504,1.00,3.20
2009.08.21 16:01:59.082,1.6503,1.65035,1.60,3.20
2009.08.21 16:01:59.492,1.6502,1.65035,2.00,3.20
2009.08.21 16:02:00.582,1.6502,1.65035,2.40,3.20
2009.08.21 16:02:00.932,1.6502,1.6503,2.40,3.20
2009.08.21 16:02:01.382,1.6502,1.6503,1.00,3.20
2009.08.21 16:02:04.291,1.65015,1.6502,10.50,2.40
2009.08.21 16:02:04.581,1.65015,1.65025,2.00,4.00
2009.08.21 16:02:04.931,1.65015,1.65025,1.00,3.10
2009.08.21 16:02:05.331,1.65015,1.65025,2.00,2.10
2009.08.21 16:02:05.744,1.65015,1.6502,5.30,1.00
2009.08.21 16:02:06.211,1.65025,1.6503,2.00,1.60
2009.08.21 16:02:06.951,1.65025,1.6503,1.00,1.60
2009.08.21 16:02:08.050,1.65025,1.6503,2.00,1.60
2009.08.21 16:02:09.110,1.6502,1.6503,3.70,1.60
2009.08.21 16:02:09.340,1.6502,1.6503,3.60,1.60
2009.08.21 16:02:09.799,1.65025,1.6503,2.00,1.60
2009.08.21 16:02:11.809,1.6503,1.65035,2.00,3.20
2009.08.21 16:02:12.199,1.65025,1.65035,3.60,3.20
2009.08.21 16:02:12.489,1.65025,1.65035,2.00,3.20
2009.08.21 16:02:13.289,1.6502,1.65035,2.00,3.20
2009.08.21 16:02:13.799,1.65025,1.65035,2.00,3.20
2009.08.21 16:02:13.968,1.6502,1.65035,2.00,3.20
2009.08.21 16:02:14.299,1.6502,1.6503,2.00,1.60
2009.08.21 16:02:15.869,1.65025,1.6503,2.00,1.60
2009.08.21 16:02:16.318,1.6502,1.6503,2.00,1.60
2009.08.21 16:02:17.598,1.65025,1.6503,2.00,1.60
2009.08.21 16:02:17.988,1.65025,1.65035,2.00,3.20
2009.08.21 16:02:20.207,1.6502,1.6503,3.60,1.60
2009.08.21 16:02:20.677,1.6502,1.6503,2.00,1.60
2009.08.21 16:02:21.007,1.6502,1.65035,4.00,3.20
2009.08.21 16:02:21.397,1.6502,1.65035,2.00,3.20
2009.08.21 16:02:21.730,1.6502,1.65035,2.00,3.60
2009.08.21 16:02:22.027,1.65015,1.6503,7.30,3.20
2009.08.21 16:02:22.307,1.65015,1.6503,2.10,3.20
2009.08.21 16:02:22.477,1.6502,1.6503,1.00,3.20
2009.08.21 16:02:22.827,1.6502,1.6503,2.00,3.20
2009.08.21 16:02:23.377,1.6502,1.6503,2.00,1.60
2009.08.21 16:02:23.717,1.6502,1.6503,3.20,3.20
2009.08.21 16:02:24.046,1.65015,1.65025,2.10,3.20
2009.08.21 16:02:24.556,1.6502,1.65025,1.00,3.20
2009.08.21 16:02:25.266,1.65015,1.65025,2.10,3.20
2009.08.21 16:02:25.746,1.65015,1.65025,2.00,3.20
2009.08.21 16:02:27.525,1.6501,1.65025,3.60,3.20
2009.08.21 16:02:27.745,1.6501,1.65025,2.00,3.60
2009.08.21 16:02:28.085,1.6501,1.6502,2.00,3.20
2009.08.21 16:02:31.816,1.6501,1.65025,2.00,3.20
2009.08.21 16:02:32.334,1.65015,1.65025,1.00,3.20
2009.08.21 16:02:32.674,1.65015,1.65025,2.00,3.20
2009.08.21 16:02:33.734,1.65015,1.65025,1.00,3.20
2009.08.21 16:02:34.943,1.65015,1.65025,1.70,3.20
2009.08.21 16:02:37.193,1.6502,1.6503,1.60,3.20
2009.08.21 16:02:37.723,1.6502,1.6503,2.00,3.20
2009.08.21 16:02:40.033,1.65015,1.65025,3.70,3.20
2009.08.21 16:02:40.262,1.65015,1.65025,2.10,3.20
2009.08.21 16:02:41.072,1.6502,1.6503,1.00,3.20
2009.08.21 16:02:41.532,1.65015,1.6503,2.10,3.20
2009.08.21 16:02:41.712,1.65015,1.65025,2.10,1.60
2009.08.21 16:02:42.961,1.6502,1.65025,1.00,1.60
2009.08.21 16:02:43.291,1.65015,1.65025,2.10,1.60
2009.08.21 16:02:43.692,1.6502,1.6503,2.00,3.20
2009.08.21 16:02:45.301,1.6502,1.6503,2.10,3.20
2009.08.21 16:02:46.601,1.65025,1.6503,1.00,3.20
2009.08.21 16:02:46.781,1.6502,1.6503,2.10,3.20
2009.08.21 16:02:50.780,1.65025,1.6503,1.00,3.20
2009.08.21 16:02:51.350,1.6502,1.6503,2.10,3.20
2009.08.21 16:02:51.919,1.65025,1.6503,1.00,3.20
2009.08.21 16:02:52.479,1.6502,1.6503,2.10,3.20
2009.08.21 16:02:52.769,1.65025,1.6503,1.00,3.20
2009.08.21 16:02:53.449,1.6502,1.6503,2.10,3.20
2009.08.21 16:02:53.679,1.65025,1.6503,1.00,3.20
2009.08.21 16:02:54.669,1.6502,1.6503,2.10,3.20
2009.08.21 16:02:56.408,1.65025,1.6503,1.00,3.20
2009.08.21 16:02:56.648,1.6502,1.6503,2.10,3.20
2009.08.21 16:02:57.098,1.65025,1.6503,1.00,3.20
2009.08.21 16:02:57.218,1.6502,1.6503,2.10,3.20
2009.08.21 16:02:57.438,1.65025,1.6503,1.00,3.20
2009.08.21 16:02:58.661,1.65025,1.65035,1.00,3.20
2009.08.21 16:02:59.022,1.6503,1.6504,2.70,2.40
2009.08.21 16:02:59.518,1.65035,1.65045,2.00,1.60
2009.08.21 16:02:59.798,1.65035,1.6505,4.00,3.20
2009.08.21 16:03:00.157,1.6504,1.6505,2.00,3.20
2009.08.21 16:03:00.507,1.65035,1.6505,2.00,3.20
2009.08.21 16:03:01.547,1.6504,1.6505,2.00,3.20
2009.08.21 16:03:04.966,1.6503,1.6505,2.40,5.60
2009.08.21 16:03:05.337,1.65025,1.65045,3.60,3.60
2009.08.21 16:03:05.686,1.6503,1.65035,1.60,1.60
2009.08.21 16:03:06.017,1.65025,1.65035,1.60,1.60
2009.08.21 16:03:06.366,1.6502,1.65035,6.10,3.20
2009.08.21 16:03:06.596,1.6502,1.65035,2.00,3.20
2009.08.21 16:03:06.896,1.6502,1.65035,1.70,3.60
2009.08.21 16:03:07.127,1.6502,1.65035,1.00,3.20
2009.08.21 16:03:07.466,1.6503,1.6504,2.00,3.60
2009.08.21 16:03:07.869,1.65035,1.65045,1.00,3.60
2009.08.21 16:03:08.436,1.65035,1.65045,2.00,1.60
2009.08.21 16:03:08.945,1.6504,1.65045,2.00,1.60
2009.08.21 16:03:09.335,1.6504,1.6505,2.00,3.60
2009.08.21 16:03:09.966,1.65035,1.6505,3.60,3.60
2009.08.21 16:03:10.305,1.65035,1.65045,1.60,2.40
2009.08.21 16:03:10.605,1.6503,1.65045,2.00,2.40
2009.08.21 16:03:13.879,1.6503,1.65045,2.00,1.60
2009.08.21 16:03:15.664,1.6503,1.65045,2.00,3.20
2009.08.21 16:03:18.313,1.6503,1.65045,2.50,5.20
2009.08.21 16:03:18.663,1.6503,1.6504,2.50,2.00
2009.08.21 16:03:19.113,1.6503,1.65045,6.10,3.20
2009.08.21 16:03:19.353,1.6503,1.6504,4.00,2.00
2009.08.21 16:03:19.703,1.6503,1.6504,1.60,3.20
2009.08.21 16:03:20.063,1.65025,1.6504,6.10,1.60
2009.08.21 16:03:20.393,1.65025,1.6504,1.00,4.70
2009.08.21 16:03:20.873,1.65025,1.65035,1.00,1.60
2009.08.21 16:03:21.233,1.6503,1.6504,2.00,2.40
2009.08.21 16:03:21.462,1.6503,1.6504,2.00,2.00
2009.08.21 16:03:21.682,1.65025,1.6504,5.60,2.00
2009.08.21 16:03:21.863,1.65025,1.6504,3.60,2.00
2009.08.21 16:03:21.982,1.65025,1.6504,2.00,1.60
2009.08.21 16:03:22.672,1.65025,1.6504,6.10,1.60
2009.08.21 16:03:23.132,1.65025,1.6504,2.00,1.00
2009.08.21 16:03:23.252,1.65025,1.6504,2.00,1.50
2009.08.21 16:03:23.362,1.65025,1.65035,2.00,1.60
2009.08.21 16:03:23.582,1.6502,1.65035,7.30,1.60
2009.08.21 16:03:23.692,1.65025,1.6504,1.00,1.40
2009.08.21 16:03:23.872,1.65025,1.65045,2.00,8.40
2009.08.21 16:03:24.154,1.65025,1.65045,6.00,4.80
2009.08.21 16:03:24.682,1.6503,1.65045,2.00,2.10
2009.08.21 16:03:25.183,1.6503,1.65045,2.00,2.00
2009.08.21 16:03:25.471,1.6503,1.65045,4.40,2.00
2009.08.21 16:03:25.811,1.6503,1.6504,4.40,1.60
2009.08.21 16:03:26.161,1.6503,1.6504,1.60,3.60
2009.08.21 16:03:26.701,1.65025,1.6504,1.00,2.00
2009.08.21 16:03:27.501,1.6502,1.6504,10.10,2.00
2009.08.21 16:03:27.851,1.6502,1.6504,10.10,2.90
2009.08.21 16:03:28.141,1.65025,1.65035,2.00,1.60
2009.08.21 16:03:28.481,1.6502,1.65035,2.10,1.60
2009.08.21 16:03:28.771,1.6502,1.65035,2.10,2.00
2009.08.21 16:03:29.101,1.6502,1.65035,2.00,2.00
2009.08.21 16:03:29.341,1.65015,1.65035,11.30,3.20
2009.08.21 16:03:29.740,1.65015,1.65035,11.30,2.00
2009.08.21 16:03:30.491,1.6502,1.65035,1.00,1.60
2009.08.21 16:03:30.890,1.6502,1.6504,6.10,5.60
2009.08.21 16:03:31.121,1.6502,1.65035,4.50,2.00
2009.08.21 16:03:32.260,1.6502,1.65035,3.30,2.00
2009.08.21 16:03:32.490,1.6502,1.65035,4.90,2.00
2009.08.21 16:03:32.720,1.65025,1.65035,1.00,2.00
2009.08.21 16:03:32.950,1.65025,1.6504,2.50,7.20
2009.08.21 16:03:33.400,1.6503,1.65045,4.40,7.10
2009.08.21 16:03:33.750,1.6503,1.6505,4.50,8.20
2009.08.21 16:03:34.099,1.6503,1.6505,4.50,8.00
2009.08.21 16:03:34.449,1.6503,1.6505,8.10,8.60
2009.08.21 16:03:34.929,1.6503,1.6505,8.10,8.20
2009.08.21 16:03:35.879,1.6503,1.6505,9.70,8.20
2009.08.21 16:03:36.219,1.6503,1.6505,10.50,8.20
2009.08.21 16:03:37.238,1.6503,1.6505,8.50,8.20
2009.08.21 16:03:38.159,1.6503,1.6505,8.50,3.20
2009.08.21 16:03:41.608,1.6504,1.6505,1.00,3.20
2009.08.21 16:03:44.707,1.65035,1.65055,8.00,3.20
2009.08.21 16:03:45.097,1.6504,1.6506,2.00,3.20
2009.08.21 16:03:45.557,1.6504,1.6506,7.20,3.60
2009.08.21 16:03:45.907,1.6504,1.6506,8.80,2.00
2009.08.21 16:03:47.036,1.65045,1.6506,1.70,2.00
2009.08.21 16:03:47.276,1.65045,1.6506,2.50,2.00
2009.08.21 16:03:47.906,1.6505,1.6506,4.50,2.00
2009.08.21 16:03:48.347,1.6504,1.65065,2.00,7.10
2009.08.21 16:03:49.156,1.6504,1.6506,9.20,2.00
2009.08.21 16:03:49.456,1.6504,1.6506,9.30,2.00
2009.08.21 16:03:50.256,1.6504,1.6506,5.70,2.00
2009.08.21 16:03:50.546,1.6504,1.6506,9.20,2.00
2009.08.21 16:03:52.645,1.65045,1.6506,1.60,2.00
2009.08.21 16:03:52.985,1.65045,1.6506,2.40,2.00
2009.08.21 16:03:57.984,1.6505,1.6506,4.40,2.00
2009.08.21 16:03:58.324,1.65045,1.65065,4.40,5.60
2009.08.21 16:03:59.493,1.65045,1.65065,4.40,4.40
2009.08.21 16:04:00.004,1.6505,1.6507,4.00,2.40
2009.08.21 16:04:00.353,1.65055,1.6507,2.00,1.00
2009.08.21 16:04:01.003,1.6505,1.6507,2.10,2.00
2009.08.21 16:04:01.173,1.6505,1.6507,3.70,2.00
2009.08.21 16:04:01.843,1.6505,1.6507,3.70,3.60
2009.08.21 16:04:03.292,1.65055,1.6507,1.00,3.60
2009.08.21 16:04:03.472,1.65055,1.65065,1.00,2.90
2009.08.21 16:04:03.702,1.6505,1.6506,4.10,2.00
2009.08.21 16:04:03.982,1.6505,1.6506,2.50,2.00
2009.08.21 16:04:04.682,1.6504,1.6505,4.40,3.60
2009.08.21 16:04:05.072,1.65045,1.6505,3.90,4.00
2009.08.21 16:04:05.422,1.6505,1.65055,1.50,2.00
2009.08.21 16:04:05.872,1.6505,1.6506,1.50,2.00
2009.08.21 16:04:06.171,1.6505,1.65065,3.10,2.00
2009.08.21 16:04:06.512,1.6505,1.65065,3.30,2.00
2009.08.21 16:04:06.742,1.6505,1.6506,3.30,2.00
2009.08.21 16:04:07.022,1.6505,1.65055,3.30,2.00
2009.08.21 16:04:07.671,1.6505,1.6506,3.30,2.40
2009.08.21 16:04:07.971,1.6505,1.6506,4.90,2.00
2009.08.21 16:04:08.761,1.6505,1.65055,5.70,2.00
2009.08.21 16:04:09.031,1.65045,1.6505,2.10,4.00
2009.08.21 16:04:09.411,1.6505,1.6506,2.00,4.30
2009.08.21 16:04:09.801,1.65045,1.6505,10.50,1.00
2009.08.21 16:04:10.131,1.6506,1.65065,1.00,3.00
2009.08.21 16:04:10.481,1.6506,1.65065,4.80,1.00
2009.08.21 16:04:11.041,1.6506,1.65075,4.40,4.10
2009.08.21 16:04:11.721,1.6506,1.65075,7.70,4.10
2009.08.21 16:04:12.510,1.6506,1.65065,4.40,2.40
2009.08.21 16:04:12.790,1.65055,1.6506,1.70,2.00
2009.08.21 16:04:13.150,1.6505,1.6506,3.70,2.00
2009.08.21 16:04:13.610,1.6505,1.6506,5.70,2.00
2009.08.21 16:04:13.790,1.65055,1.6506,2.00,1.00
2009.08.21 16:04:14.290,1.65055,1.6506,2.00,1.00
2009.08.21 16:04:14.350,1.65055,1.65075,4.50,5.10
2009.08.21 16:04:14.710,1.6506,1.65075,2.00,4.70
2009.08.21 16:04:15.100,1.6506,1.6507,2.00,2.00
2009.08.21 16:04:17.009,1.65055,1.6506,9.20,1.80
2009.08.21 16:04:17.299,1.65055,1.6506,1.60,2.60
2009.08.21 16:04:17.529,1.65045,1.6506,1.00,2.80
2009.08.21 16:04:18.509,1.65045,1.6505,4.10,1.00
2009.08.21 16:04:18.789,1.65055,1.6506,2.00,1.80
2009.08.21 16:04:19.069,1.65055,1.6506,2.00,1.00
2009.08.21 16:04:19.408,1.65055,1.6506,2.00,1.00
2009.08.21 16:04:20.888,1.65045,1.6506,1.70,2.80
2009.08.21 16:04:21.278,1.65045,1.6506,1.00,3.00
2009.08.21 16:04:21.798,1.65045,1.6506,1.00,3.60
2009.08.21 16:04:22.308,1.65045,1.6506,4.10,2.00
2009.08.21 16:04:22.538,1.65055,1.6506,2.00,1.00
2009.08.21 16:04:22.658,1.65055,1.6506,2.00,1.00
2009.08.21 16:04:22.888,1.65055,1.6506,2.00,1.00
2009.08.21 16:04:23.047,1.65055,1.6506,5.20,1.00
2009.08.21 16:04:23.438,1.6506,1.65075,2.00,4.40
2009.08.21 16:04:24.937,1.6506,1.65075,2.00,4.40
2009.08.21 16:04:26.267,1.6506,1.6507,2.00,2.00
2009.08.21 16:04:26.437,1.6506,1.65065,2.00,1.60
2009.08.21 16:04:26.547,1.6506,1.65065,1.00,2.40
2009.08.21 16:04:26.837,1.6505,1.65065,2.00,2.40
2009.08.21 16:04:28.906,1.6505,1.65065,8.10,1.60
2009.08.21 16:04:29.306,1.6505,1.65065,9.30,1.60
2009.08.21 16:04:29.756,1.6505,1.65065,6.50,2.00
2009.08.21 16:04:30.256,1.6505,1.6506,6.10,2.00
2009.08.21 16:04:30.656,1.6505,1.6506,1.00,2.00
2009.08.21 16:04:31.575,1.65045,1.6506,6.10,2.00
2009.08.21 16:04:31.806,1.65045,1.6506,1.70,6.00
2009.08.21 16:04:31.925,1.65045,1.65055,1.70,2.00
2009.08.21 16:04:32.045,1.65045,1.65055,1.00,2.00
2009.08.21 16:04:35.624,1.65045,1.65055,1.00,4.00
2009.08.21 16:04:35.975,1.65045,1.6505,1.70,7.60
2009.08.21 16:04:36.324,1.65055,1.6506,2.00,11.40
2009.08.21 16:04:36.675,1.6505,1.65055,1.00,3.40
2009.08.21 16:04:37.014,1.65045,1.6505,1.00,1.00
2009.08.21 16:04:37.124,1.6504,1.65065,5.50,8.40
2009.08.21 16:04:37.414,1.65035,1.65055,9.20,1.00
2009.08.21 16:04:37.574,1.6504,1.65055,3.20,2.40
2009.08.21 16:04:37.754,1.6504,1.65055,3.20,4.40
2009.08.21 16:04:37.864,1.65035,1.6505,3.70,1.00
2009.08.21 16:04:38.284,1.65035,1.6505,3.70,4.40
2009.08.21 16:04:38.825,1.65035,1.6505,1.00,5.20
2009.08.21 16:04:40.063,1.65035,1.6505,1.00,5.20
2009.08.21 16:04:40.293,1.65035,1.6505,1.00,4.80
2009.08.21 16:04:40.473,1.65035,1.6505,1.00,2.00
2009.08.21 16:04:41.983,1.6503,1.65045,2.00,1.60
2009.08.21 16:04:42.093,1.65025,1.65045,8.70,2.00
2009.08.21 16:04:42.313,1.65025,1.6504,6.50,2.00
2009.08.21 16:04:42.663,1.65025,1.65045,2.00,2.80
2009.08.21 16:04:43.003,1.65025,1.65045,2.00,2.00
2009.08.21 16:04:43.813,1.65025,1.65045,2.00,3.60
2009.08.21 16:04:44.053,1.6502,1.65045,8.40,4.00
2009.08.21 16:04:44.163,1.6502,1.6504,5.60,1.00
2009.08.21 16:04:44.283,1.6502,1.6504,3.60,1.20
2009.08.21 16:04:44.533,1.6502,1.6504,3.60,3.90
2009.08.21 16:04:45.072,1.6502,1.6504,3.60,6.40
2009.08.21 16:04:45.422,1.65015,1.65035,5.20,2.00
2009.08.21 16:04:56.340,1.65015,1.6503,5.20,2.40
2009.08.21 16:04:56.510,1.65015,1.6503,3.60,4.40
2009.08.21 16:04:56.620,1.65015,1.6503,3.60,1.60
2009.08.21 16:04:56.860,1.65015,1.65035,3.60,4.10
2009.08.21 16:04:56.919,1.65015,1.65035,3.60,6.10
2009.08.21 16:04:57.320,1.65015,1.65035,3.60,2.00
2009.08.21 16:04:58.719,1.65015,1.65035,3.70,2.00
2009.08.21 16:05:06.727,1.65015,1.65035,3.70,2.30
2009.08.21 16:05:06.957,1.65015,1.65035,3.70,2.40
2009.08.21 16:05:08.546,1.65015,1.65035,8.70,2.40
2009.08.21 16:05:10.526,1.65015,1.65035,8.70,2.30
2009.08.21 16:05:10.806,1.65015,1.65035,8.70,2.10
2009.08.21 16:05:10.976,1.65015,1.65035,8.70,2.00
2009.08.21 16:05:12.066,1.65025,1.65035,1.00,1.60
2009.08.21 16:05:12.526,1.65025,1.6504,1.40,2.00
2009.08.21 16:05:13.845,1.65025,1.6504,1.50,2.00
2009.08.21 16:05:14.646,1.65025,1.6504,1.40,2.00
2009.08.21 16:05:16.535,1.65025,1.6503,1.40,1.60
2009.08.21 16:05:16.595,1.65025,1.6503,1.40,2.00
2009.08.21 16:05:16.825,1.65025,1.6503,1.40,1.60
2009.08.21 16:05:17.115,1.65025,1.6503,1.00,2.40
2009.08.21 16:05:17.504,1.65015,1.6503,1.00,2.00
2009.08.21 16:05:17.784,1.6501,1.6503,2.40,10.20
2009.08.21 16:05:18.774,1.65015,1.6503,2.00,3.20
2009.08.21 16:05:19.054,1.65015,1.6503,1.40,8.80
2009.08.21 16:05:19.404,1.65015,1.6503,1.40,8.00
2009.08.21 16:05:20.044,1.65015,1.6503,1.00,9.60
2009.08.21 16:05:20.344,1.65015,1.6503,1.00,10.50
2009.08.21 16:05:21.184,1.65015,1.6502,1.00,1.00
2009.08.21 16:05:21.693,1.65005,1.6501,6.50,1.60
2009.08.21 16:05:21.923,1.65,1.6501,1.70,2.00
2009.08.21 16:05:22.274,1.65,1.6501,1.00,2.00
2009.08.21 16:05:24.553,1.65,1.6501,1.00,6.50
2009.08.21 16:05:24.773,1.64995,1.65005,3.50,2.00
2009.08.21 16:05:25.293,1.64995,1.6501,1.00,4.00
2009.08.21 16:05:25.802,1.64995,1.6501,1.00,2.00
2009.08.21 16:05:26.153,1.64995,1.6501,1.00,2.00
2009.08.21 16:05:27.002,1.65,1.6501,1.00,1.70
2009.08.21 16:05:27.982,1.6499,1.6501,8.30,1.70
2009.08.21 16:05:28.382,1.65,1.6501,1.00,4.80
2009.08.21 16:05:28.832,1.64995,1.65005,1.00,2.00
2009.08.21 16:05:29.672,1.6499,1.64995,2.50,2.00
2009.08.21 16:05:30.021,1.6499,1.64995,1.60,2.00
2009.08.21 16:05:30.421,1.64985,1.64995,1.80,2.00
2009.08.21 16:05:30.831,1.64985,1.65,1.40,3.20
2009.08.21 16:05:32.321,1.64985,1.64995,1.80,1.00
2009.08.21 16:05:32.551,1.64975,1.64995,2.00,4.80
2009.08.21 16:05:35.270,1.64975,1.64995,4.50,4.80
2009.08.21 16:05:35.610,1.64975,1.64995,2.10,4.80
2009.08.21 16:05:38.129,1.64995,1.65,2.00,3.20
2009.08.21 16:05:38.969,1.6499,1.65,2.00,5.20
2009.08.21 16:05:39.479,1.64985,1.65,1.80,5.20
2009.08.21 16:05:41.349,1.64985,1.64995,1.80,1.00
2009.08.21 16:05:41.579,1.64985,1.64995,1.20,1.60
2009.08.21 16:05:41.929,1.64975,1.64995,9.80,6.80
2009.08.21 16:05:42.289,1.64975,1.64995,9.90,7.60
2009.08.21 16:05:42.729,1.64975,1.64995,9.90,5.60
2009.08.21 16:05:43.118,1.64975,1.64995,9.80,4.80
2009.08.21 16:05:43.698,1.6498,1.64995,1.00,4.80
2009.08.21 16:05:44.198,1.6498,1.64995,1.00,3.20
2009.08.21 16:05:44.538,1.6498,1.64995,2.50,3.20
2009.08.21 16:05:44.888,1.64985,1.64995,1.00,2.40
2009.08.21 16:05:45.238,1.64985,1.65,1.80,3.20
2009.08.21 16:05:45.758,1.64985,1.65,2.00,3.20
2009.08.21 16:05:46.478,1.64985,1.65,1.50,3.20
2009.08.21 16:05:47.667,1.64985,1.64995,1.00,1.00
2009.08.21 16:05:48.007,1.64985,1.64995,1.00,3.20
2009.08.21 16:05:48.357,1.64985,1.64995,1.00,3.20
2009.08.21 16:05:48.827,1.64985,1.64995,1.00,3.20
2009.08.21 16:05:49.007,1.6498,1.64995,4.10,3.20
2009.08.21 16:05:49.117,1.64985,1.64995,2.10,3.20
2009.08.21 16:05:50.377,1.64985,1.64995,2.00,3.20
2009.08.21 16:05:52.557,1.64985,1.64995,2.00,2.80
2009.08.21 16:05:52.616,1.64985,1.64995,2.10,1.60
2009.08.21 16:05:53.716,1.64985,1.64995,2.00,2.00
2009.08.21 16:05:54.166,1.64985,1.65,2.10,7.40
2009.08.21 16:05:54.805,1.64985,1.65,5.30,7.40
2009.08.21 16:05:55.195,1.6499,1.65,1.00,7.40
2009.08.21 16:05:55.545,1.6499,1.65,2.00,7.80
2009.08.21 16:05:55.885,1.6499,1.65,1.70,7.80
2009.08.21 16:05:56.215,1.6499,1.65,1.00,7.40
2009.08.21 16:05:56.775,1.64985,1.65,6.10,7.80
2009.08.21 16:05:57.345,1.64985,1.65,6.10,7.40
2009.08.21 16:05:57.845,1.64985,1.64995,2.10,1.60
2009.08.21 16:05:58.295,1.64985,1.64995,2.00,1.20
2009.08.21 16:05:58.805,1.64985,1.64995,1.00,3.20
2009.08.21 16:06:00.344,1.6499,1.65,2.00,2.10
2009.08.21 16:06:00.694,1.6499,1.65,2.00,1.70
2009.08.21 16:06:01.024,1.6499,1.65,2.00,2.10
2009.08.21 16:06:01.424,1.64985,1.65,2.00,2.50
2009.08.21 16:06:01.654,1.64985,1.65,2.10,2.50
2009.08.21 16:06:02.164,1.64985,1.65,2.00,2.50
2009.08.21 16:06:02.404,1.64985,1.65,2.10,2.50
2009.08.21 16:06:02.684,1.6499,1.65,2.00,2.50
2009.08.21 16:06:03.144,1.6499,1.65,1.70,1.70
2009.08.21 16:06:03.674,1.6499,1.65,1.00,1.70
2009.08.21 16:06:03.973,1.6499,1.65,2.00,1.70
2009.08.21 16:06:05.813,1.64985,1.65,6.10,1.70
2009.08.21 16:06:07.063,1.6499,1.65,1.00,1.70
2009.08.21 16:06:07.233,1.6499,1.65,2.00,1.70
2009.08.21 16:06:08.402,1.6499,1.65,2.00,2.00
2009.08.21 16:06:09.762,1.6499,1.65,2.00,1.70
2009.08.21 16:06:10.862,1.6499,1.65,2.00,1.80
2009.08.21 16:06:11.152,1.6499,1.65,2.00,2.00
2009.08.21 16:06:12.482,1.6499,1.65,3.80,2.00
2009.08.21 16:06:13.001,1.64995,1.65,2.90,1.00
2009.08.21 16:06:13.482,1.65,1.6501,2.00,4.30
2009.08.21 16:06:13.831,1.65,1.6501,2.00,2.80
2009.08.21 16:06:14.171,1.65,1.6501,2.00,3.80
2009.08.21 16:06:14.351,1.65,1.6501,2.00,2.90
2009.08.21 16:06:15.221,1.65,1.6501,2.10,2.40
2009.08.21 16:06:16.040,1.65,1.6501,2.10,2.80
2009.08.21 16:06:16.920,1.65005,1.6501,1.00,2.80
2009.08.21 16:06:17.140,1.65,1.6501,2.00,2.80
2009.08.21 16:06:19.650,1.65,1.6501,2.00,2.40
2009.08.21 16:06:20.379,1.65,1.6501,8.50,2.40
2009.08.21 16:06:20.499,1.65,1.6501,4.50,2.40
2009.08.21 16:06:20.900,1.65,1.6501,4.50,2.50
2009.08.21 16:06:22.129,1.65,1.6501,4.50,2.50
2009.08.21 16:06:23.499,1.65005,1.6501,2.00,2.50
2009.08.21 16:06:23.849,1.6501,1.6502,4.40,5.70
2009.08.21 16:06:24.139,1.6501,1.6502,4.40,1.00
2009.08.21 16:06:24.249,1.65015,1.6502,1.00,1.00
2009.08.21 16:06:24.608,1.6501,1.6502,7.20,1.00
2009.08.21 16:06:26.098,1.6501,1.6502,8.90,1.00
2009.08.21 16:06:26.388,1.65015,1.6502,2.00,1.00
2009.08.21 16:06:27.068,1.65015,1.6502,10.00,1.00
2009.08.21 16:06:28.717,1.65015,1.6502,2.40,3.00
2009.08.21 16:06:29.058,1.65015,1.6502,2.10,1.00
2009.08.21 16:06:29.587,1.65015,1.6502,2.00,1.00
2009.08.21 16:06:30.807,1.65015,1.6502,2.10,1.00
2009.08.21 16:06:32.407,1.6502,1.6503,2.50,1.30
2009.08.21 16:06:32.646,1.65025,1.6503,2.00,1.00
2009.08.21 16:06:33.446,1.65015,1.6502,5.20,3.10
2009.08.21 16:06:33.786,1.6502,1.65035,2.60,2.00
2009.08.21 16:06:34.316,1.6503,1.6504,8.00,1.00
2009.08.21 16:06:34.736,1.65035,1.6505,4.00,1.60
2009.08.21 16:06:35.086,1.65035,1.6505,4.60,1.00
2009.08.21 16:06:36.036,1.65035,1.6505,5.00,1.00
2009.08.21 16:06:36.665,1.65035,1.6505,4.40,1.00
2009.08.21 16:06:36.946,1.65035,1.6504,4.40,2.00
2009.08.21 16:06:37.175,1.65035,1.6504,4.00,2.80
2009.08.21 16:06:37.865,1.6503,1.6504,8.20,2.80
2009.08.21 16:06:38.205,1.65025,1.6503,6.90,1.00
2009.08.21 16:06:38.645,1.6503,1.6504,6.10,3.00
2009.08.21 16:06:38.885,1.6503,1.6504,8.10,2.80
2009.08.21 16:06:39.205,1.6503,1.6504,8.90,1.90
2009.08.21 16:06:39.615,1.6503,1.6504,8.90,2.30
2009.08.21 16:06:39.795,1.65035,1.6504,3.60,1.00
2009.08.21 16:06:40.325,1.65035,1.6505,2.00,1.00
2009.08.21 16:06:40.734,1.65035,1.6505,2.00,1.70
2009.08.21 16:06:41.554,1.65035,1.6505,2.00,1.30
2009.08.21 16:06:42.085,1.65035,1.6505,2.00,1.80
2009.08.21 16:06:42.594,1.65035,1.6505,2.00,2.20
2009.08.21 16:06:42.944,1.65035,1.65045,2.00,1.00
2009.08.21 16:06:43.684,1.65025,1.6503,10.90,1.00
2009.08.21 16:06:44.204,1.6503,1.65045,1.00,1.00
2009.08.21 16:06:44.443,1.6503,1.65045,2.00,1.00
2009.08.21 16:06:44.734,1.65025,1.6504,3.70,1.10
2009.08.21 16:06:45.083,1.65025,1.6503,4.00,1.00
2009.08.21 16:06:45.434,1.65025,1.6503,2.00,1.00
2009.08.21 16:06:47.673,1.65025,1.6503,2.00,1.00
2009.08.21 16:06:48.293,1.6502,1.6503,4.00,1.00
2009.08.21 16:06:48.633,1.6502,1.6503,2.40,1.00
2009.08.21 16:06:49.622,1.6502,1.6503,2.00,1.00
2009.08.21 16:06:54.211,1.65015,1.6502,5.40,1.00
2009.08.21 16:06:54.591,1.6502,1.6503,1.60,2.30
2009.08.21 16:06:55.001,1.65015,1.6502,2.00,1.00
2009.08.21 16:06:55.351,1.65015,1.6503,2.00,2.70
2009.08.21 16:06:55.691,1.65015,1.6502,2.00,1.00
2009.08.21 16:06:56.381,1.65015,1.6502,2.00,1.00
2009.08.21 16:06:56.621,1.65015,1.6502,6.00,1.00
2009.08.21 16:06:57.130,1.65015,1.6503,2.00,1.10
2009.08.21 16:06:58.020,1.6502,1.6503,2.00,1.10
2009.08.21 16:06:58.660,1.65015,1.6503,2.00,2.30
2009.08.21 16:06:59.100,1.6502,1.6503,1.60,1.50
2009.08.21 16:06:59.482,1.6502,1.6503,1.60,1.10
2009.08.21 16:06:59.800,1.6502,1.6503,1.60,1.00
2009.08.21 16:07:03.789,1.65015,1.6503,5.60,1.00
2009.08.21 16:07:04.009,1.6502,1.6503,2.00,1.00
2009.08.21 16:07:07.608,1.6502,1.6503,2.00,1.10
2009.08.21 16:07:08.658,1.6502,1.6503,2.00,1.50
2009.08.21 16:07:10.798,1.6502,1.6503,3.20,1.50
2009.08.21 16:07:10.967,1.6502,1.65025,1.60,2.00
2009.08.21 16:07:11.257,1.65015,1.65025,1.60,2.10
2009.08.21 16:07:11.487,1.65015,1.65025,1.60,2.80
2009.08.21 16:07:11.937,1.6502,1.65025,1.60,2.80
2009.08.21 16:07:12.057,1.6501,1.6502,9.30,1.00
2009.08.21 16:07:12.227,1.6502,1.65035,1.60,7.30
2009.08.21 16:07:12.347,1.65015,1.6503,2.00,1.60
2009.08.21 16:07:12.707,1.6502,1.6503,2.00,1.60
2009.08.21 16:07:13.227,1.6502,1.6503,2.00,1.20
2009.08.21 16:07:13.557,1.65015,1.6503,2.00,2.00
2009.08.21 16:07:13.896,1.6502,1.6503,2.00,1.60
2009.08.21 16:07:14.636,1.65015,1.6503,4.00,1.30
2009.08.21 16:07:14.806,1.65015,1.65025,2.00,1.20
2009.08.21 16:07:15.156,1.6501,1.6503,2.00,7.90
2009.08.21 16:07:15.486,1.6502,1.6503,2.00,1.20
2009.08.21 16:07:15.966,1.65015,1.6503,3.60,1.60
2009.08.21 16:07:16.266,1.65015,1.6503,2.00,1.10
2009.08.21 16:07:17.526,1.6502,1.6503,2.00,1.10
2009.08.21 16:07:18.705,1.6502,1.65025,2.00,1.00
2009.08.21 16:07:19.005,1.65015,1.6502,2.00,1.00
2009.08.21 16:07:19.355,1.6502,1.6503,2.00,1.10
2009.08.21 16:07:20.505,1.65015,1.6503,5.60,1.10
2009.08.21 16:07:20.965,1.6502,1.6503,2.00,1.20
2009.08.21 16:07:23.134,1.6502,1.6503,2.00,1.00
2009.08.21 16:07:23.254,1.65015,1.6502,8.40,1.00
2009.08.21 16:07:23.984,1.6502,1.6503,2.00,1.20
2009.08.21 16:07:24.344,1.65015,1.6503,2.00,1.60
2009.08.21 16:07:24.674,1.65015,1.6503,2.00,1.20
2009.08.21 16:07:25.024,1.65015,1.6502,2.00,1.00
2009.08.21 16:07:25.354,1.65015,1.6502,2.00,1.00
2009.08.21 16:07:26.053,1.65015,1.6503,2.40,1.00
2009.08.21 16:07:26.963,1.65015,1.6503,2.40,1.00
2009.08.21 16:07:28.343,1.65015,1.6503,2.40,1.00
2009.08.21 16:07:28.523,1.6502,1.6503,1.00,1.00
2009.08.21 16:07:28.703,1.6502,1.6503,2.00,1.00
2009.08.21 16:07:28.983,1.6502,1.6503,2.00,1.00
2009.08.21 16:07:29.213,1.65025,1.6504,2.00,5.00
2009.08.21 16:07:29.273,1.65025,1.6504,2.00,5.40
2009.08.21 16:07:29.443,1.65025,1.6504,2.00,3.20
2009.08.21 16:07:29.613,1.65025,1.6504,2.00,2.40
2009.08.21 16:07:29.733,1.65025,1.6504,3.60,2.40
2009.08.21 16:07:29.793,1.6502,1.6504,4.00,2.40
2009.08.21 16:07:30.123,1.65025,1.6504,2.00,3.60
2009.08.21 16:07:30.463,1.65025,1.6504,2.00,2.90
2009.08.21 16:07:30.922,1.65015,1.6503,8.50,1.00
2009.08.21 16:07:31.213,1.65025,1.6504,2.00,1.20
2009.08.21 16:07:31.483,1.65025,1.6504,2.00,1.60
2009.08.21 16:07:31.762,1.65025,1.6504,2.00,1.70
2009.08.21 16:07:32.402,1.6502,1.6504,4.00,1.70
2009.08.21 16:07:32.752,1.65025,1.6504,2.00,1.70
2009.08.21 16:07:33.732,1.65025,1.6504,2.40,1.70
2009.08.21 16:07:34.312,1.65025,1.6504,2.00,1.70
2009.08.21 16:07:35.351,1.65025,1.6504,2.00,1.60
2009.08.21 16:07:35.531,1.65025,1.6504,2.00,1.70
2009.08.21 16:07:35.941,1.65025,1.6504,2.00,1.60
2009.08.21 16:07:36.121,1.65025,1.6504,2.00,1.30
2009.08.21 16:07:36.391,1.6503,1.65045,2.00,4.00
2009.08.21 16:07:36.681,1.6503,1.6504,2.00,1.00
2009.08.21 16:07:36.961,1.65035,1.65045,2.00,1.00
2009.08.21 16:07:37.181,1.65035,1.6505,2.00,1.30
2009.08.21 16:07:37.411,1.6503,1.6505,2.40,1.00
2009.08.21 16:07:37.761,1.65035,1.6505,2.00,1.00
2009.08.21 16:07:38.121,1.65035,1.65055,1.00,5.70
2009.08.21 16:07:38.931,1.65035,1.65055,2.00,3.70
2009.08.21 16:07:44.409,1.65035,1.65055,2.00,4.10
2009.08.21 16:07:44.649,1.65035,1.65055,2.00,6.20
2009.08.21 16:07:45.009,1.6503,1.65055,11.30,6.10
2009.08.21 16:07:46.130,1.6503,1.6505,11.30,1.00
2009.08.21 16:07:46.349,1.65035,1.6505,1.60,1.00
2009.08.21 16:07:46.529,1.65035,1.6505,1.60,1.00
2009.08.21 16:07:46.869,1.6504,1.65055,1.60,5.70
2009.08.21 16:07:47.159,1.6504,1.65055,4.00,1.60
2009.08.21 16:07:47.468,1.65035,1.65055,4.00,1.00
2009.08.21 16:07:47.689,1.65045,1.65055,1.00,1.00
2009.08.21 16:07:48.069,1.6504,1.65055,2.40,1.00
2009.08.21 16:07:51.477,1.65035,1.65055,9.10,1.00
2009.08.21 16:07:52.167,1.6504,1.65055,2.00,1.00
2009.08.21 16:07:58.066,1.65035,1.65055,6.10,1.00
2009.08.21 16:07:58.406,1.6504,1.65055,1.00,1.00
2009.08.21 16:07:58.746,1.6504,1.65055,2.00,1.00
2009.08.21 16:08:05.874,1.65035,1.65055,2.40,1.00
2009.08.21 16:08:06.254,1.6504,1.65055,1.00,2.90
2009.08.21 16:08:06.424,1.6504,1.65055,1.00,4.50
2009.08.21 16:08:06.934,1.6504,1.6505,1.00,1.00
2009.08.21 16:08:07.334,1.6504,1.6505,1.00,1.00
2009.08.21 16:08:07.614,1.65035,1.6505,2.00,1.00
2009.08.21 16:08:07.903,1.65035,1.6505,1.60,1.30
2009.08.21 16:08:08.203,1.65035,1.6505,1.60,2.00
2009.08.21 16:08:09.363,1.65035,1.6505,2.00,2.00
2009.08.21 16:08:10.533,1.65035,1.6505,2.00,3.50
2009.08.21 16:08:10.833,1.65035,1.6505,2.00,3.60
2009.08.21 16:08:12.213,1.65035,1.6505,2.00,2.80
2009.08.21 16:08:12.772,1.65035,1.6505,2.00,1.10
2009.08.21 16:08:13.002,1.65035,1.6505,2.00,1.00
2009.08.21 16:08:13.702,1.65045,1.65055,1.00,2.90
2009.08.21 16:08:14.062,1.65045,1.65055,1.60,4.00
2009.08.21 16:08:14.352,1.65055,1.6506,1.60,1.00
2009.08.21 16:08:14.622,1.6505,1.6506,2.00,1.00
2009.08.21 16:08:14.862,1.65045,1.6506,1.00,1.00
2009.08.21 16:08:15.202,1.65045,1.6506,1.20,1.00
2009.08.21 16:08:17.041,1.65045,1.65055,1.00,1.00
2009.08.21 16:08:17.481,1.6504,1.65055,3.60,2.00
2009.08.21 16:08:17.711,1.6504,1.65055,3.60,2.40
2009.08.21 16:08:17.941,1.6504,1.6505,3.60,1.00
2009.08.21 16:08:18.291,1.6504,1.65055,3.60,1.00
2009.08.21 16:08:20.360,1.6504,1.65055,3.60,1.00
2009.08.21 16:08:21.050,1.6504,1.65055,3.60,2.50
2009.08.21 16:08:24.109,1.6504,1.65055,1.60,2.50
2009.08.21 16:08:24.470,1.65035,1.65055,8.30,2.50
2009.08.21 16:08:24.709,1.6504,1.65055,2.00,2.50
2009.08.21 16:08:24.890,1.6504,1.6506,2.00,6.00
2009.08.21 16:08:25.189,1.6505,1.6506,1.60,3.60
2009.08.21 16:08:25.419,1.65045,1.65065,7.60,2.00
2009.08.21 16:08:26.309,1.6505,1.65065,2.00,2.40
2009.08.21 16:08:27.949,1.6505,1.65065,2.00,2.20
2009.08.21 16:08:28.648,1.65045,1.65065,7.60,1.80
2009.08.21 16:08:29.108,1.65045,1.65065,8.40,1.80
2009.08.21 16:08:29.608,1.65045,1.65065,10.00,2.20
2009.08.21 16:08:29.838,1.65045,1.65065,10.00,1.80
2009.08.21 16:08:30.188,1.65045,1.65065,10.00,2.20
2009.08.21 16:08:31.499,1.65045,1.6505,10.00,1.00
2009.08.21 16:08:31.728,1.65045,1.6505,1.60,1.00
2009.08.21 16:08:31.948,1.65045,1.6505,1.60,1.00
2009.08.21 16:08:32.068,1.6504,1.6505,16.50,1.00
2009.08.21 16:08:32.348,1.65045,1.6505,1.50,1.00
2009.08.21 16:08:34.667,1.65045,1.6505,3.10,1.00
2009.08.21 16:08:34.957,1.65045,1.6506,3.50,3.00
2009.08.21 16:08:35.297,1.6505,1.6506,1.00,3.40
2009.08.21 16:08:35.647,1.65045,1.6506,1.50,2.00
2009.08.21 16:08:36.347,1.65045,1.6505,1.50,1.00
2009.08.21 16:08:36.587,1.65045,1.6505,1.50,1.00
2009.08.21 16:08:37.126,1.65045,1.6505,1.50,1.40
2009.08.21 16:08:40.496,1.65045,1.6505,1.50,1.30
2009.08.21 16:08:41.436,1.65045,1.6505,3.50,1.20
2009.08.21 16:08:41.835,1.65045,1.6505,9.50,1.00
2009.08.21 16:08:42.125,1.65045,1.6505,9.50,1.00
2009.08.21 16:08:43.245,1.65045,1.6505,1.50,1.10
2009.08.21 16:08:43.575,1.65045,1.6505,9.10,1.60
2009.08.21 16:08:44.025,1.6505,1.6506,1.60,3.00
2009.08.21 16:08:44.425,1.65045,1.6505,8.60,1.00
2009.08.21 16:08:44.645,1.65045,1.6505,7.50,1.00
2009.08.21 16:08:44.755,1.65045,1.6505,7.50,1.00
2009.08.21 16:08:45.045,1.65045,1.6505,8.30,1.00
2009.08.21 16:08:45.375,1.65045,1.6505,3.10,1.00
2009.08.21 16:08:45.715,1.65045,1.6505,2.30,1.00
2009.08.21 16:08:46.224,1.65045,1.6505,1.50,1.00
2009.08.21 16:08:46.794,1.65045,1.6505,1.50,1.00
2009.08.21 16:08:47.194,1.65035,1.6504,15.30,1.00
2009.08.21 16:08:47.424,1.65035,1.6504,3.90,1.00
2009.08.21 16:08:47.654,1.65025,1.6503,23.30,1.00
2009.08.21 16:08:48.274,1.65025,1.6503,2.10,1.00
2009.08.21 16:08:48.654,1.65025,1.6503,2.10,1.00
2009.08.21 16:08:49.454,1.65025,1.6503,2.10,1.00
2009.08.21 16:08:53.082,1.65025,1.6503,2.10,1.00
2009.08.21 16:08:58.142,1.6503,1.65045,2.00,1.60
2009.08.21 16:08:58.491,1.6504,1.6505,4.40,1.00
2009.08.21 16:08:58.831,1.6504,1.6505,2.00,1.20
2009.08.21 16:09:00.831,1.65035,1.6504,10.90,1.00
2009.08.21 16:09:01.171,1.65045,1.6505,2.00,2.70
2009.08.21 16:09:02.061,1.6504,1.6505,2.00,1.70
2009.08.21 16:09:02.700,1.6504,1.6505,2.00,2.30
2009.08.21 16:09:03.180,1.65035,1.6504,8.90,1.00
2009.08.21 16:09:04.490,1.65045,1.6505,5.20,1.00
2009.08.21 16:09:04.880,1.65055,1.65065,2.80,1.00
2009.08.21 16:09:05.399,1.6506,1.6507,2.00,1.00
2009.08.21 16:09:05.870,1.65065,1.6507,2.00,1.00
2009.08.21 16:09:06.749,1.65065,1.6507,2.00,1.00
2009.08.21 16:09:07.319,1.6507,1.6508,1.00,9.00
2009.08.21 16:09:07.729,1.6507,1.6508,1.00,3.20
2009.08.21 16:09:08.609,1.6507,1.6508,2.10,4.00
2009.08.21 16:09:08.959,1.6507,1.6508,2.10,3.20
2009.08.21 16:09:09.849,1.65075,1.6508,1.00,3.20
2009.08.21 16:09:10.738,1.6508,1.65085,1.50,1.60
2009.08.21 16:09:11.208,1.65085,1.6509,2.00,4.30
2009.08.21 16:09:11.609,1.6509,1.65105,2.00,1.60
2009.08.21 16:09:12.128,1.6509,1.651,2.00,2.00
2009.08.21 16:09:12.468,1.6509,1.65105,1.10,4.40
2009.08.21 16:09:12.768,1.6509,1.65095,1.10,2.40
2009.08.21 16:09:13.028,1.6509,1.651,1.10,2.00
2009.08.21 16:09:13.378,1.65085,1.65105,7.00,2.40
2009.08.21 16:09:13.768,1.6508,1.6509,5.10,1.00
2009.08.21 16:09:14.168,1.65075,1.65095,2.70,2.40
2009.08.21 16:09:14.658,1.65085,1.6509,2.20,2.00
2009.08.21 16:09:15.057,1.65095,1.6511,2.00,4.80
2009.08.21 16:09:15.397,1.65095,1.65115,5.20,5.70
2009.08.21 16:09:15.667,1.65095,1.65115,1.60,8.20
2009.08.21 16:09:16.008,1.65095,1.6511,3.20,2.00
2009.08.21 16:09:16.287,1.65105,1.65115,1.60,1.00
2009.08.21 16:09:16.697,1.651,1.6512,2.00,7.70
2009.08.21 16:09:17.157,1.65105,1.6512,1.60,7.30
2009.08.21 16:09:17.677,1.65095,1.651,3.20,1.00
2009.08.21 16:09:18.087,1.6509,1.651,1.60,2.00
2009.08.21 16:09:18.317,1.6508,1.6509,3.60,1.00
2009.08.21 16:09:18.547,1.6508,1.6509,1.60,1.00
2009.08.21 16:09:19.216,1.65075,1.6509,5.20,1.00
2009.08.21 16:09:19.566,1.6508,1.6509,4.40,1.00
2009.08.21 16:09:19.916,1.6508,1.651,4.40,11.40
2009.08.21 16:09:20.706,1.65085,1.651,1.00,11.40
2009.08.21 16:09:21.186,1.6509,1.651,1.00,11.40
2009.08.21 16:09:21.296,1.6509,1.651,1.00,2.00
2009.08.21 16:09:21.686,1.6509,1.651,1.70,4.80
2009.08.21 16:09:21.976,1.6509,1.651,1.00,7.80
2009.08.21 16:09:22.266,1.6508,1.65085,1.70,2.00
2009.08.21 16:09:22.556,1.6508,1.6509,1.00,3.60
2009.08.21 16:09:22.836,1.6508,1.6509,1.00,2.00
2009.08.21 16:09:23.895,1.65075,1.6509,1.70,2.00
2009.08.21 16:09:26.375,1.6508,1.6509,1.00,2.00
2009.08.21 16:09:27.305,1.6508,1.6509,1.70,1.00
2009.08.21 16:09:27.634,1.65085,1.6509,1.00,1.00
2009.08.21 16:09:27.934,1.65085,1.65095,1.00,2.40
2009.08.21 16:09:28.274,1.6509,1.651,1.60,2.00
2009.08.21 16:09:28.614,1.6509,1.651,1.60,1.00
2009.08.21 16:09:29.994,1.65085,1.651,1.60,1.00
2009.08.21 16:09:30.223,1.65085,1.651,1.60,2.00
2009.08.21 16:09:31.144,1.6508,1.651,2.00,2.00
2009.08.21 16:09:34.183,1.65095,1.6511,2.40,7.80
2009.08.21 16:09:34.713,1.651,1.65115,2.00,2.40
2009.08.21 16:09:35.233,1.65095,1.65115,3.70,2.40
2009.08.21 16:09:36.702,1.65095,1.65115,3.70,2.70
2009.08.21 16:09:37.052,1.65095,1.65115,4.90,2.00
2009.08.21 16:09:37.112,1.65095,1.65115,7.70,2.00
2009.08.21 16:09:37.372,1.651,1.65115,2.00,2.00
2009.08.21 16:09:37.772,1.651,1.6512,2.00,6.10
2009.08.21 16:09:38.292,1.651,1.6512,2.00,2.00
2009.08.21 16:09:40.002,1.651,1.6512,2.00,4.90
2009.08.21 16:09:40.361,1.651,1.6512,2.00,2.00
2009.08.21 16:09:40.981,1.651,1.6512,3.70,2.00
2009.08.21 16:09:42.201,1.651,1.6512,3.70,5.20
2009.08.21 16:09:42.491,1.651,1.6512,3.70,6.10
2009.08.21 16:09:44.140,1.651,1.6512,6.10,6.50
2009.08.21 16:09:44.590,1.651,1.6512,8.10,6.50
2009.08.21 16:09:44.950,1.65105,1.6512,1.00,2.00
2009.08.21 16:09:45.300,1.65105,1.6512,1.00,1.00
2009.08.21 16:09:45.590,1.651,1.6512,13.10,2.00
2009.08.21 16:09:45.830,1.65105,1.6512,2.00,1.00
2009.08.21 16:09:50.089,1.65095,1.6511,2.00,1.00
2009.08.21 16:09:53.408,1.65095,1.6511,2.00,1.00
2009.08.21 16:09:53.918,1.65095,1.6511,2.00,2.20
2009.08.21 16:09:54.038,1.6509,1.65095,2.70,1.00
2009.08.21 16:09:54.268,1.65085,1.65095,7.20,1.60
2009.08.21 16:09:54.608,1.65085,1.651,2.00,1.50
2009.08.21 16:09:54.838,1.65085,1.651,2.00,1.00
2009.08.21 16:09:56.037,1.65085,1.6509,1.00,2.00
2009.08.21 16:09:56.318,1.65075,1.65085,1.60,2.00
2009.08.21 16:09:56.758,1.65065,1.6508,3.70,2.00
2009.08.21 16:09:57.047,1.65065,1.65085,4.90,3.60
2009.08.21 16:09:57.458,1.65065,1.65085,6.50,2.00
2009.08.21 16:09:57.957,1.6506,1.6508,4.40,6.40
2009.08.21 16:09:58.247,1.6506,1.65075,1.60,2.00
2009.08.21 16:09:58.627,1.65055,1.65075,8.50,2.00
2009.08.21 16:09:59.447,1.65055,1.6507,2.00,2.00
2009.08.21 16:09:59.797,1.65045,1.6507,9.10,2.00
2009.08.21 16:10:00.186,1.65045,1.6507,6.30,4.80
2009.08.21 16:10:00.527,1.6505,1.6507,2.00,4.80
2009.08.21 16:10:01.266,1.6506,1.6507,1.00,2.80
2009.08.21 16:10:01.616,1.6506,1.6507,2.70,2.00
2009.08.21 16:10:01.846,1.6505,1.65065,4.10,1.00
2009.08.21 16:10:02.176,1.65045,1.6507,8.50,4.80
2009.08.21 16:10:02.586,1.65045,1.6507,8.50,6.40
2009.08.21 16:10:02.986,1.6505,1.6507,4.00,4.00
2009.08.21 16:10:03.227,1.65055,1.6507,1.00,2.00
2009.08.21 16:10:03.636,1.65055,1.65075,6.10,2.00
2009.08.21 16:10:04.016,1.65055,1.65075,6.50,2.00
2009.08.21 16:10:04.526,1.6506,1.65075,1.00,2.00
2009.08.21 16:10:05.045,1.6505,1.65075,8.30,8.00
2009.08.21 16:10:05.395,1.6505,1.6507,3.60,2.00
2009.08.21 16:10:05.745,1.65055,1.6507,2.00,1.90
2009.08.21 16:10:06.255,1.6505,1.6507,3.70,3.00
2009.08.21 16:10:06.705,1.6505,1.65065,1.00,1.00
2009.08.21 16:10:07.035,1.6505,1.6507,3.30,2.00
2009.08.21 16:10:07.205,1.6505,1.6507,5.30,2.00
2009.08.21 16:10:07.375,1.6505,1.6507,6.90,2.00
2009.08.21 16:10:11.174,1.6505,1.6507,7.30,2.00
2009.08.21 16:10:11.744,1.6505,1.6507,6.70,2.00
2009.08.21 16:10:12.134,1.6505,1.6506,2.70,1.00
2009.08.21 16:10:12.464,1.6504,1.6506,7.90,2.00
2009.08.21 16:10:12.814,1.6504,1.6506,5.50,2.00
2009.08.21 16:10:13.154,1.65035,1.65055,7.90,2.00
2009.08.21 16:10:13.673,1.65035,1.65055,6.30,2.00
2009.08.21 16:10:14.573,1.65035,1.65055,4.70,2.00
2009.08.21 16:10:14.743,1.65035,1.65055,5.50,2.00
2009.08.21 16:10:15.743,1.65035,1.65055,5.10,2.00
2009.08.21 16:10:15.973,1.65035,1.65055,2.00,6.00
2009.08.21 16:10:16.362,1.6503,1.6505,6.70,2.00
2009.08.21 16:10:17.323,1.6503,1.6505,7.50,2.00
2009.08.21 16:10:17.792,1.65035,1.6505,1.00,2.00
2009.08.21 16:10:19.562,1.6503,1.6505,10.90,2.00
2009.08.21 16:10:20.771,1.6503,1.6504,9.30,1.00
2009.08.21 16:10:21.121,1.6503,1.6504,7.70,1.00
2009.08.21 16:10:21.521,1.6503,1.6504,7.70,1.00
2009.08.21 16:10:22.142,1.6503,1.6505,7.70,2.00
2009.08.21 16:10:22.381,1.6503,1.6505,9.00,2.00
2009.08.21 16:10:22.611,1.65035,1.6505,1.00,2.00
2009.08.21 16:10:23.011,1.6504,1.6505,1.00,1.60
2009.08.21 16:10:23.361,1.65045,1.6506,3.10,2.00
2009.08.21 16:10:23.721,1.65045,1.65065,6.70,2.00
2009.08.21 16:10:24.251,1.65055,1.65065,1.90,2.00
2009.08.21 16:10:24.581,1.65045,1.65065,11.60,2.40
2009.08.21 16:10:24.920,1.65045,1.6506,1.60,2.00
2009.08.21 16:10:25.440,1.6504,1.6506,8.80,2.00
2009.08.21 16:10:26.950,1.6504,1.6506,11.20,2.00
2009.08.21 16:10:27.470,1.6504,1.6506,11.30,2.00
2009.08.21 16:10:27.771,1.65045,1.6506,1.00,2.00
2009.08.21 16:10:28.550,1.65035,1.65055,9.60,2.00
2009.08.21 16:10:28.900,1.6504,1.65055,2.00,2.00
2009.08.21 16:10:29.299,1.6505,1.65065,4.90,1.60
2009.08.21 16:10:29.809,1.6505,1.6507,2.00,3.20
2009.08.21 16:10:30.339,1.6505,1.6506,2.00,8.00
2009.08.21 16:10:30.549,1.65035,1.65055,2.00,4.80
2009.08.21 16:10:31.689,1.6504,1.6506,2.00,7.60
2009.08.21 16:10:31.979,1.65045,1.6506,4.40,1.00
2009.08.21 16:10:32.309,1.6505,1.6507,2.00,3.00
2009.08.21 16:10:32.799,1.6505,1.6507,2.00,4.60
2009.08.21 16:10:32.859,1.65045,1.6507,10.90,2.00
2009.08.21 16:10:33.289,1.65045,1.6507,10.30,2.00
2009.08.21 16:10:33.799,1.6504,1.6506,6.30,2.00
2009.08.21 16:10:34.329,1.6504,1.65055,1.60,2.00
2009.08.21 16:10:34.668,1.65035,1.65055,9.50,2.00
2009.08.21 16:10:35.008,1.65035,1.65055,7.90,2.20
2009.08.21 16:10:35.338,1.65035,1.65055,7.90,2.30
2009.08.21 16:10:35.738,1.65035,1.6504,2.00,1.00
2009.08.21 16:10:38.108,1.6503,1.6505,8.00,2.00
2009.08.21 16:10:38.387,1.6503,1.6505,9.30,2.00
2009.08.21 16:10:40.807,1.6503,1.6505,9.30,3.60
2009.08.21 16:10:41.157,1.65035,1.6505,1.00,1.00
2009.08.21 16:10:41.687,1.65035,1.65055,1.00,10.10
2009.08.21 16:10:42.128,1.65035,1.65055,2.00,8.50
2009.08.21 16:10:43.776,1.65035,1.65055,2.00,9.30
2009.08.21 16:10:44.086,1.65035,1.65055,2.00,10.90
2009.08.21 16:10:44.986,1.65035,1.6505,1.10,2.00
2009.08.21 16:10:45.326,1.65035,1.6505,1.00,2.00
2009.08.21 16:10:45.656,1.65035,1.6505,1.40,2.00
2009.08.21 16:10:46.046,1.6503,1.6505,8.60,2.00
2009.08.21 16:10:51.904,1.6503,1.6505,9.00,2.00
2009.08.21 16:10:55.353,1.6503,1.6505,8.60,2.00
2009.08.21 16:10:55.873,1.6503,1.6505,8.20,2.00
2009.08.21 16:11:00.292,1.65035,1.6505,1.00,2.00
2009.08.21 16:11:01.032,1.65035,1.6505,1.40,2.00
2009.08.21 16:11:01.482,1.65035,1.6505,1.00,2.00
2009.08.21 16:11:01.832,1.65035,1.6505,1.10,2.00
2009.08.21 16:11:02.891,1.65035,1.6505,1.00,2.00
2009.08.21 16:11:03.062,1.65035,1.65055,1.00,9.90
2009.08.21 16:11:03.291,1.65035,1.6505,1.00,2.00
2009.08.21 16:11:04.221,1.65035,1.6505,1.00,2.10
2009.08.21 16:11:04.671,1.6503,1.6505,11.80,2.00
2009.08.21 16:11:05.291,1.65035,1.6505,1.00,2.00
2009.08.21 16:11:05.411,1.65035,1.6505,1.40,2.00
2009.08.21 16:11:05.631,1.65035,1.6505,1.00,2.00
2009.08.21 16:11:07.460,1.65035,1.6505,1.00,1.90
2009.08.21 16:11:07.810,1.65035,1.6505,1.00,2.00
2009.08.21 16:11:09.020,1.6503,1.6505,12.20,2.00
2009.08.21 16:11:09.370,1.6503,1.6505,11.80,2.00
2009.08.21 16:11:11.889,1.6503,1.6505,11.60,2.00
2009.08.21 16:11:11.949,1.6503,1.6505,12.00,2.00
2009.08.21 16:11:12.479,1.6503,1.6505,11.90,2.00
2009.08.21 16:11:12.539,1.6503,1.6505,11.60,2.00
2009.08.21 16:11:13.359,1.6503,1.6505,11.20,2.00
2009.08.21 16:11:13.769,1.65035,1.6505,1.00,2.00
2009.08.21 16:11:14.289,1.65035,1.6505,1.00,2.00
2009.08.21 16:11:14.399,1.65035,1.6505,1.00,1.00
2009.08.21 16:11:16.068,1.65035,1.6505,1.80,1.00
2009.08.21 16:11:16.508,1.65045,1.65055,1.00,7.20
2009.08.21 16:11:16.748,1.6505,1.65065,1.90,6.60
2009.08.21 16:11:16.969,1.65055,1.65075,1.00,5.20
2009.08.21 16:11:17.258,1.65055,1.65075,1.80,2.00
2009.08.21 16:11:17.758,1.65055,1.65075,2.30,2.10
2009.08.21 16:11:18.148,1.65055,1.6507,2.00,1.60
2009.08.21 16:11:18.478,1.65055,1.6507,1.90,2.00
2009.08.21 16:11:19.167,1.6506,1.65075,2.00,1.60
2009.08.21 16:11:19.628,1.6505,1.6507,13.20,2.00
2009.08.21 16:11:20.147,1.65055,1.6507,1.00,2.00
2009.08.21 16:11:20.497,1.65055,1.65075,6.70,2.00
2009.08.21 16:11:20.707,1.6506,1.6508,4.30,8.80
2009.08.21 16:11:21.107,1.6506,1.6508,4.50,3.60
2009.08.21 16:11:21.387,1.6507,1.6509,4.30,5.20
2009.08.21 16:11:21.737,1.6507,1.6509,5.90,2.00
2009.08.21 16:11:22.127,1.6507,1.6509,5.10,2.00
2009.08.21 16:11:22.607,1.65075,1.65095,1.00,7.20
2009.08.21 16:11:23.007,1.65085,1.651,2.30,2.00
2009.08.21 16:11:23.347,1.65085,1.65105,5.90,5.80
2009.08.21 16:11:24.206,1.65085,1.65105,5.90,5.60
2009.08.21 16:11:24.546,1.6509,1.65105,2.30,5.60
2009.08.21 16:11:24.896,1.6509,1.65105,1.00,5.60
2009.08.21 16:11:25.357,1.6509,1.65105,2.30,5.60
2009.08.21 16:11:25.656,1.6509,1.65105,1.50,5.60
2009.08.21 16:11:26.026,1.65085,1.6509,1.30,7.60
2009.08.21 16:11:26.196,1.6508,1.65085,3.70,2.00
2009.08.21 16:11:26.886,1.65085,1.65095,2.00,4.00
2009.08.21 16:11:27.235,1.6508,1.651,2.00,2.80
2009.08.21 16:11:27.626,1.6508,1.6509,2.00,1.00
2009.08.21 16:11:27.865,1.65075,1.6509,2.00,1.00
2009.08.21 16:11:28.205,1.65075,1.65095,2.00,2.30
2009.08.21 16:11:29.235,1.6507,1.65095,5.10,4.60
2009.08.21 16:11:29.575,1.6507,1.6509,3.10,2.00
2009.08.21 16:11:29.915,1.65075,1.6509,2.00,1.80
2009.08.21 16:11:29.975,1.65075,1.6509,3.60,1.00
2009.08.21 16:11:30.455,1.6507,1.6509,3.10,1.00
2009.08.21 16:11:31.495,1.65075,1.6509,1.00,1.00
2009.08.21 16:11:32.024,1.65075,1.65095,1.50,2.00
2009.08.21 16:11:32.494,1.6508,1.65095,1.50,2.00
2009.08.21 16:11:32.674,1.65085,1.651,1.60,2.00
2009.08.21 16:11:32.844,1.65085,1.65105,3.50,8.90
2009.08.21 16:11:33.374,1.65095,1.651,2.00,1.00
2009.08.21 16:11:33.554,1.65095,1.651,2.00,1.00
2009.08.21 16:11:33.774,1.65095,1.651,1.60,1.00
2009.08.21 16:11:34.124,1.651,1.6511,1.00,1.30
2009.08.21 16:11:34.484,1.651,1.6511,5.10,1.30
2009.08.21 16:11:34.834,1.651,1.6511,5.30,1.00
2009.08.21 16:11:35.244,1.651,1.6511,5.30,1.00
2009.08.21 16:11:35.594,1.65105,1.6512,1.60,3.60
2009.08.21 16:11:35.884,1.6511,1.65125,1.60,8.30
2009.08.21 16:11:36.324,1.65105,1.65125,1.60,6.50
2009.08.21 16:11:36.903,1.651,1.65105,13.70,3.20
2009.08.21 16:11:37.083,1.65095,1.651,7.60,2.00
2009.08.21 16:11:37.373,1.65095,1.651,3.20,6.00
2009.08.21 16:11:37.543,1.65075,1.65095,6.30,2.00
2009.08.21 16:11:37.773,1.65075,1.65095,8.90,6.00
2009.08.21 16:11:38.233,1.65075,1.6509,1.00,5.20
2009.08.21 16:11:38.573,1.65075,1.6509,1.00,5.60
2009.08.21 16:11:38.913,1.65085,1.65095,4.00,3.20
2009.08.21 16:11:39.193,1.6509,1.651,2.00,4.50
2009.08.21 16:11:39.693,1.6509,1.651,2.00,1.00
2009.08.21 16:11:39.983,1.6509,1.651,1.60,1.00
2009.08.21 16:11:40.383,1.65075,1.65095,4.00,2.40
2009.08.21 16:11:40.732,1.65075,1.6509,1.60,2.00
2009.08.21 16:11:41.072,1.6507,1.6509,9.50,2.00
2009.08.21 16:11:42.402,1.6507,1.6509,9.10,2.00
2009.08.21 16:11:42.522,1.6507,1.65095,9.10,2.00
2009.08.21 16:11:42.642,1.6507,1.6509,9.10,2.00
2009.08.21 16:11:42.982,1.6507,1.65085,8.30,4.80
2009.08.21 16:11:43.102,1.6507,1.6508,3.20,2.00
2009.08.21 16:11:43.281,1.6507,1.6508,1.60,4.80
2009.08.21 16:11:43.751,1.65055,1.65075,5.20,6.80
2009.08.21 16:11:44.202,1.65065,1.6507,2.00,24.70
2009.08.21 16:11:44.491,1.6506,1.65065,7.60,12.70
2009.08.21 16:11:44.891,1.6506,1.65065,7.60,12.30
2009.08.21 16:11:45.231,1.65025,1.6506,6.10,8.00
2009.08.21 16:11:46.411,1.65035,1.6506,6.50,8.00
2009.08.21 16:11:46.751,1.6504,1.6506,1.00,5.60
2009.08.21 16:11:46.921,1.6504,1.6506,5.50,5.20
2009.08.21 16:11:48.770,1.6504,1.65055,2.00,2.00
2009.08.21 16:11:48.880,1.6504,1.65055,1.00,2.00
2009.08.21 16:11:49.390,1.65035,1.65055,6.70,2.00
2009.08.21 16:11:49.851,1.6505,1.6506,2.00,3.20
2009.08.21 16:11:50.391,1.6504,1.65045,2.00,2.40
2009.08.21 16:11:50.840,1.6503,1.6504,2.40,6.00
2009.08.21 16:11:51.180,1.6502,1.6503,1.70,1.60
2009.08.21 16:11:51.540,1.6502,1.65035,1.00,3.60
2009.08.21 16:11:51.890,1.6502,1.65035,1.00,5.60
2009.08.21 16:11:52.239,1.6502,1.65035,1.00,3.60
2009.08.21 16:11:52.699,1.65025,1.65035,1.00,3.60
2009.08.21 16:11:54.639,1.65025,1.65035,1.00,4.00
2009.08.21 16:11:57.119,1.6502,1.65035,1.00,6.00
2009.08.21 16:11:57.469,1.6502,1.65035,1.00,7.60
2009.08.21 16:11:59.009,1.6501,1.6503,5.70,3.20
2009.08.21 16:11:59.569,1.6501,1.6503,4.10,3.60
2009.08.21 16:12:00.188,1.6501,1.6503,4.10,3.20
2009.08.21 16:12:00.539,1.6501,1.6503,4.10,3.60
2009.08.21 16:12:01.118,1.6501,1.6503,4.10,3.20
2009.08.21 16:12:01.448,1.65015,1.6503,1.00,3.60
2009.08.21 16:12:01.898,1.65015,1.6503,1.00,5.60
2009.08.21 16:12:02.258,1.6501,1.6503,4.10,5.60
2009.08.21 16:12:02.429,1.6501,1.6503,4.10,3.20
2009.08.21 16:12:04.417,1.6501,1.6503,4.10,3.60
2009.08.21 16:12:05.917,1.65005,1.6501,2.00,2.00
2009.08.21 16:12:06.087,1.65005,1.6501,2.00,2.10
2009.08.21 16:12:06.447,1.6501,1.65025,2.00,4.00
2009.08.21 16:12:06.737,1.65015,1.65025,2.00,1.90
2009.08.21 16:12:06.967,1.65015,1.6502,2.00,1.00
2009.08.21 16:12:07.197,1.65015,1.6503,2.00,1.00
2009.08.21 16:12:07.257,1.65015,1.65035,2.80,1.60
2009.08.21 16:12:07.317,1.65015,1.6504,2.00,7.60
2009.08.21 16:12:07.567,1.6502,1.6504,2.00,5.40
2009.08.21 16:12:07.687,1.6502,1.6504,2.00,7.00
2009.08.21 16:12:07.917,1.65025,1.6504,2.00,7.00
2009.08.21 16:12:10.226,1.6503,1.65035,1.60,2.40
2009.08.21 16:12:10.736,1.65015,1.6502,3.90,1.00
2009.08.21 16:12:10.966,1.65015,1.65025,1.00,3.10
2009.08.21 16:12:11.306,1.65015,1.6502,1.00,2.40
2009.08.21 16:12:12.446,1.65015,1.6502,1.00,2.90
2009.08.21 16:12:12.555,1.65015,1.6502,1.00,2.40
2009.08.21 16:12:12.726,1.65015,1.65025,1.00,3.00
2009.08.21 16:12:13.036,1.65015,1.65025,1.00,2.60
2009.08.21 16:12:13.667,1.65015,1.6502,1.00,1.00
2009.08.21 16:12:14.705,1.6502,1.6503,1.00,5.40
2009.08.21 16:12:14.995,1.6502,1.6503,1.00,2.20
2009.08.21 16:12:15.275,1.6502,1.6503,2.00,1.00
2009.08.21 16:12:15.925,1.6502,1.6503,3.70,1.00
2009.08.21 16:12:17.124,1.65025,1.6503,1.00,1.00
2009.08.21 16:12:20.544,1.65025,1.65035,1.00,1.60
2009.08.21 16:12:26.282,1.6502,1.65035,2.00,1.60
2009.08.21 16:12:26.512,1.6502,1.6503,2.00,3.80
2009.08.21 16:12:26.802,1.6502,1.6503,1.00,4.60
2009.08.21 16:12:29.281,1.6502,1.6503,1.00,3.20
2009.08.21 16:12:29.841,1.6502,1.6503,2.00,3.20
2009.08.21 16:12:31.311,1.6502,1.6503,2.00,3.90
2009.08.21 16:12:32.271,1.6502,1.6503,2.00,4.00
2009.08.21 16:12:32.561,1.6502,1.6503,2.10,4.00
2009.08.21 16:12:33.580,1.6502,1.6503,4.10,1.80
2009.08.21 16:12:34.090,1.6502,1.6504,2.10,7.10
2009.08.21 16:12:34.370,1.6502,1.6504,3.90,6.90
2009.08.21 16:12:35.860,1.65025,1.6504,1.00,6.90
2009.08.21 16:12:36.710,1.6503,1.65035,1.00,2.00
2009.08.21 16:12:37.070,1.65035,1.6505,3.10,3.60
2009.08.21 16:12:37.189,1.6504,1.65045,2.00,1.60
2009.08.21 16:12:37.689,1.6504,1.6506,2.00,2.00
2009.08.21 16:12:39.239,1.6504,1.6506,8.00,2.00
2009.08.21 16:12:39.409,1.6504,1.6506,3.60,4.40
2009.08.21 16:12:40.009,1.6504,1.6506,2.00,5.90
2009.08.21 16:12:40.509,1.6504,1.6506,2.00,8.70
2009.08.21 16:12:41.368,1.6504,1.6506,2.00,10.30
2009.08.21 16:12:44.178,1.6503,1.65055,2.00,10.00
2009.08.21 16:12:45.267,1.6503,1.65055,2.00,10.80
2009.08.21 16:12:45.828,1.65025,1.6505,2.00,7.60
2009.08.21 16:12:46.167,1.6502,1.65045,10.90,2.00
2009.08.21 16:12:46.567,1.6502,1.6504,3.60,1.00
2009.08.21 16:12:47.027,1.6502,1.6504,2.00,3.60
2009.08.21 16:12:47.497,1.6502,1.6504,2.00,5.20
2009.08.21 16:12:49.966,1.6502,1.6504,2.00,6.80
2009.08.21 16:12:54.855,1.65035,1.65045,1.00,3.20
2009.08.21 16:12:55.247,1.6505,1.65055,2.00,14.00
2009.08.21 16:12:55.465,1.6505,1.6506,2.00,4.40
2009.08.21 16:12:55.755,1.6505,1.65065,2.00,6.80
2009.08.21 16:12:55.965,1.6505,1.6506,1.60,2.00
2009.08.21 16:12:56.255,1.6504,1.6506,2.00,2.00
2009.08.21 16:12:59.234,1.6504,1.65055,1.00,2.00
2009.08.21 16:13:00.424,1.6504,1.65055,1.00,2.00
2009.08.21 16:13:00.944,1.6504,1.65055,1.00,4.40
2009.08.21 16:13:01.454,1.65035,1.65045,1.60,2.00
2009.08.21 16:13:01.924,1.6503,1.6505,2.00,5.60
2009.08.21 16:13:02.384,1.65025,1.65045,2.00,2.00
2009.08.21 16:13:11.591,1.65035,1.65045,1.00,2.00
2009.08.21 16:13:12.371,1.65025,1.65045,2.00,3.20
2009.08.21 16:13:12.731,1.65015,1.65035,5.60,2.00
2009.08.21 16:13:13.291,1.65015,1.65035,2.00,3.20
2009.08.21 16:13:13.791,1.65015,1.65035,2.00,2.40
2009.08.21 16:13:14.261,1.6502,1.65035,2.00,2.40
2009.08.21 16:13:14.951,1.6502,1.65035,2.00,1.60
2009.08.21 16:13:15.810,1.6502,1.6504,2.00,6.80
2009.08.21 16:13:19.189,1.6502,1.6504,2.00,7.20
2009.08.21 16:13:20.669,1.6502,1.6504,2.00,6.80
2009.08.21 16:13:21.059,1.6502,1.6504,2.00,5.20
2009.08.21 16:13:21.939,1.6502,1.65035,1.70,2.00
2009.08.21 16:13:22.049,1.6502,1.65035,1.60,2.00
2009.08.21 16:13:22.109,1.65015,1.65035,4.70,2.00
2009.08.21 16:13:22.399,1.6502,1.65035,1.00,2.00
2009.08.21 16:13:22.749,1.65015,1.65035,4.70,2.00
2009.08.21 16:13:22.859,1.6502,1.65035,1.00,2.00
2009.08.21 16:13:27.097,1.65015,1.65035,4.90,2.00
2009.08.21 16:13:27.217,1.6502,1.65035,1.00,2.00
2009.08.21 16:13:27.567,1.65015,1.65035,2.00,2.00
2009.08.21 16:13:27.907,1.65015,1.6503,2.00,1.60
2009.08.21 16:13:28.078,1.65015,1.65025,2.00,1.60
2009.08.21 16:13:29.757,1.6503,1.65035,2.00,3.20
2009.08.21 16:13:30.667,1.6502,1.65035,2.00,3.20
2009.08.21 16:13:31.127,1.65015,1.65035,3.70,3.20
2009.08.21 16:13:31.486,1.65015,1.65035,4.00,3.20
2009.08.21 16:13:31.776,1.6502,1.65035,2.00,3.20
2009.08.21 16:13:35.006,1.65015,1.65035,3.60,4.00
2009.08.21 16:13:35.236,1.65015,1.65035,3.60,4.40
2009.08.21 16:13:35.585,1.65015,1.6503,2.00,3.20
2009.08.21 16:13:35.855,1.65015,1.6503,2.00,4.40
2009.08.21 16:13:36.266,1.6501,1.65025,3.10,3.20
2009.08.21 16:13:40.005,1.65005,1.6501,5.20,3.60
2009.08.21 16:13:40.404,1.64985,1.6501,6.90,6.80
2009.08.21 16:13:40.744,1.64985,1.65005,4.70,1.60
2009.08.21 16:13:41.084,1.64985,1.65005,1.10,6.40
2009.08.21 16:13:41.555,1.6498,1.65,9.30,1.60
2009.08.21 16:13:42.064,1.64985,1.65,2.00,3.20
2009.08.21 16:13:44.004,1.6498,1.6499,2.00,3.20
2009.08.21 16:13:44.514,1.6497,1.6499,3.10,5.20
2009.08.21 16:13:44.863,1.6497,1.6498,3.30,2.00
2009.08.21 16:13:45.213,1.64965,1.6498,1.00,2.00
2009.08.21 16:13:47.933,1.64965,1.6498,1.00,5.20
2009.08.21 16:13:49.482,1.64965,1.6498,1.50,5.20
2009.08.21 16:13:49.822,1.64965,1.6498,1.50,3.20
2009.08.21 16:13:51.812,1.64965,1.6498,1.90,3.20
2009.08.21 16:13:52.141,1.64965,1.6498,2.00,1.60
2009.08.21 16:13:52.431,1.64965,1.6498,2.00,1.70
2009.08.21 16:13:54.101,1.64965,1.64985,3.00,9.70
2009.08.21 16:13:54.382,1.64965,1.6498,4.90,1.60
2009.08.21 16:13:54.731,1.64965,1.6498,6.50,1.60
2009.08.21 16:13:55.071,1.64965,1.6498,2.00,1.60
2009.08.21 16:13:56.900,1.64965,1.6498,2.00,1.70
2009.08.21 16:14:00.110,1.6498,1.6499,1.60,2.00
2009.08.21 16:14:00.750,1.6497,1.64995,3.10,6.80
2009.08.21 16:14:01.119,1.6497,1.64995,5.10,5.60
2009.08.21 16:14:02.979,1.6497,1.6499,5.10,1.60
2009.08.21 16:14:03.619,1.6497,1.6499,4.70,1.60
2009.08.21 16:14:03.909,1.6497,1.6499,2.00,3.60
2009.08.21 16:14:06.598,1.6497,1.6499,2.00,6.00
2009.08.21 16:14:06.898,1.6497,1.6499,1.60,8.00
2009.08.21 16:14:07.368,1.64965,1.6499,6.50,8.00
2009.08.21 16:14:07.988,1.64965,1.6499,5.90,12.00
2009.08.21 16:14:08.098,1.64965,1.64985,2.00,1.00
2009.08.21 16:14:11.267,1.64965,1.64985,2.00,3.60
2009.08.21 16:14:12.927,1.64975,1.64985,1.00,3.60
2009.08.21 16:14:13.167,1.64985,1.6499,2.00,5.60
2009.08.21 16:14:13.286,1.64985,1.6499,2.00,6.00
2009.08.21 16:14:13.396,1.64985,1.6499,2.00,8.10
2009.08.21 16:14:13.976,1.64985,1.6499,1.60,10.10
2009.08.21 16:14:14.326,1.64965,1.6499,7.30,11.70
2009.08.21 16:14:17.525,1.64965,1.6499,8.90,10.10
2009.08.21 16:14:17.645,1.64965,1.6499,9.10,11.30
2009.08.21 16:14:17.905,1.64965,1.6499,7.50,9.70
2009.08.21 16:14:18.125,1.6497,1.6499,2.00,7.70
2009.08.21 16:14:18.245,1.6497,1.6499,2.00,6.10
2009.08.21 16:14:18.815,1.6497,1.6499,2.10,6.10
2009.08.21 16:14:19.695,1.6497,1.6499,3.90,6.10
2009.08.21 16:14:20.894,1.64975,1.6499,2.00,1.60
2009.08.21 16:14:21.294,1.64975,1.6499,2.00,2.50
2009.08.21 16:14:21.654,1.64975,1.6499,2.00,2.40
2009.08.21 16:14:22.004,1.64975,1.6499,2.00,2.50
2009.08.21 16:14:22.464,1.64975,1.6499,2.00,4.90
2009.08.21 16:14:22.814,1.6497,1.6499,3.70,4.90
2009.08.21 16:14:24.743,1.6497,1.6499,3.70,6.90
2009.08.21 16:14:32.352,1.64975,1.6499,2.00,4.80
2009.08.21 16:14:32.702,1.64975,1.6499,2.00,2.40
2009.08.21 16:14:32.932,1.64975,1.6499,2.00,2.50
2009.08.21 16:14:33.322,1.64975,1.6499,2.00,2.40
2009.08.21 16:14:33.381,1.64975,1.6499,2.00,2.50
2009.08.21 16:14:34.261,1.6498,1.6499,2.00,2.00
2009.08.21 16:14:34.481,1.64985,1.64995,1.40,1.60
2009.08.21 16:14:34.881,1.64985,1.65,4.30,4.90
2009.08.21 16:14:35.231,1.6499,1.6501,2.00,2.00
2009.08.21 16:14:35.731,1.6499,1.65015,6.10,6.40
2009.08.21 16:14:36.071,1.64995,1.65015,2.00,4.40
2009.08.21 16:14:36.551,1.65,1.65015,2.00,4.00
2009.08.21 16:14:37.071,1.64995,1.65015,2.40,4.00
2009.08.21 16:14:37.481,1.65,1.6502,2.00,10.40
2009.08.21 16:14:37.711,1.65,1.6502,2.00,4.40
2009.08.21 16:14:37.940,1.65,1.6502,2.00,4.80
2009.08.21 16:14:38.440,1.65,1.6501,2.00,4.00
2009.08.21 16:14:38.620,1.65,1.6501,1.60,6.00
2009.08.21 16:14:38.980,1.64985,1.6501,7.10,10.00
2009.08.21 16:14:40.390,1.64985,1.6501,7.10,8.90
2009.08.21 16:14:40.840,1.64985,1.65005,7.10,2.00
2009.08.21 16:14:46.328,1.64985,1.65005,7.10,3.20
2009.08.21 16:14:46.678,1.6499,1.6501,1.20,2.00
2009.08.21 16:14:47.068,1.6499,1.6501,5.90,2.00
2009.08.21 16:14:48.408,1.6499,1.6501,6.10,2.00
2009.08.21 16:14:49.908,1.6499,1.65005,6.10,1.00
2009.08.21 16:14:51.177,1.6499,1.65015,6.10,14.50
2009.08.21 16:14:51.687,1.6499,1.6501,6.10,4.10
2009.08.21 16:14:52.267,1.65005,1.6501,2.00,1.60
2009.08.21 16:14:52.427,1.65,1.6502,2.30,2.00
2009.08.21 16:14:52.777,1.65,1.65025,5.90,5.70
2009.08.21 16:14:52.947,1.65,1.65025,5.90,5.30
2009.08.21 16:14:53.976,1.65,1.65025,5.90,6.90
2009.08.21 16:14:54.346,1.65,1.65025,5.90,7.70
2009.08.21 16:14:55.206,1.65,1.6502,5.90,2.40
2009.08.21 16:14:55.436,1.65005,1.6502,1.00,2.40
2009.08.21 16:14:55.717,1.65005,1.6502,5.90,2.50
2009.08.21 16:14:56.166,1.65005,1.6502,1.60,2.00
2009.08.21 16:14:56.666,1.65005,1.6502,4.30,2.40
2009.08.21 16:14:57.006,1.65005,1.6502,5.90,2.40
2009.08.21 16:14:57.696,1.65005,1.6502,2.00,2.40
2009.08.21 16:14:58.315,1.65005,1.6502,1.60,2.40
2009.08.21 16:14:58.625,1.65,1.6502,5.90,2.40
2009.08.21 16:14:58.896,1.65,1.6502,6.30,2.40
2009.08.21 16:14:59.415,1.65,1.65025,6.30,8.00
2009.08.21 16:14:59.755,1.65005,1.65025,6.10,2.00
2009.08.21 16:15:00.415,1.65005,1.65025,7.30,2.00
2009.08.21 16:15:01.055,1.65005,1.65025,7.70,2.00
2009.08.21 16:15:02.254,1.65015,1.65035,7.50,5.30
2009.08.21 16:15:03.774,1.65015,1.65035,7.70,5.30
2009.08.21 16:15:09.193,1.65015,1.65035,6.90,5.30
2009.08.21 16:15:14.162,1.65025,1.65045,1.60,9.60
2009.08.21 16:15:14.511,1.6502,1.6504,2.00,1.00
2009.08.21 16:15:14.861,1.65025,1.6504,2.00,1.00
2009.08.21 16:15:15.202,1.65025,1.65045,2.00,5.60
2009.08.21 16:15:19.091,1.65025,1.6504,2.00,1.00
2009.08.21 16:15:19.441,1.6502,1.6504,2.00,2.40
2009.08.21 16:15:19.840,1.6502,1.6504,2.00,1.00
2009.08.21 16:15:20.141,1.6502,1.6504,2.00,2.40
2009.08.21 16:15:20.760,1.6502,1.6504,1.00,2.40
2009.08.21 16:15:21.450,1.6502,1.6504,2.00,6.50
2009.08.21 16:15:22.310,1.6502,1.6504,1.60,6.50
2009.08.21 16:15:22.550,1.65015,1.6504,6.50,8.10
2009.08.21 16:15:23.469,1.65015,1.6504,6.50,6.50
2009.08.21 16:15:24.069,1.65015,1.6504,6.50,11.30
2009.08.21 16:15:24.419,1.65015,1.6504,5.50,9.70
2009.08.21 16:15:27.309,1.65015,1.6504,5.70,11.20
2009.08.21 16:15:27.478,1.65015,1.6504,5.70,5.60
2009.08.21 16:15:27.708,1.6502,1.6504,4.40,7.60
2009.08.21 16:15:27.938,1.6502,1.65035,4.40,1.00
2009.08.21 16:15:29.848,1.6502,1.65035,4.50,1.00
2009.08.21 16:15:30.208,1.6502,1.65035,1.70,2.00
2009.08.21 16:15:30.438,1.6502,1.65035,1.00,2.00
2009.08.21 16:15:31.937,1.6502,1.65035,4.50,2.00
2009.08.21 16:15:35.856,1.65015,1.65035,5.80,2.00
2009.08.21 16:15:36.206,1.65015,1.65035,2.40,2.00
2009.08.21 16:15:36.546,1.65015,1.65035,5.10,2.00
2009.08.21 16:15:36.936,1.6502,1.65035,1.00,2.00
2009.08.21 16:15:37.176,1.65015,1.65035,2.50,2.00
2009.08.21 16:15:37.456,1.6502,1.6504,2.00,8.40
2009.08.21 16:15:46.084,1.65015,1.65035,2.00,5.60
2009.08.21 16:15:46.604,1.65015,1.65035,2.00,8.40
2009.08.21 16:15:48.903,1.65015,1.65035,2.00,10.40
2009.08.21 16:15:50.953,1.65015,1.65035,2.00,6.80
2009.08.21 16:15:51.133,1.65015,1.65035,2.00,2.00
2009.08.21 16:15:51.663,1.6502,1.6504,2.00,8.40
2009.08.21 16:15:52.352,1.6503,1.6504,4.40,4.80
2009.08.21 16:15:52.523,1.6503,1.6504,4.40,2.40
2009.08.21 16:15:52.702,1.6502,1.6504,2.40,2.00
2009.08.21 16:15:53.462,1.6502,1.6504,2.40,4.40
2009.08.21 16:15:53.572,1.6502,1.6504,2.40,5.20
2009.08.21 16:15:55.872,1.65035,1.65045,2.00,3.20
2009.08.21 16:15:56.162,1.6505,1.65055,2.00,14.90
2009.08.21 16:15:56.401,1.6505,1.65055,2.00,10.00
2009.08.21 16:15:56.691,1.65045,1.6505,7.60,1.20
2009.08.21 16:15:56.981,1.65025,1.65045,3.60,2.00
2009.08.21 16:15:57.622,1.65025,1.65045,5.60,2.00
2009.08.21 16:15:57.731,1.65025,1.65045,3.60,2.80
2009.08.21 16:15:58.061,1.65025,1.65045,2.00,4.80
2009.08.21 16:15:58.481,1.65025,1.65045,2.00,2.00
2009.08.21 16:15:58.592,1.65025,1.65045,2.00,5.60
2009.08.21 16:15:58.651,1.6502,1.6504,5.50,2.00
2009.08.21 16:15:59.151,1.65025,1.6504,1.80,2.00
2009.08.21 16:15:59.501,1.6503,1.65045,1.00,2.00
2009.08.21 16:15:59.851,1.65045,1.6505,5.60,3.20
2009.08.21 16:16:00.081,1.6505,1.65055,2.00,10.10
2009.08.21 16:16:00.201,1.65045,1.6505,7.60,1.70
2009.08.21 16:16:00.260,1.65045,1.6505,7.60,1.30
2009.08.21 16:16:00.381,1.65045,1.6505,7.60,2.90
2009.08.21 16:16:00.440,1.65045,1.6505,7.60,3.70
2009.08.21 16:16:00.500,1.65045,1.6505,7.60,4.00
2009.08.21 16:16:00.661,1.6505,1.65055,1.60,13.70
2009.08.21 16:16:00.720,1.65035,1.6505,2.40,7.60
2009.08.21 16:16:01.191,1.65035,1.6505,2.40,6.00
2009.08.21 16:16:01.540,1.65035,1.6505,2.40,4.40
2009.08.21 16:16:01.930,1.65035,1.6505,2.50,4.80
2009.08.21 16:16:06.149,1.6504,1.6505,1.00,2.80
2009.08.21 16:16:07.019,1.6504,1.6505,1.00,2.00
2009.08.21 16:16:09.479,1.6504,1.6505,1.00,2.80
2009.08.21 16:16:15.797,1.6504,1.6505,1.00,2.00
2009.08.21 16:16:24.135,1.6503,1.65045,2.00,1.00
2009.08.21 16:16:24.305,1.6503,1.6505,2.00,14.00
2009.08.21 16:16:24.355,1.6503,1.65045,1.70,2.00
2009.08.21 16:16:24.875,1.6503,1.65045,1.00,2.00
2009.08.21 16:16:25.275,1.65035,1.6505,5.40,2.00
2009.08.21 16:16:25.715,1.6504,1.65055,1.00,2.80
2009.08.21 16:16:26.064,1.65035,1.6505,5.70,2.00
2009.08.21 16:16:26.464,1.65035,1.65055,6.00,3.60
2009.08.21 16:16:26.934,1.65035,1.65055,6.00,2.00
2009.08.21 16:16:27.764,1.6504,1.65055,1.00,2.00
2009.08.21 16:16:30.613,1.65045,1.65055,1.00,2.00
2009.08.21 16:16:40.281,1.6505,1.6507,3.20,2.00
2009.08.21 16:16:40.621,1.6505,1.6507,5.20,2.00
2009.08.21 16:16:41.352,1.6505,1.6507,3.60,2.00
2009.08.21 16:16:41.581,1.6505,1.6507,2.00,8.80
2009.08.21 16:16:41.811,1.65045,1.65065,6.90,2.80
2009.08.21 16:16:42.031,1.65045,1.65065,3.10,2.00
2009.08.21 16:16:42.210,1.65045,1.65065,1.50,2.00
2009.08.21 16:16:46.719,1.65045,1.65065,4.90,2.00
2009.08.21 16:16:47.009,1.65045,1.6507,6.90,2.90
2009.08.21 16:16:47.410,1.65045,1.6507,6.90,2.80
2009.08.21 16:16:48.509,1.65045,1.65065,2.00,5.20
2009.08.21 16:16:48.799,1.65045,1.6506,2.00,1.60
2009.08.21 16:16:49.139,1.65035,1.65055,8.50,2.00
2009.08.21 16:16:49.410,1.6504,1.65055,1.00,2.00
2009.08.21 16:16:51.369,1.65035,1.65055,6.80,2.00
2009.08.21 16:16:52.988,1.65035,1.65055,9.20,2.00
2009.08.21 16:16:53.688,1.65035,1.65055,9.30,2.00
2009.08.21 16:16:53.968,1.6504,1.65055,1.00,2.00
2009.08.21 16:16:56.027,1.65045,1.65055,1.00,2.00
2009.08.21 16:16:59.436,1.6504,1.65055,1.00,2.00
2009.08.21 16:17:01.686,1.6504,1.65055,6.50,2.00
2009.08.21 16:17:01.976,1.65045,1.65055,1.00,2.00
2009.08.21 16:17:04.545,1.6504,1.65055,2.10,2.00
2009.08.21 16:17:05.177,1.6504,1.65055,2.00,2.00
2009.08.21 16:17:06.934,1.65045,1.65055,1.00,2.00
2009.08.21 16:17:18.792,1.6504,1.6505,1.00,1.00
2009.08.21 16:17:19.072,1.6504,1.65055,1.00,2.90
2009.08.21 16:17:19.302,1.6504,1.65055,1.00,2.40
2009.08.21 16:17:20.541,1.65035,1.65055,4.50,2.40
2009.08.21 16:17:21.051,1.65035,1.65055,2.10,2.40
2009.08.21 16:17:21.721,1.65035,1.65055,4.50,2.40
2009.08.21 16:17:22.221,1.65035,1.65055,4.50,2.00
2009.08.21 16:17:25.591,1.6504,1.65055,4.50,2.00
2009.08.21 16:17:25.830,1.6504,1.65055,2.90,2.00
2009.08.21 16:17:26.360,1.65045,1.6506,2.00,3.60
2009.08.21 16:17:26.860,1.6505,1.6506,1.00,2.00
2009.08.21 16:17:27.340,1.65045,1.65055,1.00,2.00
2009.08.21 16:17:38.157,1.65045,1.6506,1.00,3.60
2009.08.21 16:17:38.448,1.65045,1.6506,1.00,2.00
2009.08.21 16:17:45.295,1.6505,1.6506,1.00,2.00
2009.08.21 16:17:46.745,1.65055,1.6506,1.00,2.00
2009.08.21 16:17:50.994,1.65055,1.65065,1.00,2.00
2009.08.21 16:17:51.454,1.65055,1.6506,1.00,2.00
2009.08.21 16:17:52.334,1.6505,1.6506,1.00,2.00
2009.08.21 16:17:53.764,1.65055,1.6506,1.00,2.00
2009.08.21 16:17:54.633,1.65055,1.65065,1.00,4.00
2009.08.21 16:17:55.163,1.65055,1.65065,1.00,2.00
2009.08.21 16:17:56.713,1.65055,1.6506,1.00,2.00
2009.08.21 16:17:58.312,1.65045,1.65055,1.00,2.00
2009.08.21 16:17:58.712,1.6504,1.65055,1.00,2.00
2009.08.21 16:17:59.112,1.6504,1.6506,6.50,4.00
2009.08.21 16:17:59.442,1.65045,1.6506,2.00,2.00
2009.08.21 16:18:00.602,1.6505,1.6506,1.00,2.00
2009.08.21 16:18:04.082,1.6504,1.6506,6.90,2.00
2009.08.21 16:18:04.421,1.6504,1.6506,5.30,2.00
2009.08.21 16:18:04.801,1.65045,1.6506,2.40,2.00
2009.08.21 16:18:05.142,1.6504,1.6506,5.30,2.00
2009.08.21 16:18:06.731,1.65045,1.6506,2.40,2.00
2009.08.21 16:18:07.240,1.65045,1.6506,2.50,2.00
2009.08.21 16:18:07.590,1.6505,1.6506,1.00,2.00
2009.08.21 16:18:08.730,1.6505,1.65065,1.00,5.20
2009.08.21 16:18:09.030,1.6505,1.65065,1.00,3.60
2009.08.21 16:18:14.908,1.6504,1.65065,14.50,3.60
2009.08.21 16:18:15.248,1.6504,1.65065,12.90,3.60
2009.08.21 16:18:16.948,1.6504,1.65065,12.50,3.60
2009.08.21 16:18:20.897,1.6504,1.6506,12.50,1.90
2009.08.21 16:18:21.417,1.6504,1.6506,10.50,2.00
2009.08.21 16:18:21.767,1.6504,1.6506,7.30,2.40
2009.08.21 16:18:22.106,1.6504,1.6506,2.00,10.00
2009.08.21 16:18:22.456,1.65035,1.65055,5.60,2.00
2009.08.21 16:18:23.216,1.65035,1.65055,10.20,2.00
2009.08.21 16:18:23.616,1.6504,1.65055,2.00,2.00
2009.08.21 16:18:24.026,1.6504,1.6506,2.00,2.00
2009.08.21 16:18:24.376,1.65045,1.6506,2.40,2.00
2009.08.21 16:18:26.006,1.65055,1.65065,1.00,2.00
2009.08.21 16:18:26.995,1.65055,1.65065,1.00,2.40
2009.08.21 16:18:27.745,1.65055,1.65065,1.00,2.00
2009.08.21 16:18:31.494,1.6505,1.65065,1.00,2.00
2009.08.21 16:18:32.864,1.6505,1.65065,1.00,2.40
2009.08.21 16:18:34.334,1.6505,1.65065,1.00,3.20
2009.08.21 16:18:38.663,1.6505,1.6506,1.00,1.00
2009.08.21 16:18:42.701,1.65045,1.6506,1.00,1.00
2009.08.21 16:18:43.032,1.65045,1.6506,1.00,1.00
2009.08.21 16:18:43.381,1.65045,1.6506,1.00,1.00
2009.08.21 16:18:44.761,1.65045,1.6506,1.00,1.00
2009.08.21 16:18:45.111,1.65045,1.65065,1.00,3.20
2009.08.21 16:18:46.491,1.65045,1.65065,1.00,2.80
2009.08.21 16:18:53.309,1.65045,1.65065,1.00,5.20
2009.08.21 16:18:54.069,1.65045,1.6506,1.00,1.00
2009.08.21 16:18:54.659,1.65045,1.6506,1.00,1.00
2009.08.21 16:18:55.009,1.65045,1.65065,1.00,10.70
2009.08.21 16:18:55.358,1.65045,1.6506,1.00,2.00
2009.08.21 16:18:57.638,1.6504,1.6506,3.60,2.00
2009.08.21 16:18:58.968,1.6504,1.6506,3.60,2.10
2009.08.21 16:18:59.317,1.6504,1.6506,2.00,2.10
2009.08.21 16:18:59.538,1.6504,1.6506,2.00,2.00
2009.08.21 16:19:00.058,1.6504,1.6505,1.60,2.00
2009.08.21 16:19:00.418,1.6503,1.65035,2.00,1.00
2009.08.21 16:19:00.897,1.6502,1.6503,1.00,2.00
2009.08.21 16:19:01.447,1.65025,1.65035,1.00,2.00
2009.08.21 16:19:01.797,1.65015,1.65035,2.50,2.00
2009.08.21 16:19:02.137,1.6502,1.6503,1.00,2.00
2009.08.21 16:19:02.537,1.6502,1.65035,1.00,2.00
2009.08.21 16:19:02.827,1.65025,1.6504,4.80,2.00
2009.08.21 16:19:03.127,1.65035,1.6505,1.00,3.60
2009.08.21 16:19:03.357,1.6503,1.6505,2.40,2.00
2009.08.21 16:19:03.636,1.65025,1.6505,3.60,9.20
2009.08.21 16:19:04.107,1.65025,1.6504,2.00,1.20
2009.08.21 16:19:04.636,1.6502,1.6504,3.90,2.00
2009.08.21 16:19:05.596,1.6502,1.6504,4.30,2.00
2009.08.21 16:19:06.586,1.6502,1.6504,4.10,2.00
2009.08.21 16:19:07.926,1.65025,1.6504,1.00,2.00
2009.08.21 16:19:08.665,1.6503,1.6504,1.00,2.00
2009.08.21 16:19:10.345,1.6503,1.65045,1.00,3.60
2009.08.21 16:19:10.695,1.6503,1.65045,1.00,2.00
2009.08.21 16:19:16.214,1.65035,1.65055,10.20,5.70
2009.08.21 16:19:16.623,1.6504,1.6506,6.00,2.00
2009.08.21 16:19:17.134,1.65035,1.65055,6.70,2.00
2009.08.21 16:19:17.533,1.65035,1.6505,1.00,5.20
2009.08.21 16:19:17.933,1.6503,1.65045,1.00,2.00
2009.08.21 16:19:18.843,1.6503,1.6504,1.00,2.00
2009.08.21 16:19:24.981,1.6502,1.6504,6.80,2.00
2009.08.21 16:19:25.281,1.6502,1.6504,2.00,1.00
2009.08.21 16:19:25.671,1.6502,1.6504,2.00,2.00
2009.08.21 16:19:32.160,1.65035,1.65055,5.80,2.00
2009.08.21 16:19:32.500,1.65035,1.65055,9.40,2.00
2009.08.21 16:19:32.949,1.65035,1.65055,7.00,2.00
2009.08.21 16:19:33.299,1.65035,1.65055,2.00,2.00
2009.08.21 16:19:33.409,1.65035,1.65055,2.00,4.00
2009.08.21 16:19:33.639,1.6503,1.6505,9.30,2.00
2009.08.21 16:19:33.750,1.6503,1.6505,5.20,2.00
2009.08.21 16:19:36.599,1.6503,1.6505,6.80,2.00
2009.08.21 16:19:36.939,1.6503,1.65055,5.20,2.80
2009.08.21 16:19:37.449,1.6503,1.65055,3.60,2.80
2009.08.21 16:19:37.788,1.6503,1.65055,3.60,3.60
2009.08.21 16:19:38.138,1.6503,1.6505,2.00,2.40
2009.08.21 16:19:38.318,1.6503,1.65045,1.60,1.00
2009.08.21 16:19:38.688,1.65025,1.65045,6.10,2.80
2009.08.21 16:19:39.388,1.65025,1.6504,2.50,1.00
2009.08.21 16:19:39.738,1.65035,1.6504,1.00,1.00
2009.08.21 16:19:40.598,1.65035,1.6504,1.00,1.00
2009.08.21 16:19:40.887,1.6503,1.6505,2.00,8.40
2009.08.21 16:19:41.207,1.65025,1.65045,2.00,6.70
2009.08.21 16:19:41.507,1.6503,1.65045,2.00,2.40
2009.08.21 16:19:41.797,1.6503,1.6504,1.60,2.80
2009.08.21 16:19:42.117,1.65015,1.6504,8.30,4.80
2009.08.21 16:19:42.467,1.65015,1.65035,4.70,2.00
2009.08.21 16:19:42.857,1.65015,1.65035,8.30,2.00
2009.08.21 16:19:44.017,1.65015,1.65035,12.90,2.00
2009.08.21 16:19:44.247,1.65015,1.6504,13.30,2.20
2009.08.21 16:19:44.467,1.65015,1.6504,13.30,2.00
2009.08.21 16:19:45.296,1.65015,1.65035,16.50,2.00
2009.08.21 16:19:45.517,1.6502,1.6504,3.60,3.60
2009.08.21 16:19:45.907,1.6502,1.6504,3.60,2.00
2009.08.21 16:19:46.776,1.6502,1.6504,14.90,2.00
2009.08.21 16:19:47.136,1.6503,1.65045,1.00,2.00
2009.08.21 16:19:47.486,1.6503,1.65055,3.60,4.40
2009.08.21 16:19:47.836,1.6503,1.65055,3.60,2.80
2009.08.21 16:19:49.735,1.65035,1.6505,2.20,2.00
2009.08.21 16:19:50.125,1.65035,1.65055,7.00,2.00
2009.08.21 16:19:50.475,1.65035,1.65055,2.00,2.80
2009.08.21 16:19:51.225,1.6503,1.65055,5.20,2.80
2009.08.21 16:19:51.965,1.6503,1.6505,5.20,2.00
2009.08.21 16:19:53.574,1.6503,1.6505,3.60,2.00
2009.08.21 16:19:56.054,1.6503,1.6505,3.60,1.60
2009.08.21 16:19:56.524,1.6503,1.65055,3.60,8.20
2009.08.21 16:19:59.763,1.6503,1.65055,3.60,8.00
2009.08.21 16:20:00.812,1.6503,1.65055,5.20,2.80
2009.08.21 16:20:03.852,1.6503,1.6505,5.20,2.00
2009.08.21 16:20:03.972,1.6503,1.6505,8.00,2.00
2009.08.21 16:20:04.092,1.65035,1.65055,2.00,3.60
2009.08.21 16:20:04.202,1.65035,1.65055,2.00,2.00
2009.08.21 16:20:06.691,1.6503,1.65055,8.00,2.00
2009.08.21 16:20:10.311,1.65035,1.6506,8.20,9.20
2009.08.21 16:20:10.711,1.6504,1.6506,2.00,12.10
2009.08.21 16:20:11.930,1.65035,1.65055,9.80,2.00
2009.08.21 16:20:12.280,1.65035,1.65055,3.60,2.00
2009.08.21 16:20:12.810,1.6504,1.6506,3.60,2.00
2009.08.21 16:20:14.120,1.65035,1.6506,3.60,2.80
2009.08.21 16:20:15.629,1.6504,1.6506,2.00,2.80
2009.08.21 16:20:17.209,1.6504,1.65055,2.00,1.00
2009.08.21 16:20:17.559,1.6504,1.65055,4.00,1.00
2009.08.21 16:20:17.909,1.6504,1.65055,2.00,1.00
2009.08.21 16:20:19.168,1.6504,1.65065,3.60,6.00
2009.08.21 16:20:19.508,1.65045,1.65065,2.00,6.00
2009.08.21 16:20:21.338,1.6504,1.6506,5.60,1.00
2009.08.21 16:20:21.628,1.6504,1.6506,3.60,1.00
2009.08.21 16:20:22.088,1.6504,1.65065,3.60,7.50
2009.08.21 16:20:22.547,1.6504,1.6506,2.00,2.00
2009.08.21 16:20:25.237,1.6504,1.6506,3.60,2.00
2009.08.21 16:20:25.887,1.6504,1.65065,3.60,9.90
2009.08.21 16:20:26.916,1.6504,1.65065,3.60,9.80
2009.08.21 16:20:27.306,1.6504,1.6506,3.60,3.00
2009.08.21 16:20:27.648,1.65035,1.65045,2.00,1.00
2009.08.21 16:20:27.996,1.6503,1.65045,2.00,1.00
2009.08.21 16:20:28.296,1.65025,1.6505,3.60,10.20
2009.08.21 16:20:28.586,1.65025,1.6505,3.60,8.40
2009.08.21 16:20:28.886,1.65025,1.6504,2.00,1.60
2009.08.21 16:20:29.406,1.65025,1.6504,2.00,1.00
2009.08.21 16:20:29.866,1.65025,1.6504,2.00,1.00
2009.08.21 16:20:30.216,1.65025,1.65045,2.00,1.20
2009.08.21 16:20:32.485,1.6503,1.65045,2.00,1.20
2009.08.21 16:20:33.245,1.6503,1.6504,2.00,1.60
2009.08.21 16:20:33.535,1.6503,1.6504,2.00,1.20
2009.08.21 16:20:33.645,1.6503,1.6504,2.00,1.00
2009.08.21 16:20:34.085,1.65025,1.65045,3.60,2.80
2009.08.21 16:20:34.255,1.65025,1.65045,2.00,2.80
2009.08.21 16:20:34.825,1.6502,1.65045,5.20,4.80
2009.08.21 16:20:35.285,1.65025,1.65045,2.00,4.40
2009.08.21 16:20:35.625,1.65025,1.65045,2.00,2.80
2009.08.21 16:20:35.984,1.65025,1.65045,2.00,4.40
2009.08.21 16:20:37.174,1.65025,1.6504,2.00,1.20
2009.08.21 16:20:38.194,1.6503,1.65045,2.00,1.60
2009.08.21 16:20:38.664,1.65025,1.65045,3.60,1.60
2009.08.21 16:20:38.894,1.65025,1.65045,2.00,1.60
2009.08.21 16:20:40.693,1.65025,1.65045,2.00,2.80
2009.08.21 16:20:40.813,1.65025,1.6504,2.00,1.00
2009.08.21 16:20:41.133,1.65025,1.6504,2.00,1.00
2009.08.21 16:20:41.863,1.65025,1.6504,2.00,1.00
2009.08.21 16:20:48.401,1.65035,1.6505,5.60,2.40
2009.08.21 16:20:48.701,1.65035,1.6506,5.60,3.60
2009.08.21 16:20:49.041,1.6504,1.6506,2.40,1.60
2009.08.21 16:20:49.381,1.6504,1.6506,2.00,2.20
2009.08.21 16:20:49.741,1.6505,1.65065,2.00,1.60
2009.08.21 16:20:50.141,1.65055,1.6507,2.00,1.60
2009.08.21 16:20:50.481,1.6505,1.6507,3.60,5.80
2009.08.21 16:20:51.001,1.6505,1.6507,2.00,5.60
2009.08.21 16:20:51.701,1.6505,1.6507,2.00,5.70
2009.08.21 16:20:52.041,1.65045,1.65065,2.00,7.60
2009.08.21 16:20:52.440,1.65045,1.6505,2.00,1.00
2009.08.21 16:20:52.950,1.65045,1.6505,1.60,5.50
2009.08.21 16:20:53.460,1.65035,1.6505,1.00,5.80
2009.08.21 16:20:53.800,1.65035,1.6505,1.00,5.50
2009.08.21 16:20:55.060,1.65035,1.6505,1.00,5.70
2009.08.21 16:20:55.410,1.6503,1.6505,2.00,6.30
2009.08.21 16:20:55.750,1.6503,1.6504,2.00,1.00
2009.08.21 16:20:56.150,1.6503,1.6504,1.70,2.60
2009.08.21 16:20:56.539,1.6503,1.65045,2.00,1.60
2009.08.21 16:20:56.989,1.6503,1.65045,2.00,2.00
2009.08.21 16:20:57.819,1.65035,1.65045,1.00,2.00
2009.08.21 16:20:58.569,1.65035,1.65045,1.00,2.00
2009.08.21 16:21:00.149,1.65035,1.65045,2.00,1.00
2009.08.21 16:21:00.948,1.65045,1.6506,2.00,4.80
2009.08.21 16:21:01.298,1.65045,1.6506,2.00,1.50
2009.08.21 16:21:01.648,1.65045,1.6506,2.00,1.00
2009.08.21 16:21:02.108,1.65055,1.65065,1.00,1.60
2009.08.21 16:21:02.618,1.65065,1.6508,2.00,1.60
2009.08.21 16:21:02.968,1.65065,1.6509,2.00,13.60
2009.08.21 16:21:03.318,1.65065,1.6509,2.00,10.00
2009.08.21 16:21:04.118,1.6507,1.6509,2.00,10.00
2009.08.21 16:21:04.697,1.6507,1.6509,2.00,15.00
2009.08.21 16:21:06.357,1.6507,1.6509,2.00,15.80
2009.08.21 16:21:06.707,1.6507,1.6509,2.00,7.60
2009.08.21 16:21:07.057,1.6507,1.65085,2.00,1.00
2009.08.21 16:21:07.887,1.6507,1.6509,2.00,13.60
2009.08.21 16:21:08.227,1.6507,1.65085,2.00,1.60
2009.08.21 16:21:08.497,1.6507,1.6509,2.40,1.60
2009.08.21 16:21:08.916,1.6507,1.6509,2.00,3.40
2009.08.21 16:21:09.316,1.6507,1.6509,2.00,3.00
2009.08.21 16:21:09.946,1.6507,1.65095,2.00,16.20
2009.08.21 16:21:10.456,1.65065,1.65085,6.80,4.00
2009.08.21 16:21:10.856,1.65055,1.65065,8.00,2.00
2009.08.21 16:21:11.186,1.6505,1.6506,4.10,1.00
2009.08.21 16:21:11.536,1.65045,1.6507,2.10,8.80
2009.08.21 16:21:11.956,1.6505,1.65065,2.00,1.60
2009.08.21 16:21:12.476,1.6505,1.6507,2.00,4.60
2009.08.21 16:21:12.996,1.6505,1.6507,2.10,4.40
2009.08.21 16:21:13.115,1.6505,1.6507,2.10,5.40
2009.08.21 16:21:13.286,1.6505,1.65065,2.10,1.60
2009.08.21 16:21:13.625,1.65055,1.6507,1.00,2.30
2009.08.21 16:21:13.805,1.65055,1.6507,2.00,2.40
2009.08.21 16:21:14.105,1.65055,1.65075,4.10,8.70
2009.08.21 16:21:14.626,1.65055,1.65065,3.60,1.00
2009.08.21 16:21:15.075,1.65055,1.65065,2.10,1.00
2009.08.21 16:21:16.784,1.65055,1.6506,2.00,1.00
2009.08.21 16:21:17.184,1.6506,1.6508,2.00,12.40
2009.08.21 16:21:17.484,1.6506,1.65075,2.00,1.60
2009.08.21 16:21:17.764,1.65065,1.6508,2.00,8.00
2009.08.21 16:21:18.054,1.6506,1.65075,3.60,2.80
2009.08.21 16:21:18.514,1.65065,1.65075,2.00,1.00
2009.08.21 16:21:18.624,1.65065,1.65075,1.60,1.20
2009.08.21 16:21:18.806,1.65065,1.6507,1.60,1.60
2009.08.21 16:21:18.924,1.65055,1.65075,2.00,1.00
2009.08.21 16:21:19.154,1.65055,1.65075,4.80,1.00
2009.08.21 16:21:19.264,1.65055,1.65075,3.60,1.60
2009.08.21 16:21:19.624,1.6506,1.6507,2.00,1.60
2009.08.21 16:21:20.374,1.65055,1.6507,3.60,1.60
2009.08.21 16:21:20.654,1.6506,1.6507,2.00,1.60
2009.08.21 16:21:20.774,1.6506,1.65075,2.00,1.00
2009.08.21 16:21:20.943,1.65055,1.65075,4.40,1.20
2009.08.21 16:21:21.124,1.65055,1.65075,3.60,2.80
2009.08.21 16:21:21.394,1.65055,1.65075,4.00,1.60
2009.08.21 16:21:21.733,1.6506,1.6508,2.00,5.00
2009.08.21 16:21:22.423,1.6506,1.6507,2.00,1.00
2009.08.21 16:21:22.763,1.65055,1.6507,2.00,3.20
2009.08.21 16:21:23.033,1.65055,1.6508,8.50,10.80
2009.08.21 16:21:23.383,1.6506,1.65085,2.00,8.00
2009.08.21 16:21:23.853,1.6506,1.65085,2.00,11.20
2009.08.21 16:21:26.612,1.6506,1.65085,4.00,8.00
2009.08.21 16:21:26.842,1.65065,1.65085,2.00,8.00
2009.08.21 16:21:27.252,1.65065,1.6508,2.00,2.00
2009.08.21 16:21:27.542,1.65065,1.65085,2.00,5.20
2009.08.21 16:21:27.772,1.65065,1.65085,2.00,6.00
2009.08.21 16:21:28.392,1.65065,1.65085,2.00,4.00
2009.08.21 16:21:28.792,1.65065,1.65085,2.00,6.00
2009.08.21 16:21:30.641,1.65065,1.65085,2.00,5.20
2009.08.21 16:21:31.051,1.65065,1.65085,2.00,3.20
2009.08.21 16:21:31.301,1.65065,1.65085,2.00,1.00
2009.08.21 16:21:31.651,1.65065,1.65085,2.00,2.00
2009.08.21 16:21:34.550,1.65065,1.6509,6.60,11.60
2009.08.21 16:21:34.770,1.6507,1.65095,6.50,9.30
2009.08.21 16:21:35.300,1.6507,1.6509,6.40,2.00
2009.08.21 16:21:35.470,1.6507,1.6509,6.40,3.30
2009.08.21 16:21:35.990,1.6507,1.6509,6.50,1.70
2009.08.21 16:21:37.010,1.6507,1.6509,6.50,4.10
2009.08.21 16:21:40.069,1.6507,1.6509,5.70,2.00
2009.08.21 16:21:41.609,1.6507,1.6509,5.70,1.70
2009.08.21 16:21:42.608,1.6507,1.6509,2.00,1.00
2009.08.21 16:21:43.018,1.6507,1.6509,2.00,8.10
2009.08.21 16:21:43.938,1.6507,1.6509,8.10,2.00
2009.08.21 16:21:44.278,1.6507,1.6509,6.10,2.00
2009.08.21 16:21:44.570,1.65075,1.6509,2.00,1.00
2009.08.21 16:21:44.958,1.65075,1.6509,2.00,2.80
2009.08.21 16:21:45.318,1.65075,1.6509,2.00,2.40
2009.08.21 16:21:45.818,1.6508,1.65095,2.00,4.00
2009.08.21 16:21:46.287,1.6508,1.65095,2.00,2.80
2009.08.21 16:21:46.937,1.6508,1.65095,2.10,1.20
2009.08.21 16:21:47.297,1.6508,1.65095,2.10,2.00
2009.08.21 16:21:47.647,1.6508,1.65095,4.50,1.00
2009.08.21 16:21:47.827,1.6508,1.65095,4.50,1.20
2009.08.21 16:21:48.417,1.6508,1.651,4.50,2.90
2009.08.21 16:21:50.237,1.6508,1.651,4.50,4.50
2009.08.21 16:21:52.556,1.6508,1.651,4.50,4.10
2009.08.21 16:21:53.246,1.65085,1.651,1.00,3.20
2009.08.21 16:21:53.626,1.6509,1.651,4.40,1.60
2009.08.21 16:21:54.116,1.6509,1.651,4.80,1.60
2009.08.21 16:21:54.815,1.6509,1.651,4.40,1.60
2009.08.21 16:21:55.176,1.6509,1.651,4.50,1.60
2009.08.21 16:21:56.155,1.65085,1.651,6.10,1.60
2009.08.21 16:21:56.675,1.65085,1.651,6.50,1.60
2009.08.21 16:21:57.954,1.65085,1.651,2.50,1.70
2009.08.21 16:22:00.484,1.65105,1.6512,1.60,2.00
2009.08.21 16:22:00.954,1.65105,1.65125,8.00,2.70
2009.08.21 16:22:01.474,1.65105,1.65125,8.80,2.50
2009.08.21 16:22:02.004,1.6511,1.65125,4.40,2.00
2009.08.21 16:22:06.262,1.651,1.6511,9.20,1.00
2009.08.21 16:22:06.483,1.651,1.6511,6.80,1.00
2009.08.21 16:22:06.662,1.65095,1.65105,2.00,4.40
2009.08.21 16:22:07.164,1.6509,1.651,2.00,2.00
2009.08.21 16:22:07.552,1.6508,1.651,4.90,2.00
2009.08.21 16:22:12.941,1.6507,1.6508,6.30,2.00
2009.08.21 16:22:13.061,1.65075,1.65085,1.00,2.00
2009.08.21 16:22:13.301,1.65065,1.65085,2.00,1.00
2009.08.21 16:22:13.591,1.6507,1.65085,4.80,2.00
2009.08.21 16:22:13.881,1.65075,1.65095,2.00,6.00
2009.08.21 16:22:14.181,1.65075,1.65095,2.00,3.60
2009.08.21 16:22:15.331,1.6508,1.65095,2.00,1.60
2009.08.21 16:22:15.630,1.6507,1.65095,6.20,3.60
2009.08.21 16:22:16.080,1.6507,1.65095,7.80,3.60
2009.08.21 16:22:17.490,1.65075,1.65085,1.00,2.00
2009.08.21 16:22:18.520,1.65075,1.6509,1.00,3.60
2009.08.21 16:22:19.050,1.65075,1.6509,1.00,2.00
2009.08.21 16:22:19.450,1.65075,1.65095,2.80,2.00
2009.08.21 16:22:19.849,1.65075,1.65095,3.80,2.00
2009.08.21 16:22:20.189,1.65075,1.65095,5.40,2.00
2009.08.21 16:22:20.519,1.65075,1.6509,2.00,10.40
2009.08.21 16:22:20.880,1.65065,1.65085,5.30,9.60
2009.08.21 16:22:21.290,1.65065,1.6508,1.00,1.00
2009.08.21 16:22:21.829,1.65065,1.6508,1.00,2.00
2009.08.21 16:22:22.179,1.65065,1.6508,1.30,2.00
2009.08.21 16:22:23.389,1.65065,1.6508,1.00,8.00
2009.08.21 16:22:23.548,1.65065,1.65075,1.00,1.00
2009.08.21 16:22:23.898,1.65065,1.65075,1.00,1.00
2009.08.21 16:22:24.189,1.65065,1.65075,1.00,2.00
2009.08.21 16:22:24.778,1.65065,1.6508,1.10,2.00
2009.08.21 16:22:25.128,1.65065,1.6508,1.70,2.00
2009.08.21 16:22:25.648,1.65065,1.6508,1.50,2.00
2009.08.21 16:22:26.038,1.65065,1.6508,2.00,3.60
2009.08.21 16:22:26.148,1.65065,1.65085,2.00,3.60
2009.08.21 16:22:26.368,1.65065,1.65085,2.00,2.00
2009.08.21 16:22:26.837,1.65065,1.65085,1.40,2.00
2009.08.21 16:22:27.187,1.6507,1.6509,2.00,10.00
2009.08.21 16:22:27.647,1.6507,1.65085,2.00,1.60
2009.08.21 16:22:27.888,1.6507,1.65085,2.00,2.50
2009.08.21 16:22:28.687,1.6507,1.65085,2.00,2.40
2009.08.21 16:22:28.857,1.6507,1.65085,2.00,1.60
2009.08.21 16:22:28.917,1.65075,1.65085,2.40,1.60
2009.08.21 16:22:28.977,1.65075,1.6509,2.40,4.80
2009.08.21 16:22:30.037,1.6508,1.6509,1.00,4.80
2009.08.21 16:22:31.666,1.65075,1.6508,2.40,2.00
2009.08.21 16:22:32.006,1.6506,1.6508,2.10,2.00
2009.08.21 16:22:32.356,1.65055,1.65075,10.70,2.00
2009.08.21 16:22:33.386,1.65055,1.65075,9.90,2.00
2009.08.21 16:22:33.616,1.65055,1.65075,6.30,2.00
2009.08.21 16:22:33.896,1.65055,1.65075,2.00,4.80
2009.08.21 16:22:35.436,1.6506,1.65075,1.00,4.80
2009.08.21 16:22:39.015,1.65065,1.65075,1.00,4.80
2009.08.21 16:22:40.634,1.6506,1.65075,2.10,8.00
2009.08.21 16:22:40.984,1.6506,1.6507,4.50,1.00
2009.08.21 16:22:41.444,1.65065,1.65075,1.00,3.60
2009.08.21 16:22:41.974,1.65065,1.65075,1.00,2.00
2009.08.21 16:22:44.803,1.6507,1.65075,1.00,2.00
2009.08.21 16:22:46.183,1.65065,1.65075,1.00,2.00
2009.08.21 16:22:48.372,1.6506,1.65075,1.00,2.00
2009.08.21 16:22:48.753,1.6506,1.65075,2.10,2.80
2009.08.21 16:22:49.152,1.65065,1.6508,2.00,7.60
2009.08.21 16:22:53.411,1.65065,1.6508,3.70,3.60
2009.08.21 16:22:53.521,1.65065,1.6508,3.70,3.20
2009.08.21 16:22:53.811,1.65065,1.6508,2.00,3.20
2009.08.21 16:22:54.201,1.65065,1.6508,3.70,3.20
2009.08.21 16:22:56.021,1.6507,1.6508,1.00,3.20
2009.08.21 16:23:02.149,1.65065,1.6508,2.00,3.20
2009.08.21 16:23:04.329,1.65065,1.6508,4.00,3.20
2009.08.21 16:23:04.509,1.6507,1.6508,2.00,3.20
2009.08.21 16:23:05.149,1.65065,1.6508,3.70,3.20
2009.08.21 16:23:05.498,1.65065,1.6508,2.00,3.20
2009.08.21 16:23:06.638,1.65065,1.6508,3.70,3.20
2009.08.21 16:23:06.978,1.65065,1.6508,2.00,3.20
2009.08.21 16:23:07.608,1.65065,1.6508,2.00,1.60
2009.08.21 16:23:08.008,1.65065,1.65085,6.10,4.00
2009.08.21 16:23:08.238,1.6507,1.65085,1.00,4.00
2009.08.21 16:23:08.798,1.6507,1.65085,1.00,6.00
2009.08.21 16:23:10.527,1.6506,1.6508,12.50,4.00
2009.08.21 16:23:10.807,1.65065,1.6508,1.00,6.00
2009.08.21 16:23:11.547,1.6507,1.6508,1.00,5.20
2009.08.21 16:23:12.067,1.6507,1.6508,1.00,2.00
2009.08.21 16:23:12.767,1.6507,1.6508,1.00,4.80
2009.08.21 16:23:18.325,1.6506,1.6508,7.70,4.80
2009.08.21 16:23:18.495,1.6506,1.6508,6.10,4.80
2009.08.21 16:23:23.904,1.6506,1.6508,6.10,4.40
2009.08.21 16:23:24.024,1.6506,1.6508,6.10,6.40
2009.08.21 16:23:24.184,1.6506,1.6508,1.70,6.40
2009.08.21 16:23:24.364,1.6506,1.65075,1.70,2.00
2009.08.21 16:23:24.534,1.6506,1.65075,1.70,2.40
2009.08.21 16:23:24.774,1.6506,1.65075,1.70,2.00
2009.08.21 16:23:25.184,1.6506,1.6508,6.10,6.00
2009.08.21 16:23:25.633,1.6506,1.6508,6.10,6.40
2009.08.21 16:23:28.383,1.6506,1.6508,14.10,1.60
2009.08.21 16:23:28.613,1.6506,1.65085,14.10,6.00
2009.08.21 16:23:29.283,1.65065,1.65085,1.00,6.00
2009.08.21 16:23:29.523,1.6506,1.6508,10.40,2.80
2009.08.21 16:23:29.862,1.65055,1.65075,6.90,2.00
2009.08.21 16:23:31.962,1.6506,1.65075,1.00,2.00
2009.08.21 16:23:32.802,1.6506,1.65075,3.70,3.20
2009.08.21 16:23:33.182,1.6506,1.65075,1.00,5.20
2009.08.21 16:23:33.881,1.65065,1.65075,1.00,5.20
2009.08.21 16:23:34.452,1.65055,1.65075,7.70,5.20
2009.08.21 16:23:34.852,1.65055,1.65075,3.70,8.20
2009.08.21 16:23:35.261,1.6505,1.6506,3.30,1.20
2009.08.21 16:23:35.791,1.6505,1.65055,2.00,1.00
2009.08.21 16:23:36.351,1.6505,1.65055,2.00,2.80
2009.08.21 16:23:36.871,1.6505,1.65055,2.00,3.20
2009.08.21 16:23:37.910,1.6505,1.65055,2.00,1.60
2009.08.21 16:23:40.200,1.65035,1.65045,2.00,1.20
2009.08.21 16:23:41.540,1.65035,1.65045,2.00,2.80
2009.08.21 16:23:41.890,1.65025,1.65045,1.00,6.00
2009.08.21 16:23:42.249,1.65025,1.65045,1.00,10.00
2009.08.21 16:23:42.599,1.65025,1.65045,1.00,8.00
2009.08.21 16:23:43.109,1.65025,1.6504,1.00,2.00
2009.08.21 16:23:43.559,1.65025,1.65045,1.00,6.00
2009.08.21 16:23:44.179,1.6503,1.65045,1.00,6.00
2009.08.21 16:23:44.519,1.6503,1.6504,1.00,2.00
2009.08.21 16:23:44.879,1.6503,1.65045,1.00,7.60
2009.08.21 16:23:45.239,1.65025,1.6504,6.70,1.60
2009.08.21 16:23:45.589,1.6503,1.65045,1.00,1.20
2009.08.21 16:23:47.498,1.65035,1.65045,1.00,1.20
2009.08.21 16:23:48.419,1.65025,1.65045,6.40,1.20
2009.08.21 16:23:48.878,1.6503,1.65045,4.40,2.00
2009.08.21 16:23:49.278,1.6503,1.65045,4.70,1.60
2009.08.21 16:23:49.688,1.6503,1.6505,4.70,1.60
2009.08.21 16:23:50.797,1.6503,1.6505,8.40,1.60
2009.08.21 16:23:51.137,1.6503,1.6505,8.10,1.60
2009.08.21 16:23:51.367,1.6503,1.6505,8.10,3.20
2009.08.21 16:23:51.637,1.6503,1.6505,1.00,4.80
2009.08.21 16:23:51.857,1.6503,1.6505,1.00,6.40
2009.08.21 16:23:52.137,1.6503,1.65045,1.00,1.20
2009.08.21 16:23:52.377,1.6503,1.6504,1.00,1.00
2009.08.21 16:23:55.007,1.6502,1.6504,8.90,2.80
2009.08.21 16:23:55.236,1.6502,1.6504,2.10,6.00
2009.08.21 16:23:55.586,1.6502,1.6504,2.10,3.30
2009.08.21 16:23:56.786,1.6502,1.6504,6.10,3.30
2009.08.21 16:23:57.126,1.6502,1.6504,6.50,1.70
2009.08.21 16:23:57.586,1.6502,1.6504,2.10,1.70
2009.08.21 16:23:57.936,1.6502,1.6504,4.10,3.70
2009.08.21 16:23:58.226,1.6502,1.6504,2.10,3.30
2009.08.21 16:24:01.955,1.6502,1.6504,2.10,2.80
2009.08.21 16:24:02.315,1.65025,1.6504,2.00,1.20
2009.08.21 16:24:02.985,1.6502,1.6504,3.60,2.80
2009.08.21 16:24:03.654,1.6502,1.6504,7.30,1.20
2009.08.21 16:24:03.934,1.6502,1.6504,5.30,1.20
2009.08.21 16:24:04.334,1.6502,1.6504,5.70,1.20
2009.08.21 16:24:04.754,1.6502,1.6504,6.10,1.20
2009.08.21 16:24:05.174,1.6502,1.6504,3.70,1.20
2009.08.21 16:24:05.564,1.6502,1.6504,5.30,1.20
2009.08.21 16:24:05.864,1.65025,1.6504,2.00,1.20
2009.08.21 16:24:07.283,1.6502,1.6504,3.70,1.20
2009.08.21 16:24:07.613,1.6502,1.6504,2.10,1.20
2009.08.21 16:24:08.013,1.6502,1.6504,2.00,1.20
2009.08.21 16:24:08.424,1.65015,1.65035,3.60,1.60
2009.08.21 16:24:08.703,1.65015,1.65035,2.00,1.60
2009.08.21 16:24:08.803,1.65015,1.6503,1.60,2.00
2009.08.21 16:24:09.153,1.6501,1.65035,10.00,8.00
2009.08.21 16:24:09.673,1.6501,1.6503,6.80,2.00
2009.08.21 16:24:10.023,1.65015,1.6503,3.20,2.00
2009.08.21 16:24:10.413,1.65015,1.65035,2.00,3.60
2009.08.21 16:24:10.713,1.65015,1.65035,2.00,5.60
2009.08.21 16:24:11.003,1.65015,1.6503,2.00,2.00
2009.08.21 16:24:11.302,1.6501,1.6503,7.10,2.00
2009.08.21 16:24:11.652,1.65015,1.65035,2.00,6.80
2009.08.21 16:24:11.982,1.6501,1.6503,12.80,2.00
2009.08.21 16:24:12.372,1.6501,1.65035,6.40,5.20
2009.08.21 16:24:12.662,1.65015,1.65035,2.00,5.20
2009.08.21 16:24:12.952,1.6501,1.6503,6.40,2.00
2009.08.21 16:24:13.532,1.65015,1.65035,2.00,5.20
2009.08.21 16:24:14.062,1.65015,1.6503,1.60,2.00
2009.08.21 16:24:14.242,1.65015,1.65035,2.00,5.20
2009.08.21 16:24:14.352,1.65015,1.65035,2.00,6.80
2009.08.21 16:24:14.472,1.65015,1.65035,2.00,5.20
2009.08.21 16:24:15.291,1.6503,1.65035,2.00,1.60
2009.08.21 16:24:15.642,1.6503,1.65045,2.00,4.80
2009.08.21 16:24:15.983,1.65035,1.6505,2.00,4.80
2009.08.21 16:24:16.431,1.6504,1.6505,1.60,1.60
2009.08.21 16:24:16.841,1.65045,1.6506,2.00,4.00
2009.08.21 16:24:17.991,1.65045,1.65065,2.00,4.80
2009.08.21 16:24:18.341,1.65045,1.65065,6.80,4.00
2009.08.21 16:24:18.681,1.65045,1.65065,5.20,4.00
2009.08.21 16:24:19.021,1.65045,1.65065,6.00,3.20
2009.08.21 16:24:19.301,1.65055,1.65065,1.60,2.50
2009.08.21 16:24:19.591,1.6505,1.6506,2.00,3.20
2009.08.21 16:24:19.700,1.65045,1.65065,2.00,6.90
2009.08.21 16:24:19.930,1.65045,1.65065,4.80,6.00
2009.08.21 16:24:20.330,1.65055,1.65065,2.00,4.10
2009.08.21 16:24:20.680,1.6505,1.65065,2.00,4.00
2009.08.21 16:24:21.310,1.65045,1.65065,7.20,4.00
2009.08.21 16:24:21.591,1.6505,1.65065,1.60,4.00
2009.08.21 16:24:21.950,1.6505,1.65065,2.00,4.00
2009.08.21 16:24:22.860,1.6505,1.65065,2.00,4.10
2009.08.21 16:24:23.429,1.6505,1.65065,2.00,4.00
2009.08.21 16:24:23.890,1.6505,1.65065,1.60,4.00
2009.08.21 16:24:24.689,1.6505,1.65065,1.60,4.10
2009.08.21 16:24:26.109,1.6505,1.65065,1.60,6.10
2009.08.21 16:24:33.827,1.6505,1.65065,1.60,6.10
2009.08.21 16:24:42.505,1.6505,1.65065,1.60,6.00
2009.08.21 16:24:44.694,1.6504,1.6505,2.00,2.40
2009.08.21 16:24:44.754,1.6504,1.6505,2.00,2.80
2009.08.21 16:24:44.814,1.6504,1.6505,2.00,3.60
2009.08.21 16:24:44.994,1.6504,1.6505,1.60,5.60
2009.08.21 16:24:45.054,1.6503,1.6505,2.00,10.40
2009.08.21 16:24:45.394,1.6503,1.6505,1.70,9.20
2009.08.21 16:24:45.914,1.6503,1.6505,1.00,9.30
2009.08.21 16:24:48.104,1.6503,1.6505,1.00,10.90
2009.08.21 16:24:49.883,1.65035,1.6505,2.00,6.10
2009.08.21 16:24:50.243,1.6504,1.65055,2.00,5.60
2009.08.21 16:24:50.523,1.6504,1.6506,2.00,6.90
2009.08.21 16:24:50.863,1.65045,1.6506,1.60,4.00
2009.08.21 16:24:51.093,1.65045,1.6506,1.60,6.00
2009.08.21 16:24:53.263,1.65045,1.65065,3.20,6.00
2009.08.21 16:24:54.532,1.65045,1.65065,6.40,5.20
2009.08.21 16:24:54.762,1.6506,1.65065,1.00,1.60
2009.08.21 16:24:55.102,1.6506,1.6507,1.00,5.20
2009.08.21 16:24:55.852,1.65055,1.6507,2.70,5.20
2009.08.21 16:24:56.212,1.65055,1.6507,1.60,6.00
2009.08.21 16:24:56.712,1.6505,1.65065,3.30,2.80
2009.08.21 16:24:57.062,1.6505,1.65065,1.00,6.00
2009.08.21 16:24:59.852,1.65055,1.65065,1.00,6.00
2009.08.21 16:25:03.291,1.65055,1.6507,1.10,6.80
2009.08.21 16:25:03.741,1.65055,1.6507,3.50,5.20
2009.08.21 16:25:04.210,1.65055,1.65065,1.30,1.20
2009.08.21 16:25:04.560,1.65055,1.65065,1.00,1.20
2009.08.21 16:25:04.950,1.65055,1.65065,1.00,4.80
2009.08.21 16:25:05.639,1.65055,1.65065,1.00,2.80
2009.08.21 16:25:06.019,1.6506,1.65065,1.00,2.80
2009.08.21 16:25:06.319,1.6506,1.65065,1.00,4.40
2009.08.21 16:25:07.619,1.65055,1.65065,1.00,4.40
2009.08.21 16:25:08.509,1.65055,1.65065,1.00,2.40
2009.08.21 16:25:09.149,1.65055,1.65065,1.00,4.40
2009.08.21 16:25:10.228,1.6505,1.6507,4.10,8.40
2009.08.21 16:25:10.578,1.6505,1.65065,1.70,2.00
2009.08.21 16:25:10.978,1.6505,1.65065,1.60,6.00
2009.08.21 16:25:11.438,1.6505,1.6507,3.60,5.20
2009.08.21 16:25:12.538,1.6505,1.65065,3.60,1.00
2009.08.21 16:25:12.988,1.6505,1.65065,2.00,6.00
2009.08.21 16:25:13.278,1.6505,1.6506,1.00,1.20
2009.08.21 16:25:14.337,1.6505,1.65065,1.00,4.40
2009.08.21 16:25:15.147,1.65045,1.6506,1.80,2.40
2009.08.21 16:25:15.497,1.65045,1.6506,2.20,2.40
2009.08.21 16:25:16.027,1.65035,1.65055,4.00,2.00
2009.08.21 16:25:16.257,1.65045,1.6506,1.60,4.00
2009.08.21 16:25:16.737,1.65045,1.65055,1.00,2.00
2009.08.21 16:25:17.307,1.65045,1.65055,1.80,2.00
2009.08.21 16:25:17.656,1.65035,1.65055,3.10,2.00
2009.08.21 16:25:18.007,1.6504,1.65055,1.00,2.00
2009.08.21 16:25:18.366,1.6504,1.6506,2.10,5.60
2009.08.21 16:25:18.476,1.65045,1.6506,1.00,5.60
2009.08.21 16:25:18.696,1.65045,1.6506,1.00,4.40
2009.08.21 16:25:18.926,1.65045,1.6506,1.00,4.00
2009.08.21 16:25:19.996,1.65045,1.65055,1.00,1.60
2009.08.21 16:25:20.276,1.65045,1.65055,1.00,5.20
2009.08.21 16:25:21.766,1.6505,1.65055,1.00,5.20
2009.08.21 16:25:23.685,1.6505,1.65055,1.00,2.00
2009.08.21 16:25:23.855,1.6505,1.6506,1.00,3.20
2009.08.21 16:25:24.075,1.6505,1.65065,1.00,6.00
2009.08.21 16:25:29.304,1.65045,1.65065,1.00,6.00
2009.08.21 16:25:29.524,1.65045,1.65065,2.50,5.20
2009.08.21 16:25:29.983,1.65045,1.65065,1.00,5.20
2009.08.21 16:25:30.683,1.6505,1.65065,1.00,5.20
2009.08.21 16:25:38.042,1.6505,1.65065,2.10,3.20
2009.08.21 16:25:38.791,1.6505,1.65065,1.00,3.20
2009.08.21 16:25:39.981,1.6505,1.6507,4.10,5.60
2009.08.21 16:25:40.321,1.65055,1.6507,1.00,4.40
2009.08.21 16:25:40.771,1.65055,1.6507,2.00,7.20
2009.08.21 16:25:41.221,1.65065,1.6507,1.00,3.20
2009.08.21 16:25:41.641,1.65075,1.6508,2.00,1.60
2009.08.21 16:25:41.991,1.6508,1.6509,2.00,3.20
2009.08.21 16:25:42.341,1.65075,1.6509,2.00,3.20
2009.08.21 16:25:43.710,1.6507,1.6509,4.10,3.20
2009.08.21 16:25:50.069,1.6507,1.6509,2.10,5.20
2009.08.21 16:25:50.528,1.6507,1.6509,4.10,3.20
2009.08.21 16:25:55.777,1.6509,1.65095,2.00,3.20
2009.08.21 16:25:56.167,1.65095,1.651,2.00,8.00
2009.08.21 16:25:56.629,1.6508,1.65095,2.00,2.00
2009.08.21 16:25:57.497,1.6508,1.651,2.00,11.60
2009.08.21 16:26:00.436,1.65075,1.65095,1.00,9.20
2009.08.21 16:26:00.726,1.6507,1.6509,7.50,2.00
2009.08.21 16:26:01.646,1.65085,1.65095,2.00,3.20
2009.08.21 16:26:01.816,1.6509,1.65095,2.00,1.60
2009.08.21 16:26:02.166,1.65085,1.65095,3.60,1.60
2009.08.21 16:26:02.585,1.65075,1.65095,2.00,1.60
2009.08.21 16:26:08.984,1.65075,1.65095,2.00,2.40
2009.08.21 16:26:09.624,1.65075,1.651,2.00,9.60
2009.08.21 16:26:09.854,1.65075,1.651,6.00,9.20
2009.08.21 16:26:10.084,1.65075,1.651,6.00,7.60
2009.08.21 16:26:10.474,1.65075,1.651,6.00,9.60
2009.08.21 16:26:10.814,1.65075,1.65095,6.00,2.00
2009.08.21 16:26:11.483,1.65075,1.65095,6.60,2.00
2009.08.21 16:26:12.373,1.65075,1.65095,7.00,2.00
2009.08.21 16:26:14.993,1.65075,1.65095,5.60,2.00
2009.08.21 16:26:15.342,1.6508,1.651,2.00,8.00
2009.08.21 16:26:16.092,1.6508,1.651,2.00,5.60
2009.08.21 16:26:16.594,1.6508,1.651,2.00,8.10
2009.08.21 16:26:17.392,1.6508,1.65095,2.00,1.00
2009.08.21 16:26:18.012,1.6508,1.65095,2.00,2.40
2009.08.21 16:26:20.031,1.65075,1.65095,7.00,2.00
2009.08.21 16:26:30.299,1.651,1.65115,2.00,6.10
2009.08.21 16:26:30.639,1.651,1.6511,2.00,1.70
2009.08.21 16:26:30.979,1.651,1.6511,2.00,3.60
2009.08.21 16:26:31.269,1.65085,1.65105,7.80,2.00
2009.08.21 16:26:31.609,1.65085,1.651,7.80,2.00
2009.08.21 16:26:34.248,1.65085,1.65105,7.70,2.00
2009.08.21 16:26:34.308,1.6509,1.65105,1.00,2.00
2009.08.21 16:26:34.728,1.6509,1.651,2.00,2.00
2009.08.21 16:26:35.008,1.65085,1.651,2.00,1.00
2009.08.21 16:26:35.528,1.65085,1.65105,2.00,4.00
2009.08.21 16:26:36.058,1.65085,1.65105,5.40,2.40
2009.08.21 16:26:36.408,1.65085,1.65105,5.40,4.00
2009.08.21 16:26:36.867,1.65085,1.65105,5.40,2.40
2009.08.21 16:26:37.217,1.65085,1.65105,5.40,4.00
2009.08.21 16:26:37.727,1.65085,1.65105,5.00,4.00
2009.08.21 16:26:37.957,1.65085,1.65105,5.00,4.90
2009.08.21 16:26:38.177,1.65085,1.65105,2.40,4.90
2009.08.21 16:26:38.467,1.65085,1.65105,2.40,6.50
2009.08.21 16:26:38.867,1.65085,1.651,2.40,2.00
2009.08.21 16:26:41.836,1.6509,1.651,2.00,2.00
2009.08.21 16:26:42.356,1.6509,1.6511,2.00,2.00
2009.08.21 16:26:46.865,1.6509,1.6511,2.10,2.00
2009.08.21 16:26:50.154,1.6509,1.6511,1.70,2.00
2009.08.21 16:26:50.424,1.6509,1.6511,1.00,2.00
2009.08.21 16:26:55.533,1.65085,1.6511,7.30,6.00
2009.08.21 16:26:55.883,1.6508,1.651,6.10,2.00
2009.08.21 16:26:56.123,1.6508,1.651,4.50,2.00
2009.08.21 16:26:56.293,1.6508,1.651,2.90,2.00
2009.08.21 16:26:57.393,1.6508,1.65105,4.90,5.20
2009.08.21 16:26:57.732,1.6508,1.65105,6.50,3.60
2009.08.21 16:26:58.192,1.6508,1.65105,8.10,2.00
2009.08.21 16:26:58.482,1.6508,1.65105,10.20,2.00
2009.08.21 16:26:58.762,1.65085,1.65105,2.60,2.00
2009.08.21 16:26:59.042,1.65085,1.65105,4.20,2.00
2009.08.21 16:26:59.442,1.65085,1.65105,1.80,2.00
2009.08.21 16:26:59.723,1.65085,1.65105,1.40,2.00
2009.08.21 16:27:01.042,1.65085,1.65105,2.00,2.40
2009.08.21 16:27:01.902,1.65085,1.6511,2.00,10.00
2009.08.21 16:27:02.422,1.65085,1.6511,7.80,5.20
2009.08.21 16:27:02.871,1.6509,1.6511,2.00,3.20
2009.08.21 16:27:03.421,1.6509,1.6511,2.00,1.60
2009.08.21 16:27:05.210,1.65095,1.65115,1.00,10.20
2009.08.21 16:27:05.562,1.65095,1.65115,2.00,3.60
2009.08.21 16:27:05.971,1.65095,1.6511,2.00,1.00
2009.08.21 16:27:06.370,1.6509,1.6511,2.00,1.00
2009.08.21 16:27:06.880,1.6509,1.65115,2.00,8.40
2009.08.21 16:27:08.610,1.6509,1.6511,2.00,3.20
2009.08.21 16:27:09.170,1.6509,1.6511,6.00,4.00
2009.08.21 16:27:09.510,1.6509,1.6511,2.00,2.00
2009.08.21 16:27:09.720,1.6509,1.6511,2.00,1.60
2009.08.21 16:27:12.339,1.6509,1.65105,2.00,1.00
2009.08.21 16:27:12.860,1.65085,1.65105,2.00,5.10
2009.08.21 16:27:13.199,1.65085,1.65105,2.00,6.70
2009.08.21 16:27:14.019,1.65085,1.65105,2.00,7.50
2009.08.21 16:27:14.359,1.65085,1.65105,2.00,7.90
2009.08.21 16:27:14.799,1.65085,1.651,2.00,3.20
2009.08.21 16:27:15.118,1.6508,1.651,5.60,2.00
2009.08.21 16:27:15.448,1.6508,1.651,3.60,2.00
2009.08.21 16:27:15.798,1.6508,1.65095,3.20,2.00
2009.08.21 16:27:16.198,1.65075,1.65095,3.60,2.00
2009.08.21 16:27:16.538,1.65075,1.65095,3.60,2.80
2009.08.21 16:27:16.828,1.6508,1.65095,1.00,2.80
2009.08.21 16:27:17.608,1.6508,1.65095,1.00,2.00
2009.08.21 16:27:18.058,1.65075,1.65095,5.70,2.00
2009.08.21 16:27:18.917,1.65075,1.65095,3.70,2.00
2009.08.21 16:27:19.377,1.65075,1.65095,5.70,2.00
2009.08.21 16:27:20.727,1.6508,1.65095,1.00,2.00
2009.08.21 16:27:22.377,1.65075,1.65095,3.70,2.00
2009.08.21 16:27:22.677,1.65075,1.65095,5.70,2.00
2009.08.21 16:27:23.316,1.65075,1.65095,3.70,2.00
2009.08.21 16:27:29.265,1.65075,1.65095,5.70,2.00
2009.08.21 16:27:29.325,1.6508,1.65095,2.00,2.00
2009.08.21 16:27:29.555,1.65075,1.65095,5.70,2.00
2009.08.21 16:27:30.954,1.6508,1.65095,1.00,2.00
2009.08.21 16:27:33.264,1.6508,1.651,1.00,6.00
2009.08.21 16:27:36.673,1.65085,1.651,2.60,3.60
2009.08.21 16:27:36.963,1.65085,1.65105,5.20,2.00
2009.08.21 16:27:37.253,1.65085,1.6511,6.80,4.40
2009.08.21 16:27:37.773,1.6509,1.6511,2.00,2.80
2009.08.21 16:27:38.473,1.6509,1.651,2.00,4.90
2009.08.21 16:27:38.943,1.6508,1.65095,3.60,1.60
2009.08.21 16:27:39.342,1.65065,1.65085,3.60,2.00
2009.08.21 16:27:39.642,1.6506,1.6508,6.90,2.80
2009.08.21 16:27:39.962,1.6506,1.6508,2.10,2.80
2009.08.21 16:27:41.852,1.6506,1.6508,2.00,2.80
2009.08.21 16:27:43.491,1.6506,1.6508,6.50,2.00
2009.08.21 16:27:44.001,1.65065,1.65085,2.00,6.40
2009.08.21 16:27:50.200,1.65065,1.65085,2.00,2.80
2009.08.21 16:27:53.969,1.6508,1.6509,1.50,2.00
2009.08.21 16:27:54.259,1.6508,1.651,6.40,2.00
2009.08.21 16:27:54.549,1.6509,1.651,2.00,1.60
2009.08.21 16:27:54.990,1.65085,1.6511,4.00,6.80
2009.08.21 16:27:55.338,1.65085,1.65105,2.00,1.60
2009.08.21 16:27:55.678,1.6508,1.651,6.40,2.00
2009.08.21 16:27:55.999,1.6508,1.65105,6.40,6.80
2009.08.21 16:27:56.349,1.6508,1.651,6.40,2.00
2009.08.21 16:27:58.429,1.6508,1.651,6.00,2.00
2009.08.21 16:27:58.708,1.6508,1.651,5.60,2.00
2009.08.21 16:27:59.377,1.6508,1.651,6.00,2.00
2009.08.21 16:28:03.017,1.6508,1.651,6.80,2.00
2009.08.21 16:28:03.716,1.6509,1.651,1.60,2.00
2009.08.21 16:28:04.167,1.6508,1.651,7.10,2.00
2009.08.21 16:28:04.676,1.6509,1.651,2.00,1.60
2009.08.21 16:28:04.956,1.6509,1.6511,2.00,6.80
2009.08.21 16:28:05.236,1.6508,1.651,2.00,2.00
2009.08.21 16:28:05.616,1.6508,1.651,6.10,2.00
2009.08.21 16:28:06.016,1.6508,1.651,6.00,2.00
2009.08.21 16:28:08.865,1.6508,1.651,6.10,2.00
2009.08.21 16:28:09.215,1.6508,1.651,3.60,2.00
2009.08.21 16:28:09.385,1.6508,1.651,6.10,2.00
2009.08.21 16:28:10.235,1.6508,1.651,6.00,2.00
2009.08.21 16:28:10.975,1.6508,1.651,6.10,2.00
2009.08.21 16:28:11.825,1.6508,1.651,5.60,2.00
2009.08.21 16:28:12.295,1.65085,1.651,2.00,3.20
2009.08.21 16:28:12.815,1.65085,1.65095,1.60,2.00
2009.08.21 16:28:13.164,1.65075,1.65095,6.00,2.00
2009.08.21 16:28:13.744,1.65075,1.651,7.10,5.20
2009.08.21 16:28:17.633,1.65085,1.65105,2.00,7.60
2009.08.21 16:28:19.865,1.65085,1.651,1.60,2.00
2009.08.21 16:28:20.203,1.65085,1.651,1.00,2.00
2009.08.21 16:28:22.042,1.65085,1.65105,2.00,6.80
2009.08.21 16:28:22.282,1.65085,1.65105,2.00,3.20
2009.08.21 16:28:22.552,1.6509,1.65105,2.00,3.20
2009.08.21 16:28:23.622,1.6509,1.65105,2.00,1.60
2009.08.21 16:28:24.472,1.65095,1.6511,2.00,6.80
2009.08.21 16:28:24.732,1.6509,1.65105,1.00,2.00
2009.08.21 16:28:25.011,1.65085,1.65105,4.40,2.00
2009.08.21 16:28:25.511,1.65085,1.65105,3.60,1.60
2009.08.21 16:28:26.021,1.65085,1.65105,2.00,1.00
2009.08.21 16:28:26.481,1.65085,1.65105,3.40,2.00
2009.08.21 16:28:27.001,1.65085,1.65105,1.80,2.00
2009.08.21 16:28:28.421,1.6509,1.65105,2.00,1.60
2009.08.21 16:28:28.771,1.6509,1.65105,2.00,2.40
2009.08.21 16:28:29.120,1.6509,1.65105,2.00,4.00
2009.08.21 16:28:29.631,1.6509,1.65105,2.00,3.20
2009.08.21 16:28:30.040,1.6509,1.65105,2.00,1.60
2009.08.21 16:28:31.710,1.65095,1.6511,2.00,8.50
2009.08.21 16:28:34.749,1.6509,1.6511,2.00,8.50
2009.08.21 16:28:35.029,1.6509,1.65105,2.00,1.60
2009.08.21 16:28:36.659,1.6509,1.65105,2.00,1.00
2009.08.21 16:28:36.939,1.6509,1.65105,2.00,2.00
2009.08.21 16:28:38.338,1.6509,1.651,2.00,1.40
2009.08.21 16:28:38.718,1.6508,1.6509,1.60,2.40
2009.08.21 16:28:39.058,1.65075,1.6508,1.00,1.00
2009.08.21 16:28:39.278,1.65065,1.6508,6.40,1.00
2009.08.21 16:28:39.628,1.65065,1.65085,6.40,2.40
2009.08.21 16:28:39.798,1.65065,1.6508,6.40,1.00
2009.08.21 16:28:41.247,1.65065,1.65085,6.40,2.00
2009.08.21 16:28:42.267,1.65065,1.6509,6.40,11.70
2009.08.21 16:28:42.617,1.65065,1.6509,6.40,12.10
2009.08.21 16:28:43.088,1.65065,1.65085,6.40,2.00
2009.08.21 16:28:51.005,1.65065,1.65085,6.50,2.00
2009.08.21 16:28:51.555,1.65065,1.65085,6.40,2.00
2009.08.21 16:28:52.765,1.65065,1.65085,7.00,2.00
2009.08.21 16:28:53.125,1.65075,1.6509,1.00,3.60
2009.08.21 16:28:53.475,1.65075,1.65095,8.00,3.60
2009.08.21 16:28:53.775,1.65075,1.651,9.60,2.00
2009.08.21 16:28:54.015,1.6508,1.651,2.00,2.00
2009.08.21 16:28:54.814,1.65095,1.651,1.00,2.00
2009.08.21 16:28:55.034,1.6509,1.651,9.20,3.60
2009.08.21 16:28:55.694,1.6508,1.651,2.00,2.00
2009.08.21 16:28:56.044,1.6508,1.651,1.60,2.00
2009.08.21 16:28:56.714,1.6509,1.651,2.00,1.60
2009.08.21 16:28:57.233,1.6509,1.65105,2.00,3.20
2009.08.21 16:28:57.734,1.6508,1.651,6.00,2.00
2009.08.21 16:28:58.383,1.6508,1.651,6.10,2.00
2009.08.21 16:28:58.903,1.6508,1.651,5.30,2.00
2009.08.21 16:28:59.193,1.6508,1.65095,2.00,2.40
2009.08.21 16:28:59.592,1.65075,1.6509,3.60,5.80
2009.08.21 16:28:59.832,1.6507,1.6509,3.60,6.80
2009.08.21 16:29:00.322,1.6507,1.6509,2.00,6.40
2009.08.21 16:29:01.322,1.6507,1.6509,2.00,6.00
2009.08.21 16:29:02.081,1.65075,1.6509,2.00,6.20
2009.08.21 16:29:04.111,1.65075,1.6509,2.00,8.60
2009.08.21 16:29:07.180,1.65075,1.6509,2.00,10.20
2009.08.21 16:29:07.530,1.6508,1.6509,2.00,10.60
2009.08.21 16:29:10.440,1.6507,1.6509,2.00,11.80
2009.08.21 16:29:10.840,1.65075,1.65085,2.00,1.60
2009.08.21 16:29:11.179,1.6508,1.65085,2.00,1.60
2009.08.21 16:29:13.089,1.6508,1.6509,2.00,10.60
2009.08.21 16:29:13.789,1.6508,1.65085,2.00,1.60
2009.08.21 16:29:16.198,1.65065,1.65075,1.00,1.60
2009.08.21 16:29:16.658,1.65065,1.65085,2.90,2.00
2009.08.21 16:29:17.068,1.65075,1.6509,2.00,11.00
2009.08.21 16:29:17.578,1.65075,1.6509,2.00,11.40
2009.08.21 16:29:17.938,1.65075,1.6509,2.00,12.60
2009.08.21 16:29:18.168,1.65075,1.65085,2.00,1.60
2009.08.21 16:29:19.798,1.6508,1.6509,2.00,7.60
2009.08.21 16:29:20.607,1.6509,1.65105,4.40,4.00
2009.08.21 16:29:21.177,1.6509,1.6511,6.40,3.20
2009.08.21 16:29:21.917,1.6509,1.6511,5.60,3.20
2009.08.21 16:29:22.727,1.6509,1.6511,5.70,3.20
2009.08.21 16:29:25.006,1.6509,1.6511,3.60,3.20
2009.08.21 16:29:25.296,1.6509,1.6511,3.60,5.20
2009.08.21 16:29:30.155,1.6509,1.6511,3.60,5.30
2009.08.21 16:29:30.425,1.6509,1.6511,3.60,5.20
2009.08.21 16:29:32.434,1.6509,1.6511,2.00,5.20
2009.08.21 16:29:32.774,1.6509,1.6511,1.60,8.40
2009.08.21 16:29:33.174,1.65085,1.6511,2.00,10.40
2009.08.21 16:29:33.454,1.65085,1.65105,2.00,2.00
2009.08.21 16:29:34.884,1.65085,1.65105,3.60,2.00
2009.08.21 16:29:40.162,1.65085,1.65105,2.00,2.00
2009.08.21 16:29:41.312,1.65085,1.65105,3.60,2.00
2009.08.21 16:29:47.571,1.65085,1.65105,11.30,2.00
2009.08.21 16:29:47.741,1.6509,1.6511,3.60,5.20
2009.08.21 16:30:00.998,1.65095,1.6511,1.00,2.00
2009.08.21 16:30:01.297,1.65095,1.6511,1.00,2.00
2009.08.21 16:30:01.687,1.65095,1.6511,2.60,2.00
2009.08.21 16:30:02.157,1.65095,1.6511,8.90,1.00
2009.08.21 16:30:02.487,1.65095,1.65115,9.10,2.10
2009.08.21 16:30:03.647,1.651,1.65115,1.60,2.10
2009.08.21 16:30:03.987,1.6511,1.65115,1.60,2.00
2009.08.21 16:30:06.096,1.6513,1.65145,2.00,4.80
2009.08.21 16:30:06.586,1.65135,1.6515,1.60,8.50
2009.08.21 16:30:06.876,1.65135,1.6515,1.60,9.30
2009.08.21 16:30:08.026,1.65135,1.6515,1.60,6.90
2009.08.21 16:30:08.476,1.65135,1.6515,1.60,5.20
2009.08.21 16:30:08.866,1.65135,1.6515,1.60,2.00
2009.08.21 16:30:09.626,1.65135,1.6515,1.60,4.40
2009.08.21 16:30:09.965,1.65135,1.6515,1.60,3.60
2009.08.21 16:30:10.475,1.65135,1.6515,5.20,1.60
2009.08.21 16:30:10.825,1.65135,1.65155,5.20,8.40
2009.08.21 16:30:11.175,1.65135,1.6515,3.20,2.10
2009.08.21 16:30:11.285,1.65135,1.6515,1.60,2.10
2009.08.21 16:30:12.025,1.65135,1.6515,1.60,1.00
2009.08.21 16:30:12.305,1.65135,1.65145,1.60,1.00
2009.08.21 16:30:13.374,1.65135,1.6514,1.60,1.00
2009.08.21 16:30:14.594,1.65135,1.65145,1.60,1.60
2009.08.21 16:30:14.924,1.65135,1.6515,5.20,4.10
2009.08.21 16:30:14.984,1.65135,1.6515,5.20,4.50
2009.08.21 16:30:15.324,1.65135,1.6515,1.60,6.50
2009.08.21 16:30:15.504,1.6513,1.6515,5.20,8.10
2009.08.21 16:30:15.864,1.6513,1.6515,5.30,8.10
2009.08.21 16:30:16.604,1.6513,1.6515,5.30,8.50
2009.08.21 16:30:16.944,1.65135,1.6515,1.60,4.10
2009.08.21 16:30:17.633,1.65135,1.6515,1.60,7.70
2009.08.21 16:30:18.103,1.65135,1.65145,1.60,1.00
2009.08.21 16:30:18.323,1.65135,1.6515,1.60,8.10
2009.08.21 16:30:18.743,1.65135,1.65145,1.60,1.00
2009.08.21 16:30:20.922,1.6513,1.65135,1.60,2.00
2009.08.21 16:30:21.193,1.6512,1.65135,3.30,2.00
2009.08.21 16:30:21.743,1.6512,1.6514,3.30,3.60
2009.08.21 16:30:21.962,1.6512,1.6514,3.30,2.40
2009.08.21 16:30:22.662,1.65125,1.6514,1.00,2.00
2009.08.21 16:30:23.582,1.6513,1.6514,1.60,2.00
2009.08.21 16:30:23.922,1.6513,1.6514,1.60,2.40
2009.08.21 16:30:24.212,1.65125,1.65145,1.70,2.00
2009.08.21 16:30:24.382,1.65125,1.6515,3.70,8.10
2009.08.21 16:30:24.562,1.65125,1.6515,5.30,6.50
2009.08.21 16:30:24.792,1.6513,1.6515,1.00,6.50
2009.08.21 16:30:26.471,1.65125,1.6514,3.30,2.00
2009.08.21 16:30:26.691,1.65125,1.6514,1.70,2.00
2009.08.21 16:30:27.891,1.65125,1.65145,1.70,5.70
2009.08.21 16:30:28.731,1.65125,1.6514,1.60,2.00
2009.08.21 16:30:30.481,1.6512,1.6514,5.30,2.00
2009.08.21 16:30:32.000,1.65125,1.65145,2.00,6.90
2009.08.21 16:30:32.330,1.6512,1.6514,5.30,2.00
2009.08.21 16:30:34.769,1.6512,1.6514,2.00,2.00
2009.08.21 16:30:35.059,1.6512,1.6514,3.70,2.00
2009.08.21 16:30:42.677,1.65125,1.6514,1.00,2.00
2009.08.21 16:30:42.968,1.6512,1.6514,3.70,2.00
2009.08.21 16:30:43.539,1.6512,1.6514,2.00,2.00
2009.08.21 16:30:47.916,1.6512,1.6514,3.70,2.00
2009.08.21 16:30:51.585,1.6512,1.6514,5.20,3.60
2009.08.21 16:30:51.875,1.65125,1.6514,1.60,5.30
2009.08.21 16:30:52.175,1.6512,1.65135,2.00,1.00
2009.08.21 16:30:52.525,1.6512,1.65135,2.00,1.70
2009.08.21 16:30:53.225,1.6512,1.6513,2.00,2.80
2009.08.21 16:30:53.565,1.6512,1.65125,1.60,3.60
2009.08.21 16:30:54.035,1.65105,1.65125,2.00,2.00
2009.08.21 16:30:54.495,1.651,1.6512,7.20,2.00
2009.08.21 16:30:54.835,1.651,1.6512,2.00,4.40
2009.08.21 16:30:55.185,1.65105,1.6511,1.60,2.00
2009.08.21 16:30:55.524,1.6509,1.6511,8.00,2.00
2009.08.21 16:30:55.874,1.6509,1.65115,8.00,4.00
2009.08.21 16:30:56.214,1.65095,1.6511,1.60,2.00
2009.08.21 16:30:56.604,1.6509,1.6511,2.00,2.00
2009.08.21 16:30:57.684,1.6509,1.6511,6.00,2.00
2009.08.21 16:30:57.964,1.6509,1.6511,6.40,2.00
2009.08.21 16:30:59.593,1.6509,1.65115,6.40,3.60
2009.08.21 16:30:59.953,1.6509,1.65115,6.40,2.00
2009.08.21 16:31:01.513,1.6509,1.65115,2.00,6.80
2009.08.21 16:31:01.853,1.6509,1.65115,2.00,6.00
2009.08.21 16:31:03.242,1.6509,1.6511,2.00,4.80
2009.08.21 16:31:03.763,1.6509,1.6511,2.00,6.30
2009.08.21 16:31:04.002,1.6509,1.6511,2.00,7.50
2009.08.21 16:31:04.502,1.6509,1.65105,1.60,2.00
2009.08.21 16:31:04.842,1.6509,1.65105,2.00,1.00
2009.08.21 16:31:05.252,1.65095,1.6511,2.00,4.40
2009.08.21 16:31:05.482,1.6509,1.65105,2.00,1.00
2009.08.21 16:31:05.832,1.6509,1.65105,2.10,1.00
2009.08.21 16:31:06.182,1.65095,1.6511,2.00,4.00
2009.08.21 16:31:06.742,1.6509,1.6511,2.10,4.00
2009.08.21 16:31:07.211,1.6509,1.6511,2.00,3.20
2009.08.21 16:31:07.441,1.65095,1.6511,2.00,3.80
2009.08.21 16:31:07.781,1.65095,1.6511,2.00,4.00
2009.08.21 16:31:08.011,1.65095,1.6511,2.00,3.90
2009.08.21 16:31:08.251,1.65095,1.6511,2.00,4.30
2009.08.21 16:31:08.701,1.65095,1.6511,2.00,1.60
2009.08.21 16:31:08.941,1.65095,1.6511,2.00,5.20
2009.08.21 16:31:09.171,1.65095,1.6511,2.00,1.60
2009.08.21 16:31:09.401,1.65095,1.65115,2.00,4.40
2009.08.21 16:31:09.951,1.65095,1.65115,2.00,8.80
2009.08.21 16:31:10.241,1.65095,1.65115,2.00,4.40
2009.08.21 16:31:11.151,1.65095,1.65115,2.00,4.00
2009.08.21 16:31:11.981,1.65095,1.65115,2.00,4.60
2009.08.21 16:31:12.331,1.65095,1.65115,2.00,7.00
2009.08.21 16:31:12.680,1.65095,1.65115,2.00,5.10
2009.08.21 16:31:13.030,1.65095,1.65115,2.00,7.50
2009.08.21 16:31:13.700,1.65095,1.6511,2.00,4.10
2009.08.21 16:31:14.210,1.6509,1.6511,2.00,5.70
2009.08.21 16:31:14.510,1.6509,1.6511,2.00,6.30
2009.08.21 16:31:14.860,1.6509,1.6511,2.10,6.50
2009.08.21 16:31:17.249,1.6509,1.6511,2.10,7.30
2009.08.21 16:31:17.479,1.6509,1.65115,3.70,9.70
2009.08.21 16:31:18.869,1.6509,1.6511,2.10,6.50
2009.08.21 16:31:19.279,1.6509,1.6511,2.10,4.40
2009.08.21 16:31:19.568,1.6509,1.6511,2.10,6.50
2009.08.21 16:31:20.119,1.6509,1.65105,2.10,1.60
2009.08.21 16:31:20.768,1.6509,1.65105,3.70,1.60
2009.08.21 16:31:21.158,1.6509,1.65105,2.10,1.60
2009.08.21 16:31:22.478,1.6509,1.65105,3.70,1.60
2009.08.21 16:31:23.758,1.65095,1.65105,1.00,1.60
2009.08.21 16:31:25.357,1.6509,1.65105,2.10,1.60
2009.08.21 16:31:25.827,1.6509,1.65105,3.70,1.60
2009.08.21 16:31:27.037,1.65095,1.65105,1.00,1.60
2009.08.21 16:31:30.146,1.6509,1.65105,2.10,1.60
2009.08.21 16:31:33.475,1.6509,1.651,1.70,2.00
2009.08.21 16:31:33.835,1.6509,1.651,1.00,2.00
2009.08.21 16:31:34.125,1.6509,1.651,1.00,6.60
2009.08.21 16:31:34.355,1.65085,1.651,1.00,4.00
2009.08.21 16:31:34.635,1.65085,1.65095,1.00,2.00
2009.08.21 16:31:45.433,1.65085,1.65095,2.10,1.60
2009.08.21 16:31:45.612,1.65085,1.651,2.10,1.00
2009.08.21 16:31:45.922,1.65085,1.651,3.70,1.00
2009.08.21 16:31:47.132,1.6509,1.65105,2.00,1.60
2009.08.21 16:31:47.482,1.6509,1.6511,8.90,2.30
2009.08.21 16:31:47.842,1.65095,1.65105,3.60,1.00
2009.08.21 16:31:48.302,1.65095,1.65105,2.00,1.00
2009.08.21 16:31:49.172,1.6509,1.65095,2.00,4.00
2009.08.21 16:31:49.511,1.6508,1.6509,1.60,2.00
2009.08.21 16:31:49.852,1.65075,1.65095,5.70,1.00
2009.08.21 16:31:50.362,1.6508,1.651,5.20,4.40
2009.08.21 16:31:50.661,1.6508,1.65095,2.00,1.00
2009.08.21 16:31:51.631,1.6508,1.651,2.00,2.00
2009.08.21 16:31:51.911,1.6508,1.651,2.00,1.00
2009.08.21 16:31:52.500,1.65085,1.6511,2.00,12.80
2009.08.21 16:31:52.850,1.6508,1.65105,6.00,2.40
2009.08.21 16:31:53.200,1.65085,1.65105,2.00,6.40
2009.08.21 16:31:53.612,1.65085,1.651,2.00,1.60
2009.08.21 16:31:53.891,1.65085,1.651,1.60,2.00
2009.08.21 16:31:54.160,1.65085,1.65105,2.00,8.40
2009.08.21 16:31:54.490,1.6508,1.651,6.80,2.00
2009.08.21 16:31:54.840,1.65085,1.651,1.60,2.00
2009.08.21 16:31:54.951,1.6508,1.651,9.60,2.00
2009.08.21 16:31:55.130,1.65085,1.651,2.00,1.60
2009.08.21 16:31:55.240,1.6508,1.651,5.60,2.00
2009.08.21 16:31:55.300,1.6508,1.651,3.60,2.00
2009.08.21 16:31:55.580,1.6508,1.651,2.00,2.00
2009.08.21 16:31:57.800,1.6508,1.651,2.00,1.00
2009.08.21 16:31:59.129,1.6508,1.65095,2.00,1.00
2009.08.21 16:32:00.499,1.6508,1.65095,1.60,2.00
2009.08.21 16:32:00.909,1.6508,1.65095,1.00,4.00
2009.08.21 16:32:01.368,1.6508,1.65095,1.00,2.00
2009.08.21 16:32:02.728,1.65085,1.65095,1.00,2.00
2009.08.21 16:32:03.378,1.6508,1.65095,1.00,2.00
2009.08.21 16:32:03.718,1.65085,1.65095,2.00,1.00
2009.08.21 16:32:04.068,1.65085,1.65095,2.00,1.00
2009.08.21 16:32:13.036,1.65085,1.651,2.00,4.40
2009.08.21 16:32:13.436,1.65085,1.65095,2.00,1.00
2009.08.21 16:32:14.015,1.65085,1.651,3.70,1.20
2009.08.21 16:32:14.395,1.65085,1.651,3.70,6.00
2009.08.21 16:32:14.635,1.65085,1.65095,3.70,1.00
2009.08.21 16:32:14.906,1.65085,1.65095,3.70,1.00
2009.08.21 16:32:15.535,1.65085,1.651,3.70,1.20
2009.08.21 16:32:15.825,1.65085,1.65095,3.70,1.00
2009.08.21 16:32:16.115,1.65085,1.651,3.70,1.20
2009.08.21 16:32:16.455,1.65085,1.651,3.70,2.80
2009.08.21 16:32:17.085,1.65085,1.651,3.70,1.20
2009.08.21 16:32:17.485,1.65085,1.651,3.70,2.80
2009.08.21 16:32:18.454,1.65085,1.651,2.00,1.20
2009.08.21 16:32:18.785,1.65085,1.65095,2.00,1.60
2009.08.21 16:32:19.194,1.65085,1.651,2.00,3.10
2009.08.21 16:32:20.554,1.65085,1.651,3.70,3.10
2009.08.21 16:32:20.884,1.65085,1.651,3.70,5.10
2009.08.21 16:32:23.393,1.65085,1.651,2.00,5.10
2009.08.21 16:32:23.843,1.65085,1.651,2.00,5.60
2009.08.21 16:32:24.243,1.6508,1.651,2.10,5.60
2009.08.21 16:32:24.533,1.65085,1.651,1.00,4.40
2009.08.21 16:32:24.763,1.65085,1.651,2.00,2.20
2009.08.21 16:32:25.243,1.65085,1.651,2.00,1.80
2009.08.21 16:32:25.413,1.65085,1.651,2.00,1.50
2009.08.21 16:32:25.943,1.6509,1.651,1.00,1.50
2009.08.21 16:32:26.513,1.6509,1.651,1.00,1.90
2009.08.21 16:32:26.852,1.6509,1.651,1.00,1.60
2009.08.21 16:32:30.921,1.6509,1.651,1.00,3.20
2009.08.21 16:32:31.281,1.6509,1.651,1.00,1.60
2009.08.21 16:32:31.631,1.6509,1.651,1.00,3.20
2009.08.21 16:32:31.971,1.6509,1.651,1.00,6.70
2009.08.21 16:32:32.321,1.6509,1.651,1.00,6.00
2009.08.21 16:32:32.721,1.6509,1.65095,1.00,2.00
2009.08.21 16:32:33.161,1.65085,1.65095,1.00,2.00
2009.08.21 16:32:33.551,1.6509,1.65095,1.00,5.60
2009.08.21 16:32:33.851,1.65085,1.6509,1.00,2.00
2009.08.21 16:32:34.200,1.6509,1.65095,1.00,3.60
2009.08.21 16:32:34.310,1.6509,1.65095,1.00,2.00
2009.08.21 16:32:39.700,1.65085,1.65095,1.00,2.00
2009.08.21 16:32:40.289,1.65085,1.6509,1.00,2.00
2009.08.21 16:32:40.629,1.65085,1.65095,2.00,1.60
2009.08.21 16:32:41.089,1.65085,1.651,2.00,3.10
2009.08.21 16:32:41.409,1.65085,1.651,2.00,1.50
2009.08.21 16:32:41.699,1.65085,1.651,2.00,3.20
2009.08.21 16:32:41.929,1.65085,1.651,3.70,1.60
2009.08.21 16:32:42.159,1.65085,1.651,2.00,1.50
2009.08.21 16:32:42.559,1.65085,1.651,2.00,1.90
2009.08.21 16:32:43.119,1.6508,1.6509,2.00,1.00
2009.08.21 16:32:43.639,1.6508,1.6509,2.00,1.20
2009.08.21 16:32:43.988,1.6508,1.6509,2.00,1.00
2009.08.21 16:32:44.328,1.65085,1.651,2.00,1.30
2009.08.21 16:32:44.678,1.65085,1.65095,2.00,1.00
2009.08.21 16:32:53.036,1.65085,1.651,2.00,2.80
2009.08.21 16:32:53.856,1.65085,1.651,2.00,4.40
2009.08.21 16:32:54.036,1.65085,1.651,2.00,2.80
2009.08.21 16:32:54.266,1.65085,1.651,2.00,4.40
2009.08.21 16:32:54.486,1.65085,1.65095,2.00,1.00
2009.08.21 16:32:54.706,1.65085,1.651,2.00,2.80
2009.08.21 16:32:54.826,1.65085,1.651,2.00,4.40
2009.08.21 16:32:54.885,1.65085,1.651,2.00,2.80
2009.08.21 16:32:55.185,1.65085,1.651,2.00,4.40
2009.08.21 16:32:55.355,1.65085,1.651,2.00,2.80
2009.08.21 16:32:56.215,1.65085,1.651,2.00,4.40
2009.08.21 16:32:56.885,1.65085,1.65095,2.00,1.00
2009.08.21 16:32:57.295,1.65085,1.651,2.00,4.40
2009.08.21 16:32:57.625,1.65085,1.651,2.40,1.60
2009.08.21 16:32:58.025,1.65085,1.651,2.00,2.00
2009.08.21 16:32:58.365,1.6508,1.65095,1.60,2.00
2009.08.21 16:32:58.715,1.65075,1.65095,2.40,2.00
2009.08.21 16:32:59.174,1.65075,1.65095,2.00,2.00
2009.08.21 16:33:09.152,1.6507,1.6509,10.40,2.00
2009.08.21 16:33:09.392,1.65075,1.6509,1.60,2.00
2009.08.21 16:33:09.622,1.6507,1.6509,6.10,2.00
2009.08.21 16:33:10.142,1.6507,1.6509,5.60,2.10
2009.08.21 16:33:10.832,1.6507,1.6509,6.00,2.10
2009.08.21 16:33:11.742,1.6507,1.6508,6.00,1.00
2009.08.21 16:33:12.251,1.6507,1.6508,5.60,1.00
2009.08.21 16:33:14.981,1.6507,1.6508,6.00,1.00
2009.08.21 16:33:15.201,1.6507,1.6508,3.60,1.00
2009.08.21 16:33:15.561,1.65065,1.6508,3.60,1.00
2009.08.21 16:33:18.500,1.65065,1.6508,6.20,1.00
2009.08.21 16:33:18.850,1.6507,1.65085,5.50,1.70
2009.08.21 16:33:19.140,1.6507,1.65085,5.50,1.00
2009.08.21 16:33:19.600,1.65075,1.65085,1.00,1.00
2009.08.21 16:33:20.070,1.65075,1.65085,4.00,2.50
2009.08.21 16:33:20.300,1.65075,1.65085,4.00,1.70
2009.08.21 16:33:20.810,1.65075,1.65085,2.40,1.00
2009.08.21 16:33:21.159,1.65075,1.6509,3.00,6.50
2009.08.21 16:33:21.659,1.65075,1.6509,5.00,2.50
2009.08.21 16:33:22.009,1.65075,1.65085,2.00,1.00
2009.08.21 16:33:22.399,1.6507,1.65085,9.60,1.00
2009.08.21 16:33:22.799,1.6507,1.65085,5.20,1.00
2009.08.21 16:33:23.269,1.6507,1.65085,5.20,1.00
2009.08.21 16:33:23.600,1.6507,1.6508,5.20,1.00
2009.08.21 16:33:26.348,1.6507,1.6509,5.20,4.40
2009.08.21 16:33:26.688,1.6507,1.65085,5.20,1.00
2009.08.21 16:33:27.038,1.6507,1.65085,7.20,1.00
2009.08.21 16:33:27.508,1.6507,1.65085,5.60,1.00
2009.08.21 16:33:27.898,1.6507,1.65085,3.60,1.00
2009.08.21 16:33:28.238,1.6507,1.65085,3.60,1.00
2009.08.21 16:33:28.767,1.6507,1.6508,3.60,1.00
2009.08.21 16:33:29.787,1.6507,1.6508,2.00,1.00
2009.08.21 16:33:30.137,1.6507,1.6508,2.00,1.00
2009.08.21 16:33:30.487,1.65065,1.6508,3.60,1.30
2009.08.21 16:33:30.777,1.65065,1.6508,2.00,1.30
2009.08.21 16:33:32.247,1.65065,1.6508,2.00,2.90
2009.08.21 16:33:38.075,1.65065,1.6508,2.00,1.30
2009.08.21 16:33:38.425,1.65065,1.6508,1.60,1.30
2009.08.21 16:33:38.775,1.6506,1.65075,6.90,1.00
2009.08.21 16:33:39.125,1.6506,1.65075,3.20,1.20
2009.08.21 16:33:39.485,1.6506,1.65075,1.60,1.20
2009.08.21 16:33:40.914,1.6506,1.6508,1.60,2.80
2009.08.21 16:33:41.154,1.6506,1.6508,3.60,6.10
2009.08.21 16:33:41.444,1.6506,1.6508,3.70,6.10
2009.08.21 16:33:41.734,1.6506,1.6508,5.30,4.50
2009.08.21 16:33:42.814,1.65065,1.6508,2.00,4.50
2009.08.21 16:33:43.914,1.65065,1.6508,1.60,4.50
2009.08.21 16:33:44.244,1.6506,1.6508,5.30,4.50
2009.08.21 16:33:44.534,1.6506,1.6508,5.30,2.80
2009.08.21 16:33:46.433,1.6506,1.65075,5.30,1.00
2009.08.21 16:33:46.653,1.6506,1.65075,1.60,2.80
2009.08.21 16:33:47.133,1.6506,1.65075,1.60,1.30
2009.08.21 16:33:50.972,1.6506,1.65075,1.60,2.90
2009.08.21 16:33:52.882,1.6506,1.65075,3.60,2.90
2009.08.21 16:33:53.232,1.6506,1.65075,1.60,2.90
2009.08.21 16:34:04.950,1.65065,1.65075,2.00,2.10
2009.08.21 16:34:05.349,1.65065,1.65075,2.00,1.60
2009.08.21 16:34:05.809,1.65065,1.6508,2.00,4.50
2009.08.21 16:34:07.228,1.6506,1.6508,7.20,4.50
2009.08.21 16:34:07.558,1.6506,1.6508,5.30,4.50
2009.08.21 16:34:07.858,1.65065,1.6508,2.00,4.50
2009.08.21 16:34:08.958,1.65065,1.6508,1.60,4.50
2009.08.21 16:34:09.238,1.6506,1.6508,5.30,4.50
2009.08.21 16:34:10.457,1.65065,1.6508,2.00,4.50
2009.08.21 16:34:14.857,1.6506,1.6508,5.30,4.50
2009.08.21 16:34:15.416,1.65065,1.6508,2.00,4.50
2009.08.21 16:34:21.925,1.65065,1.6508,2.00,3.70
2009.08.21 16:34:22.325,1.65065,1.6508,2.00,4.50
2009.08.21 16:34:34.761,1.6506,1.6508,5.30,4.50
2009.08.21 16:34:35.211,1.65065,1.6508,1.60,2.90
2009.08.21 16:34:35.441,1.65065,1.65085,1.60,10.50
2009.08.21 16:34:35.561,1.6507,1.65085,1.60,5.30
2009.08.21 16:34:35.851,1.6507,1.65085,1.60,3.70
2009.08.21 16:34:36.131,1.6507,1.65085,1.60,1.70
2009.08.21 16:34:37.111,1.6507,1.6508,1.60,1.80
2009.08.21 16:34:37.351,1.65065,1.65085,2.00,13.70
2009.08.21 16:34:37.651,1.65065,1.65085,2.00,14.10
2009.08.21 16:34:37.891,1.65065,1.65085,2.00,16.10
2009.08.21 16:34:39.090,1.65065,1.6508,2.00,2.50
2009.08.21 16:34:39.780,1.65065,1.6508,2.00,2.30
2009.08.21 16:34:39.950,1.65065,1.6508,2.00,1.90
2009.08.21 16:34:40.220,1.65065,1.6508,2.00,1.50
2009.08.21 16:34:40.280,1.6506,1.65075,3.60,1.00
2009.08.21 16:34:40.400,1.6506,1.65075,2.00,1.00
2009.08.21 16:34:40.630,1.65065,1.6508,2.00,4.50
2009.08.21 16:34:41.260,1.6506,1.6508,5.20,5.70
2009.08.21 16:34:41.660,1.65065,1.6508,2.00,4.90
2009.08.21 16:34:42.350,1.65065,1.6508,2.00,4.10
2009.08.21 16:34:42.530,1.65065,1.65075,2.00,1.00
2009.08.21 16:34:42.700,1.6506,1.6508,5.60,4.80
2009.08.21 16:34:43.040,1.65065,1.6508,2.00,4.50
2009.08.21 16:34:48.088,1.6506,1.6508,3.60,4.50
2009.08.21 16:34:48.428,1.65065,1.6508,2.00,4.50
2009.08.21 16:34:51.767,1.65065,1.65085,3.60,3.30
2009.08.21 16:34:53.797,1.6507,1.6509,3.60,3.20
2009.08.21 16:34:55.067,1.6507,1.6508,3.60,1.00
2009.08.21 16:34:55.237,1.6507,1.6508,2.00,1.00
2009.08.21 16:34:55.876,1.6507,1.6508,2.00,1.20
2009.08.21 16:34:56.116,1.6507,1.6508,2.00,4.40
2009.08.21 16:34:56.396,1.6507,1.65075,2.00,1.00
2009.08.21 16:34:57.696,1.65065,1.6507,3.60,1.00
2009.08.21 16:34:58.056,1.65065,1.6507,2.00,1.00
2009.08.21 16:34:59.126,1.6506,1.65075,2.00,1.20
2009.08.21 16:34:59.296,1.65065,1.65075,2.00,1.20
2009.08.21 16:35:01.725,1.6506,1.65075,4.00,1.20
2009.08.21 16:35:02.005,1.6506,1.65075,2.00,1.20
2009.08.21 16:35:02.695,1.6506,1.6507,2.00,1.00
2009.08.21 16:35:03.045,1.6506,1.6507,2.00,1.10
2009.08.21 16:35:03.395,1.65055,1.6507,2.00,2.70
2009.08.21 16:35:03.745,1.65055,1.65075,2.00,13.50
2009.08.21 16:35:04.834,1.65055,1.65075,2.00,13.70
2009.08.21 16:35:05.534,1.65055,1.65075,2.00,13.30
2009.08.21 16:35:05.704,1.65055,1.6507,2.00,2.10
2009.08.21 16:35:08.753,1.65055,1.6507,1.70,2.00
2009.08.21 16:35:09.093,1.65055,1.6507,3.60,3.00
2009.08.21 16:35:09.443,1.6506,1.6507,2.00,1.80
2009.08.21 16:35:09.843,1.65055,1.6507,3.60,1.70
2009.08.21 16:35:10.253,1.65055,1.6507,2.00,1.70
2009.08.21 16:35:11.183,1.6505,1.6507,3.60,1.60
2009.08.21 16:35:11.523,1.6505,1.6507,2.00,1.60
2009.08.21 16:35:11.933,1.6505,1.6507,4.00,1.60
2009.08.21 16:35:12.263,1.6505,1.6507,5.60,1.60
2009.08.21 16:35:12.663,1.6505,1.6507,3.60,1.60
2009.08.21 16:35:13.002,1.6505,1.6507,2.00,1.60
2009.08.21 16:35:14.032,1.6505,1.6507,2.00,3.60
2009.08.21 16:35:16.292,1.6505,1.6507,2.00,5.20
2009.08.21 16:35:16.682,1.6505,1.6506,3.60,2.70
2009.08.21 16:35:17.032,1.65045,1.6506,7.20,3.00
2009.08.21 16:35:17.431,1.65045,1.6506,1.70,6.00
2009.08.21 16:35:17.771,1.6504,1.65055,1.00,2.00
2009.08.21 16:35:18.621,1.6504,1.65055,2.10,1.00
2009.08.21 16:35:18.961,1.65045,1.65055,1.00,2.00
2009.08.21 16:35:19.371,1.6503,1.6505,4.40,2.00
2009.08.21 16:35:19.721,1.6503,1.6505,2.00,2.00
2009.08.21 16:35:20.961,1.6503,1.6505,1.70,2.00
2009.08.21 16:35:22.750,1.65025,1.65045,2.40,6.00
2009.08.21 16:35:23.250,1.6502,1.65035,1.00,4.40
2009.08.21 16:35:23.670,1.65015,1.65025,1.00,2.00
2009.08.21 16:35:24.130,1.65005,1.65025,2.10,2.00
2009.08.21 16:35:24.520,1.6501,1.65025,1.00,2.00
2009.08.21 16:35:25.041,1.65005,1.65025,8.90,2.00
2009.08.21 16:35:25.400,1.6501,1.6503,2.00,2.00
2009.08.21 16:35:25.979,1.65015,1.6503,1.00,2.00
2009.08.21 16:35:28.459,1.6502,1.6503,1.00,2.00
2009.08.21 16:35:28.760,1.6501,1.6503,2.00,2.00
2009.08.21 16:35:29.059,1.6501,1.6502,2.00,1.00
2009.08.21 16:35:29.109,1.65005,1.65025,7.20,2.10
2009.08.21 16:35:29.619,1.65005,1.6502,2.00,2.30
2009.08.21 16:35:30.128,1.65005,1.6502,2.00,4.20
2009.08.21 16:35:30.598,1.65005,1.6502,2.00,4.80
2009.08.21 16:35:31.630,1.6501,1.65025,2.00,2.80
2009.08.21 16:35:31.978,1.65015,1.6503,2.00,5.80
2009.08.21 16:35:32.318,1.65015,1.65035,2.00,11.90
2009.08.21 16:35:32.658,1.6501,1.65025,2.00,1.00
2009.08.21 16:35:32.988,1.65015,1.6503,2.00,4.60
2009.08.21 16:35:33.508,1.65015,1.6503,2.00,2.00
2009.08.21 16:35:33.797,1.65015,1.6503,2.00,1.60
2009.08.21 16:35:34.137,1.65015,1.65035,2.00,11.80
2009.08.21 16:35:35.137,1.65015,1.65035,2.00,11.40
2009.08.21 16:35:36.397,1.65015,1.65035,2.00,11.80
2009.08.21 16:35:36.637,1.65015,1.65035,2.00,9.40
2009.08.21 16:35:37.027,1.65015,1.65035,2.00,6.60
2009.08.21 16:35:37.497,1.65015,1.65035,2.00,6.20
2009.08.21 16:35:37.967,1.65015,1.65035,2.00,5.80
2009.08.21 16:35:38.726,1.65015,1.65035,2.00,9.00
2009.08.21 16:35:39.246,1.6501,1.65035,2.00,15.40
2009.08.21 16:35:39.596,1.6501,1.65035,2.00,15.80
2009.08.21 16:35:39.966,1.6501,1.65035,2.00,15.60
2009.08.21 16:35:40.136,1.6501,1.65035,2.00,16.00
2009.08.21 16:35:40.596,1.6501,1.65035,4.50,16.00
2009.08.21 16:35:41.635,1.6501,1.6503,4.50,6.80
2009.08.21 16:35:42.325,1.6501,1.6502,4.50,1.00
2009.08.21 16:35:42.735,1.6501,1.6502,5.30,1.00
2009.08.21 16:35:43.295,1.6501,1.6502,2.00,2.30
2009.08.21 16:35:43.585,1.65005,1.6502,6.90,1.90
2009.08.21 16:35:44.095,1.65005,1.6502,6.90,2.30
2009.08.21 16:35:44.985,1.65005,1.6502,9.30,2.20
2009.08.21 16:35:45.345,1.6501,1.6502,3.60,1.40
2009.08.21 16:35:45.575,1.6501,1.6502,2.00,1.40
2009.08.21 16:35:45.985,1.65005,1.6502,6.90,1.90
2009.08.21 16:35:47.584,1.6501,1.6502,3.60,1.50
2009.08.21 16:35:48.064,1.6501,1.6502,3.20,4.40
2009.08.21 16:35:48.454,1.65,1.65015,7.20,1.60
2009.08.21 16:35:48.694,1.6501,1.6503,2.00,12.00
2009.08.21 16:35:48.974,1.65005,1.6503,5.20,12.00
2009.08.21 16:35:49.214,1.65005,1.6503,3.60,12.00
2009.08.21 16:35:49.554,1.6501,1.6503,2.00,12.00
2009.08.21 16:35:50.304,1.65005,1.65025,3.60,2.00
2009.08.21 16:35:50.943,1.65005,1.65025,6.50,2.00
2009.08.21 16:35:51.423,1.65005,1.65025,10.90,2.00
2009.08.21 16:35:51.953,1.6502,1.6503,2.00,2.20
2009.08.21 16:35:52.683,1.65015,1.6503,2.00,5.80
2009.08.21 16:35:52.973,1.6502,1.65035,2.00,7.80
2009.08.21 16:35:53.613,1.6502,1.65035,2.00,5.40
2009.08.21 16:35:54.962,1.65015,1.6503,3.60,5.80
2009.08.21 16:35:55.312,1.65015,1.65035,2.00,6.20
2009.08.21 16:35:55.593,1.6502,1.65035,2.00,7.80
2009.08.21 16:35:56.002,1.6502,1.65035,2.00,5.40
2009.08.21 16:35:56.342,1.65015,1.65035,4.40,7.40
2009.08.21 16:35:56.782,1.6502,1.6503,1.20,7.10
2009.08.21 16:35:57.072,1.65015,1.6502,2.00,1.00
2009.08.21 16:35:59.161,1.65015,1.65025,2.00,1.00
2009.08.21 16:35:59.541,1.65015,1.65035,4.00,9.00
2009.08.21 16:36:00.001,1.65025,1.6503,2.00,1.00
2009.08.21 16:36:00.821,1.65025,1.6503,2.00,1.50
2009.08.21 16:36:01.351,1.6502,1.65025,2.00,1.00
2009.08.21 16:36:02.391,1.65015,1.65025,3.60,1.00
2009.08.21 16:36:02.790,1.6502,1.65025,2.00,1.00
2009.08.21 16:36:03.011,1.65015,1.65025,2.00,1.00
2009.08.21 16:36:04.790,1.65015,1.6503,4.00,1.20
2009.08.21 16:36:04.900,1.6503,1.65035,1.00,11.30
2009.08.21 16:36:06.769,1.6502,1.6503,2.00,1.00
2009.08.21 16:36:08.959,1.6502,1.6503,1.60,2.00
2009.08.21 16:36:09.339,1.6501,1.6503,8.10,2.00
2009.08.21 16:36:09.679,1.6501,1.6503,8.50,2.00
2009.08.21 16:36:10.739,1.6502,1.6503,1.00,2.00
2009.08.21 16:36:14.298,1.6501,1.6503,2.00,10.20
2009.08.21 16:36:14.537,1.6501,1.65025,1.70,2.00
2009.08.21 16:36:14.897,1.6501,1.65025,1.00,2.00
2009.08.21 16:36:15.117,1.6501,1.65025,1.00,1.00
2009.08.21 16:36:15.458,1.65005,1.65025,2.00,2.00
2009.08.21 16:36:17.747,1.6501,1.65025,1.00,2.00
2009.08.21 16:36:20.396,1.65005,1.65025,5.70,2.00
2009.08.21 16:36:20.636,1.6501,1.65025,1.00,2.00
2009.08.21 16:36:20.916,1.6501,1.6503,2.00,4.60
2009.08.21 16:36:21.376,1.6501,1.65025,2.10,2.00
2009.08.21 16:36:21.606,1.6501,1.6503,2.00,10.40
2009.08.21 16:36:21.956,1.6501,1.6503,2.00,2.00
2009.08.21 16:36:22.306,1.6501,1.65025,1.00,2.00
2009.08.21 16:36:22.656,1.65005,1.65025,4.50,2.00
2009.08.21 16:36:22.946,1.6501,1.65025,2.10,2.00
2009.08.21 16:36:23.576,1.6501,1.65025,2.00,1.60
2009.08.21 16:36:23.925,1.6502,1.65025,2.40,2.00
2009.08.21 16:36:24.285,1.65015,1.65035,3.20,5.00
2009.08.21 16:36:24.625,1.65015,1.6503,1.60,6.00
2009.08.21 16:36:24.805,1.65005,1.6503,5.70,6.00
2009.08.21 16:36:24.985,1.65005,1.6503,5.70,8.00
2009.08.21 16:36:25.155,1.65005,1.65025,5.70,2.00
2009.08.21 16:36:27.215,1.65005,1.65025,6.10,2.00
2009.08.21 16:36:28.774,1.65005,1.65025,5.70,2.00
2009.08.21 16:36:29.114,1.65005,1.65025,6.10,2.00
2009.08.21 16:36:32.024,1.64995,1.6501,3.60,1.40
2009.08.21 16:36:32.913,1.64995,1.6501,6.80,1.40
2009.08.21 16:36:33.243,1.64995,1.6501,7.20,1.40
2009.08.21 16:36:33.583,1.64995,1.6501,6.80,1.40
2009.08.21 16:36:37.014,1.65,1.6501,5.60,1.00
2009.08.21 16:36:37.513,1.6501,1.6503,1.60,13.20
2009.08.21 16:36:37.972,1.65005,1.65025,5.60,2.00
2009.08.21 16:36:51.129,1.65005,1.65025,2.00,2.00
2009.08.21 16:36:56.597,1.65005,1.65025,2.00,2.70
2009.08.21 16:36:56.937,1.65005,1.65025,2.00,2.30
2009.08.21 16:36:59.597,1.65005,1.6502,2.00,1.00
2009.08.21 16:36:59.887,1.65005,1.65025,2.00,2.30
2009.08.21 16:37:00.537,1.65005,1.65025,2.00,2.10
2009.08.21 16:37:00.656,1.65005,1.65025,2.00,2.00
2009.08.21 16:37:13.104,1.65005,1.65025,2.00,2.10
2009.08.21 16:37:13.344,1.65005,1.6502,2.00,3.00
2009.08.21 16:37:13.863,1.65,1.6502,3.60,3.50
2009.08.21 16:37:14.213,1.65,1.6502,2.00,2.00
2009.08.21 16:37:23.711,1.65,1.6502,4.00,2.00
2009.08.21 16:37:23.941,1.65005,1.6502,2.00,7.80
2009.08.21 16:37:24.171,1.65005,1.6502,2.00,4.20
2009.08.21 16:37:24.761,1.6502,1.65025,2.00,2.60
2009.08.21 16:37:25.101,1.6502,1.6503,2.00,5.60
2009.08.21 16:37:26.340,1.6502,1.6503,2.00,6.00
2009.08.21 16:37:26.690,1.6502,1.6503,2.10,6.00
2009.08.21 16:37:29.779,1.6502,1.6503,1.70,6.00
2009.08.21 16:37:30.119,1.6502,1.65025,1.00,1.00
2009.08.21 16:37:38.357,1.65015,1.65025,1.00,2.00
2009.08.21 16:37:40.637,1.6501,1.65025,1.00,2.00
2009.08.21 16:37:41.217,1.65005,1.6502,2.10,3.50
2009.08.21 16:37:41.727,1.65005,1.6502,1.00,2.00
2009.08.21 16:37:59.632,1.65,1.6502,2.10,2.00
2009.08.21 16:38:10.340,1.65,1.6502,3.70,2.00
2009.08.21 16:38:11.769,1.65,1.6502,2.10,2.00
2009.08.21 16:38:21.437,1.64995,1.65,9.60,2.00
2009.08.21 16:38:21.707,1.6499,1.64995,5.60,2.00
2009.08.21 16:38:21.997,1.6498,1.65,2.00,2.00
2009.08.21 16:38:22.417,1.6498,1.65,1.00,2.00
2009.08.21 16:38:22.697,1.6498,1.64995,1.00,2.00
2009.08.21 16:38:24.076,1.6498,1.64995,2.50,2.00
2009.08.21 16:38:25.556,1.6498,1.65,2.50,5.60
2009.08.21 16:38:25.836,1.6498,1.65,2.50,3.60
2009.08.21 16:38:26.126,1.6498,1.65,2.50,2.00
2009.08.21 16:38:26.876,1.6498,1.64995,2.50,2.00
2009.08.21 16:38:27.155,1.6498,1.64995,1.00,2.00
2009.08.21 16:38:27.436,1.6498,1.65,2.00,5.60
2009.08.21 16:38:27.836,1.6498,1.65,7.60,3.60
2009.08.21 16:38:28.185,1.64985,1.65005,2.00,2.00
2009.08.21 16:38:30.165,1.6498,1.65005,10.00,2.00
2009.08.21 16:38:30.625,1.64985,1.65005,2.00,2.00
2009.08.21 16:38:33.114,1.64985,1.65005,2.80,2.00
2009.08.21 16:38:33.464,1.64985,1.65005,9.60,2.00
2009.08.21 16:38:34.624,1.64985,1.65005,2.00,2.00
2009.08.21 16:38:35.304,1.6498,1.65,5.20,2.00
2009.08.21 16:38:35.364,1.6498,1.65,3.60,2.00
2009.08.21 16:38:43.562,1.6498,1.65,2.00,2.00
2009.08.21 16:38:50.700,1.64995,1.65,2.00,2.40
2009.08.21 16:38:50.990,1.65,1.65005,2.00,2.40
2009.08.21 16:38:51.610,1.65,1.65005,1.60,2.00
2009.08.21 16:38:51.840,1.64985,1.65005,3.60,2.00
2009.08.21 16:38:53.050,1.64985,1.65005,2.00,2.10
2009.08.21 16:38:53.519,1.64985,1.65,2.00,1.00
2009.08.21 16:38:53.749,1.6498,1.65,3.60,2.00
2009.08.21 16:38:54.029,1.6498,1.65,2.00,2.00
2009.08.21 16:39:02.047,1.6498,1.65,2.00,1.70
2009.08.21 16:39:02.547,1.6498,1.65,2.00,2.00
2009.08.21 16:39:02.887,1.6498,1.65,2.10,2.00
2009.08.21 16:39:05.507,1.6498,1.65,2.00,2.00
2009.08.21 16:39:16.204,1.6498,1.65,2.00,1.60
2009.08.21 16:39:16.794,1.6498,1.65,2.00,3.60
2009.08.21 16:39:17.074,1.6498,1.6499,2.00,1.00
2009.08.21 16:39:17.313,1.6498,1.6499,2.00,1.30
2009.08.21 16:39:17.613,1.6498,1.6499,2.00,1.00
2009.08.21 16:39:19.703,1.6498,1.6499,2.00,1.00
2009.08.21 16:39:20.793,1.6498,1.65,2.00,5.20
2009.08.21 16:39:21.013,1.6498,1.65,2.00,3.60
2009.08.21 16:39:22.502,1.6498,1.65,2.00,1.60
2009.08.21 16:39:23.782,1.6498,1.65,2.10,1.60
2009.08.21 16:39:30.670,1.6498,1.6499,2.10,1.00
2009.08.21 16:39:30.921,1.64985,1.6499,1.00,1.30
2009.08.21 16:39:31.210,1.6498,1.6499,2.10,1.30
2009.08.21 16:39:32.670,1.64985,1.6499,1.00,1.00
2009.08.21 16:39:32.910,1.64985,1.65005,1.00,10.10
2009.08.21 16:39:33.130,1.6498,1.65,2.10,2.00
2009.08.21 16:39:34.030,1.6498,1.65005,2.10,11.70
2009.08.21 16:39:34.509,1.6498,1.65005,2.10,10.10
2009.08.21 16:39:34.799,1.6498,1.65,2.10,1.70
2009.08.21 16:39:38.008,1.64985,1.65005,1.00,10.10
2009.08.21 16:39:38.179,1.6498,1.65005,2.10,10.10
2009.08.21 16:39:38.459,1.64985,1.65005,1.00,10.10
2009.08.21 16:39:39.338,1.6498,1.65005,2.10,10.10
2009.08.21 16:39:39.518,1.64985,1.65005,1.00,10.10
2009.08.21 16:39:40.208,1.6498,1.65005,2.10,10.10
2009.08.21 16:39:40.489,1.64985,1.65005,1.00,10.10
2009.08.21 16:39:46.486,1.6498,1.65005,2.10,10.10
2009.08.21 16:39:47.816,1.6498,1.65,2.10,1.70
2009.08.21 16:39:57.774,1.6498,1.65,3.90,2.00
2009.08.21 16:39:58.104,1.6498,1.65,3.70,4.00
2009.08.21 16:39:58.544,1.64985,1.65005,1.00,10.50
2009.08.21 16:39:58.894,1.6498,1.65,2.00,3.60
2009.08.21 16:40:01.613,1.6498,1.65,2.00,2.00
2009.08.21 16:40:03.403,1.6498,1.65,2.00,6.60
2009.08.21 16:40:03.752,1.6498,1.65,2.00,2.60
2009.08.21 16:40:04.752,1.6498,1.65,2.10,2.60
2009.08.21 16:40:05.032,1.6498,1.65,2.10,3.00
2009.08.21 16:40:06.542,1.6498,1.65,2.10,2.70
2009.08.21 16:40:06.862,1.6498,1.65,2.10,2.30
2009.08.21 16:40:07.211,1.6498,1.65,2.10,1.90
2009.08.21 16:40:20.878,1.6498,1.65,3.60,2.00
2009.08.21 16:40:30.916,1.6499,1.65,1.60,2.00
2009.08.21 16:40:31.196,1.64985,1.65005,2.00,2.10
2009.08.21 16:40:31.606,1.64985,1.65005,5.20,2.00
2009.08.21 16:40:31.946,1.6499,1.6501,2.00,6.00
2009.08.21 16:40:33.335,1.6499,1.6501,2.00,6.80
2009.08.21 16:40:33.725,1.64985,1.6501,3.60,9.20
2009.08.21 16:40:33.785,1.64985,1.6501,2.00,9.20
2009.08.21 16:40:34.065,1.64985,1.65005,2.00,2.00
2009.08.21 16:40:38.544,1.64985,1.6501,2.00,9.20
2009.08.21 16:40:44.183,1.64985,1.65005,2.00,1.00
2009.08.21 16:40:49.701,1.64985,1.65005,3.70,1.00
2009.08.21 16:40:52.950,1.64985,1.65005,2.00,1.20
2009.08.21 16:40:54.271,1.64985,1.65005,2.00,1.00
2009.08.21 16:40:57.819,1.64985,1.65005,3.70,1.00
2009.08.21 16:41:00.349,1.64985,1.65005,2.00,1.00
2009.08.21 16:41:05.838,1.64985,1.65005,3.60,1.00
2009.08.21 16:41:06.127,1.64985,1.65005,5.20,1.00
2009.08.21 16:41:09.946,1.64985,1.65005,5.30,2.00
2009.08.21 16:41:13.186,1.64985,1.65005,5.20,2.00
2009.08.21 16:41:17.825,1.64985,1.65005,5.30,2.00
2009.08.21 16:41:18.064,1.64985,1.65005,5.20,2.00
2009.08.21 16:41:20.314,1.64985,1.65005,2.00,2.00
2009.08.21 16:41:20.484,1.6498,1.65005,13.70,2.00
2009.08.21 16:41:24.443,1.6498,1.65005,12.10,2.00
2009.08.21 16:41:25.613,1.64985,1.65005,1.00,2.00
2009.08.21 16:41:26.212,1.64985,1.65005,1.00,4.00
2009.08.21 16:41:26.263,1.64985,1.65,1.00,2.00
2009.08.21 16:41:26.513,1.64985,1.65,1.00,2.00
2009.08.21 16:41:26.863,1.6499,1.65005,2.00,1.20
2009.08.21 16:41:27.322,1.64995,1.65005,1.00,1.20
2009.08.21 16:41:28.042,1.64995,1.65005,1.00,1.00
2009.08.21 16:41:28.742,1.65,1.65005,1.00,1.00
2009.08.21 16:41:30.282,1.64995,1.65005,1.00,1.60
2009.08.21 16:41:30.452,1.64995,1.65,1.00,1.60
2009.08.21 16:41:30.752,1.6499,1.65,1.00,1.60
2009.08.21 16:41:31.091,1.6499,1.65005,2.50,1.00
2009.08.21 16:41:31.311,1.64995,1.65005,1.00,1.20
2009.08.21 16:41:32.111,1.64995,1.65005,1.00,1.00
2009.08.21 16:41:33.281,1.64995,1.65005,1.00,1.00
2009.08.21 16:41:36.590,1.65,1.65005,1.00,1.00
2009.08.21 16:41:36.820,1.6501,1.6502,2.00,4.20
2009.08.21 16:41:37.090,1.65015,1.6503,2.00,6.00
2009.08.21 16:41:37.480,1.65015,1.6504,4.40,3.20
2009.08.21 16:41:37.770,1.65015,1.6502,1.60,3.20
2009.08.21 16:41:38.120,1.65005,1.6502,12.50,2.00
2009.08.21 16:41:38.450,1.65015,1.65025,2.00,1.00
2009.08.21 16:41:38.912,1.65015,1.65025,1.00,1.00
2009.08.21 16:41:39.440,1.65015,1.6503,1.00,4.00
2009.08.21 16:41:39.669,1.65015,1.6503,2.90,7.40
2009.08.21 16:41:39.969,1.6502,1.6503,2.00,5.40
2009.08.21 16:41:40.389,1.6502,1.6503,2.00,4.20
2009.08.21 16:41:40.669,1.6502,1.6503,1.00,3.60
2009.08.21 16:41:41.199,1.6502,1.6503,1.00,4.40
2009.08.21 16:41:41.429,1.65015,1.6503,2.10,4.70
2009.08.21 16:41:41.599,1.65015,1.6503,2.00,4.70
2009.08.21 16:41:41.839,1.6501,1.65025,1.00,2.40
2009.08.21 16:41:42.169,1.6501,1.65025,1.00,2.00
2009.08.21 16:41:42.559,1.6501,1.65025,1.00,2.40
2009.08.21 16:41:42.899,1.6501,1.65025,1.00,4.40
2009.08.21 16:41:43.239,1.6501,1.6502,1.00,2.00
2009.08.21 16:41:54.836,1.6501,1.65025,1.70,4.00
2009.08.21 16:41:55.166,1.6501,1.65025,1.70,2.00
2009.08.21 16:41:59.874,1.6501,1.65025,1.70,2.40
2009.08.21 16:42:00.105,1.65015,1.6502,1.00,2.00
2009.08.21 16:42:00.585,1.65015,1.65025,1.00,2.00
2009.08.21 16:42:00.814,1.65015,1.65025,1.00,2.00
2009.08.21 16:42:01.154,1.6502,1.6503,4.40,1.00
2009.08.21 16:42:01.434,1.6501,1.65015,6.90,2.00
2009.08.21 16:42:01.884,1.6501,1.65015,2.80,2.00
2009.08.21 16:42:02.644,1.65015,1.65025,1.00,4.40
2009.08.21 16:42:03.114,1.65015,1.6503,1.00,2.00
2009.08.21 16:42:03.504,1.65015,1.6503,1.00,2.00
2009.08.21 16:42:04.024,1.65015,1.6502,1.00,2.00
2009.08.21 16:42:04.543,1.65015,1.6502,1.00,2.00
2009.08.21 16:42:05.053,1.65015,1.6502,1.00,2.00
2009.08.21 16:42:05.733,1.65005,1.6502,5.20,2.00
2009.08.21 16:42:05.963,1.65005,1.6502,3.60,2.00
2009.08.21 16:42:06.193,1.65,1.6502,10.10,2.00
2009.08.21 16:42:06.413,1.65,1.6502,10.60,2.00
2009.08.21 16:42:06.753,1.6502,1.65025,1.00,4.80
2009.08.21 16:42:07.323,1.65025,1.6503,6.40,2.80
2009.08.21 16:42:07.663,1.65025,1.65045,8.50,2.80
2009.08.21 16:42:08.053,1.65025,1.65045,8.60,2.00
2009.08.21 16:42:08.513,1.65025,1.65045,12.20,2.00
2009.08.21 16:42:08.903,1.65025,1.65035,7.30,1.60
2009.08.21 16:42:09.252,1.65025,1.6503,4.50,2.00
2009.08.21 16:42:09.762,1.65025,1.65035,2.00,1.00
2009.08.21 16:42:10.052,1.6503,1.6504,1.00,2.00
2009.08.21 16:42:11.052,1.65035,1.6504,1.00,2.00
2009.08.21 16:42:11.932,1.6503,1.6504,1.00,2.00
2009.08.21 16:42:12.551,1.65025,1.65045,6.30,2.80
2009.08.21 16:42:12.901,1.6503,1.65035,1.00,6.80
2009.08.21 16:42:13.592,1.65025,1.6503,10.80,1.00
2009.08.21 16:42:13.991,1.6503,1.6505,1.00,2.00
2009.08.21 16:42:15.021,1.65035,1.6505,1.00,2.00
2009.08.21 16:42:15.522,1.65025,1.6503,1.90,2.00
2009.08.21 16:42:15.881,1.6502,1.65025,1.00,2.00
2009.08.21 16:42:16.341,1.6502,1.6503,1.00,4.00
2009.08.21 16:42:16.871,1.65025,1.6503,1.00,2.00
2009.08.21 16:42:18.500,1.6503,1.6504,7.60,1.60
2009.08.21 16:42:18.740,1.65025,1.65035,3.50,2.00
2009.08.21 16:42:18.980,1.65025,1.6504,3.10,2.00
2009.08.21 16:42:19.330,1.65025,1.6504,1.50,2.00
2009.08.21 16:42:22.069,1.6503,1.6504,1.00,2.00
2009.08.21 16:42:22.459,1.65025,1.6504,3.90,2.00
2009.08.21 16:42:22.799,1.6503,1.6504,1.00,2.00
2009.08.21 16:42:23.599,1.6503,1.65045,1.00,2.00
2009.08.21 16:42:24.120,1.65025,1.6505,7.50,6.00
2009.08.21 16:42:24.458,1.6503,1.6505,1.00,6.00
2009.08.21 16:42:25.898,1.65035,1.6505,1.00,6.00
2009.08.21 16:42:28.288,1.65035,1.6505,1.00,5.60
2009.08.21 16:42:28.618,1.65035,1.6505,1.00,4.00
2009.08.21 16:42:29.257,1.65035,1.6505,1.00,5.60
2009.08.21 16:42:29.547,1.65035,1.6505,1.00,6.40
2009.08.21 16:42:34.806,1.65035,1.6505,1.00,4.30
2009.08.21 16:42:35.996,1.6503,1.6505,3.70,4.40
2009.08.21 16:42:36.226,1.6503,1.6505,3.70,4.30
2009.08.21 16:42:37.195,1.6503,1.6505,3.70,4.10
2009.08.21 16:42:43.134,1.6503,1.6505,3.70,4.30
2009.08.21 16:42:43.474,1.6503,1.6505,3.70,4.70
2009.08.21 16:42:43.704,1.6503,1.6505,3.70,5.50
2009.08.21 16:42:44.234,1.6503,1.65045,1.70,2.00
2009.08.21 16:42:44.464,1.6503,1.65045,1.00,2.00
2009.08.21 16:42:52.032,1.6503,1.65045,2.10,2.40
2009.08.21 16:42:52.272,1.6503,1.65045,3.70,1.00
2009.08.21 16:42:52.562,1.6503,1.65055,3.70,10.90
2009.08.21 16:42:54.331,1.6503,1.65055,2.00,10.90
2009.08.21 16:42:54.561,1.6503,1.65055,2.00,12.00
2009.08.21 16:42:56.061,1.6503,1.6505,2.00,5.20
2009.08.21 16:42:56.331,1.6503,1.6505,2.00,6.00
2009.08.21 16:42:56.951,1.6503,1.6505,2.00,5.70
2009.08.21 16:42:58.400,1.6503,1.65045,2.00,1.00
2009.08.21 16:42:58.760,1.6502,1.65025,17.30,1.00
2009.08.21 16:42:59.180,1.65005,1.6501,3.20,1.60
2009.08.21 16:42:59.640,1.65,1.6501,1.00,2.40
2009.08.21 16:43:00.000,1.65,1.6501,1.00,2.00
2009.08.21 16:43:01.300,1.65,1.6501,2.00,1.60
2009.08.21 16:43:05.749,1.65005,1.65015,2.00,1.20
2009.08.21 16:43:05.869,1.65005,1.65015,2.00,1.00
2009.08.21 16:43:06.149,1.65005,1.6502,2.00,3.70
2009.08.21 16:43:06.319,1.65005,1.6502,2.00,2.90
2009.08.21 16:43:06.768,1.65005,1.6502,2.00,4.50
2009.08.21 16:43:09.368,1.6501,1.6502,2.00,4.40
2009.08.21 16:43:09.878,1.65005,1.6501,6.80,1.60
2009.08.21 16:43:10.318,1.65,1.6501,2.00,1.60
2009.08.21 16:43:11.047,1.64995,1.6501,1.00,2.00
2009.08.21 16:43:11.697,1.65,1.6501,1.00,2.00
2009.08.21 16:43:13.147,1.65,1.6501,1.00,3.20
2009.08.21 16:43:13.787,1.65,1.6501,1.00,1.60
2009.08.21 16:43:14.187,1.64995,1.65005,1.00,2.00
2009.08.21 16:43:17.127,1.64995,1.6501,1.00,3.60
2009.08.21 16:43:17.406,1.64995,1.65005,1.00,2.00
2009.08.21 16:43:18.736,1.65,1.65005,1.00,2.00
2009.08.21 16:43:19.295,1.65,1.6501,1.00,1.60
2009.08.21 16:43:20.025,1.65,1.65015,2.10,2.00
2009.08.21 16:43:20.725,1.65005,1.65015,1.00,2.00
2009.08.21 16:43:22.405,1.65,1.65015,1.00,2.80
2009.08.21 16:43:22.805,1.65,1.6501,1.00,2.00
2009.08.21 16:43:26.194,1.65,1.6501,1.00,3.20
2009.08.21 16:43:26.434,1.65,1.6501,1.00,1.60
2009.08.21 16:43:29.583,1.64995,1.6501,3.60,1.60
2009.08.21 16:43:34.052,1.65,1.6501,1.00,1.60
2009.08.21 16:43:34.442,1.64995,1.6501,3.60,1.60
2009.08.21 16:43:34.612,1.64995,1.6501,2.00,2.10
2009.08.21 16:43:34.792,1.64995,1.6501,2.00,4.10
2009.08.21 16:43:35.821,1.64995,1.65005,2.00,1.00
2009.08.21 16:43:37.041,1.64995,1.65005,2.00,1.70
2009.08.21 16:43:37.261,1.64995,1.65005,2.00,2.50
2009.08.21 16:43:44.259,1.64985,1.65,1.70,2.00
2009.08.21 16:43:44.420,1.64995,1.65,2.00,1.60
2009.08.21 16:43:44.959,1.64995,1.6501,2.00,3.20
2009.08.21 16:43:45.310,1.64995,1.6501,2.00,1.60
2009.08.21 16:43:48.638,1.64995,1.6501,2.00,1.60
2009.08.21 16:43:59.156,1.64995,1.6501,2.00,4.00
2009.08.21 16:44:08.393,1.64995,1.6501,2.00,4.00
2009.08.21 16:44:08.663,1.64995,1.6501,2.00,4.90
2009.08.21 16:44:10.114,1.64995,1.6501,2.00,5.90
2009.08.21 16:44:10.463,1.64995,1.6501,2.00,5.30
2009.08.21 16:44:10.813,1.6499,1.6501,2.00,4.90
2009.08.21 16:44:11.393,1.64995,1.6501,2.00,4.90
2009.08.21 16:44:12.422,1.64995,1.6501,2.00,6.50
2009.08.21 16:44:18.901,1.64995,1.65015,2.00,10.50
2009.08.21 16:44:23.830,1.65005,1.6501,3.60,1.60
2009.08.21 16:44:24.220,1.65005,1.65015,1.60,5.20
2009.08.21 16:44:24.680,1.64995,1.65015,2.00,2.80
2009.08.21 16:44:24.980,1.65,1.65015,2.00,2.40
2009.08.21 16:44:25.450,1.65,1.6502,2.00,6.50
2009.08.21 16:44:26.989,1.65,1.6502,2.00,8.10
2009.08.21 16:44:27.209,1.65,1.6502,2.00,10.50
2009.08.21 16:44:27.549,1.65,1.65015,2.00,2.40
2009.08.21 16:44:28.639,1.65005,1.65015,2.00,1.00
2009.08.21 16:44:28.979,1.65005,1.6502,2.00,3.20
2009.08.21 16:44:29.379,1.6501,1.6502,2.00,1.60
2009.08.21 16:44:30.299,1.65005,1.6502,4.00,1.60
2009.08.21 16:44:30.588,1.65005,1.6502,4.40,1.60
2009.08.21 16:44:30.878,1.6501,1.6502,2.40,1.60
2009.08.21 16:44:31.648,1.6501,1.6502,2.00,2.80
2009.08.21 16:44:32.168,1.6501,1.6502,2.00,4.40
2009.08.21 16:44:32.668,1.65005,1.65015,2.00,1.00
2009.08.21 16:44:33.058,1.65005,1.6502,4.00,5.30
2009.08.21 16:44:33.508,1.6501,1.6502,2.00,5.50
2009.08.21 16:44:34.028,1.65005,1.6502,3.60,8.70
2009.08.21 16:44:34.528,1.65005,1.6502,2.00,10.10
2009.08.21 16:44:35.217,1.6501,1.6502,2.00,8.40
2009.08.21 16:44:35.437,1.65005,1.6502,5.60,3.60
2009.08.21 16:44:35.917,1.6501,1.6502,2.00,3.60
2009.08.21 16:44:36.487,1.6501,1.6502,2.00,3.70
2009.08.21 16:44:36.717,1.65005,1.6502,3.60,3.70
2009.08.21 16:44:36.947,1.65005,1.6502,2.00,3.60
2009.08.21 16:44:37.307,1.65005,1.6502,2.00,3.70
2009.08.21 16:44:38.346,1.65005,1.6502,2.00,3.60
2009.08.21 16:44:38.726,1.6501,1.6502,2.00,1.20
2009.08.21 16:44:40.026,1.6501,1.65025,2.00,4.00
2009.08.21 16:44:40.476,1.6501,1.6502,2.00,2.00
2009.08.21 16:44:40.976,1.6501,1.6502,2.00,2.40
2009.08.21 16:44:41.496,1.6501,1.6502,2.00,2.80
2009.08.21 16:44:42.016,1.65005,1.65015,3.60,1.00
2009.08.21 16:44:42.516,1.65005,1.65015,2.00,2.80
2009.08.21 16:44:42.925,1.65005,1.65015,2.00,1.00
2009.08.21 16:44:43.446,1.65005,1.65015,2.00,1.00
2009.08.21 16:44:43.775,1.65005,1.65015,2.00,1.20
2009.08.21 16:44:44.105,1.65005,1.65015,2.00,1.00
2009.08.21 16:44:44.575,1.6501,1.6502,2.00,1.60
2009.08.21 16:44:44.905,1.6501,1.6502,2.00,3.60
2009.08.21 16:44:45.375,1.6501,1.6502,2.00,2.80
2009.08.21 16:44:45.835,1.65005,1.6502,2.00,5.30
2009.08.21 16:44:49.394,1.65005,1.65015,2.00,2.40
2009.08.21 16:44:49.754,1.65005,1.65015,2.00,1.60
2009.08.21 16:44:50.743,1.65005,1.65015,2.00,2.40
2009.08.21 16:44:51.203,1.65005,1.65015,2.00,1.60
2009.08.21 16:44:51.263,1.65005,1.65015,2.00,2.40
2009.08.21 16:44:51.503,1.65005,1.65015,2.00,1.00
2009.08.21 16:44:51.743,1.65005,1.65015,2.00,1.00
2009.08.21 16:44:51.983,1.6501,1.65015,2.00,2.80
2009.08.21 16:44:52.333,1.6501,1.65015,2.00,1.00
2009.08.21 16:44:52.673,1.65005,1.65015,3.60,1.60
2009.08.21 16:44:53.023,1.65005,1.65015,2.00,1.00
2009.08.21 16:44:53.493,1.65005,1.65015,2.00,1.00
2009.08.21 16:44:53.843,1.65005,1.65015,2.00,2.00
2009.08.21 16:44:54.202,1.65005,1.65015,2.00,1.00
2009.08.21 16:44:54.644,1.65005,1.65015,2.00,2.80
2009.08.21 16:44:54.982,1.65005,1.65015,2.00,1.60
2009.08.21 16:44:55.492,1.65005,1.6502,2.00,2.80
2009.08.21 16:44:56.162,1.6501,1.65015,2.00,1.00
2009.08.21 16:44:56.552,1.6501,1.6502,2.00,2.80
2009.08.21 16:44:57.012,1.65005,1.65015,3.60,1.20
2009.08.21 16:44:57.532,1.65005,1.65015,2.00,1.20
2009.08.21 16:45:03.080,1.65005,1.65015,2.00,1.00
2009.08.21 16:45:03.420,1.65005,1.65015,2.00,1.20
2009.08.21 16:45:03.770,1.65005,1.65015,2.00,2.40
2009.08.21 16:45:04.120,1.65005,1.65015,2.00,2.00
2009.08.21 16:45:04.521,1.65005,1.65015,2.00,1.00
2009.08.21 16:45:04.760,1.6501,1.65015,2.00,2.50
2009.08.21 16:45:05.050,1.6501,1.65015,2.00,1.00
2009.08.21 16:45:05.330,1.6501,1.65015,2.00,1.60
2009.08.21 16:45:05.680,1.6501,1.65015,2.00,1.20
2009.08.21 16:45:06.020,1.6501,1.65015,2.00,1.60
2009.08.21 16:45:06.360,1.6501,1.65015,2.00,2.00
2009.08.21 16:45:06.599,1.6501,1.65015,2.00,1.00
2009.08.21 16:45:06.839,1.6501,1.65015,2.00,1.00
2009.08.21 16:45:07.070,1.6501,1.65015,2.00,1.60
2009.08.21 16:45:07.369,1.6501,1.6502,2.00,2.80
2009.08.21 16:45:08.799,1.6501,1.6502,2.00,2.00
2009.08.21 16:45:09.359,1.65005,1.6501,7.60,1.00
2009.08.21 16:45:09.689,1.65,1.6501,2.00,4.60
2009.08.21 16:45:10.419,1.65,1.6501,2.00,1.80
2009.08.21 16:45:10.929,1.6501,1.6502,2.00,4.00
2009.08.21 16:45:12.458,1.6501,1.65015,2.00,1.60
2009.08.21 16:45:12.858,1.65005,1.6501,7.60,1.20
2009.08.21 16:45:13.188,1.65,1.6501,2.00,2.60
2009.08.21 16:45:14.158,1.65,1.6502,2.10,4.40
2009.08.21 16:45:14.568,1.65005,1.6502,2.80,5.90
2009.08.21 16:45:15.058,1.6501,1.65015,2.00,2.40
2009.08.21 16:45:15.638,1.6501,1.65015,2.00,2.80
2009.08.21 16:45:17.197,1.65,1.6501,2.10,1.60
2009.08.21 16:45:18.217,1.65,1.6501,2.00,1.60
2009.08.21 16:45:22.356,1.65,1.65005,2.00,1.60
2009.08.21 16:45:22.746,1.65,1.65005,2.00,1.00
2009.08.21 16:45:23.156,1.64995,1.65005,3.60,2.80
2009.08.21 16:45:23.715,1.64995,1.65005,2.00,1.20
2009.08.21 16:45:24.625,1.64995,1.65005,2.00,2.80
2009.08.21 16:45:25.805,1.64995,1.65,2.00,1.00
2009.08.21 16:45:26.045,1.64995,1.65,2.00,1.00
2009.08.21 16:45:28.324,1.64995,1.65,2.00,1.00
2009.08.21 16:45:28.554,1.64995,1.65,2.00,1.00
2009.08.21 16:45:29.534,1.64995,1.65,2.00,1.00
2009.08.21 16:45:32.453,1.64995,1.65,2.00,1.40
2009.08.21 16:45:32.803,1.64995,1.65,2.00,1.00
2009.08.21 16:45:33.273,1.64995,1.65,2.00,1.00
2009.08.21 16:45:34.143,1.64995,1.65,2.00,1.00
2009.08.21 16:45:34.483,1.64995,1.65,2.00,1.00
2009.08.21 16:45:35.712,1.64995,1.65,2.00,1.10
2009.08.21 16:45:38.132,1.64995,1.65,2.00,1.00
2009.08.21 16:45:38.872,1.64995,1.65,2.00,1.00
2009.08.21 16:45:51.879,1.64995,1.6501,2.00,7.70
2009.08.21 16:45:52.469,1.64995,1.6501,2.00,6.10
2009.08.21 16:45:53.168,1.64995,1.6501,2.00,6.50
2009.08.21 16:45:54.288,1.64995,1.6501,2.00,6.90
2009.08.21 16:45:55.218,1.64995,1.6501,2.00,6.50
2009.08.21 16:45:56.518,1.64995,1.6501,2.00,6.90
2009.08.21 16:45:58.697,1.64995,1.6501,2.00,6.50
2009.08.21 16:46:00.937,1.64995,1.6501,2.00,5.70
2009.08.21 16:46:01.116,1.64995,1.6501,2.00,6.10
2009.08.21 16:46:01.406,1.64995,1.6501,2.00,5.80
2009.08.21 16:46:01.886,1.64995,1.6501,2.00,5.40
2009.08.21 16:46:02.246,1.64995,1.6501,2.00,5.80
2009.08.21 16:46:03.006,1.64995,1.65015,2.00,11.80
2009.08.21 16:46:03.246,1.6499,1.6501,4.00,2.00
2009.08.21 16:46:03.766,1.6499,1.6501,2.00,2.00
2009.08.21 16:46:04.795,1.64995,1.6501,1.00,2.00
2009.08.21 16:46:17.722,1.65,1.6501,2.10,2.80
2009.08.21 16:46:17.952,1.65,1.6501,2.00,2.80
2009.08.21 16:46:19.152,1.65,1.6501,2.10,2.80
2009.08.21 16:46:20.002,1.65,1.6501,2.10,2.70
2009.08.21 16:46:20.451,1.65,1.6501,2.10,2.10
2009.08.21 16:46:21.822,1.65,1.6501,2.00,2.10
2009.08.21 16:46:22.062,1.64995,1.6501,3.60,2.10
2009.08.21 16:46:22.121,1.64995,1.6501,1.00,2.50
2009.08.21 16:46:22.801,1.64995,1.6501,1.00,2.00
2009.08.21 16:46:28.930,1.65,1.6501,1.00,2.00
2009.08.21 16:46:30.159,1.65,1.6501,1.00,7.00
2009.08.21 16:46:30.569,1.65,1.6501,1.00,3.60
2009.08.21 16:46:30.849,1.65,1.6501,1.00,7.00
2009.08.21 16:46:31.089,1.65,1.65005,1.00,2.00
2009.08.21 16:46:33.319,1.65,1.6501,1.00,8.60
2009.08.21 16:46:34.368,1.65,1.6501,1.00,9.40
2009.08.21 16:46:36.098,1.65,1.65005,1.00,1.60
2009.08.21 16:46:36.218,1.65,1.65005,1.00,2.00
2009.08.21 16:46:38.977,1.6499,1.65005,1.00,2.10
2009.08.21 16:46:40.777,1.6499,1.65005,1.00,2.10
2009.08.21 16:46:43.316,1.6499,1.65005,2.20,2.00
2009.08.21 16:46:43.656,1.64995,1.6501,2.00,1.60
2009.08.21 16:46:44.346,1.64995,1.6501,2.00,2.00
2009.08.21 16:46:44.626,1.64995,1.6501,1.00,2.00
2009.08.21 16:46:51.504,1.64995,1.6501,1.00,3.20
2009.08.21 16:46:51.854,1.64995,1.65015,1.00,2.10
2009.08.21 16:46:55.263,1.64995,1.65015,4.90,2.00
2009.08.21 16:46:55.613,1.64995,1.6502,10.90,5.20
2009.08.21 16:46:56.323,1.64995,1.6502,11.30,5.20
2009.08.21 16:46:56.663,1.65,1.6502,1.00,5.20
2009.08.21 16:46:57.753,1.64995,1.65015,8.10,5.60
2009.08.21 16:46:58.293,1.64995,1.6501,1.80,8.50
2009.08.21 16:46:58.822,1.6499,1.65,2.90,4.80
2009.08.21 16:46:59.202,1.6499,1.64995,2.00,1.00
2009.08.21 16:46:59.533,1.6499,1.64995,1.00,1.00
2009.08.21 16:47:02.162,1.64985,1.6499,1.00,1.00
2009.08.21 16:47:02.581,1.6498,1.64995,2.50,1.00
2009.08.21 16:47:02.972,1.6498,1.64995,1.00,1.00
2009.08.21 16:47:03.141,1.6498,1.64995,1.00,4.40
2009.08.21 16:47:03.651,1.64975,1.6498,2.40,1.60
2009.08.21 16:47:04.001,1.6497,1.6498,1.00,1.60
2009.08.21 16:47:04.341,1.64965,1.6498,2.50,1.60
2009.08.21 16:47:05.761,1.64965,1.6498,2.50,3.20
2009.08.21 16:47:06.101,1.64965,1.64975,1.00,4.40
2009.08.21 16:47:06.221,1.64965,1.6497,1.30,1.00
2009.08.21 16:47:06.520,1.64965,1.6497,2.10,1.00
2009.08.21 16:47:07.130,1.64965,1.6497,2.00,6.00
2009.08.21 16:47:08.860,1.64965,1.64975,2.10,1.00
2009.08.21 16:47:09.780,1.64965,1.6497,2.10,1.00
2009.08.21 16:47:10.749,1.64965,1.64975,2.10,1.00
2009.08.21 16:47:12.079,1.64965,1.64975,2.00,1.00
2009.08.21 16:47:12.489,1.64965,1.64975,1.00,1.00
2009.08.21 16:47:12.669,1.64965,1.64975,2.00,1.00
2009.08.21 16:47:13.099,1.64965,1.6497,2.00,1.60
2009.08.21 16:47:13.280,1.6496,1.6497,2.80,1.60
2009.08.21 16:47:13.449,1.64965,1.6497,1.00,1.60
2009.08.21 16:47:13.919,1.6496,1.6497,1.00,1.60
2009.08.21 16:47:15.458,1.6496,1.6497,1.00,1.60
2009.08.21 16:47:16.558,1.6496,1.6497,2.00,1.60
2009.08.21 16:47:18.548,1.6496,1.6497,1.00,1.60
2009.08.21 16:47:21.637,1.6496,1.6497,1.00,1.60
2009.08.21 16:47:22.027,1.6496,1.6498,1.00,2.00
2009.08.21 16:47:22.327,1.6496,1.6498,2.10,6.00
2009.08.21 16:47:22.627,1.6496,1.6498,3.70,4.00
2009.08.21 16:47:23.346,1.64965,1.6498,1.00,4.00
2009.08.21 16:47:24.426,1.6496,1.6497,2.10,1.60
2009.08.21 16:47:24.826,1.6496,1.6497,1.00,1.60
2009.08.21 16:47:26.056,1.6496,1.6497,1.00,1.60
2009.08.21 16:47:27.046,1.64965,1.6498,1.00,2.00
2009.08.21 16:47:27.396,1.64965,1.6498,1.00,6.00
2009.08.21 16:47:27.875,1.64965,1.6498,1.00,2.00
2009.08.21 16:47:29.995,1.64965,1.6498,1.00,2.10
2009.08.21 16:47:30.825,1.64965,1.64975,1.00,1.00
2009.08.21 16:47:33.744,1.64965,1.6498,1.00,2.00
2009.08.21 16:47:35.454,1.64965,1.6498,1.00,4.40
2009.08.21 16:47:35.914,1.64955,1.64975,5.20,1.00
2009.08.21 16:47:36.434,1.64955,1.64975,3.60,1.00
2009.08.21 16:47:36.724,1.64955,1.64975,3.60,1.00
2009.08.21 16:47:36.954,1.6496,1.64975,1.00,1.00
2009.08.21 16:47:37.123,1.6496,1.6498,1.00,4.80
2009.08.21 16:47:39.973,1.6496,1.64975,1.00,1.00
2009.08.21 16:47:40.332,1.64955,1.64975,3.60,1.00
2009.08.21 16:47:42.342,1.6496,1.6498,1.00,4.40
2009.08.21 16:47:44.032,1.6496,1.6498,1.00,4.80
2009.08.21 16:47:46.161,1.6496,1.64975,1.00,1.00
2009.08.21 16:47:46.431,1.64955,1.64975,3.60,1.00
2009.08.21 16:47:48.441,1.64955,1.6498,5.20,4.80
2009.08.21 16:47:48.790,1.64955,1.6498,6.80,4.40
2009.08.21 16:47:50.130,1.64955,1.6497,5.20,4.00
2009.08.21 16:47:50.420,1.64955,1.6496,1.70,1.60
2009.08.21 16:47:50.930,1.6496,1.6497,1.00,6.30
2009.08.21 16:47:51.170,1.64955,1.6497,2.00,2.50
2009.08.21 16:47:51.340,1.64955,1.6497,3.60,1.00
2009.08.21 16:47:51.450,1.64955,1.6497,5.20,1.00
2009.08.21 16:47:51.629,1.64955,1.6497,5.20,1.00
2009.08.21 16:47:54.359,1.64955,1.6496,2.00,1.60
2009.08.21 16:47:54.819,1.6495,1.6496,1.00,1.60
2009.08.21 16:47:58.238,1.64955,1.64975,5.20,1.00
2009.08.21 16:47:58.418,1.6496,1.6498,1.00,4.40
2009.08.21 16:48:01.659,1.64955,1.6498,6.80,4.40
2009.08.21 16:48:20.343,1.64975,1.6498,1.00,4.70
2009.08.21 16:48:20.683,1.6497,1.6498,4.40,1.00
2009.08.21 16:48:21.073,1.6497,1.64985,4.40,2.00
2009.08.21 16:48:22.372,1.64975,1.64985,2.40,2.00
2009.08.21 16:48:22.662,1.64975,1.64985,1.00,1.00
2009.08.21 16:48:22.942,1.64975,1.64985,1.00,2.00
2009.08.21 16:48:23.282,1.6497,1.6498,1.00,2.00
2009.08.21 16:48:23.562,1.64965,1.6498,4.50,2.00
2009.08.21 16:48:23.942,1.64965,1.6498,1.00,2.00
2009.08.21 16:48:34.839,1.6497,1.6498,1.00,2.00
2009.08.21 16:48:35.649,1.6496,1.6498,6.60,2.00
2009.08.21 16:48:35.889,1.6496,1.6498,14.20,1.00
2009.08.21 16:48:36.109,1.6496,1.64985,9.30,2.00
2009.08.21 16:48:36.849,1.64965,1.64985,2.00,2.00
2009.08.21 16:48:39.788,1.6496,1.64985,9.30,2.00
2009.08.21 16:48:59.823,1.6496,1.6498,9.30,1.10
2009.08.21 16:49:00.153,1.64965,1.6498,1.00,1.50
2009.08.21 16:49:01.123,1.64965,1.6498,1.00,1.20
2009.08.21 16:49:02.313,1.64965,1.6498,1.00,1.00
2009.08.21 16:49:05.202,1.64965,1.6498,1.00,1.00
2009.08.21 16:49:05.552,1.64965,1.6498,1.00,1.80
2009.08.21 16:49:09.231,1.64965,1.6498,1.00,1.50
2009.08.21 16:49:11.240,1.64965,1.6498,1.00,1.30
2009.08.21 16:49:11.591,1.64965,1.6498,1.00,1.20
2009.08.21 16:49:11.820,1.64965,1.6498,1.00,1.00
2009.08.21 16:49:12.860,1.64965,1.6498,2.00,1.00
2009.08.21 16:49:13.910,1.6496,1.6498,11.30,1.00
2009.08.21 16:49:14.250,1.64965,1.6498,1.00,1.00
2009.08.21 16:49:23.358,1.64965,1.6498,1.00,2.40
2009.08.21 16:49:26.597,1.64965,1.6498,1.00,2.00
2009.08.21 16:49:30.006,1.64965,1.6498,1.00,2.40
2009.08.21 16:49:31.566,1.64965,1.6498,1.00,3.10
2009.08.21 16:49:31.746,1.64965,1.6498,1.00,2.90
2009.08.21 16:49:32.305,1.64965,1.6498,1.00,2.40
2009.08.21 16:49:32.595,1.64965,1.6498,1.00,2.00
2009.08.21 16:49:34.755,1.64965,1.6498,2.00,2.00
2009.08.21 16:49:38.174,1.64965,1.6498,1.70,2.00
2009.08.21 16:49:38.404,1.64965,1.6498,1.00,2.00
2009.08.21 16:49:48.572,1.64965,1.6498,2.00,2.00
2009.08.21 16:49:52.361,1.64965,1.6498,1.70,2.00
2009.08.21 16:49:52.541,1.64965,1.6498,1.00,2.00
2009.08.21 16:49:54.910,1.64965,1.6498,1.00,2.40
2009.08.21 16:49:55.850,1.64955,1.6496,2.40,1.60
2009.08.21 16:49:57.359,1.64945,1.6496,7.70,1.60
2009.08.21 16:49:58.229,1.6495,1.6496,2.00,1.60
2009.08.21 16:49:59.659,1.6496,1.64965,1.00,2.40
2009.08.21 16:50:02.038,1.64955,1.6497,1.60,2.00
2009.08.21 16:50:02.268,1.6496,1.64975,2.00,2.80
2009.08.21 16:50:02.618,1.64965,1.6498,2.00,2.40
2009.08.21 16:50:06.747,1.64965,1.6498,2.10,2.40
2009.08.21 16:50:07.717,1.64965,1.6498,2.10,2.00
2009.08.21 16:50:12.136,1.64965,1.6498,2.10,1.60
2009.08.21 16:50:14.675,1.64965,1.64985,2.10,3.60
2009.08.21 16:50:15.195,1.64965,1.64985,3.70,3.60
2009.08.21 16:50:15.535,1.64965,1.64985,2.10,3.60
2009.08.21 16:50:16.945,1.64965,1.64985,3.70,3.60
2009.08.21 16:50:18.544,1.64965,1.64985,2.10,3.60
2009.08.21 16:50:18.894,1.64965,1.64985,3.70,3.60
2009.08.21 16:50:19.764,1.64965,1.64985,2.10,3.60
2009.08.21 16:50:20.114,1.64965,1.64985,3.70,3.60
2009.08.21 16:50:21.594,1.6497,1.64985,1.00,3.60
2009.08.21 16:50:22.734,1.6497,1.64985,1.00,4.00
2009.08.21 16:50:23.563,1.64965,1.64985,1.00,4.00
2009.08.21 16:50:24.253,1.64965,1.6498,1.00,2.10
2009.08.21 16:50:24.583,1.64965,1.6498,1.00,2.00
2009.08.21 16:50:27.772,1.64965,1.6498,2.10,1.30
2009.08.21 16:50:29.032,1.6497,1.64985,1.00,2.00
2009.08.21 16:50:29.272,1.64965,1.64985,7.10,2.00
2009.08.21 16:50:29.662,1.64965,1.6499,6.90,3.60
2009.08.21 16:50:30.012,1.64965,1.6499,6.90,2.00
2009.08.21 16:50:30.362,1.64965,1.6499,6.90,2.10
2009.08.21 16:50:32.051,1.64965,1.64985,6.90,1.00
2009.08.21 16:50:37.350,1.64965,1.64985,5.30,1.00
2009.08.21 16:50:39.559,1.64965,1.6498,5.30,1.00
2009.08.21 16:50:39.999,1.64965,1.6498,2.10,1.00
2009.08.21 16:50:40.349,1.64965,1.64985,2.10,2.80
2009.08.21 16:50:40.919,1.64965,1.64985,1.00,2.80
2009.08.21 16:50:43.608,1.64965,1.64985,2.10,2.80
2009.08.21 16:50:43.828,1.64965,1.64985,3.70,2.80
2009.08.21 16:50:44.698,1.64965,1.6498,3.70,1.00
2009.08.21 16:50:46.928,1.64965,1.64985,3.70,1.00
2009.08.21 16:50:55.856,1.64965,1.64985,2.10,1.00
2009.08.21 16:50:57.755,1.64965,1.6499,2.00,10.00
2009.08.21 16:50:58.115,1.64965,1.64985,2.00,1.00
2009.08.21 16:50:58.755,1.64965,1.64985,2.10,1.00
2009.08.21 16:50:59.645,1.64965,1.64985,3.70,1.00
2009.08.21 16:50:59.994,1.64965,1.6498,2.10,1.00
2009.08.21 16:51:00.514,1.64965,1.6498,1.70,1.00
2009.08.21 16:51:00.844,1.64965,1.6498,1.00,1.00
2009.08.21 16:51:01.704,1.64965,1.6498,1.00,1.00
2009.08.21 16:51:01.924,1.64965,1.6498,1.00,1.10
2009.08.21 16:51:02.034,1.64965,1.6498,1.00,1.50
2009.08.21 16:51:02.384,1.64965,1.6498,2.10,7.90
2009.08.21 16:51:02.734,1.64965,1.64975,1.00,1.00
2009.08.21 16:51:05.803,1.6496,1.6497,2.00,1.00
2009.08.21 16:51:06.033,1.6496,1.6497,1.60,1.00
2009.08.21 16:51:06.433,1.6495,1.6497,5.30,3.90
2009.08.21 16:51:06.783,1.6495,1.6497,5.30,3.50
2009.08.21 16:51:07.183,1.6495,1.6497,5.30,3.90
2009.08.21 16:51:07.293,1.6495,1.6497,5.30,2.00
2009.08.21 16:51:07.633,1.64955,1.6497,1.00,2.00
2009.08.21 16:51:08.322,1.6495,1.6497,5.30,2.00
2009.08.21 16:51:09.022,1.6495,1.6497,5.20,2.00
2009.08.21 16:51:11.292,1.6495,1.6497,9.80,2.00
2009.08.21 16:51:11.582,1.6495,1.6497,12.20,2.00
2009.08.21 16:51:11.821,1.6495,1.6497,5.20,2.00
2009.08.21 16:51:14.001,1.6496,1.6497,1.00,2.00
2009.08.21 16:51:14.111,1.6495,1.6496,5.20,1.00
2009.08.21 16:51:32.366,1.6495,1.6497,5.20,2.00
2009.08.21 16:51:39.445,1.6495,1.6497,3.20,2.00
2009.08.21 16:51:39.845,1.6495,1.6497,5.20,2.00
2009.08.21 16:51:42.204,1.64955,1.64975,3.60,8.70
2009.08.21 16:51:42.494,1.64955,1.64975,7.20,2.00
2009.08.21 16:51:46.123,1.64955,1.64975,6.80,2.00
2009.08.21 16:51:47.713,1.64955,1.64975,6.90,2.00
2009.08.21 16:51:48.963,1.6496,1.64975,1.00,2.00
2009.08.21 16:51:50.622,1.64965,1.64975,1.00,2.00
2009.08.21 16:51:54.231,1.6496,1.64975,1.00,2.00
2009.08.21 16:51:54.581,1.64965,1.64975,1.00,2.00
2009.08.21 16:51:55.591,1.6496,1.64975,1.00,2.00
2009.08.21 16:51:55.851,1.64965,1.64975,1.00,2.00
2009.08.21 16:51:57.271,1.64965,1.64975,1.00,1.00
2009.08.21 16:51:58.650,1.6496,1.6497,2.10,1.00
2009.08.21 16:51:59.042,1.6496,1.6497,2.10,2.00
2009.08.21 16:51:59.730,1.6496,1.6497,2.00,2.00
2009.08.21 16:52:01.150,1.6496,1.6497,2.00,2.40
2009.08.21 16:52:01.490,1.6496,1.6497,2.00,3.00
2009.08.21 16:52:01.839,1.6496,1.6497,2.10,3.00
2009.08.21 16:52:03.169,1.6496,1.6497,2.00,2.80
2009.08.21 16:52:03.679,1.6496,1.6497,2.10,2.80
2009.08.21 16:52:04.539,1.6496,1.6497,2.10,2.40
2009.08.21 16:52:04.899,1.6496,1.6497,2.00,2.40
2009.08.21 16:52:05.179,1.6496,1.6497,2.10,2.40
2009.08.21 16:52:05.479,1.6496,1.6497,2.00,2.60
2009.08.21 16:52:06.228,1.64955,1.6496,8.10,1.00
2009.08.21 16:52:06.908,1.6497,1.64975,2.00,9.00
2009.08.21 16:52:07.428,1.64965,1.6497,1.00,1.60
2009.08.21 16:52:07.848,1.6496,1.6498,4.50,3.60
2009.08.21 16:52:08.188,1.6496,1.6498,4.50,2.00
2009.08.21 16:52:09.218,1.64965,1.6498,1.00,2.00
2009.08.21 16:52:10.148,1.64965,1.64985,1.00,20.00
2009.08.21 16:52:10.498,1.6496,1.6498,4.50,12.20
2009.08.21 16:52:11.127,1.6496,1.64985,4.50,21.00
2009.08.21 16:52:11.407,1.6496,1.64985,5.30,18.90
2009.08.21 16:52:13.097,1.6496,1.6498,4.50,12.50
2009.08.21 16:52:13.957,1.64965,1.64975,1.00,9.30
2009.08.21 16:52:14.317,1.6496,1.6497,2.00,2.90
2009.08.21 16:52:17.416,1.6496,1.6497,2.10,2.90
2009.08.21 16:52:17.976,1.6496,1.6497,2.10,2.50
2009.08.21 16:52:18.205,1.6496,1.6497,2.10,1.00
2009.08.21 16:52:20.265,1.6496,1.6497,2.10,1.30
2009.08.21 16:52:22.685,1.6496,1.6497,2.00,1.30
2009.08.21 16:52:23.024,1.6496,1.6497,2.10,1.30
2009.08.21 16:52:27.304,1.6496,1.6497,4.50,2.00
2009.08.21 16:52:31.242,1.64965,1.6497,1.00,2.00
2009.08.21 16:52:31.602,1.6496,1.6497,4.50,2.00
2009.08.21 16:52:31.952,1.64965,1.6497,1.00,2.00
2009.08.21 16:52:33.472,1.64965,1.6497,1.00,1.00
2009.08.21 16:52:34.882,1.64965,1.6497,1.00,1.30
2009.08.21 16:52:35.172,1.64965,1.6497,1.00,1.00
2009.08.21 16:52:35.462,1.64965,1.6498,1.00,3.60
2009.08.21 16:52:35.852,1.64965,1.6498,2.50,2.00
2009.08.21 16:52:36.331,1.6497,1.6498,1.00,2.00
2009.08.21 16:52:37.551,1.64965,1.6497,2.70,1.00
2009.08.21 16:52:38.471,1.64965,1.6497,2.70,1.00
2009.08.21 16:52:42.270,1.64975,1.6498,2.50,3.20
2009.08.21 16:52:42.720,1.64965,1.6497,26.40,1.00
2009.08.21 16:52:43.250,1.6498,1.6499,2.00,3.40
2009.08.21 16:52:43.710,1.64975,1.6499,2.50,3.40
2009.08.21 16:52:44.059,1.6498,1.6499,1.00,3.00
2009.08.21 16:52:44.819,1.6498,1.6499,1.00,3.80
2009.08.21 16:52:45.179,1.6497,1.64985,2.00,1.00
2009.08.21 16:52:45.519,1.6497,1.6498,2.00,1.00
2009.08.21 16:52:45.909,1.6497,1.6498,2.00,3.90
2009.08.21 16:52:46.309,1.6497,1.6498,1.60,3.90
2009.08.21 16:52:46.589,1.64965,1.6498,1.00,3.50
2009.08.21 16:52:46.929,1.6497,1.6498,1.00,3.90
2009.08.21 16:52:47.678,1.6497,1.6498,1.00,3.50
2009.08.21 16:52:49.918,1.6497,1.6498,1.00,3.10
2009.08.21 16:52:54.757,1.64965,1.6497,1.00,1.00
2009.08.21 16:52:54.997,1.64965,1.6497,1.00,1.00
2009.08.21 16:52:55.237,1.6497,1.6498,1.00,4.00
2009.08.21 16:52:55.517,1.64965,1.6497,1.00,1.00
2009.08.21 16:52:55.857,1.64955,1.6497,12.90,1.00
2009.08.21 16:52:56.087,1.64955,1.6497,7.70,2.00
2009.08.21 16:52:56.327,1.64955,1.6497,3.20,2.30
2009.08.21 16:52:56.686,1.64955,1.6497,3.20,1.00
2009.08.21 16:52:57.016,1.64955,1.6497,3.20,1.80
2009.08.21 16:52:57.366,1.6495,1.6496,6.80,1.00
2009.08.21 16:52:57.706,1.64945,1.64965,5.30,6.20
2009.08.21 16:52:58.046,1.6495,1.64965,2.00,3.40
2009.08.21 16:52:58.406,1.6495,1.64965,5.20,2.20
2009.08.21 16:52:58.906,1.6495,1.64965,5.20,1.00
2009.08.21 16:52:59.595,1.6495,1.64965,5.20,1.00
2009.08.21 16:52:59.936,1.6495,1.64965,5.30,1.90
2009.08.21 16:53:00.386,1.64955,1.6496,1.00,1.90
2009.08.21 16:53:00.676,1.64955,1.6496,1.00,2.20
2009.08.21 16:53:10.583,1.64955,1.6496,1.00,1.80
2009.08.21 16:53:11.493,1.64955,1.6496,1.00,2.20
2009.08.21 16:53:12.072,1.6496,1.6497,1.00,7.10
2009.08.21 16:53:12.413,1.64955,1.6496,1.00,1.20
2009.08.21 16:53:12.692,1.6496,1.6497,1.00,7.00
2009.08.21 16:53:12.972,1.6496,1.6497,1.00,4.40
2009.08.21 16:53:13.252,1.64955,1.6497,1.00,2.40
2009.08.21 16:53:13.582,1.6495,1.6497,5.30,2.00
2009.08.21 16:53:13.932,1.64955,1.6497,1.00,2.00
2009.08.21 16:53:14.672,1.64955,1.6497,1.00,2.60
2009.08.21 16:53:16.002,1.64955,1.6497,1.00,3.90
2009.08.21 16:53:16.232,1.64955,1.6497,1.00,4.30
2009.08.21 16:53:16.522,1.64955,1.6497,1.00,3.90
2009.08.21 16:53:16.782,1.6496,1.6497,1.00,2.00
2009.08.21 16:53:17.071,1.6496,1.6497,1.00,1.60
2009.08.21 16:53:17.821,1.6495,1.6497,7.70,2.00
2009.08.21 16:53:18.221,1.6495,1.6497,10.10,1.60
2009.08.21 16:53:18.911,1.6496,1.6497,1.00,1.60
2009.08.21 16:53:22.590,1.6496,1.6498,1.00,2.00
2009.08.21 16:53:22.940,1.6496,1.64975,1.00,2.00
2009.08.21 16:53:23.300,1.6496,1.6498,1.00,3.60
2009.08.21 16:53:23.650,1.6496,1.6498,1.00,2.00
2009.08.21 16:53:24.120,1.64955,1.6498,6.90,4.10
2009.08.21 16:53:24.620,1.64955,1.6498,6.90,3.60
2009.08.21 16:53:24.970,1.64955,1.6498,6.90,2.00
2009.08.21 16:53:25.849,1.6496,1.6498,1.00,2.00
2009.08.21 16:53:27.159,1.64955,1.6498,6.90,2.10
2009.08.21 16:53:27.339,1.64955,1.64975,6.90,2.00
2009.08.21 16:53:36.517,1.6496,1.64975,1.60,2.00
2009.08.21 16:53:36.577,1.64955,1.64975,9.30,2.00
2009.08.21 16:53:36.797,1.6496,1.64975,1.60,2.00
2009.08.21 16:53:36.917,1.64955,1.64975,6.90,2.00
2009.08.21 16:53:37.027,1.64955,1.64975,9.30,2.00
2009.08.21 16:53:37.286,1.64955,1.64975,6.90,2.00
2009.08.21 16:53:38.066,1.6496,1.64975,2.00,2.00
2009.08.21 16:53:39.066,1.6496,1.64975,4.80,2.00
2009.08.21 16:53:40.046,1.6497,1.64975,2.00,2.00
2009.08.21 16:53:40.446,1.6497,1.6498,2.00,1.00
2009.08.21 16:53:41.885,1.6497,1.6498,2.10,1.00
2009.08.21 16:53:44.996,1.6497,1.64985,1.00,2.80
2009.08.21 16:53:47.514,1.6497,1.6498,1.00,1.00
2009.08.21 16:53:47.684,1.6497,1.6498,1.00,1.20
2009.08.21 16:53:54.722,1.6497,1.6498,1.00,1.60
2009.08.21 16:53:55.023,1.64965,1.64985,1.00,10.70
2009.08.21 16:53:55.362,1.6496,1.6498,1.70,2.00
2009.08.21 16:53:55.602,1.6496,1.6498,1.00,2.00
2009.08.21 16:53:57.372,1.6496,1.6498,1.70,2.00
2009.08.21 16:53:57.492,1.6496,1.6498,1.00,2.00
2009.08.21 16:53:57.742,1.64955,1.6498,6.90,2.10
2009.08.21 16:53:58.262,1.6496,1.6498,2.00,3.60
2009.08.21 16:53:58.611,1.6496,1.6498,9.60,2.30
2009.08.21 16:53:58.951,1.6496,1.6498,9.70,1.10
2009.08.21 16:53:59.271,1.6496,1.6498,9.70,1.30
2009.08.21 16:54:00.001,1.64965,1.6498,1.00,1.30
2009.08.21 16:54:00.741,1.6497,1.6498,2.00,1.20
2009.08.21 16:54:01.091,1.64965,1.6498,1.70,1.20
2009.08.21 16:54:01.382,1.64965,1.6498,1.00,1.20
2009.08.21 16:54:01.671,1.6496,1.6498,9.30,1.20
2009.08.21 16:54:02.011,1.6496,1.6498,1.60,2.00
2009.08.21 16:54:02.361,1.64955,1.64975,6.90,2.00
2009.08.21 16:54:18.827,1.6495,1.6497,5.30,2.00
2009.08.21 16:54:28.914,1.6495,1.6497,7.70,2.00
2009.08.21 16:54:29.914,1.6496,1.6497,1.00,2.00
2009.08.21 16:54:31.873,1.6496,1.6497,1.00,5.40
2009.08.21 16:54:32.123,1.6496,1.6497,2.10,1.20
2009.08.21 16:54:32.183,1.6496,1.6497,2.10,1.00
2009.08.21 16:54:32.293,1.6496,1.6497,6.50,1.00
2009.08.21 16:54:32.513,1.6496,1.6497,8.50,1.00
2009.08.21 16:54:32.573,1.6496,1.6497,10.10,1.00
2009.08.21 16:54:33.493,1.6496,1.6497,10.50,1.00
2009.08.21 16:54:33.813,1.64965,1.6497,1.00,1.00
2009.08.21 16:54:42.541,1.64965,1.64975,1.00,2.50
2009.08.21 16:54:42.821,1.6496,1.64975,2.10,2.10
2009.08.21 16:54:48.759,1.64965,1.64975,1.00,2.10
2009.08.21 16:54:52.499,1.6496,1.64975,4.50,2.10
2009.08.21 16:54:52.828,1.64965,1.64975,1.00,2.10
2009.08.21 16:54:53.229,1.64955,1.64975,7.70,2.10
2009.08.21 16:54:53.748,1.6496,1.64975,2.00,2.50
2009.08.21 16:54:54.078,1.64955,1.64975,5.60,2.50
2009.08.21 16:54:54.368,1.64955,1.64975,5.60,2.70
2009.08.21 16:54:55.108,1.64955,1.64975,5.60,2.30
2009.08.21 16:54:55.958,1.64955,1.64975,8.40,2.30
2009.08.21 16:54:56.658,1.6496,1.64975,2.00,2.30
2009.08.21 16:54:57.008,1.6496,1.64975,2.00,2.10
2009.08.21 16:54:57.567,1.6496,1.64975,2.10,2.10
2009.08.21 16:54:58.637,1.6496,1.64975,4.50,2.10
2009.08.21 16:54:58.977,1.64955,1.64975,7.60,2.10
2009.08.21 16:54:59.367,1.64955,1.64975,5.60,2.10
2009.08.21 16:55:00.517,1.6496,1.64975,3.20,2.10
2009.08.21 16:55:00.816,1.6496,1.64975,3.20,2.30
2009.08.21 16:55:01.096,1.6496,1.6497,5.20,1.00
2009.08.21 16:55:03.706,1.6496,1.6497,5.30,1.00
2009.08.21 16:55:04.056,1.6496,1.6497,7.70,1.00
2009.08.21 16:55:04.336,1.6496,1.6497,5.30,1.00
2009.08.21 16:55:11.194,1.6496,1.6497,5.20,1.00
2009.08.21 16:55:11.364,1.6496,1.6497,5.20,1.20
2009.08.21 16:55:11.834,1.6496,1.6497,3.20,1.10
2009.08.21 16:55:11.934,1.6496,1.6497,3.20,1.00
2009.08.21 16:55:12.564,1.6496,1.6497,5.20,1.00
2009.08.21 16:55:12.964,1.6496,1.6497,3.20,1.00
2009.08.21 16:55:14.373,1.6496,1.6497,5.20,1.00
2009.08.21 16:55:14.933,1.6496,1.6497,5.20,1.00
2009.08.21 16:55:16.663,1.6496,1.6497,5.20,1.00
2009.08.21 16:55:17.812,1.6496,1.6497,3.20,1.00
2009.08.21 16:55:18.103,1.6496,1.6497,3.20,1.20
2009.08.21 16:55:18.502,1.6496,1.6497,3.20,1.00
2009.08.21 16:55:18.852,1.6496,1.6497,1.60,1.20
2009.08.21 16:55:19.192,1.64955,1.64965,2.00,2.50
2009.08.21 16:55:19.582,1.64955,1.64965,2.00,3.10
2009.08.21 16:55:19.992,1.64955,1.6496,2.00,1.00
2009.08.21 16:55:20.342,1.6495,1.6496,5.20,1.00
2009.08.21 16:55:22.891,1.64955,1.6496,1.00,1.00
2009.08.21 16:55:23.071,1.6495,1.6496,10.00,1.00
2009.08.21 16:55:23.481,1.64955,1.6497,3.20,2.00
2009.08.21 16:55:23.821,1.64955,1.64975,8.80,2.10
2009.08.21 16:55:28.720,1.64955,1.64975,3.20,2.10
2009.08.21 16:55:29.200,1.64955,1.64975,3.20,2.50
2009.08.21 16:55:30.579,1.64955,1.64975,3.20,2.10
2009.08.21 16:55:35.638,1.64955,1.64975,4.00,2.10
2009.08.21 16:55:35.868,1.64955,1.64975,6.00,2.10
2009.08.21 16:55:36.158,1.64955,1.64975,9.60,2.10
2009.08.21 16:55:36.748,1.64955,1.64975,9.60,2.50
2009.08.21 16:55:41.817,1.64955,1.6497,8.80,1.00
2009.08.21 16:55:42.057,1.64955,1.6497,4.80,1.40
2009.08.21 16:55:42.297,1.64955,1.6496,1.60,1.30
2009.08.21 16:55:42.687,1.64955,1.6496,1.60,1.10
2009.08.21 16:55:42.907,1.6495,1.6496,5.20,1.10
2009.08.21 16:55:43.606,1.6495,1.64955,3.20,2.00
2009.08.21 16:55:44.476,1.6495,1.64965,5.20,3.10
2009.08.21 16:55:44.826,1.6495,1.64965,5.20,1.00
2009.08.21 16:55:46.256,1.6495,1.64965,5.20,1.00
2009.08.21 16:55:46.666,1.6495,1.6496,3.60,1.00
2009.08.21 16:55:47.105,1.6495,1.64965,3.70,2.70
2009.08.21 16:55:47.515,1.6495,1.64965,2.10,2.30
2009.08.21 16:55:51.085,1.6493,1.6496,11.30,11.60
2009.08.21 16:55:52.184,1.6493,1.64955,11.30,7.60
2009.08.21 16:55:52.474,1.6493,1.64955,11.20,7.60
2009.08.21 16:55:52.694,1.6493,1.64955,2.00,18.60
2009.08.21 16:55:53.044,1.64925,1.6494,3.20,2.00
2009.08.21 16:55:53.444,1.64925,1.6494,4.00,2.00
2009.08.21 16:55:53.784,1.64925,1.64945,13.60,3.60
2009.08.21 16:55:54.134,1.64925,1.6495,7.20,13.60
2009.08.21 16:55:54.524,1.6492,1.64945,7.60,8.40
2009.08.21 16:55:55.213,1.6492,1.64945,11.60,8.40
2009.08.21 16:55:55.673,1.6492,1.64945,9.60,8.40
2009.08.21 16:55:56.073,1.6492,1.6494,8.00,2.00
2009.08.21 16:55:56.373,1.6492,1.6494,10.00,2.00
2009.08.21 16:55:57.383,1.6492,1.64945,10.00,5.60
2009.08.21 16:55:57.843,1.6494,1.64945,11.20,7.60
2009.08.21 16:55:57.953,1.6495,1.6496,6.40,1.60
2009.08.21 16:55:58.353,1.6494,1.64955,6.30,2.00
2009.08.21 16:55:58.693,1.6493,1.64945,6.00,2.00
2009.08.21 16:55:59.042,1.6493,1.6495,6.10,6.00
2009.08.21 16:56:00.962,1.64935,1.6495,3.50,6.00
2009.08.21 16:56:01.354,1.64935,1.6495,1.10,6.00
2009.08.21 16:56:01.863,1.6493,1.64945,4.30,6.00
2009.08.21 16:56:02.392,1.6493,1.64945,4.00,6.00
2009.08.21 16:56:02.562,1.6493,1.64945,6.70,6.00
2009.08.21 16:56:02.901,1.6493,1.6495,6.70,6.00
2009.08.21 16:56:03.302,1.6493,1.6494,2.70,2.00
2009.08.21 16:56:03.641,1.6493,1.64945,2.70,2.00
2009.08.21 16:56:03.992,1.64935,1.64945,1.10,2.00
2009.08.21 16:56:04.341,1.64935,1.64955,1.10,7.60
2009.08.21 16:56:04.861,1.6493,1.64955,10.30,6.80
2009.08.21 16:56:05.211,1.6493,1.64955,8.70,8.40
2009.08.21 16:56:06.371,1.6493,1.64955,6.80,8.40
2009.08.21 16:56:07.062,1.6493,1.64955,6.80,4.80
2009.08.21 16:56:07.400,1.6493,1.6496,6.80,22.60
2009.08.21 16:56:07.631,1.6493,1.64955,6.80,6.80
2009.08.21 16:56:07.860,1.6493,1.64955,5.20,12.30
2009.08.21 16:56:08.280,1.64935,1.6495,1.00,10.80
2009.08.21 16:56:09.120,1.64935,1.6494,1.00,2.00
2009.08.21 16:56:10.280,1.64935,1.6494,1.00,6.00
2009.08.21 16:56:10.620,1.6492,1.6494,1.70,7.00
2009.08.21 16:56:14.869,1.6492,1.6493,1.70,2.00
2009.08.21 16:56:15.289,1.64915,1.6493,1.70,2.00
2009.08.21 16:56:15.679,1.64915,1.6493,1.00,2.00
2009.08.21 16:56:17.928,1.64915,1.6493,1.00,7.20
2009.08.21 16:56:18.468,1.649,1.64925,16.90,2.40
2009.08.21 16:56:18.698,1.6491,1.6492,6.00,2.00
2009.08.21 16:56:19.088,1.6491,1.6492,2.00,1.00
2009.08.21 16:56:19.538,1.649,1.64925,13.70,4.00
2009.08.21 16:56:19.897,1.649,1.6492,9.20,2.00
2009.08.21 16:56:22.707,1.6491,1.6492,1.60,2.00
2009.08.21 16:56:23.806,1.64905,1.6492,1.60,4.40
2009.08.21 16:56:24.096,1.64905,1.64915,1.60,2.00
2009.08.21 16:56:24.426,1.64905,1.64915,1.60,3.60
2009.08.21 16:56:24.776,1.649,1.6491,1.60,2.00
2009.08.21 16:56:26.646,1.6489,1.6491,4.40,2.00
2009.08.21 16:56:27.006,1.6489,1.6491,4.40,7.60
2009.08.21 16:56:27.356,1.6489,1.6491,4.40,9.20
2009.08.21 16:56:27.476,1.6489,1.649,1.60,2.00
2009.08.21 16:56:28.745,1.64885,1.649,3.00,2.00
2009.08.21 16:56:29.535,1.64895,1.64905,1.00,2.00
2009.08.21 16:56:29.885,1.64895,1.64905,2.20,2.00
2009.08.21 16:56:30.225,1.64895,1.64905,2.60,2.00
2009.08.21 16:56:30.605,1.64895,1.64905,1.60,2.00
2009.08.21 16:56:32.455,1.64895,1.64915,8.10,4.70
2009.08.21 16:56:32.794,1.64895,1.64915,8.10,4.50
2009.08.21 16:56:33.144,1.64895,1.64915,8.10,2.90
2009.08.21 16:56:33.664,1.64895,1.64915,8.10,2.80
2009.08.21 16:56:34.404,1.64895,1.64915,8.10,2.90
2009.08.21 16:56:35.574,1.64895,1.6491,8.10,1.00
2009.08.21 16:56:36.595,1.64895,1.6491,8.10,1.00
2009.08.21 16:56:36.773,1.64895,1.6491,8.10,1.10
2009.08.21 16:56:37.283,1.64895,1.6491,8.10,1.00
2009.08.21 16:56:37.453,1.64895,1.6491,8.10,1.00
2009.08.21 16:56:37.804,1.64895,1.6491,7.20,1.00
2009.08.21 16:56:38.333,1.6489,1.64895,5.60,2.00
2009.08.21 16:56:38.683,1.6487,1.6489,16.10,2.00
2009.08.21 16:56:39.023,1.64875,1.6489,2.40,2.00
2009.08.21 16:56:40.883,1.6488,1.6489,1.00,2.00
2009.08.21 16:56:41.242,1.6488,1.64895,1.00,3.00
2009.08.21 16:56:41.582,1.6488,1.64895,1.00,2.60
2009.08.21 16:56:43.312,1.6488,1.64895,1.00,2.10
2009.08.21 16:56:43.712,1.64875,1.64895,8.10,2.40
2009.08.21 16:56:44.002,1.64875,1.64895,10.50,2.00
2009.08.21 16:56:44.341,1.6488,1.64895,1.20,2.00
2009.08.21 16:56:44.792,1.6488,1.64895,7.20,2.00
2009.08.21 16:56:45.252,1.6488,1.649,9.20,3.70
2009.08.21 16:56:45.721,1.6488,1.649,11.20,2.10
2009.08.21 16:56:48.121,1.64885,1.64905,1.00,5.20
2009.08.21 16:56:48.600,1.6488,1.64905,13.30,5.30
2009.08.21 16:56:49.650,1.64885,1.64905,1.00,5.20
2009.08.21 16:56:50.500,1.64885,1.64905,1.00,5.60
2009.08.21 16:56:51.710,1.64885,1.64905,1.00,6.40
2009.08.21 16:56:52.160,1.6488,1.64905,8.10,6.50
2009.08.21 16:56:52.619,1.6488,1.649,8.10,2.00
2009.08.21 16:56:53.249,1.6488,1.649,6.10,2.00
2009.08.21 16:56:53.489,1.6488,1.649,4.50,2.00
2009.08.21 16:56:54.169,1.64885,1.649,1.00,2.00
2009.08.21 16:56:54.629,1.6488,1.649,4.50,2.00
2009.08.21 16:56:55.319,1.64875,1.64895,4.40,2.00
2009.08.21 16:56:55.669,1.6487,1.6489,10.00,2.00
2009.08.21 16:56:56.169,1.64865,1.6489,12.20,2.00
2009.08.21 16:56:56.569,1.64865,1.6489,10.40,2.00
2009.08.21 16:56:56.898,1.64865,1.6489,2.00,6.80
2009.08.21 16:56:57.858,1.64865,1.6489,2.80,3.60
2009.08.21 16:56:57.968,1.64865,1.6489,7.00,3.60
2009.08.21 16:56:58.298,1.64865,1.6489,7.40,3.60
2009.08.21 16:56:59.038,1.64865,1.6489,2.00,6.80
2009.08.21 16:57:01.207,1.64865,1.6489,2.00,8.40
2009.08.21 16:57:04.297,1.64865,1.6489,7.60,6.80
2009.08.21 16:57:05.507,1.6487,1.6489,2.00,2.80
2009.08.21 16:57:07.316,1.64875,1.6489,2.00,1.60
2009.08.21 16:57:07.616,1.6488,1.649,2.00,10.40
2009.08.21 16:57:07.946,1.64875,1.649,3.60,10.40
2009.08.21 16:57:08.286,1.6488,1.649,2.00,7.20
2009.08.21 16:57:08.636,1.6488,1.649,2.00,7.60
2009.08.21 16:57:09.146,1.64885,1.649,2.00,7.60
2009.08.21 16:57:10.225,1.64885,1.649,2.00,4.40
2009.08.21 16:57:10.515,1.64885,1.64905,2.00,7.60
2009.08.21 16:57:12.535,1.6488,1.64905,2.00,9.60
2009.08.21 16:57:14.384,1.64885,1.64905,2.00,9.60
2009.08.21 16:57:21.422,1.64885,1.64905,2.00,9.60
2009.08.21 16:57:21.822,1.6488,1.649,5.60,1.20
2009.08.21 16:57:22.043,1.6488,1.649,2.00,7.60
2009.08.21 16:57:22.392,1.64885,1.649,2.00,7.60
2009.08.21 16:57:22.632,1.64885,1.649,2.00,4.00
2009.08.21 16:57:33.060,1.6488,1.64895,5.60,2.80
2009.08.21 16:57:33.400,1.6488,1.64895,2.00,2.80
2009.08.21 16:57:33.690,1.6488,1.64895,2.00,1.20
2009.08.21 16:57:40.338,1.6488,1.649,2.00,6.40
2009.08.21 16:57:40.618,1.6488,1.649,2.00,6.00
2009.08.21 16:57:41.978,1.6488,1.64895,2.00,1.20
2009.08.21 16:57:43.997,1.64875,1.64895,5.70,3.20
2009.08.21 16:57:44.167,1.6488,1.64895,1.00,5.20
2009.08.21 16:57:49.786,1.64875,1.64895,3.70,4.80
2009.08.21 16:57:50.566,1.6488,1.64895,1.00,4.80
2009.08.21 16:57:56.694,1.6488,1.64895,1.00,2.00
2009.08.21 16:57:56.924,1.6488,1.64895,1.00,2.80
2009.08.21 16:57:57.364,1.6488,1.64895,1.00,1.20
2009.08.21 16:57:57.664,1.64875,1.64895,4.60,1.20
2009.08.21 16:57:58.174,1.64875,1.64895,4.00,1.20
2009.08.21 16:57:58.464,1.64875,1.64895,3.70,6.00
2009.08.21 16:57:58.924,1.64875,1.64895,2.00,6.00
2009.08.21 16:58:04.182,1.64885,1.649,1.00,3.60
2009.08.21 16:58:04.242,1.64885,1.649,2.00,3.60
2009.08.21 16:58:05.542,1.64885,1.649,2.00,2.00
2009.08.21 16:58:10.761,1.64885,1.649,3.00,2.00
2009.08.21 16:58:11.171,1.64905,1.6491,1.60,15.20
2009.08.21 16:58:11.461,1.64905,1.6491,1.60,7.20
2009.08.21 16:58:11.751,1.649,1.6492,2.00,9.60
2009.08.21 16:58:11.920,1.649,1.64915,2.80,2.00
2009.08.21 16:58:12.800,1.649,1.6492,2.80,6.00
2009.08.21 16:58:14.320,1.64905,1.6492,1.00,3.60
2009.08.21 16:58:14.670,1.6491,1.64925,2.80,8.90
2009.08.21 16:58:15.150,1.64915,1.6492,2.00,1.00
2009.08.21 16:58:15.540,1.6491,1.6492,6.70,1.60
2009.08.21 16:58:15.870,1.6491,1.64925,2.80,2.00
2009.08.21 16:58:16.350,1.64915,1.6493,1.00,3.60
2009.08.21 16:58:16.709,1.64915,1.6493,2.80,2.00
2009.08.21 16:58:17.099,1.64915,1.6493,2.00,2.00
2009.08.21 16:58:17.499,1.6491,1.6492,6.40,1.00
2009.08.21 16:58:17.849,1.64905,1.6492,6.40,1.50
2009.08.21 16:58:18.499,1.64905,1.6492,6.40,1.10
2009.08.21 16:58:21.249,1.6491,1.64925,2.40,2.00
2009.08.21 16:58:21.668,1.6491,1.64925,2.80,2.00
2009.08.21 16:58:25.359,1.6491,1.6493,4.80,8.40
2009.08.21 16:58:25.877,1.6491,1.6493,2.80,2.00
2009.08.21 16:58:27.837,1.64915,1.6493,1.00,2.00
2009.08.21 16:58:28.347,1.64915,1.6493,2.80,2.00
2009.08.21 16:58:30.076,1.64915,1.6493,1.60,2.00
2009.08.21 16:58:30.416,1.6491,1.6493,2.80,3.60
2009.08.21 16:58:31.116,1.6491,1.6493,4.80,3.60
2009.08.21 16:58:31.456,1.6491,1.6493,6.40,3.60
2009.08.21 16:58:31.925,1.6491,1.6493,2.80,3.60
2009.08.21 16:58:35.075,1.6491,1.6493,4.80,3.60
2009.08.21 16:58:35.415,1.6491,1.6493,6.70,3.60
2009.08.21 16:58:35.875,1.64915,1.6493,2.80,2.00
2009.08.21 16:58:36.345,1.64915,1.64935,2.60,2.00
2009.08.21 16:58:36.814,1.6492,1.64935,4.00,1.60
2009.08.21 16:58:37.275,1.6492,1.64945,5.60,6.00
2009.08.21 16:58:37.564,1.6492,1.64945,5.60,8.80
2009.08.21 16:58:37.794,1.6492,1.64945,5.60,6.00
2009.08.21 16:58:38.024,1.6492,1.6494,5.60,2.00
2009.08.21 16:58:39.114,1.6492,1.6494,5.50,2.00
2009.08.21 16:58:39.494,1.6492,1.6494,4.80,2.00
2009.08.21 16:58:39.834,1.64935,1.6494,1.60,1.60
2009.08.21 16:58:40.164,1.64935,1.64955,4.00,1.60
2009.08.21 16:58:40.574,1.6494,1.6496,2.00,3.60
2009.08.21 16:58:41.033,1.6494,1.6496,3.60,3.60
2009.08.21 16:58:42.263,1.6494,1.6496,8.10,3.60
2009.08.21 16:58:42.663,1.6495,1.6496,1.00,2.00
2009.08.21 16:58:43.133,1.64945,1.6496,2.00,2.00
2009.08.21 16:58:43.483,1.64945,1.6496,4.00,1.60
2009.08.21 16:58:43.773,1.64945,1.6497,5.60,9.20
2009.08.21 16:58:44.604,1.64945,1.64965,3.60,2.00
2009.08.21 16:58:44.833,1.64945,1.64965,2.60,2.00
2009.08.21 16:58:45.093,1.64945,1.64965,3.40,2.00
2009.08.21 16:58:45.383,1.64945,1.6497,9.40,6.80
2009.08.21 16:58:45.742,1.64965,1.6498,5.00,1.60
2009.08.21 16:58:46.092,1.64975,1.6499,2.00,1.00
2009.08.21 16:58:46.442,1.64975,1.65005,5.20,8.80
2009.08.21 16:58:46.963,1.6498,1.65,5.60,8.00
2009.08.21 16:58:47.322,1.64975,1.6499,1.60,4.40
2009.08.21 16:58:47.682,1.64965,1.64985,5.60,5.50
2009.08.21 16:58:48.092,1.64965,1.6498,4.00,4.40
2009.08.21 16:58:48.552,1.6497,1.6498,2.00,3.40
2009.08.21 16:58:49.062,1.64965,1.64975,2.00,2.00
2009.08.21 16:58:49.921,1.6497,1.6498,2.00,2.00
2009.08.21 16:58:50.261,1.6497,1.64985,2.00,4.00
2009.08.21 16:58:50.661,1.6497,1.6498,2.00,2.00
2009.08.21 16:58:51.111,1.6496,1.64965,1.00,2.00
2009.08.21 16:58:51.451,1.6497,1.64975,2.00,2.00
2009.08.21 16:58:51.851,1.6497,1.6498,2.00,2.00
2009.08.21 16:58:53.930,1.6498,1.64985,1.00,2.00
2009.08.21 16:58:54.282,1.6497,1.64985,6.40,2.00
2009.08.21 16:58:54.740,1.6497,1.64985,2.00,2.00
2009.08.21 16:58:54.910,1.6497,1.6499,2.00,7.20
2009.08.21 16:58:55.260,1.64975,1.64985,1.00,2.00
2009.08.21 16:58:55.601,1.64975,1.64995,2.60,6.80
2009.08.21 16:58:56.000,1.64975,1.64995,3.00,5.20
2009.08.21 16:58:57.099,1.64975,1.64995,2.40,5.20
2009.08.21 16:58:59.829,1.64975,1.64995,2.40,6.80
2009.08.21 16:59:00.309,1.64975,1.64995,2.40,7.60
2009.08.21 16:59:01.369,1.6497,1.6499,5.60,3.60
2009.08.21 16:59:01.709,1.6497,1.6498,3.60,4.40
2009.08.21 16:59:02.008,1.64965,1.6498,1.00,4.40
2009.08.21 16:59:02.248,1.64965,1.64975,1.00,2.00
2009.08.21 16:59:04.368,1.6497,1.6498,1.00,4.20
2009.08.21 16:59:04.748,1.6496,1.6498,3.70,3.80
2009.08.21 16:59:05.088,1.6496,1.6498,5.60,4.20
2009.08.21 16:59:05.438,1.6496,1.6498,2.00,4.20
2009.08.21 16:59:07.827,1.6496,1.6498,1.60,6.20
2009.08.21 16:59:08.177,1.64955,1.6498,3.60,6.20
2009.08.21 16:59:09.986,1.6496,1.6498,2.00,4.20
2009.08.21 16:59:10.686,1.6496,1.6498,2.10,4.20
2009.08.21 16:59:14.046,1.6496,1.6498,1.60,6.20
2009.08.21 16:59:14.455,1.6496,1.6498,2.00,1.80
2009.08.21 16:59:15.065,1.6496,1.6498,8.10,1.80
2009.08.21 16:59:15.425,1.6496,1.64975,8.10,1.00
2009.08.21 16:59:16.155,1.64965,1.64975,2.00,1.00
2009.08.21 16:59:18.634,1.6497,1.64975,2.00,1.00
2009.08.21 16:59:19.324,1.64965,1.64975,3.60,1.00
2009.08.21 16:59:19.604,1.64965,1.64975,2.00,1.00
2009.08.21 16:59:22.173,1.64965,1.64975,6.10,1.00
2009.08.21 16:59:22.224,1.6497,1.64975,2.00,1.00
2009.08.21 16:59:24.003,1.64965,1.64975,2.00,1.00
2009.08.21 16:59:24.523,1.6497,1.64975,4.40,4.20
2009.08.21 16:59:24.813,1.6497,1.64975,1.60,7.10
2009.08.21 16:59:25.043,1.64965,1.6498,2.00,5.40
2009.08.21 16:59:25.393,1.64965,1.6498,2.00,1.80
2009.08.21 16:59:30.542,1.6497,1.6498,2.00,1.80
2009.08.21 16:59:30.772,1.6497,1.64975,1.60,1.00
2009.08.21 16:59:31.002,1.6497,1.64975,2.00,1.00
2009.08.21 16:59:37.530,1.6497,1.6498,2.00,3.40
2009.08.21 16:59:38.060,1.6496,1.6497,4.40,2.20
2009.08.21 16:59:38.400,1.6496,1.6497,2.00,2.80
2009.08.21 16:59:38.800,1.64955,1.6497,3.60,3.30
2009.08.21 16:59:39.139,1.6495,1.6496,2.00,1.60
2009.08.21 16:59:39.649,1.6495,1.64955,1.60,1.60
2009.08.21 16:59:40.049,1.6494,1.64955,2.00,1.60
2009.08.21 16:59:41.089,1.6494,1.64955,2.00,1.70
2009.08.21 16:59:41.569,1.64935,1.64955,8.90,1.70
2009.08.21 16:59:44.078,1.6494,1.6496,6.30,2.60
2009.08.21 16:59:44.428,1.6494,1.6496,5.70,2.80
2009.08.21 16:59:45.968,1.6494,1.6496,5.70,2.60
2009.08.21 16:59:46.268,1.6494,1.64955,2.00,1.60
2009.08.21 16:59:46.538,1.64935,1.64955,7.20,1.60
2009.08.21 16:59:46.767,1.64935,1.64955,5.70,1.60
2009.08.21 16:59:47.747,1.64935,1.64955,5.70,1.70
2009.08.21 16:59:49.227,1.64935,1.6495,5.70,1.60
2009.08.21 16:59:49.517,1.64935,1.64955,2.00,6.50
2009.08.21 16:59:49.917,1.64935,1.64955,2.00,8.80
2009.08.21 16:59:50.177,1.64935,1.64955,2.00,9.00
2009.08.21 16:59:50.407,1.64935,1.6495,2.00,1.00
2009.08.21 16:59:50.907,1.64935,1.64955,2.00,9.00
2009.08.21 16:59:51.256,1.6493,1.64935,8.30,1.60
2009.08.21 16:59:51.717,1.6492,1.64935,2.10,1.60
2009.08.21 16:59:52.007,1.6492,1.64935,2.00,1.60
2009.08.21 16:59:53.356,1.6492,1.6493,2.00,2.00
2009.08.21 16:59:53.686,1.6492,1.6493,2.00,1.60
2009.08.21 16:59:54.046,1.6492,1.64935,2.00,1.70
2009.08.21 16:59:57.835,1.6492,1.6493,2.00,4.60
2009.08.21 16:59:58.115,1.64915,1.64925,2.00,2.40
2009.08.21 16:59:58.385,1.64905,1.6491,2.00,1.60
2009.08.21 16:59:58.725,1.649,1.6491,3.60,1.00
2009.08.21 16:59:59.005,1.64905,1.6491,1.60,1.00
2009.08.21 16:59:59.345,1.64895,1.649,1.70,1.00
2009.08.21 16:59:59.684,1.64895,1.649,1.00,1.00
