2011.04.22 08:00:02.478,1.65247,1.65262,1.88,2.25
2011.04.22 08:00:02.698,1.65247,1.6527,1.50,1.50
2011.04.22 08:00:03.453,1.65247,1.6527,1.50,1.50
2011.04.22 08:00:05.213,1.65247,1.65271,1.50,2.25
2011.04.22 08:00:05.659,1.65246,1.65271,2.59,1.50
2011.04.22 08:00:05.988,1.65246,1.6527,2.59,1.50
2011.04.22 08:00:08.569,1.65246,1.65271,2.59,2.25
2011.04.22 08:00:09.173,1.65246,1.6527,2.59,1.50
2011.04.22 08:00:09.618,1.65246,1.65272,2.59,3.34
2011.04.22 08:00:09.839,1.65246,1.6527,2.59,1.50
2011.04.22 08:00:10.354,1.65246,1.6527,2.59,1.50
2011.04.22 08:00:11.040,1.65246,1.65271,2.59,1.50
2011.04.22 08:00:13.138,1.65246,1.65269,2.59,1.13
2011.04.22 08:00:13.250,1.65246,1.65263,2.59,2.25
2011.04.22 08:00:13.359,1.65246,1.65269,2.59,1.13
2011.04.22 08:00:13.909,1.65246,1.65271,2.59,2.25
2011.04.22 08:00:14.458,1.65246,1.6527,2.59,1.50
2011.04.22 08:00:15.718,1.65246,1.65271,2.59,2.25
2011.04.22 08:00:16.618,1.65246,1.6527,2.59,1.50
2011.04.22 08:00:23.913,1.65246,1.65271,2.59,1.50
2011.04.22 08:00:25.708,1.65246,1.65271,2.59,1.50
2011.04.22 08:00:26.259,1.65246,1.65271,3.72,1.50
2011.04.22 08:00:36.948,1.65246,1.65264,1.84,1.50
2011.04.22 08:00:37.280,1.65239,1.65247,1.50,1.50
2011.04.22 08:00:37.500,1.65225,1.65246,1.50,1.50
2011.04.22 08:00:37.610,1.65224,1.65246,1.88,1.50
2011.04.22 08:00:37.828,1.65223,1.65246,1.50,1.50
2011.04.22 08:00:38.400,1.65223,1.65246,1.50,1.50
2011.04.22 08:00:39.499,1.65223,1.65246,2.25,1.50
2011.04.22 08:00:40.048,1.65224,1.65246,1.50,1.50
2011.04.22 08:00:41.954,1.65225,1.65246,1.50,1.50
2011.04.22 08:00:42.238,1.65224,1.65246,1.50,1.50
2011.04.22 08:00:48.200,1.65225,1.65247,1.50,1.50
2011.04.22 08:00:48.531,1.65225,1.65251,1.50,1.50
2011.04.22 08:00:48.640,1.65225,1.6525,1.50,1.50
2011.04.22 08:00:49.300,1.65223,1.65249,1.50,2.25
2011.04.22 08:00:49.520,1.65225,1.65251,1.50,1.88
2011.04.22 08:00:50.070,1.65223,1.65248,1.50,1.50
2011.04.22 08:00:50.979,1.65223,1.65248,1.50,1.50
2011.04.22 08:00:55.744,1.65223,1.65248,1.50,1.50
2011.04.22 08:00:56.319,1.65223,1.65248,1.50,1.50
2011.04.22 08:00:56.980,1.65223,1.65248,1.50,1.50
2011.04.22 08:01:00.778,1.65223,1.65248,1.50,1.50
2011.04.22 08:01:01.400,1.65223,1.65248,1.50,1.50
2011.04.22 08:01:04.228,1.65223,1.65243,1.50,1.50
2011.04.22 08:01:04.790,1.65223,1.65241,1.50,3.00
2011.04.22 08:01:05.012,1.65223,1.6524,1.50,3.00
2011.04.22 08:01:05.669,1.65223,1.65248,1.50,2.25
2011.04.22 08:01:08.619,1.65223,1.65248,1.50,1.65
2011.04.22 08:01:09.179,1.65223,1.65249,1.50,1.28
2011.04.22 08:01:09.508,1.65223,1.65249,1.50,1.28
2011.04.22 08:01:11.239,1.65223,1.65249,1.50,1.28
2011.04.22 08:01:19.339,1.65223,1.65249,1.50,1.28
2011.04.22 08:01:20.000,1.65223,1.65249,1.50,1.28
2011.04.22 08:01:20.779,1.65223,1.65239,1.50,1.50
2011.04.22 08:01:21.109,1.65223,1.65232,1.50,1.50
2011.04.22 08:01:22.578,1.65223,1.65236,1.50,1.13
2011.04.22 08:01:22.690,1.65223,1.65247,1.50,1.65
2011.04.22 08:01:27.268,1.65223,1.65247,1.50,1.65
2011.04.22 08:01:32.043,1.65223,1.65247,1.50,1.65
2011.04.22 08:01:33.269,1.65223,1.65247,1.50,1.65
2011.04.22 08:01:33.818,1.65223,1.65241,1.50,3.00
2011.04.22 08:01:36.369,1.65223,1.65241,1.50,3.00
2011.04.22 08:01:36.590,1.65224,1.65245,2.25,3.00
2011.04.22 08:01:37.138,1.65225,1.65245,2.25,3.00
2011.04.22 08:01:37.688,1.65225,1.65246,1.50,3.90
2011.04.22 08:01:38.349,1.65225,1.65246,1.50,3.90
2011.04.22 08:01:38.460,1.65225,1.65246,1.50,4.67
2011.04.22 08:01:40.969,1.65225,1.65237,1.50,3.15
2011.04.22 08:01:41.520,1.65209,1.65235,1.88,1.50
2011.04.22 08:01:42.467,1.65205,1.65233,2.63,3.75
2011.04.22 08:01:47.550,1.65205,1.65226,2.63,1.50
2011.04.22 08:01:47.882,1.65205,1.65219,1.50,2.25
2011.04.22 08:01:47.990,1.65205,1.65233,1.50,3.75
2011.04.22 08:02:00.710,1.65205,1.65222,1.88,2.59
2011.04.22 08:02:00.930,1.652,1.65218,1.50,1.50
2011.04.22 08:02:01.040,1.65195,1.65218,2.22,1.50
2011.04.22 08:02:02.222,1.65195,1.65219,2.22,2.25
2011.04.22 08:02:03.710,1.65195,1.65212,1.88,1.84
2011.04.22 08:02:04.040,1.6519,1.65212,1.50,1.84
2011.04.22 08:02:04.151,1.65189,1.65212,1.50,2.59
2011.04.22 08:02:04.480,1.65183,1.65208,2.63,2.67
2011.04.22 08:02:04.590,1.65183,1.65208,2.63,2.59
2011.04.22 08:02:04.919,1.65183,1.65208,2.63,2.59
2011.04.22 08:02:12.343,1.65183,1.65208,2.63,1.84
2011.04.22 08:02:12.571,1.652,1.65218,1.84,1.13
2011.04.22 08:02:12.681,1.652,1.65225,1.09,1.50
2011.04.22 08:02:13.010,1.652,1.65221,1.50,1.50
2011.04.22 08:02:13.121,1.65197,1.65222,3.00,1.50
2011.04.22 08:02:13.710,1.65196,1.65217,2.59,1.50
2011.04.22 08:02:13.825,1.65191,1.65213,2.25,1.50
2011.04.22 08:02:16.839,1.65187,1.65212,1.09,1.50
2011.04.22 08:02:18.535,1.65187,1.65213,1.09,1.50
2011.04.22 08:02:19.129,1.65187,1.65212,1.09,1.50
2011.04.22 08:02:19.849,1.65187,1.65211,1.09,1.50
2011.04.22 08:02:21.359,1.65187,1.65212,1.09,1.50
2011.04.22 08:02:30.362,1.65187,1.65211,1.09,1.50
2011.04.22 08:02:31.348,1.65186,1.6521,2.25,2.59
2011.04.22 08:02:34.543,1.65186,1.6521,2.25,2.59
2011.04.22 08:02:36.668,1.65186,1.6521,2.25,3.34
2011.04.22 08:02:40.373,1.65186,1.6521,2.25,2.59
2011.04.22 08:02:51.373,1.65186,1.6521,2.25,2.59
2011.04.22 08:02:56.322,1.65186,1.6521,2.25,2.59
2011.04.22 08:02:56.540,1.65191,1.65215,1.50,1.50
2011.04.22 08:02:56.651,1.65195,1.65217,1.13,1.65
2011.04.22 08:02:56.980,1.65199,1.65223,1.50,2.40
2011.04.22 08:02:57.310,1.65206,1.65223,1.50,2.40
2011.04.22 08:02:57.639,1.65213,1.65223,1.50,1.50
2011.04.22 08:02:57.970,1.65215,1.65223,1.50,2.25
2011.04.22 08:02:58.420,1.65198,1.65223,1.13,2.40
2011.04.22 08:03:06.552,1.65198,1.65222,1.88,1.65
2011.04.22 08:03:06.880,1.65217,1.65222,1.50,1.65
2011.04.22 08:03:07.210,1.65211,1.65226,2.25,1.63
2011.04.22 08:03:10.211,1.65225,1.6523,1.50,1.48
2011.04.22 08:03:10.488,1.65225,1.65237,1.50,1.40
2011.04.22 08:03:10.600,1.65228,1.65237,1.50,1.40
2011.04.22 08:03:10.711,1.65228,1.6524,1.50,1.40
2011.04.22 08:03:10.820,1.6521,1.65228,2.25,3.13
2011.04.22 08:03:14.582,1.65211,1.65228,2.25,3.13
2011.04.22 08:03:15.139,1.65211,1.65234,2.25,2.25
2011.04.22 08:03:15.580,1.65213,1.65234,1.13,1.50
2011.04.22 08:03:15.690,1.65213,1.65246,1.88,1.62
2011.04.22 08:03:16.239,1.65213,1.65246,1.88,1.62
2011.04.22 08:03:16.617,1.65228,1.65246,1.50,1.62
2011.04.22 08:03:20.551,1.6523,1.65238,1.50,1.65
2011.04.22 08:03:22.121,1.65227,1.65238,1.50,1.65
2011.04.22 08:03:27.741,1.6523,1.65238,1.50,1.65
2011.04.22 08:03:35.592,1.65221,1.65238,1.50,1.65
2011.04.22 08:03:40.371,1.65221,1.65238,2.25,1.65
2011.04.22 08:03:40.702,1.65241,1.65255,1.13,1.50
2011.04.22 08:03:41.029,1.65243,1.65258,1.50,1.50
2011.04.22 08:03:41.140,1.65246,1.65274,1.50,2.25
2011.04.22 08:03:46.839,1.65246,1.65277,1.50,3.00
2011.04.22 08:03:47.400,1.65246,1.65276,1.50,1.50
2011.04.22 08:03:51.470,1.65246,1.65271,1.50,1.50
2011.04.22 08:03:52.021,1.65246,1.6527,1.50,1.50
2011.04.22 08:03:52.132,1.65246,1.65273,1.50,1.50
2011.04.22 08:03:53.672,1.65246,1.65274,1.50,1.50
2011.04.22 08:03:54.549,1.65246,1.65275,1.50,1.50
2011.04.22 08:03:54.882,1.65247,1.65267,1.13,1.50
2011.04.22 08:03:55.103,1.65246,1.65265,1.13,2.25
2011.04.22 08:03:55.440,1.65246,1.65257,1.13,1.50
2011.04.22 08:03:55.990,1.65247,1.6526,1.13,1.50
2011.04.22 08:04:04.720,1.65247,1.65259,1.13,1.50
2011.04.22 08:04:05.290,1.65247,1.6526,1.13,1.50
2011.04.22 08:04:07.353,1.65238,1.65245,1.50,1.50
2011.04.22 08:04:07.679,1.65235,1.6525,1.50,1.50
2011.04.22 08:04:07.789,1.65235,1.65247,1.50,1.50
2011.04.22 08:04:08.340,1.65235,1.65246,1.50,1.50
2011.04.22 08:04:12.362,1.65235,1.65248,1.50,1.50
2011.04.22 08:04:13.720,1.65235,1.65247,1.50,1.50
2011.04.22 08:04:14.270,1.65235,1.65248,1.50,1.50
2011.04.22 08:04:27.730,1.65235,1.65246,1.50,1.50
2011.04.22 08:04:28.972,1.65235,1.65246,1.50,1.50
2011.04.22 08:04:29.530,1.65233,1.65245,1.50,1.50
2011.04.22 08:04:29.641,1.65235,1.65246,1.50,1.50
2011.04.22 08:04:30.190,1.65235,1.65246,1.50,1.50
2011.04.22 08:04:31.670,1.65235,1.65246,1.50,1.50
2011.04.22 08:04:32.491,1.65235,1.65246,1.50,1.50
2011.04.22 08:04:38.219,1.65235,1.65261,1.50,1.88
2011.04.22 08:04:38.830,1.65235,1.65261,1.50,1.88
2011.04.22 08:04:39.539,1.65235,1.65261,1.50,1.88
2011.04.22 08:04:39.649,1.65235,1.65261,1.50,2.63
2011.04.22 08:04:40.229,1.65235,1.65261,1.50,2.63
2011.04.22 08:04:40.781,1.65235,1.65261,1.50,2.63
2011.04.22 08:04:41.329,1.65235,1.65261,1.50,2.63
2011.04.22 08:04:41.659,1.65235,1.65261,1.50,2.63
2011.04.22 08:04:42.210,1.65235,1.65261,1.50,1.88
2011.04.22 08:04:50.120,1.65235,1.65261,1.50,1.88
2011.04.22 08:04:50.342,1.65234,1.65261,1.50,5.63
2011.04.22 08:04:55.893,1.65235,1.65261,1.50,1.13
2011.04.22 08:04:56.551,1.65235,1.65261,1.50,1.13
2011.04.22 08:04:58.470,1.65234,1.65261,1.50,1.13
2011.04.22 08:04:58.801,1.65234,1.65266,1.50,1.88
2011.04.22 08:04:58.911,1.65233,1.6525,1.50,1.50
2011.04.22 08:04:59.510,1.65234,1.65251,1.50,1.50
2011.04.22 08:05:00.862,1.65234,1.6525,1.50,1.50
2011.04.22 08:05:01.190,1.65234,1.65251,1.50,1.50
2011.04.22 08:05:01.779,1.65234,1.65252,1.50,1.50
2011.04.22 08:05:03.060,1.65234,1.65266,1.50,1.88
2011.04.22 08:05:03.500,1.65234,1.65266,1.50,1.88
2011.04.22 08:05:11.220,1.65234,1.65266,1.50,2.63
2011.04.22 08:05:12.351,1.65234,1.65265,1.50,1.50
2011.04.22 08:05:12.899,1.65234,1.65266,1.50,2.63
2011.04.22 08:05:14.849,1.65234,1.65266,1.50,1.88
2011.04.22 08:05:20.459,1.65234,1.65266,1.50,1.88
2011.04.22 08:05:27.209,1.65233,1.65263,1.50,1.50
2011.04.22 08:05:29.092,1.65228,1.6525,3.00,1.50
2011.04.22 08:05:48.102,1.65228,1.6525,2.25,1.50
2011.04.22 08:05:48.209,1.65231,1.6525,4.50,1.50
2011.04.22 08:05:48.541,1.65234,1.65261,1.50,1.88
2011.04.22 08:05:48.650,1.65233,1.65249,1.50,1.50
2011.04.22 08:06:09.950,1.65234,1.6525,1.50,1.50
2011.04.22 08:06:10.920,1.65234,1.65249,1.50,1.50
2011.04.22 08:06:11.140,1.65234,1.65249,1.50,1.50
2011.04.22 08:06:36.170,1.65234,1.65249,1.50,1.50
2011.04.22 08:06:37.830,1.65234,1.65249,1.50,1.50
2011.04.22 08:06:40.400,1.65234,1.65249,1.50,1.50
2011.04.22 08:06:42.770,1.65234,1.65249,1.50,1.50
2011.04.22 08:07:00.240,1.65232,1.65249,1.13,1.50
2011.04.22 08:07:00.839,1.65232,1.65249,1.13,1.50
2011.04.22 08:07:02.730,1.65223,1.65247,1.13,1.50
2011.04.22 08:07:03.172,1.65224,1.6525,1.50,1.50
2011.04.22 08:07:03.281,1.65223,1.6524,1.50,1.50
2011.04.22 08:07:03.502,1.65224,1.65251,1.50,2.25
2011.04.22 08:07:03.611,1.65224,1.65249,1.50,2.63
2011.04.22 08:07:03.721,1.65224,1.65248,1.50,1.50
2011.04.22 08:07:03.830,1.65223,1.65248,1.50,1.50
2011.04.22 08:07:12.193,1.6522,1.65247,1.50,2.25
2011.04.22 08:07:14.283,1.6522,1.65247,1.50,2.25
2011.04.22 08:07:14.830,1.65221,1.65248,1.50,1.50
2011.04.22 08:07:21.481,1.6522,1.65245,1.50,1.50
2011.04.22 08:07:21.812,1.65221,1.65235,1.50,1.35
2011.04.22 08:07:21.921,1.65207,1.65226,3.00,1.35
2011.04.22 08:07:22.251,1.65208,1.65231,1.88,1.13
2011.04.22 08:07:22.360,1.65209,1.65237,1.13,1.50
2011.04.22 08:07:22.471,1.6521,1.65242,1.50,1.50
2011.04.22 08:07:22.801,1.65212,1.65246,1.13,1.50
2011.04.22 08:07:23.463,1.65212,1.65246,1.88,1.50
2011.04.22 08:07:23.573,1.65213,1.65246,1.13,1.50
2011.04.22 08:07:24.120,1.65212,1.65247,1.88,2.25
2011.04.22 08:07:26.490,1.65223,1.65247,1.50,1.50
2011.04.22 08:07:26.820,1.65223,1.65249,1.50,1.50
2011.04.22 08:07:27.599,1.65223,1.65249,1.50,1.50
2011.04.22 08:07:27.821,1.65223,1.6524,1.50,1.50
2011.04.22 08:07:28.041,1.65223,1.65246,1.50,1.50
2011.04.22 08:07:28.590,1.65223,1.65249,1.50,1.50
2011.04.22 08:07:29.250,1.65223,1.65249,1.50,1.50
2011.04.22 08:07:29.580,1.65222,1.65236,1.50,1.50
2011.04.22 08:07:30.022,1.65216,1.65236,1.88,1.50
2011.04.22 08:07:31.121,1.65223,1.65236,1.50,1.50
2011.04.22 08:07:31.670,1.65221,1.65236,1.50,1.50
2011.04.22 08:07:45.991,1.65223,1.65236,1.50,1.50
2011.04.22 08:07:46.212,1.65223,1.65253,1.50,1.13
2011.04.22 08:07:46.431,1.65223,1.65254,1.50,1.13
2011.04.22 08:07:55.076,1.65223,1.65254,1.50,1.88
2011.04.22 08:07:55.192,1.65223,1.65242,1.50,3.38
2011.04.22 08:07:56.521,1.65223,1.65245,1.50,1.20
2011.04.22 08:07:56.743,1.65223,1.65252,1.50,1.50
2011.04.22 08:07:57.290,1.65223,1.65252,1.50,1.50
2011.04.22 08:07:57.620,1.65223,1.65254,1.50,2.63
2011.04.22 08:07:57.950,1.65222,1.65236,1.50,1.50
2011.04.22 08:07:59.620,1.65218,1.65235,1.13,1.50
2011.04.22 08:07:59.951,1.65223,1.65236,1.50,1.50
2011.04.22 08:08:00.283,1.65223,1.65239,1.50,1.50
2011.04.22 08:08:00.920,1.65223,1.65254,1.50,1.88
2011.04.22 08:08:04.620,1.65222,1.65254,1.50,2.63
2011.04.22 08:08:04.841,1.65222,1.65238,1.50,1.13
2011.04.22 08:08:05.169,1.65223,1.6524,1.50,3.00
2011.04.22 08:08:05.280,1.65223,1.65249,1.50,1.50
2011.04.22 08:08:05.501,1.65223,1.65253,1.50,1.50
2011.04.22 08:08:05.941,1.65217,1.65235,1.13,1.50
2011.04.22 08:08:09.112,1.65222,1.65236,1.50,1.50
2011.04.22 08:08:10.471,1.65221,1.65236,1.50,1.50
2011.04.22 08:08:10.890,1.65221,1.65235,1.50,1.50
2011.04.22 08:08:11.220,1.65219,1.65235,2.63,1.50
2011.04.22 08:08:11.771,1.65219,1.65235,1.88,1.50
2011.04.22 08:08:12.650,1.65219,1.65235,1.88,1.50
2011.04.22 08:08:13.192,1.6522,1.65236,1.13,1.50
2011.04.22 08:08:16.840,1.6522,1.65237,1.13,1.50
2011.04.22 08:08:17.410,1.6522,1.65236,1.13,1.50
2011.04.22 08:08:17.961,1.6522,1.65237,1.13,1.50
2011.04.22 08:08:19.250,1.6522,1.65236,1.13,1.50
2011.04.22 08:08:19.929,1.6522,1.65237,1.13,1.50
2011.04.22 08:08:21.339,1.6522,1.65236,1.13,1.50
2011.04.22 08:08:25.590,1.6522,1.65237,1.13,1.50
2011.04.22 08:08:26.140,1.6522,1.65236,1.13,1.50
2011.04.22 08:08:26.470,1.65219,1.65235,1.13,1.50
2011.04.22 08:08:33.270,1.6522,1.65255,1.13,1.50
2011.04.22 08:08:33.927,1.6522,1.65255,1.13,1.50
2011.04.22 08:08:34.285,1.65219,1.65246,1.13,1.50
2011.04.22 08:08:38.720,1.6522,1.65255,1.13,1.50
2011.04.22 08:08:39.412,1.6522,1.65255,1.13,1.50
2011.04.22 08:08:40.760,1.6522,1.65255,1.13,1.50
2011.04.22 08:08:41.385,1.6522,1.65255,1.13,1.50
2011.04.22 08:08:43.110,1.6522,1.65255,1.13,1.50
2011.04.22 08:08:43.921,1.6522,1.65255,1.13,1.50
2011.04.22 08:08:44.432,1.65219,1.65255,1.88,1.88
2011.04.22 08:08:46.550,1.65216,1.65252,1.88,1.88
2011.04.22 08:08:47.530,1.6522,1.65252,1.13,1.50
2011.04.22 08:08:49.099,1.6522,1.65256,1.88,1.88
2011.04.22 08:08:49.540,1.6522,1.65255,1.50,1.13
2011.04.22 08:08:51.000,1.6522,1.65255,1.50,1.13
2011.04.22 08:08:51.553,1.6522,1.65256,1.88,1.88
2011.04.22 08:08:51.754,1.6522,1.65256,1.88,1.88
2011.04.22 08:08:52.572,1.6522,1.65256,1.88,1.88
2011.04.22 08:08:54.379,1.6522,1.65255,1.50,1.13
2011.04.22 08:08:55.334,1.65218,1.65235,1.88,1.50
2011.04.22 08:08:56.220,1.65219,1.65235,1.13,1.50
2011.04.22 08:08:56.661,1.65218,1.65235,1.50,1.50
2011.04.22 08:08:57.880,1.6522,1.65235,1.13,1.50
2011.04.22 08:09:03.949,1.65221,1.65235,1.13,1.50
2011.04.22 08:09:04.431,1.6522,1.65235,1.50,1.50
2011.04.22 08:09:05.199,1.6522,1.65235,1.50,1.50
2011.04.22 08:09:05.749,1.65217,1.65235,1.88,1.50
2011.04.22 08:09:07.409,1.65217,1.65235,1.88,1.50
2011.04.22 08:09:09.329,1.65217,1.65235,1.88,1.50
2011.04.22 08:09:09.889,1.65219,1.65235,1.13,1.50
2011.04.22 08:09:13.389,1.65219,1.65235,1.13,1.50
2011.04.22 08:09:14.508,1.65219,1.65236,1.13,1.50
2011.04.22 08:09:19.430,1.65223,1.65239,1.50,1.50
2011.04.22 08:09:19.652,1.65229,1.65247,1.50,1.50
2011.04.22 08:09:21.671,1.65229,1.65247,1.50,1.50
2011.04.22 08:09:22.220,1.65229,1.65247,1.50,1.50
2011.04.22 08:09:22.771,1.65229,1.65247,1.50,1.50
2011.04.22 08:09:22.989,1.65229,1.65247,1.50,1.50
2011.04.22 08:09:25.620,1.65229,1.65247,1.50,1.50
2011.04.22 08:09:27.701,1.6523,1.65247,1.50,1.50
2011.04.22 08:09:31.950,1.65219,1.65247,1.50,1.50
2011.04.22 08:09:32.172,1.65217,1.65235,1.50,1.50
2011.04.22 08:09:47.421,1.65217,1.65235,1.50,1.50
2011.04.22 08:09:47.751,1.65221,1.65235,1.50,1.50
2011.04.22 08:09:48.081,1.6522,1.65236,3.00,1.50
2011.04.22 08:09:48.300,1.6522,1.65235,2.25,1.50
2011.04.22 08:09:48.521,1.65213,1.65235,1.13,1.50
2011.04.22 08:09:48.630,1.65213,1.65235,1.88,1.50
2011.04.22 08:09:48.849,1.65213,1.65235,1.88,1.50
2011.04.22 08:09:51.750,1.65218,1.65235,1.50,1.50
2011.04.22 08:09:52.678,1.65217,1.65235,1.50,1.50
2011.04.22 08:09:53.512,1.65217,1.65235,2.25,1.50
2011.04.22 08:09:53.732,1.65217,1.65235,2.25,1.50
2011.04.22 08:09:55.701,1.65217,1.65235,3.00,1.50
2011.04.22 08:10:04.611,1.65215,1.65235,1.50,1.50
2011.04.22 08:10:20.239,1.65217,1.65235,1.50,1.50
2011.04.22 08:10:25.680,1.65215,1.65235,1.50,1.50
2011.04.22 08:10:26.240,1.65217,1.65235,1.50,1.50
2011.04.22 08:10:26.789,1.65216,1.65235,1.50,1.50
2011.04.22 08:10:27.474,1.65217,1.65235,1.50,1.50
2011.04.22 08:10:28.000,1.65218,1.65235,1.50,1.50
2011.04.22 08:10:31.620,1.65216,1.65235,1.50,1.50
2011.04.22 08:10:34.041,1.65217,1.65235,1.50,1.50
2011.04.22 08:10:34.479,1.65214,1.65235,1.88,1.50
2011.04.22 08:10:41.360,1.65214,1.65235,1.88,1.50
2011.04.22 08:10:41.911,1.65217,1.65235,1.50,1.50
2011.04.22 08:10:48.740,1.65215,1.65235,1.50,1.50
2011.04.22 08:10:48.959,1.65217,1.65235,1.50,1.50
2011.04.22 08:10:49.631,1.65217,1.65235,1.50,1.50
2011.04.22 08:10:50.668,1.65215,1.65235,1.50,1.50
2011.04.22 08:10:53.917,1.65216,1.65248,1.50,1.50
2011.04.22 08:10:54.759,1.65216,1.65248,1.50,1.50
2011.04.22 08:10:55.420,1.65216,1.65248,1.50,1.50
2011.04.22 08:11:02.360,1.65216,1.65248,1.50,1.50
2011.04.22 08:11:09.250,1.65208,1.65238,1.50,1.50
2011.04.22 08:11:09.360,1.65207,1.65238,1.50,1.50
2011.04.22 08:11:09.691,1.65207,1.65238,1.50,1.50
2011.04.22 08:11:14.843,1.65207,1.65239,1.50,1.50
2011.04.22 08:11:15.919,1.65208,1.65239,1.50,1.50
2011.04.22 08:11:29.850,1.65208,1.65241,1.50,1.50
2011.04.22 08:11:30.182,1.6524,1.65259,1.13,1.50
2011.04.22 08:11:30.400,1.6524,1.65259,1.13,1.50
2011.04.22 08:11:31.633,1.65237,1.65257,1.09,1.50
2011.04.22 08:11:31.852,1.65237,1.65257,1.09,1.50
2011.04.22 08:11:33.061,1.65237,1.65257,1.09,1.50
2011.04.22 08:11:33.620,1.65242,1.65257,1.84,1.50
2011.04.22 08:11:33.730,1.65242,1.65258,2.59,1.50
2011.04.22 08:11:33.950,1.65242,1.6526,2.59,1.50
2011.04.22 08:11:34.860,1.65242,1.6526,2.59,1.50
2011.04.22 08:11:35.950,1.65242,1.6526,2.59,1.50
2011.04.22 08:11:39.970,1.65242,1.65265,2.59,1.50
2011.04.22 08:11:40.191,1.65242,1.65265,2.22,1.50
2011.04.22 08:11:43.731,1.65242,1.65265,1.84,2.25
2011.04.22 08:11:48.958,1.65242,1.65265,1.84,2.25
2011.04.22 08:11:52.698,1.65242,1.65265,1.84,2.25
2011.04.22 08:11:56.328,1.65242,1.65265,1.84,2.25
2011.04.22 08:11:56.843,1.65242,1.65265,1.84,2.25
2011.04.22 08:11:58.308,1.65242,1.65265,1.84,2.25
2011.04.22 08:12:01.608,1.65242,1.65265,1.84,2.25
2011.04.22 08:12:04.380,1.65242,1.65265,1.84,2.25
2011.04.22 08:12:10.801,1.65242,1.65265,1.84,2.25
2011.04.22 08:12:13.190,1.65242,1.65265,1.84,2.25
2011.04.22 08:12:17.201,1.65242,1.65265,2.59,1.50
2011.04.22 08:12:17.313,1.65243,1.65265,1.50,1.50
2011.04.22 08:12:17.422,1.65244,1.65265,1.09,1.50
2011.04.22 08:12:17.862,1.65249,1.6528,1.09,1.50
2011.04.22 08:12:20.860,1.65253,1.6529,1.50,1.50
2011.04.22 08:12:25.102,1.65242,1.65282,1.13,1.50
2011.04.22 08:12:25.320,1.65241,1.65284,1.88,1.50
2011.04.22 08:12:25.651,1.65241,1.65279,1.88,1.50
2011.04.22 08:12:26.781,1.65241,1.65277,1.88,1.50
2011.04.22 08:12:28.740,1.65241,1.65277,1.13,1.50
2011.04.22 08:12:37.630,1.65241,1.65278,1.13,1.50
2011.04.22 08:12:40.471,1.65241,1.65278,1.13,1.50
2011.04.22 08:12:40.690,1.65241,1.65291,1.13,1.50
2011.04.22 08:12:40.801,1.65241,1.65291,1.13,1.50
2011.04.22 08:12:41.240,1.6525,1.65291,1.50,1.50
2011.04.22 08:12:47.440,1.6525,1.65292,2.25,1.50
2011.04.22 08:12:47.990,1.6525,1.65292,2.25,1.50
2011.04.22 08:12:50.510,1.65253,1.65292,1.50,1.50
2011.04.22 08:12:59.822,1.65253,1.65292,1.50,1.50
2011.04.22 08:13:00.155,1.65261,1.65291,1.50,1.50
2011.04.22 08:13:00.382,1.65249,1.65291,2.25,1.50
2011.04.22 08:13:04.291,1.65249,1.65291,3.00,1.50
2011.04.22 08:13:04.840,1.65249,1.65291,2.25,1.50
2011.04.22 08:13:07.590,1.65249,1.65291,3.00,1.50
2011.04.22 08:13:08.292,1.65249,1.65291,2.25,1.50
2011.04.22 08:13:10.450,1.65251,1.65291,1.50,1.50
2011.04.22 08:13:13.860,1.65251,1.65291,1.50,1.50
2011.04.22 08:13:20.820,1.65252,1.6529,1.50,1.50
2011.04.22 08:13:21.350,1.65252,1.6529,1.50,1.50
2011.04.22 08:13:25.866,1.65252,1.6529,2.25,1.50
2011.04.22 08:13:26.332,1.65256,1.6529,1.50,1.50
2011.04.22 08:13:28.420,1.65252,1.6529,2.25,1.50
2011.04.22 08:13:28.530,1.65252,1.6529,1.50,1.50
2011.04.22 08:13:44.410,1.65252,1.6529,1.50,1.50
2011.04.22 08:13:45.041,1.65252,1.6529,1.50,1.50
2011.04.22 08:13:49.735,1.65252,1.6529,1.50,1.50
2011.04.22 08:13:50.241,1.65252,1.6529,1.50,1.50
2011.04.22 08:13:50.902,1.65252,1.6529,1.50,1.50
2011.04.22 08:14:06.005,1.65252,1.6529,1.50,1.50
2011.04.22 08:14:06.791,1.65252,1.6529,1.50,1.50
2011.04.22 08:14:07.451,1.65252,1.6529,1.50,1.50
2011.04.22 08:14:08.000,1.65252,1.6529,1.50,1.50
2011.04.22 08:14:14.779,1.6525,1.6529,1.50,1.50
2011.04.22 08:14:15.000,1.65249,1.65278,3.00,1.50
2011.04.22 08:14:24.642,1.65248,1.65273,1.50,1.50
2011.04.22 08:14:25.122,1.65248,1.65268,1.50,1.50
2011.04.22 08:14:30.190,1.65247,1.65268,1.50,1.50
2011.04.22 08:14:30.740,1.65247,1.65268,1.50,1.50
2011.04.22 08:14:33.961,1.65244,1.65267,1.50,1.50
2011.04.22 08:14:34.293,1.65253,1.65267,4.50,2.25
2011.04.22 08:14:37.891,1.65248,1.65267,3.00,2.25
2011.04.22 08:14:38.001,1.65248,1.65264,3.00,1.50
2011.04.22 08:14:38.221,1.65244,1.65264,1.88,1.50
2011.04.22 08:14:40.504,1.65244,1.65265,1.13,2.25
2011.04.22 08:14:41.086,1.65244,1.65265,1.88,2.25
2011.04.22 08:14:41.762,1.65244,1.65265,1.13,2.25
2011.04.22 08:14:42.620,1.65244,1.65265,1.88,2.25
2011.04.22 08:14:43.232,1.65245,1.65265,1.50,2.25
2011.04.22 08:14:43.671,1.65244,1.65263,1.13,1.50
2011.04.22 08:14:48.901,1.65238,1.65262,3.75,1.50
2011.04.22 08:14:49.231,1.65239,1.65256,1.84,1.50
2011.04.22 08:15:07.752,1.65239,1.65257,1.84,1.50
2011.04.22 08:15:20.854,1.65239,1.65256,1.84,1.50
2011.04.22 08:15:20.971,1.65236,1.65255,2.59,1.50
2011.04.22 08:15:21.723,1.65236,1.65255,2.59,1.50
2011.04.22 08:15:22.160,1.65239,1.65255,1.84,1.50
2011.04.22 08:15:22.711,1.65239,1.65256,1.84,1.50
2011.04.22 08:15:25.790,1.65239,1.65256,1.84,1.50
2011.04.22 08:15:26.343,1.65239,1.65256,1.84,1.50
2011.04.22 08:15:28.760,1.65239,1.65256,1.84,1.50
2011.04.22 08:15:46.761,1.65239,1.65256,1.84,1.50
2011.04.22 08:15:52.255,1.65239,1.65256,1.84,1.50
2011.04.22 08:15:52.653,1.65239,1.65256,1.84,1.50
2011.04.22 08:15:54.512,1.65231,1.65251,2.97,1.50
2011.04.22 08:15:54.623,1.65231,1.6525,1.84,1.50
2011.04.22 08:15:54.952,1.65218,1.65232,5.25,1.84
2011.04.22 08:15:55.062,1.65222,1.65242,1.84,1.50
2011.04.22 08:15:55.172,1.65222,1.65244,2.59,1.50
2011.04.22 08:15:55.721,1.65222,1.65246,1.84,2.25
2011.04.22 08:16:06.556,1.65222,1.65244,1.84,1.50
2011.04.22 08:16:06.782,1.65217,1.65244,1.13,1.50
2011.04.22 08:16:06.893,1.65216,1.65243,1.50,1.50
2011.04.22 08:16:07.551,1.65216,1.65238,1.50,1.50
2011.04.22 08:16:07.663,1.65213,1.65238,2.63,1.50
2011.04.22 08:16:07.991,1.65211,1.6523,1.50,1.50
2011.04.22 08:16:09.571,1.65211,1.65241,2.25,2.25
2011.04.22 08:16:14.761,1.65211,1.65236,1.50,1.09
2011.04.22 08:16:15.317,1.65211,1.65236,2.25,1.09
2011.04.22 08:16:15.952,1.65211,1.65236,2.25,1.09
2011.04.22 08:16:19.272,1.65211,1.65229,1.50,1.50
2011.04.22 08:16:19.601,1.65211,1.65235,2.25,1.50
2011.04.22 08:16:20.373,1.65211,1.65235,2.25,1.50
2011.04.22 08:16:22.601,1.65211,1.65231,1.50,1.50
2011.04.22 08:16:22.970,1.65211,1.65225,1.50,1.50
2011.04.22 08:16:29.441,1.65211,1.65225,1.50,1.50
2011.04.22 08:16:29.773,1.6521,1.65221,1.50,1.50
2011.04.22 08:16:29.994,1.65206,1.65224,1.84,1.50
2011.04.22 08:16:37.201,1.65205,1.6522,1.09,1.50
2011.04.22 08:16:37.312,1.65204,1.65216,1.13,1.50
2011.04.22 08:16:37.532,1.65196,1.65216,2.25,1.50
2011.04.22 08:16:37.862,1.65196,1.65216,2.25,1.50
2011.04.22 08:16:38.192,1.65198,1.65212,1.50,1.50
2011.04.22 08:16:38.413,1.65198,1.65212,1.50,1.50
2011.04.22 08:16:38.961,1.65203,1.65211,1.50,1.50
2011.04.22 08:16:39.072,1.65191,1.65209,1.13,1.50
2011.04.22 08:16:39.181,1.6519,1.6521,2.25,1.50
2011.04.22 08:16:43.381,1.65191,1.65211,2.25,1.50
2011.04.22 08:16:43.712,1.65198,1.65214,1.09,1.50
2011.04.22 08:16:43.822,1.65199,1.65227,1.09,1.50
2011.04.22 08:16:46.191,1.65197,1.65229,3.00,1.50
2011.04.22 08:16:46.411,1.65197,1.65223,3.00,2.25
2011.04.22 08:16:46.990,1.65197,1.65229,3.75,3.75
2011.04.22 08:16:53.921,1.65197,1.65229,3.00,3.75
2011.04.22 08:16:54.472,1.65197,1.65228,3.00,1.50
2011.04.22 08:16:57.914,1.65204,1.65228,1.13,1.50
2011.04.22 08:16:58.591,1.65204,1.65229,1.13,1.50
2011.04.22 08:17:09.943,1.65204,1.65229,1.13,1.50
2011.04.22 08:17:10.490,1.65204,1.65229,1.13,1.50
2011.04.22 08:17:12.361,1.65204,1.65229,1.13,1.50
2011.04.22 08:17:13.162,1.65204,1.65229,1.13,1.50
2011.04.22 08:17:15.501,1.65204,1.6523,1.88,1.50
2011.04.22 08:17:27.714,1.65204,1.65229,1.13,1.50
2011.04.22 08:17:28.273,1.65204,1.65229,1.13,1.50
2011.04.22 08:17:28.494,1.65199,1.65229,1.50,1.50
2011.04.22 08:17:28.612,1.65197,1.65229,1.50,1.50
2011.04.22 08:17:28.723,1.65195,1.65227,1.50,1.50
2011.04.22 08:17:29.293,1.65195,1.65227,1.50,2.25
2011.04.22 08:17:30.481,1.65195,1.65228,1.50,1.50
2011.04.22 08:17:31.062,1.65195,1.65227,1.50,1.50
2011.04.22 08:17:31.623,1.65195,1.65227,1.50,1.50
2011.04.22 08:17:32.435,1.65195,1.65224,1.50,1.50
2011.04.22 08:17:32.771,1.65197,1.65224,1.50,1.50
2011.04.22 08:17:34.912,1.65182,1.6522,3.00,1.50
2011.04.22 08:17:36.360,1.65189,1.65228,2.25,1.50
2011.04.22 08:17:36.692,1.65189,1.65218,2.25,1.50
2011.04.22 08:17:36.913,1.65189,1.65218,2.25,1.50
2011.04.22 08:17:37.023,1.65177,1.65217,2.97,1.50
2011.04.22 08:17:37.131,1.65177,1.65217,2.97,1.50
2011.04.22 08:17:37.352,1.65177,1.65217,2.97,1.50
2011.04.22 08:17:38.591,1.65177,1.65217,3.72,1.50
2011.04.22 08:17:39.141,1.65177,1.65217,3.72,1.50
2011.04.22 08:17:39.472,1.6519,1.65222,1.50,1.50
2011.04.22 08:17:41.874,1.6519,1.65222,1.50,1.50
2011.04.22 08:17:42.421,1.65189,1.65226,1.50,1.50
2011.04.22 08:17:43.430,1.65189,1.65226,1.50,1.50
2011.04.22 08:17:44.480,1.65189,1.65226,1.50,1.50
2011.04.22 08:17:45.203,1.65189,1.65226,1.50,1.50
2011.04.22 08:17:45.550,1.65189,1.65226,1.50,1.50
2011.04.22 08:17:45.882,1.65198,1.65231,1.50,1.50
2011.04.22 08:17:46.212,1.652,1.65231,2.25,1.50
2011.04.22 08:17:46.982,1.65201,1.65232,1.50,1.50
2011.04.22 08:17:47.312,1.652,1.65232,1.50,1.50
2011.04.22 08:17:50.323,1.652,1.65232,2.25,1.50
2011.04.22 08:17:50.651,1.652,1.65232,1.50,1.50
2011.04.22 08:17:54.275,1.652,1.65232,1.50,1.50
2011.04.22 08:17:54.831,1.652,1.65232,2.25,1.50
2011.04.22 08:17:55.570,1.652,1.65232,1.50,1.50
2011.04.22 08:17:55.791,1.65202,1.65232,1.50,1.50
2011.04.22 08:17:56.550,1.65202,1.65232,1.50,1.50
2011.04.22 08:17:56.920,1.65201,1.65232,1.50,1.50
2011.04.22 08:17:57.471,1.652,1.65232,2.25,1.50
2011.04.22 08:18:00.081,1.65202,1.65232,1.50,1.50
2011.04.22 08:18:01.614,1.65202,1.65232,1.50,1.50
2011.04.22 08:18:01.871,1.65202,1.65232,1.50,2.25
2011.04.22 08:18:03.044,1.65202,1.65232,1.58,2.25
2011.04.22 08:18:03.382,1.65204,1.65232,1.05,2.25
2011.04.22 08:18:06.431,1.65207,1.65232,1.13,1.50
2011.04.22 08:18:07.200,1.65202,1.65232,1.50,2.25
2011.04.22 08:18:07.423,1.65202,1.65232,1.50,2.25
2011.04.22 08:18:07.641,1.65202,1.65231,1.50,1.50
2011.04.22 08:18:08.333,1.65202,1.65231,1.50,1.50
2011.04.22 08:18:08.770,1.65202,1.65231,1.50,1.50
2011.04.22 08:18:10.389,1.652,1.65229,1.50,1.13
2011.04.22 08:18:10.723,1.652,1.65227,1.50,1.50
2011.04.22 08:18:14.881,1.652,1.65227,1.50,1.50
2011.04.22 08:18:15.431,1.652,1.65231,1.50,1.50
2011.04.22 08:18:18.202,1.652,1.65231,1.50,1.50
2011.04.22 08:18:22.091,1.652,1.65232,1.50,1.50
2011.04.22 08:18:22.751,1.652,1.65232,1.50,1.50
2011.04.22 08:18:23.320,1.652,1.65232,1.50,1.50
2011.04.22 08:18:24.398,1.652,1.65232,1.50,1.50
2011.04.22 08:18:27.032,1.652,1.65232,1.50,2.25
2011.04.22 08:18:27.361,1.652,1.65232,1.50,3.75
2011.04.22 08:18:27.691,1.652,1.65232,1.50,3.75
2011.04.22 08:18:28.671,1.652,1.65224,1.50,1.50
2011.04.22 08:18:29.002,1.65187,1.65222,1.50,2.25
2011.04.22 08:18:29.332,1.65187,1.65222,1.50,1.50
2011.04.22 08:18:29.662,1.652,1.65222,1.50,1.50
2011.04.22 08:18:30.433,1.65195,1.65222,1.50,1.50
2011.04.22 08:18:30.871,1.65193,1.65216,1.50,1.50
2011.04.22 08:18:31.421,1.65185,1.65215,1.50,1.50
2011.04.22 08:18:31.921,1.65185,1.65215,1.50,1.50
2011.04.22 08:18:32.032,1.65187,1.65216,1.50,1.50
2011.04.22 08:18:32.253,1.65185,1.65211,1.88,2.25
2011.04.22 08:18:32.582,1.65192,1.65212,1.50,1.50
2011.04.22 08:18:33.131,1.65195,1.65218,1.50,1.50
2011.04.22 08:18:34.412,1.65193,1.65218,1.50,1.50
2011.04.22 08:18:34.743,1.65185,1.65207,1.13,1.50
2011.04.22 08:18:34.855,1.65179,1.65205,1.50,1.50
2011.04.22 08:18:35.192,1.65179,1.65197,1.50,1.50
2011.04.22 08:18:36.052,1.65179,1.65197,1.50,1.50
2011.04.22 08:18:36.383,1.65179,1.65197,1.50,1.50
2011.04.22 08:18:36.602,1.65176,1.65197,1.50,1.50
2011.04.22 08:18:36.931,1.65182,1.65197,1.50,1.50
2011.04.22 08:18:37.481,1.65182,1.65197,1.50,1.50
2011.04.22 08:18:38.081,1.65182,1.65197,1.50,1.50
2011.04.22 08:18:39.093,1.65182,1.65197,1.50,1.50
2011.04.22 08:18:40.062,1.65182,1.65197,1.50,1.50
2011.04.22 08:18:40.394,1.65176,1.65192,1.50,1.50
2011.04.22 08:18:40.502,1.65177,1.65197,1.50,1.50
2011.04.22 08:18:40.612,1.65177,1.65197,1.50,1.50
2011.04.22 08:18:41.161,1.65177,1.652,1.50,1.84
2011.04.22 08:18:41.803,1.65177,1.652,1.50,1.84
2011.04.22 08:18:42.877,1.65177,1.652,1.50,1.84
2011.04.22 08:18:43.391,1.6518,1.652,1.50,1.84
2011.04.22 08:18:44.035,1.6518,1.652,1.50,1.84
2011.04.22 08:18:44.151,1.6518,1.652,1.50,1.84
2011.04.22 08:18:44.702,1.6518,1.652,1.50,2.59
2011.04.22 08:18:45.222,1.6518,1.652,1.50,2.59
2011.04.22 08:18:45.991,1.65176,1.652,1.50,2.59
2011.04.22 08:18:46.581,1.65176,1.652,1.50,2.59
2011.04.22 08:18:47.374,1.65176,1.652,1.50,2.59
2011.04.22 08:18:47.923,1.65176,1.652,1.50,2.59
2011.04.22 08:18:49.464,1.65176,1.652,1.50,2.59
2011.04.22 08:18:49.582,1.65176,1.65196,1.50,1.84
2011.04.22 08:18:49.913,1.65171,1.65195,1.20,1.09
2011.04.22 08:18:50.022,1.65169,1.65195,1.09,1.09
2011.04.22 08:18:50.352,1.65166,1.65191,1.50,1.84
2011.04.22 08:18:51.994,1.65165,1.65191,1.50,1.84
2011.04.22 08:18:52.332,1.65165,1.65191,1.50,1.84
2011.04.22 08:18:52.442,1.65178,1.65193,1.50,2.25
2011.04.22 08:18:52.662,1.65178,1.65201,1.50,2.59
2011.04.22 08:19:01.625,1.65179,1.65202,1.50,2.59
2011.04.22 08:19:05.831,1.65179,1.65202,1.50,2.59
2011.04.22 08:19:06.381,1.65179,1.65202,1.50,2.59
2011.04.22 08:19:23.512,1.6518,1.65204,1.50,2.22
2011.04.22 08:19:31.732,1.65181,1.65204,1.50,1.84
2011.04.22 08:19:32.282,1.65181,1.65204,1.50,1.84
2011.04.22 08:19:38.503,1.65182,1.65207,1.50,1.50
2011.04.22 08:19:38.722,1.65185,1.65208,1.50,3.34
2011.04.22 08:19:39.293,1.65185,1.65208,1.50,4.09
2011.04.22 08:19:40.661,1.65185,1.65207,1.50,1.13
2011.04.22 08:19:45.731,1.65204,1.65209,1.09,1.50
2011.04.22 08:19:45.953,1.65204,1.65215,1.09,1.50
2011.04.22 08:19:46.062,1.65204,1.65217,1.84,1.50
2011.04.22 08:19:46.172,1.65204,1.65217,1.84,1.50
2011.04.22 08:19:48.181,1.65204,1.65217,1.84,1.50
2011.04.22 08:19:48.884,1.65204,1.65217,1.84,1.50
2011.04.22 08:19:49.672,1.65204,1.65217,1.84,1.50
2011.04.22 08:19:49.891,1.65204,1.65217,1.84,1.50
2011.04.22 08:19:53.681,1.65219,1.65241,2.25,2.25
2011.04.22 08:19:58.448,1.65219,1.65242,1.50,1.50
2011.04.22 08:19:58.724,1.65219,1.65242,2.25,1.50
2011.04.22 08:20:04.641,1.65221,1.65242,1.09,1.50
2011.04.22 08:20:05.213,1.65221,1.65242,1.09,1.50
2011.04.22 08:20:12.371,1.65221,1.65242,1.09,1.50
2011.04.22 08:20:12.943,1.65221,1.65242,1.09,1.50
2011.04.22 08:20:13.903,1.65221,1.65242,1.09,1.50
2011.04.22 08:20:15.241,1.65221,1.65242,1.09,1.50
2011.04.22 08:20:15.983,1.65221,1.65242,1.09,1.50
2011.04.22 08:20:16.771,1.65221,1.65242,1.09,1.50
2011.04.22 08:20:18.244,1.65223,1.65243,1.09,1.50
2011.04.22 08:20:18.475,1.65221,1.65242,1.09,1.50
2011.04.22 08:20:20.613,1.65221,1.65238,1.09,3.00
2011.04.22 08:20:28.943,1.65223,1.65238,1.09,3.00
2011.04.22 08:20:29.054,1.65221,1.65234,1.50,1.09
2011.04.22 08:20:29.383,1.65197,1.65208,1.50,1.50
2011.04.22 08:20:29.932,1.65204,1.6521,1.50,1.50
2011.04.22 08:20:44.483,1.65201,1.65208,1.50,1.50
2011.04.22 08:20:57.651,1.6519,1.65208,1.50,1.50
2011.04.22 08:21:24.312,1.65186,1.65209,1.50,1.50
2011.04.22 08:21:39.620,1.65186,1.65209,1.50,1.50
2011.04.22 08:21:59.050,1.65183,1.65208,1.50,1.50
2011.04.22 08:21:59.162,1.65183,1.65208,1.50,2.25
2011.04.22 08:21:59.710,1.65183,1.65208,1.50,1.50
2011.04.22 08:22:00.903,1.65186,1.65208,1.50,1.50
2011.04.22 08:22:01.401,1.65186,1.65208,1.50,1.50
2011.04.22 08:22:02.171,1.65202,1.65209,1.50,1.50
2011.04.22 08:23:02.203,1.65188,1.65207,3.00,1.50
2011.04.22 08:23:05.621,1.65186,1.65207,1.50,1.50
2011.04.22 08:23:06.961,1.65186,1.65207,1.50,1.50
2011.04.22 08:23:07.181,1.65186,1.65207,1.50,1.50
2011.04.22 08:23:17.510,1.65181,1.65207,2.85,1.50
2011.04.22 08:23:30.230,1.6518,1.65207,2.25,1.50
2011.04.22 08:23:30.822,1.6518,1.65207,2.25,1.50
2011.04.22 08:23:32.881,1.65186,1.65207,1.50,1.50
2011.04.22 08:23:33.431,1.65186,1.65207,1.50,2.25
2011.04.22 08:23:34.250,1.65186,1.65207,1.50,1.50
2011.04.22 08:23:34.691,1.65185,1.65205,1.50,1.50
2011.04.22 08:23:35.460,1.65182,1.65205,1.50,1.50
2011.04.22 08:23:35.901,1.65182,1.65205,1.50,1.50
2011.04.22 08:23:36.450,1.6518,1.65205,2.25,1.50
2011.04.22 08:23:36.792,1.6518,1.65205,1.50,1.50
2011.04.22 08:23:38.123,1.6518,1.65205,2.25,1.50
2011.04.22 08:23:38.233,1.65183,1.65205,1.50,1.50
2011.04.22 08:23:38.562,1.6518,1.65207,2.25,1.50
2011.04.22 08:23:38.670,1.6518,1.65207,2.25,1.50
2011.04.22 08:23:38.781,1.6518,1.65205,1.50,1.50
2011.04.22 08:23:39.217,1.65186,1.65207,1.50,1.50
2011.04.22 08:23:39.551,1.65186,1.65207,1.50,1.50
2011.04.22 08:23:45.301,1.65186,1.65206,1.50,1.50
2011.04.22 08:23:45.744,1.65185,1.65208,1.50,3.75
2011.04.22 08:23:46.941,1.65185,1.65208,1.50,3.75
2011.04.22 08:23:51.492,1.6519,1.65208,1.84,3.75
2011.04.22 08:23:53.061,1.6519,1.65208,1.84,1.50
2011.04.22 08:23:56.082,1.6519,1.65208,1.84,1.50
2011.04.22 08:23:56.192,1.65184,1.65206,1.50,2.59
2011.04.22 08:23:56.745,1.65183,1.65206,2.25,2.59
2011.04.22 08:23:58.982,1.65184,1.65206,1.50,2.59
2011.04.22 08:24:00.314,1.65183,1.65206,2.25,2.59
2011.04.22 08:24:00.862,1.65184,1.65206,1.50,2.59
2011.04.22 08:24:01.412,1.65183,1.65206,2.25,2.59
2011.04.22 08:24:04.881,1.65184,1.65206,1.50,2.59
2011.04.22 08:24:10.753,1.65204,1.65208,1.84,2.25
2011.04.22 08:24:11.158,1.65204,1.65214,1.84,1.13
2011.04.22 08:24:11.275,1.65204,1.65217,1.84,1.50
2011.04.22 08:25:10.843,1.65186,1.65217,1.50,1.50
2011.04.22 08:25:18.090,1.65186,1.65217,1.50,1.50
2011.04.22 08:25:22.671,1.65186,1.65217,1.50,1.50
2011.04.22 08:25:40.641,1.652,1.65224,1.50,1.50
2011.04.22 08:25:40.862,1.65219,1.65234,2.25,3.75
2011.04.22 08:25:41.460,1.65219,1.65234,2.25,3.75
2011.04.22 08:25:56.192,1.65204,1.65227,1.23,1.50
2011.04.22 08:25:56.304,1.65205,1.65227,1.50,1.50
2011.04.22 08:25:56.523,1.65189,1.65216,1.50,1.50
2011.04.22 08:25:57.071,1.65189,1.65217,1.50,2.25
2011.04.22 08:26:00.526,1.65189,1.65216,1.50,1.50
2011.04.22 08:26:01.312,1.65189,1.65217,1.50,2.25
2011.04.22 08:26:01.891,1.65189,1.65216,1.50,1.50
2011.04.22 08:26:03.872,1.65189,1.65217,1.50,2.25
2011.04.22 08:26:04.871,1.65189,1.65216,1.50,1.50
2011.04.22 08:26:10.282,1.65189,1.65217,1.50,2.25
2011.04.22 08:26:10.902,1.65189,1.65216,1.50,1.50
2011.04.22 08:26:12.373,1.65189,1.65217,1.50,2.25
2011.04.22 08:26:13.034,1.65189,1.65216,1.50,1.50
2011.04.22 08:26:17.695,1.65189,1.65215,1.50,1.50
2011.04.22 08:26:18.373,1.65189,1.65217,1.50,2.25
2011.04.22 08:26:18.904,1.65189,1.65216,1.50,1.50
2011.04.22 08:26:20.233,1.65189,1.65217,1.50,2.25
2011.04.22 08:26:20.853,1.65189,1.65216,1.50,1.50
2011.04.22 08:26:23.883,1.65189,1.65215,1.50,1.50
2011.04.22 08:26:30.750,1.65189,1.65215,1.50,1.50
2011.04.22 08:26:31.281,1.65189,1.65215,1.50,1.50
2011.04.22 08:26:31.611,1.65189,1.65215,1.50,1.50
2011.04.22 08:26:34.251,1.65189,1.65215,1.50,1.50
2011.04.22 08:26:45.492,1.65189,1.65215,1.50,1.50
2011.04.22 08:26:47.360,1.65189,1.65215,1.50,1.50
2011.04.22 08:27:02.362,1.65187,1.65215,1.13,1.50
2011.04.22 08:27:02.961,1.65187,1.65215,1.13,1.50
2011.04.22 08:27:04.087,1.65187,1.65215,1.13,1.50
2011.04.22 08:27:15.909,1.65187,1.65215,1.13,1.50
2011.04.22 08:27:17.581,1.65187,1.65215,1.13,1.50
2011.04.22 08:27:18.141,1.65187,1.65215,1.13,1.50
2011.04.22 08:27:23.091,1.65187,1.65216,1.13,1.50
2011.04.22 08:27:24.600,1.65187,1.65215,1.13,1.50
2011.04.22 08:27:25.151,1.65187,1.65216,1.13,1.50
2011.04.22 08:27:26.302,1.65187,1.65215,1.13,1.50
2011.04.22 08:27:26.983,1.65187,1.65216,1.13,1.50
2011.04.22 08:27:28.742,1.65187,1.65217,1.13,2.25
2011.04.22 08:27:29.392,1.65187,1.65216,1.13,1.50
2011.04.22 08:27:29.942,1.65187,1.65217,1.13,2.25
2011.04.22 08:27:36.392,1.65187,1.65217,1.13,1.50
2011.04.22 08:27:36.945,1.65193,1.65217,3.00,2.25
2011.04.22 08:27:37.275,1.65192,1.65217,1.50,1.50
2011.04.22 08:27:37.493,1.65192,1.65217,1.50,2.25
2011.04.22 08:27:38.766,1.65193,1.65217,3.00,1.50
2011.04.22 08:27:39.334,1.65193,1.65217,3.00,1.50
2011.04.22 08:27:39.666,1.65198,1.65216,1.50,1.50
2011.04.22 08:27:40.331,1.65201,1.65216,3.00,1.50
2011.04.22 08:27:40.995,1.65201,1.65216,3.00,1.50
2011.04.22 08:27:41.323,1.65202,1.65216,1.13,1.50
2011.04.22 08:27:41.873,1.65202,1.6522,3.38,1.50
2011.04.22 08:27:42.643,1.65195,1.65215,1.50,1.50
2011.04.22 08:27:42.862,1.65193,1.65215,1.50,1.50
2011.04.22 08:27:42.973,1.65193,1.65215,2.25,1.50
2011.04.22 08:27:43.303,1.65202,1.65215,3.38,1.50
2011.04.22 08:27:43.834,1.65212,1.65228,1.88,1.50
2011.04.22 08:27:43.947,1.65214,1.65244,3.00,3.00
2011.04.22 08:27:44.174,1.65214,1.65244,3.00,3.00
2011.04.22 08:27:44.943,1.65214,1.65242,2.25,1.50
2011.04.22 08:27:45.053,1.65218,1.65242,1.50,1.50
2011.04.22 08:27:46.102,1.65217,1.65242,1.50,1.50
2011.04.22 08:27:46.653,1.65217,1.65242,1.50,1.50
2011.04.22 08:27:46.765,1.65212,1.65242,4.13,1.50
2011.04.22 08:27:47.093,1.65213,1.65242,3.00,1.50
2011.04.22 08:27:47.203,1.65217,1.65241,1.50,1.50
2011.04.22 08:27:48.054,1.65215,1.65241,1.50,1.50
2011.04.22 08:27:49.053,1.65215,1.65232,1.50,4.50
2011.04.22 08:27:49.384,1.65212,1.6523,2.25,1.50
2011.04.22 08:27:49.496,1.65209,1.6523,1.50,1.50
2011.04.22 08:27:49.723,1.65208,1.65237,1.50,1.50
2011.04.22 08:27:49.943,1.6522,1.65237,1.50,1.50
2011.04.22 08:27:52.043,1.65218,1.65237,1.50,1.50
2011.04.22 08:27:52.154,1.65209,1.65235,1.50,1.50
2011.04.22 08:27:52.373,1.65224,1.65235,1.50,1.50
2011.04.22 08:27:52.813,1.65213,1.65235,3.00,1.50
2011.04.22 08:27:53.694,1.65212,1.6523,4.88,1.50
2011.04.22 08:27:53.913,1.65211,1.6523,1.50,1.50
2011.04.22 08:27:55.382,1.65208,1.6523,6.00,1.50
2011.04.22 08:27:56.046,1.65218,1.6523,1.50,1.50
2011.04.22 08:27:56.276,1.65209,1.6523,1.50,1.50
2011.04.22 08:27:57.453,1.65213,1.6523,1.50,1.50
2011.04.22 08:28:03.563,1.65204,1.65229,1.50,1.50
2011.04.22 08:28:04.133,1.65208,1.65234,3.00,1.50
2011.04.22 08:28:05.743,1.65208,1.65236,3.00,1.88
2011.04.22 08:28:06.351,1.65212,1.65239,3.38,2.25
2011.04.22 08:28:06.903,1.65217,1.65239,3.38,1.50
2011.04.22 08:28:07.232,1.65217,1.65239,2.63,1.50
2011.04.22 08:28:07.564,1.65224,1.65241,1.84,1.50
2011.04.22 08:28:07.673,1.65224,1.65245,2.59,1.50
2011.04.22 08:28:07.783,1.65225,1.65247,1.50,1.50
2011.04.22 08:28:08.332,1.65228,1.65255,1.09,1.50
2011.04.22 08:28:09.094,1.65229,1.65255,1.09,1.50
2011.04.22 08:28:09.872,1.65234,1.65256,1.09,1.50
2011.04.22 08:28:10.532,1.65231,1.65255,1.09,1.50
2011.04.22 08:28:10.862,1.65229,1.65255,1.09,1.50
2011.04.22 08:28:12.129,1.65232,1.65255,1.09,1.50
2011.04.22 08:28:14.989,1.65233,1.65255,1.09,1.50
2011.04.22 08:28:22.453,1.65229,1.65255,1.09,1.50
2011.04.22 08:28:25.769,1.65228,1.65255,1.09,1.50
2011.04.22 08:28:26.223,1.65232,1.65255,1.09,1.50
2011.04.22 08:28:26.663,1.65229,1.65255,1.09,1.50
2011.04.22 08:28:26.995,1.65225,1.65251,1.50,1.09
2011.04.22 08:28:27.107,1.65225,1.65249,1.50,1.09
2011.04.22 08:28:27.662,1.65225,1.65249,1.50,1.09
2011.04.22 08:28:27.773,1.65225,1.65248,1.50,1.09
2011.04.22 08:28:28.324,1.65225,1.65249,1.50,1.50
2011.04.22 08:28:28.434,1.65225,1.65249,1.50,1.50
2011.04.22 08:28:28.763,1.65223,1.65249,2.25,1.50
2011.04.22 08:28:29.424,1.65225,1.65245,1.50,1.50
2011.04.22 08:28:29.754,1.65223,1.65246,1.50,1.50
2011.04.22 08:28:31.782,1.65223,1.65246,1.50,1.50
2011.04.22 08:28:48.232,1.65223,1.65246,1.50,1.50
2011.04.22 08:29:06.553,1.65225,1.65249,1.50,2.25
2011.04.22 08:29:07.682,1.65225,1.65249,1.50,3.00
2011.04.22 08:29:11.985,1.65225,1.65249,1.50,3.00
2011.04.22 08:29:12.652,1.65225,1.65249,1.50,3.75
2011.04.22 08:29:14.112,1.65225,1.65246,1.50,1.50
2011.04.22 08:29:14.773,1.65225,1.65245,1.50,1.50
2011.04.22 08:29:16.613,1.65223,1.65245,2.25,2.25
2011.04.22 08:29:17.272,1.65225,1.65245,1.50,2.25
2011.04.22 08:29:25.358,1.65223,1.65245,1.50,2.25
2011.04.22 08:29:25.852,1.65223,1.65245,1.50,2.25
2011.04.22 08:29:26.678,1.65223,1.65245,1.50,2.25
2011.04.22 08:29:31.515,1.65223,1.65245,1.50,3.00
2011.04.22 08:29:38.374,1.65223,1.65238,1.50,2.25
2011.04.22 08:29:38.922,1.65223,1.65236,1.50,2.25
2011.04.22 08:29:39.033,1.65223,1.65237,1.50,1.50
2011.04.22 08:29:39.142,1.65223,1.65234,1.50,1.50
2011.04.22 08:29:39.473,1.65222,1.65227,1.50,1.50
2011.04.22 08:29:45.983,1.65193,1.65227,1.50,2.25
2011.04.22 08:29:46.093,1.65203,1.65227,2.25,2.25
2011.04.22 08:29:46.642,1.65204,1.65222,1.50,1.50
2011.04.22 08:29:47.192,1.65203,1.65222,1.50,2.25
2011.04.22 08:29:48.462,1.65204,1.65222,1.50,1.50
2011.04.22 08:29:49.955,1.65203,1.65222,1.50,2.25
2011.04.22 08:29:54.543,1.65203,1.65227,1.50,2.25
2011.04.22 08:29:54.873,1.65203,1.65227,1.50,2.25
2011.04.22 08:29:59.713,1.65203,1.65229,1.50,1.50
2011.04.22 08:30:01.373,1.65203,1.65229,1.50,1.50
2011.04.22 08:30:02.210,1.65203,1.65229,1.50,1.50
2011.04.22 08:30:20.748,1.65204,1.65229,1.50,1.50
2011.04.22 08:30:21.302,1.65203,1.65229,2.25,1.50
2011.04.22 08:30:22.303,1.65204,1.65229,1.50,1.50
2011.04.22 08:30:23.782,1.65203,1.65229,2.25,1.50
2011.04.22 08:30:46.023,1.65204,1.65231,1.50,1.13
2011.04.22 08:30:47.131,1.65205,1.65231,1.50,1.13
2011.04.22 08:30:47.681,1.65205,1.65231,1.50,1.13
2011.04.22 08:30:51.442,1.65205,1.65231,1.50,1.13
2011.04.22 08:30:55.621,1.65205,1.65231,1.50,1.13
2011.04.22 08:30:57.992,1.65203,1.65231,1.50,1.13
2011.04.22 08:30:58.563,1.65203,1.65231,1.50,1.13
2011.04.22 08:30:59.457,1.65203,1.65231,1.50,1.13
2011.04.22 08:31:02.272,1.65203,1.65231,1.50,1.13
2011.04.22 08:31:02.843,1.65203,1.65231,1.50,1.13
2011.04.22 08:31:04.416,1.65203,1.65231,1.50,1.13
2011.04.22 08:31:04.971,1.65203,1.65231,1.50,1.13
2011.04.22 08:31:13.772,1.65203,1.65231,2.25,1.13
2011.04.22 08:31:14.471,1.65203,1.65231,1.50,1.13
2011.04.22 08:31:20.871,1.65203,1.65231,2.25,1.13
2011.04.22 08:31:21.372,1.65203,1.65231,1.50,1.13
2011.04.22 08:31:22.076,1.65203,1.65231,2.25,1.13
2011.04.22 08:31:22.681,1.65203,1.65231,1.50,1.13
2011.04.22 08:31:34.351,1.65203,1.65231,2.25,1.13
2011.04.22 08:31:43.412,1.65203,1.65231,1.50,1.13
2011.04.22 08:31:49.791,1.65203,1.65229,1.50,1.50
2011.04.22 08:31:58.596,1.65203,1.65229,1.50,1.50
2011.04.22 08:32:00.831,1.65205,1.65231,1.50,1.13
2011.04.22 08:32:01.382,1.65205,1.65231,1.50,1.88
2011.04.22 08:32:11.488,1.65205,1.6523,1.50,1.50
2011.04.22 08:32:12.154,1.65205,1.65231,1.50,1.88
2011.04.22 08:32:14.041,1.65205,1.6523,1.50,1.50
2011.04.22 08:32:16.291,1.65205,1.65231,1.50,1.13
2011.04.22 08:32:17.183,1.65205,1.65231,1.50,1.13
2011.04.22 08:32:17.732,1.65204,1.65229,1.50,1.50
2011.04.22 08:32:18.392,1.65205,1.65231,2.25,1.13
2011.04.22 08:32:19.062,1.65205,1.65231,2.25,1.13
2011.04.22 08:32:19.893,1.65205,1.65231,2.25,1.13
2011.04.22 08:32:23.983,1.65212,1.65231,2.25,1.13
2011.04.22 08:32:24.094,1.65225,1.65237,2.25,1.50
2011.04.22 08:32:24.203,1.65227,1.65294,3.00,1.13
2011.04.22 08:32:24.848,1.65226,1.653,3.11,1.13
2011.04.22 08:32:27.343,1.65237,1.65292,3.75,1.13
2011.04.22 08:32:27.453,1.65239,1.6529,2.25,1.50
2011.04.22 08:32:28.007,1.65239,1.6529,2.25,1.50
2011.04.22 08:32:31.452,1.65239,1.6529,2.25,1.50
2011.04.22 08:32:31.784,1.65248,1.6529,3.00,1.50
2011.04.22 08:32:32.114,1.6523,1.65291,2.25,1.50
2011.04.22 08:32:32.444,1.65236,1.65291,1.50,1.50
2011.04.22 08:32:32.663,1.65232,1.65301,2.25,1.50
2011.04.22 08:32:33.572,1.65235,1.65301,1.50,1.50
2011.04.22 08:32:35.253,1.65235,1.653,2.25,1.50
2011.04.22 08:32:35.363,1.65248,1.653,1.88,1.50
2011.04.22 08:32:36.821,1.65248,1.65303,4.13,1.50
2011.04.22 08:32:37.602,1.65248,1.65303,4.13,1.50
2011.04.22 08:32:39.192,1.65248,1.65291,4.13,1.50
2011.04.22 08:32:39.522,1.65238,1.65286,2.25,1.50
2011.04.22 08:32:40.074,1.65236,1.65272,2.25,2.25
2011.04.22 08:32:41.362,1.65236,1.65266,2.25,1.50
2011.04.22 08:32:41.923,1.65236,1.65266,2.25,1.50
2011.04.22 08:32:42.682,1.65236,1.65266,2.25,1.50
2011.04.22 08:32:43.207,1.65233,1.65266,2.25,1.50
2011.04.22 08:32:43.770,1.65233,1.65267,2.25,1.50
2011.04.22 08:32:44.146,1.65233,1.65267,2.25,1.50
2011.04.22 08:32:44.488,1.65233,1.65267,2.25,1.50
2011.04.22 08:32:45.483,1.65233,1.65267,2.25,1.50
2011.04.22 08:32:46.034,1.65237,1.65267,2.25,1.50
2011.04.22 08:32:46.584,1.65237,1.65267,2.25,1.50
2011.04.22 08:32:47.136,1.65237,1.65266,2.25,1.50
2011.04.22 08:32:47.514,1.65237,1.65266,2.25,1.50
2011.04.22 08:32:48.063,1.65237,1.65266,2.25,1.50
2011.04.22 08:32:49.917,1.65251,1.65263,2.25,1.50
2011.04.22 08:32:51.747,1.65251,1.65263,2.25,1.50
2011.04.22 08:32:52.197,1.65248,1.65263,3.00,1.50
2011.04.22 08:32:52.424,1.65248,1.65263,3.00,1.50
2011.04.22 08:32:52.645,1.65238,1.65263,2.25,1.50
2011.04.22 08:32:53.383,1.65238,1.65263,2.25,1.50
2011.04.22 08:33:17.613,1.65237,1.65261,4.50,1.50
2011.04.22 08:33:17.943,1.65239,1.65259,2.25,1.50
2011.04.22 08:33:33.216,1.65238,1.65259,4.61,1.50
2011.04.22 08:33:33.772,1.65238,1.65259,4.61,1.50
2011.04.22 08:33:34.913,1.65238,1.65258,4.61,1.50
2011.04.22 08:33:37.493,1.65238,1.65259,4.61,1.50
2011.04.22 08:33:39.213,1.65238,1.65258,4.61,1.50
2011.04.22 08:33:55.642,1.65239,1.65258,3.11,1.50
2011.04.22 08:33:56.242,1.65239,1.65258,3.11,1.50
2011.04.22 08:34:02.252,1.65239,1.65258,3.11,1.50
2011.04.22 08:34:04.684,1.65239,1.65258,3.11,1.50
2011.04.22 08:34:05.232,1.65239,1.65258,3.11,1.50
2011.04.22 08:34:08.362,1.65239,1.65258,3.11,1.50
2011.04.22 08:34:08.584,1.65239,1.65258,2.36,1.50
2011.04.22 08:34:10.577,1.65232,1.65258,1.50,1.50
2011.04.22 08:34:14.154,1.65229,1.65258,1.50,1.50
2011.04.22 08:34:17.112,1.6523,1.65256,1.50,1.50
2011.04.22 08:34:17.444,1.65226,1.65256,1.50,1.50
2011.04.22 08:34:17.664,1.65228,1.65258,1.50,1.50
2011.04.22 08:34:21.753,1.65226,1.65252,1.50,1.50
2011.04.22 08:34:22.303,1.65223,1.65245,1.50,1.50
2011.04.22 08:34:22.872,1.65223,1.65245,1.50,1.50
2011.04.22 08:34:24.714,1.65223,1.65245,1.50,1.50
2011.04.22 08:34:25.374,1.65222,1.65245,1.50,1.50
2011.04.22 08:34:40.382,1.65223,1.65244,1.50,1.50
2011.04.22 08:34:40.932,1.65223,1.65245,1.50,2.25
2011.04.22 08:34:45.192,1.65223,1.65244,1.50,1.50
2011.04.22 08:34:45.753,1.65223,1.65245,1.50,2.25
2011.04.22 08:34:46.303,1.65223,1.65244,1.50,1.50
2011.04.22 08:34:46.852,1.65223,1.65245,1.50,2.25
2011.04.22 08:34:52.176,1.65215,1.65242,3.11,1.50
2011.04.22 08:34:52.406,1.65213,1.65237,1.61,1.50
2011.04.22 08:34:52.745,1.65205,1.65229,1.14,3.00
2011.04.22 08:34:53.076,1.65197,1.65224,3.25,2.63
2011.04.22 08:34:53.195,1.65197,1.65218,2.39,1.50
2011.04.22 08:34:53.306,1.65185,1.65213,1.50,3.00
2011.04.22 08:34:53.863,1.65185,1.65213,1.50,3.00
2011.04.22 08:34:54.404,1.65185,1.65213,1.50,3.00
2011.04.22 08:34:54.734,1.65185,1.65213,1.50,3.00
2011.04.22 08:34:56.474,1.65185,1.65212,1.50,1.50
2011.04.22 08:34:58.781,1.65185,1.65213,1.50,3.00
2011.04.22 08:34:59.003,1.65185,1.65213,1.50,3.00
2011.04.22 08:35:01.503,1.65185,1.65215,1.50,3.75
2011.04.22 08:35:02.163,1.65185,1.65215,1.50,3.75
2011.04.22 08:35:02.724,1.65185,1.65215,1.50,3.75
2011.04.22 08:35:03.272,1.65185,1.65215,1.50,3.75
2011.04.22 08:35:04.922,1.65185,1.65215,1.50,3.75
2011.04.22 08:35:05.144,1.65194,1.65219,1.50,2.59
2011.04.22 08:35:05.254,1.65194,1.65208,1.50,1.84
2011.04.22 08:35:05.584,1.65185,1.65208,1.50,1.84
2011.04.22 08:35:06.132,1.65185,1.65208,1.50,1.84
2011.04.22 08:35:08.004,1.65185,1.65208,1.50,1.84
2011.04.22 08:35:09.555,1.65185,1.65215,1.50,3.75
2011.04.22 08:35:10.105,1.65189,1.65215,1.50,1.50
2011.04.22 08:35:10.217,1.65189,1.65217,1.50,1.50
2011.04.22 08:35:10.336,1.65214,1.65232,3.00,4.99
2011.04.22 08:35:10.446,1.65214,1.65232,3.00,2.25
2011.04.22 08:35:10.675,1.65214,1.65232,3.00,3.00
2011.04.22 08:35:10.784,1.65214,1.65288,3.00,1.13
2011.04.22 08:35:10.893,1.65223,1.65288,2.25,1.13
2011.04.22 08:35:14.752,1.65217,1.65286,2.25,1.13
2011.04.22 08:35:15.132,1.65217,1.6529,2.25,1.13
2011.04.22 08:35:15.573,1.65219,1.6529,2.25,1.13
2011.04.22 08:35:15.792,1.65219,1.65289,2.25,1.13
2011.04.22 08:35:16.674,1.65224,1.65294,3.75,1.13
2011.04.22 08:35:17.823,1.65224,1.65295,3.00,1.13
2011.04.22 08:35:17.932,1.65226,1.65295,2.25,1.13
2011.04.22 08:35:28.096,1.65237,1.653,4.13,1.50
2011.04.22 08:35:28.642,1.65237,1.65302,4.13,1.13
2011.04.22 08:35:32.352,1.65237,1.65302,4.13,1.13
2011.04.22 08:35:33.852,1.65248,1.65302,2.25,1.13
2011.04.22 08:35:34.185,1.65248,1.65303,4.13,1.88
2011.04.22 08:35:41.961,1.65248,1.65291,1.13,1.50
2011.04.22 08:35:42.184,1.65227,1.65291,3.00,1.50
2011.04.22 08:35:42.404,1.65219,1.65288,3.00,1.50
2011.04.22 08:35:50.145,1.65219,1.65288,3.00,1.50
2011.04.22 08:35:50.475,1.65239,1.65294,3.00,1.50
2011.04.22 08:35:51.534,1.65247,1.65294,2.25,1.50
2011.04.22 08:35:52.764,1.65247,1.65302,2.25,1.50
2011.04.22 08:36:00.686,1.65249,1.65302,1.50,1.50
2011.04.22 08:36:00.803,1.65237,1.65302,2.63,1.50
2011.04.22 08:36:01.355,1.65238,1.65302,1.50,1.50
2011.04.22 08:36:01.962,1.65237,1.65302,1.50,1.50
2011.04.22 08:36:08.612,1.65237,1.65295,1.50,1.50
2011.04.22 08:36:08.944,1.65238,1.65287,1.50,1.50
2011.04.22 08:36:10.933,1.65236,1.65287,2.25,1.50
2011.04.22 08:36:15.292,1.65237,1.65287,1.50,1.50
2011.04.22 08:36:18.943,1.65239,1.65248,1.50,1.50
2011.04.22 08:36:22.124,1.6524,1.65248,1.50,1.50
2011.04.22 08:37:00.463,1.65239,1.65248,2.25,1.50
2011.04.22 08:37:01.014,1.65229,1.65247,1.50,1.50
2011.04.22 08:37:27.633,1.6523,1.65247,1.50,1.50
2011.04.22 08:37:28.182,1.65237,1.65247,1.50,1.50
2011.04.22 08:37:28.684,1.65235,1.65247,1.50,1.50
2011.04.22 08:37:51.923,1.65228,1.65245,2.25,1.50
2011.04.22 08:37:52.033,1.65221,1.65245,1.50,1.50
2011.04.22 08:37:52.254,1.65221,1.65245,1.50,1.50
2011.04.22 08:37:57.153,1.65217,1.65243,3.00,1.50
2011.04.22 08:37:57.704,1.65208,1.65226,3.00,1.50
2011.04.22 08:38:03.694,1.65208,1.65226,3.00,1.50
2011.04.22 08:38:06.579,1.65213,1.65249,2.25,1.50
2011.04.22 08:38:11.133,1.65215,1.65269,2.25,1.50
2011.04.22 08:38:13.342,1.65213,1.65269,1.50,1.50
2011.04.22 08:38:13.675,1.65213,1.65236,1.50,1.50
2011.04.22 08:38:13.783,1.65197,1.65236,3.00,1.50
2011.04.22 08:38:14.553,1.65197,1.65236,3.00,1.50
2011.04.22 08:38:15.103,1.65197,1.65236,3.00,1.50
2011.04.22 08:38:15.694,1.65197,1.6524,3.75,1.84
2011.04.22 08:38:16.244,1.65212,1.65245,2.25,1.50
2011.04.22 08:38:16.793,1.65215,1.65249,2.25,1.50
2011.04.22 08:38:21.583,1.65213,1.65266,2.25,2.25
2011.04.22 08:38:41.533,1.65208,1.65269,2.25,2.59
2011.04.22 08:38:45.653,1.6521,1.65269,2.25,2.59
2011.04.22 08:38:45.984,1.65221,1.65269,2.25,1.50
2011.04.22 08:38:50.734,1.65221,1.65267,1.50,1.50
2011.04.22 08:38:51.833,1.65217,1.65267,1.50,1.50
2011.04.22 08:38:52.056,1.65214,1.6525,1.50,1.50
2011.04.22 08:38:52.164,1.65212,1.65243,1.50,3.00
2011.04.22 08:38:52.275,1.65214,1.65243,1.50,3.00
2011.04.22 08:38:52.823,1.65213,1.65243,1.50,3.00
2011.04.22 08:38:53.393,1.65214,1.65243,1.50,3.00
2011.04.22 08:38:54.006,1.65207,1.65237,3.00,1.50
2011.04.22 08:38:54.557,1.65206,1.65237,3.00,1.50
2011.04.22 08:38:55.565,1.65207,1.65238,3.00,1.50
2011.04.22 08:38:55.785,1.65213,1.65246,2.25,1.50
2011.04.22 08:38:56.223,1.6521,1.65263,2.25,1.50
2011.04.22 08:38:59.094,1.65208,1.65266,2.25,2.25
2011.04.22 08:39:01.895,1.65207,1.65267,3.00,1.50
2011.04.22 08:39:04.724,1.65204,1.65269,2.25,1.50
2011.04.22 08:39:10.942,1.65202,1.65267,2.25,1.50
2011.04.22 08:39:12.622,1.65202,1.65267,2.25,1.50
2011.04.22 08:39:13.357,1.65194,1.65246,2.25,1.50
2011.04.22 08:39:19.365,1.65209,1.6526,1.50,1.50
2011.04.22 08:39:19.923,1.65204,1.6526,2.25,1.50
2011.04.22 08:39:27.872,1.65204,1.65267,2.25,2.25
2011.04.22 08:39:29.393,1.65201,1.65267,1.09,3.00
2011.04.22 08:39:29.723,1.65202,1.65248,1.09,1.50
2011.04.22 08:39:29.834,1.65202,1.65267,1.09,3.00
2011.04.22 08:39:32.563,1.65202,1.65267,1.09,1.50
2011.04.22 08:39:33.893,1.65202,1.65267,1.09,1.50
2011.04.22 08:39:36.153,1.65202,1.65267,1.09,1.50
2011.04.22 08:39:36.372,1.65202,1.65267,1.09,1.50
2011.04.22 08:39:39.153,1.65202,1.65267,1.09,1.50
2011.04.22 08:39:39.962,1.65202,1.65267,1.09,1.50
2011.04.22 08:39:44.575,1.65204,1.65267,3.00,1.50
2011.04.22 08:39:47.265,1.65204,1.6526,3.00,1.50
2011.04.22 08:39:47.594,1.65198,1.65226,4.47,1.58
2011.04.22 08:39:47.705,1.65198,1.65277,1.13,1.50
2011.04.22 08:39:47.923,1.65198,1.65277,1.13,1.50
2011.04.22 08:39:52.364,1.65198,1.65267,5.22,1.50
2011.04.22 08:39:52.914,1.65203,1.6527,2.59,1.50
2011.04.22 08:39:53.134,1.65203,1.6527,2.59,1.50
2011.04.22 08:39:53.353,1.65203,1.65272,2.59,1.50
2011.04.22 08:39:54.713,1.65209,1.65274,2.59,1.50
2011.04.22 08:39:55.153,1.6521,1.65273,3.00,1.50
2011.04.22 08:39:56.034,1.65213,1.65273,2.59,1.50
2011.04.22 08:39:57.585,1.65215,1.65273,3.00,1.50
2011.04.22 08:39:58.834,1.65215,1.65273,3.00,1.50
2011.04.22 08:39:59.164,1.65214,1.65273,3.00,1.50
2011.04.22 08:39:59.383,1.65214,1.65273,3.00,1.50
2011.04.22 08:40:00.904,1.65228,1.6527,2.25,1.50
2011.04.22 08:40:01.767,1.65228,1.65272,3.00,1.50
2011.04.22 08:40:02.405,1.65228,1.65275,3.00,1.50
2011.04.22 08:40:05.304,1.6523,1.65275,1.50,1.50
2011.04.22 08:40:08.615,1.6523,1.65272,1.50,1.50
2011.04.22 08:40:10.853,1.6523,1.65263,1.50,1.50
2011.04.22 08:40:11.182,1.6523,1.65247,1.50,1.50
2011.04.22 08:40:15.254,1.6523,1.65247,1.50,1.50
2011.04.22 08:40:50.433,1.65228,1.65245,2.25,1.50
2011.04.22 08:40:50.545,1.65222,1.65245,1.50,1.50
2011.04.22 08:40:51.093,1.65217,1.65245,3.75,1.50
2011.04.22 08:40:59.954,1.65217,1.65245,3.00,1.50
2011.04.22 08:41:00.569,1.65217,1.65245,3.00,1.50
2011.04.22 08:41:03.984,1.65217,1.65245,3.00,1.50
2011.04.22 08:41:06.052,1.65217,1.65247,3.00,1.50
2011.04.22 08:41:06.384,1.65235,1.65253,2.59,3.00
2011.04.22 08:41:06.494,1.65235,1.65259,2.59,1.50
2011.04.22 08:41:07.053,1.65235,1.65259,3.34,1.50
2011.04.22 08:41:07.163,1.65235,1.65259,3.34,1.50
2011.04.22 08:41:08.114,1.65247,1.65259,4.50,1.50
2011.04.22 08:41:08.224,1.65252,1.65261,1.84,1.50
2011.04.22 08:41:08.335,1.65255,1.65263,1.84,2.25
2011.04.22 08:41:08.445,1.65255,1.65267,1.84,1.50
2011.04.22 08:41:14.806,1.65245,1.65265,1.13,1.50
2011.04.22 08:41:14.916,1.65234,1.65262,1.50,1.50
2011.04.22 08:41:15.024,1.65234,1.65262,1.50,1.50
2011.04.22 08:41:15.574,1.6523,1.65262,2.25,1.50
2011.04.22 08:41:16.353,1.6523,1.65262,2.25,1.50
2011.04.22 08:41:16.905,1.6523,1.65262,2.25,1.50
2011.04.22 08:41:17.565,1.6523,1.65262,2.25,1.50
2011.04.22 08:41:22.332,1.6523,1.65262,2.25,1.50
2011.04.22 08:41:25.633,1.6523,1.65262,2.25,1.50
2011.04.22 08:41:26.344,1.6523,1.65262,2.25,1.50
2011.04.22 08:41:26.894,1.6523,1.65262,2.25,1.50
2011.04.22 08:42:00.755,1.6523,1.65262,2.25,1.50
2011.04.22 08:42:01.763,1.6523,1.65262,2.25,1.50
2011.04.22 08:42:15.801,1.6523,1.65262,2.25,1.50
2011.04.22 08:42:16.353,1.6523,1.65262,2.25,1.50
2011.04.22 08:42:24.143,1.65201,1.6526,2.57,1.50
2011.04.22 08:42:24.476,1.65197,1.65225,3.00,3.00
2011.04.22 08:42:24.706,1.65197,1.65225,3.00,2.25
2011.04.22 08:42:25.254,1.65197,1.65225,3.00,2.25
2011.04.22 08:42:25.843,1.65197,1.65225,3.00,2.25
2011.04.22 08:42:26.435,1.65197,1.65225,3.00,2.25
2011.04.22 08:42:29.644,1.65197,1.6522,3.00,1.50
2011.04.22 08:42:31.956,1.65197,1.65216,2.25,1.50
2011.04.22 08:42:32.064,1.65195,1.65216,1.50,1.50
2011.04.22 08:42:32.175,1.65192,1.65215,3.00,1.50
2011.04.22 08:42:33.334,1.65192,1.65215,3.00,1.50
2011.04.22 08:42:33.665,1.65197,1.65219,3.00,1.50
2011.04.22 08:42:34.884,1.65197,1.6522,3.00,1.50
2011.04.22 08:42:35.104,1.65197,1.65222,3.00,1.84
2011.04.22 08:42:35.815,1.65197,1.65221,3.00,1.50
2011.04.22 08:42:36.614,1.65197,1.6522,3.00,1.50
2011.04.22 08:42:37.193,1.65197,1.65221,3.00,1.50
2011.04.22 08:42:38.203,1.65197,1.65222,3.00,1.84
2011.04.22 08:42:38.753,1.65197,1.65221,3.00,1.50
2011.04.22 08:42:40.114,1.65197,1.65222,3.00,1.84
2011.04.22 08:42:40.663,1.65197,1.65221,3.00,1.50
2011.04.22 08:42:42.065,1.65197,1.65221,3.00,1.50
2011.04.22 08:42:42.174,1.65197,1.65219,3.00,1.50
2011.04.22 08:42:42.724,1.65197,1.65222,3.00,1.84
2011.04.22 08:42:43.056,1.65197,1.65222,3.00,1.09
2011.04.22 08:42:44.622,1.65197,1.65222,3.00,1.09
2011.04.22 08:42:45.094,1.65197,1.65221,3.00,1.50
2011.04.22 08:42:47.975,1.65195,1.65221,1.50,1.50
2011.04.22 08:43:00.871,1.65194,1.6522,1.50,1.50
2011.04.22 08:43:01.423,1.65195,1.65218,1.50,1.50
2011.04.22 08:43:02.213,1.65194,1.65218,1.50,1.50
2011.04.22 08:43:02.813,1.65195,1.65218,1.50,1.50
2011.04.22 08:43:04.611,1.65194,1.65218,1.50,1.50
2011.04.22 08:43:28.151,1.65195,1.6522,1.50,1.50
2011.04.22 08:43:33.024,1.65195,1.6522,1.50,1.50
2011.04.22 08:43:35.961,1.65195,1.6522,1.50,1.50
2011.04.22 08:43:36.513,1.65195,1.6522,1.50,1.50
2011.04.22 08:43:37.063,1.65195,1.6522,1.50,1.50
2011.04.22 08:43:42.230,1.65195,1.6522,1.50,1.50
2011.04.22 08:43:43.943,1.65195,1.65218,1.50,1.50
2011.04.22 08:43:45.482,1.65195,1.65219,1.50,1.50
2011.04.22 08:43:49.883,1.65195,1.6522,1.50,1.50
2011.04.22 08:43:51.624,1.65193,1.6522,2.25,1.50
2011.04.22 08:43:52.534,1.65194,1.65218,1.50,1.50
2011.04.22 08:43:53.165,1.65193,1.65218,2.25,1.50
2011.04.22 08:44:03.294,1.65194,1.65221,1.50,1.50
2011.04.22 08:44:08.822,1.65195,1.65219,1.50,1.50
2011.04.22 08:44:11.374,1.65195,1.65221,1.50,1.50
2011.04.22 08:44:15.884,1.65195,1.65221,1.50,1.50
2011.04.22 08:44:16.214,1.65195,1.65224,1.50,3.75
2011.04.22 08:44:16.433,1.65195,1.65221,1.50,1.50
2011.04.22 08:44:17.111,1.65195,1.65222,1.50,1.50
2011.04.22 08:44:36.615,1.65195,1.65222,1.50,3.75
2011.04.22 08:44:37.183,1.65194,1.65222,1.50,3.75
2011.04.22 08:44:39.250,1.65195,1.65222,1.50,3.00
2011.04.22 08:44:39.823,1.65194,1.65222,1.50,3.00
2011.04.22 08:44:40.680,1.65195,1.65222,1.50,3.00
2011.04.22 08:44:41.375,1.65194,1.65222,1.50,3.00
2011.04.22 08:44:42.036,1.65195,1.65222,1.50,3.00
2011.04.22 08:44:42.603,1.65194,1.65222,1.50,3.00
2011.04.22 08:44:43.283,1.65195,1.65222,1.50,3.00
2011.04.22 08:44:43.833,1.65194,1.65222,1.50,3.00
2011.04.22 08:44:47.074,1.65195,1.65218,1.50,1.50
2011.04.22 08:44:55.303,1.65193,1.65218,1.50,1.50
2011.04.22 08:44:55.854,1.65193,1.65218,1.50,1.50
2011.04.22 08:44:56.520,1.65193,1.65218,1.50,1.50
2011.04.22 08:44:57.215,1.65193,1.65218,1.50,1.50
2011.04.22 08:45:00.369,1.65193,1.65218,1.50,1.50
2011.04.22 08:45:01.276,1.65193,1.65218,1.50,1.50
2011.04.22 08:45:01.833,1.65193,1.65218,1.50,1.50
2011.04.22 08:45:02.639,1.65193,1.65218,1.50,1.50
2011.04.22 08:46:02.672,1.65193,1.65222,1.50,2.25
2011.04.22 08:46:09.302,1.65193,1.65222,1.50,3.75
2011.04.22 08:46:09.526,1.65185,1.65207,1.50,1.50
2011.04.22 08:46:10.074,1.65185,1.65208,1.50,1.50
2011.04.22 08:46:10.624,1.65185,1.65208,1.50,1.50
2011.04.22 08:46:16.435,1.65185,1.65208,1.50,1.50
2011.04.22 08:46:17.288,1.65185,1.65211,1.84,1.50
2011.04.22 08:46:19.584,1.65185,1.65211,1.84,1.50
2011.04.22 08:46:19.804,1.65185,1.65208,1.84,1.50
2011.04.22 08:46:20.814,1.65185,1.65207,1.84,1.50
2011.04.22 08:46:34.297,1.65185,1.65205,1.50,1.09
2011.04.22 08:46:34.404,1.65184,1.65203,1.50,1.09
2011.04.22 08:46:34.625,1.65182,1.65199,1.50,1.50
2011.04.22 08:46:34.737,1.65179,1.65198,1.50,1.50
2011.04.22 08:46:35.065,1.65141,1.65188,3.00,1.50
2011.04.22 08:46:35.675,1.6514,1.65188,1.50,1.50
2011.04.22 08:46:35.896,1.65142,1.65187,1.50,1.50
2011.04.22 08:46:36.470,1.65135,1.65193,2.25,2.25
2011.04.22 08:46:36.805,1.65135,1.65194,1.50,1.50
2011.04.22 08:46:37.245,1.65132,1.652,1.50,2.25
2011.04.22 08:46:37.794,1.65132,1.652,1.50,2.25
2011.04.22 08:46:38.015,1.65129,1.652,1.50,2.25
2011.04.22 08:46:40.455,1.65125,1.65201,3.00,1.50
2011.04.22 08:46:41.225,1.65127,1.65205,1.50,1.50
2011.04.22 08:46:41.994,1.65125,1.65205,3.00,1.50
2011.04.22 08:46:44.584,1.65128,1.65205,1.50,1.50
2011.04.22 08:46:44.806,1.65125,1.65202,1.50,1.50
2011.04.22 08:46:46.226,1.65125,1.65197,1.50,1.50
2011.04.22 08:46:50.339,1.65121,1.65195,1.50,1.50
2011.04.22 08:46:52.064,1.65119,1.65195,1.50,1.50
2011.04.22 08:46:55.043,1.65118,1.65195,3.38,1.50
2011.04.22 08:46:56.526,1.65118,1.65192,3.38,1.50
2011.04.22 08:47:06.454,1.6511,1.65192,2.25,1.50
2011.04.22 08:47:13.444,1.65117,1.65192,1.88,1.50
2011.04.22 08:47:21.643,1.65113,1.65193,2.25,1.50
2011.04.22 08:47:26.755,1.65116,1.65193,1.88,1.50
2011.04.22 08:47:33.240,1.65111,1.65192,1.50,1.50
2011.04.22 08:47:33.356,1.6513,1.65188,1.50,1.50
2011.04.22 08:47:33.685,1.65133,1.65165,1.50,2.25
2011.04.22 08:47:33.796,1.65133,1.65165,1.50,2.25
2011.04.22 08:47:35.194,1.6511,1.65165,2.25,2.25
2011.04.22 08:47:36.905,1.65112,1.6516,1.50,1.50
2011.04.22 08:47:39.539,1.65112,1.6516,1.50,1.50
2011.04.22 08:47:39.876,1.65131,1.65168,3.00,1.50
2011.04.22 08:47:40.207,1.65137,1.65173,3.00,4.09
2011.04.22 08:47:40.797,1.65137,1.65173,3.00,4.09
2011.04.22 08:47:41.124,1.65144,1.65173,1.09,4.09
2011.04.22 08:47:41.675,1.65143,1.65173,1.09,3.34
2011.04.22 08:47:43.484,1.65143,1.65163,1.09,1.50
2011.04.22 08:47:43.814,1.65143,1.65162,1.09,1.50
2011.04.22 08:47:45.404,1.65146,1.65162,1.09,1.50
2011.04.22 08:47:45.954,1.65146,1.65162,1.09,1.50
2011.04.22 08:47:54.154,1.6514,1.6516,1.09,1.50
2011.04.22 08:47:54.264,1.65135,1.6516,2.59,1.50
2011.04.22 08:47:54.486,1.65146,1.65153,2.25,1.50
2011.04.22 08:47:54.599,1.65152,1.65171,1.09,2.25
2011.04.22 08:47:54.719,1.65152,1.65176,1.09,1.50
2011.04.22 08:47:59.360,1.65152,1.65177,1.09,1.50
2011.04.22 08:48:02.254,1.65152,1.65177,1.09,1.50
2011.04.22 08:48:08.079,1.65152,1.65177,1.09,1.50
2011.04.22 08:48:08.415,1.65167,1.65185,1.50,1.50
2011.04.22 08:48:08.525,1.65167,1.65187,1.50,1.50
2011.04.22 08:48:08.635,1.65167,1.65187,1.50,1.50
2011.04.22 08:48:09.664,1.65164,1.65185,1.13,1.50
2011.04.22 08:48:10.776,1.65157,1.65184,1.09,2.59
2011.04.22 08:48:11.334,1.65157,1.65184,1.09,2.59
2011.04.22 08:48:12.809,1.65157,1.65184,1.09,3.34
2011.04.22 08:48:13.145,1.65152,1.65178,1.09,1.50
2011.04.22 08:48:37.744,1.65152,1.65178,1.09,1.50
2011.04.22 08:48:45.338,1.65152,1.65176,1.09,1.50
2011.04.22 08:48:45.895,1.65147,1.65174,1.09,2.59
2011.04.22 08:48:52.049,1.65147,1.65174,1.09,2.59
2011.04.22 08:48:52.604,1.65148,1.65174,1.50,2.59
2011.04.22 08:48:53.154,1.65147,1.65174,1.09,3.34
2011.04.22 08:48:58.594,1.65147,1.65174,1.09,3.34
2011.04.22 08:49:02.415,1.65147,1.65174,1.09,3.34
2011.04.22 08:49:02.747,1.65142,1.65162,1.50,1.50
2011.04.22 08:49:02.866,1.65137,1.65157,1.50,1.50
2011.04.22 08:49:02.976,1.65132,1.65155,3.00,5.25
2011.04.22 08:49:03.305,1.65123,1.65144,4.50,1.50
2011.04.22 08:49:03.415,1.65123,1.65144,4.50,1.50
2011.04.22 08:49:07.014,1.65133,1.65158,1.50,1.50
2011.04.22 08:49:09.195,1.65133,1.65152,1.50,1.50
2011.04.22 08:49:09.416,1.65125,1.65152,1.50,3.75
2011.04.22 08:49:10.313,1.65125,1.65152,1.50,3.75
2011.04.22 08:49:10.755,1.65133,1.65157,1.50,1.50
2011.04.22 08:49:11.304,1.65133,1.65157,1.50,1.50
2011.04.22 08:49:19.965,1.65135,1.65159,1.50,1.13
2011.04.22 08:49:20.560,1.65134,1.65161,1.50,2.25
2011.04.22 08:49:21.865,1.65133,1.65162,2.25,5.25
2011.04.22 08:49:22.454,1.65134,1.65162,1.50,5.25
2011.04.22 08:49:36.554,1.65134,1.65154,1.50,1.50
2011.04.22 08:49:36.886,1.65105,1.65129,1.50,1.84
2011.04.22 08:49:36.996,1.65119,1.65131,1.84,1.05
2011.04.22 08:49:37.215,1.65119,1.65139,1.84,3.00
2011.04.22 08:49:37.765,1.65119,1.65138,1.84,1.50
2011.04.22 08:49:51.965,1.65132,1.65147,3.00,1.84
2011.04.22 08:49:52.075,1.65132,1.65164,3.00,1.50
2011.04.22 08:49:52.187,1.65135,1.65165,1.50,1.50
2011.04.22 08:49:58.569,1.65134,1.65165,1.50,1.50
2011.04.22 08:49:59.092,1.65121,1.65142,2.25,1.50
2011.04.22 08:50:10.458,1.65133,1.65165,1.50,1.50
2011.04.22 08:50:10.578,1.65133,1.65174,1.50,1.50
2011.04.22 08:50:11.135,1.65132,1.65174,1.50,1.50
2011.04.22 08:50:11.610,1.65132,1.65165,1.50,1.50
2011.04.22 08:50:11.731,1.65121,1.65165,1.50,1.50
2011.04.22 08:50:16.665,1.65119,1.65166,1.50,1.50
2011.04.22 08:50:16.777,1.65116,1.65165,2.25,1.50
2011.04.22 08:50:17.107,1.65121,1.65165,1.50,1.50
2011.04.22 08:50:21.675,1.65121,1.6515,1.50,1.50
2011.04.22 08:50:30.355,1.65139,1.6515,3.75,1.50
2011.04.22 08:50:30.466,1.65142,1.65164,1.50,1.50
2011.04.22 08:50:30.578,1.65145,1.65172,1.50,2.25
2011.04.22 08:50:31.123,1.65144,1.65163,1.50,1.09
2011.04.22 08:50:31.240,1.65133,1.65154,1.50,1.50
2011.04.22 08:50:31.356,1.6513,1.65154,1.50,1.50
2011.04.22 08:50:32.567,1.6513,1.65154,2.25,1.50
2011.04.22 08:50:32.897,1.65139,1.65154,5.25,1.50
2011.04.22 08:50:33.020,1.65143,1.65164,1.50,1.13
2011.04.22 08:50:33.137,1.65145,1.65174,1.50,1.50
2011.04.22 08:50:33.695,1.65145,1.65173,1.50,1.50
2011.04.22 08:50:40.073,1.65146,1.65175,1.50,2.25
2011.04.22 08:51:00.435,1.65146,1.65175,1.50,2.25
2011.04.22 08:51:00.984,1.65146,1.65175,1.50,2.25
2011.04.22 08:51:08.925,1.65146,1.65175,1.50,1.50
2011.04.22 08:51:09.915,1.65147,1.65173,1.09,3.00
2011.04.22 08:51:10.249,1.65147,1.65174,1.09,2.59
2011.04.22 08:51:13.337,1.65147,1.65174,1.09,2.59
2011.04.22 08:51:13.667,1.65142,1.65164,1.09,1.13
2011.04.22 08:51:13.995,1.65133,1.65154,2.25,1.50
2011.04.22 08:51:23.805,1.65128,1.65154,3.00,1.50
2011.04.22 08:51:24.355,1.65129,1.65154,1.50,1.50
2011.04.22 08:51:25.196,1.65129,1.65154,1.50,1.50
2011.04.22 08:51:25.811,1.65129,1.65154,1.50,1.50
2011.04.22 08:51:28.625,1.65128,1.65154,3.00,1.50
2011.04.22 08:51:29.206,1.65128,1.65154,3.00,1.50
2011.04.22 08:51:30.765,1.65128,1.65154,3.75,1.50
2011.04.22 08:51:31.314,1.65128,1.65155,3.75,1.50
2011.04.22 08:51:42.377,1.65128,1.65155,3.75,1.50
2011.04.22 08:51:44.624,1.65128,1.65155,3.75,1.50
2011.04.22 08:51:46.667,1.65128,1.65155,3.75,1.50
2011.04.22 08:51:48.935,1.65128,1.65155,3.75,1.50
2011.04.22 08:51:51.015,1.65128,1.65155,3.75,1.50
2011.04.22 08:51:55.825,1.65128,1.65155,3.75,1.50
2011.04.22 08:51:56.595,1.65128,1.65155,3.75,1.50
2011.04.22 08:51:57.156,1.65128,1.65155,3.75,1.50
2011.04.22 08:51:57.816,1.65128,1.65155,3.75,1.50
2011.04.22 08:52:01.575,1.65121,1.65142,1.50,1.50
2011.04.22 08:52:09.425,1.65123,1.65153,1.50,3.75
2011.04.22 08:52:12.416,1.65123,1.65153,1.50,3.75
2011.04.22 08:52:36.845,1.65123,1.65153,1.50,3.75
2011.04.22 08:53:13.766,1.65123,1.65147,1.50,1.09
2011.04.22 08:53:13.986,1.65122,1.65145,1.50,1.09
2011.04.22 08:53:14.645,1.65122,1.65151,1.50,1.50
2011.04.22 08:53:17.485,1.65121,1.65152,1.50,4.09
2011.04.22 08:53:17.926,1.65127,1.65151,1.50,2.25
2011.04.22 08:53:18.255,1.65125,1.6515,1.50,1.50
2011.04.22 08:53:20.015,1.65127,1.65152,1.50,4.09
2011.04.22 08:53:28.707,1.65129,1.65153,2.25,1.50
2011.04.22 08:53:28.927,1.65133,1.65161,1.50,3.00
2011.04.22 08:53:30.915,1.65139,1.65161,1.50,3.00
2011.04.22 08:53:31.245,1.65152,1.65168,1.50,1.50
2011.04.22 08:53:31.795,1.65152,1.65169,1.50,1.50
2011.04.22 08:53:35.698,1.65151,1.65169,2.25,1.50
2011.04.22 08:53:36.255,1.65143,1.65168,1.50,1.50
2011.04.22 08:53:36.475,1.65143,1.65168,1.50,1.50
2011.04.22 08:53:55.379,1.65143,1.65179,1.50,1.50
2011.04.22 08:53:55.605,1.65143,1.65179,1.50,2.25
2011.04.22 08:53:56.299,1.65143,1.65179,1.50,1.50
2011.04.22 08:53:56.423,1.65143,1.65179,1.50,1.50
2011.04.22 08:53:56.756,1.65143,1.65179,1.50,1.50
2011.04.22 08:53:57.304,1.65143,1.65179,1.50,1.50
2011.04.22 08:54:00.165,1.65143,1.65179,1.50,1.50
2011.04.22 08:54:00.498,1.65157,1.65169,2.25,1.50
2011.04.22 08:54:00.617,1.65157,1.65179,3.00,1.50
2011.04.22 08:54:01.605,1.65157,1.65179,3.00,1.50
2011.04.22 08:54:04.006,1.65157,1.65179,3.00,1.50
2011.04.22 08:54:04.447,1.65157,1.65179,3.00,1.50
2011.04.22 08:54:09.405,1.65157,1.65179,3.00,2.25
2011.04.22 08:54:09.627,1.65139,1.65169,2.25,1.50
2011.04.22 08:54:09.848,1.65137,1.65167,2.25,1.50
2011.04.22 08:54:10.175,1.65132,1.65164,2.25,1.50
2011.04.22 08:54:10.290,1.65135,1.65167,1.50,1.50
2011.04.22 08:54:10.847,1.65134,1.65167,1.50,1.50
2011.04.22 08:54:30.036,1.65133,1.65167,1.50,3.00
2011.04.22 08:54:30.585,1.65133,1.65163,1.50,1.50
2011.04.22 08:54:31.805,1.65132,1.65163,2.25,2.25
2011.04.22 08:54:32.137,1.65125,1.65147,1.50,1.50
2011.04.22 08:54:32.246,1.65125,1.65148,1.50,1.50
2011.04.22 08:54:34.177,1.65123,1.65141,1.50,1.50
2011.04.22 08:54:34.507,1.65113,1.65137,1.50,1.50
2011.04.22 08:54:34.618,1.65125,1.65141,1.50,1.50
2011.04.22 08:54:36.324,1.65123,1.65141,1.50,1.50
2011.04.22 08:54:36.657,1.65115,1.65141,1.50,1.50
2011.04.22 08:54:37.425,1.65129,1.65141,4.50,1.50
2011.04.22 08:54:37.758,1.65158,1.65174,1.09,1.50
2011.04.22 08:54:37.877,1.65162,1.65181,1.09,1.50
2011.04.22 08:54:37.988,1.65162,1.65187,1.09,1.50
2011.04.22 08:54:38.207,1.65162,1.65189,1.09,4.09
2011.04.22 08:54:41.815,1.65162,1.65189,1.09,3.34
2011.04.22 08:54:44.115,1.65162,1.65189,1.09,3.34
2011.04.22 08:54:44.447,1.65175,1.65199,1.50,2.67
2011.04.22 08:54:46.675,1.65178,1.65205,1.09,2.67
2011.04.22 08:54:47.446,1.65176,1.65199,1.50,1.17
2011.04.22 08:54:47.667,1.65168,1.65195,1.09,1.84
2011.04.22 08:54:47.995,1.6517,1.65197,1.50,1.17
2011.04.22 08:54:48.889,1.65168,1.65194,1.50,1.50
2011.04.22 08:54:49.007,1.65163,1.6519,2.25,1.50
2011.04.22 08:54:49.118,1.65169,1.6519,4.50,1.50
2011.04.22 08:54:49.445,1.65175,1.65205,1.50,3.08
2011.04.22 08:54:53.335,1.65175,1.65205,1.50,1.58
2011.04.22 08:54:53.667,1.65182,1.65207,1.50,1.50
2011.04.22 08:55:22.635,1.65182,1.65207,1.50,1.50
2011.04.22 08:56:09.525,1.65181,1.65207,1.50,1.50
2011.04.22 08:56:12.445,1.65187,1.65207,1.50,1.50
2011.04.22 08:56:12.666,1.65191,1.65216,1.50,1.50
2011.04.22 08:56:39.256,1.65193,1.65217,1.09,1.50
2011.04.22 08:56:39.924,1.65193,1.65217,1.09,1.50
2011.04.22 08:56:40.825,1.65193,1.65217,1.09,1.50
2011.04.22 08:56:41.156,1.65198,1.65232,2.25,1.50
2011.04.22 08:56:41.376,1.65198,1.65243,2.25,2.25
2011.04.22 08:56:49.324,1.65192,1.65243,2.25,1.50
2011.04.22 08:56:50.177,1.65192,1.65253,2.25,1.50
2011.04.22 08:56:52.505,1.65199,1.65253,1.13,1.88
2011.04.22 08:57:00.675,1.65207,1.65255,1.50,1.13
2011.04.22 08:57:07.435,1.65207,1.65252,1.50,1.13
2011.04.22 08:57:07.766,1.6521,1.65253,1.50,1.88
2011.04.22 08:57:08.095,1.65216,1.65253,1.50,1.88
2011.04.22 08:57:10.295,1.65215,1.65253,1.50,1.88
2011.04.22 08:57:10.647,1.65218,1.65253,1.50,1.88
2011.04.22 08:57:11.496,1.65218,1.65253,1.50,3.38
2011.04.22 08:57:16.585,1.65218,1.65253,1.50,1.50
2011.04.22 08:57:17.136,1.65217,1.65251,1.50,1.50
2011.04.22 08:57:17.747,1.6522,1.65251,1.50,1.50
2011.04.22 08:57:21.136,1.6522,1.65247,1.50,1.50
2011.04.22 08:57:26.806,1.65217,1.65247,1.50,1.50
2011.04.22 08:57:27.029,1.65217,1.65252,1.50,1.50
2011.04.22 08:57:34.736,1.65214,1.65255,1.50,1.50
2011.04.22 08:57:34.846,1.6521,1.65255,1.50,1.50
2011.04.22 08:57:35.506,1.6521,1.6526,1.50,1.50
2011.04.22 08:57:36.096,1.65211,1.65257,1.50,1.50
2011.04.22 08:57:36.647,1.6521,1.65257,1.50,1.50
2011.04.22 08:57:36.756,1.6521,1.65257,1.50,1.50
2011.04.22 08:57:36.867,1.6521,1.65257,1.50,1.50
2011.04.22 08:57:36.977,1.6521,1.65257,1.50,1.50
2011.04.22 08:57:37.659,1.6521,1.65257,1.50,1.50
2011.04.22 08:57:37.777,1.6521,1.65257,1.50,1.50
2011.04.22 08:57:39.543,1.65214,1.65258,2.25,1.50
2011.04.22 08:57:40.096,1.65214,1.65259,1.50,1.13
2011.04.22 08:57:40.210,1.6521,1.65259,2.25,1.13
2011.04.22 08:57:43.666,1.6521,1.65256,2.25,1.50
2011.04.22 08:57:43.886,1.65214,1.6526,1.50,1.50
2011.04.22 08:57:43.996,1.65217,1.6526,1.50,1.50
2011.04.22 08:57:44.656,1.6521,1.6526,2.25,1.50
2011.04.22 08:57:44.765,1.6521,1.65264,2.25,1.88
2011.04.22 08:57:48.686,1.65213,1.65266,1.50,1.50
2011.04.22 08:57:50.079,1.65211,1.65265,2.25,1.13
2011.04.22 08:57:51.127,1.6521,1.65265,2.25,1.13
2011.04.22 08:57:51.458,1.65217,1.65265,2.25,1.13
2011.04.22 08:57:51.784,1.65217,1.65265,2.25,1.13
2011.04.22 08:57:52.884,1.65217,1.65265,2.25,1.13
2011.04.22 08:57:53.216,1.65213,1.65265,3.75,1.13
2011.04.22 08:57:54.535,1.6521,1.65265,2.25,1.13
2011.04.22 08:57:54.759,1.65211,1.65265,2.25,1.13
2011.04.22 08:57:54.986,1.65213,1.65267,2.25,1.13
2011.04.22 08:57:55.207,1.65211,1.65267,3.75,1.13
2011.04.22 08:57:58.904,1.65217,1.65266,2.25,1.13
2011.04.22 08:57:59.236,1.65248,1.65275,3.00,2.25
2011.04.22 08:57:59.564,1.65248,1.65275,3.00,1.50
2011.04.22 08:58:00.367,1.65248,1.65275,3.00,1.50
2011.04.22 08:58:03.036,1.65248,1.65275,3.00,1.50
2011.04.22 08:58:07.545,1.65248,1.65275,3.00,1.50
2011.04.22 08:58:07.985,1.65248,1.65275,3.00,1.50
2011.04.22 08:58:13.614,1.65248,1.65275,3.00,1.50
2011.04.22 08:58:32.314,1.65248,1.65275,2.25,1.50
2011.04.22 08:58:32.537,1.65244,1.65275,1.50,1.50
2011.04.22 08:58:32.756,1.65227,1.65266,1.50,2.25
2011.04.22 08:58:33.746,1.65227,1.65265,1.50,1.50
2011.04.22 08:58:34.735,1.65226,1.65264,2.25,2.25
2011.04.22 08:58:39.388,1.65226,1.65261,2.25,1.50
2011.04.22 08:58:39.947,1.65226,1.65261,1.50,1.50
2011.04.22 08:58:40.424,1.65221,1.65261,2.25,1.50
2011.04.22 08:58:49.097,1.65221,1.65264,2.25,1.50
2011.04.22 08:58:49.424,1.65221,1.65266,2.25,1.50
2011.04.22 08:58:51.925,1.65216,1.65267,2.25,2.25
2011.04.22 08:59:06.674,1.65215,1.65265,1.13,2.25
2011.04.22 08:59:16.145,1.65215,1.65265,1.13,1.50
2011.04.22 08:59:16.476,1.65216,1.65266,1.13,2.25
2011.04.22 08:59:16.697,1.65221,1.65267,1.13,2.25
2011.04.22 08:59:16.916,1.65223,1.65267,1.13,2.25
2011.04.22 08:59:17.026,1.65223,1.65267,1.13,2.25
2011.04.22 08:59:17.136,1.65223,1.65267,1.13,2.25
2011.04.22 08:59:17.246,1.65223,1.65267,1.13,2.25
2011.04.22 08:59:17.466,1.65223,1.65267,1.13,2.25
2011.04.22 08:59:17.575,1.65223,1.6527,1.13,2.25
2011.04.22 08:59:19.136,1.65242,1.6527,1.50,2.25
2011.04.22 08:59:20.257,1.65242,1.6527,1.50,2.25
2011.04.22 08:59:21.019,1.65243,1.65256,1.50,2.25
2011.04.22 08:59:21.142,1.6524,1.65253,1.50,3.00
2011.04.22 08:59:21.367,1.6524,1.65247,1.50,2.25
2011.04.22 08:59:21.916,1.6524,1.65268,1.50,2.25
2011.04.22 08:59:22.026,1.6524,1.65268,1.50,2.25
2011.04.22 08:59:22.923,1.6524,1.65248,1.50,1.50
2011.04.22 08:59:23.270,1.6524,1.65247,1.50,3.00
2011.04.22 08:59:23.387,1.6524,1.65248,1.50,1.50
2011.04.22 08:59:23.939,1.6524,1.65247,1.50,3.00
2011.04.22 08:59:24.500,1.6524,1.65257,1.50,1.50
2011.04.22 08:59:24.617,1.6524,1.65253,1.50,1.13
2011.04.22 08:59:25.057,1.6524,1.65247,1.50,3.00
2011.04.22 08:59:25.387,1.6524,1.65255,1.50,1.50
2011.04.22 08:59:25.607,1.6524,1.65256,1.50,1.50
2011.04.22 08:59:32.478,1.6524,1.6526,1.50,1.50
2011.04.22 08:59:42.676,1.6524,1.65261,2.25,1.50
2011.04.22 08:59:42.786,1.6524,1.65262,2.25,1.50
2011.04.22 08:59:43.226,1.6524,1.65264,2.25,3.00
2011.04.22 08:59:43.337,1.6524,1.65263,2.25,1.50
2011.04.22 08:59:44.106,1.6524,1.65264,2.25,1.50
2011.04.22 08:59:48.498,1.6524,1.65262,2.25,1.50
2011.04.22 08:59:52.622,1.6524,1.65263,2.25,1.50
