2008.04.30 06:00:00.179,1.9656,1.96585,4.00,1.70
2008.04.30 06:00:00.569,1.9655,1.96585,1.20,1.70
2008.04.30 06:00:00.770,1.9656,1.96585,4.00,1.70
2008.04.30 06:00:00.952,1.9656,1.96565,4.00,0.20
2008.04.30 06:00:01.062,1.9654,1.96545,10.00,1.60
2008.04.30 06:00:01.172,1.96535,1.9654,0.80,0.80
2008.04.30 06:00:01.293,1.9654,1.9655,4.00,2.50
2008.04.30 06:00:01.402,1.9653,1.9654,5.20,0.90
2008.04.30 06:00:01.622,1.9654,1.96545,4.00,2.10
2008.04.30 06:00:01.949,1.9653,1.96535,4.00,0.30
2008.04.30 06:00:02.284,1.9653,1.96535,4.00,0.20
2008.04.30 06:00:02.511,1.9653,1.9654,1.60,4.60
2008.04.30 06:00:02.736,1.9649,1.96495,3.60,1.60
2008.04.30 06:00:02.961,1.9649,1.96495,3.20,2.00
2008.04.30 06:00:03.071,1.9649,1.96495,3.20,2.00
2008.04.30 06:00:03.195,1.9648,1.96485,2.00,1.80
2008.04.30 06:00:03.588,1.9646,1.9648,0.50,2.50
2008.04.30 06:00:03.926,1.9646,1.9648,0.50,6.50
2008.04.30 06:00:04.254,1.9645,1.9648,1.60,6.50
2008.04.30 06:00:04.363,1.9642,1.9648,7.10,2.50
2008.04.30 06:00:04.473,1.96455,1.9648,0.60,2.50
2008.04.30 06:00:04.582,1.9642,1.9649,3.90,2.50
2008.04.30 06:00:04.692,1.9644,1.9649,1.40,4.10
2008.04.30 06:00:04.801,1.9644,1.9649,2.20,3.90
2008.04.30 06:00:04.911,1.9644,1.9649,4.60,1.50
2008.04.30 06:00:05.027,1.9648,1.9649,0.80,1.50
2008.04.30 06:00:05.262,1.9648,1.9651,6.30,1.60
2008.04.30 06:00:05.739,1.9642,1.9645,0.80,0.20
2008.04.30 06:00:05.973,1.9642,1.9645,2.30,3.90
2008.04.30 06:00:06.623,1.9644,1.96445,1.60,0.20
2008.04.30 06:00:07.040,1.9642,1.9644,2.00,1.70
2008.04.30 06:00:07.552,1.96425,1.9644,0.60,1.60
2008.04.30 06:00:07.834,1.9644,1.9645,1.60,4.00
2008.04.30 06:00:08.434,1.9644,1.96455,1.60,1.70
2008.04.30 06:00:08.740,1.9644,1.9645,1.60,0.20
2008.04.30 06:00:09.046,1.9644,1.96445,1.60,0.20
2008.04.30 06:00:09.353,1.9641,1.9643,4.00,1.70
2008.04.30 06:00:09.535,1.9641,1.96425,4.00,0.20
2008.04.30 06:00:09.714,1.96395,1.9641,0.60,0.20
2008.04.30 06:00:09.895,1.96395,1.96425,0.60,1.70
2008.04.30 06:00:10.592,1.9641,1.9643,2.00,0.10
2008.04.30 06:00:10.850,1.9644,1.96445,1.60,2.70
2008.04.30 06:00:11.106,1.9644,1.9645,1.60,10.30
2008.04.30 06:00:11.934,1.9644,1.96445,1.60,1.90
2008.04.30 06:00:12.136,1.9644,1.96445,1.60,0.10
2008.04.30 06:00:12.496,1.964,1.96425,1.70,1.70
2008.04.30 06:00:12.676,1.964,1.96425,4.10,1.70
2008.04.30 06:00:12.856,1.964,1.96425,4.90,1.70
2008.04.30 06:00:13.214,1.964,1.96425,2.50,1.70
2008.04.30 06:00:13.393,1.964,1.9641,2.40,4.00
2008.04.30 06:00:13.574,1.9642,1.96425,1.20,1.60
2008.04.30 06:00:13.754,1.9642,1.9643,1.20,2.00
2008.04.30 06:00:13.934,1.9642,1.96445,2.00,0.20
2008.04.30 06:00:14.294,1.9642,1.96445,2.00,1.70
2008.04.30 06:00:14.459,1.9641,1.9644,16.00,0.20
2008.04.30 06:00:14.624,1.9641,1.9644,11.20,7.30
2008.04.30 06:00:14.789,1.9641,1.9644,8.40,8.80
2008.04.30 06:00:14.955,1.9641,1.9644,8.40,8.00
2008.04.30 06:00:15.121,1.9641,1.9644,5.20,10.50
2008.04.30 06:00:15.287,1.9641,1.9644,5.20,11.30
2008.04.30 06:00:15.405,1.9641,1.9644,5.60,11.30
2008.04.30 06:00:15.515,1.9641,1.9644,8.00,8.80
2008.04.30 06:00:15.624,1.9641,1.9644,10.30,6.40
2008.04.30 06:00:15.735,1.9641,1.9644,11.80,0.80
2008.04.30 06:00:15.953,1.9641,1.9644,11.80,0.80
2008.04.30 06:00:16.416,1.96415,1.9644,0.30,0.80
2008.04.30 06:00:16.525,1.9642,1.9644,2.40,0.80
2008.04.30 06:00:16.605,1.9642,1.96445,2.40,1.60
2008.04.30 06:00:16.675,1.9642,1.9645,2.40,9.20
2008.04.30 06:00:16.813,1.9642,1.9645,4.40,7.20
2008.04.30 06:00:17.019,1.9642,1.9644,4.40,0.20
2008.04.30 06:00:17.228,1.9642,1.9644,2.00,0.20
2008.04.30 06:00:17.297,1.9642,1.9645,2.80,10.00
2008.04.30 06:00:17.464,1.9642,1.9645,2.80,10.10
2008.04.30 06:00:17.532,1.9642,1.9645,2.80,11.70
2008.04.30 06:00:17.690,1.9642,1.96445,2.80,1.60
2008.04.30 06:00:17.972,1.9642,1.96445,4.40,1.60
2008.04.30 06:00:18.068,1.9642,1.9644,2.00,0.80
2008.04.30 06:00:18.219,1.9642,1.96445,2.80,1.60
2008.04.30 06:00:18.406,1.9642,1.96445,0.80,1.60
2008.04.30 06:00:18.502,1.96415,1.96445,0.30,1.60
2008.04.30 06:00:18.596,1.9642,1.96445,4.80,1.60
2008.04.30 06:00:18.675,1.9642,1.96445,9.60,1.60
2008.04.30 06:00:18.755,1.9642,1.9645,9.60,9.20
2008.04.30 06:00:18.835,1.9642,1.9645,11.60,7.20
2008.04.30 06:00:19.019,1.9642,1.9645,8.40,8.80
2008.04.30 06:00:19.533,1.9644,1.9645,6.40,6.40
2008.04.30 06:00:19.653,1.9644,1.9645,5.60,5.60
2008.04.30 06:00:19.773,1.9644,1.9645,8.80,4.00
2008.04.30 06:00:19.892,1.9644,1.9645,6.40,4.00
2008.04.30 06:00:20.014,1.9645,1.9646,2.40,5.20
2008.04.30 06:00:20.371,1.9645,1.9646,2.30,3.20
2008.04.30 06:00:20.619,1.9644,1.9646,3.20,4.80
2008.04.30 06:00:20.728,1.9644,1.9646,3.20,8.80
2008.04.30 06:00:21.112,1.9644,1.9646,2.40,8.80
2008.04.30 06:00:21.331,1.9644,1.9646,4.80,8.80
2008.04.30 06:00:21.559,1.9644,1.9646,3.10,8.80
2008.04.30 06:00:21.842,1.96435,1.9646,4.00,2.40
2008.04.30 06:00:22.026,1.96435,1.9645,4.00,2.40
2008.04.30 06:00:22.401,1.96425,1.9645,4.00,4.00
2008.04.30 06:00:23.085,1.96425,1.9645,4.00,2.40
2008.04.30 06:00:23.219,1.96425,1.9645,4.00,4.80
2008.04.30 06:00:23.755,1.96425,1.9645,4.00,2.40
2008.04.30 06:00:23.890,1.96425,1.96455,4.00,1.60
2008.04.30 06:00:24.014,1.96425,1.96455,4.10,1.60
2008.04.30 06:00:24.140,1.9643,1.9646,4.00,9.20
2008.04.30 06:00:24.267,1.9643,1.9646,6.00,7.20
2008.04.30 06:00:24.392,1.9643,1.9646,6.00,5.60
2008.04.30 06:00:24.517,1.9643,1.9646,6.10,5.60
2008.04.30 06:00:24.643,1.96435,1.9646,0.20,4.00
2008.04.30 06:00:24.769,1.96435,1.9647,0.20,10.80
2008.04.30 06:00:24.895,1.9645,1.9647,0.80,8.80
2008.04.30 06:00:25.080,1.9645,1.9647,0.80,7.20
2008.04.30 06:00:25.265,1.9645,1.9647,0.80,1.60
2008.04.30 06:00:25.450,1.9645,1.96475,0.80,1.60
2008.04.30 06:00:27.133,1.9645,1.96475,3.20,1.60
2008.04.30 06:00:27.265,1.9645,1.96475,5.20,1.60
2008.04.30 06:00:27.411,1.9645,1.9646,5.20,0.20
2008.04.30 06:00:27.487,1.9645,1.9646,2.80,0.20
2008.04.30 06:00:27.604,1.9645,1.9646,2.80,8.90
2008.04.30 06:00:27.654,1.9645,1.96455,2.80,1.60
2008.04.30 06:00:27.800,1.9644,1.96455,1.60,1.60
2008.04.30 06:00:28.050,1.9643,1.96455,3.20,1.60
2008.04.30 06:00:28.443,1.96435,1.96455,0.60,1.60
2008.04.30 06:00:28.661,1.96435,1.9646,0.60,8.40
2008.04.30 06:00:28.971,1.9643,1.9646,7.80,8.60
2008.04.30 06:00:29.076,1.9643,1.9645,1.60,2.40
2008.04.30 06:00:29.180,1.9642,1.9645,12.20,2.40
2008.04.30 06:00:29.476,1.9642,1.9645,11.40,2.40
2008.04.30 06:00:29.586,1.9642,1.9645,9.80,2.40
2008.04.30 06:00:29.695,1.9642,1.9645,9.40,2.40
2008.04.30 06:00:29.911,1.9642,1.9645,9.00,2.60
2008.04.30 06:00:30.021,1.9642,1.9645,5.00,3.40
2008.04.30 06:00:30.131,1.9642,1.9645,2.00,13.80
2008.04.30 06:00:30.247,1.9642,1.96445,2.00,1.60
2008.04.30 06:00:30.361,1.96415,1.96445,4.00,1.60
2008.04.30 06:00:30.475,1.9642,1.96445,0.50,1.60
2008.04.30 06:00:33.451,1.9642,1.96435,0.50,0.20
2008.04.30 06:00:33.739,1.9642,1.9643,0.50,1.60
2008.04.30 06:00:33.788,1.9643,1.96435,0.20,2.50
2008.04.30 06:00:34.095,1.9643,1.96435,0.30,2.50
2008.04.30 06:00:34.302,1.9643,1.96435,0.80,2.50
2008.04.30 06:00:34.676,1.9643,1.96435,0.70,2.50
2008.04.30 06:00:35.269,1.9643,1.9645,0.70,14.90
2008.04.30 06:00:35.478,1.9643,1.9645,0.70,8.90
2008.04.30 06:00:35.597,1.9643,1.9645,0.70,6.50
2008.04.30 06:00:35.782,1.9643,1.9645,0.70,4.00
2008.04.30 06:00:36.001,1.9643,1.9645,0.70,4.00
2008.04.30 06:00:36.735,1.9643,1.9645,0.50,4.00
2008.04.30 06:00:36.864,1.9642,1.9645,12.40,4.00
2008.04.30 06:00:36.994,1.9642,1.96435,12.40,0.20
2008.04.30 06:00:37.126,1.9642,1.9643,2.00,1.60
2008.04.30 06:00:37.256,1.9642,1.9643,2.00,4.00
2008.04.30 06:00:37.387,1.9641,1.9643,0.60,4.00
2008.04.30 06:00:37.775,1.9641,1.9643,1.20,1.60
2008.04.30 06:00:37.979,1.9641,1.96435,1.20,1.60
2008.04.30 06:00:38.721,1.9641,1.96435,1.70,1.60
2008.04.30 06:00:39.163,1.9641,1.96435,1.20,1.60
2008.04.30 06:00:39.974,1.9641,1.96435,1.20,1.70
2008.04.30 06:00:40.421,1.9641,1.9643,0.80,1.60
2008.04.30 06:00:40.636,1.9641,1.96415,0.60,0.20
2008.04.30 06:00:40.853,1.9639,1.9641,0.20,7.20
2008.04.30 06:00:41.037,1.9639,1.9641,0.20,8.10
2008.04.30 06:00:41.222,1.9639,1.96405,0.20,1.60
2008.04.30 06:00:41.589,1.9639,1.964,0.20,3.30
2008.04.30 06:00:41.774,1.9637,1.964,14.00,9.70
2008.04.30 06:00:41.958,1.9637,1.964,14.00,10.50
2008.04.30 06:00:42.337,1.9638,1.964,0.20,11.30
2008.04.30 06:00:42.521,1.9638,1.964,0.20,10.50
2008.04.30 06:00:42.709,1.9638,1.964,0.20,7.30
2008.04.30 06:00:43.104,1.9638,1.9639,0.20,2.10
2008.04.30 06:00:43.304,1.9637,1.9639,2.20,4.10
2008.04.30 06:00:43.504,1.9637,1.9639,0.30,4.10
2008.04.30 06:00:43.705,1.9637,1.9639,4.80,1.20
2008.04.30 06:00:43.906,1.9637,1.964,6.20,9.60
2008.04.30 06:00:44.106,1.9638,1.964,4.00,7.10
2008.04.30 06:00:44.265,1.9638,1.9641,9.80,10.50
2008.04.30 06:00:44.584,1.9638,1.9641,6.80,7.20
2008.04.30 06:00:44.913,1.9638,1.9641,6.80,8.00
2008.04.30 06:00:45.061,1.9638,1.9641,8.40,6.50
2008.04.30 06:00:45.194,1.9638,1.9641,12.20,4.10
2008.04.30 06:00:46.160,1.9638,1.9641,13.00,4.10
2008.04.30 06:00:46.576,1.9638,1.9641,12.40,4.10
2008.04.30 06:00:47.070,1.964,1.9641,2.40,4.10
2008.04.30 06:00:47.121,1.964,1.9642,4.80,10.70
2008.04.30 06:00:47.356,1.964,1.9642,8.40,0.80
2008.04.30 06:00:47.592,1.964,1.9642,9.20,0.80
2008.04.30 06:00:48.660,1.964,1.9642,8.40,0.80
2008.04.30 06:00:49.089,1.964,1.9642,6.00,0.80
2008.04.30 06:00:49.179,1.964,1.96425,2.00,1.30
2008.04.30 06:00:49.403,1.9639,1.96425,9.20,1.30
2008.04.30 06:00:49.513,1.9639,1.96425,9.40,1.30
2008.04.30 06:00:49.623,1.964,1.96425,2.40,1.20
2008.04.30 06:00:49.947,1.964,1.96425,4.40,1.20
2008.04.30 06:00:50.290,1.964,1.9641,4.40,0.50
2008.04.30 06:00:50.572,1.964,1.9641,10.00,0.50
2008.04.30 06:00:53.193,1.964,1.9641,10.80,0.50
2008.04.30 06:00:53.585,1.964,1.9641,6.80,0.50
2008.04.30 06:00:53.634,1.964,1.9641,4.40,2.00
2008.04.30 06:00:53.718,1.964,1.9641,2.00,1.90
2008.04.30 06:00:53.768,1.964,1.9641,2.00,2.30
2008.04.30 06:00:54.008,1.9639,1.9641,14.00,2.30
2008.04.30 06:00:54.541,1.9639,1.9641,14.00,0.80
2008.04.30 06:00:55.053,1.9639,1.9641,14.80,0.80
2008.04.30 06:00:55.347,1.9639,1.9641,14.80,1.20
2008.04.30 06:00:56.652,1.9639,1.9641,15.00,1.20
2008.04.30 06:00:57.064,1.9639,1.9641,15.10,1.20
2008.04.30 06:00:57.254,1.964,1.9641,0.80,1.20
2008.04.30 06:00:58.078,1.964,1.9641,4.00,1.20
2008.04.30 06:00:58.202,1.964,1.9641,5.60,1.00
2008.04.30 06:00:58.321,1.964,1.9641,7.60,1.00
2008.04.30 06:00:58.375,1.964,1.9641,7.60,0.30
2008.04.30 06:00:58.953,1.964,1.9641,8.00,0.30
2008.04.30 06:00:59.087,1.964,1.9641,8.80,0.30
2008.04.30 06:00:59.247,1.9641,1.9643,3.20,8.00
2008.04.30 06:00:59.406,1.964,1.9641,11.60,0.30
2008.04.30 06:00:59.894,1.9641,1.9643,5.20,8.00
2008.04.30 06:01:00.595,1.964,1.9641,11.60,0.80
2008.04.30 06:01:00.685,1.9641,1.9643,7.60,8.00
2008.04.30 06:01:00.776,1.9641,1.9643,8.40,8.00
2008.04.30 06:01:02.042,1.96405,1.9641,1.20,0.80
2008.04.30 06:01:02.196,1.9642,1.9643,0.80,8.00
2008.04.30 06:01:02.266,1.9642,1.9643,3.20,8.00
2008.04.30 06:01:02.337,1.9642,1.9643,8.00,8.00
2008.04.30 06:01:02.482,1.9642,1.9643,8.00,8.00
2008.04.30 06:01:02.780,1.9642,1.9643,8.00,8.80
2008.04.30 06:01:03.047,1.9642,1.9643,5.60,8.80
2008.04.30 06:01:03.203,1.96415,1.9642,0.80,8.00
2008.04.30 06:01:03.350,1.9642,1.9643,15.20,4.00
2008.04.30 06:01:03.522,1.9642,1.9643,17.20,4.00
2008.04.30 06:01:03.682,1.9642,1.9644,17.20,5.60
2008.04.30 06:01:04.000,1.9642,1.9644,9.20,6.40
2008.04.30 06:01:04.173,1.9643,1.9644,3.20,0.80
2008.04.30 06:01:04.333,1.9643,1.9644,6.40,0.60
2008.04.30 06:01:04.547,1.9643,1.9645,10.40,4.80
2008.04.30 06:01:04.778,1.9643,1.9645,10.00,4.80
2008.04.30 06:01:04.992,1.9643,1.9645,5.20,4.80
2008.04.30 06:01:05.609,1.9643,1.9645,9.20,4.00
2008.04.30 06:01:05.800,1.9644,1.9645,0.10,4.60
2008.04.30 06:01:05.989,1.9643,1.9645,8.40,4.60
2008.04.30 06:01:06.179,1.9643,1.9645,6.00,4.80
2008.04.30 06:01:06.369,1.9643,1.9645,4.00,4.80
2008.04.30 06:01:06.677,1.9642,1.9644,12.00,4.00
2008.04.30 06:01:06.985,1.9642,1.9644,11.20,4.00
2008.04.30 06:01:07.139,1.9642,1.9643,12.00,4.00
2008.04.30 06:01:07.447,1.9643,1.9645,3.20,3.20
2008.04.30 06:01:07.616,1.9642,1.9643,8.40,4.00
2008.04.30 06:01:07.786,1.9642,1.9643,12.40,4.00
2008.04.30 06:01:07.998,1.9642,1.9643,11.60,4.00
2008.04.30 06:01:08.167,1.9642,1.9643,7.60,4.00
2008.04.30 06:01:08.337,1.9642,1.9643,6.80,4.00
2008.04.30 06:01:08.697,1.9642,1.9643,2.80,4.00
2008.04.30 06:01:08.867,1.9642,1.9643,2.80,0.80
2008.04.30 06:01:09.205,1.9642,1.9643,2.00,8.80
2008.04.30 06:01:09.375,1.9641,1.96415,3.60,0.80
2008.04.30 06:01:10.539,1.9641,1.96415,6.00,0.80
2008.04.30 06:01:10.709,1.9642,1.96435,11.20,1.60
2008.04.30 06:01:10.814,1.9642,1.9643,13.60,0.80
2008.04.30 06:01:11.024,1.9642,1.9643,12.40,0.80
2008.04.30 06:01:13.061,1.9642,1.96435,12.40,0.80
2008.04.30 06:01:13.643,1.9642,1.96435,10.00,0.80
2008.04.30 06:01:14.737,1.9642,1.96435,15.60,0.80
2008.04.30 06:01:15.064,1.96425,1.96435,0.80,0.80
2008.04.30 06:01:15.230,1.9643,1.9644,8.00,0.80
2008.04.30 06:01:15.394,1.9643,1.9644,10.00,0.80
2008.04.30 06:01:15.734,1.9643,1.96445,10.00,0.80
2008.04.30 06:01:16.255,1.9643,1.9645,10.00,5.10
2008.04.30 06:01:16.435,1.9643,1.9645,10.00,4.00
2008.04.30 06:01:16.616,1.9643,1.9645,10.00,4.10
2008.04.30 06:01:16.795,1.9643,1.9645,2.00,4.90
2008.04.30 06:01:17.085,1.9642,1.9645,16.40,4.90
2008.04.30 06:01:17.661,1.9642,1.9645,16.40,0.90
2008.04.30 06:01:19.499,1.9642,1.96445,15.60,0.20
2008.04.30 06:01:20.051,1.9642,1.9645,16.40,10.50
2008.04.30 06:01:20.207,1.9642,1.9645,16.40,8.10
2008.04.30 06:01:20.362,1.9642,1.9645,16.40,4.90
2008.04.30 06:01:20.518,1.9642,1.9645,16.40,0.90
2008.04.30 06:01:20.673,1.96425,1.9645,0.80,0.80
2008.04.30 06:01:20.828,1.9643,1.9645,5.60,0.80
2008.04.30 06:01:20.982,1.9643,1.9645,3.60,0.80
2008.04.30 06:01:21.700,1.9643,1.9645,2.80,0.90
2008.04.30 06:01:21.939,1.9642,1.9645,16.40,1.70
2008.04.30 06:01:23.010,1.9642,1.96445,15.60,0.20
2008.04.30 06:01:23.231,1.9642,1.96445,15.60,0.90
2008.04.30 06:01:23.935,1.9642,1.96445,15.60,2.50
2008.04.30 06:01:24.385,1.9642,1.96445,13.20,2.50
2008.04.30 06:01:24.544,1.9642,1.96445,12.40,2.50
2008.04.30 06:01:24.689,1.9642,1.96445,12.40,1.70
2008.04.30 06:01:25.252,1.9642,1.96445,12.40,2.50
2008.04.30 06:01:26.198,1.9642,1.96445,10.00,0.90
2008.04.30 06:01:26.359,1.9642,1.96445,10.10,0.90
2008.04.30 06:01:26.562,1.9642,1.96445,10.90,0.80
2008.04.30 06:01:26.732,1.9642,1.96445,16.50,0.80
2008.04.30 06:01:28.735,1.9642,1.96445,12.50,0.90
2008.04.30 06:01:29.064,1.9642,1.96445,13.30,0.80
2008.04.30 06:01:29.330,1.9642,1.9645,13.30,12.10
2008.04.30 06:01:29.449,1.9642,1.9645,13.30,8.90
2008.04.30 06:01:29.585,1.9642,1.9645,15.70,6.50
2008.04.30 06:01:29.689,1.9642,1.9645,16.50,1.70
2008.04.30 06:01:29.897,1.9642,1.9645,16.50,0.90
2008.04.30 06:01:30.104,1.96425,1.9645,0.80,1.60
2008.04.30 06:01:30.210,1.9643,1.9645,1.60,0.80
2008.04.30 06:01:30.315,1.9643,1.9645,3.60,0.80
2008.04.30 06:01:30.803,1.9643,1.96445,2.00,0.20
2008.04.30 06:01:31.047,1.9642,1.96445,15.70,0.90
2008.04.30 06:01:31.526,1.9642,1.9644,15.70,0.20
2008.04.30 06:01:31.636,1.9642,1.9644,15.70,0.90
2008.04.30 06:01:31.746,1.9642,1.9644,4.50,8.90
2008.04.30 06:01:31.867,1.9642,1.9644,2.90,8.90
2008.04.30 06:01:31.976,1.9642,1.96425,0.90,0.80
2008.04.30 06:01:33.497,1.9642,1.96425,1.70,0.80
2008.04.30 06:01:34.426,1.9642,1.9643,1.70,0.80
2008.04.30 06:01:34.513,1.9642,1.9643,0.90,0.80
2008.04.30 06:01:34.747,1.9642,1.96435,2.50,0.80
2008.04.30 06:01:34.908,1.9642,1.96435,4.50,0.80
2008.04.30 06:01:35.067,1.9642,1.9644,5.30,0.80
2008.04.30 06:01:35.227,1.9642,1.9644,14.10,0.80
2008.04.30 06:01:35.704,1.9643,1.96445,1.60,0.80
2008.04.30 06:01:35.805,1.9643,1.96445,2.40,0.80
2008.04.30 06:01:35.904,1.9643,1.96445,4.40,0.80
2008.04.30 06:01:36.103,1.9643,1.96445,4.40,0.90
2008.04.30 06:01:36.204,1.9643,1.9644,2.80,0.80
2008.04.30 06:01:36.305,1.9643,1.9644,2.00,0.80
2008.04.30 06:01:36.404,1.9642,1.9644,15.70,0.80
2008.04.30 06:01:36.505,1.9644,1.96445,0.30,0.20
2008.04.30 06:01:36.710,1.9644,1.96445,0.30,0.80
2008.04.30 06:01:37.082,1.9643,1.96445,0.80,0.80
2008.04.30 06:01:39.019,1.9643,1.9644,0.80,0.80
2008.04.30 06:01:39.261,1.9644,1.96445,0.50,0.20
2008.04.30 06:01:39.430,1.9642,1.9644,5.40,0.80
2008.04.30 06:01:39.589,1.9643,1.9644,0.20,0.80
2008.04.30 06:01:39.748,1.9643,1.96435,0.20,0.80
2008.04.30 06:01:40.398,1.9643,1.9644,0.20,0.80
2008.04.30 06:01:41.664,1.9643,1.9644,0.90,0.80
2008.04.30 06:01:42.329,1.9643,1.96445,3.30,0.80
2008.04.30 06:01:42.512,1.9643,1.96445,9.30,0.80
2008.04.30 06:01:42.690,1.9643,1.96445,6.10,0.80
2008.04.30 06:01:42.833,1.9643,1.96445,5.30,0.80
2008.04.30 06:01:43.034,1.9643,1.9644,5.30,0.80
2008.04.30 06:01:43.123,1.9643,1.9644,4.50,0.80
2008.04.30 06:01:43.256,1.9643,1.9644,2.10,0.80
2008.04.30 06:01:43.343,1.9642,1.9643,6.60,0.80
2008.04.30 06:01:43.492,1.9642,1.9643,8.60,0.80
2008.04.30 06:01:43.644,1.9642,1.9643,5.40,0.80
2008.04.30 06:01:43.795,1.9642,1.9643,2.90,0.80
2008.04.30 06:01:44.092,1.9642,1.9643,1.70,0.80
2008.04.30 06:01:44.243,1.9642,1.9643,2.50,0.80
2008.04.30 06:01:44.395,1.9642,1.9644,2.50,0.80
2008.04.30 06:01:44.642,1.9642,1.9644,4.50,0.80
2008.04.30 06:01:45.988,1.9642,1.96435,8.50,0.80
2008.04.30 06:01:47.906,1.9642,1.9643,8.50,0.80
2008.04.30 06:01:50.178,1.9642,1.96425,6.90,0.80
2008.04.30 06:01:50.243,1.9642,1.96425,4.50,0.80
2008.04.30 06:01:50.321,1.9642,1.96425,3.70,0.80
2008.04.30 06:01:50.523,1.9642,1.96425,2.90,0.80
2008.04.30 06:01:50.589,1.9642,1.96425,0.90,0.80
2008.04.30 06:01:53.423,1.9642,1.96425,0.80,0.80
2008.04.30 06:01:53.934,1.9641,1.9642,15.60,0.80
2008.04.30 06:01:54.720,1.9641,1.9642,12.40,0.80
2008.04.30 06:01:54.925,1.9641,1.9642,13.20,0.80
2008.04.30 06:01:55.129,1.9641,1.9642,15.60,0.80
2008.04.30 06:01:55.604,1.9641,1.96415,15.60,0.20
2008.04.30 06:01:55.751,1.9641,1.96415,6.00,0.20
2008.04.30 06:01:55.831,1.964,1.9641,0.80,8.00
2008.04.30 06:01:55.910,1.9641,1.96415,2.00,0.20
2008.04.30 06:01:55.991,1.964,1.9641,0.80,8.00
2008.04.30 06:01:56.149,1.9641,1.9642,0.80,5.70
2008.04.30 06:01:56.238,1.9641,1.9642,3.20,4.80
2008.04.30 06:01:56.318,1.9641,1.9642,7.20,0.80
2008.04.30 06:01:56.398,1.9641,1.9642,8.80,0.80
2008.04.30 06:01:56.478,1.9641,1.9642,10.80,0.80
2008.04.30 06:01:56.838,1.9641,1.9642,13.20,0.80
2008.04.30 06:01:57.596,1.9641,1.9642,11.60,0.80
2008.04.30 06:01:57.669,1.9642,1.9643,0.80,8.00
2008.04.30 06:01:57.774,1.9641,1.9642,11.60,0.80
2008.04.30 06:01:57.965,1.9641,1.9642,14.00,0.80
2008.04.30 06:01:58.026,1.9641,1.9642,13.20,0.80
2008.04.30 06:01:58.598,1.9641,1.9642,12.40,0.80
2008.04.30 06:01:58.748,1.9641,1.9642,8.40,8.80
2008.04.30 06:01:58.900,1.9641,1.9642,5.20,8.00
2008.04.30 06:01:59.051,1.9641,1.9642,2.80,8.00
2008.04.30 06:01:59.212,1.9641,1.9642,3.60,8.00
2008.04.30 06:01:59.365,1.9641,1.9642,5.20,8.00
2008.04.30 06:01:59.529,1.9641,1.9642,2.00,8.00
2008.04.30 06:01:59.841,1.964,1.9642,6.00,8.00
2008.04.30 06:02:00.680,1.9641,1.9642,1.60,8.00
2008.04.30 06:02:00.815,1.9641,1.9642,12.00,0.80
2008.04.30 06:02:01.082,1.9641,1.9642,14.00,0.80
2008.04.30 06:02:01.217,1.9641,1.9642,13.20,0.80
2008.04.30 06:02:01.353,1.9641,1.9642,5.20,8.00
2008.04.30 06:02:02.261,1.964,1.9641,10.40,0.80
2008.04.30 06:02:02.396,1.96395,1.964,0.90,0.80
2008.04.30 06:02:02.531,1.96395,1.964,0.80,0.80
2008.04.30 06:02:03.063,1.9641,1.9642,0.80,8.00
2008.04.30 06:02:03.198,1.9641,1.9642,5.60,8.00
2008.04.30 06:02:03.356,1.9641,1.9643,12.80,8.00
2008.04.30 06:02:03.435,1.9641,1.9642,12.80,0.80
2008.04.30 06:02:03.515,1.9641,1.9642,14.80,0.80
2008.04.30 06:02:03.676,1.9641,1.9642,14.00,0.80
2008.04.30 06:02:03.756,1.9641,1.9642,11.60,0.80
2008.04.30 06:02:03.926,1.9641,1.9642,14.80,0.80
2008.04.30 06:02:04.248,1.9641,1.9642,13.20,0.80
2008.04.30 06:02:04.380,1.9641,1.9642,13.00,0.80
2008.04.30 06:02:04.523,1.9641,1.9642,12.20,0.80
2008.04.30 06:02:05.134,1.9641,1.9642,11.60,0.90
2008.04.30 06:02:05.340,1.9641,1.9642,2.00,8.90
2008.04.30 06:02:05.547,1.9639,1.964,12.20,0.80
2008.04.30 06:02:05.752,1.964,1.96415,1.60,1.60
2008.04.30 06:02:06.442,1.964,1.96415,0.80,1.60
2008.04.30 06:02:08.144,1.96375,1.9638,0.70,0.80
2008.04.30 06:02:08.452,1.9638,1.9639,0.60,0.80
2008.04.30 06:02:08.993,1.964,1.9641,0.80,2.40
2008.04.30 06:02:09.317,1.964,1.9641,0.80,0.80
2008.04.30 06:02:09.671,1.964,1.9641,0.80,11.20
2008.04.30 06:02:09.757,1.964,1.96405,0.80,2.50
2008.04.30 06:02:09.985,1.9639,1.964,2.20,0.80
2008.04.30 06:02:10.508,1.9639,1.964,0.20,1.60
2008.04.30 06:02:11.149,1.9637,1.964,8.00,1.70
2008.04.30 06:02:11.290,1.9637,1.9639,6.40,0.80
2008.04.30 06:02:11.420,1.9637,1.9639,6.40,0.80
2008.04.30 06:02:11.694,1.9637,1.9639,5.80,0.80
2008.04.30 06:02:11.824,1.9637,1.9639,4.20,0.80
2008.04.30 06:02:12.082,1.9637,1.96385,4.20,0.80
2008.04.30 06:02:12.196,1.9637,1.96385,0.30,0.80
2008.04.30 06:02:12.425,1.9637,1.9638,0.30,2.50
2008.04.30 06:02:12.858,1.9637,1.9638,4.20,0.80
2008.04.30 06:02:12.972,1.9637,1.9638,5.40,0.80
2008.04.30 06:02:13.315,1.9637,1.9638,6.00,0.80
2008.04.30 06:02:15.010,1.9637,1.9639,6.00,1.70
2008.04.30 06:02:15.772,1.9637,1.9639,10.00,1.70
2008.04.30 06:02:15.988,1.9637,1.96385,6.00,0.80
2008.04.30 06:02:16.203,1.9637,1.96385,9.20,0.80
2008.04.30 06:02:16.348,1.9637,1.9639,12.40,2.50
2008.04.30 06:02:17.166,1.9637,1.9639,11.60,2.50
2008.04.30 06:02:17.311,1.9637,1.9639,6.80,2.50
2008.04.30 06:02:17.441,1.9637,1.96385,5.20,0.80
2008.04.30 06:02:24.195,1.9637,1.96385,4.40,0.80
2008.04.30 06:02:24.263,1.9637,1.96385,4.40,0.90
2008.04.30 06:02:24.334,1.9637,1.96385,2.00,0.90
2008.04.30 06:02:24.472,1.96365,1.96385,4.00,0.90
2008.04.30 06:02:24.566,1.96365,1.96385,4.00,2.50
2008.04.30 06:02:24.879,1.9636,1.96375,17.20,1.60
2008.04.30 06:02:25.294,1.9636,1.96375,11.60,1.60
2008.04.30 06:02:25.389,1.9636,1.96375,13.20,1.60
2008.04.30 06:02:25.485,1.9636,1.96375,10.80,1.60
2008.04.30 06:02:26.251,1.9636,1.9637,10.80,0.20
2008.04.30 06:02:26.326,1.9636,1.96365,5.20,1.60
2008.04.30 06:02:26.401,1.9636,1.96365,5.20,1.30
2008.04.30 06:02:26.476,1.9636,1.96365,1.60,1.30
2008.04.30 06:02:26.653,1.9636,1.96365,1.60,1.50
2008.04.30 06:02:26.759,1.9636,1.96365,1.60,2.30
2008.04.30 06:02:26.866,1.9636,1.96365,1.60,0.90
2008.04.30 06:02:27.386,1.9636,1.96365,1.60,1.70
2008.04.30 06:02:28.802,1.9636,1.96365,2.40,1.60
2008.04.30 06:02:28.927,1.9636,1.96365,2.40,1.60
2008.04.30 06:02:29.270,1.9635,1.9636,13.20,0.20
2008.04.30 06:02:29.357,1.9636,1.96365,1.60,1.70
2008.04.30 06:02:29.442,1.9636,1.96365,1.60,1.70
2008.04.30 06:02:30.160,1.9634,1.96345,7.60,0.20
2008.04.30 06:02:30.361,1.9634,1.96345,2.00,1.70
2008.04.30 06:02:30.459,1.96325,1.96345,0.80,1.70
2008.04.30 06:02:30.569,1.9632,1.96345,4.80,1.70
2008.04.30 06:02:30.832,1.9632,1.96345,6.00,1.70
2008.04.30 06:02:30.931,1.9633,1.96345,4.00,1.70
2008.04.30 06:02:31.703,1.9632,1.96325,2.00,0.20
2008.04.30 06:02:31.808,1.9632,1.96325,1.80,0.20
2008.04.30 06:02:31.915,1.9632,1.96325,0.30,3.50
2008.04.30 06:02:32.094,1.9632,1.96325,0.30,3.30
2008.04.30 06:02:32.170,1.9632,1.96325,0.30,1.70
2008.04.30 06:02:32.631,1.9634,1.96345,0.60,0.10
2008.04.30 06:02:32.853,1.9634,1.9635,2.20,8.60
2008.04.30 06:02:32.940,1.96335,1.9634,0.60,2.00
2008.04.30 06:02:33.014,1.9634,1.9635,5.80,1.30
2008.04.30 06:02:33.493,1.9634,1.9635,5.80,0.80
2008.04.30 06:02:34.652,1.9634,1.9635,6.60,0.80
2008.04.30 06:02:34.778,1.9633,1.96335,7.20,0.20
2008.04.30 06:02:34.903,1.9634,1.96345,3.60,0.20
2008.04.30 06:02:35.029,1.9634,1.96345,2.00,2.00
2008.04.30 06:02:35.165,1.9631,1.9632,1.60,0.80
2008.04.30 06:02:35.299,1.96305,1.9632,0.60,0.80
2008.04.30 06:02:35.434,1.9631,1.9632,0.10,0.80
2008.04.30 06:02:35.701,1.9631,1.96335,0.10,2.30
2008.04.30 06:02:36.667,1.96315,1.96335,0.60,1.60
2008.04.30 06:02:36.815,1.96315,1.96335,0.80,1.60
2008.04.30 06:02:37.039,1.9632,1.9634,0.80,0.80
2008.04.30 06:02:37.342,1.9632,1.9634,0.80,2.40
2008.04.30 06:02:37.417,1.9632,1.9634,0.80,4.00
2008.04.30 06:02:37.652,1.9632,1.9634,0.80,12.10
2008.04.30 06:02:37.887,1.9632,1.9634,0.80,4.30
2008.04.30 06:02:38.122,1.9632,1.9634,0.80,5.50
2008.04.30 06:02:38.647,1.9632,1.9633,0.80,0.20
2008.04.30 06:02:38.926,1.9632,1.9633,0.80,1.30
2008.04.30 06:02:39.204,1.963,1.9633,12.70,1.30
2008.04.30 06:02:39.921,1.963,1.9633,11.90,2.10
2008.04.30 06:02:40.282,1.9631,1.9633,3.20,1.30
2008.04.30 06:02:40.379,1.9631,1.9633,11.20,1.20
2008.04.30 06:02:40.474,1.9631,1.9633,11.30,0.70
2008.04.30 06:02:40.569,1.9631,1.9633,13.30,0.70
2008.04.30 06:02:40.712,1.96315,1.9633,0.80,0.70
2008.04.30 06:02:40.819,1.9632,1.9633,2.40,0.70
2008.04.30 06:02:40.946,1.9632,1.96335,4.00,0.70
2008.04.30 06:02:41.071,1.9632,1.96335,6.00,0.70
2008.04.30 06:02:41.478,1.9632,1.96335,6.00,0.80
2008.04.30 06:02:42.258,1.9632,1.96335,6.80,0.80
2008.04.30 06:02:42.455,1.9632,1.96335,6.90,0.80
2008.04.30 06:02:42.743,1.9632,1.96335,6.90,0.90
2008.04.30 06:02:42.890,1.9632,1.9633,2.00,2.40
2008.04.30 06:02:43.124,1.9631,1.9633,6.10,2.40
2008.04.30 06:02:43.823,1.9631,1.9633,5.30,3.20
2008.04.30 06:02:44.566,1.9631,1.96325,5.20,0.80
2008.04.30 06:02:44.861,1.9631,1.9632,3.60,2.40
2008.04.30 06:02:45.052,1.963,1.9632,14.50,2.40
2008.04.30 06:02:45.907,1.9631,1.9632,0.80,0.80
2008.04.30 06:02:46.031,1.963,1.9632,16.70,0.80
2008.04.30 06:02:47.509,1.9631,1.9632,3.60,0.80
2008.04.30 06:02:48.185,1.9632,1.9633,0.80,10.40
2008.04.30 06:02:48.350,1.9632,1.9633,5.60,10.40
2008.04.30 06:02:48.518,1.9632,1.9633,14.00,0.80
2008.04.30 06:02:48.849,1.9631,1.9632,4.80,8.00
2008.04.30 06:02:49.025,1.9631,1.9632,0.80,8.00
2008.04.30 06:02:49.226,1.9631,1.9632,0.90,8.00
2008.04.30 06:02:49.428,1.9632,1.9633,3.20,8.00
2008.04.30 06:02:49.628,1.9632,1.9633,5.20,8.00
2008.04.30 06:02:49.829,1.9632,1.9633,2.80,8.00
2008.04.30 06:02:50.198,1.9632,1.9633,3.60,8.00
2008.04.30 06:02:50.368,1.9632,1.96325,3.60,0.80
2008.04.30 06:02:50.538,1.9632,1.96325,7.60,0.80
2008.04.30 06:02:50.709,1.9632,1.96325,10.00,0.80
2008.04.30 06:02:51.606,1.9632,1.96335,10.00,0.80
2008.04.30 06:02:53.393,1.9633,1.96335,0.80,0.80
2008.04.30 06:02:53.447,1.9633,1.9634,0.80,0.80
2008.04.30 06:02:53.724,1.9633,1.9634,0.50,0.80
2008.04.30 06:02:55.782,1.9633,1.9635,0.50,10.30
2008.04.30 06:02:56.071,1.9633,1.9634,0.50,0.80
2008.04.30 06:02:57.546,1.9633,1.9634,0.60,0.80
2008.04.30 06:02:58.240,1.9633,1.9635,0.60,5.10
2008.04.30 06:02:58.616,1.9634,1.9635,0.10,5.10
2008.04.30 06:02:59.033,1.96335,1.9635,0.10,5.10
2008.04.30 06:02:59.459,1.96335,1.9635,0.10,4.10
2008.04.30 06:02:59.579,1.96345,1.9635,0.10,2.50
2008.04.30 06:02:59.936,1.96345,1.96355,0.10,1.60
2008.04.30 06:03:00.174,1.96355,1.96365,0.10,1.70
2008.04.30 06:03:00.294,1.96345,1.96365,0.10,2.50
2008.04.30 06:03:00.651,1.9634,1.96355,9.80,0.80
2008.04.30 06:03:00.901,1.9634,1.96355,13.00,0.80
2008.04.30 06:03:01.258,1.9636,1.96365,0.80,1.70
2008.04.30 06:03:01.826,1.9634,1.96345,11.00,0.80
2008.04.30 06:03:01.886,1.9634,1.96345,2.60,0.80
2008.04.30 06:03:01.947,1.9634,1.96345,2.00,0.80
2008.04.30 06:03:02.165,1.9633,1.96345,9.80,0.80
2008.04.30 06:03:03.226,1.9633,1.96345,9.00,0.80
2008.04.30 06:03:03.375,1.9633,1.96345,6.60,0.80
2008.04.30 06:03:03.449,1.9633,1.96345,2.60,0.80
2008.04.30 06:03:03.525,1.9633,1.96345,0.60,0.80
2008.04.30 06:03:04.380,1.9633,1.9635,5.40,0.80
2008.04.30 06:03:04.478,1.9633,1.9635,3.00,0.80
2008.04.30 06:03:04.527,1.9633,1.9635,5.00,0.80
2008.04.30 06:03:04.768,1.9633,1.9635,5.00,0.90
2008.04.30 06:03:04.817,1.9633,1.9635,2.60,0.90
2008.04.30 06:03:04.867,1.9633,1.96345,2.60,0.80
2008.04.30 06:03:05.122,1.9633,1.96345,0.60,0.80
2008.04.30 06:03:05.316,1.96325,1.96345,4.80,0.80
2008.04.30 06:03:05.361,1.96325,1.9634,4.80,0.80
2008.04.30 06:03:05.417,1.96325,1.9634,0.80,0.80
2008.04.30 06:03:05.676,1.96325,1.96355,0.80,2.50
2008.04.30 06:03:05.874,1.96325,1.9634,0.80,0.80
2008.04.30 06:03:06.759,1.96325,1.96335,0.10,0.20
2008.04.30 06:03:06.967,1.9632,1.96335,2.60,2.50
2008.04.30 06:03:07.163,1.9632,1.96335,0.60,2.50
2008.04.30 06:03:07.528,1.9632,1.96335,0.80,2.50
2008.04.30 06:03:09.248,1.9632,1.96335,1.60,2.40
2008.04.30 06:03:09.357,1.9632,1.96335,4.00,2.40
2008.04.30 06:03:09.415,1.9632,1.96335,6.40,2.40
2008.04.30 06:03:09.466,1.9632,1.96335,5.60,0.80
2008.04.30 06:03:09.515,1.9632,1.96335,6.40,0.80
2008.04.30 06:03:09.633,1.9632,1.96335,8.40,0.80
2008.04.30 06:03:09.763,1.96325,1.96335,0.80,0.80
2008.04.30 06:03:10.000,1.96325,1.96335,0.80,0.80
2008.04.30 06:03:10.213,1.96325,1.96345,0.80,0.80
2008.04.30 06:03:11.037,1.96325,1.96335,0.80,0.80
2008.04.30 06:03:11.206,1.96325,1.96335,0.10,0.80
2008.04.30 06:03:11.496,1.9632,1.96335,7.60,0.80
2008.04.30 06:03:11.732,1.9633,1.96335,0.80,0.80
2008.04.30 06:03:11.864,1.9633,1.96335,1.60,0.80
2008.04.30 06:03:12.011,1.9633,1.96335,3.20,0.80
2008.04.30 06:03:12.080,1.9633,1.96335,2.60,0.80
2008.04.30 06:03:12.256,1.9633,1.96335,1.80,0.80
2008.04.30 06:03:12.464,1.9633,1.96335,0.80,0.80
2008.04.30 06:03:12.537,1.9633,1.96335,0.80,0.80
2008.04.30 06:03:15.904,1.9633,1.96335,0.80,0.90
2008.04.30 06:03:16.021,1.9632,1.9633,2.80,0.80
2008.04.30 06:03:16.249,1.9632,1.9633,0.80,0.80
2008.04.30 06:03:16.364,1.9631,1.96315,12.00,0.20
2008.04.30 06:03:16.480,1.9631,1.96315,3.60,0.20
2008.04.30 06:03:16.596,1.9631,1.96315,3.60,2.50
2008.04.30 06:03:16.799,1.963,1.96315,1.00,2.50
2008.04.30 06:03:17.197,1.963,1.96305,1.00,0.80
2008.04.30 06:03:17.678,1.963,1.96315,1.00,2.50
2008.04.30 06:03:18.350,1.963,1.96305,0.30,0.20
2008.04.30 06:03:18.576,1.963,1.96305,0.30,1.70
2008.04.30 06:03:19.458,1.963,1.96305,0.20,1.70
2008.04.30 06:03:20.025,1.9628,1.963,0.80,0.80
2008.04.30 06:03:20.090,1.9628,1.9629,0.80,0.80
2008.04.30 06:03:20.295,1.9628,1.96295,0.80,0.80
2008.04.30 06:03:20.752,1.96285,1.96295,0.80,0.80
2008.04.30 06:03:20.944,1.9629,1.96305,7.20,1.60
2008.04.30 06:03:21.113,1.9629,1.9631,8.80,0.80
2008.04.30 06:03:21.304,1.9629,1.9631,10.80,0.80
2008.04.30 06:03:21.485,1.9629,1.9631,6.80,0.80
2008.04.30 06:03:21.843,1.96285,1.9629,0.10,0.80
2008.04.30 06:03:22.025,1.96285,1.9629,0.10,0.80
2008.04.30 06:03:22.204,1.9628,1.9629,1.50,0.80
2008.04.30 06:03:22.384,1.9628,1.9629,0.80,0.80
2008.04.30 06:03:23.368,1.9628,1.96295,0.70,2.50
2008.04.30 06:03:23.927,1.96275,1.96295,0.10,2.50
2008.04.30 06:03:24.812,1.96275,1.96295,0.10,2.40
2008.04.30 06:03:24.900,1.9627,1.9629,12.50,0.80
2008.04.30 06:03:25.236,1.9627,1.9629,8.80,0.80
2008.04.30 06:03:25.573,1.9628,1.96295,0.80,0.80
2008.04.30 06:03:25.908,1.9628,1.96295,1.50,0.80
2008.04.30 06:03:26.781,1.9628,1.96285,1.50,0.20
2008.04.30 06:03:26.958,1.9627,1.96285,2.80,1.70
2008.04.30 06:03:27.062,1.9627,1.96285,0.80,1.70
2008.04.30 06:03:27.326,1.9627,1.96285,4.80,1.60
2008.04.30 06:03:27.431,1.9627,1.96285,10.40,1.60
2008.04.30 06:03:27.536,1.96275,1.96295,0.10,0.90
2008.04.30 06:03:27.849,1.9627,1.9629,12.40,0.80
2008.04.30 06:03:27.954,1.9627,1.9629,10.80,0.80
2008.04.30 06:03:28.789,1.9627,1.9629,13.20,0.80
2008.04.30 06:03:29.048,1.9628,1.9629,0.80,0.80
2008.04.30 06:03:29.784,1.9628,1.9629,0.80,0.90
2008.04.30 06:03:29.880,1.9628,1.9629,0.80,0.20
2008.04.30 06:03:29.974,1.9627,1.9629,6.80,4.30
2008.04.30 06:03:30.200,1.96275,1.9629,0.10,4.30
2008.04.30 06:03:30.425,1.96275,1.96285,0.10,0.20
2008.04.30 06:03:30.650,1.96275,1.96285,0.10,1.70
2008.04.30 06:03:30.875,1.9627,1.9628,0.80,1.70
2008.04.30 06:03:31.100,1.9628,1.96285,0.20,2.50
2008.04.30 06:03:31.534,1.9628,1.96285,0.20,1.60
2008.04.30 06:03:32.351,1.9628,1.96285,0.20,0.20
2008.04.30 06:03:32.540,1.9627,1.96275,2.00,1.60
2008.04.30 06:03:32.740,1.96265,1.96275,0.10,1.60
2008.04.30 06:03:32.931,1.9627,1.96285,1.60,2.40
2008.04.30 06:03:33.122,1.9627,1.96285,10.80,0.80
2008.04.30 06:03:33.313,1.9627,1.96285,10.00,0.80
2008.04.30 06:03:33.468,1.9628,1.96285,0.80,0.80
2008.04.30 06:03:33.614,1.9628,1.96295,0.80,2.40
2008.04.30 06:03:33.902,1.9628,1.96295,1.10,2.40
2008.04.30 06:03:34.047,1.9628,1.96295,0.40,2.40
2008.04.30 06:03:34.344,1.9628,1.96295,1.10,2.40
2008.04.30 06:03:34.849,1.9628,1.9629,1.10,2.50
2008.04.30 06:03:35.819,1.9628,1.9629,1.10,3.30
2008.04.30 06:03:36.979,1.9628,1.96295,8.30,1.60
2008.04.30 06:03:37.130,1.9628,1.96295,11.10,1.60
2008.04.30 06:03:37.430,1.9628,1.9629,7.90,0.90
2008.04.30 06:03:37.489,1.9628,1.9629,3.90,3.30
2008.04.30 06:03:37.579,1.9628,1.9629,3.90,0.80
2008.04.30 06:03:37.652,1.9628,1.9629,1.90,0.80
2008.04.30 06:03:39.436,1.9628,1.963,12.30,5.00
2008.04.30 06:03:39.533,1.9628,1.963,14.30,5.00
2008.04.30 06:03:39.812,1.9628,1.963,14.30,4.80
2008.04.30 06:03:39.863,1.96285,1.963,0.80,2.40
2008.04.30 06:03:39.918,1.96285,1.963,0.80,1.60
2008.04.30 06:03:39.968,1.9629,1.963,3.20,0.10
2008.04.30 06:03:40.066,1.9629,1.963,5.20,0.10
2008.04.30 06:03:40.134,1.9629,1.963,7.60,0.10
2008.04.30 06:03:40.195,1.9629,1.963,8.40,0.10
2008.04.30 06:03:40.235,1.9629,1.963,9.20,0.10
2008.04.30 06:03:40.395,1.9629,1.963,12.40,0.10
2008.04.30 06:03:40.449,1.9629,1.963,9.20,0.10
2008.04.30 06:03:40.696,1.9629,1.963,8.40,0.10
2008.04.30 06:03:41.184,1.9629,1.963,5.20,0.10
2008.04.30 06:03:41.960,1.9629,1.963,2.00,8.00
2008.04.30 06:03:42.113,1.9628,1.9629,11.20,0.80
2008.04.30 06:03:42.845,1.9628,1.9629,11.90,0.80
2008.04.30 06:03:43.075,1.9628,1.9629,8.70,0.80
2008.04.30 06:03:43.880,1.9628,1.9629,5.50,0.80
2008.04.30 06:03:43.973,1.9628,1.9629,3.80,0.80
2008.04.30 06:03:44.150,1.9628,1.9629,1.80,0.80
2008.04.30 06:03:44.241,1.9628,1.9629,1.10,0.80
2008.04.30 06:03:45.208,1.9627,1.9628,16.40,0.30
2008.04.30 06:03:45.677,1.9627,1.9629,16.40,0.80
2008.04.30 06:03:46.424,1.9628,1.9629,0.80,0.80
2008.04.30 06:03:47.500,1.9627,1.9629,2.00,1.60
2008.04.30 06:03:47.670,1.9627,1.96285,2.00,0.80
2008.04.30 06:03:47.997,1.9627,1.96285,5.10,0.80
2008.04.30 06:03:48.076,1.9627,1.9628,5.10,0.80
2008.04.30 06:03:48.353,1.9627,1.9628,1.90,0.80
2008.04.30 06:03:48.722,1.96265,1.9628,4.00,0.80
2008.04.30 06:03:49.269,1.96265,1.9628,0.10,0.80
2008.04.30 06:03:49.672,1.9626,1.9628,14.00,0.80
2008.04.30 06:03:49.760,1.9626,1.9628,17.20,0.80
2008.04.30 06:03:49.840,1.96275,1.9628,0.80,0.80
2008.04.30 06:03:50.165,1.96275,1.9628,0.80,0.80
2008.04.30 06:03:50.325,1.96285,1.9629,0.80,12.00
2008.04.30 06:03:50.562,1.96285,1.9629,0.80,4.80
2008.04.30 06:03:50.950,1.96285,1.9629,0.80,2.50
2008.04.30 06:03:51.197,1.96285,1.9629,0.80,1.70
2008.04.30 06:03:51.444,1.96295,1.963,0.80,0.30
2008.04.30 06:03:51.690,1.96295,1.96305,0.80,0.80
2008.04.30 06:03:52.151,1.96295,1.96315,0.80,0.80
2008.04.30 06:03:54.104,1.96295,1.96305,0.80,0.80
2008.04.30 06:03:56.848,1.963,1.96305,0.80,0.80
2008.04.30 06:03:57.018,1.963,1.9631,4.00,0.80
2008.04.30 06:03:57.077,1.963,1.9631,3.20,0.80
2008.04.30 06:04:01.760,1.963,1.9631,3.20,0.80
2008.04.30 06:04:02.119,1.963,1.9632,3.20,0.80
2008.04.30 06:04:02.560,1.963,1.96325,3.20,0.80
2008.04.30 06:04:02.875,1.9629,1.96295,20.40,0.20
2008.04.30 06:04:03.010,1.963,1.96305,2.40,1.00
2008.04.30 06:04:03.136,1.96295,1.963,0.10,12.10
2008.04.30 06:04:03.406,1.96295,1.963,0.10,12.00
2008.04.30 06:04:03.547,1.96285,1.96305,5.60,0.80
2008.04.30 06:04:03.688,1.963,1.96305,0.80,0.80
2008.04.30 06:04:03.971,1.963,1.96305,1.60,0.80
2008.04.30 06:04:04.110,1.963,1.96305,4.00,0.80
2008.04.30 06:04:04.353,1.96305,1.9632,0.10,9.70
2008.04.30 06:04:04.562,1.96305,1.96315,0.10,1.60
2008.04.30 06:04:05.971,1.96305,1.96315,0.80,1.60
2008.04.30 06:04:06.546,1.96305,1.9632,0.80,9.60
2008.04.30 06:04:06.812,1.96305,1.9632,0.10,10.20
2008.04.30 06:04:06.954,1.96305,1.9632,0.10,9.60
2008.04.30 06:04:07.389,1.96305,1.9632,0.10,8.80
2008.04.30 06:04:09.482,1.96305,1.96325,0.10,0.80
2008.04.30 06:04:09.575,1.96305,1.96325,4.80,0.80
2008.04.30 06:04:09.719,1.9631,1.9633,0.10,8.00
2008.04.30 06:04:09.864,1.96305,1.96325,5.60,0.80
2008.04.30 06:04:10.012,1.9631,1.96325,0.80,0.80
2008.04.30 06:04:10.156,1.9631,1.96315,3.20,0.80
2008.04.30 06:04:10.993,1.9631,1.96315,3.00,0.80
2008.04.30 06:04:12.313,1.9631,1.96315,2.20,0.80
2008.04.30 06:04:12.532,1.9631,1.96315,0.10,0.80
2008.04.30 06:04:12.772,1.963,1.96315,5.40,0.80
2008.04.30 06:04:14.384,1.963,1.96315,5.40,0.90
2008.04.30 06:04:14.445,1.963,1.96315,5.40,2.50
2008.04.30 06:04:14.979,1.963,1.96315,2.20,2.50
2008.04.30 06:04:15.009,1.963,1.96315,1.40,2.50
2008.04.30 06:04:18.322,1.96305,1.96315,0.10,1.70
2008.04.30 06:04:21.062,1.96305,1.9631,0.10,2.50
2008.04.30 06:04:22.369,1.9629,1.963,22.50,0.20
2008.04.30 06:04:22.721,1.9629,1.963,4.80,3.30
2008.04.30 06:04:23.161,1.9629,1.963,4.80,1.70
2008.04.30 06:04:23.935,1.9629,1.963,0.10,1.70
2008.04.30 06:04:24.132,1.96285,1.963,4.80,1.70
2008.04.30 06:04:25.381,1.9629,1.963,0.10,1.60
2008.04.30 06:04:25.691,1.9629,1.9631,0.10,5.70
2008.04.30 06:04:25.752,1.9629,1.9631,0.10,1.70
2008.04.30 06:04:25.889,1.96285,1.96305,4.80,0.80
2008.04.30 06:04:25.948,1.9629,1.96305,2.40,0.80
2008.04.30 06:04:26.007,1.9629,1.96305,3.20,0.80
2008.04.30 06:04:26.340,1.96305,1.9632,0.10,3.30
2008.04.30 06:04:26.980,1.9631,1.9632,0.10,3.30
2008.04.30 06:04:29.474,1.9631,1.9632,0.10,2.50
2008.04.30 06:04:29.943,1.9631,1.9632,1.60,2.50
2008.04.30 06:04:30.033,1.9632,1.96325,2.40,2.40
2008.04.30 06:04:30.123,1.9632,1.96325,4.00,2.40
2008.04.30 06:04:30.225,1.9632,1.9634,4.00,4.90
2008.04.30 06:04:30.324,1.9632,1.9634,4.00,4.10
2008.04.30 06:04:30.451,1.9632,1.9634,4.80,4.00
2008.04.30 06:04:30.551,1.9632,1.9634,9.60,4.00
2008.04.30 06:04:30.653,1.9632,1.9634,12.00,2.40
2008.04.30 06:04:30.752,1.9633,1.9635,0.10,10.70
2008.04.30 06:04:30.853,1.9633,1.9634,0.10,0.20
2008.04.30 06:04:30.953,1.9633,1.9634,0.10,2.50
2008.04.30 06:04:31.053,1.9633,1.9634,0.10,1.70
2008.04.30 06:04:31.713,1.96325,1.9634,4.00,1.70
2008.04.30 06:04:31.993,1.9632,1.96325,9.20,0.20
2008.04.30 06:04:32.274,1.9632,1.96325,2.00,2.50
2008.04.30 06:04:32.424,1.9631,1.96325,0.10,2.50
2008.04.30 06:04:34.410,1.9631,1.9632,0.10,0.20
2008.04.30 06:04:34.499,1.9629,1.9632,8.00,1.70
2008.04.30 06:04:34.962,1.9629,1.9632,8.00,3.30
2008.04.30 06:04:34.986,1.9629,1.9632,8.00,3.50
2008.04.30 06:04:35.439,1.9629,1.96315,7.20,0.20
2008.04.30 06:04:35.510,1.9629,1.96315,7.20,1.70
2008.04.30 06:04:35.586,1.9629,1.96315,5.60,1.70
2008.04.30 06:04:35.660,1.9629,1.96315,13.60,1.70
2008.04.30 06:04:35.797,1.9629,1.96315,12.80,1.70
2008.04.30 06:04:35.866,1.963,1.96315,0.10,1.70
2008.04.30 06:04:36.354,1.9631,1.96315,0.10,1.70
2008.04.30 06:04:37.196,1.9629,1.96295,1.60,0.20
2008.04.30 06:04:37.543,1.9628,1.96285,8.80,1.60
2008.04.30 06:04:37.687,1.9629,1.963,0.10,0.80
2008.04.30 06:04:37.819,1.9629,1.96305,0.10,1.70
2008.04.30 06:04:38.491,1.9628,1.96295,12.80,0.20
2008.04.30 06:04:38.728,1.9628,1.9629,4.80,0.80
2008.04.30 06:04:39.900,1.9628,1.9629,4.80,0.90
2008.04.30 06:04:39.981,1.9628,1.9629,0.80,0.90
2008.04.30 06:04:40.050,1.9628,1.96295,0.80,1.70
2008.04.30 06:04:40.120,1.9627,1.9628,6.00,0.90
2008.04.30 06:04:40.191,1.9627,1.9628,4.00,0.20
2008.04.30 06:04:40.261,1.9627,1.9629,4.00,1.60
2008.04.30 06:04:40.636,1.9627,1.9629,4.00,1.70
2008.04.30 06:04:40.974,1.9627,1.96295,4.80,1.60
2008.04.30 06:04:41.103,1.9627,1.9629,4.80,3.20
2008.04.30 06:04:41.234,1.96275,1.9629,0.10,4.10
2008.04.30 06:04:41.491,1.96275,1.9629,0.80,4.10
2008.04.30 06:04:41.622,1.96275,1.9629,0.80,1.70
2008.04.30 06:04:41.751,1.9628,1.9629,1.60,1.70
2008.04.30 06:04:41.995,1.9628,1.96285,1.60,0.20
2008.04.30 06:04:42.242,1.9627,1.96285,0.10,1.70
2008.04.30 06:04:42.972,1.9626,1.96285,4.80,1.70
2008.04.30 06:04:43.077,1.9626,1.9628,4.80,0.90
2008.04.30 06:04:43.203,1.9626,1.9628,8.80,0.90
2008.04.30 06:04:43.412,1.9626,1.9628,8.80,3.30
2008.04.30 06:04:43.516,1.9626,1.9627,8.00,0.20
2008.04.30 06:04:43.829,1.9626,1.9627,4.00,0.20
2008.04.30 06:04:44.122,1.9626,1.9627,4.00,1.60
2008.04.30 06:04:44.313,1.9626,1.9628,4.00,5.90
2008.04.30 06:04:44.502,1.9626,1.96275,4.80,0.20
2008.04.30 06:04:44.880,1.9626,1.96275,4.80,1.70
2008.04.30 06:04:45.389,1.9626,1.96275,5.60,1.60
2008.04.30 06:04:45.525,1.96265,1.96275,0.80,1.60
2008.04.30 06:04:45.795,1.96265,1.96285,0.80,0.80
2008.04.30 06:04:45.929,1.96265,1.96285,0.10,0.80
2008.04.30 06:04:46.356,1.9627,1.9629,0.10,2.50
2008.04.30 06:04:46.517,1.9627,1.9629,0.10,4.90
2008.04.30 06:04:46.677,1.9627,1.9629,0.10,6.40
2008.04.30 06:04:46.997,1.9627,1.9629,0.10,6.40
2008.04.30 06:04:47.327,1.96245,1.9625,4.00,1.70
2008.04.30 06:04:47.499,1.96245,1.9625,4.00,0.20
2008.04.30 06:04:48.007,1.9623,1.96245,17.30,0.20
2008.04.30 06:04:48.376,1.96245,1.9625,4.00,8.10
2008.04.30 06:04:48.576,1.96245,1.9625,4.00,6.50
2008.04.30 06:04:49.583,1.9623,1.9625,6.00,8.90
2008.04.30 06:04:49.788,1.9623,1.9625,4.00,8.90
2008.04.30 06:04:50.050,1.9623,1.9625,4.00,9.60
2008.04.30 06:04:50.149,1.9623,1.9625,4.80,6.40
2008.04.30 06:04:50.454,1.9623,1.9625,4.80,4.00
2008.04.30 06:04:50.905,1.9623,1.9625,5.60,4.00
2008.04.30 06:04:51.023,1.9623,1.9625,5.60,2.60
2008.04.30 06:04:51.112,1.9623,1.9625,5.60,2.40
2008.04.30 06:04:51.252,1.9623,1.96255,5.60,2.40
2008.04.30 06:04:51.392,1.9623,1.96255,5.60,0.80
2008.04.30 06:04:51.456,1.96245,1.96255,0.80,0.80
2008.04.30 06:04:51.647,1.96245,1.96255,0.80,0.80
2008.04.30 06:04:52.027,1.96245,1.96255,0.10,0.80
2008.04.30 06:04:52.217,1.9624,1.9626,2.60,0.80
2008.04.30 06:04:52.407,1.9624,1.9627,2.40,1.70
2008.04.30 06:04:52.597,1.9624,1.9627,10.40,1.70
2008.04.30 06:04:52.875,1.9624,1.9627,10.40,0.20
2008.04.30 06:04:53.409,1.9625,1.96275,0.80,2.40
2008.04.30 06:04:53.593,1.9625,1.9627,0.80,1.60
2008.04.30 06:04:54.003,1.96255,1.9627,0.80,1.60
2008.04.30 06:04:54.208,1.96255,1.9628,0.80,4.00
2008.04.30 06:04:55.623,1.96255,1.9628,0.80,1.60
2008.04.30 06:04:59.931,1.9626,1.9628,0.80,1.60
2008.04.30 06:05:00.143,1.9626,1.9629,0.80,6.50
2008.04.30 06:05:01.469,1.9626,1.9628,0.10,0.20
2008.04.30 06:05:01.609,1.9626,1.9628,0.10,2.50
2008.04.30 06:05:01.679,1.9625,1.9628,3.20,4.90
2008.04.30 06:05:01.963,1.9625,1.9628,11.20,4.90
2008.04.30 06:05:02.033,1.9625,1.9628,15.20,7.30
2008.04.30 06:05:02.208,1.9626,1.9628,0.10,4.90
2008.04.30 06:05:02.536,1.9626,1.9627,0.10,4.90
2008.04.30 06:05:02.701,1.9625,1.9627,7.60,7.30
2008.04.30 06:05:02.865,1.9625,1.9627,5.60,7.30
2008.04.30 06:05:03.801,1.9625,1.9627,5.60,8.10
2008.04.30 06:05:03.912,1.9625,1.9627,5.60,12.10
2008.04.30 06:05:04.023,1.9625,1.9627,6.40,12.00
2008.04.30 06:05:04.257,1.9626,1.9627,0.10,4.00
2008.04.30 06:05:04.695,1.9626,1.9628,0.10,20.10
2008.04.30 06:05:05.751,1.9626,1.9628,0.10,19.30
2008.04.30 06:05:05.950,1.9626,1.9628,0.10,18.40
2008.04.30 06:05:06.150,1.9626,1.9628,0.10,7.20
2008.04.30 06:05:06.320,1.9626,1.9628,0.80,0.80
2008.04.30 06:05:06.829,1.9627,1.96285,0.10,1.70
2008.04.30 06:05:07.475,1.96265,1.96285,4.00,2.50
2008.04.30 06:05:07.692,1.9627,1.96285,1.60,1.60
2008.04.30 06:05:07.906,1.9627,1.9629,1.60,0.90
2008.04.30 06:05:08.122,1.96275,1.9629,0.10,0.20
2008.04.30 06:05:08.502,1.9628,1.9629,0.80,0.20
2008.04.30 06:05:08.614,1.9628,1.96295,0.80,0.80
2008.04.30 06:05:08.833,1.9628,1.963,0.80,4.90
2008.04.30 06:05:09.064,1.9628,1.963,6.40,2.40
2008.04.30 06:05:09.173,1.9629,1.96305,2.40,0.90
2008.04.30 06:05:09.392,1.9629,1.96305,2.40,2.50
2008.04.30 06:05:09.553,1.96285,1.96305,0.10,2.50
2008.04.30 06:05:09.713,1.9628,1.963,9.20,0.80
2008.04.30 06:05:09.873,1.9629,1.96305,0.10,1.70
2008.04.30 06:05:13.076,1.9629,1.963,0.10,2.50
2008.04.30 06:05:13.167,1.96285,1.963,4.00,3.30
2008.04.30 06:05:13.257,1.96285,1.963,4.00,5.70
2008.04.30 06:05:13.346,1.96285,1.963,4.00,8.10
2008.04.30 06:05:13.436,1.96285,1.963,4.00,8.30
2008.04.30 06:05:13.526,1.96285,1.963,4.00,8.10
2008.04.30 06:05:13.617,1.96285,1.963,4.00,4.00
2008.04.30 06:05:13.722,1.96285,1.96305,4.00,4.90
2008.04.30 06:05:14.072,1.96285,1.96305,4.00,0.50
2008.04.30 06:05:14.135,1.96285,1.96305,4.00,1.80
2008.04.30 06:05:14.344,1.96285,1.963,0.10,1.00
2008.04.30 06:05:14.449,1.9628,1.963,7.20,0.90
2008.04.30 06:05:14.554,1.9628,1.96295,7.20,0.20
2008.04.30 06:05:14.660,1.9628,1.96295,3.20,1.20
2008.04.30 06:05:15.811,1.9628,1.96295,3.20,0.70
2008.04.30 06:05:15.918,1.9628,1.96295,1.60,0.90
2008.04.30 06:05:16.126,1.9628,1.96295,0.80,1.30
2008.04.30 06:05:16.373,1.9628,1.96295,0.10,0.70
2008.04.30 06:05:17.978,1.9628,1.96295,0.10,0.50
2008.04.30 06:05:18.244,1.9628,1.963,0.10,3.60
2008.04.30 06:05:18.557,1.96275,1.96295,0.10,0.80
2008.04.30 06:05:20.008,1.96275,1.96295,0.80,0.80
2008.04.30 06:05:20.567,1.96275,1.96285,0.10,0.80
2008.04.30 06:05:20.767,1.9627,1.96285,10.80,0.80
2008.04.30 06:05:20.981,1.9627,1.96285,10.00,0.80
2008.04.30 06:05:21.027,1.9627,1.96285,7.60,0.80
2008.04.30 06:05:21.134,1.9627,1.96285,2.80,0.80
2008.04.30 06:05:21.282,1.9627,1.9628,2.80,0.80
2008.04.30 06:05:21.359,1.9627,1.9628,0.80,0.80
2008.04.30 06:05:21.645,1.9627,1.9628,0.10,0.80
2008.04.30 06:05:22.826,1.9626,1.9628,14.80,0.80
2008.04.30 06:05:23.121,1.9626,1.9628,14.80,1.40
2008.04.30 06:05:24.884,1.9626,1.9628,10.80,0.80
2008.04.30 06:05:26.475,1.9627,1.9628,0.80,1.60
2008.04.30 06:05:26.573,1.9627,1.9628,0.80,1.00
2008.04.30 06:05:26.678,1.9627,1.96285,3.20,0.80
2008.04.30 06:05:26.849,1.9627,1.96285,5.20,0.80
2008.04.30 06:05:28.023,1.9627,1.9628,4.40,0.20
2008.04.30 06:05:28.091,1.9627,1.9628,3.60,0.20
2008.04.30 06:05:28.127,1.9627,1.96275,3.60,1.20
2008.04.30 06:05:28.201,1.9627,1.96275,2.00,1.20
2008.04.30 06:05:28.390,1.9626,1.9627,0.80,0.80
2008.04.30 06:05:28.425,1.9626,1.9627,0.80,0.70
2008.04.30 06:05:28.632,1.9626,1.9627,0.80,0.70
2008.04.30 06:05:31.052,1.9626,1.9627,1.60,1.00
2008.04.30 06:05:31.123,1.9626,1.9628,1.60,1.80
2008.04.30 06:05:31.169,1.96265,1.9628,0.10,2.50
2008.04.30 06:05:31.207,1.96265,1.9628,0.10,1.20
2008.04.30 06:05:31.312,1.96265,1.9628,0.10,0.70
2008.04.30 06:05:31.489,1.9627,1.9628,0.10,0.50
2008.04.30 06:05:31.888,1.96275,1.9628,0.10,1.10
2008.04.30 06:05:35.510,1.96275,1.9628,0.10,0.80
2008.04.30 06:05:35.535,1.96275,1.9628,0.10,1.50
2008.04.30 06:05:35.582,1.96265,1.9627,4.80,0.60
2008.04.30 06:05:35.773,1.96265,1.9627,4.80,0.90
2008.04.30 06:05:36.202,1.96265,1.9628,4.80,2.30
2008.04.30 06:05:36.342,1.96265,1.9628,4.80,0.80
2008.04.30 06:05:36.634,1.96265,1.9628,0.10,0.50
2008.04.30 06:05:36.891,1.9626,1.9628,6.40,0.70
2008.04.30 06:05:37.878,1.9626,1.9628,6.40,1.50
2008.04.30 06:05:38.190,1.9626,1.9628,1.60,0.70
2008.04.30 06:05:38.337,1.9626,1.96275,1.60,0.80
2008.04.30 06:05:38.839,1.9626,1.9628,1.60,0.70
2008.04.30 06:05:39.030,1.96265,1.9628,0.80,0.90
2008.04.30 06:05:39.176,1.96265,1.9628,0.80,0.80
2008.04.30 06:05:39.436,1.96265,1.9628,0.80,0.80
2008.04.30 06:05:39.972,1.9627,1.96295,0.10,0.50
2008.04.30 06:05:40.106,1.9627,1.9629,0.10,0.20
2008.04.30 06:05:40.296,1.9626,1.9628,5.20,0.80
2008.04.30 06:05:40.485,1.9626,1.9628,1.60,0.80
2008.04.30 06:05:40.675,1.9626,1.9629,9.60,1.60
2008.04.30 06:05:40.873,1.9626,1.9629,9.60,0.70
2008.04.30 06:05:41.531,1.96265,1.9629,0.80,0.70
2008.04.30 06:05:41.710,1.9628,1.9629,0.80,0.70
2008.04.30 06:05:41.891,1.9628,1.96295,0.80,1.10
2008.04.30 06:05:42.261,1.9628,1.9629,0.10,1.50
2008.04.30 06:05:42.767,1.9628,1.9629,0.10,4.80
2008.04.30 06:05:43.512,1.9628,1.9629,0.10,4.90
2008.04.30 06:05:43.640,1.9628,1.9629,0.10,5.70
2008.04.30 06:05:43.740,1.9628,1.9629,0.10,7.30
2008.04.30 06:05:44.229,1.9627,1.9629,4.80,11.30
2008.04.30 06:05:44.358,1.9627,1.96285,4.80,1.60
2008.04.30 06:05:44.616,1.9627,1.96285,0.80,1.60
2008.04.30 06:05:44.759,1.96265,1.96285,4.80,2.40
2008.04.30 06:05:45.067,1.96265,1.9628,4.80,0.20
2008.04.30 06:05:45.197,1.9626,1.9628,7.60,8.10
2008.04.30 06:05:45.277,1.9626,1.9628,7.60,10.50
2008.04.30 06:05:45.356,1.9626,1.9628,5.60,10.50
2008.04.30 06:05:45.593,1.9626,1.9627,0.80,1.60
2008.04.30 06:05:45.672,1.9626,1.9627,0.10,1.60
2008.04.30 06:05:45.751,1.9625,1.9627,9.20,2.40
2008.04.30 06:05:45.909,1.9625,1.9627,7.20,2.40
2008.04.30 06:05:45.989,1.9625,1.9627,2.40,2.40
2008.04.30 06:05:46.156,1.9625,1.9627,3.20,0.80
2008.04.30 06:05:46.237,1.96255,1.9626,0.10,0.80
2008.04.30 06:05:46.423,1.96255,1.9627,0.10,0.80
2008.04.30 06:05:46.781,1.96255,1.96275,0.10,0.80
2008.04.30 06:05:47.131,1.96255,1.96275,0.10,0.90
2008.04.30 06:05:47.318,1.9625,1.9627,4.40,2.40
2008.04.30 06:05:47.443,1.9625,1.9627,2.40,2.40
2008.04.30 06:05:48.150,1.9625,1.96265,2.40,0.80
2008.04.30 06:05:48.275,1.9625,1.96265,5.20,0.80
2008.04.30 06:05:49.101,1.9625,1.96265,9.20,0.80
2008.04.30 06:05:49.526,1.96255,1.96265,0.80,0.80
2008.04.30 06:05:49.638,1.9626,1.96265,0.80,0.80
2008.04.30 06:05:50.009,1.9626,1.96265,1.60,0.80
2008.04.30 06:05:50.277,1.9626,1.9628,1.60,8.00
2008.04.30 06:05:50.693,1.9626,1.96265,1.60,0.80
2008.04.30 06:05:52.245,1.9626,1.9627,1.60,0.80
2008.04.30 06:05:52.617,1.9626,1.9627,0.80,0.80
2008.04.30 06:05:52.879,1.9626,1.9627,0.80,0.80
2008.04.30 06:05:53.758,1.9627,1.96285,1.20,1.70
2008.04.30 06:05:56.908,1.9627,1.9628,1.20,4.80
2008.04.30 06:06:00.241,1.9627,1.96275,0.50,2.00
2008.04.30 06:06:01.308,1.9626,1.96275,0.80,0.20
2008.04.30 06:06:01.432,1.9626,1.96265,0.80,0.80
2008.04.30 06:06:02.219,1.9626,1.9627,1.60,0.80
2008.04.30 06:06:02.319,1.9626,1.9627,3.80,0.80
2008.04.30 06:06:02.615,1.9626,1.9627,3.80,0.80
2008.04.30 06:06:04.396,1.9626,1.9627,3.70,0.80
2008.04.30 06:06:04.783,1.9626,1.9627,1.60,0.80
2008.04.30 06:06:05.124,1.9626,1.9627,0.80,0.80
2008.04.30 06:06:05.239,1.9626,1.9627,0.80,0.80
2008.04.30 06:06:08.581,1.9626,1.9627,1.60,0.80
2008.04.30 06:06:08.757,1.9627,1.9628,0.80,2.40
2008.04.30 06:06:09.328,1.9626,1.9627,9.70,0.80
2008.04.30 06:06:10.950,1.9626,1.9627,9.60,0.80
2008.04.30 06:06:11.045,1.9626,1.9627,9.50,0.80
2008.04.30 06:06:11.606,1.9627,1.9629,0.80,13.60
2008.04.30 06:06:11.730,1.9627,1.9629,7.50,5.60
2008.04.30 06:06:11.787,1.9627,1.9629,8.30,1.60
2008.04.30 06:06:11.843,1.96275,1.9629,0.10,0.80
2008.04.30 06:06:12.703,1.9628,1.9629,1.60,0.80
2008.04.30 06:06:13.359,1.9628,1.9629,1.60,4.80
2008.04.30 06:06:13.469,1.9628,1.9629,1.60,4.00
2008.04.30 06:06:13.689,1.9628,1.9629,1.60,12.00
2008.04.30 06:06:13.909,1.9627,1.9628,7.30,0.80
2008.04.30 06:06:14.825,1.9628,1.9629,1.60,0.20
2008.04.30 06:06:14.934,1.9626,1.9628,2.00,8.00
2008.04.30 06:06:15.432,1.9628,1.9629,1.60,9.70
2008.04.30 06:06:15.543,1.9628,1.9629,1.60,9.60
2008.04.30 06:06:15.653,1.9628,1.9629,2.40,1.60
2008.04.30 06:06:15.764,1.9628,1.9629,1.60,1.60
2008.04.30 06:06:16.046,1.9628,1.9629,1.60,0.80
2008.04.30 06:06:17.354,1.96275,1.9628,0.10,0.80
2008.04.30 06:06:20.417,1.9628,1.963,1.60,10.10
2008.04.30 06:06:20.423,1.9628,1.963,1.60,5.30
2008.04.30 06:06:20.503,1.9628,1.963,2.40,4.70
2008.04.30 06:06:20.520,1.9628,1.963,5.60,4.70
2008.04.30 06:06:21.964,1.9628,1.9629,5.60,3.10
2008.04.30 06:06:22.292,1.9628,1.963,5.60,4.70
2008.04.30 06:06:23.705,1.9628,1.9629,5.60,0.20
2008.04.30 06:06:24.226,1.9628,1.963,5.60,4.70
2008.04.30 06:06:26.257,1.96275,1.9628,0.80,3.10
2008.04.30 06:06:26.306,1.9627,1.9628,2.00,3.10
2008.04.30 06:06:27.674,1.9626,1.9628,4.80,3.90
2008.04.30 06:06:27.985,1.9628,1.9629,1.60,5.50
2008.04.30 06:06:28.100,1.9626,1.9627,4.80,0.80
2008.04.30 06:06:29.306,1.9626,1.96275,5.60,0.80
2008.04.30 06:06:29.410,1.9626,1.96275,7.60,0.80
2008.04.30 06:06:29.533,1.9628,1.9629,1.60,5.70
2008.04.30 06:06:29.645,1.9628,1.9629,1.60,5.50
2008.04.30 06:06:29.819,1.9628,1.9629,1.60,3.90
2008.04.30 06:06:32.082,1.96265,1.9627,0.80,0.80
2008.04.30 06:06:32.395,1.96265,1.9628,0.80,3.90
2008.04.30 06:06:32.926,1.9626,1.9627,10.00,0.80
2008.04.30 06:06:33.005,1.9628,1.9629,1.60,8.10
2008.04.30 06:06:33.245,1.9628,1.9629,1.60,8.10
2008.04.30 06:06:36.048,1.9628,1.9629,1.60,3.30
2008.04.30 06:06:36.169,1.9628,1.96285,1.60,0.80
2008.04.30 06:06:37.734,1.9628,1.9629,1.60,4.00
2008.04.30 06:06:37.793,1.9628,1.9629,1.60,2.40
2008.04.30 06:06:37.997,1.9628,1.9629,1.60,0.80
2008.04.30 06:06:38.344,1.9628,1.9629,1.60,0.80
2008.04.30 06:06:43.308,1.9628,1.96285,1.60,0.80
2008.04.30 06:06:48.211,1.96275,1.9628,0.80,0.20
2008.04.30 06:06:48.322,1.9628,1.96285,1.60,0.90
2008.04.30 06:06:48.444,1.9627,1.9628,2.00,7.30
2008.04.30 06:06:48.663,1.9628,1.96285,1.60,2.40
2008.04.30 06:06:48.773,1.9628,1.96285,1.60,2.40
2008.04.30 06:06:48.882,1.9628,1.96285,1.60,2.40
2008.04.30 06:06:49.143,1.9628,1.9629,1.60,1.60
2008.04.30 06:06:50.151,1.9628,1.9629,1.60,7.10
2008.04.30 06:06:52.737,1.9628,1.9629,1.60,7.90
2008.04.30 06:06:53.273,1.9627,1.9628,4.00,7.90
2008.04.30 06:06:53.520,1.9627,1.9628,4.00,7.90
2008.04.30 06:06:53.722,1.9627,1.96275,4.00,0.80
2008.04.30 06:06:53.801,1.9628,1.9629,1.60,10.30
2008.04.30 06:06:54.028,1.9628,1.9629,1.60,7.90
2008.04.30 06:06:54.273,1.9628,1.9629,2.40,7.90
2008.04.30 06:06:54.316,1.9628,1.9629,5.60,7.90
2008.04.30 06:06:54.355,1.9628,1.9629,6.40,7.90
2008.04.30 06:06:54.395,1.9628,1.96295,6.40,1.60
2008.04.30 06:06:54.543,1.9628,1.9629,6.40,0.80
2008.04.30 06:06:58.327,1.9628,1.9629,5.60,0.80
2008.04.30 06:07:02.420,1.9628,1.963,5.60,1.60
2008.04.30 06:07:02.754,1.9628,1.963,5.60,9.60
2008.04.30 06:07:02.962,1.9628,1.9629,5.60,0.80
2008.04.30 06:07:05.037,1.9628,1.9629,4.80,0.80
2008.04.30 06:07:05.360,1.9628,1.9629,5.60,0.80
2008.04.30 06:07:05.644,1.9628,1.9629,6.40,0.80
2008.04.30 06:07:05.755,1.9629,1.96305,0.80,1.60
2008.04.30 06:07:05.825,1.9629,1.96305,3.20,1.60
2008.04.30 06:07:05.896,1.9629,1.9631,3.20,11.60
2008.04.30 06:07:05.963,1.9629,1.9631,3.20,0.80
2008.04.30 06:07:06.178,1.9629,1.9631,4.00,0.80
2008.04.30 06:07:06.680,1.9629,1.9631,4.00,0.90
2008.04.30 06:07:06.790,1.9629,1.963,4.00,8.00
2008.04.30 06:07:06.884,1.96285,1.963,0.80,8.00
2008.04.30 06:07:06.977,1.9628,1.9629,9.20,0.80
2008.04.30 06:07:07.201,1.9628,1.9629,10.00,0.80
2008.04.30 06:07:07.295,1.9628,1.9629,10.80,0.80
2008.04.30 06:07:07.380,1.9628,1.9629,16.40,0.80
2008.04.30 06:07:07.465,1.96285,1.9631,0.80,5.60
2008.04.30 06:07:07.716,1.96285,1.9631,0.80,3.20
2008.04.30 06:07:07.802,1.96285,1.963,0.80,8.00
2008.04.30 06:07:07.971,1.9628,1.9629,9.20,0.80
2008.04.30 06:07:08.430,1.9628,1.9629,8.40,0.80
2008.04.30 06:07:09.007,1.9628,1.9629,9.20,0.80
2008.04.30 06:07:09.573,1.9628,1.9629,8.40,0.80
2008.04.30 06:07:09.663,1.9628,1.9629,6.40,0.80
2008.04.30 06:07:10.388,1.9628,1.9629,5.60,0.80
2008.04.30 06:07:11.337,1.9628,1.9629,4.80,0.80
2008.04.30 06:07:11.473,1.9628,1.9629,1.60,0.80
2008.04.30 06:07:14.272,1.9628,1.9629,1.60,0.90
2008.04.30 06:07:14.286,1.9628,1.9629,1.60,3.30
2008.04.30 06:07:14.333,1.9628,1.9629,1.60,3.30
2008.04.30 06:07:14.363,1.9627,1.9628,13.20,0.80
2008.04.30 06:07:14.671,1.9628,1.9629,0.80,14.50
2008.04.30 06:07:16.093,1.9628,1.96285,0.80,0.80
2008.04.30 06:07:16.747,1.96265,1.9628,0.80,0.20
2008.04.30 06:07:16.820,1.9626,1.9628,15.60,2.50
2008.04.30 06:07:16.848,1.9626,1.9628,14.80,2.50
2008.04.30 06:07:16.873,1.9626,1.9628,8.40,7.30
2008.04.30 06:07:16.898,1.9626,1.9628,6.00,9.70
2008.04.30 06:07:16.945,1.9626,1.9628,6.00,9.70
2008.04.30 06:07:16.979,1.9626,1.9628,3.60,12.10
2008.04.30 06:07:17.093,1.9626,1.9628,1.60,12.10
2008.04.30 06:07:17.379,1.9626,1.9628,5.60,2.40
2008.04.30 06:07:17.630,1.9626,1.9628,5.60,0.80
2008.04.30 06:07:17.880,1.96265,1.96285,0.80,0.80
2008.04.30 06:07:18.717,1.96265,1.9628,0.80,0.20
2008.04.30 06:07:18.782,1.96265,1.9628,0.80,0.20
2008.04.30 06:07:18.847,1.96265,1.9628,0.80,1.70
2008.04.30 06:07:18.912,1.9626,1.9628,9.20,6.50
2008.04.30 06:07:18.976,1.9626,1.9628,4.40,7.30
2008.04.30 06:07:19.041,1.9626,1.9628,2.40,7.30
2008.04.30 06:07:19.222,1.9626,1.9628,2.40,7.20
2008.04.30 06:07:19.286,1.9626,1.9628,4.80,4.00
2008.04.30 06:07:19.392,1.9626,1.9628,5.60,2.40
2008.04.30 06:07:19.753,1.9626,1.9628,4.80,2.40
2008.04.30 06:07:19.867,1.9626,1.9628,2.40,4.80
2008.04.30 06:07:19.972,1.9626,1.96275,1.60,0.80
2008.04.30 06:07:20.476,1.9626,1.9628,2.40,4.90
2008.04.30 06:07:20.813,1.9626,1.9628,3.20,4.90
2008.04.30 06:07:20.868,1.9626,1.9628,5.60,2.50
2008.04.30 06:07:22.755,1.9626,1.9628,5.60,2.40
2008.04.30 06:07:22.993,1.9626,1.9628,5.60,0.80
2008.04.30 06:07:24.683,1.9626,1.96275,4.80,0.80
2008.04.30 06:07:26.724,1.9626,1.9628,5.60,0.80
2008.04.30 06:07:26.830,1.9626,1.9628,9.60,0.80
2008.04.30 06:07:28.887,1.9626,1.9628,5.60,0.80
2008.04.30 06:07:29.070,1.9626,1.9628,5.60,0.80
2008.04.30 06:07:29.178,1.96275,1.9628,0.80,0.80
2008.04.30 06:07:29.266,1.9627,1.96275,3.20,0.80
2008.04.30 06:07:29.375,1.9628,1.96285,4.80,1.60
2008.04.30 06:07:29.420,1.9628,1.96285,6.40,1.60
2008.04.30 06:07:29.515,1.9628,1.96285,8.40,1.60
2008.04.30 06:07:29.581,1.9628,1.9629,9.20,0.80
2008.04.30 06:07:29.818,1.9628,1.9629,10.00,0.80
2008.04.30 06:07:30.807,1.9629,1.9631,0.80,16.00
2008.04.30 06:07:30.871,1.9629,1.9631,0.80,8.00
2008.04.30 06:07:31.148,1.9629,1.9631,0.80,7.90
2008.04.30 06:07:31.349,1.9629,1.9631,0.80,5.50
2008.04.30 06:07:36.420,1.96285,1.96305,5.60,0.80
2008.04.30 06:07:36.849,1.9629,1.96305,0.60,0.80
2008.04.30 06:07:36.927,1.9629,1.9631,1.40,5.60
2008.04.30 06:07:37.085,1.9629,1.9631,5.40,3.20
2008.04.30 06:07:37.576,1.9629,1.9631,5.60,3.20
2008.04.30 06:07:37.736,1.963,1.9631,0.80,3.20
2008.04.30 06:07:38.078,1.963,1.9631,4.00,1.60
2008.04.30 06:07:38.345,1.96305,1.9631,0.80,0.80
2008.04.30 06:07:38.599,1.96305,1.9631,1.60,0.80
2008.04.30 06:07:39.108,1.9631,1.96315,0.80,0.80
2008.04.30 06:07:39.777,1.9631,1.96315,1.60,0.80
2008.04.30 06:07:39.936,1.9631,1.96315,4.00,0.80
2008.04.30 06:07:40.692,1.9631,1.96315,3.20,0.80
2008.04.30 06:07:40.856,1.9631,1.96315,0.80,0.80
2008.04.30 06:07:42.889,1.9631,1.96315,1.60,0.80
2008.04.30 06:07:42.963,1.9631,1.96315,0.80,0.80
2008.04.30 06:07:46.749,1.9631,1.96325,0.80,0.80
2008.04.30 06:07:49.009,1.9631,1.96325,0.80,0.80
2008.04.30 06:07:52.376,1.9631,1.96325,0.80,1.70
2008.04.30 06:07:53.725,1.9631,1.96325,0.80,1.60
2008.04.30 06:07:53.926,1.9631,1.9633,0.80,7.30
2008.04.30 06:07:54.240,1.9631,1.9633,0.80,7.20
2008.04.30 06:07:54.425,1.9631,1.9633,3.20,1.60
2008.04.30 06:07:54.516,1.9631,1.9633,7.20,0.80
2008.04.30 06:07:54.954,1.9631,1.96325,7.20,0.80
2008.04.30 06:07:55.133,1.9632,1.96325,4.00,0.80
2008.04.30 06:07:55.224,1.9632,1.9633,4.80,0.80
2008.04.30 06:07:56.514,1.9632,1.96335,4.80,1.70
2008.04.30 06:08:00.777,1.9633,1.96335,4.00,1.70
2008.04.30 06:08:01.416,1.9632,1.9633,4.80,0.80
2008.04.30 06:08:01.612,1.9632,1.9633,4.00,2.40
2008.04.30 06:08:02.003,1.9631,1.96325,9.60,1.70
2008.04.30 06:08:04.331,1.9631,1.96325,9.60,1.60
2008.04.30 06:08:04.428,1.9632,1.96325,4.00,1.60
2008.04.30 06:08:04.560,1.9632,1.96335,4.00,1.70
2008.04.30 06:08:04.838,1.9631,1.96335,9.20,1.70
2008.04.30 06:08:05.812,1.9631,1.96335,9.20,1.70
2008.04.30 06:08:07.865,1.96315,1.96335,0.80,1.60
2008.04.30 06:08:07.945,1.96325,1.96335,0.80,1.60
2008.04.30 06:08:08.192,1.96325,1.9634,0.80,4.00
2008.04.30 06:08:08.272,1.96325,1.9634,0.80,3.20
2008.04.30 06:08:08.510,1.96325,1.9634,0.80,5.60
2008.04.30 06:08:08.909,1.9632,1.9634,0.70,6.40
2008.04.30 06:08:11.694,1.96325,1.9634,0.80,5.60
2008.04.30 06:08:11.943,1.9632,1.9634,1.80,6.40
2008.04.30 06:08:12.455,1.96325,1.9634,0.80,5.60
2008.04.30 06:08:12.774,1.9632,1.9634,2.10,6.40
2008.04.30 06:08:12.934,1.96325,1.9634,0.80,5.60
2008.04.30 06:08:13.258,1.9632,1.9634,1.30,6.00
2008.04.30 06:08:13.606,1.96325,1.9634,0.80,5.20
2008.04.30 06:08:13.795,1.9632,1.9634,0.90,5.20
2008.04.30 06:08:13.988,1.9633,1.9634,1.70,2.00
2008.04.30 06:08:14.177,1.9633,1.9635,1.70,1.60
2008.04.30 06:08:14.366,1.9633,1.9635,0.60,1.60
2008.04.30 06:08:14.557,1.9633,1.9635,0.90,1.60
2008.04.30 06:08:15.145,1.9633,1.9635,8.60,0.80
2008.04.30 06:08:15.346,1.96345,1.9635,0.80,0.80
2008.04.30 06:08:15.547,1.9635,1.9636,0.60,0.80
2008.04.30 06:08:15.666,1.9635,1.9636,2.70,0.80
2008.04.30 06:08:15.785,1.9635,1.9636,5.00,0.80
2008.04.30 06:08:15.907,1.9635,1.9636,2.20,0.80
2008.04.30 06:08:16.146,1.9635,1.9636,8.30,0.80
2008.04.30 06:08:16.397,1.9635,1.9636,1.30,8.80
2008.04.30 06:08:16.518,1.9635,1.9636,0.60,8.80
2008.04.30 06:08:16.637,1.9634,1.96345,5.10,0.80
2008.04.30 06:08:16.802,1.9634,1.96345,0.80,0.80
2008.04.30 06:08:17.131,1.9634,1.9636,0.80,9.60
2008.04.30 06:08:18.583,1.9633,1.9634,0.80,0.80
2008.04.30 06:08:19.258,1.9633,1.96355,0.80,2.40
2008.04.30 06:08:19.467,1.9633,1.96355,2.60,2.40
2008.04.30 06:08:19.572,1.9633,1.9634,2.30,0.80
2008.04.30 06:08:21.769,1.9634,1.96355,0.80,1.60
2008.04.30 06:08:22.004,1.9634,1.96355,1.20,1.60
2008.04.30 06:08:22.080,1.9634,1.96355,2.70,1.60
2008.04.30 06:08:22.126,1.96345,1.9636,0.80,0.80
2008.04.30 06:08:23.178,1.9635,1.9637,0.80,4.40
2008.04.30 06:08:23.477,1.96355,1.9637,0.80,3.60
2008.04.30 06:08:24.926,1.96355,1.9637,0.80,3.70
2008.04.30 06:08:25.050,1.96355,1.9637,0.80,5.30
2008.04.30 06:08:25.191,1.96355,1.9637,0.80,6.90
2008.04.30 06:08:25.377,1.96355,1.96365,0.80,0.20
2008.04.30 06:08:25.503,1.96355,1.96365,0.80,0.20
2008.04.30 06:08:25.628,1.96355,1.9636,0.80,2.40
2008.04.30 06:08:25.753,1.9634,1.9636,2.70,5.60
2008.04.30 06:08:25.879,1.9634,1.9636,2.80,5.70
2008.04.30 06:08:26.146,1.9635,1.9636,0.80,5.70
2008.04.30 06:08:26.656,1.9634,1.9636,0.80,6.50
2008.04.30 06:08:27.059,1.9634,1.9636,2.80,7.30
2008.04.30 06:08:27.211,1.9634,1.9636,4.20,6.50
2008.04.30 06:08:27.815,1.96345,1.9636,0.80,6.40
2008.04.30 06:08:27.965,1.9635,1.9636,0.80,5.60
2008.04.30 06:08:28.170,1.9635,1.9636,0.80,1.60
2008.04.30 06:08:28.356,1.9635,1.9637,0.80,4.80
2008.04.30 06:08:28.756,1.96345,1.96365,1.00,0.80
2008.04.30 06:08:30.344,1.96345,1.96365,0.80,0.90
2008.04.30 06:08:30.526,1.96345,1.96365,0.80,2.50
2008.04.30 06:08:31.628,1.9635,1.96365,0.80,1.70
2008.04.30 06:08:32.985,1.96345,1.9636,5.60,4.10
2008.04.30 06:08:33.374,1.96345,1.9636,5.60,4.00
2008.04.30 06:08:33.510,1.9635,1.96365,0.80,1.70
2008.04.30 06:08:34.384,1.9635,1.96365,0.80,1.60
2008.04.30 06:08:34.585,1.96345,1.96365,1.60,0.80
2008.04.30 06:08:34.985,1.9635,1.96365,0.80,0.80
2008.04.30 06:08:35.184,1.9635,1.9637,1.60,3.20
2008.04.30 06:08:35.928,1.96355,1.9637,0.80,2.40
2008.04.30 06:08:37.361,1.9635,1.9637,1.60,3.30
2008.04.30 06:08:37.522,1.9635,1.9637,1.60,3.20
2008.04.30 06:08:37.661,1.96345,1.96365,6.40,0.80
2008.04.30 06:08:39.523,1.9635,1.96365,0.80,0.80
2008.04.30 06:08:41.472,1.9635,1.96355,0.80,0.80
2008.04.30 06:08:42.719,1.9635,1.96365,0.80,0.80
2008.04.30 06:08:43.171,1.9635,1.96355,0.80,0.80
2008.04.30 06:08:44.906,1.96345,1.96355,0.80,0.80
2008.04.30 06:08:45.255,1.9634,1.96355,4.80,0.80
2008.04.30 06:08:45.574,1.9634,1.96355,0.80,0.80
2008.04.30 06:08:45.850,1.9634,1.96355,1.60,0.80
2008.04.30 06:08:46.061,1.9634,1.96355,16.40,0.80
2008.04.30 06:08:46.270,1.96345,1.96355,0.80,0.80
2008.04.30 06:08:46.455,1.96345,1.96355,0.80,0.80
2008.04.30 06:08:46.491,1.96345,1.96355,0.50,0.80
2008.04.30 06:08:49.536,1.9635,1.9636,0.80,0.80
2008.04.30 06:08:50.017,1.96345,1.9636,0.80,0.80
2008.04.30 06:08:50.977,1.96345,1.9635,0.80,0.10
2008.04.30 06:08:57.671,1.9634,1.9635,5.10,0.10
2008.04.30 06:08:57.706,1.9634,1.9635,2.70,0.10
2008.04.30 06:08:57.748,1.9634,1.9635,3.80,0.10
2008.04.30 06:08:58.184,1.9634,1.9635,5.40,0.10
2008.04.30 06:08:58.302,1.96345,1.9635,1.50,0.10
2008.04.30 06:08:58.423,1.9635,1.9637,1.00,9.60
2008.04.30 06:08:58.860,1.96345,1.9635,0.60,0.10
2008.04.30 06:08:59.217,1.96345,1.9635,1.60,0.10
2008.04.30 06:08:59.332,1.96345,1.9635,0.80,0.10
2008.04.30 06:08:59.446,1.9634,1.9637,1.40,9.60
2008.04.30 06:08:59.560,1.96345,1.9637,1.20,9.60
2008.04.30 06:09:00.981,1.96345,1.9637,1.70,17.60
2008.04.30 06:09:01.339,1.9634,1.9637,3.50,17.60
2008.04.30 06:09:01.891,1.9634,1.9637,0.60,9.60
2008.04.30 06:09:02.091,1.9634,1.9637,5.40,9.60
2008.04.30 06:09:02.882,1.9634,1.9637,8.70,9.60
2008.04.30 06:09:03.147,1.96345,1.9637,2.20,9.60
2008.04.30 06:09:03.600,1.9634,1.9637,4.30,9.60
2008.04.30 06:09:03.967,1.9634,1.9637,4.00,9.60
2008.04.30 06:09:04.150,1.9634,1.9637,2.40,17.60
2008.04.30 06:09:04.281,1.9634,1.96355,2.00,0.80
2008.04.30 06:09:04.593,1.9634,1.96355,4.10,0.80
2008.04.30 06:09:05.123,1.96345,1.9636,0.80,0.80
2008.04.30 06:09:05.668,1.9635,1.9636,1.30,0.80
2008.04.30 06:09:06.100,1.9634,1.9636,3.70,0.80
2008.04.30 06:09:06.388,1.9634,1.9636,6.60,0.80
2008.04.30 06:09:06.484,1.9634,1.9636,5.20,0.80
2008.04.30 06:09:07.520,1.9634,1.9636,7.10,0.80
2008.04.30 06:09:07.852,1.9634,1.9636,4.00,0.80
2008.04.30 06:09:08.011,1.9634,1.9636,2.40,0.80
2008.04.30 06:09:08.093,1.9634,1.9636,1.00,0.80
2008.04.30 06:09:08.487,1.9634,1.9636,4.70,0.80
2008.04.30 06:09:08.567,1.9634,1.9636,7.80,0.80
2008.04.30 06:09:09.930,1.9634,1.9636,7.60,0.80
2008.04.30 06:09:09.999,1.9634,1.9636,3.30,0.80
2008.04.30 06:09:10.073,1.9634,1.9636,0.50,0.80
2008.04.30 06:09:10.142,1.9634,1.96355,1.90,0.80
2008.04.30 06:09:10.211,1.9634,1.96355,0.50,0.80
2008.04.30 06:09:14.165,1.96335,1.96355,5.60,0.80
2008.04.30 06:09:15.157,1.96345,1.9636,0.80,9.70
2008.04.30 06:09:17.017,1.96345,1.9636,0.80,8.90
2008.04.30 06:09:17.631,1.9634,1.9636,5.60,9.70
2008.04.30 06:09:18.709,1.9634,1.9636,9.60,9.70
2008.04.30 06:09:18.939,1.9634,1.9636,9.60,9.60
2008.04.30 06:09:19.169,1.9634,1.9636,13.60,2.40
2008.04.30 06:09:19.270,1.9634,1.9636,13.60,0.80
2008.04.30 06:09:20.525,1.9634,1.9636,12.80,4.00
2008.04.30 06:09:20.817,1.9634,1.9636,12.80,4.00
2008.04.30 06:09:21.137,1.9634,1.9636,12.80,0.80
2008.04.30 06:09:21.318,1.9634,1.9636,12.80,1.60
2008.04.30 06:09:21.792,1.9635,1.9636,0.80,0.80
2008.04.30 06:09:22.658,1.9634,1.9636,13.60,0.80
2008.04.30 06:09:22.790,1.96345,1.9636,4.00,0.80
2008.04.30 06:09:22.909,1.9635,1.96365,0.80,1.70
2008.04.30 06:09:23.029,1.96345,1.9636,4.00,0.80
2008.04.30 06:09:23.218,1.9634,1.9636,13.60,0.80
2008.04.30 06:09:23.945,1.9634,1.9636,13.60,0.90
2008.04.30 06:09:24.065,1.9634,1.9636,13.60,3.30
2008.04.30 06:09:24.166,1.9635,1.9636,4.00,4.90
2008.04.30 06:09:24.384,1.9635,1.9636,4.00,4.10
2008.04.30 06:09:24.493,1.9635,1.9636,4.00,4.00
2008.04.30 06:09:24.603,1.9635,1.96365,0.80,1.70
2008.04.30 06:09:24.973,1.9634,1.9636,13.60,0.80
2008.04.30 06:09:25.157,1.9634,1.9636,13.60,0.80
2008.04.30 06:09:26.173,1.9634,1.9636,13.60,0.80
2008.04.30 06:09:26.631,1.9634,1.9636,13.60,0.80
2008.04.30 06:09:27.634,1.9634,1.9636,13.60,0.80
2008.04.30 06:09:29.674,1.9635,1.96365,0.80,1.70
2008.04.30 06:09:30.195,1.96355,1.96365,0.80,1.70
2008.04.30 06:09:30.578,1.96355,1.96365,0.80,1.60
2008.04.30 06:09:30.749,1.9635,1.9636,5.60,0.80
2008.04.30 06:09:30.944,1.96355,1.9636,0.80,0.80
2008.04.30 06:09:31.198,1.96355,1.9637,1.60,0.80
2008.04.30 06:09:31.693,1.9636,1.9637,4.00,0.80
2008.04.30 06:09:32.301,1.96365,1.9638,0.80,1.60
2008.04.30 06:09:32.730,1.9636,1.9638,4.80,2.40
2008.04.30 06:09:34.343,1.9636,1.9637,4.00,0.80
2008.04.30 06:09:35.054,1.9636,1.9637,4.00,8.80
2008.04.30 06:09:35.086,1.9636,1.9637,0.80,8.80
2008.04.30 06:09:35.100,1.96355,1.9637,0.80,8.80
2008.04.30 06:09:35.282,1.9635,1.96355,5.60,0.80
2008.04.30 06:09:35.474,1.9635,1.96355,4.80,0.80
2008.04.30 06:09:37.415,1.9635,1.9636,4.80,0.80
2008.04.30 06:09:37.657,1.9635,1.9636,0.80,0.80
2008.04.30 06:09:37.850,1.9634,1.9636,10.40,0.80
2008.04.30 06:09:38.308,1.9634,1.9636,11.20,0.80
2008.04.30 06:09:41.450,1.9635,1.9636,0.80,0.80
2008.04.30 06:09:41.655,1.9635,1.9636,1.60,0.80
2008.04.30 06:09:41.720,1.9635,1.9636,5.60,0.80
2008.04.30 06:09:46.212,1.9635,1.9637,5.60,0.80
2008.04.30 06:09:46.937,1.9635,1.96375,5.60,0.80
2008.04.30 06:09:47.127,1.9635,1.96375,7.60,0.80
2008.04.30 06:09:47.318,1.96355,1.96375,0.80,0.80
2008.04.30 06:09:47.696,1.9636,1.9638,0.80,9.90
2008.04.30 06:09:48.454,1.9636,1.9638,0.80,10.70
2008.04.30 06:09:48.975,1.96355,1.96375,5.60,0.80
2008.04.30 06:09:49.154,1.96355,1.96375,0.80,0.80
2008.04.30 06:09:49.453,1.9635,1.96375,6.40,0.80
2008.04.30 06:09:49.607,1.96355,1.96375,0.80,0.80
2008.04.30 06:09:49.762,1.96365,1.9638,0.80,4.10
2008.04.30 06:09:50.138,1.96365,1.9638,0.80,4.10
2008.04.30 06:09:50.292,1.96365,1.9638,0.80,1.70
2008.04.30 06:09:50.480,1.96365,1.9638,0.80,1.90
2008.04.30 06:09:50.595,1.96365,1.9638,0.80,1.90
2008.04.30 06:09:50.720,1.96365,1.9638,0.80,5.90
2008.04.30 06:09:50.834,1.9635,1.96375,6.40,0.80
2008.04.30 06:09:51.677,1.9635,1.96375,7.20,0.80
2008.04.30 06:09:51.817,1.9636,1.9638,0.80,10.70
2008.04.30 06:09:54.057,1.9636,1.96375,0.80,0.20
2008.04.30 06:09:54.284,1.9636,1.96375,0.80,1.70
2008.04.30 06:09:54.463,1.9636,1.96375,0.80,1.60
2008.04.30 06:09:54.803,1.9636,1.9638,0.80,12.70
2008.04.30 06:09:54.862,1.9636,1.9638,0.80,10.70
2008.04.30 06:09:56.542,1.9636,1.96375,0.80,0.80
2008.04.30 06:09:57.046,1.96365,1.9638,0.80,5.70
2008.04.30 06:09:57.154,1.96365,1.9638,0.80,4.10
2008.04.30 06:09:57.208,1.96365,1.9638,0.80,3.30
2008.04.30 06:09:57.680,1.96365,1.9638,0.80,3.30
2008.04.30 06:09:57.725,1.96365,1.9638,0.80,0.90
2008.04.30 06:09:58.081,1.96365,1.9638,1.60,0.90
2008.04.30 06:09:58.127,1.9637,1.9638,4.00,0.90
2008.04.30 06:09:58.358,1.9637,1.96385,10.00,2.40
2008.04.30 06:09:58.589,1.96375,1.9639,0.80,0.80
2008.04.30 06:09:59.278,1.96375,1.96395,0.80,0.80
2008.04.30 06:09:59.617,1.9637,1.96385,10.80,1.60
2008.04.30 06:09:59.748,1.9637,1.96385,7.60,1.60
2008.04.30 06:09:59.877,1.9637,1.96385,6.80,1.60
2008.04.30 06:10:00.009,1.9637,1.9639,4.80,4.10
2008.04.30 06:10:00.143,1.9637,1.9639,4.80,3.30
2008.04.30 06:10:00.272,1.9637,1.9639,0.80,3.30
2008.04.30 06:10:00.730,1.9637,1.96375,4.80,2.50
2008.04.30 06:10:00.979,1.9636,1.96375,4.80,2.50
2008.04.30 06:10:01.253,1.9636,1.96375,0.80,2.50
2008.04.30 06:10:01.602,1.9636,1.96375,0.80,2.40
2008.04.30 06:10:01.778,1.96365,1.9638,0.80,4.00
2008.04.30 06:10:02.128,1.96365,1.96385,0.80,2.40
2008.04.30 06:10:02.313,1.96365,1.96385,0.80,0.80
2008.04.30 06:10:02.472,1.9637,1.96385,0.80,0.80
2008.04.30 06:10:04.330,1.9637,1.96385,0.80,0.80
2008.04.30 06:10:04.727,1.9637,1.9638,0.80,0.80
2008.04.30 06:10:07.301,1.9636,1.9638,7.60,0.80
2008.04.30 06:10:09.052,1.96365,1.9638,0.80,0.80
2008.04.30 06:10:09.317,1.96365,1.96385,1.60,0.80
2008.04.30 06:10:09.621,1.9637,1.96385,3.20,0.80
2008.04.30 06:10:09.673,1.9637,1.96385,4.00,0.80
2008.04.30 06:10:10.594,1.9637,1.9639,4.80,1.10
2008.04.30 06:10:12.804,1.9637,1.96385,4.00,0.80
2008.04.30 06:10:14.860,1.9637,1.96385,3.20,0.80
2008.04.30 06:10:15.473,1.9637,1.96385,4.00,0.80
2008.04.30 06:10:15.644,1.9637,1.96385,6.40,0.80
2008.04.30 06:10:15.698,1.9637,1.9639,7.20,0.60
2008.04.30 06:10:15.906,1.9637,1.9639,9.20,0.90
2008.04.30 06:10:16.165,1.9637,1.9639,6.80,1.10
2008.04.30 06:10:16.365,1.9637,1.96385,6.00,0.80
2008.04.30 06:10:16.421,1.9637,1.96385,4.00,0.80
2008.04.30 06:10:16.665,1.96375,1.9639,0.80,0.80
2008.04.30 06:10:17.151,1.96375,1.9639,0.80,0.80
2008.04.30 06:10:17.202,1.96365,1.9638,0.80,0.80
2008.04.30 06:10:17.401,1.96365,1.9638,1.60,0.80
2008.04.30 06:10:17.570,1.96365,1.9638,0.80,0.80
2008.04.30 06:10:17.622,1.9636,1.9638,13.20,0.80
2008.04.30 06:10:17.732,1.9636,1.9638,11.60,0.80
2008.04.30 06:10:17.949,1.9636,1.9638,10.40,0.80
2008.04.30 06:10:19.640,1.9636,1.9638,10.40,0.80
2008.04.30 06:10:21.485,1.9637,1.9638,0.80,0.80
2008.04.30 06:10:21.681,1.9637,1.9638,4.80,0.80
2008.04.30 06:10:21.719,1.9637,1.9639,5.60,2.50
2008.04.30 06:10:21.771,1.9637,1.9639,9.60,1.10
2008.04.30 06:10:21.847,1.9637,1.9639,11.60,1.50
2008.04.30 06:10:22.009,1.9637,1.96385,11.60,0.80
2008.04.30 06:10:22.057,1.9637,1.96385,10.80,0.80
2008.04.30 06:10:22.188,1.9637,1.96385,4.40,0.80
2008.04.30 06:10:22.237,1.9637,1.96375,2.80,0.80
2008.04.30 06:10:22.412,1.9636,1.96375,10.80,0.80
2008.04.30 06:10:25.049,1.96365,1.96375,0.80,0.80
2008.04.30 06:10:25.270,1.96365,1.9638,1.60,0.90
2008.04.30 06:10:25.668,1.9637,1.9638,4.00,0.90
2008.04.30 06:10:26.065,1.9635,1.96355,24.90,0.20
2008.04.30 06:10:26.235,1.9635,1.9636,18.20,0.20
2008.04.30 06:10:26.331,1.9636,1.96365,2.00,0.20
2008.04.30 06:10:26.415,1.9634,1.96355,1.60,0.80
2008.04.30 06:10:26.835,1.9634,1.96355,0.80,1.50
2008.04.30 06:10:27.097,1.9634,1.96355,1.60,1.00
2008.04.30 06:10:27.618,1.9634,1.96355,0.80,1.00
2008.04.30 06:10:28.045,1.9634,1.96355,0.80,1.20
2008.04.30 06:10:28.363,1.9634,1.96355,0.80,0.80
2008.04.30 06:10:30.059,1.9634,1.9636,1.60,3.60
2008.04.30 06:10:31.085,1.9634,1.9636,1.60,1.30
2008.04.30 06:10:31.196,1.9634,1.96355,1.60,0.20
2008.04.30 06:10:31.307,1.9634,1.96355,5.60,0.20
2008.04.30 06:10:31.428,1.9634,1.9635,0.80,0.80
2008.04.30 06:10:31.904,1.9634,1.96355,1.60,1.10
2008.04.30 06:10:32.252,1.9634,1.9635,1.60,0.90
2008.04.30 06:10:32.427,1.9634,1.9635,0.80,0.60
2008.04.30 06:10:33.175,1.9634,1.9635,16.00,1.30
2008.04.30 06:10:33.340,1.9634,1.9635,20.00,0.80
2008.04.30 06:10:33.507,1.96345,1.96365,0.80,0.80
2008.04.30 06:10:33.655,1.9634,1.96355,18.80,0.80
2008.04.30 06:10:33.806,1.9634,1.96355,18.00,0.80
2008.04.30 06:10:34.639,1.9634,1.96355,15.60,0.80
2008.04.30 06:10:35.225,1.96345,1.9635,1.60,0.80
2008.04.30 06:10:35.567,1.9635,1.9636,3.20,0.80
2008.04.30 06:10:36.662,1.9635,1.9636,0.80,0.80
2008.04.30 06:10:36.712,1.96345,1.96355,1.60,0.80
2008.04.30 06:10:37.695,1.96345,1.96355,0.80,0.80
2008.04.30 06:10:37.737,1.96345,1.96365,0.80,1.50
2008.04.30 06:10:38.644,1.9635,1.96365,0.80,0.70
2008.04.30 06:10:38.850,1.96345,1.96365,0.80,1.30
2008.04.30 06:10:39.065,1.9635,1.96365,0.80,0.50
2008.04.30 06:10:39.836,1.9636,1.9637,0.80,1.50
2008.04.30 06:10:40.213,1.9636,1.9637,0.80,0.80
2008.04.30 06:10:43.577,1.9635,1.9637,8.00,1.60
2008.04.30 06:10:44.483,1.9635,1.9637,4.00,1.60
2008.04.30 06:10:44.862,1.9635,1.96365,3.20,0.80
2008.04.30 06:10:45.283,1.9635,1.96365,4.00,0.80
2008.04.30 06:10:47.630,1.9635,1.96355,4.00,0.80
2008.04.30 06:10:47.887,1.9635,1.96365,4.00,0.80
2008.04.30 06:10:48.852,1.96355,1.9637,0.80,0.80
2008.04.30 06:10:52.193,1.96355,1.96375,0.80,2.40
2008.04.30 06:10:52.293,1.9636,1.96375,0.80,2.40
2008.04.30 06:10:52.500,1.9636,1.96375,0.80,0.80
2008.04.30 06:10:52.707,1.96355,1.96375,1.60,0.80
2008.04.30 06:10:52.952,1.96355,1.96375,1.60,0.80
2008.04.30 06:10:53.519,1.9636,1.96375,0.80,0.80
2008.04.30 06:10:56.253,1.9636,1.96375,4.80,0.80
2008.04.30 06:10:56.759,1.9636,1.96375,0.80,0.80
2008.04.30 06:10:56.824,1.96355,1.96375,1.60,0.80
2008.04.30 06:10:58.050,1.96355,1.9638,1.60,3.20
2008.04.30 06:10:58.179,1.9636,1.9638,0.80,3.20
2008.04.30 06:10:58.226,1.9636,1.9638,3.20,0.80
2008.04.30 06:11:00.092,1.9636,1.9638,3.20,0.90
2008.04.30 06:11:00.209,1.9636,1.9638,3.20,0.80
2008.04.30 06:11:00.329,1.96355,1.96375,1.60,0.80
2008.04.30 06:11:01.041,1.96355,1.96375,5.60,0.80
2008.04.30 06:11:01.139,1.9636,1.9638,0.80,4.80
2008.04.30 06:11:01.539,1.9636,1.9638,0.80,4.80
2008.04.30 06:11:02.079,1.9636,1.9637,0.80,0.80
2008.04.30 06:11:03.611,1.9636,1.9637,4.80,0.80
2008.04.30 06:11:03.947,1.9637,1.96385,0.80,1.70
2008.04.30 06:11:05.407,1.9636,1.9637,1.60,0.80
2008.04.30 06:11:06.797,1.9636,1.9637,5.60,0.80
2008.04.30 06:11:06.940,1.9637,1.9639,0.80,18.10
2008.04.30 06:11:07.476,1.9636,1.9637,1.60,0.80
2008.04.30 06:11:08.740,1.9636,1.9639,2.40,10.90
2008.04.30 06:11:08.873,1.9636,1.9639,2.40,13.30
2008.04.30 06:11:09.008,1.9636,1.9639,4.40,13.30
2008.04.30 06:11:09.144,1.9636,1.9638,4.40,0.80
2008.04.30 06:11:09.291,1.9636,1.9638,5.20,0.80
2008.04.30 06:11:09.544,1.9636,1.9638,11.60,0.80
2008.04.30 06:11:11.656,1.9636,1.9638,7.60,0.80
2008.04.30 06:11:12.107,1.9636,1.9638,11.60,0.80
2008.04.30 06:11:12.257,1.9636,1.9638,10.00,0.80
2008.04.30 06:11:12.408,1.9636,1.9638,5.60,0.80
2008.04.30 06:11:12.582,1.9636,1.9637,1.60,0.80
2008.04.30 06:11:12.904,1.9636,1.9637,5.60,0.80
2008.04.30 06:11:13.664,1.9636,1.9637,1.60,0.90
2008.04.30 06:11:13.828,1.9636,1.9637,1.60,0.80
2008.04.30 06:11:14.172,1.9636,1.96365,1.60,0.80
2008.04.30 06:11:14.533,1.9636,1.9637,1.60,0.80
2008.04.30 06:11:15.899,1.9636,1.9637,5.60,0.80
2008.04.30 06:11:16.402,1.9636,1.9637,1.60,0.80
2008.04.30 06:11:16.872,1.9636,1.96365,1.60,0.80
2008.04.30 06:11:17.371,1.9636,1.9637,1.60,0.80
2008.04.30 06:11:18.605,1.9636,1.9638,1.60,0.80
2008.04.30 06:11:19.971,1.9636,1.9638,1.60,0.80
2008.04.30 06:11:20.346,1.9636,1.9637,1.60,0.80
2008.04.30 06:11:21.161,1.9636,1.9637,0.80,0.80
2008.04.30 06:11:21.298,1.9636,1.9638,0.80,0.80
2008.04.30 06:11:21.700,1.9636,1.9638,1.60,0.80
2008.04.30 06:11:21.846,1.9636,1.9638,5.60,0.80
2008.04.30 06:11:21.981,1.9636,1.96375,5.60,0.80
2008.04.30 06:11:22.116,1.9636,1.96375,7.60,0.80
2008.04.30 06:11:22.905,1.9636,1.9638,7.60,0.80
2008.04.30 06:11:23.264,1.9636,1.9638,11.60,0.80
2008.04.30 06:11:23.458,1.9636,1.96375,11.60,0.80
2008.04.30 06:11:23.686,1.9636,1.96375,12.40,0.80
2008.04.30 06:11:23.919,1.9636,1.9638,12.40,0.80
2008.04.30 06:11:24.109,1.9636,1.9638,8.40,0.80
2008.04.30 06:11:24.618,1.9636,1.9638,12.40,0.80
2008.04.30 06:11:24.842,1.9636,1.9638,8.40,0.80
2008.04.30 06:11:25.037,1.9636,1.9638,12.40,0.80
2008.04.30 06:11:25.546,1.9636,1.9638,8.40,0.80
2008.04.30 06:11:25.691,1.9636,1.9638,7.60,0.80
2008.04.30 06:11:25.968,1.9636,1.9638,5.60,0.80
2008.04.30 06:11:26.248,1.9636,1.9638,6.40,0.80
2008.04.30 06:11:26.412,1.9636,1.96375,10.80,0.80
2008.04.30 06:11:27.147,1.9636,1.9638,10.80,0.80
2008.04.30 06:11:27.314,1.9636,1.9638,14.80,0.80
2008.04.30 06:11:27.901,1.9636,1.9638,10.80,0.80
2008.04.30 06:11:28.036,1.9636,1.96375,10.80,0.80
2008.04.30 06:11:28.215,1.9636,1.9638,10.80,0.80
2008.04.30 06:11:29.169,1.9636,1.9638,10.00,0.80
2008.04.30 06:11:29.289,1.9636,1.9638,7.60,0.80
2008.04.30 06:11:29.368,1.9636,1.9638,11.60,0.80
2008.04.30 06:11:29.528,1.9636,1.96375,11.60,0.80
2008.04.30 06:11:29.583,1.9636,1.96375,9.60,0.80
2008.04.30 06:11:29.770,1.9636,1.96375,10.40,0.80
2008.04.30 06:11:29.826,1.9636,1.96375,12.00,0.80
2008.04.30 06:11:29.880,1.9636,1.96375,14.00,0.80
2008.04.30 06:11:30.049,1.9637,1.96375,0.80,0.80
2008.04.30 06:11:33.012,1.9636,1.9637,13.20,0.50
2008.04.30 06:11:33.108,1.9637,1.96375,0.80,0.80
2008.04.30 06:11:33.333,1.9636,1.96375,10.80,0.80
2008.04.30 06:11:33.804,1.9636,1.96375,11.60,0.80
2008.04.30 06:11:33.914,1.9637,1.9638,0.80,0.10
2008.04.30 06:11:37.476,1.9636,1.96375,15.60,0.80
2008.04.30 06:11:38.169,1.9636,1.96375,11.60,0.80
2008.04.30 06:11:38.449,1.9636,1.9637,11.60,0.80
2008.04.30 06:11:38.684,1.9636,1.96375,11.60,0.80
2008.04.30 06:11:43.023,1.9636,1.9638,11.60,0.80
2008.04.30 06:11:44.192,1.9636,1.96375,11.60,0.80
2008.04.30 06:11:45.753,1.9636,1.96375,10.80,0.80
2008.04.30 06:11:45.888,1.9636,1.96375,7.60,0.80
2008.04.30 06:11:46.022,1.9636,1.96375,5.60,0.80
2008.04.30 06:11:46.182,1.9636,1.9637,5.60,0.80
2008.04.30 06:11:46.341,1.9636,1.9637,4.80,0.80
2008.04.30 06:11:47.129,1.9636,1.96365,4.80,0.80
2008.04.30 06:11:48.949,1.9636,1.96365,5.60,0.80
2008.04.30 06:11:49.070,1.9636,1.96365,7.60,0.80
2008.04.30 06:11:49.201,1.9636,1.96365,8.40,0.80
2008.04.30 06:11:49.285,1.9636,1.96365,9.20,0.80
2008.04.30 06:11:49.370,1.9636,1.96365,11.60,0.80
2008.04.30 06:11:49.649,1.9636,1.9637,11.60,0.80
2008.04.30 06:11:50.088,1.9636,1.96375,11.60,0.80
2008.04.30 06:11:51.259,1.9636,1.9638,15.60,0.80
2008.04.30 06:11:51.638,1.9636,1.96375,15.60,0.80
2008.04.30 06:11:52.063,1.9636,1.96375,11.60,0.80
2008.04.30 06:11:53.171,1.9636,1.96375,15.60,0.80
2008.04.30 06:11:54.330,1.9636,1.96375,11.60,0.80
2008.04.30 06:11:56.203,1.9637,1.96375,0.80,0.80
2008.04.30 06:11:56.354,1.9637,1.96375,5.60,0.80
2008.04.30 06:11:56.506,1.9637,1.9638,13.60,0.10
2008.04.30 06:11:56.589,1.9637,1.9638,15.60,0.10
2008.04.30 06:11:56.823,1.9637,1.9638,18.00,0.10
2008.04.30 06:11:56.906,1.9637,1.9638,18.80,0.10
2008.04.30 06:11:59.659,1.96375,1.9638,0.80,0.10
2008.04.30 06:12:00.025,1.96375,1.9638,1.60,0.10
2008.04.30 06:12:00.713,1.9638,1.96385,0.80,0.80
2008.04.30 06:12:00.839,1.96375,1.9638,1.60,0.10
2008.04.30 06:12:00.970,1.96375,1.9638,1.60,0.10
2008.04.30 06:12:01.005,1.9638,1.9639,4.80,1.20
2008.04.30 06:12:01.055,1.96375,1.9638,0.80,0.10
2008.04.30 06:12:01.293,1.96375,1.9638,0.80,0.10
2008.04.30 06:12:01.367,1.96375,1.9638,0.80,0.10
2008.04.30 06:12:01.519,1.9638,1.96385,2.00,0.80
2008.04.30 06:12:01.574,1.96375,1.9638,1.60,0.10
2008.04.30 06:12:06.292,1.96375,1.9639,1.60,1.10
2008.04.30 06:12:11.332,1.9638,1.9639,0.80,1.10
2008.04.30 06:12:11.392,1.9638,1.9639,3.20,1.10
2008.04.30 06:12:11.441,1.9638,1.9639,4.00,0.40
2008.04.30 06:12:11.495,1.9638,1.9639,13.60,0.30
2008.04.30 06:12:11.602,1.9638,1.9639,15.60,0.30
2008.04.30 06:12:11.940,1.9638,1.9639,16.40,0.30
2008.04.30 06:12:12.008,1.9638,1.9639,18.80,0.30
2008.04.30 06:12:12.741,1.96385,1.9639,0.80,0.30
2008.04.30 06:12:13.005,1.96385,1.9639,1.60,0.30
2008.04.30 06:12:14.718,1.96385,1.9639,1.60,1.00
2008.04.30 06:12:14.833,1.9639,1.964,0.80,1.10
2008.04.30 06:12:15.223,1.9639,1.96395,0.80,0.80
2008.04.30 06:12:17.117,1.9639,1.96395,0.80,0.80
2008.04.30 06:12:17.291,1.964,1.9641,0.80,11.50
2008.04.30 06:12:17.382,1.96395,1.964,1.60,0.60
2008.04.30 06:12:17.426,1.964,1.9641,3.20,9.60
2008.04.30 06:12:17.503,1.96395,1.964,1.60,0.50
2008.04.30 06:12:17.570,1.964,1.9642,8.00,6.80
2008.04.30 06:12:17.619,1.964,1.9642,9.60,2.80
2008.04.30 06:12:17.768,1.964,1.9642,9.60,2.80
2008.04.30 06:12:18.008,1.964,1.9642,11.60,0.80
2008.04.30 06:12:18.248,1.964,1.9642,11.60,1.00
2008.04.30 06:12:18.977,1.964,1.96405,6.00,0.20
2008.04.30 06:12:19.043,1.964,1.96405,2.80,0.20
2008.04.30 06:12:19.108,1.964,1.96405,0.80,0.20
2008.04.30 06:12:19.184,1.9639,1.96405,0.80,2.50
2008.04.30 06:12:19.641,1.9639,1.96395,0.80,0.80
2008.04.30 06:12:20.359,1.9639,1.96395,0.80,0.90
2008.04.30 06:12:20.670,1.9638,1.96395,4.80,2.50
2008.04.30 06:12:21.371,1.9639,1.96395,1.60,2.50
2008.04.30 06:12:24.262,1.9639,1.96395,1.60,2.40
2008.04.30 06:12:24.505,1.9639,1.96395,2.40,0.80
2008.04.30 06:12:25.821,1.9638,1.9639,4.00,0.20
2008.04.30 06:12:26.040,1.9638,1.9639,0.80,1.70
2008.04.30 06:12:26.720,1.964,1.96405,1.60,0.20
2008.04.30 06:12:27.286,1.964,1.9641,1.60,15.90
2008.04.30 06:12:27.494,1.964,1.96405,1.60,0.80
2008.04.30 06:12:27.866,1.9637,1.9638,20.10,0.20
2008.04.30 06:12:28.023,1.9638,1.96385,0.80,2.50
2008.04.30 06:12:28.282,1.9636,1.96375,6.10,0.20
2008.04.30 06:12:28.662,1.9638,1.96385,0.80,0.20
2008.04.30 06:12:31.339,1.9636,1.9637,12.90,0.20
2008.04.30 06:12:31.584,1.9638,1.96385,0.80,0.20
2008.04.30 06:12:36.769,1.964,1.9641,0.40,24.40
2008.04.30 06:12:36.866,1.9638,1.96385,0.80,0.20
2008.04.30 06:12:37.349,1.9636,1.96365,12.30,0.20
2008.04.30 06:12:37.598,1.9637,1.96375,1.20,0.20
2008.04.30 06:12:41.352,1.9637,1.96375,1.20,1.00
2008.04.30 06:12:41.406,1.9637,1.96375,1.20,0.90
2008.04.30 06:12:41.462,1.9637,1.96375,1.20,0.90
2008.04.30 06:12:41.708,1.9637,1.96375,1.20,2.50
2008.04.30 06:12:41.772,1.9637,1.96375,1.20,2.50
2008.04.30 06:12:42.247,1.9637,1.96375,0.40,1.70
2008.04.30 06:12:42.830,1.9637,1.96375,0.40,1.60
2008.04.30 06:12:42.990,1.9637,1.96385,0.40,0.80
2008.04.30 06:12:43.041,1.9637,1.96385,0.40,0.80
2008.04.30 06:12:46.051,1.9637,1.9638,0.40,0.80
2008.04.30 06:12:48.146,1.9637,1.9639,0.70,4.10
2008.04.30 06:12:48.332,1.96375,1.9639,0.80,4.00
2008.04.30 06:12:48.543,1.9638,1.964,0.80,5.60
2008.04.30 06:12:49.020,1.9638,1.964,0.70,4.00
2008.04.30 06:12:50.270,1.9638,1.9639,0.80,0.80
2008.04.30 06:13:03.386,1.96385,1.9639,0.80,0.80
2008.04.30 06:13:03.583,1.96385,1.9639,0.70,0.80
2008.04.30 06:13:03.811,1.96385,1.9639,0.80,0.80
2008.04.30 06:13:03.976,1.9638,1.9639,3.20,0.80
2008.04.30 06:13:04.016,1.9638,1.9639,2.80,0.80
2008.04.30 06:13:04.106,1.9638,1.9639,2.30,0.80
2008.04.30 06:13:04.146,1.9638,1.9639,0.80,0.80
2008.04.30 06:13:04.552,1.9638,1.96385,0.80,0.80
2008.04.30 06:13:06.884,1.96385,1.964,0.80,14.00
2008.04.30 06:13:07.114,1.96385,1.964,1.20,8.00
2008.04.30 06:13:07.531,1.9639,1.9641,0.80,8.00
2008.04.30 06:13:08.109,1.9639,1.96395,0.80,1.70
2008.04.30 06:13:09.625,1.9639,1.96395,0.80,1.70
2008.04.30 06:13:11.427,1.9639,1.964,0.80,9.70
2008.04.30 06:13:14.174,1.9639,1.964,0.80,1.70
2008.04.30 06:13:15.389,1.9637,1.9638,2.80,0.20
2008.04.30 06:13:15.490,1.9636,1.9638,23.70,1.70
2008.04.30 06:13:15.710,1.9637,1.9638,0.80,3.30
2008.04.30 06:13:15.950,1.9637,1.9638,0.80,3.20
2008.04.30 06:13:16.046,1.9637,1.9638,1.20,3.20
2008.04.30 06:13:16.140,1.9637,1.9638,0.50,1.60
2008.04.30 06:13:16.235,1.9638,1.9639,0.80,4.10
2008.04.30 06:13:16.482,1.9637,1.96385,1.70,0.80
2008.04.30 06:13:16.579,1.9637,1.96385,0.80,0.80
2008.04.30 06:13:16.921,1.9637,1.9639,0.80,4.10
2008.04.30 06:13:18.392,1.9637,1.9638,0.80,0.20
2008.04.30 06:13:18.464,1.9637,1.9638,0.80,1.70
2008.04.30 06:13:18.519,1.9637,1.9638,0.80,3.30
2008.04.30 06:13:27.441,1.9637,1.96375,0.80,0.20
2008.04.30 06:13:27.659,1.9637,1.96375,0.80,1.70
2008.04.30 06:13:29.186,1.96365,1.96375,1.00,1.70
2008.04.30 06:13:29.252,1.9636,1.96375,5.20,1.70
2008.04.30 06:13:30.092,1.9636,1.96375,3.50,1.70
2008.04.30 06:13:32.964,1.9636,1.96375,1.10,1.60
2008.04.30 06:13:33.246,1.9636,1.9638,1.90,4.10
2008.04.30 06:13:33.735,1.9636,1.96375,0.90,0.80
2008.04.30 06:13:34.075,1.9636,1.9637,4.20,1.70
2008.04.30 06:13:34.257,1.9636,1.9637,1.10,4.10
2008.04.30 06:13:34.617,1.9636,1.9637,0.60,4.10
2008.04.30 06:13:35.916,1.9636,1.9637,0.70,4.10
2008.04.30 06:13:36.532,1.9635,1.9637,2.00,12.10
2008.04.30 06:13:36.585,1.9635,1.96355,1.20,0.80
2008.04.30 06:13:36.900,1.9634,1.96355,0.80,0.80
2008.04.30 06:13:37.059,1.9634,1.9637,0.80,12.10
2008.04.30 06:13:37.262,1.9634,1.96355,0.80,0.80
2008.04.30 06:13:37.575,1.9634,1.9637,0.80,12.10
2008.04.30 06:13:37.882,1.9634,1.96355,0.80,0.80
2008.04.30 06:13:38.087,1.9634,1.9637,0.80,12.10
2008.04.30 06:13:38.568,1.9634,1.9637,0.80,4.10
2008.04.30 06:13:38.702,1.9634,1.9637,2.20,3.30
2008.04.30 06:13:38.838,1.9635,1.9637,0.80,3.30
2008.04.30 06:13:38.973,1.9635,1.96365,0.80,0.20
2008.04.30 06:13:39.245,1.9634,1.96365,1.00,1.70
2008.04.30 06:13:39.515,1.9634,1.96365,1.20,1.70
2008.04.30 06:13:40.057,1.9634,1.96365,0.80,0.20
2008.04.30 06:13:40.465,1.9634,1.9637,3.30,5.70
2008.04.30 06:13:40.671,1.9635,1.96355,0.80,0.80
2008.04.30 06:13:41.034,1.9635,1.96355,1.60,0.80
2008.04.30 06:13:41.130,1.9635,1.96365,0.90,0.80
2008.04.30 06:13:41.224,1.9635,1.96365,0.70,0.80
2008.04.30 06:13:41.598,1.9635,1.9637,2.30,0.80
2008.04.30 06:13:42.036,1.9635,1.9637,1.70,0.80
2008.04.30 06:13:43.004,1.9636,1.9637,0.80,0.80
2008.04.30 06:13:43.122,1.9635,1.9637,3.20,0.80
2008.04.30 06:13:43.595,1.9635,1.96365,1.90,0.80
2008.04.30 06:13:45.565,1.9635,1.96365,2.40,0.80
2008.04.30 06:13:47.184,1.9635,1.9637,2.40,0.80
2008.04.30 06:13:47.534,1.9635,1.9637,1.10,0.80
2008.04.30 06:13:47.802,1.9635,1.9637,2.40,0.80
2008.04.30 06:13:47.954,1.96355,1.9637,0.80,0.80
2008.04.30 06:13:48.510,1.9635,1.9637,0.70,0.80
2008.04.30 06:13:48.650,1.96345,1.9637,0.80,0.80
2008.04.30 06:13:49.942,1.96355,1.9637,0.80,0.80
2008.04.30 06:13:54.012,1.9635,1.9637,1.80,0.90
2008.04.30 06:13:54.069,1.9635,1.9637,1.40,1.70
2008.04.30 06:13:54.143,1.9635,1.9637,0.60,1.70
2008.04.30 06:13:54.173,1.9634,1.9637,1.50,3.30
2008.04.30 06:13:54.271,1.9634,1.9637,2.90,3.30
2008.04.30 06:13:54.337,1.9634,1.9637,3.10,4.90
2008.04.30 06:13:54.506,1.9634,1.9637,0.50,5.40
2008.04.30 06:13:54.591,1.9634,1.9637,1.00,7.80
2008.04.30 06:13:54.676,1.9634,1.9637,2.80,7.80
2008.04.30 06:13:54.760,1.9634,1.9637,0.60,7.80
2008.04.30 06:13:55.525,1.9635,1.9637,0.80,7.00
2008.04.30 06:13:55.610,1.9635,1.9637,0.80,9.40
2008.04.30 06:13:55.888,1.9635,1.9637,0.80,10.20
2008.04.30 06:13:56.066,1.9635,1.9636,0.80,0.80
2008.04.30 06:13:57.616,1.9635,1.96365,0.80,0.80
2008.04.30 06:13:58.985,1.9635,1.96365,4.00,0.80
2008.04.30 06:13:59.101,1.9637,1.96375,1.60,2.60
2008.04.30 06:13:59.216,1.9637,1.96375,3.20,2.20
2008.04.30 06:13:59.564,1.9635,1.9637,4.80,3.60
2008.04.30 06:13:59.678,1.9635,1.9637,7.60,0.80
2008.04.30 06:13:59.957,1.9635,1.9637,9.60,0.80
2008.04.30 06:14:00.098,1.9636,1.9637,0.80,0.80
2008.04.30 06:14:00.790,1.9637,1.9639,2.40,9.70
2008.04.30 06:14:01.291,1.9637,1.9639,4.00,9.70
2008.04.30 06:14:02.986,1.9637,1.9639,5.60,9.70
2008.04.30 06:14:04.391,1.9637,1.9639,4.00,9.70
2008.04.30 06:14:04.539,1.9636,1.9637,0.80,0.80
2008.04.30 06:14:05.700,1.9636,1.96365,0.80,0.80
2008.04.30 06:14:08.771,1.9636,1.9637,0.80,0.80
2008.04.30 06:14:10.389,1.9636,1.9637,2.40,0.80
2008.04.30 06:14:10.685,1.9636,1.9637,3.20,0.80
2008.04.30 06:14:13.143,1.9636,1.9637,7.20,0.80
2008.04.30 06:14:18.096,1.9636,1.9637,4.80,0.80
2008.04.30 06:14:20.154,1.9636,1.9637,0.80,0.80
2008.04.30 06:14:23.034,1.96365,1.9637,0.80,0.80
2008.04.30 06:14:23.227,1.96365,1.96375,0.80,0.80
2008.04.30 06:14:28.536,1.9637,1.96375,0.80,0.80
2008.04.30 06:14:28.858,1.9637,1.9638,0.80,0.80
2008.04.30 06:14:32.184,1.9637,1.9638,1.60,0.80
2008.04.30 06:14:33.627,1.9637,1.9638,0.80,0.80
2008.04.30 06:14:34.360,1.9637,1.9638,1.60,0.80
2008.04.30 06:14:34.738,1.9637,1.96375,1.60,0.80
2008.04.30 06:14:36.037,1.9637,1.96375,0.80,0.80
2008.04.30 06:14:38.315,1.9637,1.96375,1.60,0.80
2008.04.30 06:14:40.519,1.9637,1.96375,0.80,0.80
2008.04.30 06:14:43.677,1.9637,1.9638,0.80,0.80
2008.04.30 06:14:45.284,1.9637,1.9638,1.60,0.80
2008.04.30 06:14:46.850,1.9637,1.96375,1.60,0.80
2008.04.30 06:14:49.904,1.9637,1.9638,1.60,0.80
2008.04.30 06:14:51.296,1.9637,1.9638,0.80,0.80
2008.04.30 06:14:52.017,1.9637,1.9638,1.60,0.80
2008.04.30 06:14:53.614,1.9637,1.9638,2.40,0.80
2008.04.30 06:14:53.694,1.9637,1.96385,4.80,0.80
2008.04.30 06:14:53.968,1.9637,1.96385,6.80,0.80
2008.04.30 06:14:54.095,1.96375,1.96385,0.80,0.80
2008.04.30 06:14:54.588,1.9637,1.96385,9.60,0.80
2008.04.30 06:14:54.718,1.9637,1.96375,4.40,0.80
2008.04.30 06:14:54.815,1.9637,1.96375,2.40,0.80
2008.04.30 06:14:55.172,1.96365,1.96375,0.80,0.80
2008.04.30 06:14:57.054,1.9637,1.96375,0.80,0.80
2008.04.30 06:14:57.233,1.9637,1.96375,2.40,0.80
2008.04.30 06:14:57.322,1.9637,1.9638,2.40,0.80
2008.04.30 06:14:57.411,1.9637,1.9638,4.40,0.80
2008.04.30 06:14:57.702,1.9637,1.9638,4.80,0.80
2008.04.30 06:14:57.792,1.9637,1.9638,7.20,0.80
2008.04.30 06:15:00.596,1.96375,1.9638,0.80,0.80
2008.04.30 06:15:01.115,1.9638,1.964,0.80,17.80
2008.04.30 06:15:02.039,1.96375,1.9638,0.80,0.80
2008.04.30 06:15:05.436,1.96375,1.96385,0.80,0.80
2008.04.30 06:15:08.697,1.96375,1.9639,0.80,0.80
2008.04.30 06:15:09.733,1.96375,1.96385,0.80,0.80
2008.04.30 06:15:12.502,1.96375,1.9638,0.80,0.80
2008.04.30 06:15:12.802,1.96375,1.96385,0.80,0.80
2008.04.30 06:15:13.558,1.96375,1.96395,0.80,0.80
2008.04.30 06:15:13.798,1.9637,1.96395,7.60,0.90
2008.04.30 06:15:13.917,1.9637,1.96395,4.00,2.50
2008.04.30 06:15:14.432,1.96365,1.9638,0.80,0.80
2008.04.30 06:15:16.148,1.9637,1.9638,4.00,0.80
2008.04.30 06:15:16.370,1.9637,1.96395,4.00,2.50
2008.04.30 06:15:16.570,1.9637,1.96395,4.00,1.70
2008.04.30 06:15:16.744,1.96365,1.96395,0.80,1.70
2008.04.30 06:15:17.325,1.9637,1.96395,3.20,1.60
2008.04.30 06:15:17.648,1.96375,1.964,0.80,18.00
2008.04.30 06:15:17.985,1.96375,1.964,0.80,16.40
2008.04.30 06:15:19.532,1.96375,1.964,0.80,17.40
2008.04.30 06:15:19.873,1.96375,1.9638,0.80,0.80
2008.04.30 06:15:20.578,1.96375,1.96385,0.80,0.80
2008.04.30 06:15:20.758,1.9638,1.96385,0.80,0.80
2008.04.30 06:15:21.881,1.9638,1.96395,0.80,0.80
2008.04.30 06:15:23.940,1.9638,1.96385,0.80,0.80
2008.04.30 06:15:25.111,1.9637,1.96385,12.80,0.80
2008.04.30 06:15:25.291,1.9637,1.96385,7.20,0.80
2008.04.30 06:15:25.767,1.9637,1.9638,7.20,0.80
2008.04.30 06:15:27.795,1.9637,1.96385,7.20,0.80
2008.04.30 06:15:28.009,1.9637,1.9638,7.20,0.80
2008.04.30 06:15:36.188,1.9637,1.9638,6.40,0.80
2008.04.30 06:15:36.234,1.9637,1.9638,5.60,0.80
2008.04.30 06:15:36.281,1.9637,1.9638,5.20,0.80
2008.04.30 06:15:36.326,1.9637,1.9638,2.00,0.80
2008.04.30 06:15:36.373,1.9637,1.96375,2.00,0.80
2008.04.30 06:15:36.558,1.96365,1.96375,0.80,0.80
2008.04.30 06:15:36.621,1.9636,1.96375,11.20,0.80
2008.04.30 06:15:36.773,1.9636,1.96375,9.60,0.80
2008.04.30 06:15:38.151,1.96365,1.96375,0.80,0.80
2008.04.30 06:15:38.467,1.96365,1.9638,0.80,0.80
2008.04.30 06:15:38.526,1.9637,1.9638,2.00,0.80
2008.04.30 06:15:38.699,1.9637,1.9638,5.20,0.80
2008.04.30 06:15:38.759,1.9637,1.9638,5.60,0.80
2008.04.30 06:15:40.402,1.9637,1.9638,3.60,0.80
2008.04.30 06:15:40.755,1.9637,1.9638,3.20,0.80
2008.04.30 06:15:40.835,1.9636,1.9638,13.60,0.80
2008.04.30 06:15:41.338,1.9636,1.9638,17.60,0.80
2008.04.30 06:15:42.176,1.9636,1.9638,16.80,0.80
2008.04.30 06:15:43.158,1.96365,1.9638,0.80,0.80
2008.04.30 06:15:43.664,1.9637,1.9638,0.80,0.80
2008.04.30 06:15:43.746,1.9637,1.9638,1.20,0.80
2008.04.30 06:15:43.826,1.9637,1.9638,5.20,0.80
2008.04.30 06:15:43.906,1.9637,1.9638,7.20,0.80
2008.04.30 06:15:44.174,1.9637,1.9638,6.40,0.80
2008.04.30 06:15:44.240,1.9637,1.9638,5.60,0.80
2008.04.30 06:15:44.704,1.96365,1.9637,0.60,0.20
2008.04.30 06:15:44.781,1.96365,1.9637,0.60,4.90
2008.04.30 06:15:44.835,1.9636,1.9637,7.20,5.40
2008.04.30 06:15:44.899,1.9637,1.96375,2.00,5.50
2008.04.30 06:15:45.251,1.9637,1.96375,1.60,6.20
2008.04.30 06:15:45.471,1.9637,1.96375,5.60,5.70
2008.04.30 06:15:45.703,1.9636,1.9637,0.80,0.80
2008.04.30 06:15:45.924,1.9636,1.96375,6.80,1.60
2008.04.30 06:15:46.144,1.9636,1.96375,8.80,0.80
2008.04.30 06:15:46.684,1.9637,1.96375,0.80,0.80
2008.04.30 06:15:47.199,1.9636,1.96375,13.60,0.80
2008.04.30 06:15:47.340,1.9636,1.96375,9.60,0.80
2008.04.30 06:15:47.618,1.9636,1.96375,8.80,0.80
2008.04.30 06:15:47.768,1.9636,1.96375,3.60,0.80
2008.04.30 06:15:47.829,1.9636,1.96375,2.00,0.80
2008.04.30 06:15:47.890,1.9636,1.9637,2.00,0.80
2008.04.30 06:15:47.981,1.96355,1.9637,0.80,0.80
2008.04.30 06:15:48.550,1.96355,1.96365,0.80,0.80
2008.04.30 06:15:49.182,1.9636,1.96365,0.80,0.80
2008.04.30 06:15:49.301,1.9636,1.96365,1.60,0.80
2008.04.30 06:15:49.361,1.9636,1.9637,6.00,0.80
2008.04.30 06:15:49.837,1.9636,1.9637,8.40,0.80
2008.04.30 06:15:49.998,1.9636,1.9637,8.80,0.80
2008.04.30 06:15:50.188,1.96365,1.9637,0.80,0.80
2008.04.30 06:15:50.506,1.96365,1.96375,0.80,0.80
2008.04.30 06:15:50.620,1.9637,1.96375,2.00,0.80
2008.04.30 06:15:50.874,1.9637,1.96375,5.20,0.80
2008.04.30 06:15:50.989,1.9637,1.96375,5.60,0.80
2008.04.30 06:15:51.105,1.96365,1.9637,1.20,0.80
2008.04.30 06:15:51.410,1.9637,1.96375,5.60,0.80
2008.04.30 06:15:51.925,1.9637,1.9638,5.60,0.80
2008.04.30 06:15:55.734,1.9637,1.9638,5.20,0.80
2008.04.30 06:15:55.803,1.9637,1.9638,2.00,0.80
2008.04.30 06:15:56.026,1.96365,1.96375,0.80,0.80
2008.04.30 06:15:57.053,1.9637,1.96375,2.00,0.80
2008.04.30 06:15:57.131,1.9637,1.9638,2.00,0.80
2008.04.30 06:15:57.224,1.9637,1.9638,5.20,0.80
2008.04.30 06:15:57.265,1.9637,1.9638,5.60,0.80
2008.04.30 06:16:01.014,1.9637,1.96385,5.60,0.80
2008.04.30 06:16:02.823,1.9637,1.96385,5.20,0.80
2008.04.30 06:16:02.863,1.9637,1.9638,2.00,0.80
2008.04.30 06:16:02.998,1.96365,1.9638,0.80,0.80
2008.04.30 06:16:07.788,1.9636,1.9638,17.60,2.50
2008.04.30 06:16:07.856,1.9636,1.9638,13.60,4.90
2008.04.30 06:16:07.927,1.9636,1.9638,12.40,12.60
2008.04.30 06:16:08.110,1.9636,1.9638,1.60,12.60
2008.04.30 06:16:08.224,1.9636,1.96375,1.60,0.80
2008.04.30 06:16:08.340,1.96365,1.96375,0.80,0.80
2008.04.30 06:16:08.464,1.96365,1.9638,0.80,4.10
2008.04.30 06:16:08.569,1.96365,1.9638,0.80,1.70
2008.04.30 06:16:08.887,1.96365,1.9638,0.80,0.20
2008.04.30 06:16:13.563,1.9637,1.9638,2.00,0.20
2008.04.30 06:16:13.854,1.9637,1.9638,2.40,0.20
2008.04.30 06:16:13.909,1.9637,1.9638,5.60,0.20
2008.04.30 06:16:14.278,1.9637,1.9638,6.40,0.20
2008.04.30 06:16:18.117,1.9637,1.9638,4.40,0.20
2008.04.30 06:16:18.566,1.9637,1.9638,6.40,0.20
2008.04.30 06:16:19.660,1.9637,1.9638,5.60,0.20
2008.04.30 06:16:20.691,1.9637,1.9638,6.40,0.20
2008.04.30 06:16:22.245,1.9639,1.964,0.80,26.40
2008.04.30 06:16:22.346,1.96385,1.9639,0.80,1.30
2008.04.30 06:16:22.476,1.9639,1.9641,15.60,5.20
2008.04.30 06:16:22.606,1.9639,1.96415,20.80,0.80
2008.04.30 06:16:22.881,1.9639,1.96395,6.80,0.20
2008.04.30 06:16:23.013,1.9639,1.96395,2.00,0.20
2008.04.30 06:16:23.141,1.9637,1.96385,12.80,0.80
2008.04.30 06:16:23.272,1.9637,1.96385,8.80,0.80
2008.04.30 06:16:23.403,1.9638,1.964,8.00,2.80
2008.04.30 06:16:23.533,1.9638,1.964,8.80,2.80
2008.04.30 06:16:23.667,1.9638,1.964,11.60,2.80
2008.04.30 06:16:23.803,1.9638,1.964,10.80,3.00
2008.04.30 06:16:23.937,1.9638,1.964,2.00,9.40
2008.04.30 06:16:24.213,1.9637,1.964,11.60,9.40
2008.04.30 06:16:24.348,1.9637,1.9639,12.00,2.40
2008.04.30 06:16:24.483,1.9637,1.9639,14.40,2.40
2008.04.30 06:16:24.563,1.9637,1.9639,14.40,3.20
2008.04.30 06:16:24.788,1.9637,1.9639,10.40,3.20
2008.04.30 06:16:24.947,1.9637,1.96385,10.40,0.80
2008.04.30 06:16:25.285,1.9637,1.96385,5.60,0.80
2008.04.30 06:16:25.367,1.9637,1.96385,2.00,0.80
2008.04.30 06:16:25.448,1.9637,1.9638,2.00,0.80
2008.04.30 06:16:25.634,1.96365,1.9638,0.80,0.80
2008.04.30 06:16:25.779,1.9637,1.9638,0.80,0.80
2008.04.30 06:16:26.507,1.9637,1.96375,0.80,0.80
2008.04.30 06:16:27.167,1.9637,1.9638,0.80,0.80
2008.04.30 06:16:27.237,1.9637,1.9638,1.60,0.80
2008.04.30 06:16:27.739,1.9637,1.9638,0.80,0.80
2008.04.30 06:16:27.915,1.96365,1.9638,0.80,0.80
2008.04.30 06:16:29.348,1.9636,1.9638,12.80,0.80
2008.04.30 06:16:29.422,1.9636,1.9638,11.20,0.80
2008.04.30 06:16:29.497,1.9636,1.9638,10.40,0.80
2008.04.30 06:16:31.187,1.9636,1.9638,9.60,0.80
2008.04.30 06:16:31.295,1.9636,1.9638,10.40,0.80
2008.04.30 06:16:31.354,1.9636,1.9638,3.60,0.80
2008.04.30 06:16:31.575,1.9636,1.9638,0.80,0.80
2008.04.30 06:16:33.487,1.9636,1.9637,0.80,0.80
2008.04.30 06:16:34.010,1.9636,1.96365,0.80,0.80
2008.04.30 06:16:35.295,1.9636,1.96365,4.00,0.80
2008.04.30 06:16:35.435,1.96365,1.96375,0.80,0.80
2008.04.30 06:16:38.596,1.9637,1.96375,0.80,0.80
2008.04.30 06:16:45.446,1.96365,1.9637,0.80,0.80
2008.04.30 06:16:48.515,1.9637,1.96375,0.80,0.80
2008.04.30 06:16:50.252,1.9637,1.96375,1.60,0.80
2008.04.30 06:16:50.789,1.9637,1.96375,0.80,0.80
2008.04.30 06:16:50.850,1.9637,1.96375,1.60,0.80
2008.04.30 06:16:50.890,1.9637,1.96375,5.20,0.80
2008.04.30 06:16:51.060,1.9637,1.96375,7.20,0.80
2008.04.30 06:16:51.297,1.9637,1.96375,8.00,0.80
2008.04.30 06:16:52.323,1.9637,1.96375,7.20,0.80
2008.04.30 06:16:52.382,1.9637,1.96375,6.40,0.80
2008.04.30 06:16:54.299,1.9637,1.96375,7.20,0.80
2008.04.30 06:16:55.185,1.9637,1.96375,9.60,0.80
2008.04.30 06:16:55.288,1.9637,1.96375,12.00,0.80
2008.04.30 06:16:55.505,1.9637,1.96375,13.60,0.80
2008.04.30 06:16:56.376,1.96365,1.9637,1.20,0.80
2008.04.30 06:16:57.398,1.9637,1.96375,13.60,0.80
2008.04.30 06:16:58.220,1.9637,1.9639,13.60,0.30
2008.04.30 06:16:58.879,1.9637,1.9639,13.60,8.20
2008.04.30 06:16:58.967,1.9637,1.96375,13.60,0.80
2008.04.30 06:17:01.252,1.9637,1.96375,12.80,0.80
2008.04.30 06:17:02.223,1.96365,1.9637,1.20,0.80
2008.04.30 06:17:02.571,1.9637,1.9638,6.40,8.00
2008.04.30 06:17:02.905,1.9637,1.9639,4.00,3.60
2008.04.30 06:17:03.239,1.9637,1.9638,4.00,0.80
2008.04.30 06:17:03.404,1.9637,1.9638,7.20,0.80
2008.04.30 06:17:03.571,1.9637,1.96385,12.00,0.80
2008.04.30 06:17:04.073,1.9637,1.96375,12.00,0.80
2008.04.30 06:17:04.265,1.9637,1.96375,12.80,0.80
2008.04.30 06:17:04.905,1.9637,1.96375,12.00,0.80
2008.04.30 06:17:05.117,1.9637,1.9638,12.00,0.80
2008.04.30 06:17:05.340,1.9637,1.9638,8.80,0.80
2008.04.30 06:17:05.481,1.9637,1.9638,6.80,0.80
2008.04.30 06:17:05.616,1.9637,1.96375,6.80,0.80
2008.04.30 06:17:05.750,1.9637,1.96375,4.80,0.80
2008.04.30 06:17:07.517,1.96365,1.9637,0.80,0.80
2008.04.30 06:17:09.147,1.9637,1.9639,4.00,8.00
2008.04.30 06:17:09.348,1.96365,1.9637,0.80,0.80
2008.04.30 06:17:10.126,1.96355,1.9636,1.40,0.80
2008.04.30 06:17:10.377,1.96365,1.9637,0.80,0.80
2008.04.30 06:17:10.690,1.96355,1.9636,1.40,0.80
2008.04.30 06:17:12.154,1.96365,1.9637,0.80,0.80
2008.04.30 06:17:14.976,1.96365,1.96375,0.80,0.80
2008.04.30 06:17:16.462,1.96365,1.9638,0.80,0.80
2008.04.30 06:17:16.920,1.96365,1.9639,0.80,2.40
2008.04.30 06:17:18.963,1.96365,1.9638,0.80,0.80
2008.04.30 06:17:21.053,1.96365,1.9637,0.80,0.80
2008.04.30 06:17:22.343,1.96355,1.9636,1.40,0.80
2008.04.30 06:17:23.027,1.96365,1.9637,0.80,0.80
2008.04.30 06:17:27.166,1.96355,1.9636,1.40,0.80
2008.04.30 06:17:28.381,1.9636,1.9638,13.60,10.80
2008.04.30 06:17:28.532,1.9636,1.9638,9.60,2.80
2008.04.30 06:17:28.682,1.9636,1.9637,8.00,0.80
2008.04.30 06:17:28.841,1.9636,1.9637,8.80,0.80
2008.04.30 06:17:28.994,1.9636,1.9637,6.40,0.80
2008.04.30 06:17:29.154,1.9636,1.9637,12.40,0.80
2008.04.30 06:17:29.268,1.9636,1.9637,11.60,0.80
2008.04.30 06:17:29.392,1.9636,1.9637,13.60,0.80
2008.04.30 06:17:29.763,1.9636,1.96375,13.60,0.80
2008.04.30 06:17:29.894,1.9636,1.9637,13.60,0.80
2008.04.30 06:17:30.612,1.9636,1.9637,12.80,0.80
2008.04.30 06:17:31.222,1.9636,1.9637,12.80,1.30
2008.04.30 06:17:31.427,1.96375,1.9638,0.80,1.60
2008.04.30 06:17:31.636,1.96375,1.9638,0.80,1.60
2008.04.30 06:17:31.841,1.96375,1.96385,0.80,0.80
2008.04.30 06:17:32.048,1.9637,1.96375,2.40,0.80
2008.04.30 06:17:32.265,1.96365,1.96375,0.80,0.80
2008.04.30 06:17:32.654,1.96365,1.9637,0.80,0.80
2008.04.30 06:17:32.850,1.96365,1.96375,0.80,0.80
2008.04.30 06:17:33.045,1.96365,1.9637,0.80,0.80
2008.04.30 06:17:33.923,1.96375,1.9638,0.80,4.40
2008.04.30 06:17:34.094,1.96375,1.9638,0.80,4.40
2008.04.30 06:17:34.270,1.96375,1.9638,0.80,2.80
2008.04.30 06:17:34.380,1.9637,1.9638,6.40,2.80
2008.04.30 06:17:34.502,1.9636,1.9638,2.60,2.80
2008.04.30 06:17:34.612,1.9636,1.9637,1.80,0.80
2008.04.30 06:17:34.746,1.9636,1.96375,1.80,0.80
2008.04.30 06:17:34.864,1.96365,1.96375,0.80,0.80
2008.04.30 06:17:35.082,1.96365,1.9638,0.80,11.60
2008.04.30 06:17:35.615,1.96365,1.9637,0.80,0.80
2008.04.30 06:17:35.930,1.96365,1.9638,0.80,3.60
2008.04.30 06:17:36.246,1.96365,1.96375,0.80,0.80
2008.04.30 06:17:37.581,1.96365,1.9638,0.80,0.80
2008.04.30 06:17:38.316,1.9636,1.9638,16.30,0.80
2008.04.30 06:17:38.448,1.9636,1.9638,13.10,0.80
2008.04.30 06:17:38.575,1.9636,1.9638,11.50,0.80
2008.04.30 06:17:39.406,1.9636,1.9638,13.90,0.80
2008.04.30 06:17:42.052,1.96365,1.9638,0.80,0.80
2008.04.30 06:17:42.384,1.9637,1.9638,0.80,0.80
2008.04.30 06:17:42.541,1.9637,1.9638,1.20,0.80
2008.04.30 06:17:42.703,1.9637,1.9638,4.80,0.80
2008.04.30 06:17:42.856,1.9637,1.9638,6.40,0.80
2008.04.30 06:17:42.997,1.9637,1.96375,5.60,0.80
2008.04.30 06:17:45.239,1.9637,1.96375,3.60,0.80
2008.04.30 06:17:45.538,1.96365,1.96375,0.80,0.80
2008.04.30 06:17:45.687,1.96365,1.9637,0.80,0.80
2008.04.30 06:17:46.372,1.96375,1.9639,0.80,18.00
2008.04.30 06:17:46.566,1.9638,1.9639,1.60,4.40
2008.04.30 06:17:46.674,1.9638,1.9639,1.60,3.60
2008.04.30 06:17:46.977,1.9638,1.9639,1.60,3.20
2008.04.30 06:17:47.084,1.9638,1.9639,1.60,0.80
2008.04.30 06:17:48.488,1.9638,1.9639,1.60,1.20
2008.04.30 06:17:48.547,1.9638,1.9639,0.80,10.00
2008.04.30 06:17:48.614,1.9638,1.9639,0.80,12.40
2008.04.30 06:17:48.634,1.9637,1.9639,2.00,16.40
2008.04.30 06:17:48.696,1.96365,1.9637,0.80,0.80
2008.04.30 06:17:48.842,1.96365,1.9637,0.80,0.80
2008.04.30 06:17:48.966,1.9636,1.9637,9.90,0.80
2008.04.30 06:17:49.034,1.9636,1.9637,8.30,0.80
2008.04.30 06:17:49.272,1.9636,1.9637,7.50,0.80
2008.04.30 06:17:49.380,1.9636,1.9637,6.70,0.80
2008.04.30 06:17:49.771,1.9636,1.9637,4.70,0.80
2008.04.30 06:17:49.922,1.9636,1.9637,5.50,0.80
2008.04.30 06:17:50.082,1.9636,1.96375,9.00,0.80
2008.04.30 06:17:50.379,1.9636,1.96375,11.00,0.80
2008.04.30 06:17:50.539,1.9636,1.96375,13.40,0.80
2008.04.30 06:17:50.678,1.9636,1.96375,13.90,0.80
2008.04.30 06:17:51.415,1.9636,1.96375,12.30,0.80
2008.04.30 06:17:52.910,1.9636,1.96375,11.50,0.80
2008.04.30 06:17:53.049,1.9636,1.9637,11.50,0.80
2008.04.30 06:17:53.116,1.9636,1.9637,7.80,0.80
2008.04.30 06:17:53.307,1.9636,1.9637,3.80,0.80
2008.04.30 06:17:53.372,1.9636,1.96375,3.80,0.80
2008.04.30 06:17:53.547,1.9636,1.96375,5.50,0.80
2008.04.30 06:17:53.739,1.9636,1.96375,7.50,0.80
2008.04.30 06:17:53.832,1.9636,1.96375,6.70,0.80
2008.04.30 06:17:54.042,1.9636,1.96375,5.90,0.80
2008.04.30 06:17:54.252,1.9636,1.96375,3.90,0.80
2008.04.30 06:17:54.670,1.9636,1.9637,0.30,0.80
2008.04.30 06:17:55.353,1.9636,1.96375,0.30,0.80
2008.04.30 06:17:55.652,1.9636,1.9637,0.30,0.80
2008.04.30 06:17:57.081,1.9636,1.96375,0.30,0.80
2008.04.30 06:18:01.260,1.9636,1.9638,0.30,6.80
2008.04.30 06:18:01.330,1.9636,1.9638,1.00,5.20
2008.04.30 06:18:01.468,1.96365,1.9638,0.80,5.20
2008.04.30 06:18:01.538,1.96365,1.9638,0.80,2.40
2008.04.30 06:18:01.684,1.96365,1.96385,0.80,0.80
2008.04.30 06:18:02.545,1.9637,1.9639,1.20,5.60
2008.04.30 06:18:02.819,1.9637,1.9639,6.40,1.60
2008.04.30 06:18:03.967,1.9637,1.9639,10.40,1.60
2008.04.30 06:18:04.630,1.9637,1.9639,11.20,1.60
2008.04.30 06:18:05.007,1.9637,1.96385,7.20,0.80
2008.04.30 06:18:05.196,1.9637,1.96385,8.00,0.80
2008.04.30 06:18:05.386,1.9637,1.96385,7.20,0.80
2008.04.30 06:18:05.875,1.9637,1.9639,7.20,1.60
2008.04.30 06:18:06.121,1.96375,1.9639,0.80,1.60
2008.04.30 06:18:06.365,1.96375,1.964,0.80,6.80
2008.04.30 06:18:09.730,1.96375,1.964,5.60,6.80
2008.04.30 06:18:10.441,1.96375,1.964,5.60,6.00
2008.04.30 06:18:10.571,1.9638,1.964,9.20,2.40
2008.04.30 06:18:10.868,1.9638,1.964,11.20,1.60
2008.04.30 06:18:11.174,1.96385,1.96405,0.80,0.80
2008.04.30 06:18:11.916,1.96385,1.9641,0.80,1.60
2008.04.30 06:18:12.418,1.96385,1.96405,0.80,0.80
2008.04.30 06:18:12.761,1.96385,1.9641,0.80,1.60
2008.04.30 06:18:13.548,1.9638,1.9641,21.20,1.70
2008.04.30 06:18:13.753,1.9638,1.9641,19.60,4.90
2008.04.30 06:18:14.734,1.9638,1.9641,18.80,4.10
2008.04.30 06:18:15.424,1.96395,1.9641,0.80,4.00
2008.04.30 06:18:15.600,1.96395,1.9641,0.80,3.20
2008.04.30 06:18:15.730,1.96395,1.9642,0.80,6.80
2008.04.30 06:18:16.655,1.964,1.9642,2.40,3.60
2008.04.30 06:18:16.845,1.964,1.9642,4.40,3.60
2008.04.30 06:18:17.021,1.964,1.9642,7.60,1.20
2008.04.30 06:18:17.105,1.964,1.9642,8.00,0.80
2008.04.30 06:18:17.647,1.964,1.9642,8.00,1.60
2008.04.30 06:18:17.912,1.9641,1.9642,0.80,1.60
2008.04.30 06:18:18.172,1.9641,1.9642,13.20,0.80
2008.04.30 06:18:18.370,1.9641,1.96425,15.20,0.80
2008.04.30 06:18:18.561,1.9642,1.96425,3.60,0.80
2008.04.30 06:18:18.751,1.9642,1.96425,10.80,0.80
2008.04.30 06:18:18.941,1.9642,1.96425,12.80,0.80
2008.04.30 06:18:19.131,1.9642,1.96425,9.60,0.80
2008.04.30 06:18:19.240,1.9642,1.9643,9.60,0.80
2008.04.30 06:18:19.569,1.9642,1.96435,9.60,0.80
2008.04.30 06:18:19.689,1.9642,1.96445,9.60,0.80
2008.04.30 06:18:20.387,1.9643,1.96445,0.80,0.80
2008.04.30 06:18:20.533,1.9643,1.96445,3.20,0.80
2008.04.30 06:18:20.822,1.9643,1.9645,5.20,3.60
2008.04.30 06:18:21.036,1.9643,1.9645,5.60,3.20
2008.04.30 06:18:21.101,1.9643,1.9645,8.80,0.80
2008.04.30 06:18:22.534,1.96425,1.9643,0.60,8.00
2008.04.30 06:18:22.598,1.9643,1.9644,6.00,0.20
2008.04.30 06:18:22.665,1.9643,1.9644,2.00,0.20
2008.04.30 06:18:22.729,1.9642,1.9643,2.40,8.00
2008.04.30 06:18:22.794,1.96405,1.9641,0.80,0.80
2008.04.30 06:18:23.397,1.9642,1.9643,0.80,8.00
2008.04.30 06:18:23.565,1.96415,1.9643,0.80,8.00
2008.04.30 06:18:23.652,1.9642,1.9643,2.40,8.00
2008.04.30 06:18:23.736,1.9641,1.96415,10.80,0.80
2008.04.30 06:18:23.924,1.9643,1.96445,0.80,1.90
2008.04.30 06:18:24.115,1.9642,1.9643,3.20,8.00
2008.04.30 06:18:24.284,1.9642,1.96445,3.20,2.40
2008.04.30 06:18:24.424,1.9642,1.96445,3.20,0.80
2008.04.30 06:18:24.545,1.9642,1.9644,3.20,8.00
2008.04.30 06:18:24.676,1.9642,1.9644,0.80,8.00
2008.04.30 06:18:24.806,1.9642,1.9643,0.80,1.20
2008.04.30 06:18:24.936,1.9642,1.9643,0.80,1.90
2008.04.30 06:18:25.067,1.96415,1.9643,0.80,1.90
2008.04.30 06:18:25.196,1.96415,1.9643,0.80,1.10
2008.04.30 06:18:25.326,1.96415,1.9643,0.80,1.90
2008.04.30 06:18:25.581,1.9641,1.9643,2.40,9.90
2008.04.30 06:18:25.836,1.96405,1.9641,0.80,0.80
2008.04.30 06:18:26.091,1.9641,1.9643,0.80,9.10
2008.04.30 06:18:26.346,1.9641,1.9642,0.80,0.80
2008.04.30 06:18:26.511,1.96405,1.9642,0.80,0.80
2008.04.30 06:18:26.941,1.96415,1.9642,0.80,0.80
2008.04.30 06:18:27.115,1.9641,1.9642,3.20,0.80
2008.04.30 06:18:27.352,1.9641,1.9643,3.20,0.20
2008.04.30 06:18:27.460,1.9642,1.9643,0.80,0.20
2008.04.30 06:18:27.599,1.9642,1.9643,0.80,0.90
2008.04.30 06:18:27.677,1.9642,1.9643,3.20,0.90
2008.04.30 06:18:28.895,1.96415,1.9642,0.80,0.80
2008.04.30 06:18:29.414,1.9641,1.9642,7.20,0.80
2008.04.30 06:18:29.707,1.9641,1.9642,3.20,0.80
2008.04.30 06:18:30.461,1.9641,1.9642,2.40,0.80
2008.04.30 06:18:30.551,1.96405,1.9642,0.80,0.80
2008.04.30 06:18:30.909,1.96405,1.9643,0.80,1.00
2008.04.30 06:18:31.940,1.96405,1.9642,0.80,0.80
2008.04.30 06:18:32.040,1.964,1.9642,18.40,0.80
2008.04.30 06:18:32.140,1.964,1.9642,11.20,0.80
2008.04.30 06:18:32.239,1.964,1.9642,8.40,0.80
2008.04.30 06:18:32.618,1.964,1.9642,6.00,3.20
2008.04.30 06:18:32.727,1.964,1.9642,6.40,3.60
2008.04.30 06:18:35.424,1.964,1.96405,6.40,0.20
2008.04.30 06:18:35.608,1.964,1.96405,1.60,0.20
2008.04.30 06:18:35.699,1.964,1.96405,0.80,0.20
2008.04.30 06:18:35.788,1.964,1.96405,0.80,1.70
2008.04.30 06:18:35.976,1.9639,1.96395,4.00,0.20
2008.04.30 06:18:36.246,1.9638,1.96395,4.80,1.70
2008.04.30 06:18:36.334,1.9638,1.96395,4.00,1.70
2008.04.30 06:18:36.685,1.9638,1.96395,4.00,1.60
2008.04.30 06:18:36.870,1.9638,1.96395,4.00,0.80
2008.04.30 06:18:37.035,1.96385,1.96395,0.80,0.80
2008.04.30 06:18:37.394,1.96385,1.964,0.80,0.80
2008.04.30 06:18:37.501,1.964,1.9641,0.80,1.60
2008.04.30 06:18:38.252,1.96395,1.964,0.80,0.80
2008.04.30 06:18:41.835,1.96385,1.9639,0.90,0.80
2008.04.30 06:18:43.267,1.9641,1.9642,0.60,9.60
2008.04.30 06:18:43.580,1.964,1.9642,4.00,9.60
2008.04.30 06:18:44.082,1.964,1.96405,4.00,0.80
2008.04.30 06:18:44.176,1.96395,1.96405,0.80,0.80
2008.04.30 06:18:44.441,1.96395,1.964,0.80,0.80
2008.04.30 06:18:44.613,1.96405,1.9642,0.80,8.00
2008.04.30 06:18:44.951,1.96405,1.9641,0.80,0.80
2008.04.30 06:18:45.123,1.9641,1.96415,0.80,0.80
2008.04.30 06:18:45.850,1.9641,1.9643,0.80,2.60
2008.04.30 06:18:46.099,1.96405,1.9641,0.80,0.20
2008.04.30 06:18:46.976,1.96405,1.9641,0.80,0.20
2008.04.30 06:18:50.234,1.9641,1.96425,0.80,0.80
2008.04.30 06:18:53.606,1.96405,1.96425,0.80,0.80
2008.04.30 06:18:53.991,1.964,1.96425,16.80,0.80
2008.04.30 06:18:54.081,1.964,1.96425,14.40,0.80
2008.04.30 06:18:54.171,1.964,1.96425,7.20,0.80
2008.04.30 06:18:54.348,1.964,1.9642,7.20,0.80
2008.04.30 06:18:54.517,1.964,1.9641,6.40,0.20
2008.04.30 06:18:54.695,1.964,1.9641,3.60,0.20
2008.04.30 06:18:54.784,1.964,1.9641,2.00,0.20
2008.04.30 06:18:54.923,1.964,1.9641,2.00,1.70
2008.04.30 06:18:54.992,1.9638,1.9641,7.50,1.70
2008.04.30 06:18:55.061,1.96385,1.9641,0.80,9.60
2008.04.30 06:18:55.321,1.96385,1.96405,0.80,0.80
2008.04.30 06:18:55.561,1.96405,1.9641,0.80,8.00
2008.04.30 06:18:55.841,1.96405,1.9642,0.80,3.20
2008.04.30 06:18:56.131,1.96405,1.9642,0.80,2.40
2008.04.30 06:18:56.420,1.96405,1.9642,0.80,1.60
2008.04.30 06:18:56.659,1.96405,1.9642,0.80,0.80
2008.04.30 06:18:57.186,1.96405,1.9643,0.80,8.40
2008.04.30 06:18:58.056,1.964,1.9643,10.40,8.60
2008.04.30 06:18:58.200,1.964,1.9643,7.20,10.20
2008.04.30 06:18:58.347,1.964,1.9643,7.20,11.80
2008.04.30 06:18:58.491,1.96405,1.9643,0.80,11.60
2008.04.30 06:18:58.780,1.96405,1.9643,0.80,7.60
2008.04.30 06:18:58.924,1.96405,1.9643,0.80,6.00
2008.04.30 06:18:59.238,1.96405,1.9643,4.80,6.00
2008.04.30 06:18:59.406,1.96405,1.96425,4.80,0.80
2008.04.30 06:19:06.109,1.96405,1.96425,0.80,0.80
2008.04.30 06:19:06.346,1.96405,1.9642,0.80,0.80
2008.04.30 06:19:07.302,1.96405,1.96425,0.80,0.80
2008.04.30 06:19:08.680,1.9641,1.96425,0.80,0.80
2008.04.30 06:19:09.221,1.9641,1.9642,0.80,0.80
2008.04.30 06:19:09.738,1.9641,1.96425,0.80,0.80
2008.04.30 06:19:13.244,1.9641,1.9642,0.80,0.80
2008.04.30 06:19:14.780,1.964,1.9642,12.00,0.80
2008.04.30 06:19:14.839,1.964,1.96415,12.00,0.80
2008.04.30 06:19:15.081,1.964,1.96415,6.40,0.80
2008.04.30 06:19:15.136,1.964,1.96415,6.00,0.80
2008.04.30 06:19:15.191,1.964,1.9642,3.60,0.80
2008.04.30 06:19:15.873,1.964,1.96415,3.60,0.80
2008.04.30 06:19:16.048,1.964,1.96415,2.80,0.80
2008.04.30 06:19:17.092,1.964,1.9641,2.80,0.80
2008.04.30 06:19:17.393,1.964,1.96415,2.80,0.80
2008.04.30 06:19:20.116,1.964,1.96415,3.60,0.80
2008.04.30 06:19:20.238,1.964,1.96415,7.60,0.80
2008.04.30 06:19:20.472,1.964,1.96415,5.60,0.80
2008.04.30 06:19:20.674,1.964,1.96415,1.60,2.40
2008.04.30 06:19:20.982,1.964,1.96415,1.60,0.80
2008.04.30 06:19:21.124,1.964,1.96415,2.40,0.80
2008.04.30 06:19:21.315,1.9641,1.96415,0.80,0.80
2008.04.30 06:19:23.771,1.9641,1.9642,0.80,0.80
2008.04.30 06:19:26.051,1.9641,1.9642,1.60,0.80
2008.04.30 06:19:26.153,1.9641,1.9642,4.00,0.80
2008.04.30 06:19:26.275,1.9641,1.96425,4.00,0.80
2008.04.30 06:19:26.354,1.9641,1.96425,6.00,0.80
2008.04.30 06:19:26.668,1.9641,1.96425,6.00,2.40
2008.04.30 06:19:29.055,1.9641,1.96425,6.80,1.60
2008.04.30 06:19:29.075,1.96415,1.96425,0.80,1.60
2008.04.30 06:19:29.262,1.9642,1.96425,4.80,1.60
2008.04.30 06:19:29.690,1.9641,1.96425,9.20,1.60
2008.04.30 06:19:29.716,1.9641,1.96425,10.00,1.60
2008.04.30 06:19:30.234,1.9641,1.96425,8.40,1.60
2008.04.30 06:19:30.522,1.9641,1.96425,8.40,2.40
2008.04.30 06:19:31.630,1.9641,1.96425,6.00,2.40
2008.04.30 06:19:31.903,1.9641,1.9642,6.00,0.80
2008.04.30 06:19:32.918,1.9641,1.96425,6.00,2.40
2008.04.30 06:19:33.111,1.9641,1.96425,5.20,2.40
2008.04.30 06:19:33.227,1.9641,1.96425,3.60,2.40
2008.04.30 06:19:33.306,1.9641,1.9642,3.60,2.40
2008.04.30 06:19:33.387,1.9641,1.9642,3.60,2.80
2008.04.30 06:19:33.468,1.9641,1.9642,1.60,3.60
2008.04.30 06:19:34.470,1.9641,1.96415,1.60,0.80
2008.04.30 06:19:34.699,1.9641,1.9642,1.60,3.60
2008.04.30 06:19:36.332,1.9641,1.96415,0.80,0.80
2008.04.30 06:19:38.682,1.96405,1.96415,0.80,0.80
2008.04.30 06:19:38.752,1.96405,1.9641,0.80,0.80
2008.04.30 06:19:38.822,1.9641,1.9643,0.80,14.00
2008.04.30 06:19:39.265,1.9641,1.96415,0.80,0.80
2008.04.30 06:19:39.761,1.964,1.9641,10.00,0.80
2008.04.30 06:19:40.336,1.9641,1.96415,0.80,0.80
2008.04.30 06:19:40.484,1.964,1.9641,10.00,0.80
2008.04.30 06:19:42.853,1.9641,1.96415,0.80,0.80
2008.04.30 06:19:47.182,1.96405,1.96415,0.80,0.80
2008.04.30 06:19:49.160,1.96405,1.9641,0.80,0.80
2008.04.30 06:19:52.093,1.964,1.9641,15.20,0.80
2008.04.30 06:19:52.249,1.964,1.9641,14.00,2.80
2008.04.30 06:19:52.441,1.964,1.9641,3.20,5.20
2008.04.30 06:19:52.632,1.964,1.9641,4.00,5.20
2008.04.30 06:19:52.822,1.9641,1.96415,0.80,0.60
2008.04.30 06:19:53.013,1.9641,1.9642,0.80,8.80
2008.04.30 06:19:56.192,1.964,1.9641,8.80,0.80
2008.04.30 06:19:56.353,1.964,1.9642,6.00,8.00
2008.04.30 06:19:58.635,1.9641,1.9642,0.80,8.00
2008.04.30 06:19:58.678,1.9641,1.9642,1.60,8.00
2008.04.30 06:19:59.189,1.964,1.9642,19.20,8.00
2008.04.30 06:19:59.682,1.96405,1.9642,0.80,8.00
2008.04.30 06:19:59.726,1.9641,1.9642,0.80,8.00
2008.04.30 06:20:00.223,1.96395,1.964,0.60,0.80
2008.04.30 06:20:00.366,1.964,1.9642,6.40,16.10
2008.04.30 06:20:00.445,1.964,1.9642,4.40,16.10
2008.04.30 06:20:00.712,1.964,1.9642,1.20,18.50
2008.04.30 06:20:00.849,1.964,1.9641,0.80,1.60
2008.04.30 06:20:02.147,1.964,1.9641,1.60,1.60
2008.04.30 06:20:02.227,1.964,1.9642,3.20,23.60
2008.04.30 06:20:02.307,1.964,1.9642,8.80,22.00
2008.04.30 06:20:02.387,1.964,1.9642,12.00,19.60
2008.04.30 06:20:02.471,1.964,1.9641,12.40,0.80
2008.04.30 06:20:02.552,1.964,1.9641,10.00,0.80
2008.04.30 06:20:02.631,1.964,1.9641,12.00,0.80
2008.04.30 06:20:02.712,1.964,1.96415,12.00,0.80
2008.04.30 06:20:06.291,1.964,1.96415,11.20,0.80
2008.04.30 06:20:06.504,1.964,1.9642,11.20,2.40
2008.04.30 06:20:06.952,1.964,1.96415,11.20,0.80
2008.04.30 06:20:07.969,1.964,1.9641,11.20,0.80
2008.04.30 06:20:10.714,1.964,1.96415,11.20,0.80
2008.04.30 06:20:11.319,1.964,1.96415,13.60,0.80
2008.04.30 06:20:11.531,1.964,1.9642,13.60,2.40
2008.04.30 06:20:11.761,1.964,1.9642,13.60,10.40
2008.04.30 06:20:12.048,1.964,1.9641,13.60,0.80
2008.04.30 06:20:15.266,1.964,1.9641,11.20,0.80
2008.04.30 06:20:15.811,1.964,1.9641,13.60,0.80
2008.04.30 06:20:15.921,1.964,1.96415,13.60,0.80
2008.04.30 06:20:16.166,1.964,1.96415,12.80,0.80
2008.04.30 06:20:16.277,1.964,1.96415,10.00,0.80
2008.04.30 06:20:16.394,1.964,1.96415,2.80,0.80
2008.04.30 06:20:16.719,1.964,1.96415,0.80,0.80
2008.04.30 06:20:17.779,1.964,1.9641,0.80,0.80
2008.04.30 06:20:18.091,1.964,1.96415,0.80,0.80
2008.04.30 06:20:18.612,1.964,1.9641,0.80,0.80
2008.04.30 06:20:19.392,1.964,1.9641,9.20,0.80
2008.04.30 06:20:19.571,1.964,1.9641,12.00,0.80
2008.04.30 06:20:20.947,1.96395,1.964,1.20,0.80
2008.04.30 06:20:21.138,1.96405,1.9642,0.80,8.00
2008.04.30 06:20:21.259,1.9641,1.9642,0.80,8.00
2008.04.30 06:20:21.459,1.96405,1.9641,0.80,0.80
2008.04.30 06:20:21.808,1.964,1.9641,12.00,0.80
2008.04.30 06:20:23.399,1.964,1.96415,12.00,0.80
2008.04.30 06:20:24.751,1.964,1.9641,12.00,0.80
2008.04.30 06:20:25.985,1.964,1.96415,12.00,0.80
2008.04.30 06:20:26.504,1.964,1.9642,12.00,0.80
2008.04.30 06:20:26.872,1.964,1.96425,12.00,2.40
2008.04.30 06:20:27.919,1.964,1.96425,11.20,1.60
2008.04.30 06:20:28.072,1.964,1.96425,11.20,0.80
2008.04.30 06:20:29.231,1.964,1.96425,12.00,0.80
2008.04.30 06:20:31.070,1.964,1.96425,16.00,0.80
2008.04.30 06:20:37.771,1.964,1.96425,14.40,0.90
2008.04.30 06:20:37.843,1.964,1.96425,10.40,0.90
2008.04.30 06:20:37.895,1.964,1.9642,10.40,1.60
2008.04.30 06:20:37.943,1.964,1.9642,6.40,1.60
2008.04.30 06:20:37.988,1.964,1.9642,4.40,1.60
2008.04.30 06:20:38.192,1.964,1.9642,4.40,2.40
2008.04.30 06:20:45.716,1.964,1.9642,5.20,2.40
2008.04.30 06:20:45.812,1.964,1.9642,7.60,2.40
2008.04.30 06:20:45.967,1.964,1.9642,11.60,2.40
2008.04.30 06:20:46.017,1.964,1.9642,13.60,2.40
2008.04.30 06:20:46.067,1.964,1.9642,13.60,0.80
2008.04.30 06:20:46.287,1.964,1.96425,13.60,0.80
2008.04.30 06:20:47.332,1.964,1.9642,12.80,1.60
2008.04.30 06:20:47.362,1.964,1.9642,10.40,1.60
2008.04.30 06:20:47.474,1.964,1.9642,8.40,1.60
2008.04.30 06:20:47.518,1.964,1.9642,4.40,1.60
2008.04.30 06:20:47.600,1.964,1.96415,4.40,0.80
2008.04.30 06:20:51.687,1.964,1.9642,4.40,2.40
2008.04.30 06:20:51.767,1.964,1.9642,5.20,2.40
2008.04.30 06:20:51.852,1.964,1.9642,7.60,2.40
2008.04.30 06:20:51.934,1.964,1.96425,7.60,0.80
2008.04.30 06:20:52.091,1.964,1.96425,9.60,0.80
2008.04.30 06:20:54.135,1.964,1.9642,9.60,0.80
2008.04.30 06:20:56.489,1.964,1.96415,9.60,0.80
2008.04.30 06:20:57.608,1.964,1.9642,9.60,0.80
2008.04.30 06:20:58.030,1.964,1.9643,9.60,21.50
2008.04.30 06:20:58.343,1.964,1.9643,9.60,29.50
2008.04.30 06:20:58.528,1.964,1.96415,9.60,0.80
2008.04.30 06:21:04.712,1.96405,1.96415,0.80,0.80
2008.04.30 06:21:08.752,1.964,1.96415,12.00,0.80
2008.04.30 06:21:08.836,1.964,1.96415,10.40,0.80
2008.04.30 06:21:08.862,1.964,1.96415,11.20,0.80
2008.04.30 06:21:08.876,1.964,1.9641,11.20,0.80
2008.04.30 06:21:08.918,1.964,1.9641,7.20,0.80
2008.04.30 06:21:08.932,1.964,1.9641,8.80,0.80
2008.04.30 06:21:09.200,1.964,1.9641,6.80,0.80
2008.04.30 06:21:09.319,1.9641,1.9642,0.80,1.60
2008.04.30 06:21:09.414,1.964,1.9641,10.00,0.80
2008.04.30 06:21:09.615,1.964,1.9641,12.00,0.80
2008.04.30 06:21:09.784,1.96405,1.9641,0.80,0.80
2008.04.30 06:21:14.839,1.9641,1.9643,0.80,12.50
2008.04.30 06:21:14.970,1.9641,1.96415,0.80,0.80
2008.04.30 06:21:26.476,1.96405,1.9641,0.80,0.80
2008.04.30 06:21:27.809,1.9641,1.96415,1.60,0.80
2008.04.30 06:21:27.975,1.9641,1.9642,4.00,0.80
2008.04.30 06:21:28.175,1.9641,1.9642,6.00,0.80
2008.04.30 06:21:28.621,1.9641,1.9642,9.60,0.80
2008.04.30 06:21:28.771,1.9641,1.9642,8.80,0.80
2008.04.30 06:21:28.921,1.9641,1.9642,7.20,0.80
2008.04.30 06:21:29.073,1.9641,1.96415,6.40,0.80
2008.04.30 06:21:29.223,1.9641,1.96415,3.60,0.80
2008.04.30 06:21:30.008,1.96405,1.9641,1.20,0.80
2008.04.30 06:21:30.724,1.9641,1.96415,3.60,0.80
2008.04.30 06:21:33.278,1.9641,1.9642,3.60,0.80
2008.04.30 06:21:33.882,1.9641,1.9642,3.60,0.90
2008.04.30 06:21:34.004,1.9641,1.9642,3.60,0.20
2008.04.30 06:21:34.492,1.9641,1.9642,3.60,0.90
2008.04.30 06:21:34.732,1.9641,1.9642,3.60,0.20
2008.04.30 06:21:35.213,1.9641,1.96415,3.60,0.80
2008.04.30 06:21:37.384,1.9641,1.96425,3.60,0.80
2008.04.30 06:21:37.881,1.9641,1.9642,3.60,0.80
2008.04.30 06:21:38.400,1.9641,1.9642,4.40,0.80
2008.04.30 06:21:39.237,1.9641,1.9642,6.40,0.80
2008.04.30 06:21:39.924,1.9641,1.96425,6.40,0.80
2008.04.30 06:21:40.144,1.9641,1.9642,6.40,0.80
2008.04.30 06:21:40.539,1.9641,1.96425,6.40,0.80
2008.04.30 06:21:40.799,1.9641,1.96425,7.20,0.80
2008.04.30 06:21:40.944,1.9641,1.96425,8.80,0.80
2008.04.30 06:21:43.409,1.9641,1.9642,8.80,0.80
2008.04.30 06:21:43.547,1.9641,1.9642,11.20,0.80
2008.04.30 06:21:43.962,1.9641,1.96425,11.20,0.80
2008.04.30 06:21:44.111,1.9641,1.96425,8.80,0.80
2008.04.30 06:21:44.426,1.9641,1.96425,11.20,0.80
2008.04.30 06:21:45.539,1.9641,1.96425,8.80,0.80
2008.04.30 06:21:46.393,1.9642,1.96425,0.80,0.80
2008.04.30 06:21:46.758,1.96415,1.9642,0.80,0.80
2008.04.30 06:21:48.310,1.9642,1.96425,0.80,0.80
2008.04.30 06:21:49.735,1.96415,1.9642,0.80,0.80
2008.04.30 06:21:52.354,1.9641,1.9642,13.60,0.80
2008.04.30 06:21:52.611,1.9641,1.9642,9.60,0.80
2008.04.30 06:21:56.413,1.96425,1.9643,0.80,0.10
2008.04.30 06:21:56.592,1.96425,1.9643,0.80,0.80
2008.04.30 06:21:59.454,1.96425,1.9643,0.80,0.10
2008.04.30 06:21:59.775,1.96425,1.96435,0.80,0.80
2008.04.30 06:22:04.256,1.96425,1.9644,0.80,0.80
2008.04.30 06:22:04.450,1.96425,1.9645,0.80,6.00
2008.04.30 06:22:06.518,1.96425,1.9645,5.60,6.00
2008.04.30 06:22:08.031,1.9643,1.9645,4.00,6.00
2008.04.30 06:22:08.220,1.9643,1.9645,7.20,3.60
2008.04.30 06:22:08.316,1.9643,1.9645,7.60,3.20
2008.04.30 06:22:08.411,1.9643,1.9645,3.60,3.20
2008.04.30 06:22:09.370,1.9643,1.9644,3.60,0.80
2008.04.30 06:22:11.109,1.9643,1.9645,3.60,3.20
2008.04.30 06:22:11.630,1.9643,1.9644,3.60,0.80
2008.04.30 06:22:15.708,1.9643,1.96435,3.60,0.80
2008.04.30 06:22:16.647,1.96425,1.96435,0.80,0.80
2008.04.30 06:22:17.958,1.96425,1.9644,0.80,0.80
2008.04.30 06:22:18.012,1.9643,1.9644,5.20,0.80
2008.04.30 06:22:18.134,1.9643,1.9644,6.00,0.80
2008.04.30 06:22:18.183,1.9643,1.9644,8.80,0.80
2008.04.30 06:22:18.331,1.9643,1.9644,12.80,0.80
2008.04.30 06:22:18.534,1.9643,1.9644,10.40,0.80
2008.04.30 06:22:19.136,1.9643,1.9644,5.60,0.80
2008.04.30 06:22:19.336,1.9643,1.9644,3.60,0.80
2008.04.30 06:22:19.537,1.9643,1.9644,5.20,0.80
2008.04.30 06:22:19.737,1.9643,1.9644,11.20,0.80
2008.04.30 06:22:19.936,1.96435,1.9644,0.80,0.80
2008.04.30 06:22:20.077,1.96435,1.96445,0.80,0.80
2008.04.30 06:22:21.077,1.96435,1.96455,0.80,0.80
2008.04.30 06:22:23.480,1.9644,1.96455,0.80,0.80
2008.04.30 06:22:23.555,1.9644,1.96455,5.60,0.80
2008.04.30 06:22:23.630,1.9644,1.9646,5.60,4.40
2008.04.30 06:22:23.813,1.9644,1.9646,7.60,4.60
2008.04.30 06:22:24.072,1.9644,1.9646,11.20,1.70
2008.04.30 06:22:24.389,1.9644,1.9646,11.20,0.90
2008.04.30 06:22:24.892,1.9644,1.9646,10.40,0.90
2008.04.30 06:22:25.116,1.96435,1.9646,5.60,3.80
2008.04.30 06:22:25.332,1.96435,1.9646,5.60,6.20
2008.04.30 06:22:25.787,1.9644,1.9646,4.80,6.20
2008.04.30 06:22:26.002,1.96435,1.9646,5.60,6.00
2008.04.30 06:22:26.613,1.96435,1.9646,0.80,6.00
2008.04.30 06:22:26.739,1.96435,1.96455,0.80,0.80
2008.04.30 06:22:26.865,1.96435,1.9646,0.80,6.00
2008.04.30 06:22:27.183,1.96435,1.96455,0.80,0.80
2008.04.30 06:22:27.588,1.9644,1.96455,5.60,0.80
2008.04.30 06:22:27.785,1.9644,1.9646,7.60,3.60
2008.04.30 06:22:27.981,1.9644,1.9646,8.00,3.20
2008.04.30 06:22:28.176,1.9644,1.9646,11.20,0.70
2008.04.30 06:22:28.488,1.9644,1.9647,14.40,18.80
2008.04.30 06:22:28.800,1.96445,1.9647,0.80,5.20
2008.04.30 06:22:29.124,1.9645,1.9646,1.20,0.80
2008.04.30 06:22:29.320,1.9645,1.9646,6.40,0.80
2008.04.30 06:22:29.710,1.9645,1.96465,5.60,0.80
2008.04.30 06:22:30.817,1.9645,1.9646,5.60,0.20
2008.04.30 06:22:31.257,1.9645,1.9647,8.80,0.80
2008.04.30 06:22:31.851,1.9645,1.9646,8.80,0.80
2008.04.30 06:22:31.977,1.96475,1.9648,0.80,17.20
2008.04.30 06:22:32.347,1.96475,1.9648,0.80,0.80
2008.04.30 06:22:32.592,1.96475,1.965,0.80,4.40
2008.04.30 06:22:33.034,1.96475,1.965,0.80,12.40
2008.04.30 06:22:33.291,1.96475,1.965,0.80,11.60
2008.04.30 06:22:33.756,1.96475,1.965,0.80,4.40
2008.04.30 06:22:33.972,1.96475,1.965,0.80,3.60
2008.04.30 06:22:34.493,1.9648,1.965,3.20,2.80
2008.04.30 06:22:34.881,1.9648,1.965,5.20,2.80
2008.04.30 06:22:35.048,1.9648,1.965,2.80,2.80
2008.04.30 06:22:35.334,1.9648,1.965,0.80,3.00
2008.04.30 06:22:35.484,1.9648,1.9649,0.80,0.20
2008.04.30 06:22:35.636,1.9648,1.9649,3.20,3.30
2008.04.30 06:22:35.786,1.9648,1.9649,5.20,3.30
2008.04.30 06:22:35.936,1.9648,1.9649,5.20,3.20
2008.04.30 06:22:36.089,1.9648,1.9649,2.00,3.20
2008.04.30 06:22:36.239,1.9646,1.9648,9.60,0.20
2008.04.30 06:22:36.387,1.9646,1.9648,8.80,0.20
2008.04.30 06:22:36.646,1.9646,1.9648,10.40,0.20
2008.04.30 06:22:36.776,1.9646,1.9648,12.40,0.20
2008.04.30 06:22:37.034,1.9646,1.9648,12.80,0.20
2008.04.30 06:22:37.164,1.9646,1.9648,15.20,0.20
2008.04.30 06:22:37.294,1.96455,1.9646,1.20,0.20
2008.04.30 06:22:37.429,1.96455,1.9646,1.20,0.40
2008.04.30 06:22:37.697,1.96455,1.9646,1.20,0.30
2008.04.30 06:22:37.966,1.96465,1.9649,4.80,4.40
2008.04.30 06:22:38.101,1.9646,1.9648,10.80,0.70
2008.04.30 06:22:38.370,1.9646,1.9649,8.80,5.60
2008.04.30 06:22:38.596,1.9646,1.9648,8.80,0.70
2008.04.30 06:22:38.885,1.9646,1.9648,8.80,0.80
2008.04.30 06:22:39.422,1.96495,1.965,0.80,24.40
2008.04.30 06:22:39.609,1.965,1.96505,0.80,0.70
2008.04.30 06:22:39.796,1.965,1.9651,0.80,0.80
2008.04.30 06:22:39.981,1.965,1.9651,0.80,0.80
2008.04.30 06:22:40.168,1.96505,1.9651,0.80,0.80
2008.04.30 06:22:40.354,1.96505,1.96525,0.80,0.80
2008.04.30 06:22:40.692,1.96505,1.9653,0.80,4.40
2008.04.30 06:22:41.229,1.96505,1.9653,0.80,3.60
2008.04.30 06:22:41.373,1.96505,1.9653,0.80,4.40
2008.04.30 06:22:41.723,1.96505,1.9653,0.80,5.20
2008.04.30 06:22:41.887,1.965,1.9653,15.20,5.20
2008.04.30 06:22:42.185,1.965,1.9653,13.60,6.80
2008.04.30 06:22:42.438,1.965,1.9653,12.80,7.00
2008.04.30 06:22:42.547,1.96505,1.9653,4.80,14.20
2008.04.30 06:22:42.657,1.96505,1.9652,4.80,0.80
2008.04.30 06:22:42.776,1.96505,1.96525,4.80,1.60
2008.04.30 06:22:44.118,1.96505,1.96525,4.80,2.40
2008.04.30 06:22:47.708,1.96505,1.96525,4.80,1.60
2008.04.30 06:22:49.516,1.965,1.96525,8.40,1.60
2008.04.30 06:22:49.628,1.965,1.9652,8.40,0.80
2008.04.30 06:22:51.319,1.965,1.9652,10.40,1.60
2008.04.30 06:22:51.445,1.9651,1.9652,0.80,1.60
2008.04.30 06:22:51.640,1.9651,1.9652,5.60,1.60
2008.04.30 06:22:51.806,1.9651,1.9653,5.60,4.40
2008.04.30 06:22:51.960,1.9651,1.9653,7.60,4.40
2008.04.30 06:22:52.115,1.9651,1.9653,11.20,0.80
2008.04.30 06:22:52.297,1.9651,1.9653,11.20,1.60
2008.04.30 06:22:52.662,1.9651,1.9653,12.80,0.80
2008.04.30 06:22:53.751,1.9651,1.9653,16.80,0.80
2008.04.30 06:22:54.038,1.9651,1.9653,16.80,2.40
2008.04.30 06:22:54.585,1.9651,1.9653,19.20,2.40
2008.04.30 06:22:55.914,1.9651,1.9653,19.20,2.60
2008.04.30 06:22:56.370,1.9651,1.9653,19.20,3.40
2008.04.30 06:22:56.521,1.9651,1.96525,14.40,0.20
2008.04.30 06:22:56.672,1.9651,1.96515,5.60,0.80
2008.04.30 06:22:56.834,1.96495,1.96515,5.60,0.80
2008.04.30 06:22:57.004,1.96495,1.965,0.80,0.20
2008.04.30 06:22:57.176,1.9649,1.965,2.00,3.30
2008.04.30 06:22:57.345,1.9648,1.965,0.80,3.30
2008.04.30 06:22:57.693,1.9648,1.96495,0.80,1.60
2008.04.30 06:22:59.951,1.96495,1.965,0.80,4.00
2008.04.30 06:23:00.187,1.96495,1.9651,0.80,8.00
2008.04.30 06:23:00.336,1.96495,1.9652,0.80,7.60
2008.04.30 06:23:00.421,1.96495,1.9652,0.80,8.90
2008.04.30 06:23:01.197,1.96495,1.9651,0.80,0.80
2008.04.30 06:23:01.804,1.96495,1.9652,0.80,8.90
2008.04.30 06:23:02.346,1.96495,1.9652,0.80,6.50
2008.04.30 06:23:02.464,1.96495,1.9651,0.80,0.80
2008.04.30 06:23:02.585,1.9649,1.965,6.80,8.10
2008.04.30 06:23:02.706,1.9649,1.965,2.00,9.70
2008.04.30 06:23:02.826,1.9648,1.9649,0.80,0.80
2008.04.30 06:23:03.342,1.9648,1.9649,0.80,2.40
2008.04.30 06:23:03.509,1.9648,1.9649,0.80,3.20
2008.04.30 06:23:03.669,1.9648,1.9649,0.80,7.20
2008.04.30 06:23:03.829,1.9647,1.9649,0.10,4.80
2008.04.30 06:23:04.148,1.9647,1.9649,4.80,2.40
2008.04.30 06:23:04.265,1.9647,1.9649,5.70,0.80
2008.04.30 06:23:04.380,1.9647,1.9649,9.70,0.80
2008.04.30 06:23:04.495,1.9647,1.9649,9.70,1.60
2008.04.30 06:23:04.611,1.9647,1.96485,2.00,0.20
2008.04.30 06:23:04.727,1.9647,1.96485,0.10,0.20
2008.04.30 06:23:04.841,1.9647,1.96485,0.10,1.70
2008.04.30 06:23:06.554,1.9647,1.9648,0.10,0.80
2008.04.30 06:23:07.534,1.9647,1.9648,4.00,0.80
2008.04.30 06:23:08.981,1.96485,1.9649,0.80,9.60
2008.04.30 06:23:09.147,1.9649,1.96495,1.60,1.90
2008.04.30 06:23:09.314,1.9649,1.96495,1.60,0.80
2008.04.30 06:23:09.648,1.9649,1.965,1.60,3.20
2008.04.30 06:23:09.808,1.9649,1.965,1.60,2.40
2008.04.30 06:23:10.827,1.9649,1.965,1.60,3.20
2008.04.30 06:23:15.104,1.9648,1.965,8.40,3.20
2008.04.30 06:23:15.677,1.96475,1.96495,5.60,0.80
2008.04.30 06:23:17.984,1.9648,1.96495,0.80,0.80
2008.04.30 06:23:18.086,1.9648,1.96495,1.60,0.80
2008.04.30 06:23:18.169,1.9648,1.965,1.60,10.40
2008.04.30 06:23:18.204,1.9648,1.965,1.60,8.00
2008.04.30 06:23:21.530,1.9648,1.965,0.80,8.00
2008.04.30 06:23:21.624,1.9648,1.965,0.80,10.40
2008.04.30 06:23:21.716,1.9648,1.9649,0.80,1.60
2008.04.30 06:23:22.058,1.9648,1.9649,1.60,1.60
2008.04.30 06:23:22.233,1.9648,1.965,1.60,8.00
2008.04.30 06:23:22.654,1.9648,1.965,6.40,8.00
2008.04.30 06:23:22.744,1.9648,1.965,6.40,7.20
2008.04.30 06:23:22.882,1.9648,1.965,10.40,7.20
2008.04.30 06:23:23.125,1.96485,1.965,4.80,7.20
2008.04.30 06:23:23.304,1.96485,1.965,4.80,4.80
2008.04.30 06:23:23.879,1.96485,1.965,4.80,2.00
2008.04.30 06:23:25.395,1.9649,1.965,4.80,2.00
2008.04.30 06:23:29.509,1.96495,1.965,0.80,2.00
2008.04.30 06:23:29.641,1.9649,1.965,2.40,2.00
2008.04.30 06:23:29.773,1.9649,1.965,5.20,2.00
2008.04.30 06:23:29.903,1.9649,1.965,7.20,0.50
2008.04.30 06:23:30.201,1.9649,1.965,6.00,1.20
2008.04.30 06:23:30.350,1.9649,1.965,0.80,1.20
2008.04.30 06:23:31.641,1.96485,1.965,0.80,0.80
2008.04.30 06:23:32.010,1.9648,1.965,20.80,0.80
2008.04.30 06:23:32.196,1.9648,1.96495,6.80,0.80
2008.04.30 06:23:32.409,1.9648,1.96495,4.80,0.80
2008.04.30 06:23:33.047,1.96485,1.96495,0.80,0.80
2008.04.30 06:23:34.498,1.96495,1.9651,0.80,10.40
2008.04.30 06:23:34.698,1.96495,1.96505,0.80,0.80
2008.04.30 06:23:35.517,1.9649,1.96505,9.60,0.80
2008.04.30 06:23:35.729,1.9649,1.965,5.60,1.60
2008.04.30 06:23:35.940,1.9649,1.965,3.60,1.60
2008.04.30 06:23:36.149,1.9649,1.965,0.60,1.60
2008.04.30 06:23:36.359,1.96485,1.965,0.80,1.60
2008.04.30 06:23:36.569,1.96495,1.965,0.80,1.60
2008.04.30 06:23:36.791,1.96495,1.96505,0.80,0.80
2008.04.30 06:23:37.089,1.9649,1.96505,9.60,0.80
2008.04.30 06:23:37.169,1.9649,1.96505,5.60,0.80
2008.04.30 06:23:37.316,1.9649,1.965,5.60,1.60
2008.04.30 06:23:37.391,1.9649,1.965,3.60,1.60
2008.04.30 06:23:37.689,1.96485,1.965,0.80,1.60
2008.04.30 06:23:38.016,1.96495,1.965,0.80,1.60
2008.04.30 06:23:38.285,1.96495,1.96505,0.80,0.80
2008.04.30 06:23:42.586,1.9649,1.96505,10.40,0.80
2008.04.30 06:23:42.737,1.9649,1.965,6.80,6.00
2008.04.30 06:23:42.918,1.9648,1.965,6.40,14.00
2008.04.30 06:23:43.099,1.9649,1.965,0.80,14.00
2008.04.30 06:23:43.292,1.9649,1.965,0.80,1.60
2008.04.30 06:23:43.473,1.96485,1.96495,0.80,0.80
2008.04.30 06:23:43.654,1.96495,1.965,0.80,2.40
2008.04.30 06:23:43.834,1.96495,1.9651,0.80,3.20
2008.04.30 06:23:44.971,1.96495,1.9651,0.80,2.40
2008.04.30 06:23:45.121,1.9649,1.9651,11.20,2.40
2008.04.30 06:23:45.271,1.9649,1.9651,7.20,1.60
2008.04.30 06:23:45.421,1.9649,1.9651,5.20,2.40
2008.04.30 06:23:45.572,1.9649,1.9651,4.80,2.40
2008.04.30 06:23:47.043,1.96495,1.9651,0.80,2.40
2008.04.30 06:23:47.251,1.96495,1.9651,0.80,1.60
2008.04.30 06:23:48.593,1.965,1.9651,0.80,1.60
2008.04.30 06:23:48.891,1.965,1.9652,0.80,8.40
2008.04.30 06:23:49.003,1.965,1.9652,0.80,9.20
2008.04.30 06:23:50.417,1.965,1.9652,0.80,8.40
2008.04.30 06:23:51.616,1.965,1.9651,0.80,4.80
2008.04.30 06:23:52.167,1.965,1.9652,0.80,11.60
2008.04.30 06:23:52.352,1.965,1.9652,0.80,7.60
2008.04.30 06:23:52.664,1.965,1.9652,0.80,8.40
2008.04.30 06:23:53.858,1.96505,1.9652,4.80,8.40
2008.04.30 06:23:55.719,1.9651,1.9652,4.80,6.80
2008.04.30 06:23:55.929,1.9651,1.9652,4.80,1.60
2008.04.30 06:23:56.139,1.96515,1.9652,0.80,1.60
2008.04.30 06:23:56.350,1.96515,1.9653,0.80,10.60
2008.04.30 06:23:56.560,1.96515,1.9653,0.80,2.60
2008.04.30 06:23:56.791,1.96515,1.9653,5.60,1.00
2008.04.30 06:23:57.020,1.96515,1.9653,5.60,0.80
2008.04.30 06:23:57.251,1.96515,1.9653,5.60,2.40
2008.04.30 06:23:58.323,1.96515,1.9653,5.60,0.80
2008.04.30 06:23:58.533,1.96515,1.9653,1.60,0.80
2008.04.30 06:23:58.748,1.9652,1.9653,2.80,0.80
2008.04.30 06:23:58.964,1.9652,1.96525,6.40,0.80
2008.04.30 06:23:59.469,1.96515,1.9652,1.20,0.80
2008.04.30 06:23:59.686,1.9653,1.9654,0.80,8.00
2008.04.30 06:23:59.995,1.9653,1.96535,0.80,0.80
2008.04.30 06:24:00.151,1.9653,1.9654,0.80,0.90
2008.04.30 06:24:00.612,1.9653,1.9654,0.80,0.20
2008.04.30 06:24:01.603,1.9653,1.9654,0.80,0.90
2008.04.30 06:24:02.085,1.96555,1.9656,0.80,36.60
2008.04.30 06:24:02.176,1.96555,1.9656,0.80,9.70
2008.04.30 06:24:02.475,1.96545,1.9655,1.40,1.20
2008.04.30 06:24:02.576,1.96545,1.9655,1.40,0.80
2008.04.30 06:24:02.678,1.96545,1.9655,1.20,0.80
2008.04.30 06:24:02.783,1.9655,1.9657,2.00,8.00
2008.04.30 06:24:02.883,1.96545,1.9655,0.80,0.80
2008.04.30 06:24:03.151,1.9655,1.9657,2.40,8.00
2008.04.30 06:24:03.554,1.96555,1.9657,0.80,8.00
2008.04.30 06:24:03.690,1.96555,1.9657,0.80,8.00
2008.04.30 06:24:03.826,1.96545,1.9655,0.90,0.50
2008.04.30 06:24:04.261,1.9655,1.96555,0.80,0.80
2008.04.30 06:24:04.484,1.96545,1.9655,0.80,1.20
2008.04.30 06:24:04.970,1.9655,1.96555,0.80,0.80
2008.04.30 06:24:07.055,1.96545,1.9655,0.80,0.50
2008.04.30 06:24:07.241,1.96545,1.9655,0.80,1.20
2008.04.30 06:24:07.518,1.96545,1.9655,0.80,0.50
2008.04.30 06:24:08.776,1.96535,1.9654,0.90,0.80
2008.04.30 06:24:09.743,1.9655,1.9656,0.80,12.40
2008.04.30 06:24:09.925,1.9655,1.9656,3.40,0.80
2008.04.30 06:24:10.285,1.96545,1.9655,0.80,1.20
2008.04.30 06:24:10.475,1.96545,1.9655,0.80,1.20
2008.04.30 06:24:11.491,1.9655,1.9657,0.90,8.40
2008.04.30 06:24:11.681,1.9655,1.9657,0.90,8.40
2008.04.30 06:24:11.871,1.9655,1.9657,0.90,8.40
2008.04.30 06:24:12.249,1.96545,1.9655,0.80,0.40
2008.04.30 06:24:12.438,1.96545,1.9655,0.90,0.40
2008.04.30 06:24:13.074,1.96545,1.9655,0.20,0.40
2008.04.30 06:24:13.380,1.9654,1.9655,7.80,0.40
2008.04.30 06:24:13.618,1.9654,1.9655,7.00,0.40
2008.04.30 06:24:13.739,1.9654,1.9655,5.30,0.40
2008.04.30 06:24:13.860,1.9654,1.9655,0.90,0.40
2008.04.30 06:24:15.301,1.9654,1.9655,0.90,0.20
2008.04.30 06:24:15.871,1.9654,1.9655,0.90,0.80
2008.04.30 06:24:17.931,1.9654,1.9655,0.90,0.90
2008.04.30 06:24:18.690,1.9654,1.9655,0.90,0.80
2008.04.30 06:24:18.981,1.9654,1.9656,0.90,2.40
2008.04.30 06:24:20.896,1.9654,1.9655,0.90,0.80
2008.04.30 06:24:21.197,1.9654,1.9656,0.90,2.40
2008.04.30 06:24:22.540,1.9654,1.9656,0.90,1.60
2008.04.30 06:24:23.236,1.9654,1.9656,0.90,2.40
2008.04.30 06:24:23.812,1.9654,1.9655,0.90,0.80
2008.04.30 06:24:24.873,1.9653,1.9655,8.10,4.00
2008.04.30 06:24:24.997,1.96535,1.9655,0.20,8.80
2008.04.30 06:24:25.244,1.96535,1.9655,0.20,11.20
2008.04.30 06:24:25.370,1.96535,1.9654,0.20,2.40
2008.04.30 06:24:25.515,1.96535,1.9654,0.20,2.80
2008.04.30 06:24:25.812,1.9653,1.9654,5.60,2.80
2008.04.30 06:24:26.252,1.9653,1.9654,4.90,2.80
2008.04.30 06:24:27.372,1.9652,1.9653,2.00,8.40
2008.04.30 06:24:27.544,1.9651,1.9653,4.10,8.40
2008.04.30 06:24:28.121,1.9651,1.9653,4.10,8.60
2008.04.30 06:24:28.479,1.9651,1.9653,4.10,11.80
2008.04.30 06:24:29.006,1.9651,1.9652,4.10,0.80
2008.04.30 06:24:29.277,1.965,1.9653,11.70,11.80
2008.04.30 06:24:29.396,1.965,1.9653,10.90,12.60
2008.04.30 06:24:29.516,1.965,1.9653,8.90,12.60
2008.04.30 06:24:29.637,1.965,1.9653,8.90,11.80
2008.04.30 06:24:30.196,1.9651,1.9653,0.80,11.60
2008.04.30 06:24:30.318,1.9652,1.9653,0.20,6.00
2008.04.30 06:24:30.544,1.9652,1.9653,0.20,5.20
2008.04.30 06:24:31.463,1.96515,1.9653,0.20,5.20
2008.04.30 06:24:31.832,1.9651,1.9653,4.90,5.20
2008.04.30 06:24:32.018,1.9651,1.9653,0.90,7.60
2008.04.30 06:24:32.808,1.9651,1.9653,1.70,7.60
2008.04.30 06:24:33.446,1.9651,1.9653,1.70,8.40
2008.04.30 06:24:34.372,1.9651,1.96525,1.70,0.80
2008.04.30 06:24:34.992,1.9651,1.9653,5.70,6.00
2008.04.30 06:24:35.454,1.9651,1.9653,5.70,8.40
2008.04.30 06:24:35.609,1.9651,1.9653,4.90,8.40
2008.04.30 06:24:35.766,1.9651,1.9653,6.50,6.80
2008.04.30 06:24:35.912,1.9651,1.9653,3.80,1.60
2008.04.30 06:24:36.068,1.9651,1.9653,5.80,1.60
2008.04.30 06:24:36.356,1.9651,1.9653,9.80,1.60
2008.04.30 06:24:36.501,1.9652,1.9653,0.20,0.80
2008.04.30 06:24:36.962,1.96515,1.9653,4.10,0.80
2008.04.30 06:24:37.171,1.96515,1.9653,4.90,0.80
2008.04.30 06:24:38.011,1.96515,1.9653,0.90,0.80
2008.04.30 06:24:38.179,1.96515,1.9653,0.20,0.80
2008.04.30 06:24:38.338,1.96515,1.9653,0.20,1.60
2008.04.30 06:24:38.496,1.9651,1.9653,7.40,1.60
2008.04.30 06:24:38.688,1.9651,1.9653,5.80,1.60
2008.04.30 06:24:38.917,1.9651,1.9653,6.90,4.40
2008.04.30 06:24:39.008,1.96515,1.9653,0.20,3.60
2008.04.30 06:24:39.233,1.96515,1.9653,0.20,6.00
2008.04.30 06:24:39.849,1.96515,1.9653,0.20,5.20
2008.04.30 06:24:41.316,1.9651,1.9653,2.50,6.00
2008.04.30 06:24:41.736,1.9652,1.9653,0.20,5.20
2008.04.30 06:24:43.429,1.9652,1.9654,0.20,11.20
2008.04.30 06:24:43.615,1.9652,1.9654,0.20,9.20
2008.04.30 06:24:43.801,1.9652,1.9654,0.20,12.60
2008.04.30 06:24:43.986,1.9652,1.9654,0.20,13.40
2008.04.30 06:24:44.182,1.96515,1.9653,4.00,0.80
2008.04.30 06:24:44.352,1.9651,1.96525,6.60,0.80
2008.04.30 06:24:44.975,1.9652,1.9654,0.20,13.40
2008.04.30 06:24:45.156,1.9652,1.9654,0.20,13.20
2008.04.30 06:24:45.293,1.9652,1.9654,0.20,11.60
2008.04.30 06:24:45.427,1.96515,1.96535,0.90,0.80
2008.04.30 06:24:45.853,1.9652,1.9654,0.20,10.00
2008.04.30 06:24:46.170,1.9652,1.9654,0.20,10.20
2008.04.30 06:24:46.458,1.9652,1.9654,0.20,11.00
2008.04.30 06:24:46.737,1.9652,1.9654,0.20,11.80
2008.04.30 06:24:46.877,1.9652,1.9654,0.20,12.60
2008.04.30 06:24:47.362,1.96515,1.96535,4.10,0.80
2008.04.30 06:24:47.698,1.96515,1.96535,4.90,0.80
2008.04.30 06:24:47.866,1.96515,1.96535,0.20,0.80
2008.04.30 06:24:48.197,1.9651,1.9653,11.40,0.80
2008.04.30 06:24:48.784,1.9651,1.9653,10.60,9.60
2008.04.30 06:24:48.955,1.9651,1.9652,6.60,0.80
2008.04.30 06:24:49.125,1.9651,1.9652,4.60,0.80
2008.04.30 06:24:49.514,1.9652,1.9653,0.20,2.40
2008.04.30 06:24:51.469,1.9651,1.9653,8.60,3.20
2008.04.30 06:24:52.130,1.96515,1.9653,0.20,2.40
2008.04.30 06:24:52.653,1.9651,1.9653,5.40,3.20
2008.04.30 06:24:52.924,1.9651,1.9653,0.20,5.60
2008.04.30 06:24:53.060,1.9651,1.96525,0.20,0.80
2008.04.30 06:24:53.590,1.9651,1.9653,0.20,4.80
2008.04.30 06:24:53.998,1.9651,1.9653,0.20,5.60
2008.04.30 06:24:54.903,1.9651,1.9653,4.90,8.00
2008.04.30 06:24:55.097,1.96515,1.9653,0.20,7.20
2008.04.30 06:24:55.448,1.96515,1.9653,0.20,4.80
2008.04.30 06:24:55.625,1.96515,1.9653,0.20,1.60
2008.04.30 06:24:56.484,1.9651,1.9653,7.40,2.40
2008.04.30 06:24:56.822,1.9651,1.9653,11.40,2.40
2008.04.30 06:24:56.993,1.96515,1.9653,0.20,1.60
2008.04.30 06:24:57.652,1.9651,1.9653,11.40,0.80
2008.04.30 06:24:57.883,1.9651,1.9654,11.40,11.80
2008.04.30 06:24:59.021,1.9652,1.9654,0.20,12.60
2008.04.30 06:24:59.216,1.9652,1.9653,0.20,2.40
2008.04.30 06:24:59.438,1.96515,1.9652,0.20,4.00
2008.04.30 06:24:59.658,1.9651,1.9652,5.20,8.80
2008.04.30 06:24:59.880,1.965,1.96515,0.60,0.80
2008.04.30 06:25:00.100,1.965,1.96515,0.20,0.80
2008.04.30 06:25:00.319,1.965,1.96515,0.20,0.90
2008.04.30 06:25:00.479,1.9649,1.96515,4.90,2.50
2008.04.30 06:25:01.004,1.9649,1.96515,4.90,1.70
2008.04.30 06:25:01.323,1.9649,1.96515,7.30,1.60
2008.04.30 06:25:01.408,1.965,1.96515,0.20,0.80
2008.04.30 06:25:01.801,1.965,1.96505,0.20,0.20
2008.04.30 06:25:01.969,1.9649,1.96505,4.90,1.70
2008.04.30 06:25:02.180,1.9649,1.96505,8.90,1.70
2008.04.30 06:25:02.275,1.9649,1.96505,9.70,1.60
2008.04.30 06:25:02.535,1.9651,1.9652,0.20,3.30
2008.04.30 06:25:02.711,1.9651,1.96515,4.10,0.80
2008.04.30 06:25:02.887,1.9651,1.9652,0.20,3.30
2008.04.30 06:25:03.236,1.965,1.9651,0.20,2.40
2008.04.30 06:25:03.411,1.965,1.9651,0.20,1.60
2008.04.30 06:25:03.843,1.965,1.9652,0.20,2.40
2008.04.30 06:25:03.987,1.965,1.9652,0.20,3.20
2008.04.30 06:25:04.136,1.965,1.9652,0.20,2.40
2008.04.30 06:25:04.415,1.965,1.9652,0.20,5.20
2008.04.30 06:25:07.245,1.965,1.9652,0.20,5.40
2008.04.30 06:25:07.301,1.965,1.9652,0.20,12.60
2008.04.30 06:25:07.336,1.965,1.9652,4.90,14.20
2008.04.30 06:25:07.481,1.965,1.9651,4.90,1.60
2008.04.30 06:25:07.886,1.965,1.9652,4.90,10.40
2008.04.30 06:25:07.905,1.965,1.9652,4.90,7.20
2008.04.30 06:25:08.302,1.965,1.9652,4.90,5.20
2008.04.30 06:25:08.651,1.965,1.9652,4.10,4.40
2008.04.30 06:25:09.272,1.965,1.9652,0.20,5.20
2008.04.30 06:25:09.515,1.96495,1.96515,4.90,0.80
2008.04.30 06:25:09.871,1.965,1.96515,0.80,0.80
2008.04.30 06:25:11.478,1.965,1.96505,0.80,0.80
2008.04.30 06:25:11.995,1.965,1.96515,0.80,0.80
2008.04.30 06:25:13.484,1.96495,1.9651,0.20,5.60
2008.04.30 06:25:13.699,1.96495,1.9651,0.90,8.80
2008.04.30 06:25:13.843,1.96495,1.9651,0.90,5.60
2008.04.30 06:25:13.961,1.96495,1.9651,0.90,3.20
2008.04.30 06:25:14.091,1.96495,1.9651,0.90,1.60
2008.04.30 06:25:14.751,1.965,1.9651,0.20,1.60
2008.04.30 06:25:15.110,1.965,1.9652,0.20,6.80
2008.04.30 06:25:15.288,1.96495,1.96515,0.20,0.90
2008.04.30 06:25:15.379,1.96495,1.9651,4.90,8.00
2008.04.30 06:25:15.469,1.96495,1.9651,4.90,12.00
2008.04.30 06:25:15.560,1.96495,1.9651,4.90,12.40
2008.04.30 06:25:15.651,1.96495,1.9651,4.90,15.60
2008.04.30 06:25:15.742,1.96495,1.9651,5.70,15.60
2008.04.30 06:25:16.033,1.965,1.9651,0.20,8.00
2008.04.30 06:25:16.323,1.965,1.9651,0.20,1.60
2008.04.30 06:25:16.905,1.96495,1.96505,0.90,0.80
2008.04.30 06:25:17.194,1.96495,1.96505,0.20,0.80
2008.04.30 06:25:17.339,1.9649,1.96505,15.20,0.80
2008.04.30 06:25:17.484,1.9649,1.96505,9.60,0.80
2008.04.30 06:25:17.630,1.9649,1.96505,7.60,0.80
2008.04.30 06:25:18.247,1.9649,1.96505,6.80,0.80
2008.04.30 06:25:18.392,1.9649,1.96505,6.00,0.80
2008.04.30 06:25:18.868,1.9649,1.96505,5.60,0.80
2008.04.30 06:25:19.003,1.9649,1.96505,3.20,0.80
2008.04.30 06:25:19.896,1.9649,1.965,0.80,2.40
2008.04.30 06:25:20.103,1.9648,1.965,5.40,2.40
2008.04.30 06:25:20.263,1.9648,1.965,4.60,2.50
2008.04.30 06:25:20.423,1.9648,1.965,4.60,5.70
2008.04.30 06:25:20.769,1.9648,1.96495,4.60,0.20
2008.04.30 06:25:20.929,1.9648,1.96495,4.40,2.50
2008.04.30 06:25:21.366,1.9648,1.96495,5.20,2.40
2008.04.30 06:25:21.475,1.9648,1.9649,5.20,0.80
2008.04.30 06:25:21.592,1.9648,1.9649,9.20,0.80
2008.04.30 06:25:21.686,1.9648,1.9649,9.40,0.80
2008.04.30 06:25:21.900,1.9648,1.9649,9.20,0.80
2008.04.30 06:25:22.003,1.9648,1.9649,5.20,0.80
2008.04.30 06:25:22.763,1.9648,1.9649,4.40,0.80
2008.04.30 06:25:24.754,1.9648,1.96485,4.40,0.80
2008.04.30 06:25:25.605,1.96475,1.9648,0.60,0.80
2008.04.30 06:25:26.194,1.9648,1.96485,4.40,0.80
2008.04.30 06:25:26.460,1.9648,1.96485,3.60,0.80
2008.04.30 06:25:31.563,1.9648,1.9649,3.60,0.80
2008.04.30 06:25:33.514,1.9648,1.96485,3.60,0.80
2008.04.30 06:25:34.836,1.9648,1.96485,2.80,0.80
2008.04.30 06:25:36.200,1.9648,1.96485,3.60,0.80
2008.04.30 06:25:37.424,1.9647,1.9648,8.30,0.80
2008.04.30 06:25:37.491,1.9647,1.9648,7.50,0.80
2008.04.30 06:25:38.462,1.9647,1.9648,6.70,0.80
2008.04.30 06:25:38.673,1.9647,1.9648,4.70,0.80
2008.04.30 06:25:39.175,1.9647,1.96475,4.70,0.80
2008.04.30 06:25:41.785,1.96475,1.9649,0.80,9.60
2008.04.30 06:25:42.084,1.96475,1.9648,0.90,0.80
2008.04.30 06:25:44.623,1.96475,1.96485,0.90,0.80
2008.04.30 06:25:44.829,1.96475,1.96485,0.20,0.80
2008.04.30 06:25:45.107,1.9647,1.96485,4.70,0.80
2008.04.30 06:25:46.751,1.9647,1.96485,3.90,0.90
2008.04.30 06:25:46.860,1.9647,1.96485,3.40,0.90
2008.04.30 06:25:46.972,1.9647,1.96485,0.30,0.90
2008.04.30 06:25:47.083,1.9647,1.9648,0.10,0.80
2008.04.30 06:25:47.472,1.96455,1.9648,0.90,0.80
2008.04.30 06:25:48.303,1.96455,1.9648,0.90,4.00
2008.04.30 06:25:48.520,1.96455,1.9648,0.20,14.50
2008.04.30 06:25:48.558,1.9645,1.9647,3.30,2.40
2008.04.30 06:25:48.827,1.9645,1.9647,7.30,2.40
2008.04.30 06:25:48.868,1.96455,1.9647,0.90,1.60
2008.04.30 06:25:48.985,1.96455,1.9647,0.90,4.00
2008.04.30 06:25:49.035,1.96455,1.9647,0.90,4.40
2008.04.30 06:25:49.076,1.96455,1.9647,0.90,2.80
2008.04.30 06:25:49.396,1.96455,1.9647,0.90,0.60
2008.04.30 06:25:49.436,1.96455,1.96475,0.90,0.80
2008.04.30 06:25:50.011,1.96455,1.9647,0.90,0.80
2008.04.30 06:25:50.334,1.96455,1.9647,0.20,0.80
2008.04.30 06:25:50.490,1.96455,1.96465,0.20,0.80
2008.04.30 06:25:50.649,1.9645,1.96465,1.70,0.80
2008.04.30 06:25:51.338,1.9645,1.96465,0.90,0.80
2008.04.30 06:25:51.497,1.9645,1.9646,0.90,0.80
2008.04.30 06:25:51.748,1.9645,1.9646,0.80,0.80
2008.04.30 06:25:51.997,1.9645,1.9646,0.80,1.60
2008.04.30 06:25:53.557,1.9645,1.96455,0.80,0.80
2008.04.30 06:25:53.875,1.9645,1.9646,0.80,0.80
2008.04.30 06:25:53.945,1.9645,1.96465,0.80,0.80
2008.04.30 06:25:55.415,1.9645,1.9646,0.80,2.40
2008.04.30 06:25:55.571,1.9645,1.9646,0.80,4.80
2008.04.30 06:25:55.976,1.9645,1.96465,1.70,0.80
2008.04.30 06:25:56.464,1.9645,1.9647,1.70,8.80
2008.04.30 06:25:56.710,1.9645,1.9647,1.70,6.80
2008.04.30 06:25:57.054,1.9645,1.9647,2.50,6.00
2008.04.30 06:25:57.362,1.9645,1.9647,1.70,6.00
2008.04.30 06:25:57.482,1.9645,1.96465,0.80,0.80
2008.04.30 06:26:01.248,1.96445,1.9645,0.90,0.80
2008.04.30 06:26:01.757,1.9645,1.96465,0.80,0.80
2008.04.30 06:26:04.819,1.9645,1.9646,0.80,0.80
2008.04.30 06:26:06.404,1.9645,1.96465,0.80,0.80
2008.04.30 06:26:09.199,1.9645,1.9646,0.80,16.40
2008.04.30 06:26:09.359,1.9644,1.96445,0.80,0.80
2008.04.30 06:26:11.331,1.9645,1.96455,0.80,0.80
2008.04.30 06:26:14.351,1.9644,1.9646,1.70,4.40
2008.04.30 06:26:18.039,1.9644,1.9645,0.20,7.80
2008.04.30 06:26:18.231,1.9642,1.9644,10.20,0.80
2008.04.30 06:26:18.908,1.9642,1.9644,6.20,0.80
2008.04.30 06:26:19.152,1.9642,1.96435,6.20,0.80
2008.04.30 06:26:20.855,1.96425,1.96435,0.80,0.80
2008.04.30 06:26:21.084,1.96425,1.9644,0.80,0.80
2008.04.30 06:26:23.370,1.9642,1.9644,13.80,0.80
2008.04.30 06:26:23.458,1.9642,1.96435,12.20,0.80
2008.04.30 06:26:23.551,1.9642,1.96435,8.20,0.80
2008.04.30 06:26:23.643,1.9642,1.96435,8.00,0.80
2008.04.30 06:26:23.907,1.9642,1.96435,5.20,0.80
2008.04.30 06:26:24.088,1.9642,1.96435,3.60,0.80
2008.04.30 06:26:24.460,1.9642,1.96435,3.20,0.80
2008.04.30 06:26:24.642,1.96415,1.96435,5.70,0.80
2008.04.30 06:26:25.394,1.9642,1.96435,0.80,0.80
2008.04.30 06:26:25.614,1.9642,1.96435,1.60,0.80
2008.04.30 06:26:26.719,1.9642,1.9644,1.70,5.20
2008.04.30 06:26:27.393,1.9642,1.96435,0.90,0.20
2008.04.30 06:26:27.466,1.9642,1.9643,0.20,8.00
2008.04.30 06:26:27.541,1.96415,1.9643,0.20,14.00
2008.04.30 06:26:27.688,1.96415,1.9643,0.20,14.80
2008.04.30 06:26:27.764,1.96405,1.96425,5.70,0.80
2008.04.30 06:26:27.840,1.96425,1.9643,0.80,15.60
2008.04.30 06:26:28.147,1.96425,1.9643,0.90,6.80
2008.04.30 06:26:28.365,1.96425,1.9643,0.20,6.80
2008.04.30 06:26:28.569,1.9642,1.96425,2.40,0.80
2008.04.30 06:26:28.774,1.9641,1.96425,0.80,0.80
2008.04.30 06:26:29.421,1.96425,1.9643,0.80,8.40
2008.04.30 06:26:29.564,1.96425,1.9643,0.90,1.60
2008.04.30 06:26:30.383,1.96425,1.9644,0.90,9.60
2008.04.30 06:26:30.535,1.96425,1.9643,0.90,0.80
2008.04.30 06:26:30.832,1.96425,1.9644,0.90,9.60
2008.04.30 06:26:31.130,1.96425,1.9644,0.90,9.60
2008.04.30 06:26:32.536,1.96425,1.9644,0.90,9.60
2008.04.30 06:26:33.047,1.96425,1.9643,0.90,0.80
2008.04.30 06:26:33.968,1.96425,1.9643,0.20,0.80
2008.04.30 06:26:34.054,1.96425,1.9643,0.20,8.00
2008.04.30 06:26:34.139,1.9641,1.96425,6.60,0.80
2008.04.30 06:26:34.318,1.9641,1.96425,4.60,0.80
2008.04.30 06:26:34.402,1.9641,1.96425,4.40,0.80
2008.04.30 06:26:34.593,1.9641,1.96425,0.80,0.80
2008.04.30 06:26:35.388,1.9641,1.96425,0.80,0.90
2008.04.30 06:26:35.483,1.96405,1.9642,4.90,0.80
2008.04.30 06:26:35.568,1.96405,1.9642,0.90,11.60
2008.04.30 06:26:35.653,1.96405,1.96415,0.80,0.80
2008.04.30 06:26:38.647,1.96405,1.9641,0.80,0.80
2008.04.30 06:26:39.908,1.96395,1.964,0.80,0.80
2008.04.30 06:26:40.193,1.96405,1.9641,0.80,0.80
2008.04.30 06:26:40.812,1.96395,1.964,0.80,0.80
2008.04.30 06:26:41.328,1.96405,1.9641,0.80,0.80
2008.04.30 06:26:42.549,1.96405,1.96415,0.80,0.80
2008.04.30 06:26:45.147,1.96405,1.9641,0.80,0.80
2008.04.30 06:26:45.485,1.9641,1.9642,0.80,11.20
2008.04.30 06:26:45.612,1.9641,1.9642,0.90,1.60
2008.04.30 06:26:45.861,1.96415,1.9642,0.80,1.60
2008.04.30 06:26:49.283,1.9642,1.9643,0.20,8.10
2008.04.30 06:26:49.638,1.9641,1.96415,8.10,0.80
2008.04.30 06:26:51.626,1.9642,1.9643,0.20,8.00
2008.04.30 06:26:52.138,1.9641,1.96415,8.90,0.80
2008.04.30 06:26:52.652,1.9642,1.9643,0.20,8.00
2008.04.30 06:26:52.871,1.9641,1.9643,8.90,8.00
2008.04.30 06:26:54.193,1.9641,1.9643,4.90,8.00
2008.04.30 06:26:54.399,1.96415,1.9643,0.80,8.00
2008.04.30 06:26:58.304,1.96415,1.9642,0.80,8.00
2008.04.30 06:26:59.057,1.96415,1.9644,0.80,13.60
2008.04.30 06:26:59.220,1.96415,1.9643,0.80,0.50
2008.04.30 06:27:00.015,1.9642,1.9643,0.80,0.50
2008.04.30 06:27:00.175,1.9642,1.9643,0.80,0.80
2008.04.30 06:27:00.588,1.96415,1.9643,0.90,0.80
2008.04.30 06:27:00.965,1.9642,1.9643,0.80,0.80
2008.04.30 06:27:03.438,1.96415,1.9643,0.20,0.80
2008.04.30 06:27:03.644,1.9641,1.9643,7.40,0.80
2008.04.30 06:27:03.737,1.9641,1.9643,5.40,0.80
2008.04.30 06:27:03.833,1.9641,1.9643,6.20,0.80
2008.04.30 06:27:05.579,1.9641,1.9643,5.40,0.80
2008.04.30 06:27:06.402,1.9641,1.9643,5.40,1.10
2008.04.30 06:27:06.533,1.9641,1.9643,5.40,1.90
2008.04.30 06:27:07.417,1.9641,1.9642,5.40,0.40
2008.04.30 06:27:11.663,1.9641,1.96425,5.40,0.80
2008.04.30 06:27:12.384,1.9641,1.9642,5.40,0.80
2008.04.30 06:27:15.240,1.96415,1.9643,0.20,1.10
2008.04.30 06:27:15.621,1.96415,1.9643,0.20,5.10
2008.04.30 06:27:15.829,1.96415,1.9643,0.20,8.30
2008.04.30 06:27:15.978,1.96415,1.9643,0.20,8.80
2008.04.30 06:27:16.083,1.96415,1.9643,0.20,11.20
2008.04.30 06:27:16.927,1.96415,1.9643,0.20,8.80
2008.04.30 06:27:17.509,1.9641,1.96425,0.80,0.90
2008.04.30 06:27:17.559,1.96405,1.96425,2.50,0.90
2008.04.30 06:27:17.604,1.96405,1.9642,4.90,2.80
2008.04.30 06:27:17.656,1.96405,1.9642,4.90,7.60
2008.04.30 06:27:17.812,1.96405,1.9642,4.90,10.80
2008.04.30 06:27:18.033,1.96405,1.9642,0.20,10.80
2008.04.30 06:27:18.445,1.96405,1.96415,0.20,0.20
2008.04.30 06:27:18.529,1.96395,1.96415,2.40,0.90
2008.04.30 06:27:18.615,1.96395,1.9641,2.40,0.60
2008.04.30 06:27:18.700,1.9639,1.9641,29.30,4.40
2008.04.30 06:27:18.787,1.9639,1.9641,6.90,5.20
2008.04.30 06:27:18.870,1.9639,1.9641,4.90,6.80
2008.04.30 06:27:20.410,1.9639,1.9641,4.90,7.00
2008.04.30 06:27:20.524,1.9639,1.9641,4.90,11.00
2008.04.30 06:27:20.568,1.9639,1.9641,4.90,15.80
2008.04.30 06:27:20.612,1.9639,1.9641,4.90,19.80
2008.04.30 06:27:20.714,1.9639,1.9641,4.90,19.00
2008.04.30 06:27:20.852,1.9639,1.96405,4.90,1.60
2008.04.30 06:27:21.568,1.96405,1.9641,0.80,16.80
2008.04.30 06:27:21.633,1.96405,1.9641,0.90,4.40
2008.04.30 06:27:21.698,1.96405,1.9641,0.90,2.00
2008.04.30 06:27:21.763,1.96405,1.9642,0.90,1.60
2008.04.30 06:27:21.954,1.9641,1.9642,0.80,1.60
2008.04.30 06:27:22.086,1.9641,1.9642,0.90,1.60
2008.04.30 06:27:22.601,1.9641,1.96425,0.90,0.80
2008.04.30 06:27:25.953,1.9641,1.96425,1.70,0.80
2008.04.30 06:27:26.739,1.9641,1.9642,1.70,0.80
2008.04.30 06:27:30.541,1.9641,1.96425,2.50,0.80
2008.04.30 06:27:30.865,1.9641,1.96425,6.50,0.80
2008.04.30 06:27:32.100,1.9641,1.96425,5.70,0.80
2008.04.30 06:27:32.261,1.9641,1.96425,1.70,0.80
2008.04.30 06:27:32.660,1.9641,1.96425,5.70,0.80
2008.04.30 06:27:32.765,1.9641,1.9644,9.70,8.60
2008.04.30 06:27:33.668,1.9641,1.9644,14.50,8.60
2008.04.30 06:27:33.743,1.9641,1.9643,14.50,0.80
2008.04.30 06:27:33.818,1.9641,1.9643,10.50,0.80
2008.04.30 06:27:34.086,1.9642,1.9643,0.80,0.80
2008.04.30 06:27:34.251,1.9642,1.9644,0.90,8.60
2008.04.30 06:27:34.871,1.9642,1.96435,0.80,0.80
2008.04.30 06:27:38.638,1.9642,1.9644,0.90,11.80
2008.04.30 06:27:41.615,1.9642,1.9644,5.70,11.80
2008.04.30 06:27:41.712,1.9642,1.9644,5.70,11.00
2008.04.30 06:27:41.806,1.9642,1.9644,9.70,11.00
2008.04.30 06:27:42.136,1.9642,1.9644,9.70,11.80
2008.04.30 06:27:42.312,1.9642,1.9644,5.70,11.80
2008.04.30 06:27:42.734,1.9642,1.96435,0.90,0.80
2008.04.30 06:27:43.305,1.9642,1.96435,4.90,0.80
2008.04.30 06:27:43.675,1.9642,1.9644,4.90,6.00
2008.04.30 06:27:43.855,1.9642,1.9644,0.90,6.00
2008.04.30 06:27:44.149,1.9642,1.96435,0.80,0.80
2008.04.30 06:27:44.676,1.9642,1.9644,0.90,6.00
2008.04.30 06:27:44.963,1.9642,1.9644,4.90,6.00
2008.04.30 06:27:45.033,1.96425,1.9644,0.80,5.20
2008.04.30 06:27:45.175,1.9643,1.9644,4.00,4.40
2008.04.30 06:27:45.370,1.96435,1.9644,0.20,2.80
2008.04.30 06:27:45.564,1.9643,1.9645,0.20,7.60
2008.04.30 06:27:45.759,1.96435,1.9645,0.20,6.80
2008.04.30 06:27:46.464,1.96435,1.9645,0.20,6.00
2008.04.30 06:27:46.981,1.96435,1.9645,0.20,6.20
2008.04.30 06:27:47.113,1.96435,1.9645,0.20,11.00
2008.04.30 06:27:47.233,1.96435,1.9645,0.20,13.40
2008.04.30 06:27:47.398,1.9643,1.9645,4.90,20.20
2008.04.30 06:27:47.563,1.9643,1.9645,4.90,17.80
2008.04.30 06:27:47.728,1.9643,1.9645,5.70,13.80
2008.04.30 06:27:47.906,1.96435,1.9645,0.20,8.60
2008.04.30 06:27:48.982,1.96435,1.9645,0.20,8.40
2008.04.30 06:27:49.197,1.96435,1.9645,0.20,6.80
2008.04.30 06:27:49.321,1.96435,1.9645,0.20,5.20
2008.04.30 06:27:51.137,1.96435,1.9645,0.20,6.00
2008.04.30 06:27:51.257,1.96435,1.9645,0.20,6.80
2008.04.30 06:27:51.375,1.9643,1.9645,4.90,7.60
2008.04.30 06:27:52.024,1.9643,1.9645,0.20,7.60
2008.04.30 06:27:52.125,1.9643,1.9645,0.20,9.40
2008.04.30 06:27:52.234,1.9643,1.9645,0.20,11.80
2008.04.30 06:27:52.345,1.96425,1.96445,4.90,0.80
2008.04.30 06:27:52.456,1.96425,1.96445,4.90,0.90
2008.04.30 06:27:52.850,1.96425,1.96445,4.90,2.50
2008.04.30 06:27:53.100,1.9642,1.9644,12.60,0.80
2008.04.30 06:27:53.258,1.9642,1.9644,8.60,0.80
2008.04.30 06:27:53.532,1.9642,1.9644,8.60,0.90
2008.04.30 06:27:53.603,1.9642,1.9643,1.40,0.80
2008.04.30 06:27:53.674,1.9642,1.9643,0.20,0.80
2008.04.30 06:27:53.907,1.9641,1.9643,6.50,0.80
2008.04.30 06:27:54.073,1.96415,1.9643,0.80,0.80
2008.04.30 06:27:54.238,1.9642,1.9643,0.80,0.80
2008.04.30 06:27:54.402,1.9642,1.96435,0.80,0.80
2008.04.30 06:27:54.737,1.96415,1.9643,0.20,0.80
2008.04.30 06:27:54.899,1.9641,1.9643,15.40,0.80
2008.04.30 06:27:55.417,1.96415,1.96435,0.20,0.80
2008.04.30 06:27:55.563,1.96415,1.96435,0.90,0.80
2008.04.30 06:27:55.708,1.9642,1.96435,0.80,0.80
2008.04.30 06:27:55.854,1.9642,1.9644,4.90,4.40
2008.04.30 06:27:56.173,1.9642,1.9644,4.90,2.00
2008.04.30 06:27:56.280,1.9642,1.9644,8.10,2.00
2008.04.30 06:27:56.490,1.9642,1.9644,4.10,2.00
2008.04.30 06:27:56.594,1.9642,1.9644,4.90,2.00
2008.04.30 06:27:56.706,1.9642,1.9644,0.90,1.60
2008.04.30 06:27:57.160,1.96425,1.96445,0.20,0.80
2008.04.30 06:28:00.994,1.9643,1.96445,0.80,0.80
2008.04.30 06:28:01.199,1.96425,1.96445,0.90,0.80
2008.04.30 06:28:01.265,1.9643,1.96445,4.00,0.80
2008.04.30 06:28:01.432,1.9643,1.96445,4.10,0.80
2008.04.30 06:28:01.530,1.96445,1.9645,0.80,1.60
2008.04.30 06:28:01.750,1.96445,1.9645,0.90,1.60
2008.04.30 06:28:02.049,1.96445,1.9645,0.20,1.60
2008.04.30 06:28:02.408,1.9645,1.9647,0.20,3.30
2008.04.30 06:28:03.533,1.9645,1.9647,0.90,3.20
2008.04.30 06:28:03.786,1.9645,1.9647,0.90,1.60
2008.04.30 06:28:03.907,1.9645,1.9646,0.90,1.60
2008.04.30 06:28:04.147,1.96455,1.9646,0.80,1.60
2008.04.30 06:28:04.332,1.96455,1.96465,0.90,0.80
2008.04.30 06:28:05.028,1.96455,1.96465,0.20,0.80
2008.04.30 06:28:05.377,1.9645,1.96465,0.90,0.80
2008.04.30 06:28:05.870,1.9645,1.9647,0.90,0.80
2008.04.30 06:28:06.298,1.9645,1.96465,0.90,0.80
2008.04.30 06:28:09.366,1.9645,1.9646,0.90,0.80
2008.04.30 06:28:09.668,1.9645,1.96465,0.90,0.80
2008.04.30 06:28:10.646,1.9645,1.9646,0.90,0.80
2008.04.30 06:28:13.543,1.9645,1.9646,0.20,0.80
2008.04.30 06:28:13.584,1.9645,1.96455,0.20,0.80
2008.04.30 06:28:17.163,1.9645,1.96465,0.20,0.80
2008.04.30 06:28:20.075,1.9645,1.96465,0.20,0.90
2008.04.30 06:28:20.223,1.9644,1.96465,0.90,2.50
2008.04.30 06:28:21.759,1.9644,1.96465,0.90,1.70
2008.04.30 06:28:22.314,1.9644,1.96465,4.90,1.70
2008.04.30 06:28:22.835,1.9644,1.96465,0.90,1.70
2008.04.30 06:28:23.326,1.9644,1.96465,0.90,2.50
2008.04.30 06:28:23.466,1.9644,1.96465,4.90,2.50
2008.04.30 06:28:24.117,1.9644,1.96455,4.90,0.80
2008.04.30 06:28:24.174,1.9644,1.96455,0.90,0.80
2008.04.30 06:28:24.331,1.9644,1.96465,0.90,2.50
2008.04.30 06:28:24.845,1.9645,1.96465,0.20,0.20
2008.04.30 06:28:25.268,1.9645,1.9647,0.20,12.90
2008.04.30 06:28:25.482,1.9645,1.96465,0.20,0.80
2008.04.30 06:28:25.910,1.9645,1.9647,0.20,4.90
2008.04.30 06:28:26.648,1.9645,1.9647,0.20,12.90
2008.04.30 06:28:26.916,1.9645,1.96465,0.20,0.80
2008.04.30 06:28:27.512,1.9645,1.9647,0.20,4.90
2008.04.30 06:28:29.220,1.9645,1.9647,0.20,12.90
2008.04.30 06:28:29.446,1.9645,1.96455,0.20,0.80
2008.04.30 06:28:37.911,1.9645,1.96455,4.10,0.80
2008.04.30 06:28:38.346,1.9645,1.96455,0.20,0.80
2008.04.30 06:28:39.230,1.9645,1.9646,0.20,8.00
2008.04.30 06:28:43.838,1.9645,1.9646,0.20,8.00
2008.04.30 06:28:44.153,1.9645,1.9646,0.20,8.00
2008.04.30 06:28:45.083,1.9645,1.96455,0.20,0.20
2008.04.30 06:28:45.364,1.9643,1.96455,0.20,1.70
2008.04.30 06:28:49.093,1.9643,1.9644,0.20,0.70
2008.04.30 06:28:50.053,1.9643,1.9644,0.20,0.80
2008.04.30 06:28:50.380,1.9643,1.96435,0.20,0.80
2008.04.30 06:28:51.799,1.9642,1.96435,2.40,0.80
2008.04.30 06:28:51.949,1.9642,1.96435,0.80,0.80
2008.04.30 06:28:56.049,1.9642,1.96435,0.70,0.80
2008.04.30 06:29:03.164,1.9642,1.96435,1.50,0.80
2008.04.30 06:29:03.488,1.9642,1.96435,2.00,0.80
2008.04.30 06:29:03.557,1.9642,1.96435,4.40,0.80
2008.04.30 06:29:03.632,1.9642,1.96435,4.50,0.80
2008.04.30 06:29:08.308,1.9642,1.9644,4.50,2.40
2008.04.30 06:29:08.787,1.9643,1.9644,0.20,1.60
2008.04.30 06:29:09.317,1.9643,1.9644,0.20,5.60
2008.04.30 06:29:09.828,1.96425,1.9644,0.20,5.60
2008.04.30 06:29:09.924,1.96425,1.9644,4.10,1.60
2008.04.30 06:29:10.040,1.96425,1.9644,4.10,5.60
2008.04.30 06:29:10.351,1.96425,1.9644,4.00,6.40
2008.04.30 06:29:10.516,1.9642,1.9644,9.30,6.40
2008.04.30 06:29:10.680,1.9642,1.9644,8.50,6.40
2008.04.30 06:29:12.881,1.96425,1.9644,0.20,5.60
2008.04.30 06:29:13.998,1.96425,1.9644,4.10,5.60
2008.04.30 06:29:14.335,1.9643,1.9644,0.20,5.60
2008.04.30 06:29:15.816,1.9644,1.9645,0.80,23.40
2008.04.30 06:29:16.464,1.96425,1.9644,0.90,4.80
2008.04.30 06:29:17.178,1.9644,1.9645,0.80,1.60
2008.04.30 06:29:19.943,1.9644,1.96445,0.80,0.80
2008.04.30 06:29:20.101,1.96435,1.96445,0.90,0.80
2008.04.30 06:29:20.945,1.96435,1.9645,0.90,0.80
2008.04.30 06:29:22.162,1.96435,1.9645,0.20,0.80
2008.04.30 06:29:22.563,1.9643,1.96445,1.70,0.80
2008.04.30 06:29:25.015,1.9643,1.9644,1.70,0.80
2008.04.30 06:29:25.227,1.9643,1.9644,0.90,0.80
2008.04.30 06:29:25.372,1.9643,1.96445,0.90,0.80
2008.04.30 06:29:25.528,1.9643,1.9644,0.90,0.80
2008.04.30 06:29:25.673,1.9643,1.9644,0.20,0.80
2008.04.30 06:29:25.818,1.9643,1.9644,0.90,0.80
2008.04.30 06:29:26.106,1.9643,1.9644,0.80,0.80
2008.04.30 06:29:30.233,1.9643,1.9644,1.60,0.80
2008.04.30 06:29:30.312,1.9643,1.9644,0.80,0.80
2008.04.30 06:29:30.353,1.9643,1.9644,0.90,0.80
2008.04.30 06:29:32.175,1.9643,1.9644,0.20,0.80
2008.04.30 06:29:32.297,1.9643,1.9644,0.90,0.80
2008.04.30 06:29:32.406,1.9643,1.9644,0.80,0.80
2008.04.30 06:29:34.698,1.9644,1.9645,0.80,8.40
2008.04.30 06:29:34.809,1.9644,1.9645,2.80,8.00
2008.04.30 06:29:34.919,1.9644,1.9645,6.00,1.60
2008.04.30 06:29:35.029,1.9644,1.9646,6.20,5.20
2008.04.30 06:29:35.142,1.9644,1.9646,6.20,3.20
2008.04.30 06:29:36.240,1.9644,1.9645,6.20,4.00
2008.04.30 06:29:36.357,1.9644,1.9645,5.40,4.00
2008.04.30 06:29:36.429,1.9644,1.9645,3.00,6.40
2008.04.30 06:29:36.477,1.9643,1.9644,2.90,0.80
2008.04.30 06:29:36.537,1.9643,1.9644,0.90,0.80
2008.04.30 06:29:36.984,1.9643,1.9644,0.80,0.80
2008.04.30 06:29:37.282,1.96425,1.9644,0.90,0.80
2008.04.30 06:29:38.210,1.96425,1.96435,0.90,0.80
2008.04.30 06:29:38.499,1.96425,1.9643,0.90,0.80
2008.04.30 06:29:38.834,1.96425,1.9645,0.90,17.20
2008.04.30 06:29:40.348,1.9643,1.9645,0.80,16.40
2008.04.30 06:29:40.529,1.9643,1.9645,0.80,12.00
2008.04.30 06:29:40.667,1.9643,1.9645,0.90,9.60
2008.04.30 06:29:41.776,1.9643,1.9645,0.90,8.00
2008.04.30 06:29:43.940,1.9643,1.9645,0.90,15.20
2008.04.30 06:29:44.130,1.9643,1.9645,0.90,28.00
2008.04.30 06:29:45.641,1.9643,1.9645,0.90,28.80
2008.04.30 06:29:46.270,1.9643,1.9645,0.90,20.80
2008.04.30 06:29:46.479,1.9643,1.9644,0.90,0.80
2008.04.30 06:29:48.902,1.9643,1.9644,0.90,4.80
2008.04.30 06:29:49.139,1.9643,1.96435,0.90,0.80
2008.04.30 06:29:49.447,1.9643,1.9644,0.90,4.80
2008.04.30 06:29:52.490,1.9643,1.9644,0.90,0.80
2008.04.30 06:29:53.704,1.9643,1.9644,0.20,0.80
2008.04.30 06:29:53.934,1.96425,1.9644,0.90,0.80
2008.04.30 06:29:54.986,1.96425,1.96445,0.90,0.80
2008.04.30 06:29:55.511,1.9643,1.9645,0.20,15.20
2008.04.30 06:29:55.828,1.96435,1.9645,0.80,14.40
2008.04.30 06:29:56.145,1.9644,1.9645,4.40,0.80
2008.04.30 06:29:56.472,1.9644,1.96455,5.20,0.80
2008.04.30 06:29:56.789,1.9644,1.96455,5.40,0.80
2008.04.30 06:29:57.088,1.9644,1.9645,5.40,0.80
2008.04.30 06:30:00.376,1.9644,1.96455,5.40,0.80
2008.04.30 06:30:01.760,1.9644,1.96455,4.60,0.80
2008.04.30 06:30:02.029,1.9644,1.96455,4.40,0.80
2008.04.30 06:30:02.386,1.9644,1.96455,5.40,0.80
2008.04.30 06:30:02.507,1.9644,1.96455,7.80,0.80
2008.04.30 06:30:02.627,1.96445,1.9646,0.20,2.40
2008.04.30 06:30:02.759,1.96445,1.9646,0.20,1.60
2008.04.30 06:30:03.664,1.9644,1.96455,7.60,0.80
2008.04.30 06:30:04.171,1.96445,1.9646,0.20,1.60
2008.04.30 06:30:04.847,1.96445,1.9646,0.20,6.50
2008.04.30 06:30:04.928,1.96445,1.9646,0.20,21.40
2008.04.30 06:30:05.007,1.96445,1.9646,0.20,23.00
2008.04.30 06:30:05.237,1.9644,1.9646,0.20,26.20
2008.04.30 06:30:05.363,1.9644,1.96455,0.20,0.20
2008.04.30 06:30:05.479,1.9644,1.96455,0.20,1.70
2008.04.30 06:30:05.806,1.9644,1.9645,0.20,2.40
2008.04.30 06:30:05.921,1.9644,1.9645,0.20,4.00
2008.04.30 06:30:06.037,1.9644,1.9645,0.20,8.80
2008.04.30 06:30:06.205,1.9643,1.9645,4.90,8.80
2008.04.30 06:30:07.990,1.9643,1.9645,0.90,8.80
2008.04.30 06:30:08.280,1.9643,1.9644,0.80,0.80
2008.04.30 06:30:08.512,1.9643,1.9644,0.50,0.80
2008.04.30 06:30:09.468,1.96425,1.9644,0.90,0.80
2008.04.30 06:30:10.259,1.96425,1.9644,0.20,0.80
2008.04.30 06:30:10.541,1.9642,1.9644,5.30,0.80
2008.04.30 06:30:10.617,1.9642,1.9644,1.30,0.80
2008.04.30 06:30:10.769,1.9642,1.96435,0.90,0.80
2008.04.30 06:30:12.787,1.9642,1.96435,1.30,0.80
2008.04.30 06:30:12.956,1.9642,1.96435,3.70,0.80
2008.04.30 06:30:13.263,1.9642,1.9644,3.70,0.80
2008.04.30 06:30:13.383,1.9642,1.9644,4.50,0.80
2008.04.30 06:30:13.767,1.96425,1.96445,0.20,0.80
2008.04.30 06:30:15.403,1.9642,1.9644,4.90,0.80
2008.04.30 06:30:15.889,1.9642,1.9644,5.30,0.80
2008.04.30 06:30:16.837,1.9642,1.9645,5.30,12.90
2008.04.30 06:30:16.927,1.9642,1.9645,10.50,12.90
2008.04.30 06:30:17.236,1.9642,1.9645,10.50,10.50
2008.04.30 06:30:17.341,1.9642,1.9645,9.30,10.50
2008.04.30 06:30:17.438,1.9643,1.9645,1.00,10.50
2008.04.30 06:30:17.996,1.9642,1.9645,13.30,10.50
2008.04.30 06:30:18.141,1.9642,1.9645,13.80,10.50
2008.04.30 06:30:18.286,1.9642,1.9645,21.80,10.50
2008.04.30 06:30:18.433,1.9643,1.9645,0.20,8.80
2008.04.30 06:30:18.579,1.9643,1.9645,0.20,8.00
2008.04.30 06:30:19.438,1.96425,1.96445,4.90,0.80
2008.04.30 06:30:19.900,1.9643,1.96445,0.20,0.80
2008.04.30 06:30:19.975,1.9643,1.96445,4.10,0.80
2008.04.30 06:30:20.116,1.9643,1.9645,4.10,8.00
2008.04.30 06:30:20.677,1.9643,1.9645,4.10,10.40
2008.04.30 06:30:20.743,1.9643,1.9645,0.20,10.80
2008.04.30 06:30:21.252,1.96425,1.96445,4.90,0.80
2008.04.30 06:30:21.835,1.9643,1.9645,0.20,10.80
2008.04.30 06:30:22.638,1.9643,1.9645,4.10,10.80
2008.04.30 06:30:25.303,1.9643,1.9645,4.90,10.80
2008.04.30 06:30:25.385,1.9643,1.9645,5.50,6.80
2008.04.30 06:30:25.482,1.9643,1.9645,7.90,4.40
2008.04.30 06:30:25.626,1.96435,1.9645,4.00,4.40
2008.04.30 06:30:25.720,1.9644,1.9645,0.20,4.40
2008.04.30 06:30:25.950,1.9644,1.9645,0.20,2.80
2008.04.30 06:30:34.596,1.9643,1.9645,11.00,3.60
2008.04.30 06:30:34.940,1.9645,1.96455,0.60,0.60
2008.04.30 06:30:35.034,1.9643,1.9645,11.00,3.60
2008.04.30 06:30:35.113,1.9644,1.9645,0.20,2.80
2008.04.30 06:30:35.638,1.9644,1.9645,0.20,4.40
2008.04.30 06:30:36.136,1.9643,1.9645,11.80,3.60
2008.04.30 06:30:37.874,1.9644,1.9645,0.20,2.80
2008.04.30 06:30:45.569,1.9644,1.9645,0.20,4.40
2008.04.30 06:30:45.824,1.9644,1.9645,4.10,2.80
2008.04.30 06:30:45.951,1.9645,1.96455,1.60,0.60
2008.04.30 06:30:46.088,1.9645,1.9646,4.60,2.40
2008.04.30 06:30:46.202,1.9645,1.9647,7.00,14.00
2008.04.30 06:30:46.327,1.9645,1.9647,7.00,13.20
2008.04.30 06:30:46.463,1.96465,1.9647,0.80,9.20
2008.04.30 06:30:46.624,1.96465,1.9647,0.90,4.00
2008.04.30 06:30:46.784,1.96465,1.9647,0.90,1.60
2008.04.30 06:30:47.133,1.96465,1.96475,0.90,0.80
2008.04.30 06:30:48.093,1.96465,1.9648,0.90,2.40
2008.04.30 06:30:49.832,1.96465,1.9648,0.90,0.80
2008.04.30 06:30:51.153,1.9647,1.9648,0.20,0.80
2008.04.30 06:30:51.179,1.9647,1.9648,4.10,0.80
2008.04.30 06:30:52.676,1.9647,1.96485,4.10,0.80
2008.04.30 06:30:52.921,1.9647,1.96485,4.90,0.80
2008.04.30 06:30:52.955,1.9647,1.96485,8.90,0.80
2008.04.30 06:30:53.103,1.9647,1.9649,8.90,0.80
2008.04.30 06:30:53.160,1.9647,1.9649,8.10,0.80
2008.04.30 06:30:53.425,1.9647,1.9649,8.60,0.80
2008.04.30 06:30:53.470,1.9647,1.9649,12.60,0.80
2008.04.30 06:30:53.860,1.96475,1.9649,0.80,0.80
2008.04.30 06:30:54.128,1.96475,1.9649,0.90,0.80
2008.04.30 06:30:59.245,1.96475,1.96495,0.90,0.80
2008.04.30 06:31:02.854,1.96495,1.965,0.80,9.20
2008.04.30 06:31:03.063,1.96495,1.965,0.90,2.00
2008.04.30 06:31:04.533,1.965,1.9651,4.00,8.00
2008.04.30 06:31:04.622,1.965,1.9651,4.10,8.00
2008.04.30 06:31:05.367,1.9651,1.96525,0.80,1.90
2008.04.30 06:31:05.598,1.9651,1.9653,0.90,8.00
2008.04.30 06:31:05.888,1.96515,1.9653,0.80,8.00
2008.04.30 06:31:06.258,1.96515,1.9652,0.90,0.80
2008.04.30 06:31:08.214,1.96515,1.96525,0.90,0.80
2008.04.30 06:31:10.937,1.96515,1.9653,0.90,0.80
2008.04.30 06:31:11.306,1.9652,1.9653,4.00,0.80
2008.04.30 06:31:11.917,1.9652,1.96535,4.00,0.80
2008.04.30 06:31:12.102,1.9652,1.96535,4.80,0.80
2008.04.30 06:31:12.266,1.9652,1.96535,5.60,0.80
2008.04.30 06:31:12.442,1.96525,1.96535,0.80,0.80
2008.04.30 06:31:12.791,1.96525,1.9654,0.90,4.10
2008.04.30 06:31:12.967,1.96525,1.96535,0.20,0.80
2008.04.30 06:31:13.245,1.9652,1.96535,14.20,0.80
2008.04.30 06:31:13.446,1.96525,1.9654,0.20,3.30
2008.04.30 06:31:13.586,1.9653,1.9654,4.00,3.30
2008.04.30 06:31:13.752,1.9653,1.9654,4.00,4.10
2008.04.30 06:31:13.901,1.9653,1.9654,4.00,3.90
2008.04.30 06:31:14.042,1.9654,1.96545,0.80,0.80
2008.04.30 06:31:14.315,1.9654,1.96545,4.90,0.80
2008.04.30 06:31:14.590,1.96545,1.9656,0.80,12.00
2008.04.30 06:31:14.858,1.96545,1.9656,0.90,12.00
2008.04.30 06:31:15.131,1.9655,1.9656,0.90,12.00
2008.04.30 06:31:15.440,1.9655,1.9656,4.90,8.00
2008.04.30 06:31:16.136,1.9656,1.9657,0.20,0.70
2008.04.30 06:31:16.331,1.9655,1.9656,4.10,8.00
2008.04.30 06:31:17.068,1.9656,1.96565,4.10,0.80
2008.04.30 06:31:17.658,1.9655,1.9656,1.10,0.60
2008.04.30 06:31:18.025,1.9656,1.96565,4.10,0.80
2008.04.30 06:31:18.212,1.9657,1.96575,4.10,1.70
2008.04.30 06:31:18.641,1.9657,1.96575,4.00,2.50
2008.04.30 06:31:18.856,1.9654,1.9657,1.70,3.20
2008.04.30 06:31:19.071,1.96545,1.96565,0.80,0.80
2008.04.30 06:31:19.554,1.96545,1.9656,0.80,0.80
2008.04.30 06:31:20.061,1.96545,1.96565,0.80,0.80
2008.04.30 06:31:20.322,1.96545,1.9656,0.80,0.80
2008.04.30 06:31:20.473,1.96545,1.96565,0.80,0.80
2008.04.30 06:31:20.624,1.9655,1.9657,0.90,3.30
2008.04.30 06:31:20.921,1.9655,1.96565,1.60,0.80
2008.04.30 06:31:21.933,1.9655,1.96565,0.80,0.80
2008.04.30 06:31:22.098,1.9655,1.96565,4.80,0.80
2008.04.30 06:31:22.265,1.9655,1.9657,0.90,7.30
2008.04.30 06:31:22.386,1.9655,1.9657,0.90,7.50
2008.04.30 06:31:22.581,1.9655,1.9656,0.20,2.40
2008.04.30 06:31:22.671,1.96545,1.9656,0.20,2.80
2008.04.30 06:31:23.164,1.96545,1.9656,0.20,5.20
2008.04.30 06:31:25.013,1.9654,1.96555,3.60,0.80
2008.04.30 06:31:25.412,1.9654,1.96555,4.40,0.80
2008.04.30 06:31:25.559,1.9655,1.96555,0.80,0.80
2008.04.30 06:31:25.715,1.9655,1.9656,0.80,3.60
2008.04.30 06:31:26.073,1.9654,1.9656,7.80,3.60
2008.04.30 06:31:26.230,1.9654,1.96555,3.80,0.80
2008.04.30 06:31:27.411,1.9654,1.96555,3.60,0.80
2008.04.30 06:31:28.800,1.96545,1.9656,0.20,13.20
2008.04.30 06:31:29.008,1.9655,1.9656,0.20,6.80
2008.04.30 06:31:30.526,1.9655,1.9656,0.20,8.40
2008.04.30 06:31:30.611,1.9655,1.9656,0.20,11.60
2008.04.30 06:31:30.873,1.9654,1.9656,4.10,12.40
2008.04.30 06:31:30.957,1.9654,1.9656,4.10,12.60
2008.04.30 06:31:31.042,1.9654,1.9655,0.20,2.40
2008.04.30 06:31:31.325,1.9653,1.9655,4.10,2.40
2008.04.30 06:31:31.664,1.9653,1.96545,0.20,0.80
2008.04.30 06:31:32.973,1.96525,1.96545,4.10,0.80
2008.04.30 06:31:33.102,1.96525,1.9654,4.10,2.40
2008.04.30 06:31:33.584,1.96525,1.9654,4.10,2.80
2008.04.30 06:31:33.824,1.96525,1.9654,4.10,5.20
2008.04.30 06:31:34.064,1.96525,1.9653,4.10,9.40
2008.04.30 06:31:34.305,1.965,1.96505,4.00,2.40
2008.04.30 06:31:34.559,1.9648,1.9649,8.10,0.80
2008.04.30 06:31:34.725,1.9647,1.9649,10.50,1.60
2008.04.30 06:31:35.054,1.9647,1.9648,8.10,0.20
2008.04.30 06:31:35.223,1.96465,1.9648,0.20,1.70
2008.04.30 06:31:35.399,1.96465,1.9648,0.20,1.60
2008.04.30 06:31:35.600,1.9648,1.9649,4.00,0.80
2008.04.30 06:31:35.811,1.9648,1.9649,4.00,2.40
2008.04.30 06:31:36.076,1.9648,1.9649,4.00,10.40
2008.04.30 06:31:36.495,1.9647,1.9648,0.20,0.80
2008.04.30 06:31:36.725,1.9648,1.9649,4.00,1.60
2008.04.30 06:31:37.225,1.9648,1.9649,4.00,2.40
2008.04.30 06:31:37.371,1.9648,1.9649,4.00,2.50
2008.04.30 06:31:37.730,1.9647,1.9649,4.10,4.10
2008.04.30 06:31:38.680,1.9647,1.9649,4.10,3.30
2008.04.30 06:31:38.785,1.9648,1.9649,4.00,3.30
2008.04.30 06:31:38.965,1.9648,1.9649,4.00,3.20
2008.04.30 06:31:39.172,1.9648,1.9649,4.00,1.60
2008.04.30 06:31:39.278,1.9648,1.96495,4.00,1.70
2008.04.30 06:31:39.504,1.9649,1.96495,4.00,1.60
2008.04.30 06:31:39.784,1.9649,1.965,4.00,3.30
2008.04.30 06:31:40.065,1.9649,1.965,4.00,3.20
2008.04.30 06:31:40.345,1.9648,1.96505,4.10,0.80
2008.04.30 06:31:40.730,1.9648,1.96505,0.20,0.80
2008.04.30 06:31:41.248,1.9648,1.9651,0.20,3.30
2008.04.30 06:31:41.472,1.9648,1.96495,0.20,0.20
2008.04.30 06:31:41.873,1.9647,1.9649,4.00,1.60
2008.04.30 06:31:42.170,1.9647,1.9649,4.10,1.60
2008.04.30 06:31:43.311,1.9647,1.9649,4.10,2.40
2008.04.30 06:31:43.680,1.9647,1.9649,4.10,1.60
2008.04.30 06:31:44.583,1.9647,1.9649,4.90,3.20
2008.04.30 06:31:44.708,1.96475,1.9649,0.20,5.60
2008.04.30 06:31:44.834,1.96475,1.9649,0.20,7.20
2008.04.30 06:31:45.014,1.96475,1.9649,0.20,10.40
2008.04.30 06:31:45.195,1.96475,1.9649,0.20,5.10
2008.04.30 06:31:45.375,1.96475,1.9649,0.20,2.70
2008.04.30 06:31:45.746,1.9647,1.9649,8.10,0.80
2008.04.30 06:31:46.579,1.9647,1.96495,8.10,1.60
2008.04.30 06:31:47.405,1.9648,1.96495,0.80,1.60
2008.04.30 06:31:47.511,1.96485,1.96495,0.80,1.60
2008.04.30 06:31:47.613,1.96485,1.9649,0.90,0.80
2008.04.30 06:31:47.812,1.96485,1.9649,0.90,2.40
2008.04.30 06:31:48.135,1.96485,1.9649,0.90,1.60
2008.04.30 06:31:50.592,1.96485,1.965,0.90,1.60
2008.04.30 06:31:51.874,1.96485,1.9651,0.90,1.60
2008.04.30 06:31:52.049,1.96485,1.9649,0.20,4.10
2008.04.30 06:31:52.225,1.9648,1.96485,1.60,1.60
2008.04.30 06:31:52.374,1.96475,1.96485,4.10,1.60
2008.04.30 06:31:52.523,1.96485,1.9649,0.80,19.00
2008.04.30 06:31:52.598,1.96485,1.9649,0.90,9.60
2008.04.30 06:31:52.676,1.96485,1.9649,0.90,1.60
2008.04.30 06:31:52.750,1.96485,1.965,0.90,2.40
2008.04.30 06:31:53.127,1.96485,1.9649,0.90,1.60
2008.04.30 06:31:53.515,1.96485,1.96515,0.90,2.40
2008.04.30 06:31:53.823,1.9648,1.9652,0.20,3.20
2008.04.30 06:31:54.129,1.9647,1.96485,8.10,1.60
2008.04.30 06:31:54.441,1.9648,1.96485,4.00,1.60
2008.04.30 06:31:54.552,1.9648,1.96485,4.00,1.60
2008.04.30 06:31:54.663,1.9648,1.96485,0.20,0.60
2008.04.30 06:31:54.773,1.9648,1.96505,0.20,2.40
2008.04.30 06:31:55.238,1.9648,1.96505,4.00,1.60
2008.04.30 06:31:55.498,1.9648,1.9649,4.00,0.20
2008.04.30 06:31:55.619,1.96475,1.9649,0.20,8.90
2008.04.30 06:31:55.750,1.9647,1.96485,4.10,1.60
2008.04.30 06:31:55.989,1.9648,1.96485,0.80,1.60
2008.04.30 06:31:56.108,1.9648,1.96485,8.00,1.60
2008.04.30 06:31:56.229,1.9648,1.9649,1.70,2.40
2008.04.30 06:31:56.565,1.9648,1.965,0.20,0.80
2008.04.30 06:31:56.902,1.9648,1.965,0.20,2.40
2008.04.30 06:31:57.239,1.9648,1.965,8.10,2.40
2008.04.30 06:31:57.441,1.9648,1.96495,8.10,0.20
2008.04.30 06:31:57.547,1.9648,1.9649,0.20,0.80
2008.04.30 06:31:57.653,1.9648,1.9649,0.20,4.80
2008.04.30 06:31:57.758,1.96475,1.9649,4.10,10.40
2008.04.30 06:31:58.078,1.96475,1.9649,4.10,11.60
2008.04.30 06:31:58.185,1.96475,1.9649,4.10,5.60
2008.04.30 06:31:58.290,1.9648,1.9649,0.20,4.00
2008.04.30 06:31:58.508,1.9648,1.9649,0.20,1.60
2008.04.30 06:31:58.826,1.96475,1.96495,4.10,0.80
2008.04.30 06:31:59.272,1.9648,1.965,0.20,14.20
2008.04.30 06:31:59.425,1.9648,1.96495,0.20,0.20
2008.04.30 06:31:59.641,1.9648,1.9649,0.20,4.80
2008.04.30 06:31:59.772,1.96475,1.9649,4.10,10.40
2008.04.30 06:32:00.019,1.96475,1.9649,4.10,10.80
2008.04.30 06:32:00.151,1.96475,1.9649,4.10,8.00
2008.04.30 06:32:00.281,1.9648,1.9649,0.20,1.60
2008.04.30 06:32:00.764,1.96475,1.9649,4.10,1.60
2008.04.30 06:32:01.045,1.96475,1.9649,4.10,4.00
2008.04.30 06:32:01.372,1.96475,1.9649,4.10,12.00
2008.04.30 06:32:01.613,1.96475,1.9649,4.10,10.40
2008.04.30 06:32:01.704,1.96475,1.9649,4.10,5.60
2008.04.30 06:32:01.793,1.96475,1.9649,4.10,1.60
2008.04.30 06:32:02.308,1.96475,1.96495,4.10,0.80
2008.04.30 06:32:02.450,1.96475,1.96495,4.10,0.90
2008.04.30 06:32:02.541,1.96475,1.9649,4.10,0.80
2008.04.30 06:32:02.619,1.96475,1.9649,4.10,2.40
2008.04.30 06:32:02.686,1.96475,1.9649,4.10,7.20
2008.04.30 06:32:02.837,1.96475,1.9649,4.10,12.80
2008.04.30 06:32:03.031,1.96475,1.9649,4.10,11.20
2008.04.30 06:32:03.088,1.96475,1.9649,4.10,9.60
2008.04.30 06:32:03.197,1.96475,1.9649,4.10,5.60
2008.04.30 06:32:03.305,1.96475,1.9649,4.10,1.60
2008.04.30 06:32:03.821,1.96475,1.96495,4.10,0.80
2008.04.30 06:32:03.906,1.96475,1.96495,0.20,0.80
2008.04.30 06:32:04.000,1.96475,1.96495,0.20,0.90
2008.04.30 06:32:04.087,1.96475,1.9649,0.20,1.60
2008.04.30 06:32:04.171,1.96475,1.9649,0.20,6.40
2008.04.30 06:32:04.340,1.96475,1.9649,0.20,12.00
2008.04.30 06:32:04.593,1.96475,1.9649,0.20,3.20
2008.04.30 06:32:04.856,1.96475,1.9649,0.20,1.60
2008.04.30 06:32:05.643,1.96475,1.9649,0.20,7.20
2008.04.30 06:32:05.813,1.96475,1.9649,0.20,12.00
2008.04.30 06:32:06.074,1.9647,1.96485,4.40,0.80
2008.04.30 06:32:06.165,1.9647,1.96485,8.40,0.80
2008.04.30 06:32:06.344,1.9647,1.96485,8.60,0.80
2008.04.30 06:32:06.572,1.9647,1.96485,12.60,0.80
2008.04.30 06:32:06.663,1.9647,1.96485,13.40,0.80
2008.04.30 06:32:07.159,1.9647,1.96485,3.00,0.80
2008.04.30 06:32:07.458,1.9647,1.96485,2.80,0.80
2008.04.30 06:32:07.607,1.9647,1.96485,7.80,0.80
2008.04.30 06:32:08.008,1.9647,1.96485,8.60,0.80
2008.04.30 06:32:08.093,1.9647,1.96485,12.60,0.80
2008.04.30 06:32:08.588,1.9647,1.96485,3.00,0.80
2008.04.30 06:32:08.673,1.9647,1.96485,2.80,0.80
2008.04.30 06:32:09.182,1.9647,1.96485,3.80,0.80
2008.04.30 06:32:09.296,1.9647,1.96485,7.80,0.80
2008.04.30 06:32:10.233,1.9647,1.96485,7.60,0.80
2008.04.30 06:32:10.473,1.9647,1.9648,3.60,0.80
2008.04.30 06:32:10.713,1.9647,1.9648,3.80,0.80
2008.04.30 06:32:10.883,1.9647,1.96485,3.80,0.80
2008.04.30 06:32:11.345,1.96475,1.9649,0.20,1.60
2008.04.30 06:32:11.572,1.96475,1.96485,0.20,0.20
2008.04.30 06:32:11.789,1.96475,1.9648,0.20,3.20
2008.04.30 06:32:12.231,1.96475,1.9648,0.20,10.80
2008.04.30 06:32:12.373,1.9646,1.9648,4.90,13.20
2008.04.30 06:32:12.689,1.96465,1.9648,0.20,8.40
2008.04.30 06:32:13.161,1.9647,1.9648,0.20,8.40
2008.04.30 06:32:15.044,1.9647,1.96475,0.20,0.20
2008.04.30 06:32:15.099,1.9646,1.9647,6.80,8.80
2008.04.30 06:32:15.195,1.96455,1.9646,5.20,2.40
2008.04.30 06:32:15.242,1.96455,1.9647,4.00,14.80
2008.04.30 06:32:15.286,1.96455,1.9647,4.10,20.40
2008.04.30 06:32:15.333,1.96455,1.9647,4.10,24.10
2008.04.30 06:32:15.809,1.9645,1.9647,1.70,2.40
2008.04.30 06:32:16.121,1.9646,1.9647,8.00,1.60
2008.04.30 06:32:16.287,1.9646,1.9648,8.10,1.60
2008.04.30 06:32:16.684,1.9646,1.9648,4.10,3.30
2008.04.30 06:32:16.925,1.9646,1.9648,4.00,4.90
2008.04.30 06:32:17.166,1.9645,1.9648,4.10,4.90
2008.04.30 06:32:18.845,1.9645,1.9648,5.30,4.90
2008.04.30 06:32:18.979,1.9645,1.9648,4.10,4.90
2008.04.30 06:32:19.125,1.9646,1.9648,12.00,4.90
2008.04.30 06:32:19.278,1.96475,1.9648,0.20,4.90
2008.04.30 06:32:19.700,1.9647,1.9648,0.20,4.90
2008.04.30 06:32:21.165,1.9647,1.9648,0.20,4.80
2008.04.30 06:32:21.406,1.96455,1.9648,0.20,1.60
2008.04.30 06:32:21.771,1.9646,1.9648,0.20,1.60
2008.04.30 06:32:21.982,1.9646,1.96475,0.20,0.80
2008.04.30 06:32:22.610,1.9646,1.96475,4.10,0.80
2008.04.30 06:32:23.141,1.9646,1.96475,0.20,0.80
2008.04.30 06:32:23.490,1.9646,1.96475,0.90,0.80
2008.04.30 06:32:23.646,1.9646,1.96475,2.50,0.80
2008.04.30 06:32:24.025,1.9646,1.96475,1.70,0.80
2008.04.30 06:32:24.264,1.96455,1.96475,0.90,0.80
2008.04.30 06:32:34.957,1.96455,1.96475,4.90,0.80
2008.04.30 06:32:35.086,1.9646,1.9648,0.20,4.40
2008.04.30 06:32:36.039,1.9646,1.9648,0.90,4.40
2008.04.30 06:32:36.143,1.9646,1.9648,0.90,3.60
2008.04.30 06:32:36.249,1.9646,1.9648,2.50,3.20
2008.04.30 06:32:36.443,1.9646,1.9648,6.50,0.80
2008.04.30 06:32:38.225,1.9646,1.9648,11.30,0.80
2008.04.30 06:32:38.374,1.96465,1.96485,0.20,0.80
2008.04.30 06:32:39.079,1.96465,1.96485,0.90,0.80
2008.04.30 06:32:40.211,1.9646,1.9648,14.50,0.80
2008.04.30 06:32:40.367,1.9646,1.9648,11.30,0.80
2008.04.30 06:32:40.522,1.9646,1.9648,10.50,0.80
2008.04.30 06:32:42.064,1.9646,1.9648,9.70,0.80
2008.04.30 06:32:42.213,1.9646,1.9648,5.70,4.80
2008.04.30 06:32:42.358,1.9646,1.9648,4.10,4.50
2008.04.30 06:32:42.668,1.9646,1.9647,4.00,0.80
2008.04.30 06:32:42.864,1.9645,1.9647,21.40,0.80
2008.04.30 06:32:43.059,1.9645,1.9647,17.40,0.80
2008.04.30 06:32:43.266,1.9646,1.9648,0.20,7.40
2008.04.30 06:32:44.778,1.96455,1.96475,0.20,0.80
2008.04.30 06:32:47.556,1.96455,1.96475,0.90,0.80
2008.04.30 06:32:56.139,1.9646,1.96475,0.20,0.80
2008.04.30 06:32:56.229,1.9646,1.96475,4.10,0.80
2008.04.30 06:32:56.644,1.9646,1.96475,4.00,0.80
2008.04.30 06:32:56.791,1.96455,1.96475,0.90,0.80
2008.04.30 06:32:56.970,1.96455,1.9647,0.90,0.80
2008.04.30 06:32:57.169,1.9646,1.9648,0.20,6.00
2008.04.30 06:32:57.468,1.9646,1.9648,4.10,6.00
2008.04.30 06:32:57.679,1.9646,1.9648,4.10,6.00
2008.04.30 06:32:57.902,1.9646,1.9648,0.20,7.60
2008.04.30 06:32:58.103,1.9646,1.9648,0.20,12.40
2008.04.30 06:32:58.314,1.9645,1.9648,16.60,11.60
2008.04.30 06:32:59.204,1.9646,1.9648,4.00,6.80
2008.04.30 06:32:59.346,1.96465,1.9648,0.20,5.20
2008.04.30 06:33:04.299,1.96465,1.9648,0.20,9.20
2008.04.30 06:33:04.434,1.9646,1.9648,4.10,12.40
2008.04.30 06:33:05.601,1.9646,1.96475,4.10,0.20
2008.04.30 06:33:05.706,1.9646,1.9647,4.10,2.40
2008.04.30 06:33:05.756,1.9646,1.9647,0.20,2.40
2008.04.30 06:33:05.807,1.9646,1.9647,0.20,7.20
2008.04.30 06:33:05.856,1.96455,1.9647,4.00,11.20
2008.04.30 06:33:05.906,1.9645,1.9647,8.60,11.20
2008.04.30 06:33:06.126,1.9645,1.9647,9.40,9.60
2008.04.30 06:33:06.346,1.9645,1.9647,17.40,4.00
2008.04.30 06:33:06.566,1.96455,1.9647,0.20,1.60
2008.04.30 06:33:06.787,1.96455,1.96475,0.20,0.80
2008.04.30 06:33:08.171,1.9645,1.9647,9.70,0.80
2008.04.30 06:33:08.618,1.9645,1.9647,9.70,0.90
2008.04.30 06:33:08.774,1.9645,1.9647,4.10,2.50
2008.04.30 06:33:08.931,1.9645,1.9646,4.10,0.80
2008.04.30 06:33:09.642,1.9646,1.9647,0.20,5.60
2008.04.30 06:33:09.727,1.9646,1.9647,4.10,5.60
2008.04.30 06:33:10.216,1.9646,1.9647,0.20,5.60
2008.04.30 06:33:10.360,1.9646,1.9647,0.20,2.40
2008.04.30 06:33:10.948,1.9646,1.9647,0.20,5.60
2008.04.30 06:33:11.237,1.9646,1.9647,0.20,6.40
2008.04.30 06:33:11.369,1.9646,1.9647,0.20,4.80
2008.04.30 06:33:11.478,1.9646,1.9647,0.20,0.80
2008.04.30 06:33:11.836,1.9646,1.96475,0.20,0.80
2008.04.30 06:33:12.410,1.9646,1.9648,0.20,8.40
2008.04.30 06:33:12.594,1.9646,1.9648,0.90,8.40
2008.04.30 06:33:12.670,1.9646,1.9648,0.90,7.60
2008.04.30 06:33:12.800,1.9646,1.9648,4.90,7.20
2008.04.30 06:33:12.867,1.9646,1.9648,6.50,3.20
2008.04.30 06:33:12.931,1.9646,1.9648,6.50,2.40
2008.04.30 06:33:12.997,1.9646,1.9648,4.90,2.40
2008.04.30 06:33:13.226,1.9646,1.96475,4.90,0.80
2008.04.30 06:33:14.742,1.9646,1.9648,4.90,2.40
2008.04.30 06:33:16.666,1.9646,1.9648,6.00,2.40
2008.04.30 06:33:16.824,1.9647,1.9648,0.20,2.40
2008.04.30 06:33:17.297,1.9646,1.9648,0.90,2.40
2008.04.30 06:33:18.061,1.9646,1.96475,0.90,0.80
2008.04.30 06:33:19.616,1.9646,1.96475,0.20,0.80
2008.04.30 06:33:19.876,1.9646,1.96475,1.30,0.80
2008.04.30 06:33:20.015,1.9646,1.96475,0.20,0.80
2008.04.30 06:33:20.134,1.9646,1.9648,0.20,2.40
2008.04.30 06:33:20.256,1.9646,1.9648,0.90,2.40
2008.04.30 06:33:22.131,1.9646,1.9648,0.20,2.40
2008.04.30 06:33:22.363,1.9646,1.9648,0.20,8.00
2008.04.30 06:33:22.637,1.9646,1.9648,0.20,7.20
2008.04.30 06:33:22.724,1.9646,1.9648,0.90,7.20
2008.04.30 06:33:24.349,1.9646,1.96475,0.90,0.80
2008.04.30 06:33:25.772,1.9646,1.9648,0.90,7.20
2008.04.30 06:33:27.908,1.9646,1.9647,0.80,0.80
2008.04.30 06:33:28.416,1.9646,1.9648,0.90,7.20
2008.04.30 06:33:29.748,1.9646,1.9648,0.20,7.20
2008.04.30 06:33:31.981,1.9646,1.9647,0.20,0.80
2008.04.30 06:33:32.048,1.9646,1.9647,0.90,0.80
2008.04.30 06:33:32.428,1.9646,1.96465,0.90,0.80
2008.04.30 06:33:32.740,1.9646,1.96465,8.10,0.80
2008.04.30 06:33:32.790,1.9646,1.9647,8.10,0.80
2008.04.30 06:33:32.839,1.9646,1.9647,8.90,0.80
2008.04.30 06:33:32.955,1.9646,1.96475,8.90,0.80
2008.04.30 06:33:33.206,1.9646,1.96475,4.90,0.80
2008.04.30 06:33:33.507,1.96465,1.96475,0.90,0.80
2008.04.30 06:33:39.863,1.9647,1.9649,0.20,9.20
2008.04.30 06:33:41.937,1.9647,1.9649,0.20,13.20
2008.04.30 06:33:46.203,1.96465,1.9648,0.90,0.80
2008.04.30 06:33:46.721,1.96465,1.96485,0.90,0.80
2008.04.30 06:34:00.405,1.9647,1.9649,0.20,13.20
2008.04.30 06:34:00.932,1.9647,1.9649,0.20,9.20
2008.04.30 06:34:01.472,1.96465,1.96485,4.90,0.80
2008.04.30 06:34:01.992,1.9647,1.9649,0.20,9.20
2008.04.30 06:34:02.472,1.96465,1.96485,4.90,0.80
2008.04.30 06:34:02.658,1.9647,1.96485,0.80,0.80
2008.04.30 06:34:02.816,1.9647,1.96485,12.00,0.80
2008.04.30 06:34:03.017,1.96485,1.9649,0.20,6.80
2008.04.30 06:34:03.092,1.96485,1.9649,0.20,2.80
2008.04.30 06:34:03.408,1.96485,1.965,0.20,25.60
2008.04.30 06:34:05.726,1.9648,1.96495,4.40,0.80
2008.04.30 06:34:10.440,1.9648,1.96495,5.20,0.80
2008.04.30 06:34:11.762,1.9648,1.96495,6.00,0.80
2008.04.30 06:34:11.856,1.9649,1.965,0.90,2.80
2008.04.30 06:34:12.008,1.9649,1.96505,0.90,0.80
2008.04.30 06:34:12.157,1.9649,1.96495,0.80,0.80
2008.04.30 06:34:12.468,1.9649,1.965,0.80,1.60
2008.04.30 06:34:13.312,1.9649,1.96505,0.80,0.80
2008.04.30 06:34:15.237,1.9649,1.96505,4.80,0.80
2008.04.30 06:34:15.372,1.9649,1.9651,4.90,0.80
2008.04.30 06:34:15.871,1.96495,1.9651,0.80,0.80
2008.04.30 06:34:16.018,1.96495,1.96515,0.90,0.80
2008.04.30 06:34:16.226,1.96495,1.96515,0.20,0.80
2008.04.30 06:34:16.992,1.965,1.9652,0.20,11.80
2008.04.30 06:34:18.407,1.965,1.9652,0.20,11.00
2008.04.30 06:34:18.563,1.965,1.9652,4.10,11.00
2008.04.30 06:34:18.879,1.96505,1.9652,0.80,3.20
2008.04.30 06:34:19.035,1.96505,1.9652,0.80,1.60
2008.04.30 06:34:19.296,1.9652,1.9653,0.20,2.40
2008.04.30 06:34:19.557,1.9652,1.9653,0.20,0.80
2008.04.30 06:34:22.071,1.9651,1.9653,0.20,0.80
2008.04.30 06:34:22.845,1.9651,1.96535,0.20,1.70
2008.04.30 06:34:23.123,1.9652,1.96535,0.20,1.70
2008.04.30 06:34:23.274,1.9652,1.96535,0.20,1.60
2008.04.30 06:34:23.562,1.9652,1.9654,0.20,3.30
2008.04.30 06:34:23.851,1.96515,1.9653,0.80,0.80
2008.04.30 06:34:24.151,1.9652,1.9653,0.20,0.80
2008.04.30 06:34:25.655,1.9652,1.96525,0.20,0.80
2008.04.30 06:34:27.121,1.9652,1.9654,0.20,9.60
2008.04.30 06:34:27.415,1.96515,1.9652,0.80,0.80
2008.04.30 06:34:28.286,1.9651,1.9652,2.50,0.80
2008.04.30 06:34:28.438,1.9651,1.9652,0.90,0.80
2008.04.30 06:34:29.752,1.9651,1.9652,0.20,0.80
2008.04.30 06:34:30.376,1.965,1.9651,14.70,0.80
2008.04.30 06:34:30.541,1.965,1.9651,6.50,0.80
2008.04.30 06:34:30.752,1.965,1.9651,2.50,0.80
2008.04.30 06:34:31.387,1.96505,1.96515,0.80,0.80
2008.04.30 06:34:31.849,1.965,1.96515,1.70,0.80
2008.04.30 06:34:32.005,1.965,1.96505,0.20,0.80
2008.04.30 06:34:32.921,1.9649,1.965,4.00,15.30
2008.04.30 06:34:33.106,1.965,1.96505,0.20,0.10
2008.04.30 06:34:33.292,1.9647,1.96485,4.10,1.60
2008.04.30 06:34:33.681,1.9647,1.96485,8.10,1.60
2008.04.30 06:34:34.091,1.9647,1.96485,4.10,1.60
2008.04.30 06:34:34.295,1.9647,1.96485,4.00,2.40
2008.04.30 06:34:34.500,1.9647,1.96485,0.20,1.60
2008.04.30 06:34:34.649,1.9647,1.96485,4.10,1.60
2008.04.30 06:34:35.058,1.9647,1.96485,0.20,1.60
2008.04.30 06:34:35.357,1.9647,1.96485,0.90,1.60
2008.04.30 06:34:35.508,1.96475,1.9649,0.20,0.80
2008.04.30 06:34:35.887,1.9648,1.9649,0.60,0.80
2008.04.30 06:34:36.117,1.96485,1.9649,0.20,0.80
2008.04.30 06:34:36.878,1.96485,1.9649,0.20,0.30
2008.04.30 06:34:37.326,1.96485,1.9649,0.20,0.50
2008.04.30 06:34:37.476,1.96485,1.9649,0.20,9.70
2008.04.30 06:34:37.627,1.96475,1.9649,4.10,15.50
2008.04.30 06:34:37.832,1.96475,1.9649,4.10,14.70
2008.04.30 06:34:38.243,1.9649,1.96495,0.80,3.60
2008.04.30 06:34:38.449,1.9649,1.96495,2.40,3.20
2008.04.30 06:34:38.656,1.9649,1.9651,2.50,8.00
2008.04.30 06:34:38.781,1.96495,1.9651,0.80,8.00
2008.04.30 06:34:39.158,1.96495,1.9651,0.90,8.00
2008.04.30 06:34:39.561,1.96495,1.9651,0.90,1.60
2008.04.30 06:34:39.882,1.96495,1.9651,0.90,2.40
2008.04.30 06:34:40.749,1.96495,1.96505,0.20,0.20
2008.04.30 06:34:41.091,1.9649,1.965,0.20,1.60
2008.04.30 06:34:43.451,1.96495,1.965,0.80,1.60
2008.04.30 06:34:43.596,1.96495,1.9651,0.90,2.40
2008.04.30 06:34:43.741,1.96495,1.9651,0.90,2.60
2008.04.30 06:34:44.473,1.96495,1.9651,0.90,1.80
2008.04.30 06:34:44.612,1.96495,1.9651,0.90,0.30
2008.04.30 06:34:44.771,1.96505,1.9651,0.80,0.30
2008.04.30 06:34:44.998,1.96505,1.9652,0.80,2.40
2008.04.30 06:34:45.071,1.96505,1.9652,0.90,0.80
2008.04.30 06:34:45.374,1.96505,1.96515,0.90,0.80
2008.04.30 06:34:46.231,1.96515,1.9653,0.80,10.00
2008.04.30 06:34:46.728,1.9652,1.9653,0.20,9.60
2008.04.30 06:34:48.540,1.96515,1.9653,0.90,8.00
2008.04.30 06:34:49.694,1.96515,1.96525,0.90,0.80
2008.04.30 06:34:50.152,1.96515,1.96525,0.80,0.80
2008.04.30 06:34:50.479,1.96515,1.9652,0.80,0.80
2008.04.30 06:34:51.864,1.9651,1.96515,3.30,0.80
2008.04.30 06:34:52.786,1.9651,1.96515,3.30,0.80
2008.04.30 06:34:52.958,1.9651,1.96515,2.50,0.80
2008.04.30 06:34:55.354,1.9651,1.96515,2.40,0.80
2008.04.30 06:34:55.872,1.9651,1.9652,2.40,0.80
2008.04.30 06:34:56.336,1.9651,1.96515,2.40,0.80
2008.04.30 06:34:58.684,1.9651,1.9654,2.50,13.70
2008.04.30 06:34:58.813,1.9651,1.96515,1.70,0.80
2008.04.30 06:34:58.953,1.9651,1.96515,0.20,0.80
2008.04.30 06:34:59.813,1.96505,1.96515,0.90,0.80
2008.04.30 06:35:00.659,1.9651,1.96515,0.20,0.80
2008.04.30 06:35:03.393,1.96505,1.96515,0.20,0.80
2008.04.30 06:35:03.695,1.965,1.96515,5.70,0.80
2008.04.30 06:35:03.797,1.965,1.96515,0.90,0.80
2008.04.30 06:35:03.886,1.965,1.96515,1.60,0.80
2008.04.30 06:35:03.938,1.965,1.9652,5.60,0.80
2008.04.30 06:35:04.459,1.965,1.9652,0.20,1.60
2008.04.30 06:35:04.627,1.965,1.9652,0.20,3.20
2008.04.30 06:35:04.970,1.965,1.96515,0.20,0.80
2008.04.30 06:35:05.298,1.965,1.9651,0.20,0.80
2008.04.30 06:35:05.462,1.965,1.96515,0.20,0.80
2008.04.30 06:35:06.498,1.9649,1.9651,15.80,0.80
2008.04.30 06:35:06.673,1.9649,1.9651,11.00,0.80
2008.04.30 06:35:06.779,1.9649,1.9651,15.00,0.80
2008.04.30 06:35:07.277,1.96495,1.9651,0.80,0.80
2008.04.30 06:35:07.486,1.96495,1.9651,0.90,0.80
2008.04.30 06:35:08.632,1.965,1.9651,0.20,0.80
2008.04.30 06:35:11.264,1.965,1.96515,0.20,0.80
2008.04.30 06:35:12.067,1.965,1.9651,0.20,0.80
2008.04.30 06:35:12.644,1.965,1.96515,0.20,0.80
2008.04.30 06:35:12.985,1.965,1.9651,0.20,0.80
2008.04.30 06:35:13.302,1.965,1.96515,0.20,0.80
2008.04.30 06:35:13.561,1.965,1.9652,0.20,1.60
2008.04.30 06:35:13.845,1.965,1.9652,0.20,2.40
2008.04.30 06:35:14.188,1.9651,1.9652,0.20,1.60
2008.04.30 06:35:14.599,1.965,1.9652,0.90,1.60
2008.04.30 06:35:15.008,1.96505,1.9652,0.80,1.60
2008.04.30 06:35:15.138,1.96505,1.9653,0.90,4.00
2008.04.30 06:35:15.667,1.9651,1.9652,0.20,0.80
2008.04.30 06:35:16.657,1.9651,1.96525,0.20,0.80
2008.04.30 06:35:16.939,1.9651,1.96525,2.50,0.80
2008.04.30 06:35:20.144,1.9651,1.9652,2.50,0.80
2008.04.30 06:35:20.466,1.9651,1.96525,2.50,0.80
2008.04.30 06:35:20.658,1.9651,1.9652,2.50,0.80
2008.04.30 06:35:20.868,1.9651,1.9654,2.50,13.70
2008.04.30 06:35:21.182,1.9651,1.9652,2.50,0.80
2008.04.30 06:35:21.685,1.9651,1.96525,2.50,0.80
2008.04.30 06:35:26.979,1.9651,1.96515,2.50,0.80
2008.04.30 06:35:27.404,1.9651,1.96515,0.90,0.80
2008.04.30 06:35:29.076,1.9651,1.96515,2.50,0.80
2008.04.30 06:35:30.801,1.9651,1.9652,2.50,0.80
2008.04.30 06:35:30.999,1.9651,1.9652,0.90,0.80
2008.04.30 06:35:31.099,1.9651,1.96515,0.90,0.80
2008.04.30 06:35:32.346,1.9651,1.9652,0.90,8.00
2008.04.30 06:35:36.342,1.9651,1.9652,0.20,8.00
2008.04.30 06:35:36.818,1.965,1.9652,4.10,8.00
2008.04.30 06:35:36.968,1.9651,1.9652,0.20,8.00
2008.04.30 06:35:37.114,1.9651,1.9652,0.20,8.00
2008.04.30 06:35:37.531,1.9651,1.9652,4.10,8.10
2008.04.30 06:35:38.557,1.9651,1.9652,4.10,2.50
2008.04.30 06:35:39.180,1.9651,1.9652,4.10,1.70
2008.04.30 06:35:41.403,1.9651,1.9652,0.20,9.70
2008.04.30 06:35:41.489,1.965,1.96505,4.10,0.80
2008.04.30 06:35:43.420,1.965,1.96505,8.10,0.80
2008.04.30 06:35:43.566,1.965,1.96515,11.30,0.80
2008.04.30 06:35:43.997,1.96505,1.96515,0.80,0.80
2008.04.30 06:35:44.142,1.96505,1.96515,0.90,0.80
2008.04.30 06:35:46.034,1.9651,1.9652,0.20,0.80
2008.04.30 06:35:47.346,1.9651,1.96525,0.20,0.80
2008.04.30 06:35:47.567,1.9651,1.9652,0.20,0.80
2008.04.30 06:35:47.646,1.9651,1.9652,4.10,0.80
2008.04.30 06:35:48.168,1.9651,1.9652,0.20,0.80
2008.04.30 06:35:48.963,1.9651,1.96515,4.10,0.80
2008.04.30 06:35:49.248,1.96505,1.96515,0.90,0.80
2008.04.30 06:35:49.656,1.9651,1.96525,0.20,0.80
2008.04.30 06:35:49.906,1.9651,1.9652,0.20,0.80
2008.04.30 06:35:50.153,1.9651,1.96515,0.20,0.80
2008.04.30 06:35:50.414,1.96505,1.96515,0.90,0.80
2008.04.30 06:35:51.454,1.9651,1.9652,0.20,0.80
2008.04.30 06:35:52.153,1.96505,1.96515,0.90,0.80
2008.04.30 06:35:54.766,1.9651,1.9652,0.20,0.80
2008.04.30 06:35:55.259,1.96505,1.96515,0.90,0.80
2008.04.30 06:35:56.228,1.9651,1.9653,0.20,3.20
2008.04.30 06:35:57.890,1.9651,1.9653,8.10,2.40
2008.04.30 06:35:58.105,1.9651,1.96535,4.10,1.70
2008.04.30 06:35:58.321,1.9651,1.96535,8.10,1.70
2008.04.30 06:35:59.012,1.9651,1.9653,4.10,0.80
2008.04.30 06:35:59.449,1.9651,1.9653,12.10,0.80
2008.04.30 06:35:59.714,1.9651,1.96535,12.10,1.70
2008.04.30 06:35:59.969,1.9651,1.96535,4.10,1.70
2008.04.30 06:36:01.528,1.9651,1.9653,4.10,0.80
2008.04.30 06:36:02.041,1.9651,1.9653,0.20,0.80
2008.04.30 06:36:02.086,1.9651,1.96525,0.20,0.80
2008.04.30 06:36:02.351,1.9651,1.9653,0.20,0.80
2008.04.30 06:36:02.503,1.9651,1.9653,0.90,0.80
2008.04.30 06:36:03.145,1.9651,1.96525,0.90,0.80
2008.04.30 06:36:03.340,1.9651,1.9653,0.90,0.80
2008.04.30 06:36:04.649,1.9651,1.9652,0.90,0.80
2008.04.30 06:36:05.128,1.9651,1.96525,0.90,0.80
2008.04.30 06:36:05.456,1.9651,1.9654,0.90,7.30
2008.04.30 06:36:05.723,1.9651,1.9653,0.90,0.80
2008.04.30 06:36:06.214,1.9651,1.9654,0.90,7.30
2008.04.30 06:36:06.369,1.9651,1.9653,4.90,0.80
2008.04.30 06:36:06.856,1.9651,1.9653,0.90,0.80
2008.04.30 06:36:07.474,1.9651,1.9653,4.90,0.80
2008.04.30 06:36:07.719,1.9651,1.9654,4.90,7.30
2008.04.30 06:36:08.732,1.9651,1.9653,4.90,0.80
2008.04.30 06:36:09.315,1.9651,1.9654,4.90,7.30
2008.04.30 06:36:10.235,1.9651,1.9653,4.90,0.80
2008.04.30 06:36:10.640,1.9651,1.9654,4.90,7.30
2008.04.30 06:36:14.723,1.9651,1.9653,4.90,0.80
2008.04.30 06:36:14.768,1.9651,1.9653,0.90,0.80
2008.04.30 06:36:15.033,1.9651,1.96525,0.90,0.80
2008.04.30 06:36:15.256,1.9651,1.9653,0.90,0.80
2008.04.30 06:36:15.991,1.9651,1.9653,4.90,0.80
2008.04.30 06:36:17.551,1.9651,1.9653,0.90,0.80
2008.04.30 06:36:17.603,1.9651,1.9653,0.90,8.80
2008.04.30 06:36:17.781,1.9651,1.96515,0.90,0.80
2008.04.30 06:36:21.997,1.9651,1.96515,0.20,0.80
2008.04.30 06:36:22.058,1.9651,1.96515,0.90,0.80
2008.04.30 06:36:22.119,1.9651,1.9652,0.80,0.80
2008.04.30 06:36:22.393,1.9651,1.9653,0.90,2.40
2008.04.30 06:36:22.573,1.9651,1.96525,0.90,0.20
2008.04.30 06:36:22.644,1.96505,1.96525,0.20,2.50
2008.04.30 06:36:22.928,1.9651,1.96525,4.00,2.50
2008.04.30 06:36:23.225,1.9651,1.9652,4.00,0.80
2008.04.30 06:36:23.826,1.9651,1.96525,4.80,0.80
2008.04.30 06:36:23.995,1.9651,1.96525,0.80,0.80
2008.04.30 06:36:24.166,1.9651,1.96525,1.20,0.80
2008.04.30 06:36:24.336,1.9651,1.96525,3.60,0.80
2008.04.30 06:36:25.054,1.9651,1.9653,3.80,7.60
2008.04.30 06:36:25.393,1.9651,1.9653,8.90,7.60
2008.04.30 06:36:25.575,1.9651,1.9653,7.80,7.60
2008.04.30 06:36:26.539,1.9651,1.9653,7.30,7.60
2008.04.30 06:36:26.675,1.9651,1.9653,4.90,15.80
2008.04.30 06:36:26.807,1.965,1.9652,15.60,0.80
2008.04.30 06:36:26.946,1.96505,1.96525,0.20,2.40
2008.04.30 06:36:27.313,1.9651,1.96525,0.80,2.40
2008.04.30 06:36:27.785,1.9651,1.9653,0.20,15.80
2008.04.30 06:36:27.895,1.9651,1.9653,0.20,16.60
2008.04.30 06:36:28.166,1.9651,1.9653,4.90,7.60
2008.04.30 06:36:28.436,1.9651,1.96525,4.90,0.80
2008.04.30 06:36:28.708,1.9653,1.9654,4.00,4.80
2008.04.30 06:36:28.977,1.96535,1.9655,0.20,11.60
2008.04.30 06:36:29.173,1.96535,1.9655,0.20,7.60
2008.04.30 06:36:29.378,1.9654,1.9655,0.20,7.60
2008.04.30 06:36:29.757,1.9654,1.9655,0.20,6.80
2008.04.30 06:36:29.962,1.96535,1.9655,0.20,6.80
2008.04.30 06:36:30.156,1.9653,1.96545,8.40,0.80
2008.04.30 06:36:30.386,1.9654,1.9655,0.20,6.80
2008.04.30 06:36:30.875,1.9653,1.9654,8.40,0.80
2008.04.30 06:36:31.107,1.9655,1.96555,1.60,2.40
2008.04.30 06:36:31.343,1.9655,1.9656,4.60,7.20
2008.04.30 06:36:31.562,1.9655,1.9656,4.60,3.20
2008.04.30 06:36:32.713,1.9655,1.9656,0.20,8.40
2008.04.30 06:36:32.949,1.96545,1.9656,0.20,12.40
2008.04.30 06:36:33.185,1.9654,1.9656,5.70,13.20
2008.04.30 06:36:33.393,1.96545,1.9656,0.20,12.40
2008.04.30 06:36:33.771,1.9654,1.9656,1.60,6.80
2008.04.30 06:36:34.401,1.9654,1.9656,0.80,6.80
2008.04.30 06:36:34.954,1.9654,1.9655,0.90,0.80
2008.04.30 06:36:35.139,1.96545,1.9656,0.20,4.40
2008.04.30 06:36:35.467,1.9654,1.9656,0.90,5.20
2008.04.30 06:36:35.836,1.96545,1.9656,0.20,4.40
2008.04.30 06:36:36.993,1.9654,1.9656,0.90,2.40
2008.04.30 06:36:37.255,1.9655,1.9656,0.80,2.40
2008.04.30 06:36:37.554,1.9655,1.9656,0.90,0.80
2008.04.30 06:36:39.426,1.9655,1.9657,0.90,9.60
2008.04.30 06:36:39.548,1.9655,1.9657,0.20,9.60
2008.04.30 06:36:40.033,1.9655,1.9657,0.90,9.60
2008.04.30 06:36:40.404,1.9655,1.9656,0.90,0.80
2008.04.30 06:36:40.634,1.9655,1.9656,0.20,0.80
2008.04.30 06:36:42.714,1.96545,1.9656,0.80,0.80
2008.04.30 06:36:43.045,1.9654,1.9656,11.30,0.80
2008.04.30 06:36:43.152,1.9654,1.9656,8.10,0.80
2008.04.30 06:36:44.473,1.9655,1.9656,4.00,0.80
2008.04.30 06:36:44.599,1.9655,1.96565,4.10,0.80
2008.04.30 06:36:44.725,1.9655,1.96565,4.00,0.80
2008.04.30 06:36:44.849,1.96545,1.96565,0.20,0.80
2008.04.30 06:36:45.521,1.96545,1.96565,0.90,0.80
2008.04.30 06:36:46.181,1.96545,1.9655,0.20,8.00
2008.04.30 06:36:46.401,1.9654,1.9655,4.10,8.00
2008.04.30 06:36:46.622,1.9654,1.9655,0.20,8.00
2008.04.30 06:36:46.930,1.9654,1.9656,4.10,9.70
2008.04.30 06:36:47.081,1.9654,1.96545,4.10,0.80
2008.04.30 06:36:47.393,1.9654,1.96555,4.10,0.80
2008.04.30 06:36:47.762,1.9654,1.96555,0.20,0.80
2008.04.30 06:36:47.983,1.9654,1.9656,0.20,1.70
2008.04.30 06:36:48.203,1.9654,1.9656,0.90,1.60
2008.04.30 06:36:48.423,1.9654,1.9657,2.50,5.70
2008.04.30 06:36:48.654,1.96545,1.9657,0.80,5.60
2008.04.30 06:36:48.834,1.96545,1.9657,0.90,4.80
2008.04.30 06:36:49.411,1.96545,1.9656,0.90,0.80
2008.04.30 06:36:49.592,1.96545,1.9655,0.20,0.20
2008.04.30 06:36:49.738,1.96535,1.96545,4.00,0.60
2008.04.30 06:36:49.884,1.96535,1.96545,4.10,0.60
2008.04.30 06:36:50.734,1.96535,1.9654,0.20,2.40
2008.04.30 06:36:50.834,1.9653,1.9654,0.80,3.20
2008.04.30 06:36:51.589,1.9652,1.96525,22.00,0.20
2008.04.30 06:36:51.664,1.9652,1.96525,0.20,0.90
2008.04.30 06:36:51.740,1.9651,1.9652,4.80,1.20
2008.04.30 06:36:51.815,1.9651,1.9652,4.80,3.60
2008.04.30 06:36:51.890,1.965,1.9652,12.60,4.40
2008.04.30 06:36:52.075,1.965,1.9652,11.00,4.40
2008.04.30 06:36:52.149,1.965,1.9652,7.00,4.40
2008.04.30 06:36:52.296,1.965,1.9652,3.00,4.40
2008.04.30 06:36:53.061,1.965,1.9652,7.00,4.40
2008.04.30 06:36:53.957,1.9651,1.9652,0.20,3.60
2008.04.30 06:36:54.672,1.965,1.9652,7.00,10.80
2008.04.30 06:36:55.113,1.965,1.9652,7.00,6.80
2008.04.30 06:36:55.327,1.965,1.9652,7.00,8.40
2008.04.30 06:36:55.724,1.965,1.9652,3.00,8.40
2008.04.30 06:36:56.277,1.965,1.9652,3.00,7.60
2008.04.30 06:36:56.463,1.965,1.9652,3.00,8.40
2008.04.30 06:36:56.651,1.965,1.9652,3.00,4.40
2008.04.30 06:36:56.836,1.965,1.9652,3.00,3.60
2008.04.30 06:36:57.651,1.965,1.9652,3.80,2.80
2008.04.30 06:36:57.785,1.965,1.96515,3.80,0.80
2008.04.30 06:36:58.067,1.96515,1.9652,0.80,4.40
2008.04.30 06:36:58.306,1.96515,1.9652,0.90,2.40
2008.04.30 06:36:58.428,1.96515,1.9653,0.90,12.00
2008.04.30 06:36:58.548,1.96515,1.9653,0.20,12.00
2008.04.30 06:36:58.790,1.9651,1.9653,2.50,12.00
2008.04.30 06:36:59.100,1.9651,1.9653,0.90,12.00
2008.04.30 06:36:59.411,1.9651,1.9653,0.90,9.60
2008.04.30 06:37:00.709,1.9651,1.9652,0.20,0.20
2008.04.30 06:37:00.884,1.965,1.96515,7.60,0.80
2008.04.30 06:37:01.049,1.965,1.96515,3.60,0.80
2008.04.30 06:37:01.376,1.965,1.9651,3.60,0.80
2008.04.30 06:37:02.065,1.965,1.9651,3.60,0.70
2008.04.30 06:37:02.404,1.965,1.9652,3.60,19.00
2008.04.30 06:37:02.575,1.965,1.9652,3.60,18.80
2008.04.30 06:37:02.745,1.965,1.9652,3.60,16.40
2008.04.30 06:37:02.914,1.965,1.9652,3.80,10.80
2008.04.30 06:37:04.021,1.965,1.9652,3.80,13.20
2008.04.30 06:37:04.325,1.965,1.9652,3.80,10.80
2008.04.30 06:37:05.545,1.965,1.9652,4.60,10.80
2008.04.30 06:37:05.757,1.965,1.9652,14.70,8.00
2008.04.30 06:37:05.968,1.96505,1.9652,0.20,10.40
2008.04.30 06:37:06.367,1.965,1.9652,13.10,10.40
2008.04.30 06:37:06.641,1.965,1.9652,11.50,10.40
2008.04.30 06:37:06.899,1.965,1.9652,11.50,8.00
2008.04.30 06:37:07.053,1.965,1.9652,7.50,8.00
2008.04.30 06:37:07.238,1.965,1.9652,3.80,10.50
2008.04.30 06:37:07.412,1.965,1.9651,3.60,0.80
2008.04.30 06:37:08.844,1.965,1.9651,2.80,0.80
2008.04.30 06:37:08.913,1.965,1.9651,3.00,0.80
2008.04.30 06:37:09.271,1.965,1.96515,3.00,0.80
2008.04.30 06:37:10.788,1.965,1.9651,3.00,0.80
2008.04.30 06:37:12.082,1.965,1.9651,3.00,0.90
2008.04.30 06:37:12.269,1.9649,1.96495,0.20,0.80
2008.04.30 06:37:13.533,1.9649,1.96495,0.90,0.80
2008.04.30 06:37:15.106,1.96505,1.9651,0.80,8.00
2008.04.30 06:37:16.069,1.965,1.9651,2.50,8.00
2008.04.30 06:37:16.308,1.965,1.9651,2.50,10.40
2008.04.30 06:37:16.758,1.965,1.9651,0.20,10.40
2008.04.30 06:37:16.983,1.9649,1.96495,1.70,0.80
2008.04.30 06:37:17.209,1.9649,1.96495,0.90,0.80
2008.04.30 06:37:19.203,1.9649,1.96495,5.70,0.80
2008.04.30 06:37:19.372,1.9649,1.965,5.70,0.80
2008.04.30 06:37:19.537,1.9649,1.965,6.20,0.80
2008.04.30 06:37:19.622,1.9649,1.965,8.60,0.80
2008.04.30 06:37:21.094,1.9649,1.965,4.60,0.80
2008.04.30 06:37:21.153,1.9649,1.965,3.80,0.80
2008.04.30 06:37:21.366,1.9649,1.965,3.60,0.80
2008.04.30 06:37:27.728,1.96495,1.9651,0.20,9.40
2008.04.30 06:37:27.922,1.9649,1.9651,3.80,10.20
2008.04.30 06:37:28.440,1.9649,1.9651,3.60,9.40
2008.04.30 06:37:28.599,1.9649,1.965,3.60,2.40
2008.04.30 06:37:28.908,1.9649,1.965,2.80,2.40
2008.04.30 06:37:29.880,1.9647,1.96485,4.90,0.80
2008.04.30 06:37:30.086,1.9647,1.96485,4.10,0.80
2008.04.30 06:37:30.292,1.96465,1.9649,4.00,16.60
2008.04.30 06:37:30.498,1.96465,1.9649,4.00,17.40
2008.04.30 06:37:30.707,1.96485,1.9649,0.20,10.00
2008.04.30 06:37:30.912,1.96485,1.9649,0.20,5.20
2008.04.30 06:37:31.164,1.96475,1.9648,0.20,0.80
2008.04.30 06:37:31.416,1.96465,1.9648,4.10,6.00
2008.04.30 06:37:31.665,1.9647,1.9648,0.20,6.00
2008.04.30 06:37:32.381,1.96465,1.9648,4.10,6.00
2008.04.30 06:37:33.913,1.9646,1.9647,4.40,6.40
2008.04.30 06:37:34.007,1.96455,1.9647,4.10,9.40
2008.04.30 06:37:35.666,1.96455,1.9647,4.10,9.20
2008.04.30 06:37:35.902,1.9646,1.9647,0.20,2.80
2008.04.30 06:37:38.145,1.9646,1.9647,0.20,3.00
2008.04.30 06:37:38.327,1.9646,1.9647,0.20,5.40
2008.04.30 06:37:38.517,1.96455,1.9647,4.10,9.40
2008.04.30 06:37:38.709,1.96455,1.9647,5.70,7.60
2008.04.30 06:37:38.880,1.9646,1.9648,3.00,22.20
2008.04.30 06:37:39.493,1.96465,1.9648,0.20,22.20
2008.04.30 06:37:40.128,1.96465,1.9648,0.20,18.20
2008.04.30 06:37:40.433,1.96465,1.9648,0.20,17.40
2008.04.30 06:37:40.681,1.96465,1.9648,0.20,14.20
2008.04.30 06:37:40.931,1.9646,1.9648,7.00,15.00
2008.04.30 06:37:41.183,1.96465,1.9648,0.80,14.80
2008.04.30 06:37:41.406,1.96465,1.9648,0.80,4.80
2008.04.30 06:37:41.628,1.96465,1.9648,0.90,0.80
2008.04.30 06:37:41.850,1.96465,1.96475,0.20,0.80
2008.04.30 06:37:42.072,1.9646,1.9649,11.90,5.70
2008.04.30 06:37:42.292,1.9646,1.9649,3.90,5.70
2008.04.30 06:37:42.477,1.9646,1.9648,3.90,0.80
2008.04.30 06:37:42.662,1.96465,1.9648,0.80,0.80
2008.04.30 06:37:42.848,1.96465,1.96485,0.90,0.80
2008.04.30 06:37:43.690,1.96465,1.9648,0.90,2.40
2008.04.30 06:37:44.267,1.96465,1.9647,0.20,9.70
2008.04.30 06:37:44.588,1.9645,1.9646,3.60,0.80
2008.04.30 06:37:45.627,1.9645,1.9646,3.60,0.90
2008.04.30 06:37:45.813,1.9643,1.9644,14.40,8.00
2008.04.30 06:37:45.999,1.9643,1.9644,10.40,8.00
2008.04.30 06:37:46.187,1.9643,1.9644,4.80,8.00
2008.04.30 06:37:46.372,1.96425,1.9644,0.90,8.00
2008.04.30 06:37:46.890,1.96425,1.9643,0.90,0.80
2008.04.30 06:37:47.401,1.9642,1.9643,7.00,0.80
2008.04.30 06:37:47.645,1.9644,1.96445,2.40,1.60
2008.04.30 06:37:47.761,1.96445,1.9645,2.40,5.70
2008.04.30 06:37:47.877,1.9645,1.9647,3.00,14.80
2008.04.30 06:37:48.189,1.96445,1.9645,2.80,8.00
2008.04.30 06:37:48.309,1.96445,1.9645,0.60,8.00
2008.04.30 06:37:48.506,1.9643,1.9645,1.60,8.00
2008.04.30 06:37:48.701,1.9644,1.9645,0.20,8.00
2008.04.30 06:37:48.897,1.96435,1.9644,0.90,0.80
2008.04.30 06:37:50.038,1.9644,1.9646,0.20,18.00
2008.04.30 06:37:51.988,1.9643,1.9644,14.20,0.80
2008.04.30 06:37:52.321,1.9643,1.9644,9.40,0.80
2008.04.30 06:37:52.826,1.9643,1.9644,6.20,0.80
2008.04.30 06:37:52.989,1.9643,1.9644,6.00,0.80
2008.04.30 06:37:53.246,1.9643,1.9644,10.80,0.80
2008.04.30 06:37:53.320,1.9643,1.9644,16.40,0.80
2008.04.30 06:37:53.660,1.9643,1.9644,12.40,0.80
2008.04.30 06:37:53.735,1.9643,1.9644,9.20,0.80
2008.04.30 06:37:54.418,1.9643,1.9644,11.20,0.80
2008.04.30 06:37:56.590,1.96435,1.9644,0.80,0.80
2008.04.30 06:37:56.873,1.9644,1.9646,0.20,10.40
2008.04.30 06:37:59.782,1.9643,1.9644,8.00,8.00
2008.04.30 06:38:00.101,1.9643,1.9644,9.60,8.00
2008.04.30 06:38:00.936,1.9644,1.96445,0.20,0.20
2008.04.30 06:38:01.101,1.9643,1.9644,5.70,9.70
2008.04.30 06:38:01.429,1.9643,1.9644,5.70,9.70
2008.04.30 06:38:01.785,1.9643,1.9644,5.70,12.10
2008.04.30 06:38:02.191,1.9643,1.9644,5.70,12.10
2008.04.30 06:38:04.010,1.9643,1.9644,0.20,13.70
2008.04.30 06:38:04.520,1.9642,1.9644,0.20,13.70
2008.04.30 06:38:04.776,1.9642,1.96425,0.20,0.10
2008.04.30 06:38:05.033,1.96405,1.9641,0.20,22.00
2008.04.30 06:38:05.288,1.964,1.96405,0.90,2.80
2008.04.30 06:38:05.423,1.964,1.96405,0.90,2.40
2008.04.30 06:38:05.559,1.9641,1.9642,0.20,8.00
2008.04.30 06:38:05.851,1.964,1.9641,4.10,0.80
2008.04.30 06:38:06.119,1.964,1.9641,0.20,0.80
2008.04.30 06:38:06.256,1.964,1.9641,4.10,0.80
2008.04.30 06:38:06.481,1.964,1.9642,4.90,1.60
2008.04.30 06:38:06.705,1.964,1.9642,5.40,1.60
2008.04.30 06:38:06.930,1.964,1.9642,7.80,1.60
2008.04.30 06:38:07.173,1.964,1.9642,8.60,1.60
2008.04.30 06:38:07.398,1.964,1.9642,9.40,0.80
2008.04.30 06:38:09.196,1.96405,1.9642,0.80,0.80
2008.04.30 06:38:09.414,1.9641,1.9643,0.20,12.40
2008.04.30 06:38:09.500,1.9641,1.9643,0.20,8.40
2008.04.30 06:38:09.822,1.9641,1.9643,5.40,4.80
2008.04.30 06:38:09.928,1.96415,1.96435,0.20,2.50
2008.04.30 06:38:10.144,1.9641,1.9643,10.20,0.80
2008.04.30 06:38:11.095,1.9642,1.9643,0.80,0.80
2008.04.30 06:38:11.199,1.9642,1.9643,1.60,0.80
2008.04.30 06:38:11.304,1.9642,1.9643,4.80,0.80
2008.04.30 06:38:11.409,1.9642,1.9644,4.90,4.40
2008.04.30 06:38:11.617,1.9642,1.9644,5.70,4.40
2008.04.30 06:38:11.721,1.96425,1.9644,0.80,4.40
2008.04.30 06:38:11.826,1.9643,1.9644,2.80,1.60
2008.04.30 06:38:13.757,1.9643,1.9644,2.80,1.70
2008.04.30 06:38:13.822,1.9643,1.9644,2.80,13.70
2008.04.30 06:38:13.861,1.96425,1.9644,0.20,16.60
2008.04.30 06:38:13.939,1.9641,1.96425,17.40,0.80
2008.04.30 06:38:14.124,1.9641,1.96425,13.40,0.80
2008.04.30 06:38:14.334,1.9641,1.96425,11.80,0.80
2008.04.30 06:38:14.546,1.96415,1.96435,0.20,0.80
2008.04.30 06:38:15.708,1.9642,1.96435,0.20,0.80
2008.04.30 06:38:16.986,1.9642,1.9643,0.20,0.80
2008.04.30 06:38:18.015,1.9642,1.96435,0.20,0.80
2008.04.30 06:38:18.219,1.9642,1.96425,0.20,0.80
2008.04.30 06:38:18.613,1.9642,1.9644,0.20,12.10
2008.04.30 06:38:21.716,1.9642,1.9644,0.90,22.80
2008.04.30 06:38:21.920,1.9642,1.9643,0.90,0.80
2008.04.30 06:38:22.425,1.9642,1.9643,3.80,0.80
2008.04.30 06:38:22.711,1.9642,1.9643,3.00,0.80
2008.04.30 06:38:25.666,1.9642,1.9644,3.00,10.00
2008.04.30 06:38:26.387,1.9642,1.9644,3.80,6.40
2008.04.30 06:38:26.788,1.9642,1.9644,3.00,7.20
2008.04.30 06:38:27.360,1.9642,1.9644,3.00,7.60
2008.04.30 06:38:27.462,1.9642,1.9644,3.00,10.00
2008.04.30 06:38:27.819,1.9642,1.9644,3.00,18.00
2008.04.30 06:38:27.939,1.9642,1.9643,3.00,0.80
2008.04.30 06:38:28.239,1.9642,1.9643,3.80,0.80
2008.04.30 06:38:28.856,1.9642,1.9643,4.60,0.80
2008.04.30 06:38:31.526,1.9643,1.9645,0.20,23.00
2008.04.30 06:38:32.151,1.9642,1.9644,4.60,0.80
2008.04.30 06:38:33.036,1.9642,1.96435,4.60,0.80
2008.04.30 06:38:33.446,1.9642,1.9643,4.60,0.80
2008.04.30 06:38:34.249,1.9642,1.9643,3.80,0.80
2008.04.30 06:38:34.726,1.9642,1.9643,3.00,0.80
2008.04.30 06:38:34.997,1.9642,1.9643,2.80,0.80
2008.04.30 06:38:35.784,1.9642,1.96435,2.80,0.80
2008.04.30 06:38:36.220,1.9642,1.96435,2.80,0.90
2008.04.30 06:38:36.333,1.9642,1.96425,2.80,0.80
2008.04.30 06:38:36.372,1.9642,1.96425,2.40,0.80
2008.04.30 06:38:36.459,1.9641,1.96425,5.70,0.80
2008.04.30 06:38:37.434,1.9641,1.9642,5.70,0.80
2008.04.30 06:38:37.647,1.9641,1.96425,6.50,0.80
2008.04.30 06:38:38.493,1.9641,1.9643,6.50,11.60
2008.04.30 06:38:39.227,1.9641,1.9643,6.50,7.60
2008.04.30 06:38:39.388,1.9641,1.9643,6.50,6.80
2008.04.30 06:38:39.549,1.9641,1.96425,6.50,0.80
2008.04.30 06:38:39.912,1.9641,1.96425,9.40,0.80
2008.04.30 06:38:40.380,1.9641,1.9643,9.40,6.00
2008.04.30 06:38:42.646,1.96415,1.9643,0.20,5.20
2008.04.30 06:38:42.849,1.9641,1.9643,13.40,6.00
2008.04.30 06:38:43.153,1.96415,1.9643,0.80,6.00
2008.04.30 06:38:43.408,1.9642,1.96435,0.20,0.80
2008.04.30 06:38:43.934,1.9642,1.9643,0.20,0.80
2008.04.30 06:38:44.491,1.9642,1.96435,0.20,0.80
2008.04.30 06:38:45.478,1.9642,1.96445,0.20,2.50
2008.04.30 06:38:45.927,1.9642,1.96435,0.20,0.80
2008.04.30 06:38:46.499,1.9642,1.96445,0.20,2.50
2008.04.30 06:38:46.695,1.9642,1.96445,4.90,2.50
2008.04.30 06:38:46.978,1.9642,1.96445,4.10,2.50
2008.04.30 06:38:47.172,1.9642,1.96445,4.90,2.50
2008.04.30 06:38:47.627,1.9642,1.96445,4.10,2.50
2008.04.30 06:38:47.768,1.9642,1.96435,0.20,0.80
2008.04.30 06:38:49.044,1.9642,1.9643,0.20,0.80
2008.04.30 06:38:51.283,1.96425,1.9643,0.80,0.80
2008.04.30 06:38:51.527,1.9643,1.9644,0.20,0.80
2008.04.30 06:38:51.808,1.9643,1.9644,0.60,0.80
2008.04.30 06:38:51.817,1.9643,1.9644,3.00,0.80
2008.04.30 06:38:52.039,1.9643,1.96445,3.00,0.80
2008.04.30 06:38:52.185,1.9643,1.96445,3.00,0.90
2008.04.30 06:38:52.492,1.9643,1.9644,0.20,0.80
2008.04.30 06:38:52.679,1.9642,1.96445,0.20,2.50
2008.04.30 06:38:52.853,1.9642,1.9644,0.20,0.20
2008.04.30 06:38:53.201,1.9642,1.9644,0.20,1.70
2008.04.30 06:38:53.380,1.9642,1.9644,4.10,1.60
2008.04.30 06:38:53.618,1.9642,1.96445,4.10,2.50
2008.04.30 06:38:53.860,1.9642,1.9644,0.20,0.20
2008.04.30 06:38:54.347,1.9642,1.9644,0.20,1.70
2008.04.30 06:38:54.907,1.9643,1.9644,0.80,1.60
2008.04.30 06:38:55.042,1.9643,1.9644,2.40,1.60
2008.04.30 06:38:55.178,1.9643,1.96445,2.40,0.80
2008.04.30 06:38:55.665,1.9643,1.96445,2.50,0.80
2008.04.30 06:38:57.073,1.9644,1.96445,0.20,0.80
2008.04.30 06:38:58.626,1.9645,1.9646,0.20,3.30
2008.04.30 06:38:58.937,1.9644,1.9646,4.10,3.20
2008.04.30 06:38:59.085,1.9644,1.9646,0.20,3.20
2008.04.30 06:38:59.338,1.9644,1.9646,0.20,3.30
2008.04.30 06:38:59.506,1.9644,1.9646,0.20,11.30
2008.04.30 06:38:59.609,1.9644,1.96445,0.20,0.80
2008.04.30 06:39:02.275,1.9644,1.9645,0.20,8.00
2008.04.30 06:39:02.798,1.9644,1.96445,0.20,0.80
2008.04.30 06:39:04.093,1.9644,1.96455,0.20,0.80
2008.04.30 06:39:04.630,1.9644,1.96445,0.20,0.80
2008.04.30 06:39:05.273,1.9644,1.96445,0.20,0.90
2008.04.30 06:39:05.559,1.9643,1.96445,4.00,2.50
2008.04.30 06:39:05.847,1.9643,1.9644,4.00,0.20
2008.04.30 06:39:06.005,1.9643,1.9644,0.80,0.20
2008.04.30 06:39:06.155,1.9643,1.9644,0.90,1.70
2008.04.30 06:39:06.551,1.9643,1.9644,0.20,1.70
2008.04.30 06:39:06.701,1.9642,1.9644,8.10,1.70
2008.04.30 06:39:07.099,1.9642,1.9644,4.10,4.10
2008.04.30 06:39:08.792,1.9643,1.9644,0.80,4.00
2008.04.30 06:39:08.928,1.9643,1.9644,13.60,4.00
2008.04.30 06:39:09.065,1.96445,1.9645,0.20,3.60
2008.04.30 06:39:09.335,1.9643,1.9644,12.80,0.20
2008.04.30 06:39:09.611,1.9642,1.9644,8.10,4.10
2008.04.30 06:39:09.746,1.9642,1.9644,4.10,4.10
2008.04.30 06:39:09.987,1.9642,1.9644,0.20,4.10
2008.04.30 06:39:10.236,1.9642,1.9643,0.20,0.80
2008.04.30 06:39:12.081,1.96415,1.9643,0.80,0.80
2008.04.30 06:39:12.515,1.9642,1.9643,0.20,0.80
2008.04.30 06:39:14.301,1.9642,1.96425,0.20,0.80
2008.04.30 06:39:15.445,1.9642,1.96435,0.20,0.80
2008.04.30 06:39:19.458,1.9642,1.9643,0.20,0.80
2008.04.30 06:39:21.497,1.9642,1.96435,0.20,0.80
2008.04.30 06:39:21.883,1.9642,1.96435,3.00,0.80
2008.04.30 06:39:22.025,1.9642,1.96425,3.00,0.80
2008.04.30 06:39:22.219,1.96415,1.9642,1.20,0.80
2008.04.30 06:39:22.669,1.9642,1.96425,3.00,0.80
2008.04.30 06:39:22.904,1.96415,1.9642,1.20,0.80
2008.04.30 06:39:23.720,1.9642,1.96425,3.00,0.80
2008.04.30 06:39:24.067,1.96415,1.9642,1.20,0.80
2008.04.30 06:39:25.048,1.9642,1.96425,3.00,0.80
2008.04.30 06:39:25.745,1.96415,1.9642,1.20,0.80
2008.04.30 06:39:26.314,1.9643,1.9644,0.80,7.20
2008.04.30 06:39:26.544,1.9643,1.9644,9.60,2.40
2008.04.30 06:39:26.652,1.9643,1.9645,9.70,3.60
2008.04.30 06:39:26.861,1.9643,1.96445,8.90,0.20
2008.04.30 06:39:26.977,1.9643,1.9644,4.10,8.00
2008.04.30 06:39:27.083,1.9643,1.9644,0.20,8.80
2008.04.30 06:39:27.187,1.9642,1.96425,9.40,0.80
2008.04.30 06:39:28.600,1.9642,1.96425,4.60,0.80
2008.04.30 06:39:29.134,1.96415,1.9642,1.20,0.80
2008.04.30 06:39:29.344,1.96415,1.9642,1.20,0.80
2008.04.30 06:39:29.449,1.9642,1.9644,9.40,13.60
2008.04.30 06:39:29.506,1.9642,1.9644,13.40,10.40
2008.04.30 06:39:32.989,1.9642,1.9643,13.40,0.80
2008.04.30 06:39:33.661,1.9642,1.9644,13.40,0.80
2008.04.30 06:39:34.250,1.9642,1.9644,17.40,0.80
2008.04.30 06:39:36.949,1.9642,1.9644,13.40,0.80
2008.04.30 06:39:37.021,1.9643,1.9644,0.20,0.80
2008.04.30 06:39:39.555,1.9642,1.9643,8.60,0.80
2008.04.30 06:39:41.904,1.96425,1.9643,0.80,0.80
2008.04.30 06:39:42.097,1.9643,1.9645,0.20,9.60
2008.04.30 06:39:44.471,1.9643,1.9644,0.20,0.80
2008.04.30 06:39:44.652,1.9644,1.9645,0.20,1.60
2008.04.30 06:39:46.109,1.9643,1.9644,0.20,0.80
2008.04.30 06:39:52.224,1.9642,1.9643,11.00,0.80
2008.04.30 06:39:55.022,1.9643,1.9644,0.20,0.80
2008.04.30 06:40:00.308,1.9643,1.9644,0.20,2.40
2008.04.30 06:40:00.599,1.9643,1.9644,0.20,0.80
2008.04.30 06:40:03.403,1.9643,1.96445,0.90,2.40
2008.04.30 06:40:03.744,1.9643,1.9644,0.90,0.80
2008.04.30 06:40:03.859,1.9643,1.9644,0.20,0.80
2008.04.30 06:40:04.300,1.9644,1.96445,0.20,0.80
2008.04.30 06:40:04.826,1.9643,1.96445,0.20,0.80
2008.04.30 06:40:05.937,1.9644,1.96445,0.20,0.80
2008.04.30 06:40:06.366,1.9645,1.9646,0.20,14.40
2008.04.30 06:40:08.587,1.9644,1.9645,0.20,12.00
2008.04.30 06:40:08.815,1.9645,1.9646,0.20,13.50
2008.04.30 06:40:09.256,1.9645,1.96455,0.20,4.00
2008.04.30 06:40:09.680,1.9645,1.96455,0.20,4.00
2008.04.30 06:40:09.987,1.9645,1.96455,0.20,4.10
2008.04.30 06:40:10.292,1.9644,1.9645,0.20,1.60
2008.04.30 06:40:11.301,1.9644,1.96445,0.20,0.80
2008.04.30 06:40:12.842,1.9644,1.9645,0.20,1.60
2008.04.30 06:40:13.214,1.9644,1.9645,4.10,1.60
2008.04.30 06:40:13.340,1.9644,1.9646,4.10,9.70
2008.04.30 06:40:13.467,1.96445,1.9646,0.80,9.60
2008.04.30 06:40:13.592,1.9645,1.9646,2.80,4.00
2008.04.30 06:40:13.718,1.9646,1.9647,0.20,1.60
2008.04.30 06:40:14.387,1.9645,1.9646,7.00,2.40
2008.04.30 06:40:14.735,1.9646,1.9647,2.80,1.60
2008.04.30 06:40:16.531,1.9645,1.96455,11.00,0.80
2008.04.30 06:40:16.758,1.9646,1.96465,2.80,0.80
2008.04.30 06:40:19.083,1.9646,1.96465,0.60,0.80
2008.04.30 06:40:19.122,1.9645,1.96465,5.90,0.80
2008.04.30 06:40:19.156,1.9645,1.96465,3.60,0.80
2008.04.30 06:40:19.939,1.96455,1.96465,0.80,0.80
2008.04.30 06:40:19.975,1.9646,1.96465,0.60,0.80
2008.04.30 06:40:20.131,1.9646,1.96465,2.80,0.80
2008.04.30 06:40:20.913,1.9646,1.96465,0.60,0.80
2008.04.30 06:40:21.070,1.96455,1.96465,0.20,0.80
2008.04.30 06:40:21.231,1.9645,1.96465,10.50,0.80
2008.04.30 06:40:21.468,1.9645,1.96465,13.70,0.80
2008.04.30 06:40:21.628,1.9645,1.96465,10.50,0.80
2008.04.30 06:40:21.788,1.9645,1.9647,10.50,0.80
2008.04.30 06:40:22.926,1.9645,1.9647,6.50,0.80
2008.04.30 06:40:23.087,1.9645,1.9647,0.90,0.80
2008.04.30 06:40:23.242,1.9645,1.9647,0.90,2.40
2008.04.30 06:40:23.293,1.9645,1.9647,4.90,2.40
2008.04.30 06:40:23.711,1.9645,1.9647,0.90,2.40
2008.04.30 06:40:23.761,1.9645,1.96465,4.80,0.80
2008.04.30 06:40:23.813,1.9645,1.96465,5.60,0.80
2008.04.30 06:40:24.457,1.9645,1.9646,5.60,0.80
2008.04.30 06:40:25.098,1.96445,1.9646,0.90,0.80
2008.04.30 06:40:25.761,1.96445,1.96465,0.90,0.80
2008.04.30 06:40:26.993,1.96445,1.9646,0.90,0.80
2008.04.30 06:40:27.717,1.96465,1.9647,0.50,4.80
2008.04.30 06:40:27.922,1.96445,1.9647,0.90,4.80
2008.04.30 06:40:30.565,1.96445,1.9647,0.90,12.80
2008.04.30 06:40:30.705,1.96445,1.96455,0.90,0.80
2008.04.30 06:40:31.004,1.9646,1.96465,0.80,0.80
2008.04.30 06:40:31.154,1.9646,1.9647,11.00,4.00
2008.04.30 06:40:31.305,1.9646,1.9647,7.00,4.00
2008.04.30 06:40:31.456,1.9646,1.96475,5.40,0.90
2008.04.30 06:40:31.682,1.9645,1.9646,4.10,0.80
2008.04.30 06:40:31.908,1.9645,1.9646,0.20,0.80
2008.04.30 06:40:32.134,1.9645,1.9647,21.70,0.80
2008.04.30 06:40:32.925,1.9645,1.96465,21.70,0.80
2008.04.30 06:40:35.368,1.9646,1.96465,0.20,0.80
2008.04.30 06:40:36.980,1.96465,1.9648,0.80,13.20
2008.04.30 06:40:37.250,1.96475,1.9648,0.20,8.00
2008.04.30 06:40:38.029,1.9648,1.9649,0.80,1.90
2008.04.30 06:40:38.255,1.9648,1.965,0.90,7.60
2008.04.30 06:40:38.999,1.9648,1.9649,0.20,8.00
2008.04.30 06:40:39.429,1.96475,1.9649,0.90,8.00
2008.04.30 06:40:40.901,1.96475,1.9648,0.90,8.00
2008.04.30 06:40:41.042,1.96475,1.9648,0.20,8.00
2008.04.30 06:40:41.350,1.9647,1.9649,1.70,9.60
2008.04.30 06:40:41.500,1.9647,1.9649,0.20,9.60
2008.04.30 06:40:41.660,1.9647,1.9649,4.10,9.60
2008.04.30 06:40:42.092,1.9647,1.9649,4.10,9.60
2008.04.30 06:40:42.793,1.9647,1.9649,4.10,9.60
2008.04.30 06:40:43.462,1.9647,1.96475,4.10,0.80
2008.04.30 06:40:44.038,1.9647,1.96475,0.20,0.80
2008.04.30 06:40:44.133,1.96465,1.96475,0.90,0.80
2008.04.30 06:40:45.975,1.9647,1.96475,0.80,0.80
2008.04.30 06:40:46.140,1.9647,1.9648,0.90,0.80
2008.04.30 06:40:46.229,1.9647,1.9648,1.70,0.80
2008.04.30 06:40:46.541,1.9647,1.9648,4.10,0.80
2008.04.30 06:40:46.648,1.9647,1.9648,4.60,0.80
2008.04.30 06:40:48.892,1.9647,1.9648,8.60,0.80
2008.04.30 06:40:49.033,1.9647,1.9648,10.20,0.80
2008.04.30 06:40:49.169,1.9647,1.9648,12.60,0.80
2008.04.30 06:40:52.108,1.9647,1.9648,17.40,0.80
2008.04.30 06:40:52.478,1.9647,1.9648,13.40,0.80
2008.04.30 06:40:52.553,1.9647,1.9648,12.60,0.80
2008.04.30 06:40:52.628,1.9647,1.9648,11.00,0.80
2008.04.30 06:40:52.992,1.9647,1.9648,15.00,0.80
2008.04.30 06:40:53.120,1.9647,1.9648,13.40,0.80
2008.04.30 06:40:53.999,1.9647,1.9648,9.40,0.80
2008.04.30 06:40:54.226,1.9648,1.965,0.20,21.40
2008.04.30 06:40:58.857,1.9648,1.965,0.20,15.60
2008.04.30 06:40:59.289,1.9648,1.965,3.00,15.60
2008.04.30 06:41:00.140,1.9648,1.965,0.20,15.60
2008.04.30 06:41:01.126,1.9648,1.965,0.20,7.60
2008.04.30 06:41:01.201,1.9648,1.96495,0.20,0.80
2008.04.30 06:41:03.431,1.9648,1.96485,0.20,0.80
2008.04.30 06:41:03.634,1.9648,1.96495,0.20,0.80
2008.04.30 06:41:03.950,1.9648,1.96495,2.70,0.80
2008.04.30 06:41:04.134,1.9648,1.96495,3.50,0.80
2008.04.30 06:41:04.319,1.9648,1.96495,7.20,0.80
2008.04.30 06:41:06.153,1.9648,1.965,7.20,6.00
2008.04.30 06:41:06.308,1.9648,1.965,7.20,6.00
2008.04.30 06:41:06.463,1.9648,1.965,9.60,6.00
2008.04.30 06:41:12.024,1.9649,1.965,0.80,6.00
2008.04.30 06:41:12.145,1.9649,1.965,3.20,4.40
2008.04.30 06:41:12.277,1.9649,1.965,6.80,1.60
2008.04.30 06:41:12.397,1.9649,1.965,6.20,2.40
2008.04.30 06:41:12.520,1.965,1.9651,0.20,10.80
2008.04.30 06:41:12.640,1.965,1.9651,0.20,2.80
2008.04.30 06:41:12.760,1.9649,1.965,0.90,0.80
2008.04.30 06:41:13.299,1.965,1.9651,3.10,4.40
2008.04.30 06:41:13.509,1.965,1.9651,0.80,4.40
2008.04.30 06:41:13.720,1.9649,1.965,4.40,0.80
2008.04.30 06:41:13.930,1.9649,1.96505,4.30,0.80
2008.04.30 06:41:14.109,1.9649,1.96505,1.10,0.80
2008.04.30 06:41:14.374,1.9649,1.965,1.10,0.80
2008.04.30 06:41:15.203,1.9649,1.965,1.60,0.80
2008.04.30 06:41:15.268,1.9649,1.965,4.00,0.80
2008.04.30 06:41:16.354,1.9649,1.96505,4.00,0.80
2008.04.30 06:41:17.560,1.9649,1.96505,3.80,0.80
2008.04.30 06:41:17.719,1.9649,1.965,3.80,0.80
2008.04.30 06:41:21.373,1.9649,1.96505,3.80,0.80
2008.04.30 06:41:29.682,1.9649,1.9651,3.80,5.20
2008.04.30 06:41:30.176,1.9649,1.9651,7.80,4.80
2008.04.30 06:41:30.280,1.965,1.9651,0.20,0.80
2008.04.30 06:41:32.894,1.9649,1.9651,12.10,0.80
2008.04.30 06:41:33.064,1.96495,1.9651,0.80,0.80
2008.04.30 06:41:33.514,1.96495,1.9651,0.90,0.80
2008.04.30 06:41:34.083,1.96495,1.9651,0.20,0.80
2008.04.30 06:41:34.504,1.9649,1.9651,7.00,0.80
2008.04.30 06:41:34.640,1.965,1.9651,0.90,0.80
2008.04.30 06:41:38.649,1.965,1.96505,0.90,0.80
2008.04.30 06:41:39.791,1.965,1.9651,0.90,0.80
2008.04.30 06:41:40.007,1.965,1.9651,0.80,0.80
2008.04.30 06:41:40.224,1.965,1.9651,0.20,0.80
2008.04.30 06:41:40.664,1.965,1.9651,4.10,0.80
2008.04.30 06:41:43.793,1.965,1.9651,4.00,0.80
2008.04.30 06:41:43.850,1.9649,1.9651,11.00,0.80
2008.04.30 06:41:44.063,1.965,1.9652,0.20,16.60
2008.04.30 06:41:44.304,1.9649,1.96505,7.80,0.80
2008.04.30 06:41:44.544,1.9649,1.9651,7.80,5.20
2008.04.30 06:41:44.786,1.9649,1.96495,8.60,0.80
2008.04.30 06:41:45.027,1.9649,1.96495,12.60,0.80
2008.04.30 06:41:45.268,1.9649,1.96495,9.70,0.80
2008.04.30 06:41:45.438,1.9649,1.96495,10.50,0.80
2008.04.30 06:41:45.607,1.9649,1.96495,8.10,0.80
2008.04.30 06:41:45.778,1.9649,1.96495,12.10,0.80
2008.04.30 06:41:45.960,1.9649,1.96495,12.90,0.80
2008.04.30 06:41:47.309,1.965,1.9651,4.00,1.60
2008.04.30 06:41:47.396,1.965,1.9651,4.10,1.60
2008.04.30 06:41:47.766,1.965,1.9651,4.10,0.80
2008.04.30 06:41:48.071,1.965,1.9651,4.00,0.80
2008.04.30 06:41:48.155,1.9649,1.9651,12.10,0.80
2008.04.30 06:41:48.417,1.9649,1.9651,11.00,0.80
2008.04.30 06:41:49.602,1.9649,1.9652,11.00,19.00
2008.04.30 06:41:49.708,1.9649,1.9652,8.10,19.00
2008.04.30 06:41:51.628,1.9649,1.9651,8.10,0.80
2008.04.30 06:41:53.605,1.9649,1.9651,7.30,0.80
2008.04.30 06:41:53.984,1.9649,1.9651,11.30,0.80
2008.04.30 06:41:54.087,1.9649,1.9651,12.10,0.80
2008.04.30 06:41:55.225,1.9649,1.9651,8.10,0.80
2008.04.30 06:41:55.302,1.9649,1.9651,4.90,3.20
2008.04.30 06:41:55.375,1.9649,1.9651,0.90,3.20
2008.04.30 06:41:55.450,1.9649,1.9651,0.90,4.80
2008.04.30 06:41:55.884,1.9649,1.9651,5.70,7.60
2008.04.30 06:41:56.127,1.9649,1.9651,1.70,7.60
2008.04.30 06:41:56.347,1.9649,1.9651,9.70,7.60
2008.04.30 06:41:56.568,1.9649,1.96505,8.90,0.80
2008.04.30 06:41:56.788,1.9649,1.96505,9.70,0.80
2008.04.30 06:41:56.973,1.9649,1.96505,5.70,0.80
2008.04.30 06:41:57.305,1.9649,1.96505,8.10,0.80
2008.04.30 06:41:57.658,1.9649,1.9651,8.10,7.60
2008.04.30 06:41:58.525,1.9649,1.9651,8.10,5.20
2008.04.30 06:42:01.277,1.9649,1.96505,4.10,0.80
2008.04.30 06:42:01.497,1.9649,1.96505,3.30,0.80
2008.04.30 06:42:01.719,1.9649,1.96505,5.70,0.80
2008.04.30 06:42:01.944,1.96495,1.96505,0.20,0.80
2008.04.30 06:42:03.864,1.9649,1.96505,8.10,0.80
2008.04.30 06:42:04.164,1.96495,1.96505,0.80,0.80
2008.04.30 06:42:04.365,1.965,1.9651,0.20,0.80
2008.04.30 06:42:04.764,1.965,1.9651,3.00,0.80
2008.04.30 06:42:07.853,1.965,1.9651,3.80,0.80
2008.04.30 06:42:07.932,1.965,1.96505,3.80,0.80
2008.04.30 06:42:09.818,1.96505,1.9652,0.80,12.40
2008.04.30 06:42:09.951,1.96505,1.9652,0.90,9.60
2008.04.30 06:42:10.241,1.96505,1.9652,0.20,9.60
2008.04.30 06:42:10.663,1.965,1.96505,13.40,0.80
2008.04.30 06:42:10.943,1.965,1.96505,15.80,0.80
2008.04.30 06:42:11.712,1.96495,1.965,2.80,0.80
2008.04.30 06:42:13.752,1.965,1.96505,15.80,0.80
2008.04.30 06:42:19.351,1.96495,1.965,2.80,0.80
2008.04.30 06:42:19.493,1.96495,1.965,2.80,0.80
2008.04.30 06:42:19.562,1.96495,1.965,3.00,0.80
2008.04.30 06:42:20.116,1.96495,1.965,2.80,0.80
2008.04.30 06:42:20.396,1.96495,1.965,1.20,0.80
2008.04.30 06:42:25.207,1.96495,1.965,0.60,0.90
2008.04.30 06:42:25.354,1.965,1.96505,2.50,0.20
2008.04.30 06:42:25.404,1.96485,1.9649,0.80,8.00
2008.04.30 06:42:25.893,1.9648,1.9649,5.70,8.00
2008.04.30 06:42:25.970,1.9648,1.9649,0.20,8.00
2008.04.30 06:42:26.671,1.9648,1.9649,4.10,8.00
2008.04.30 06:42:27.584,1.9648,1.9649,0.20,8.00
2008.04.30 06:42:27.971,1.9647,1.9649,4.30,8.00
2008.04.30 06:42:28.230,1.9647,1.9648,0.20,8.00
2008.04.30 06:42:28.327,1.9647,1.9648,0.20,8.00
2008.04.30 06:42:28.715,1.9647,1.9649,0.20,9.70
2008.04.30 06:42:29.129,1.9648,1.9649,0.80,9.60
2008.04.30 06:42:29.419,1.9648,1.9649,18.40,1.60
2008.04.30 06:42:29.583,1.9648,1.9649,18.50,0.80
2008.04.30 06:42:29.760,1.9648,1.9649,19.00,0.80
2008.04.30 06:42:29.934,1.9648,1.9649,21.40,0.80
2008.04.30 06:42:34.270,1.9648,1.9649,17.40,0.80
2008.04.30 06:42:34.684,1.9648,1.9649,18.20,0.80
2008.04.30 06:42:34.854,1.9648,1.9649,13.40,0.80
2008.04.30 06:42:35.148,1.9648,1.9649,12.60,0.80
2008.04.30 06:42:35.248,1.9648,1.9649,6.20,0.80
2008.04.30 06:42:35.350,1.9648,1.9649,1.60,3.20
2008.04.30 06:42:35.450,1.9647,1.9649,4.10,3.20
2008.04.30 06:42:35.550,1.9647,1.9649,0.20,3.20
2008.04.30 06:42:35.650,1.96465,1.9649,0.90,2.40
2008.04.30 06:42:37.388,1.9646,1.96465,4.10,0.80
2008.04.30 06:42:37.596,1.9646,1.96465,8.10,0.80
2008.04.30 06:42:37.756,1.9646,1.96465,10.50,0.80
2008.04.30 06:42:37.904,1.9646,1.96465,11.00,0.80
2008.04.30 06:42:38.760,1.9646,1.96465,6.20,0.80
2008.04.30 06:42:39.051,1.9646,1.96465,2.80,0.80
2008.04.30 06:42:39.342,1.9645,1.9646,1.40,0.80
2008.04.30 06:42:39.633,1.9645,1.96455,3.80,0.80
2008.04.30 06:42:39.851,1.9645,1.96455,4.60,0.80
2008.04.30 06:42:43.725,1.9645,1.9646,4.60,0.80
2008.04.30 06:42:45.747,1.9645,1.9646,3.80,0.80
2008.04.30 06:42:46.234,1.9645,1.9646,0.90,0.80
2008.04.30 06:42:46.428,1.9645,1.96455,0.90,0.80
2008.04.30 06:42:47.439,1.96445,1.9646,0.90,8.00
2008.04.30 06:42:47.957,1.96445,1.9645,0.90,8.00
2008.04.30 06:42:48.335,1.96445,1.9645,0.90,8.00
2008.04.30 06:42:48.542,1.96445,1.9645,0.90,8.00
2008.04.30 06:42:51.446,1.9644,1.96445,3.80,0.80
2008.04.30 06:42:57.999,1.9644,1.96445,3.60,0.80
2008.04.30 06:43:01.549,1.9644,1.96445,3.80,0.80
2008.04.30 06:43:01.795,1.9644,1.9645,3.80,0.80
2008.04.30 06:43:07.361,1.9644,1.9645,3.00,0.80
2008.04.30 06:43:07.581,1.9644,1.9645,2.80,0.80
2008.04.30 06:43:07.769,1.9644,1.9645,3.60,0.80
2008.04.30 06:43:07.879,1.9644,1.96455,7.60,0.80
2008.04.30 06:43:08.034,1.9644,1.96455,9.20,0.80
2008.04.30 06:43:08.189,1.9644,1.9645,9.40,0.80
2008.04.30 06:43:08.345,1.9644,1.96455,9.40,0.80
2008.04.30 06:43:10.840,1.9644,1.96455,4.60,0.80
2008.04.30 06:43:11.004,1.9644,1.96445,2.80,0.80
2008.04.30 06:43:11.497,1.9644,1.96445,3.80,0.80
2008.04.30 06:43:19.234,1.9644,1.9645,3.80,0.80
2008.04.30 06:43:19.595,1.9644,1.96445,3.80,0.80
2008.04.30 06:43:19.741,1.9644,1.9645,3.80,0.80
2008.04.30 06:43:20.167,1.9644,1.96445,3.80,0.80
2008.04.30 06:43:20.332,1.9644,1.9645,3.80,8.00
2008.04.30 06:43:20.983,1.9644,1.9645,3.80,8.80
2008.04.30 06:43:21.646,1.9644,1.9645,3.80,0.80
2008.04.30 06:43:21.842,1.9644,1.9645,3.00,0.90
2008.04.30 06:43:22.004,1.9644,1.9645,0.20,8.10
2008.04.30 06:43:22.305,1.9643,1.96445,5.20,0.80
2008.04.30 06:43:22.454,1.9643,1.96445,14.00,0.80
2008.04.30 06:43:22.605,1.9643,1.9644,14.20,0.80
2008.04.30 06:43:22.903,1.9643,1.96445,14.20,0.80
2008.04.30 06:43:23.054,1.9643,1.9645,14.20,2.40
2008.04.30 06:43:23.594,1.9643,1.9644,14.20,0.80
2008.04.30 06:43:23.932,1.9643,1.9644,13.40,0.80
2008.04.30 06:43:24.101,1.9643,1.9644,17.40,0.80
2008.04.30 06:43:24.237,1.96435,1.9644,0.80,0.80
2008.04.30 06:43:24.319,1.9644,1.9645,0.80,1.60
2008.04.30 06:43:24.370,1.9644,1.96445,0.90,0.80
2008.04.30 06:43:24.430,1.9644,1.96445,0.20,0.80
2008.04.30 06:43:24.574,1.9644,1.9645,0.20,8.00
2008.04.30 06:43:24.805,1.9644,1.9645,2.50,8.00
2008.04.30 06:43:24.875,1.9644,1.9645,3.00,8.00
2008.04.30 06:43:27.920,1.9644,1.9645,0.20,18.20
2008.04.30 06:43:27.980,1.96425,1.9643,0.60,0.80
2008.04.30 06:43:28.039,1.96425,1.9643,0.60,0.80
2008.04.30 06:43:28.240,1.96425,1.9643,1.20,0.80
2008.04.30 06:43:28.429,1.9643,1.9645,10.80,13.60
2008.04.30 06:43:28.485,1.96425,1.9643,1.20,0.80
2008.04.30 06:43:28.792,1.96435,1.9645,0.80,9.60
2008.04.30 06:43:28.965,1.9644,1.9645,0.90,8.00
2008.04.30 06:43:29.143,1.9644,1.9645,1.40,8.00
2008.04.30 06:43:29.214,1.9644,1.9645,3.80,8.00
2008.04.30 06:43:32.449,1.96435,1.9644,1.40,0.80
2008.04.30 06:43:32.724,1.96435,1.9644,1.20,0.80
2008.04.30 06:43:33.308,1.96435,1.9644,1.20,0.80
2008.04.30 06:43:33.449,1.9644,1.9645,4.60,8.80
2008.04.30 06:43:34.018,1.9644,1.9645,9.40,0.80
2008.04.30 06:43:34.368,1.9644,1.9646,9.40,10.80
2008.04.30 06:43:34.664,1.9644,1.9646,8.60,2.80
2008.04.30 06:43:34.864,1.9644,1.9646,7.80,2.80
2008.04.30 06:43:35.064,1.96435,1.9644,1.40,0.80
2008.04.30 06:43:35.275,1.96435,1.9644,1.40,0.80
2008.04.30 06:43:36.332,1.96435,1.9644,1.40,0.80
2008.04.30 06:43:37.035,1.9644,1.96445,3.80,0.80
2008.04.30 06:43:37.880,1.96435,1.9644,1.20,0.80
2008.04.30 06:43:38.993,1.9644,1.9645,0.90,8.00
2008.04.30 06:43:39.130,1.96435,1.9645,0.90,8.00
2008.04.30 06:43:39.267,1.96435,1.9645,0.90,8.00
2008.04.30 06:43:39.403,1.9644,1.9646,3.20,14.80
2008.04.30 06:43:39.538,1.9644,1.9646,8.00,14.80
2008.04.30 06:43:39.672,1.9644,1.9645,8.10,0.80
2008.04.30 06:43:39.952,1.9644,1.9645,10.50,0.80
2008.04.30 06:43:40.088,1.9644,1.9645,11.00,0.80
2008.04.30 06:43:40.861,1.9644,1.9645,12.60,0.80
2008.04.30 06:43:41.014,1.9644,1.9645,16.60,0.80
2008.04.30 06:43:41.347,1.9644,1.9645,15.80,0.80
2008.04.30 06:43:41.473,1.9644,1.9645,7.00,0.80
2008.04.30 06:43:41.626,1.9644,1.96455,7.00,0.80
2008.04.30 06:43:41.780,1.9644,1.96455,7.80,0.80
2008.04.30 06:43:41.906,1.9644,1.96455,11.80,0.80
2008.04.30 06:43:42.402,1.9644,1.9645,9.40,0.80
2008.04.30 06:43:42.526,1.9644,1.9645,3.80,0.80
2008.04.30 06:43:42.941,1.9644,1.9645,3.00,0.80
2008.04.30 06:43:43.669,1.9644,1.9645,2.80,0.80
2008.04.30 06:43:44.530,1.9644,1.9645,2.40,0.60
2008.04.30 06:43:44.589,1.9643,1.9644,3.80,0.80
2008.04.30 06:43:45.341,1.9643,1.9644,5.40,0.80
2008.04.30 06:43:45.400,1.9643,1.9644,6.20,0.80
2008.04.30 06:43:45.461,1.9643,1.96445,11.00,0.80
2008.04.30 06:43:45.862,1.9643,1.9644,11.00,5.00
2008.04.30 06:43:46.062,1.9643,1.9644,11.00,3.10
2008.04.30 06:43:46.138,1.9643,1.96445,11.00,0.80
2008.04.30 06:43:46.213,1.9643,1.9645,11.00,3.60
2008.04.30 06:43:46.326,1.9643,1.9645,10.20,3.60
2008.04.30 06:43:46.402,1.9643,1.9645,8.60,3.60
2008.04.30 06:43:46.477,1.9643,1.9644,7.80,0.80
2008.04.30 06:43:46.795,1.9643,1.9644,3.80,0.80
2008.04.30 06:43:48.329,1.9643,1.9644,4.60,0.80
2008.04.30 06:43:48.384,1.9643,1.9644,6.20,0.80
2008.04.30 06:43:48.441,1.9643,1.9644,11.00,0.80
2008.04.30 06:43:48.496,1.9643,1.96445,11.00,0.80
2008.04.30 06:43:51.818,1.9643,1.96445,10.20,0.80
2008.04.30 06:43:51.934,1.9643,1.96445,7.80,0.80
2008.04.30 06:43:52.164,1.96425,1.9643,0.60,0.80
2008.04.30 06:43:52.280,1.96425,1.9643,0.60,0.80
2008.04.30 06:43:52.761,1.96425,1.9643,1.20,0.80
2008.04.30 06:43:52.890,1.96425,1.9643,1.20,0.80
2008.04.30 06:43:53.021,1.96425,1.9643,1.20,0.80
2008.04.30 06:43:53.151,1.9643,1.9644,11.00,0.80
2008.04.30 06:43:53.281,1.9643,1.9644,10.20,0.80
2008.04.30 06:43:53.411,1.9643,1.9644,7.00,0.80
2008.04.30 06:43:53.613,1.9643,1.9644,3.00,0.80
2008.04.30 06:43:53.917,1.9643,1.9644,3.80,0.80
2008.04.30 06:43:56.034,1.96425,1.9643,1.20,0.80
2008.04.30 06:43:56.431,1.96425,1.9643,1.20,0.80
2008.04.30 06:43:57.352,1.96425,1.9643,1.20,0.80
2008.04.30 06:43:57.688,1.9643,1.9644,6.20,0.80
2008.04.30 06:43:57.819,1.9643,1.9644,9.40,0.80
2008.04.30 06:43:57.949,1.9643,1.9644,7.80,0.80
2008.04.30 06:43:58.079,1.9643,1.9644,3.00,0.80
2008.04.30 06:43:58.210,1.96425,1.9643,1.20,0.80
2008.04.30 06:43:59.628,1.9642,1.96425,3.60,0.80
2008.04.30 06:44:00.110,1.96415,1.9642,0.60,0.80
2008.04.30 06:44:00.336,1.96415,1.9642,0.60,0.90
2008.04.30 06:44:00.527,1.96415,1.9642,0.60,0.80
2008.04.30 06:44:02.502,1.9642,1.96425,3.60,0.80
2008.04.30 06:44:02.918,1.9641,1.96415,16.00,0.80
2008.04.30 06:44:02.985,1.9642,1.9643,0.80,15.60
2008.04.30 06:44:04.243,1.96405,1.9641,1.00,0.80
2008.04.30 06:44:05.093,1.9641,1.96415,8.00,0.80
2008.04.30 06:44:05.608,1.9642,1.9643,0.80,10.40
2008.04.30 06:44:05.852,1.96415,1.96425,0.20,0.20
2008.04.30 06:44:06.354,1.9641,1.96415,3.20,0.80
2008.04.30 06:44:08.356,1.9642,1.96425,0.90,0.80
2008.04.30 06:44:08.441,1.9642,1.96425,4.90,0.80
2008.04.30 06:44:09.151,1.9642,1.9643,4.90,0.80
2008.04.30 06:44:09.889,1.9642,1.9643,6.50,0.80
2008.04.30 06:44:09.993,1.9642,1.9643,10.50,0.80
2008.04.30 06:44:10.202,1.9642,1.9643,6.50,8.80
2008.04.30 06:44:10.309,1.9642,1.9643,10.20,8.00
2008.04.30 06:44:10.414,1.9642,1.96435,10.20,0.80
2008.04.30 06:44:10.519,1.9642,1.96435,11.80,0.80
2008.04.30 06:44:10.918,1.9642,1.9643,11.80,8.00
2008.04.30 06:44:11.201,1.9642,1.9644,11.80,2.50
2008.04.30 06:44:11.998,1.9642,1.9644,11.80,10.50
2008.04.30 06:44:12.245,1.96415,1.9642,1.20,0.80
2008.04.30 06:44:12.491,1.9642,1.9644,6.50,8.10
2008.04.30 06:44:12.927,1.9642,1.96425,6.50,0.90
2008.04.30 06:44:13.124,1.9642,1.96425,0.80,2.00
2008.04.30 06:44:13.693,1.964,1.96405,3.80,0.80
2008.04.30 06:44:15.151,1.964,1.96415,3.80,0.80
2008.04.30 06:44:15.471,1.9642,1.96425,0.80,2.00
2008.04.30 06:44:15.793,1.9642,1.9643,0.80,1.70
2008.04.30 06:44:16.037,1.9642,1.9643,0.80,9.70
2008.04.30 06:44:16.288,1.9642,1.9643,0.90,8.00
2008.04.30 06:44:16.529,1.9642,1.9643,0.90,8.00
2008.04.30 06:44:16.770,1.9642,1.9644,0.90,11.60
2008.04.30 06:44:17.019,1.9642,1.9644,0.90,3.60
2008.04.30 06:44:17.720,1.9643,1.9644,0.20,3.60
2008.04.30 06:44:18.725,1.9643,1.96435,0.20,0.80
2008.04.30 06:44:18.940,1.9643,1.9644,0.20,3.60
2008.04.30 06:44:19.359,1.9641,1.96415,2.50,0.80
2008.04.30 06:44:19.570,1.9642,1.9643,4.90,8.00
2008.04.30 06:44:19.793,1.9642,1.9643,0.90,8.00
2008.04.30 06:44:20.664,1.9642,1.9644,0.90,11.60
2008.04.30 06:44:20.878,1.9641,1.9642,2.50,0.80
2008.04.30 06:44:21.107,1.9641,1.96415,2.50,0.80
2008.04.30 06:44:22.476,1.9642,1.9643,4.80,8.00
2008.04.30 06:44:22.566,1.9642,1.96425,5.60,0.80
2008.04.30 06:44:22.812,1.9642,1.96425,5.70,0.80
2008.04.30 06:44:22.990,1.9642,1.96425,1.40,0.80
2008.04.30 06:44:23.100,1.9642,1.96425,3.80,0.80
2008.04.30 06:44:23.558,1.9642,1.9644,3.80,11.10
2008.04.30 06:44:26.605,1.96415,1.9642,0.60,0.80
2008.04.30 06:44:27.032,1.96415,1.9642,0.60,8.80
2008.04.30 06:44:27.148,1.96405,1.9642,1.00,8.00
2008.04.30 06:44:28.203,1.96405,1.9642,1.00,8.10
2008.04.30 06:44:30.586,1.9642,1.96425,0.10,0.20
2008.04.30 06:44:30.719,1.9639,1.964,7.20,2.70
2008.04.30 06:44:30.827,1.9641,1.96415,0.80,0.60
2008.04.30 06:44:30.948,1.9641,1.96415,1.50,0.60
2008.04.30 06:44:31.079,1.9641,1.9642,2.00,16.80
2008.04.30 06:44:31.400,1.96405,1.9641,1.20,0.80
2008.04.30 06:44:31.720,1.96405,1.9641,1.20,0.80
2008.04.30 06:44:32.798,1.9641,1.96415,3.80,0.80
2008.04.30 06:44:32.982,1.9641,1.9642,3.80,0.80
2008.04.30 06:44:33.148,1.9641,1.9642,4.60,0.80
2008.04.30 06:44:33.435,1.9641,1.9642,3.00,0.80
2008.04.30 06:44:33.724,1.9641,1.96415,3.00,0.80
2008.04.30 06:44:34.199,1.96405,1.9641,1.20,0.80
2008.04.30 06:44:34.537,1.96405,1.9641,1.20,0.80
2008.04.30 06:44:37.389,1.96405,1.9641,1.20,0.80
2008.04.30 06:44:37.532,1.96405,1.9641,1.20,0.80
2008.04.30 06:44:37.579,1.9641,1.9642,7.00,0.80
2008.04.30 06:44:38.992,1.9641,1.9642,6.20,0.80
2008.04.30 06:44:40.030,1.9641,1.9643,6.20,3.50
2008.04.30 06:44:40.162,1.9641,1.9643,3.80,3.70
2008.04.30 06:44:40.307,1.9641,1.9643,4.60,2.90
2008.04.30 06:44:40.452,1.9641,1.9643,4.60,6.90
2008.04.30 06:44:41.433,1.9641,1.9643,4.60,6.70
2008.04.30 06:44:41.702,1.9641,1.9643,4.60,6.90
2008.04.30 06:44:41.872,1.9641,1.9643,3.80,7.70
2008.04.30 06:44:41.982,1.9641,1.96425,3.00,0.20
2008.04.30 06:44:42.074,1.96395,1.964,1.60,0.80
2008.04.30 06:44:42.186,1.964,1.9641,3.60,8.00
2008.04.30 06:44:42.580,1.964,1.9641,3.80,0.80
2008.04.30 06:44:43.178,1.964,1.9641,13.40,0.80
2008.04.30 06:44:43.397,1.964,1.96415,13.40,0.80
2008.04.30 06:44:43.627,1.964,1.96415,6.20,0.80
2008.04.30 06:44:44.055,1.964,1.96415,4.60,0.80
2008.04.30 06:44:44.170,1.964,1.9641,3.80,0.80
2008.04.30 06:44:44.479,1.964,1.9641,3.00,0.80
2008.04.30 06:44:44.594,1.964,1.9641,2.80,0.80
2008.04.30 06:44:45.147,1.964,1.96405,2.80,0.80
2008.04.30 06:44:45.828,1.964,1.96415,2.80,0.80
2008.04.30 06:44:45.913,1.964,1.96415,2.80,0.90
2008.04.30 06:44:46.101,1.96395,1.9641,0.20,2.70
2008.04.30 06:44:46.235,1.9639,1.9641,6.20,3.50
2008.04.30 06:44:46.484,1.9639,1.9641,6.20,15.70
2008.04.30 06:44:46.733,1.9639,1.9641,3.00,23.70
2008.04.30 06:44:46.980,1.9639,1.9641,3.00,23.10
2008.04.30 06:44:47.421,1.96395,1.9641,0.20,22.10
2008.04.30 06:44:47.578,1.96395,1.9641,0.20,22.90
2008.04.30 06:44:47.708,1.9639,1.9641,3.00,27.70
2008.04.30 06:44:47.971,1.9639,1.96405,3.00,0.20
2008.04.30 06:44:48.101,1.9639,1.964,0.20,2.70
2008.04.30 06:44:48.361,1.96385,1.964,4.10,2.70
2008.04.30 06:44:48.621,1.96385,1.964,0.20,2.70
2008.04.30 06:44:48.880,1.9638,1.96395,3.80,0.80
2008.04.30 06:44:49.141,1.9638,1.96395,7.00,0.80
2008.04.30 06:44:49.295,1.9639,1.964,0.20,2.70
2008.04.30 06:44:49.441,1.96395,1.964,0.20,2.70
2008.04.30 06:44:49.744,1.96385,1.964,0.20,4.30
2008.04.30 06:44:49.890,1.964,1.96405,0.80,3.00
2008.04.30 06:44:50.479,1.964,1.96405,0.80,2.40
2008.04.30 06:44:50.755,1.96385,1.964,0.20,1.60
2008.04.30 06:44:52.873,1.964,1.96405,0.80,1.70
2008.04.30 06:44:53.982,1.964,1.96405,0.80,1.70
2008.04.30 06:44:54.084,1.964,1.96405,0.80,1.70
2008.04.30 06:44:54.183,1.9638,1.964,0.20,13.20
2008.04.30 06:44:54.551,1.964,1.96405,0.80,2.20
2008.04.30 06:44:55.113,1.964,1.96405,0.80,2.20
2008.04.30 06:44:55.298,1.96385,1.964,0.20,5.20
2008.04.30 06:44:56.136,1.9638,1.964,6.20,4.40
2008.04.30 06:44:56.343,1.9638,1.964,10.20,4.40
2008.04.30 06:44:56.586,1.9637,1.9639,16.60,0.80
2008.04.30 06:44:56.893,1.9637,1.9639,12.60,0.80
2008.04.30 06:44:57.012,1.9637,1.9639,16.60,0.80
2008.04.30 06:44:57.124,1.9638,1.96395,0.20,1.70
2008.04.30 06:44:57.636,1.9637,1.9639,12.60,0.80
2008.04.30 06:44:57.771,1.9637,1.9639,8.60,0.80
2008.04.30 06:44:57.918,1.9637,1.96385,8.60,0.80
2008.04.30 06:44:58.364,1.9637,1.96395,8.60,1.70
2008.04.30 06:44:58.775,1.9637,1.9639,8.60,0.80
2008.04.30 06:44:59.009,1.96375,1.9639,0.80,0.80
2008.04.30 06:44:59.245,1.9638,1.96395,0.20,0.80
2008.04.30 06:44:59.715,1.9638,1.96395,3.00,0.80
2008.04.30 06:45:01.545,1.9638,1.96395,0.20,0.90
2008.04.30 06:45:01.669,1.9638,1.9639,0.20,0.80
2008.04.30 06:45:02.004,1.9637,1.9639,9.40,0.90
2008.04.30 06:45:02.229,1.96375,1.9639,0.20,17.70
2008.04.30 06:45:02.454,1.96375,1.9639,0.90,17.60
2008.04.30 06:45:02.690,1.96385,1.9639,0.20,1.60
2008.04.30 06:45:02.916,1.9638,1.96395,3.00,0.80
2008.04.30 06:45:03.142,1.9637,1.96375,10.30,0.80
2008.04.30 06:45:03.368,1.9637,1.96375,6.40,0.80
2008.04.30 06:45:03.593,1.9637,1.96375,4.90,0.80
2008.04.30 06:45:03.817,1.9637,1.96385,4.90,0.80
2008.04.30 06:45:03.966,1.9637,1.96385,0.20,0.80
2008.04.30 06:45:06.188,1.9637,1.9639,0.90,6.40
2008.04.30 06:45:06.399,1.9637,1.9638,0.90,0.80
2008.04.30 06:45:06.611,1.9637,1.9638,0.80,0.80
2008.04.30 06:45:06.821,1.9637,1.96385,0.90,0.80
2008.04.30 06:45:07.031,1.9637,1.9638,0.90,0.20
2008.04.30 06:45:07.227,1.9637,1.9638,0.20,8.60
2008.04.30 06:45:07.617,1.9637,1.9638,0.80,5.60
2008.04.30 06:45:07.812,1.9637,1.9638,0.90,3.20
2008.04.30 06:45:08.020,1.9637,1.9638,0.80,3.20
2008.04.30 06:45:08.194,1.9637,1.9638,0.80,2.40
2008.04.30 06:45:08.370,1.9637,1.96385,0.90,0.80
2008.04.30 06:45:08.544,1.9637,1.96385,3.30,0.80
2008.04.30 06:45:08.721,1.9637,1.96385,3.80,0.80
2008.04.30 06:45:12.411,1.9638,1.9639,0.20,4.40
2008.04.30 06:45:12.591,1.9638,1.96385,0.20,0.20
2008.04.30 06:45:12.773,1.9637,1.9638,0.20,2.80
2008.04.30 06:45:12.953,1.9636,1.9638,11.80,3.60
2008.04.30 06:45:13.133,1.9637,1.9638,3.20,0.60
2008.04.30 06:45:13.298,1.9637,1.96385,3.60,0.80
2008.04.30 06:45:13.457,1.9637,1.96385,3.80,1.60
2008.04.30 06:45:14.865,1.9637,1.96385,3.80,2.40
2008.04.30 06:45:15.525,1.9637,1.96385,3.80,2.50
2008.04.30 06:45:15.691,1.96365,1.9638,0.20,2.80
2008.04.30 06:45:15.857,1.9636,1.96375,3.80,0.80
2008.04.30 06:45:16.447,1.9637,1.96375,0.80,0.80
2008.04.30 06:45:16.648,1.9638,1.96385,0.20,0.60
2008.04.30 06:45:16.748,1.9638,1.9639,0.20,3.60
2008.04.30 06:45:16.848,1.9637,1.9639,22.20,3.60
2008.04.30 06:45:16.992,1.9637,1.9639,19.80,3.60
2008.04.30 06:45:17.091,1.9637,1.9639,15.80,3.60
2008.04.30 06:45:18.949,1.9637,1.9639,15.80,2.80
2008.04.30 06:45:19.359,1.9637,1.9639,15.80,3.60
2008.04.30 06:45:19.988,1.9637,1.9639,16.60,3.60
2008.04.30 06:45:20.147,1.9637,1.9639,21.40,3.60
2008.04.30 06:45:22.702,1.9639,1.96395,0.20,0.60
2008.04.30 06:45:23.102,1.9639,1.964,0.20,10.00
2008.04.30 06:45:23.201,1.9638,1.9639,2.80,0.80
2008.04.30 06:45:23.300,1.9638,1.964,2.80,7.60
2008.04.30 06:45:23.408,1.9638,1.964,2.80,15.60
2008.04.30 06:45:23.478,1.9638,1.9639,3.00,0.80
2008.04.30 06:45:26.088,1.9638,1.9639,3.00,1.60
2008.04.30 06:45:30.304,1.96375,1.9638,1.20,0.80
2008.04.30 06:45:31.119,1.9637,1.96375,10.00,0.80
2008.04.30 06:45:31.279,1.9638,1.9639,0.20,8.00
2008.04.30 06:45:31.451,1.9637,1.96375,8.60,0.80
2008.04.30 06:45:31.619,1.9637,1.96385,8.60,0.80
2008.04.30 06:45:31.978,1.9637,1.96385,9.40,0.80
2008.04.30 06:45:32.072,1.9637,1.96385,5.40,0.80
2008.04.30 06:45:32.168,1.9637,1.96375,4.60,0.80
2008.04.30 06:45:33.136,1.9637,1.96375,6.10,0.80
2008.04.30 06:45:33.190,1.96365,1.9637,1.20,0.80
2008.04.30 06:45:33.257,1.9637,1.9639,6.90,8.00
2008.04.30 06:45:33.311,1.9637,1.9639,6.80,8.00
2008.04.30 06:45:33.366,1.9637,1.9639,6.10,8.00
2008.04.30 06:45:33.475,1.96365,1.9637,1.20,0.80
2008.04.30 06:45:33.643,1.96365,1.9637,1.20,0.80
2008.04.30 06:45:33.697,1.9637,1.96375,6.90,0.80
2008.04.30 06:45:34.056,1.9637,1.96375,5.30,0.80
2008.04.30 06:45:34.245,1.96365,1.9637,1.20,0.80
2008.04.30 06:45:35.091,1.9637,1.9638,5.30,0.80
2008.04.30 06:45:35.438,1.9637,1.9638,4.60,0.80
2008.04.30 06:45:35.548,1.9637,1.9638,7.00,0.80
2008.04.30 06:45:35.657,1.9638,1.964,0.20,24.60
2008.04.30 06:45:36.678,1.9638,1.9639,0.90,0.80
2008.04.30 06:45:37.318,1.9638,1.9639,3.80,0.80
2008.04.30 06:45:47.505,1.96385,1.9639,0.80,0.80
2008.04.30 06:45:47.670,1.9639,1.964,1.60,2.80
2008.04.30 06:45:47.836,1.9639,1.964,4.80,2.80
2008.04.30 06:45:48.001,1.9639,1.964,4.90,2.80
2008.04.30 06:45:48.166,1.9639,1.964,0.90,2.80
2008.04.30 06:45:48.371,1.9639,1.964,0.20,2.80
2008.04.30 06:45:48.576,1.9638,1.9639,6.20,0.80
2008.04.30 06:45:48.780,1.9638,1.9639,3.80,0.80
2008.04.30 06:45:50.124,1.96375,1.9638,1.20,0.80
2008.04.30 06:45:51.964,1.9638,1.9639,3.80,0.80
2008.04.30 06:45:53.997,1.9638,1.9639,4.60,0.80
2008.04.30 06:45:54.072,1.9638,1.9639,6.20,0.80
2008.04.30 06:45:54.189,1.9638,1.9639,9.40,0.80
2008.04.30 06:45:54.253,1.9638,1.964,9.40,3.60
2008.04.30 06:45:57.981,1.9638,1.964,9.40,2.80
2008.04.30 06:45:58.076,1.9638,1.964,8.60,2.80
2008.04.30 06:45:58.171,1.9638,1.964,6.20,2.80
2008.04.30 06:45:58.266,1.9638,1.964,3.80,2.80
2008.04.30 06:45:58.361,1.9638,1.9639,3.80,0.80
2008.04.30 06:46:01.671,1.96375,1.9638,1.20,0.80
2008.04.30 06:46:03.539,1.96375,1.9638,1.20,0.80
2008.04.30 06:46:03.586,1.96375,1.9638,1.20,0.80
2008.04.30 06:46:03.638,1.96375,1.9638,1.20,0.80
2008.04.30 06:46:03.685,1.96375,1.9638,1.20,0.80
2008.04.30 06:46:03.817,1.9638,1.9639,14.20,0.80
2008.04.30 06:46:04.530,1.9638,1.9639,18.20,0.80
2008.04.30 06:46:04.609,1.96395,1.964,0.80,2.80
2008.04.30 06:46:04.858,1.96395,1.9641,0.90,8.00
2008.04.30 06:46:07.196,1.96395,1.9642,0.90,8.00
2008.04.30 06:46:08.033,1.96395,1.9642,0.90,9.30
2008.04.30 06:46:08.591,1.964,1.9642,4.00,9.30
2008.04.30 06:46:08.808,1.964,1.9642,5.60,9.30
2008.04.30 06:46:08.923,1.964,1.9642,5.70,7.70
2008.04.30 06:46:09.137,1.964,1.9642,6.20,7.70
2008.04.30 06:46:09.236,1.964,1.9642,8.60,7.70
2008.04.30 06:46:09.801,1.964,1.9641,8.60,8.00
2008.04.30 06:46:09.981,1.96395,1.964,1.20,0.80
2008.04.30 06:46:10.160,1.964,1.9642,2.50,15.90
2008.04.30 06:46:10.342,1.964,1.9642,0.20,17.50
2008.04.30 06:46:10.522,1.964,1.9642,0.20,15.10
2008.04.30 06:46:11.160,1.964,1.9642,0.20,9.40
2008.04.30 06:46:11.390,1.964,1.9642,0.20,9.40
2008.04.30 06:46:12.319,1.9639,1.964,9.40,0.80
2008.04.30 06:46:12.624,1.96395,1.964,0.80,0.80
2008.04.30 06:46:12.744,1.96395,1.9642,0.90,19.30
2008.04.30 06:46:16.091,1.96395,1.964,0.20,8.00
2008.04.30 06:46:16.363,1.9639,1.9642,11.00,17.10
2008.04.30 06:46:16.507,1.9639,1.9641,11.00,2.40
2008.04.30 06:46:17.774,1.9639,1.9641,4.60,2.40
2008.04.30 06:46:18.284,1.9639,1.9641,4.60,4.80
2008.04.30 06:46:18.413,1.9639,1.9641,3.80,5.20
2008.04.30 06:46:18.543,1.9639,1.96405,3.00,0.20
2008.04.30 06:46:18.673,1.9639,1.96405,2.50,0.20
2008.04.30 06:46:18.802,1.9639,1.96405,0.20,0.20
2008.04.30 06:46:18.932,1.9638,1.964,11.30,2.40
2008.04.30 06:46:19.062,1.9638,1.964,1.70,10.40
2008.04.30 06:46:19.191,1.9638,1.964,0.90,10.40
2008.04.30 06:46:19.322,1.9638,1.964,2.50,10.40
2008.04.30 06:46:20.128,1.9638,1.964,4.10,10.40
2008.04.30 06:46:20.344,1.9638,1.964,8.10,10.40
2008.04.30 06:46:20.558,1.9638,1.9639,8.10,0.80
2008.04.30 06:46:20.684,1.9638,1.9639,7.00,0.80
2008.04.30 06:46:20.809,1.9638,1.9639,6.20,0.80
2008.04.30 06:46:20.935,1.9639,1.964,0.20,6.40
2008.04.30 06:46:21.062,1.9639,1.964,0.20,14.40
2008.04.30 06:46:21.186,1.9639,1.964,0.20,4.00
2008.04.30 06:46:22.076,1.9638,1.9639,2.80,0.80
2008.04.30 06:46:22.291,1.9638,1.9639,6.00,0.80
2008.04.30 06:46:22.508,1.96385,1.9639,0.20,0.80
2008.04.30 06:46:22.633,1.96385,1.9639,0.90,0.80
2008.04.30 06:46:23.619,1.96385,1.9639,0.20,0.80
2008.04.30 06:46:23.926,1.9638,1.9639,10.20,0.80
2008.04.30 06:46:24.067,1.9639,1.964,0.80,1.60
2008.04.30 06:46:24.217,1.9639,1.964,5.60,2.40
2008.04.30 06:46:24.367,1.9639,1.9641,5.70,10.40
2008.04.30 06:46:24.666,1.9639,1.964,0.90,8.00
2008.04.30 06:46:24.802,1.9639,1.964,0.20,8.00
2008.04.30 06:46:24.936,1.9638,1.96385,6.50,0.80
2008.04.30 06:46:25.071,1.9638,1.96385,2.50,0.80
2008.04.30 06:46:26.552,1.96385,1.964,0.80,8.00
2008.04.30 06:46:26.750,1.9639,1.964,0.20,0.80
2008.04.30 06:46:27.090,1.9639,1.964,0.20,8.80
2008.04.30 06:46:27.269,1.9638,1.9639,0.20,8.00
2008.04.30 06:46:28.271,1.9638,1.964,4.90,3.20
2008.04.30 06:46:28.674,1.9638,1.964,4.90,3.30
2008.04.30 06:46:29.027,1.9638,1.964,4.90,4.90
2008.04.30 06:46:29.465,1.9638,1.9639,4.90,2.40
2008.04.30 06:46:29.685,1.9638,1.9639,0.90,2.40
2008.04.30 06:46:29.917,1.9638,1.9639,0.20,2.40
2008.04.30 06:46:30.616,1.96375,1.9639,0.90,2.40
2008.04.30 06:46:30.775,1.96375,1.9639,0.90,10.40
2008.04.30 06:46:30.924,1.9638,1.9639,0.20,8.00
2008.04.30 06:46:31.649,1.9638,1.964,0.90,10.40
2008.04.30 06:46:31.769,1.9638,1.964,4.90,10.40
2008.04.30 06:46:31.889,1.9638,1.964,4.90,8.80
2008.04.30 06:46:32.390,1.9638,1.964,7.80,8.80
2008.04.30 06:46:34.068,1.9638,1.964,7.80,8.80
2008.04.30 06:46:34.816,1.9638,1.964,3.00,8.80
2008.04.30 06:46:35.260,1.9638,1.964,3.00,11.20
2008.04.30 06:46:35.315,1.9638,1.964,3.00,11.60
2008.04.30 06:46:36.528,1.9638,1.9639,3.00,8.00
2008.04.30 06:46:36.696,1.9638,1.9639,7.00,8.00
2008.04.30 06:46:37.236,1.9638,1.964,0.90,8.80
2008.04.30 06:46:37.467,1.9638,1.964,0.90,0.80
2008.04.30 06:46:37.709,1.9638,1.964,0.20,8.80
2008.04.30 06:46:38.406,1.9638,1.964,7.80,0.80
2008.04.30 06:46:38.596,1.9638,1.9639,7.80,0.70
2008.04.30 06:46:39.114,1.9638,1.9639,8.60,0.70
2008.04.30 06:46:39.796,1.9638,1.9639,8.60,0.80
2008.04.30 06:46:40.057,1.9638,1.9639,8.90,0.80
2008.04.30 06:46:41.419,1.9638,1.9639,8.60,0.80
2008.04.30 06:46:47.682,1.9638,1.9639,7.80,0.80
2008.04.30 06:46:52.914,1.9638,1.964,7.60,4.50
2008.04.30 06:46:53.194,1.9638,1.964,7.60,8.50
2008.04.30 06:46:53.335,1.9638,1.964,3.60,8.50
2008.04.30 06:46:53.476,1.9638,1.964,2.80,13.00
2008.04.30 06:46:53.617,1.9638,1.9639,2.80,0.80
2008.04.30 06:46:54.931,1.9637,1.9638,2.80,0.80
2008.04.30 06:46:56.959,1.9637,1.96385,2.80,0.80
2008.04.30 06:46:57.219,1.9637,1.9638,2.80,0.80
2008.04.30 06:46:57.398,1.9637,1.96385,2.80,0.80
2008.04.30 06:46:58.526,1.9637,1.9639,2.80,33.60
2008.04.30 06:47:01.620,1.9637,1.9639,2.80,33.50
2008.04.30 06:47:01.867,1.9637,1.9639,3.00,17.20
2008.04.30 06:47:02.112,1.9637,1.9639,3.00,13.20
2008.04.30 06:47:02.945,1.9637,1.9639,3.00,5.20
2008.04.30 06:47:03.143,1.9637,1.9638,3.00,0.80
2008.04.30 06:47:11.720,1.9637,1.9638,3.80,0.80
2008.04.30 06:47:11.790,1.9637,1.9638,7.80,0.80
2008.04.30 06:47:12.526,1.9637,1.9638,10.20,0.80
2008.04.30 06:47:13.413,1.9638,1.96385,0.20,0.80
2008.04.30 06:47:13.781,1.9638,1.9639,0.20,8.00
2008.04.30 06:47:15.361,1.96375,1.9638,1.20,0.80
2008.04.30 06:47:15.420,1.96375,1.9638,1.20,0.80
2008.04.30 06:47:15.975,1.9638,1.964,7.60,6.20
2008.04.30 06:47:16.026,1.9638,1.964,7.60,10.20
2008.04.30 06:47:16.172,1.9638,1.964,7.60,10.40
2008.04.30 06:47:16.291,1.96375,1.9638,0.60,8.00
2008.04.30 06:47:16.410,1.96375,1.9638,0.20,8.00
2008.04.30 06:47:16.616,1.96375,1.9638,0.20,8.00
2008.04.30 06:47:17.025,1.96365,1.9637,1.20,0.80
2008.04.30 06:47:17.453,1.9637,1.96375,10.20,0.80
2008.04.30 06:47:18.330,1.96365,1.9637,1.20,0.80
2008.04.30 06:47:18.529,1.9637,1.96375,10.20,0.80
2008.04.30 06:47:18.739,1.96365,1.9637,1.20,0.80
2008.04.30 06:47:19.564,1.9637,1.96375,10.20,0.80
2008.04.30 06:47:20.715,1.9637,1.96385,10.20,0.80
2008.04.30 06:47:22.716,1.9637,1.96385,9.40,0.80
2008.04.30 06:47:22.947,1.9637,1.96385,7.80,0.80
2008.04.30 06:47:23.658,1.9637,1.9638,7.80,0.80
2008.04.30 06:47:25.702,1.9637,1.9638,3.80,0.80
2008.04.30 06:47:25.782,1.9637,1.9638,3.30,0.80
2008.04.30 06:47:25.815,1.9637,1.9638,0.90,0.80
2008.04.30 06:47:25.864,1.9637,1.9638,0.20,0.80
2008.04.30 06:47:25.898,1.9637,1.96375,0.20,0.80
2008.04.30 06:47:27.144,1.9637,1.9638,0.20,0.80
2008.04.30 06:47:27.238,1.9637,1.9638,0.90,0.80
2008.04.30 06:47:27.333,1.9637,1.9638,5.70,0.80
2008.04.30 06:47:27.523,1.9637,1.96385,2.50,0.80
2008.04.30 06:47:27.618,1.96365,1.9637,0.80,0.80
2008.04.30 06:47:27.714,1.9637,1.9638,1.70,0.20
2008.04.30 06:47:27.809,1.9637,1.9638,0.20,0.90
2008.04.30 06:47:28.026,1.9636,1.9637,2.40,3.60
2008.04.30 06:47:28.445,1.9636,1.9637,0.80,3.60
2008.04.30 06:47:28.874,1.9635,1.9637,12.60,4.40
2008.04.30 06:47:28.943,1.9636,1.9637,1.60,4.40
2008.04.30 06:47:30.078,1.9636,1.9637,1.60,3.60
2008.04.30 06:47:30.150,1.9636,1.9637,1.60,4.40
2008.04.30 06:47:30.316,1.9635,1.9637,13.40,4.40
2008.04.30 06:47:30.379,1.9636,1.9637,1.60,4.40
2008.04.30 06:47:32.458,1.9636,1.9637,4.00,4.40
2008.04.30 06:47:32.605,1.9636,1.9637,4.80,4.40
2008.04.30 06:47:34.782,1.9636,1.9637,0.80,4.40
2008.04.30 06:47:34.869,1.9636,1.9637,4.80,4.40
2008.04.30 06:47:35.567,1.9636,1.9637,4.80,3.60
2008.04.30 06:47:35.793,1.96365,1.9637,0.80,3.60
2008.04.30 06:47:35.916,1.96365,1.9637,0.80,1.20
2008.04.30 06:47:36.026,1.96365,1.9637,0.80,0.80
2008.04.30 06:47:36.149,1.9638,1.9639,0.20,14.60
2008.04.30 06:47:37.838,1.9637,1.9639,0.20,9.60
2008.04.30 06:47:38.094,1.9637,1.96375,0.20,0.80
2008.04.30 06:47:40.008,1.9637,1.96375,0.90,0.80
2008.04.30 06:47:42.256,1.9637,1.96375,4.90,0.80
2008.04.30 06:47:42.321,1.9637,1.96375,6.50,0.80
2008.04.30 06:47:42.436,1.9637,1.9638,6.50,0.80
2008.04.30 06:47:42.862,1.9637,1.9638,7.00,0.80
2008.04.30 06:47:42.897,1.9637,1.9638,9.40,0.80
2008.04.30 06:47:44.733,1.9638,1.964,0.80,22.60
2008.04.30 06:47:44.769,1.9638,1.964,2.40,14.60
2008.04.30 06:47:44.844,1.9638,1.964,4.00,13.00
2008.04.30 06:47:44.874,1.9638,1.964,7.20,10.40
2008.04.30 06:47:45.008,1.9638,1.964,7.30,5.60
2008.04.30 06:47:45.297,1.9638,1.964,6.50,4.40
2008.04.30 06:47:45.326,1.9638,1.964,7.00,4.40
2008.04.30 06:47:45.516,1.9638,1.964,7.80,4.40
2008.04.30 06:47:46.084,1.9638,1.9639,7.80,0.80
2008.04.30 06:47:47.732,1.9638,1.9639,7.00,0.80
2008.04.30 06:47:47.826,1.9638,1.9639,4.90,1.20
2008.04.30 06:47:47.922,1.9638,1.9639,0.20,4.40
2008.04.30 06:47:48.017,1.9637,1.9638,7.00,0.80
2008.04.30 06:47:48.111,1.9637,1.9638,3.00,0.80
2008.04.30 06:47:48.209,1.9637,1.9638,3.80,0.80
2008.04.30 06:47:48.770,1.9637,1.96375,3.80,0.80
2008.04.30 06:47:49.158,1.9637,1.9638,3.80,0.80
2008.04.30 06:47:53.272,1.9637,1.96385,3.80,0.80
2008.04.30 06:47:53.602,1.9637,1.96375,3.80,0.80
2008.04.30 06:47:53.755,1.9637,1.96375,4.60,0.80
2008.04.30 06:47:53.911,1.9637,1.96375,6.20,0.80
2008.04.30 06:47:54.373,1.9637,1.96375,10.20,0.80
2008.04.30 06:47:54.684,1.9638,1.9639,0.20,8.80
2008.04.30 06:47:55.926,1.9637,1.96375,11.00,0.80
2008.04.30 06:48:06.046,1.9638,1.9639,0.20,8.00
2008.04.30 06:48:07.277,1.9638,1.9639,0.20,8.00
2008.04.30 06:48:07.572,1.9638,1.9639,0.20,8.00
2008.04.30 06:48:09.295,1.9638,1.964,0.20,12.40
2008.04.30 06:48:09.525,1.9638,1.9639,0.20,8.00
2008.04.30 06:48:10.957,1.9638,1.964,0.20,16.40
2008.04.30 06:48:11.501,1.9638,1.9639,0.20,8.00
2008.04.30 06:48:11.606,1.9638,1.9639,0.20,8.00
2008.04.30 06:48:12.597,1.9638,1.964,0.20,16.40
2008.04.30 06:48:12.944,1.9638,1.9639,0.20,4.90
2008.04.30 06:48:13.065,1.9637,1.9638,0.80,3.40
2008.04.30 06:48:13.185,1.9637,1.9638,0.80,3.40
2008.04.30 06:48:13.751,1.9637,1.9638,0.90,2.80
2008.04.30 06:48:14.159,1.9637,1.9638,0.80,2.80
2008.04.30 06:48:15.363,1.96375,1.9638,0.80,2.80
2008.04.30 06:48:15.434,1.9638,1.9639,0.20,9.60
2008.04.30 06:48:15.628,1.9638,1.9639,0.20,2.40
2008.04.30 06:48:16.000,1.9638,1.96385,0.20,0.80
2008.04.30 06:48:16.580,1.9638,1.9639,0.20,0.80
2008.04.30 06:48:18.522,1.9638,1.96385,0.20,0.80
2008.04.30 06:48:19.976,1.96375,1.96385,0.90,0.80
2008.04.30 06:48:20.769,1.96375,1.9639,0.90,1.60
2008.04.30 06:48:20.984,1.9638,1.9639,0.20,0.80
2008.04.30 06:48:21.785,1.96375,1.9639,0.90,1.60
2008.04.30 06:48:22.010,1.9638,1.9639,0.20,0.80
2008.04.30 06:48:23.529,1.96375,1.9639,0.90,1.60
2008.04.30 06:48:23.944,1.96375,1.9639,0.90,0.80
2008.04.30 06:48:24.064,1.9638,1.96385,0.20,0.80
2008.04.30 06:48:24.692,1.9638,1.9639,0.20,0.80
2008.04.30 06:48:25.576,1.9638,1.964,0.20,9.10
2008.04.30 06:48:26.598,1.9638,1.9639,0.20,0.80
2008.04.30 06:48:26.918,1.9637,1.9638,11.00,0.80
2008.04.30 06:48:28.849,1.96375,1.9638,0.80,0.80
2008.04.30 06:48:29.144,1.96375,1.9638,0.90,0.80
2008.04.30 06:48:29.952,1.96375,1.96385,0.90,0.80
2008.04.30 06:48:31.718,1.96375,1.9638,0.90,0.80
2008.04.30 06:48:41.833,1.96375,1.9639,0.90,2.40
2008.04.30 06:48:41.934,1.96375,1.9639,0.20,2.50
2008.04.30 06:48:42.034,1.96375,1.9639,0.20,8.90
2008.04.30 06:48:42.184,1.9637,1.9639,4.40,14.50
2008.04.30 06:48:42.335,1.9637,1.9639,4.40,14.70
2008.04.30 06:48:42.486,1.9637,1.9639,4.40,14.50
2008.04.30 06:48:42.637,1.9637,1.9639,4.40,20.40
2008.04.30 06:48:42.785,1.9637,1.9638,4.40,0.80
2008.04.30 06:48:44.389,1.9637,1.9639,4.40,7.60
2008.04.30 06:48:44.424,1.9637,1.9639,4.40,11.60
2008.04.30 06:48:45.279,1.9637,1.9639,4.40,7.60
2008.04.30 06:48:45.607,1.9637,1.9639,4.40,6.80
2008.04.30 06:48:46.943,1.9637,1.9639,4.40,10.80
2008.04.30 06:48:47.005,1.9637,1.9639,4.40,11.60
2008.04.30 06:48:47.061,1.9637,1.9639,4.00,11.60
2008.04.30 06:48:47.116,1.9637,1.9639,1.60,11.60
2008.04.30 06:48:47.878,1.9637,1.9639,1.60,19.60
2008.04.30 06:48:48.054,1.9637,1.9638,1.60,0.80
2008.04.30 06:48:48.228,1.9637,1.9638,1.70,0.80
2008.04.30 06:48:48.404,1.9637,1.9638,5.70,0.80
2008.04.30 06:48:48.581,1.9638,1.9639,0.80,1.60
2008.04.30 06:48:49.388,1.96385,1.964,0.80,12.00
2008.04.30 06:48:49.660,1.9638,1.96385,4.90,0.80
2008.04.30 06:48:49.830,1.96385,1.964,0.90,9.60
2008.04.30 06:48:50.004,1.96385,1.9639,0.20,10.40
2008.04.30 06:48:50.174,1.9637,1.9638,1.70,0.80
2008.04.30 06:48:50.516,1.9638,1.9639,1.60,4.00
2008.04.30 06:48:50.686,1.9638,1.96385,1.60,0.80
2008.04.30 06:48:50.959,1.9638,1.96385,1.70,0.80
2008.04.30 06:48:51.497,1.9638,1.9639,1.70,0.80
2008.04.30 06:48:52.405,1.9638,1.964,1.70,4.00
2008.04.30 06:48:52.554,1.9638,1.9639,1.70,0.80
2008.04.30 06:48:52.788,1.9638,1.9639,1.70,8.80
2008.04.30 06:48:52.968,1.9638,1.9639,0.90,8.80
2008.04.30 06:48:53.150,1.9637,1.9638,5.70,0.80
2008.04.30 06:48:53.342,1.9637,1.9638,1.70,0.80
2008.04.30 06:48:53.524,1.96375,1.96385,0.90,0.80
2008.04.30 06:48:54.579,1.9638,1.96385,0.20,0.80
2008.04.30 06:48:56.083,1.9637,1.96385,5.70,0.80
2008.04.30 06:48:56.281,1.9637,1.96385,1.70,0.80
2008.04.30 06:48:57.432,1.9638,1.9639,0.80,4.40
2008.04.30 06:48:57.642,1.9638,1.9639,0.80,3.60
2008.04.30 06:48:59.055,1.9637,1.9639,1.70,8.40
2008.04.30 06:48:59.160,1.9637,1.9638,1.70,0.80
2008.04.30 06:49:03.184,1.9637,1.96375,1.60,0.80
2008.04.30 06:49:04.390,1.9637,1.96375,2.40,0.80
2008.04.30 06:49:04.533,1.9637,1.96375,5.60,0.80
2008.04.30 06:49:04.726,1.9637,1.9639,5.70,3.60
2008.04.30 06:49:04.910,1.9637,1.96385,4.90,0.20
2008.04.30 06:49:05.064,1.9637,1.96385,1.70,0.20
2008.04.30 06:49:05.226,1.9637,1.96375,1.60,0.80
2008.04.30 06:49:06.523,1.9636,1.9637,14.20,0.80
2008.04.30 06:49:07.538,1.9637,1.9639,0.80,21.40
2008.04.30 06:49:10.504,1.9636,1.9637,3.60,0.80
2008.04.30 06:49:11.051,1.9636,1.9637,2.80,0.80
2008.04.30 06:49:11.669,1.9636,1.9638,3.00,16.60
2008.04.30 06:49:12.481,1.9636,1.9638,4.60,12.00
2008.04.30 06:49:12.711,1.9637,1.9638,2.40,0.80
2008.04.30 06:49:12.941,1.9637,1.96375,2.50,0.80
2008.04.30 06:49:13.096,1.9637,1.96375,4.10,0.80
2008.04.30 06:49:13.251,1.9637,1.96375,5.70,0.80
2008.04.30 06:49:14.177,1.9637,1.96375,1.70,0.80
2008.04.30 06:49:14.287,1.9637,1.96375,0.20,0.80
2008.04.30 06:49:16.578,1.9637,1.9639,0.20,19.80
2008.04.30 06:49:19.634,1.9637,1.96375,0.20,0.80
2008.04.30 06:49:22.209,1.9637,1.9639,0.20,19.80
2008.04.30 06:49:22.805,1.9636,1.9637,9.40,0.80
2008.04.30 06:49:24.542,1.9636,1.96375,9.40,0.80
2008.04.30 06:49:26.997,1.9636,1.9637,9.40,0.80
2008.04.30 06:49:30.630,1.9636,1.9637,9.40,1.10
2008.04.30 06:49:30.724,1.9636,1.9637,9.40,0.80
2008.04.30 06:49:39.423,1.9636,1.96375,9.40,0.80
2008.04.30 06:49:42.742,1.9636,1.9637,3.00,0.80
2008.04.30 06:49:43.050,1.9636,1.96375,3.00,0.80
2008.04.30 06:49:43.261,1.9636,1.9637,3.00,0.80
2008.04.30 06:49:43.565,1.9636,1.96375,3.00,0.80
2008.04.30 06:49:44.276,1.9636,1.9637,3.00,0.80
2008.04.30 06:49:44.597,1.9636,1.96375,3.00,0.80
2008.04.30 06:49:45.473,1.96385,1.9639,0.80,17.20
2008.04.30 06:49:45.723,1.96385,1.9639,1.40,4.00
2008.04.30 06:49:45.859,1.9639,1.964,2.80,5.60
2008.04.30 06:49:45.983,1.9639,1.964,2.80,1.60
2008.04.30 06:49:46.109,1.9639,1.96395,2.40,0.60
2008.04.30 06:49:46.355,1.9637,1.96375,4.10,0.80
2008.04.30 06:49:46.845,1.9637,1.96375,0.20,0.80
2008.04.30 06:49:48.166,1.96365,1.96375,0.80,0.80
2008.04.30 06:49:53.169,1.96365,1.9637,0.80,0.80
2008.04.30 06:49:53.688,1.96365,1.96375,0.80,0.80
2008.04.30 06:49:55.196,1.96365,1.9637,0.80,0.80
2008.04.30 06:49:55.480,1.9636,1.9637,7.80,0.80
2008.04.30 06:49:55.623,1.9636,1.9637,3.80,0.80
2008.04.30 06:49:56.225,1.9636,1.96375,3.60,0.80
2008.04.30 06:49:58.026,1.96365,1.96375,0.80,0.80
2008.04.30 06:49:58.251,1.9637,1.96375,0.80,0.80
2008.04.30 06:49:58.287,1.96365,1.9637,0.90,0.80
2008.04.30 06:49:58.581,1.96365,1.9637,0.20,0.80
2008.04.30 06:49:58.781,1.9636,1.9637,3.80,0.80
2008.04.30 06:50:00.633,1.96365,1.9637,0.80,0.80
2008.04.30 06:50:00.849,1.96365,1.9637,0.90,0.80
2008.04.30 06:50:01.037,1.96365,1.9638,0.90,10.40
2008.04.30 06:50:01.103,1.96365,1.9638,0.90,2.40
2008.04.30 06:50:01.201,1.96365,1.9638,0.90,6.40
2008.04.30 06:50:02.823,1.9636,1.9638,3.80,13.70
2008.04.30 06:50:03.083,1.9636,1.9637,3.60,0.80
2008.04.30 06:50:04.081,1.96365,1.9637,0.80,0.80
2008.04.30 06:50:04.178,1.9637,1.9638,2.80,5.60
2008.04.30 06:50:04.222,1.9637,1.9638,2.80,3.20
2008.04.30 06:50:04.420,1.9637,1.9638,3.00,0.80
2008.04.30 06:50:04.726,1.9637,1.9638,3.80,0.80
2008.04.30 06:50:05.668,1.9637,1.96375,2.40,0.80
2008.04.30 06:50:05.762,1.96365,1.96375,0.20,0.80
2008.04.30 06:50:06.135,1.9637,1.96375,0.80,0.80
2008.04.30 06:50:09.307,1.96365,1.9637,0.90,0.80
2008.04.30 06:50:09.622,1.96365,1.9637,0.20,0.80
2008.04.30 06:50:09.766,1.9636,1.9637,8.60,0.80
2008.04.30 06:50:12.574,1.9636,1.9637,7.80,0.80
2008.04.30 06:50:12.797,1.9636,1.9637,6.20,0.80
2008.04.30 06:50:13.010,1.9636,1.9637,3.80,0.80
2008.04.30 06:50:18.998,1.9636,1.9637,3.00,0.80
2008.04.30 06:50:21.179,1.9636,1.96375,3.00,0.80
2008.04.30 06:50:24.469,1.9636,1.9637,3.00,0.80
2008.04.30 06:50:24.779,1.9636,1.9637,2.80,0.80
2008.04.30 06:50:26.542,1.9636,1.9637,2.80,0.90
2008.04.30 06:50:26.698,1.9636,1.9637,0.60,4.10
2008.04.30 06:50:26.854,1.9635,1.96365,3.60,0.80
2008.04.30 06:50:27.367,1.9635,1.9637,3.80,2.40
2008.04.30 06:50:27.523,1.9635,1.9637,3.60,2.40
2008.04.30 06:50:27.681,1.9635,1.9637,3.80,2.40
2008.04.30 06:50:27.994,1.9635,1.9637,4.60,2.40
2008.04.30 06:50:28.259,1.9636,1.96375,2.80,0.80
2008.04.30 06:50:39.717,1.9636,1.96375,3.00,0.80
2008.04.30 06:50:40.506,1.9636,1.9637,3.00,0.80
2008.04.30 06:50:43.010,1.9636,1.9638,2.80,7.80
2008.04.30 06:50:43.254,1.9636,1.9638,2.80,7.60
2008.04.30 06:50:44.592,1.9636,1.9637,2.80,0.20
2008.04.30 06:50:44.724,1.96355,1.9637,0.20,13.40
2008.04.30 06:50:44.853,1.9635,1.9636,3.50,0.80
2008.04.30 06:50:46.704,1.9635,1.9636,3.00,1.20
2008.04.30 06:50:46.844,1.9635,1.9636,0.60,3.60
2008.04.30 06:50:47.226,1.9635,1.9636,1.00,1.20
2008.04.30 06:50:47.348,1.9635,1.9636,1.00,0.80
2008.04.30 06:50:47.843,1.9635,1.9636,1.20,0.80
2008.04.30 06:50:48.234,1.9635,1.9636,2.00,0.80
2008.04.30 06:50:48.354,1.9635,1.9636,1.20,0.80
2008.04.30 06:50:49.732,1.9635,1.9636,1.70,0.80
2008.04.30 06:50:49.947,1.9635,1.9636,4.10,0.80
2008.04.30 06:50:52.141,1.9635,1.9636,4.20,0.80
2008.04.30 06:50:52.960,1.9635,1.9636,4.10,0.80
2008.04.30 06:50:53.680,1.9635,1.9637,4.10,4.00
2008.04.30 06:50:53.886,1.9635,1.9637,3.40,4.00
2008.04.30 06:50:54.209,1.9635,1.9637,3.60,2.40
2008.04.30 06:50:54.629,1.96355,1.9637,0.20,1.60
2008.04.30 06:50:54.838,1.9635,1.9637,3.60,2.40
2008.04.30 06:50:55.226,1.9636,1.9637,0.20,1.60
2008.04.30 06:50:56.244,1.96355,1.9637,0.20,1.60
2008.04.30 06:50:59.501,1.96355,1.96375,0.20,0.80
2008.04.30 06:50:59.825,1.9635,1.9637,4.60,0.80
2008.04.30 06:51:00.061,1.9635,1.9637,3.80,0.80
2008.04.30 06:51:00.201,1.9635,1.9637,3.00,0.80
2008.04.30 06:51:00.441,1.9635,1.9637,3.00,2.40
2008.04.30 06:51:00.798,1.9635,1.9637,3.80,2.80
2008.04.30 06:51:00.930,1.96355,1.9637,0.20,4.40
2008.04.30 06:51:01.619,1.9635,1.9637,3.80,5.20
2008.04.30 06:51:02.304,1.9635,1.9637,7.80,5.20
2008.04.30 06:51:02.510,1.96355,1.9637,0.20,4.40
2008.04.30 06:51:04.394,1.9635,1.9637,3.80,5.20
2008.04.30 06:51:04.660,1.9635,1.9637,7.80,5.20
2008.04.30 06:51:04.910,1.96355,1.9637,0.20,4.40
2008.04.30 06:51:05.443,1.9635,1.96365,3.80,0.80
2008.04.30 06:51:05.878,1.9635,1.9637,3.80,5.20
2008.04.30 06:51:07.044,1.9635,1.9637,3.80,5.50
2008.04.30 06:51:10.776,1.9635,1.96365,3.80,0.80
2008.04.30 06:51:16.286,1.9635,1.9636,3.80,0.80
2008.04.30 06:51:16.778,1.9635,1.96365,3.80,0.80
2008.04.30 06:51:17.088,1.9635,1.9637,3.80,5.50
2008.04.30 06:51:17.818,1.9635,1.96365,3.80,0.80
2008.04.30 06:51:18.836,1.9635,1.9636,3.80,0.80
2008.04.30 06:51:21.383,1.9635,1.96365,3.80,0.80
2008.04.30 06:51:21.631,1.9635,1.9636,3.80,0.80
2008.04.30 06:51:21.895,1.9635,1.9637,3.80,4.70
2008.04.30 06:51:22.064,1.9635,1.9637,3.80,12.70
2008.04.30 06:51:22.187,1.9635,1.9636,4.60,0.80
2008.04.30 06:51:22.472,1.9635,1.9637,10.20,3.90
2008.04.30 06:51:22.757,1.9635,1.9637,14.20,3.90
2008.04.30 06:51:23.089,1.9635,1.9637,13.40,3.90
2008.04.30 06:51:23.374,1.9635,1.9637,3.80,9.00
2008.04.30 06:51:23.511,1.9635,1.9636,3.80,0.80
2008.04.30 06:51:25.182,1.9636,1.9637,0.80,8.20
2008.04.30 06:51:25.344,1.9636,1.9637,3.20,0.30
2008.04.30 06:51:25.420,1.9636,1.9637,4.80,0.30
2008.04.30 06:51:25.496,1.9636,1.9637,4.90,0.30
2008.04.30 06:51:25.570,1.9636,1.9637,6.50,0.30
2008.04.30 06:51:25.760,1.9636,1.9637,7.00,0.30
2008.04.30 06:51:25.834,1.9636,1.9637,9.40,0.30
2008.04.30 06:51:26.536,1.9636,1.9637,0.20,3.10
2008.04.30 06:51:26.863,1.9635,1.9637,9.40,3.90
2008.04.30 06:51:27.188,1.9635,1.96365,9.40,0.80
2008.04.30 06:51:27.513,1.9635,1.9637,9.40,3.90
2008.04.30 06:51:28.428,1.9635,1.9637,9.40,3.60
2008.04.30 06:51:28.553,1.9635,1.9637,3.80,5.20
2008.04.30 06:51:30.518,1.9635,1.96365,3.80,0.80
2008.04.30 06:51:31.155,1.9635,1.9636,3.80,0.80
2008.04.30 06:51:31.315,1.9635,1.96365,3.80,0.80
2008.04.30 06:51:32.893,1.9635,1.9637,3.80,5.20
2008.04.30 06:51:33.340,1.9635,1.9637,3.80,7.00
2008.04.30 06:51:33.583,1.9635,1.9637,3.00,16.60
2008.04.30 06:51:34.606,1.9635,1.96365,3.00,0.20
2008.04.30 06:51:34.803,1.9635,1.9636,0.20,0.60
2008.04.30 06:51:34.998,1.96345,1.9636,0.20,2.80
2008.04.30 06:51:35.580,1.9634,1.9636,11.00,3.60
2008.04.30 06:51:35.746,1.96345,1.9636,0.80,3.60
2008.04.30 06:51:35.901,1.96345,1.9636,0.90,0.80
2008.04.30 06:51:37.003,1.9635,1.96365,0.20,0.80
2008.04.30 06:51:38.160,1.96355,1.96365,0.80,0.80
2008.04.30 06:51:38.455,1.96355,1.96365,0.90,0.80
2008.04.30 06:51:39.677,1.96355,1.96365,0.20,0.80
2008.04.30 06:51:39.889,1.9636,1.9637,0.20,1.00
2008.04.30 06:51:40.820,1.9638,1.96385,3.20,2.80
2008.04.30 06:51:40.945,1.9638,1.9639,14.20,1.60
2008.04.30 06:51:41.194,1.9638,1.9639,15.20,1.60
2008.04.30 06:51:41.569,1.9638,1.964,15.20,7.60
2008.04.30 06:51:41.809,1.9639,1.964,9.20,4.80
2008.04.30 06:51:42.051,1.9639,1.964,9.40,0.80
2008.04.30 06:51:42.291,1.9639,1.964,13.40,0.80
2008.04.30 06:51:43.554,1.9639,1.9641,13.40,3.60
2008.04.30 06:51:44.507,1.9639,1.964,13.40,0.80
2008.04.30 06:51:46.857,1.9639,1.9641,13.40,1.10
2008.04.30 06:51:46.912,1.9639,1.9641,11.80,1.10
2008.04.30 06:51:47.103,1.9639,1.9641,11.80,3.50
2008.04.30 06:51:47.201,1.9639,1.9641,8.60,3.50
2008.04.30 06:51:47.257,1.9639,1.9641,7.80,3.60
2008.04.30 06:51:47.315,1.9639,1.9641,7.00,4.40
2008.04.30 06:51:47.371,1.9639,1.9641,2.80,7.60
2008.04.30 06:51:47.548,1.9639,1.9641,2.80,10.80
2008.04.30 06:51:47.603,1.9639,1.9641,2.80,12.40
2008.04.30 06:51:47.659,1.9639,1.9641,2.80,12.60
2008.04.30 06:51:47.717,1.96385,1.9639,0.60,0.20
2008.04.30 06:51:47.772,1.9639,1.96395,2.80,0.20
2008.04.30 06:51:47.827,1.96385,1.9639,0.60,2.40
2008.04.30 06:51:48.089,1.9638,1.9639,0.20,10.40
2008.04.30 06:51:48.349,1.9638,1.9639,0.20,10.50
2008.04.30 06:51:48.609,1.9637,1.9639,0.20,13.70
2008.04.30 06:51:49.654,1.9637,1.9638,0.20,10.40
2008.04.30 06:51:50.819,1.9637,1.9638,0.20,2.40
2008.04.30 06:51:51.208,1.96375,1.9639,0.80,10.50
2008.04.30 06:51:51.528,1.96375,1.9639,0.90,3.20
2008.04.30 06:51:51.696,1.96375,1.9639,0.90,0.80
2008.04.30 06:51:51.856,1.9638,1.9639,0.60,0.80
2008.04.30 06:51:51.973,1.9638,1.9639,2.80,0.80
2008.04.30 06:51:52.212,1.9638,1.964,2.80,7.90
2008.04.30 06:51:53.394,1.9638,1.964,3.00,6.30
2008.04.30 06:51:56.189,1.9638,1.964,3.00,6.40
2008.04.30 06:51:56.265,1.9638,1.964,3.00,10.40
2008.04.30 06:51:56.342,1.9638,1.964,3.00,13.60
2008.04.30 06:51:56.440,1.9638,1.964,3.00,17.60
2008.04.30 06:51:56.514,1.9638,1.964,2.80,20.80
2008.04.30 06:51:56.773,1.96375,1.9638,0.60,8.00
2008.04.30 06:51:56.860,1.96375,1.9638,0.60,8.10
2008.04.30 06:51:56.936,1.9637,1.9638,0.20,8.10
2008.04.30 06:51:57.015,1.9637,1.9638,0.20,12.10
2008.04.30 06:51:57.537,1.9637,1.9638,0.20,4.90
2008.04.30 06:51:58.766,1.96375,1.9638,0.80,2.80
2008.04.30 06:51:58.998,1.96375,1.9639,0.90,2.40
2008.04.30 06:51:59.393,1.96375,1.9639,0.90,10.40
2008.04.30 06:51:59.630,1.96375,1.9638,0.90,0.80
2008.04.30 06:52:02.716,1.96375,1.9638,0.20,0.80
2008.04.30 06:52:02.940,1.9637,1.9638,7.00,0.80
2008.04.30 06:52:05.715,1.9637,1.9638,6.20,0.80
2008.04.30 06:52:05.775,1.9637,1.9638,5.40,0.80
2008.04.30 06:52:05.892,1.9637,1.9638,3.00,0.80
2008.04.30 06:52:06.459,1.9637,1.9638,2.80,0.80
2008.04.30 06:52:07.915,1.9637,1.9638,3.00,0.80
2008.04.30 06:52:08.209,1.9637,1.9638,3.80,0.80
2008.04.30 06:52:08.279,1.9637,1.9638,6.20,0.80
2008.04.30 06:52:08.345,1.9637,1.9638,11.80,0.80
2008.04.30 06:52:08.410,1.9637,1.9639,18.50,5.20
2008.04.30 06:52:08.539,1.9637,1.9639,18.20,3.60
2008.04.30 06:52:08.669,1.9638,1.9639,0.50,3.60
2008.04.30 06:52:08.928,1.9637,1.9639,20.60,3.60
2008.04.30 06:52:09.432,1.9637,1.9639,20.90,3.60
2008.04.30 06:52:09.843,1.96375,1.9639,0.80,3.60
2008.04.30 06:52:09.964,1.9638,1.9639,3.00,0.80
2008.04.30 06:52:10.202,1.9638,1.9639,3.00,2.10
2008.04.30 06:52:10.486,1.9638,1.9639,3.10,2.10
2008.04.30 06:52:10.588,1.9638,1.9639,3.30,0.80
2008.04.30 06:52:10.867,1.9638,1.9639,3.00,0.80
2008.04.30 06:52:12.321,1.9639,1.964,0.80,13.20
2008.04.30 06:52:12.385,1.9639,1.964,9.60,4.20
2008.04.30 06:52:12.460,1.9639,1.964,10.00,3.70
2008.04.30 06:52:12.543,1.9639,1.964,13.00,2.10
2008.04.30 06:52:12.617,1.9639,1.9641,13.00,4.40
2008.04.30 06:52:12.760,1.9639,1.9641,13.00,3.60
2008.04.30 06:52:12.866,1.9639,1.964,5.40,8.00
2008.04.30 06:52:12.974,1.9639,1.964,0.20,8.00
2008.04.30 06:52:13.078,1.9639,1.964,0.20,8.00
2008.04.30 06:52:14.132,1.9638,1.9639,3.00,0.80
2008.04.30 06:52:16.292,1.9638,1.9639,3.80,0.80
2008.04.30 06:52:16.472,1.9638,1.9639,8.60,0.80
2008.04.30 06:52:16.653,1.9638,1.9639,8.90,0.80
2008.04.30 06:52:16.843,1.9638,1.9639,7.00,8.80
2008.04.30 06:52:17.023,1.9638,1.9639,0.20,8.00
2008.04.30 06:52:17.297,1.9638,1.9639,0.20,8.00
2008.04.30 06:52:17.500,1.9637,1.9638,0.90,0.80
2008.04.30 06:52:17.833,1.9637,1.96375,0.90,0.80
2008.04.30 06:52:21.429,1.9637,1.96375,0.20,0.80
2008.04.30 06:52:21.621,1.9636,1.96375,10.20,0.80
2008.04.30 06:52:21.815,1.9636,1.96375,11.00,0.80
2008.04.30 06:52:21.871,1.9636,1.96375,12.60,0.80
2008.04.30 06:52:22.045,1.9636,1.96375,8.60,0.80
2008.04.30 06:52:24.801,1.9636,1.96375,10.20,0.80
2008.04.30 06:52:24.952,1.9637,1.9638,0.20,0.80
2008.04.30 06:52:25.399,1.9637,1.96385,3.00,0.80
2008.04.30 06:52:27.405,1.9637,1.9638,3.00,0.80
2008.04.30 06:52:28.023,1.9637,1.96385,3.00,0.80
2008.04.30 06:52:28.942,1.9637,1.9638,3.00,0.80
2008.04.30 06:52:29.778,1.96385,1.9639,0.80,11.60
2008.04.30 06:52:30.012,1.9639,1.964,2.80,1.00
2008.04.30 06:52:30.066,1.9639,1.964,2.80,0.70
2008.04.30 06:52:30.336,1.9639,1.964,3.60,0.70
2008.04.30 06:52:30.381,1.9639,1.964,5.20,0.70
2008.04.30 06:52:30.516,1.9639,1.964,5.40,0.70
2008.04.30 06:52:32.209,1.9639,1.964,3.80,0.70
2008.04.30 06:52:32.301,1.9639,1.9641,3.60,8.40
2008.04.30 06:52:32.535,1.9639,1.9641,3.80,8.40
2008.04.30 06:52:32.808,1.9639,1.964,3.00,0.20
2008.04.30 06:52:32.903,1.9639,1.964,2.50,0.20
2008.04.30 06:52:33.000,1.9638,1.9639,2.40,8.00
2008.04.30 06:52:33.103,1.9638,1.96385,0.20,0.80
2008.04.30 06:52:33.303,1.9638,1.9639,0.20,0.80
2008.04.30 06:52:33.629,1.9638,1.9639,0.90,0.80
2008.04.30 06:52:33.964,1.9638,1.9639,0.20,0.80
2008.04.30 06:52:34.300,1.9638,1.96385,0.20,0.80
2008.04.30 06:52:35.674,1.9637,1.9639,4.40,0.80
2008.04.30 06:52:35.863,1.96375,1.9639,0.80,0.80
2008.04.30 06:52:36.156,1.9638,1.9639,0.20,0.80
2008.04.30 06:52:36.347,1.9638,1.96385,0.20,0.80
2008.04.30 06:52:38.579,1.9637,1.9639,3.80,0.80
2008.04.30 06:52:38.793,1.9637,1.9639,7.00,0.80
2008.04.30 06:52:38.900,1.9639,1.96395,0.20,1.60
2008.04.30 06:52:40.400,1.9638,1.9639,0.90,0.80
2008.04.30 06:52:40.795,1.9638,1.9639,0.20,0.80
2008.04.30 06:52:41.943,1.9638,1.96385,0.20,0.80
2008.04.30 06:52:42.694,1.9638,1.9639,0.20,0.80
2008.04.30 06:52:48.791,1.9638,1.96385,0.20,0.80
2008.04.30 06:52:49.613,1.9637,1.9638,0.90,0.80
2008.04.30 06:52:51.037,1.9637,1.96375,0.90,0.80
2008.04.30 06:52:51.395,1.9637,1.9638,0.90,0.80
2008.04.30 06:52:54.909,1.9637,1.9638,4.90,0.80
2008.04.30 06:52:55.090,1.9637,1.9638,7.30,0.80
2008.04.30 06:52:55.269,1.9637,1.96385,7.30,0.80
2008.04.30 06:52:58.397,1.9637,1.964,7.30,14.70
2008.04.30 06:53:01.372,1.9637,1.9638,7.30,0.80
2008.04.30 06:53:01.502,1.9637,1.96385,3.30,0.80
2008.04.30 06:53:01.632,1.9637,1.96385,2.50,0.80
2008.04.30 06:53:01.885,1.96375,1.96385,0.80,0.80
2008.04.30 06:53:02.111,1.96375,1.9638,0.90,0.80
2008.04.30 06:53:02.559,1.96375,1.96385,0.90,0.80
2008.04.30 06:53:11.175,1.96375,1.9638,0.90,0.80
2008.04.30 06:53:13.720,1.96375,1.96385,0.90,0.80
2008.04.30 06:53:13.930,1.96375,1.96385,0.20,0.80
2008.04.30 06:53:13.996,1.9637,1.96385,3.30,0.80
2008.04.30 06:53:16.564,1.9637,1.9638,3.30,0.20
2008.04.30 06:53:28.083,1.9637,1.9638,2.50,0.20
2008.04.30 06:53:28.592,1.9637,1.9638,0.90,0.20
2008.04.30 06:53:28.750,1.9637,1.9638,0.90,0.30
2008.04.30 06:53:28.922,1.9637,1.9638,4.10,0.30
2008.04.30 06:53:30.510,1.9637,1.9638,0.20,0.30
2008.04.30 06:53:30.913,1.9637,1.9638,0.20,1.00
2008.04.30 06:53:31.048,1.9637,1.9638,0.20,1.10
2008.04.30 06:53:33.527,1.9637,1.9638,0.20,1.00
2008.04.30 06:53:36.839,1.9637,1.9638,0.20,0.30
2008.04.30 06:53:36.959,1.9637,1.9638,4.10,0.30
2008.04.30 06:53:37.353,1.9637,1.9638,4.10,0.20
2008.04.30 06:53:37.473,1.9637,1.9638,4.90,0.20
2008.04.30 06:53:39.407,1.9637,1.9638,4.10,0.20
2008.04.30 06:53:40.482,1.9637,1.9638,0.20,0.20
2008.04.30 06:53:42.991,1.9637,1.96385,0.20,0.80
2008.04.30 06:53:43.085,1.9637,1.96385,4.10,0.80
2008.04.30 06:53:43.204,1.9637,1.96385,4.90,0.80
2008.04.30 06:53:43.502,1.9637,1.96385,5.70,0.80
2008.04.30 06:53:43.646,1.9637,1.96385,1.70,0.80
2008.04.30 06:53:43.782,1.9637,1.9638,1.70,0.80
2008.04.30 06:53:43.959,1.9637,1.9638,0.90,0.80
2008.04.30 06:53:44.160,1.9637,1.9638,0.20,1.00
2008.04.30 06:53:44.295,1.9637,1.9638,0.60,0.80
2008.04.30 06:53:44.457,1.9637,1.96385,0.60,0.80
2008.04.30 06:53:44.629,1.9637,1.96385,6.10,0.80
2008.04.30 06:53:44.789,1.9637,1.9639,1.30,0.90
2008.04.30 06:53:45.033,1.9637,1.9639,1.70,0.90
2008.04.30 06:53:45.192,1.9637,1.9639,4.10,0.90
2008.04.30 06:53:45.661,1.9637,1.9639,3.80,0.90
2008.04.30 06:53:45.920,1.9637,1.9639,7.80,0.90
2008.04.30 06:53:46.049,1.9637,1.9639,8.60,0.90
2008.04.30 06:53:46.962,1.9637,1.96385,8.60,0.80
2008.04.30 06:53:49.316,1.9638,1.96385,0.60,0.80
2008.04.30 06:53:49.870,1.9637,1.9638,8.60,0.20
2008.04.30 06:53:50.103,1.9636,1.9637,14.40,2.80
2008.04.30 06:53:50.285,1.9636,1.9637,4.10,2.80
2008.04.30 06:53:50.746,1.9636,1.9637,4.00,3.60
2008.04.30 06:53:51.021,1.9635,1.9637,16.60,3.60
2008.04.30 06:53:51.572,1.9635,1.9637,12.60,3.60
2008.04.30 06:53:57.981,1.96355,1.9637,0.80,3.60
2008.04.30 06:53:58.189,1.9636,1.9637,3.60,0.80
2008.04.30 06:54:00.457,1.9636,1.96375,3.60,0.80
2008.04.30 06:54:01.158,1.9636,1.9637,3.60,0.80
2008.04.30 06:54:01.480,1.9636,1.96375,3.60,0.80
2008.04.30 06:54:02.441,1.9636,1.96375,4.40,0.80
2008.04.30 06:54:02.535,1.96365,1.96375,0.80,0.80
2008.04.30 06:54:02.844,1.96365,1.96375,0.90,0.80
2008.04.30 06:54:06.929,1.96365,1.9637,0.90,0.80
2008.04.30 06:54:07.092,1.96365,1.9637,0.20,0.80
2008.04.30 06:54:07.390,1.9636,1.9637,3.80,0.80
2008.04.30 06:54:09.215,1.9636,1.9637,3.00,0.80
2008.04.30 06:54:09.374,1.9636,1.9637,2.80,0.80
2008.04.30 06:54:09.674,1.9635,1.9637,20.60,3.60
2008.04.30 06:54:09.824,1.9635,1.9637,16.60,3.60
2008.04.30 06:54:10.001,1.96355,1.9637,0.80,3.60
2008.04.30 06:54:10.152,1.9636,1.9637,2.80,0.80
2008.04.30 06:54:10.621,1.9636,1.9638,3.60,7.20
2008.04.30 06:54:11.626,1.9636,1.9637,3.60,0.80
2008.04.30 06:54:12.011,1.9636,1.9638,3.80,12.80
2008.04.30 06:54:12.496,1.9636,1.9638,4.60,4.80
2008.04.30 06:54:12.773,1.9636,1.9638,18.20,2.80
2008.04.30 06:54:13.048,1.96365,1.9638,0.80,2.80
2008.04.30 06:54:13.325,1.9637,1.9639,3.00,13.60
2008.04.30 06:54:13.539,1.9637,1.9638,3.00,0.80
2008.04.30 06:54:17.734,1.9637,1.9638,3.80,0.80
2008.04.30 06:54:19.569,1.9637,1.9638,4.60,0.80
2008.04.30 06:54:19.691,1.9637,1.9638,7.80,0.80
2008.04.30 06:54:19.814,1.9637,1.9639,7.80,3.60
2008.04.30 06:54:19.934,1.9637,1.9639,9.40,3.60
2008.04.30 06:54:20.054,1.96375,1.9639,0.80,3.60
2008.04.30 06:54:20.175,1.9638,1.9639,3.60,0.80
2008.04.30 06:54:20.496,1.9638,1.9639,3.80,0.80
2008.04.30 06:54:20.617,1.9638,1.9639,16.60,0.80
2008.04.30 06:54:20.842,1.9639,1.964,4.10,1.60
2008.04.30 06:54:21.293,1.964,1.9641,0.20,8.60
2008.04.30 06:54:21.518,1.964,1.9641,0.20,8.40
2008.04.30 06:54:21.754,1.964,1.9641,0.20,5.20
2008.04.30 06:54:23.275,1.96395,1.9641,4.10,5.20
2008.04.30 06:54:23.405,1.96395,1.9641,0.20,5.20
2008.04.30 06:54:26.727,1.96395,1.9641,4.10,5.20
2008.04.30 06:54:26.868,1.964,1.9641,0.20,5.20
2008.04.30 06:54:28.624,1.96395,1.964,4.00,0.80
2008.04.30 06:54:28.793,1.9639,1.964,3.80,0.80
2008.04.30 06:54:28.897,1.9639,1.964,3.00,0.80
2008.04.30 06:54:29.002,1.96395,1.964,0.80,0.80
2008.04.30 06:54:29.116,1.96395,1.964,0.90,0.80
2008.04.30 06:54:29.600,1.96395,1.9641,0.90,9.60
2008.04.30 06:54:29.704,1.96395,1.9641,0.90,1.60
2008.04.30 06:54:30.143,1.96395,1.964,0.90,1.60
2008.04.30 06:54:30.518,1.96395,1.964,0.20,1.60
2008.04.30 06:54:30.748,1.96385,1.9639,0.90,0.80
2008.04.30 06:54:31.164,1.96385,1.964,0.90,8.00
2008.04.30 06:54:31.458,1.96385,1.964,0.20,8.00
2008.04.30 06:54:31.657,1.9638,1.96385,0.90,0.80
2008.04.30 06:54:39.969,1.9638,1.96385,0.20,0.80
2008.04.30 06:54:40.165,1.9638,1.96385,0.90,0.80
2008.04.30 06:54:40.320,1.9638,1.9639,0.90,0.80
2008.04.30 06:54:40.594,1.9638,1.9639,3.30,0.80
2008.04.30 06:54:40.687,1.9638,1.9639,3.80,0.80
2008.04.30 06:54:42.134,1.9638,1.9639,3.00,0.80
2008.04.30 06:54:42.759,1.9638,1.96395,3.00,0.80
2008.04.30 06:54:45.131,1.9638,1.9639,3.00,0.80
2008.04.30 06:54:48.155,1.9638,1.9639,2.50,0.80
2008.04.30 06:54:48.210,1.9637,1.96385,21.40,0.80
2008.04.30 06:54:48.266,1.9637,1.96385,9.40,0.80
2008.04.30 06:54:48.611,1.9637,1.96385,5.40,0.80
2008.04.30 06:54:48.666,1.9637,1.96385,4.60,0.80
2008.04.30 06:54:48.854,1.9637,1.96385,8.60,0.80
2008.04.30 06:54:49.531,1.9637,1.96385,12.60,0.80
2008.04.30 06:54:49.646,1.9637,1.96385,15.00,0.80
2008.04.30 06:54:55.407,1.9637,1.96385,11.00,0.80
2008.04.30 06:54:55.551,1.9637,1.9638,11.00,0.80
2008.04.30 06:54:56.115,1.9637,1.9638,15.00,0.80
2008.04.30 06:54:56.648,1.9637,1.9638,11.00,0.80
2008.04.30 06:54:57.811,1.9637,1.96385,11.00,0.80
2008.04.30 06:54:58.013,1.9637,1.96385,15.00,0.80
2008.04.30 06:54:59.653,1.9637,1.9638,15.00,0.80
2008.04.30 06:54:59.844,1.9637,1.9638,11.00,0.80
2008.04.30 06:55:00.156,1.9637,1.96385,11.00,0.80
2008.04.30 06:55:00.311,1.9637,1.96385,15.00,0.80
2008.04.30 06:55:03.569,1.9637,1.96385,14.20,0.80
2008.04.30 06:55:03.599,1.9637,1.96385,10.20,0.80
2008.04.30 06:55:04.553,1.9637,1.96385,9.40,0.80
2008.04.30 06:55:04.653,1.9637,1.96385,7.80,0.80
2008.04.30 06:55:04.755,1.9637,1.96385,3.80,0.80
2008.04.30 06:55:04.952,1.9637,1.9639,7.80,5.20
2008.04.30 06:55:05.321,1.9637,1.96385,7.80,0.80
2008.04.30 06:55:05.704,1.9637,1.9639,8.60,3.60
2008.04.30 06:55:05.888,1.9637,1.9639,11.00,3.60
2008.04.30 06:55:06.688,1.9637,1.9639,11.80,3.60
2008.04.30 06:55:06.868,1.9637,1.9639,15.80,3.60
2008.04.30 06:55:07.632,1.9637,1.9639,19.80,3.60
2008.04.30 06:55:07.722,1.96375,1.9639,0.20,2.80
2008.04.30 06:55:08.588,1.96375,1.9639,0.20,3.60
2008.04.30 06:55:08.623,1.96375,1.9639,0.20,3.80
2008.04.30 06:55:08.692,1.96375,1.9639,0.20,7.80
2008.04.30 06:55:08.739,1.9637,1.9639,7.00,14.20
2008.04.30 06:55:09.092,1.9637,1.9639,3.00,14.20
2008.04.30 06:55:09.129,1.9637,1.9639,3.80,14.00
2008.04.30 06:55:09.199,1.9637,1.9639,3.80,9.20
2008.04.30 06:55:09.235,1.9637,1.96385,3.80,0.80
2008.04.30 06:55:09.617,1.9637,1.96385,6.20,0.80
2008.04.30 06:55:09.847,1.96375,1.9639,0.20,2.80
2008.04.30 06:55:12.756,1.96375,1.9639,4.10,2.80
2008.04.30 06:55:12.942,1.96385,1.9639,0.20,2.80
2008.04.30 06:55:13.997,1.9639,1.96395,0.20,0.60
2008.04.30 06:55:14.217,1.9638,1.9639,4.10,2.80
2008.04.30 06:55:14.438,1.9638,1.9639,8.10,2.80
2008.04.30 06:55:15.641,1.96385,1.9639,0.80,2.80
2008.04.30 06:55:15.891,1.9639,1.964,2.50,3.20
2008.04.30 06:55:16.012,1.9639,1.964,6.50,3.20
2008.04.30 06:55:16.133,1.96395,1.964,0.20,3.20
2008.04.30 06:55:16.373,1.96395,1.9641,0.20,2.70
2008.04.30 06:55:16.494,1.9639,1.9641,7.20,2.70
2008.04.30 06:55:16.743,1.9639,1.9641,12.80,2.70
2008.04.30 06:55:16.864,1.9639,1.9641,11.20,2.70
2008.04.30 06:55:17.084,1.964,1.9641,0.20,1.10
2008.04.30 06:55:19.168,1.964,1.9641,0.20,0.40
2008.04.30 06:55:20.258,1.964,1.9641,0.20,1.10
2008.04.30 06:55:20.554,1.964,1.9641,0.20,0.40
2008.04.30 06:55:21.598,1.96385,1.9639,0.70,0.20
2008.04.30 06:55:21.820,1.96375,1.9638,0.70,9.60
2008.04.30 06:55:21.932,1.96365,1.9637,4.10,2.80
2008.04.30 06:55:22.202,1.96365,1.9637,4.10,7.60
2008.04.30 06:55:22.742,1.96375,1.9638,0.80,20.60
2008.04.30 06:55:23.013,1.96375,1.96385,0.90,0.80
2008.04.30 06:55:23.230,1.96375,1.96385,0.20,0.80
2008.04.30 06:55:23.446,1.9637,1.96385,0.20,0.80
2008.04.30 06:55:23.674,1.9637,1.96385,0.90,0.80
2008.04.30 06:55:23.890,1.9637,1.96385,5.70,0.80
2008.04.30 06:55:24.105,1.9637,1.96385,8.90,0.80
2008.04.30 06:55:24.270,1.9637,1.96385,11.00,0.80
2008.04.30 06:55:24.435,1.9637,1.96385,12.60,0.80
2008.04.30 06:55:24.601,1.9638,1.96385,0.20,0.80
2008.04.30 06:55:26.053,1.9638,1.9639,0.20,0.80
2008.04.30 06:55:26.445,1.9637,1.9639,8.60,0.80
2008.04.30 06:55:26.824,1.9637,1.9639,12.60,0.80
2008.04.30 06:55:27.634,1.9637,1.9639,14.20,0.80
2008.04.30 06:55:27.901,1.9638,1.96395,3.00,2.50
2008.04.30 06:55:28.168,1.9638,1.96395,3.00,2.40
2008.04.30 06:55:28.339,1.9638,1.96395,3.00,0.80
2008.04.30 06:55:28.508,1.9638,1.96395,3.80,0.80
2008.04.30 06:55:29.956,1.9638,1.9639,3.80,0.80
2008.04.30 06:55:31.629,1.9638,1.96395,3.80,0.90
2008.04.30 06:55:32.076,1.9638,1.9639,3.80,0.80
2008.04.30 06:55:32.342,1.9638,1.96395,3.80,1.60
2008.04.30 06:55:32.609,1.9638,1.9639,3.80,0.80
2008.04.30 06:55:34.115,1.96385,1.9639,0.80,0.80
2008.04.30 06:55:34.439,1.96385,1.9639,0.90,0.80
2008.04.30 06:55:34.748,1.9639,1.9641,0.80,17.00
2008.04.30 06:55:34.901,1.9639,1.9641,6.40,7.20
2008.04.30 06:55:35.057,1.9639,1.9641,6.50,4.00
2008.04.30 06:55:35.212,1.96395,1.9641,0.80,4.00
2008.04.30 06:55:35.432,1.964,1.9641,2.40,0.80
2008.04.30 06:55:35.542,1.964,1.9641,2.80,0.40
2008.04.30 06:55:35.935,1.964,1.9641,2.80,1.10
2008.04.30 06:55:44.662,1.964,1.9641,2.80,0.40
2008.04.30 06:55:45.446,1.964,1.9641,2.80,1.10
2008.04.30 06:55:47.117,1.964,1.9641,2.80,0.40
2008.04.30 06:55:47.390,1.964,1.9641,2.80,1.10
2008.04.30 06:55:47.618,1.964,1.9641,3.60,1.10
2008.04.30 06:55:47.747,1.964,1.9641,8.40,1.10
2008.04.30 06:55:48.033,1.964,1.9642,12.60,2.80
2008.04.30 06:55:48.600,1.964,1.9642,12.60,3.60
2008.04.30 06:55:50.183,1.964,1.9642,16.60,3.60
2008.04.30 06:55:50.364,1.9641,1.9642,3.60,0.80
2008.04.30 06:55:50.534,1.9641,1.9642,3.80,0.80
2008.04.30 06:55:50.873,1.9641,1.9642,3.00,0.80
2008.04.30 06:55:51.044,1.9641,1.9642,2.80,0.80
2008.04.30 06:55:51.474,1.9641,1.96425,2.80,2.50
2008.04.30 06:55:53.720,1.9641,1.9642,2.80,0.80
2008.04.30 06:55:55.328,1.9641,1.96425,2.80,2.50
2008.04.30 06:55:55.498,1.9641,1.9642,2.80,0.80
2008.04.30 06:55:55.835,1.9641,1.96425,3.00,1.70
2008.04.30 06:55:56.809,1.9641,1.96425,2.80,2.50
2008.04.30 06:55:57.197,1.9641,1.96425,2.80,2.40
2008.04.30 06:55:57.392,1.9641,1.96425,3.00,1.60
2008.04.30 06:55:57.549,1.9641,1.9643,3.00,6.00
2008.04.30 06:55:57.746,1.9641,1.9643,3.00,5.60
2008.04.30 06:55:57.827,1.9641,1.9643,8.60,0.80
2008.04.30 06:55:58.007,1.9641,1.9643,12.60,0.80
2008.04.30 06:55:58.087,1.96415,1.96435,0.20,0.90
2008.04.30 06:55:58.184,1.96415,1.96435,0.90,0.80
2008.04.30 06:55:58.443,1.96415,1.96435,0.20,0.80
2008.04.30 06:55:58.622,1.9642,1.96435,0.20,0.80
2008.04.30 06:55:58.982,1.9642,1.96425,0.20,0.80
2008.04.30 06:55:59.172,1.9641,1.96425,0.90,0.80
2008.04.30 06:55:59.355,1.9641,1.9643,0.20,0.80
2008.04.30 06:56:00.699,1.9641,1.9643,4.10,0.80
2008.04.30 06:56:00.825,1.9641,1.9643,8.10,0.80
2008.04.30 06:56:00.951,1.9641,1.96435,8.10,1.70
2008.04.30 06:56:03.672,1.9641,1.9643,8.10,0.20
2008.04.30 06:56:03.954,1.9641,1.9643,8.10,1.70
2008.04.30 06:56:04.736,1.9641,1.9643,4.10,1.70
2008.04.30 06:56:04.952,1.9641,1.9643,4.10,2.50
2008.04.30 06:56:05.359,1.9641,1.9643,8.10,2.50
2008.04.30 06:56:05.465,1.9641,1.9643,8.10,1.70
2008.04.30 06:56:05.995,1.9641,1.9643,4.10,2.50
2008.04.30 06:56:06.530,1.9641,1.9643,8.10,1.70
2008.04.30 06:56:07.460,1.9641,1.9643,8.10,2.50
2008.04.30 06:56:07.535,1.9641,1.9643,4.10,2.50
2008.04.30 06:56:07.717,1.9641,1.9643,4.10,4.10
2008.04.30 06:56:07.813,1.9641,1.9643,0.20,5.70
2008.04.30 06:56:07.908,1.9641,1.96425,0.20,0.20
2008.04.30 06:56:08.002,1.96405,1.96425,4.00,1.70
2008.04.30 06:56:08.097,1.964,1.96425,8.10,1.70
2008.04.30 06:56:08.760,1.964,1.96425,4.10,1.70
2008.04.30 06:56:08.987,1.964,1.9642,4.10,0.80
2008.04.30 06:56:09.224,1.964,1.9642,0.20,0.80
2008.04.30 06:56:10.222,1.964,1.9642,2.50,1.60
2008.04.30 06:56:10.382,1.96405,1.96425,0.20,2.50
2008.04.30 06:56:10.541,1.9641,1.96425,0.20,1.70
2008.04.30 06:56:11.145,1.9641,1.9642,0.20,0.20
2008.04.30 06:56:11.640,1.96405,1.9642,0.20,1.70
2008.04.30 06:56:11.768,1.96405,1.9642,0.20,1.60
2008.04.30 06:56:12.063,1.96405,1.96425,0.20,2.50
2008.04.30 06:56:15.253,1.96405,1.96425,4.10,2.50
2008.04.30 06:56:15.367,1.9641,1.96425,0.20,1.70
2008.04.30 06:56:15.442,1.9641,1.96425,4.10,1.70
2008.04.30 06:56:15.850,1.9641,1.96425,4.00,2.50
2008.04.30 06:56:16.080,1.96405,1.96425,4.10,2.50
2008.04.30 06:56:16.144,1.9641,1.96425,0.20,2.50
2008.04.30 06:56:16.218,1.9641,1.96425,0.20,2.40
2008.04.30 06:56:16.372,1.9641,1.9642,0.20,0.80
2008.04.30 06:56:17.905,1.9642,1.9643,0.20,4.10
2008.04.30 06:56:18.407,1.9641,1.9643,0.20,4.10
2008.04.30 06:56:19.385,1.9641,1.96425,0.20,0.20
2008.04.30 06:56:19.409,1.9641,1.96425,0.20,1.70
2008.04.30 06:56:19.763,1.9641,1.9642,0.20,0.20
2008.04.30 06:56:19.825,1.9641,1.9642,0.20,2.50
2008.04.30 06:56:19.852,1.9641,1.9642,0.20,3.00
2008.04.30 06:56:19.917,1.96405,1.9642,8.10,4.60
2008.04.30 06:56:19.941,1.96405,1.9642,8.10,6.20
2008.04.30 06:56:19.978,1.96405,1.9642,4.10,6.20
2008.04.30 06:56:20.240,1.96405,1.9642,0.20,6.20
2008.04.30 06:56:20.422,1.964,1.9642,7.80,7.00
2008.04.30 06:56:20.493,1.964,1.9642,11.80,7.00
2008.04.30 06:56:20.760,1.96405,1.9642,0.20,6.20
2008.04.30 06:56:21.020,1.96405,1.9642,4.10,6.20
2008.04.30 06:56:21.280,1.9641,1.9642,0.20,6.20
2008.04.30 06:56:21.541,1.96405,1.9642,4.10,6.20
2008.04.30 06:56:21.714,1.96405,1.9642,4.10,6.00
2008.04.30 06:56:21.860,1.96405,1.9642,4.10,4.40
2008.04.30 06:56:22.004,1.9641,1.9642,0.20,2.80
2008.04.30 06:56:24.209,1.9641,1.9642,0.90,2.80
2008.04.30 06:56:24.317,1.9641,1.9643,3.80,18.00
2008.04.30 06:56:24.413,1.9641,1.9643,9.40,9.20
2008.04.30 06:56:24.508,1.9641,1.9643,9.40,3.60
2008.04.30 06:56:24.738,1.96415,1.9643,0.80,3.60
2008.04.30 06:56:24.874,1.9642,1.9643,0.60,3.20
2008.04.30 06:56:25.009,1.9642,1.9643,3.00,0.80
2008.04.30 06:56:26.324,1.9642,1.9643,0.20,0.80
2008.04.30 06:56:26.623,1.9641,1.96425,8.60,0.80
2008.04.30 06:56:26.789,1.9642,1.96425,4.80,0.80
2008.04.30 06:56:26.977,1.9642,1.96435,4.90,0.20
2008.04.30 06:56:27.052,1.9642,1.96435,6.50,0.20
2008.04.30 06:56:27.312,1.9642,1.96435,8.90,0.20
2008.04.30 06:56:27.388,1.9642,1.96435,9.40,0.20
2008.04.30 06:56:27.758,1.9642,1.96435,4.60,0.20
2008.04.30 06:56:27.832,1.9642,1.96425,4.10,0.80
2008.04.30 06:56:27.908,1.9642,1.96425,0.20,0.80
2008.04.30 06:56:28.109,1.9641,1.96425,8.60,0.80
2008.04.30 06:56:33.147,1.9641,1.9643,8.60,0.80
2008.04.30 06:56:33.831,1.9642,1.9643,0.20,0.80
2008.04.30 06:56:34.706,1.9641,1.9643,8.60,0.80
2008.04.30 06:56:34.827,1.9641,1.9643,20.60,0.80
2008.04.30 06:56:34.947,1.9642,1.96435,0.20,0.20
2008.04.30 06:56:35.185,1.96415,1.96435,0.20,0.90
2008.04.30 06:56:35.739,1.96415,1.96435,0.90,0.80
2008.04.30 06:56:35.980,1.9642,1.9644,0.20,6.00
2008.04.30 06:56:36.469,1.9642,1.9644,3.00,6.00
2008.04.30 06:56:36.727,1.9643,1.9644,0.80,6.00
2008.04.30 06:56:36.793,1.9644,1.96445,9.60,2.20
2008.04.30 06:56:37.006,1.9644,1.96445,2.80,2.20
2008.04.30 06:56:37.415,1.9644,1.96445,2.80,1.20
2008.04.30 06:56:37.766,1.9644,1.96445,2.80,1.20
2008.04.30 06:56:38.887,1.9644,1.96445,2.80,0.80
2008.04.30 06:56:38.963,1.9644,1.96445,2.30,0.80
2008.04.30 06:56:39.568,1.9644,1.9645,2.30,3.60
2008.04.30 06:56:40.862,1.9644,1.9645,2.80,3.20
2008.04.30 06:56:40.960,1.9644,1.9645,5.20,0.80
2008.04.30 06:56:41.009,1.9644,1.9645,5.30,0.80
2008.04.30 06:56:41.395,1.9644,1.9645,6.10,0.80
2008.04.30 06:56:42.685,1.9644,1.9645,6.90,0.80
2008.04.30 06:56:42.834,1.9644,1.9645,9.30,0.80
2008.04.30 06:56:42.962,1.9644,1.9645,11.70,0.80
2008.04.30 06:56:43.078,1.9644,1.9646,11.70,3.60
2008.04.30 06:56:51.761,1.9644,1.9646,9.30,3.60
2008.04.30 06:56:52.223,1.9644,1.9646,8.50,3.80
2008.04.30 06:56:52.308,1.9644,1.9646,8.00,3.80
2008.04.30 06:56:52.393,1.9644,1.96445,2.40,0.80
2008.04.30 06:56:52.651,1.9644,1.96445,2.30,0.80
2008.04.30 06:56:52.903,1.9644,1.96445,2.40,0.80
2008.04.30 06:56:52.988,1.9646,1.96465,0.60,2.00
2008.04.30 06:56:53.155,1.9646,1.96465,0.60,1.70
2008.04.30 06:56:53.369,1.9644,1.9646,2.30,13.60
2008.04.30 06:56:53.454,1.9644,1.9646,2.30,17.60
2008.04.30 06:56:53.812,1.9644,1.9646,2.30,18.00
2008.04.30 06:56:53.897,1.9644,1.9646,2.30,20.40
2008.04.30 06:56:54.057,1.9645,1.9646,0.60,20.40
2008.04.30 06:56:54.207,1.9645,1.9646,0.60,20.40
2008.04.30 06:56:54.386,1.9645,1.9646,0.60,15.60
2008.04.30 06:56:54.859,1.9645,1.9646,0.60,6.80
2008.04.30 06:56:54.910,1.9645,1.9646,0.60,7.60
2008.04.30 06:56:54.960,1.9645,1.9646,0.60,8.40
2008.04.30 06:56:55.529,1.9645,1.9646,0.60,3.60
2008.04.30 06:56:55.889,1.9645,1.9646,0.60,4.40
2008.04.30 06:57:09.920,1.9645,1.9646,0.60,3.60
2008.04.30 06:57:10.607,1.96445,1.9646,0.20,3.60
2008.04.30 06:57:10.994,1.9644,1.9646,11.70,3.60
2008.04.30 06:57:11.791,1.96445,1.9646,0.20,2.80
2008.04.30 06:57:12.090,1.9644,1.9646,12.50,3.60
2008.04.30 06:57:12.493,1.9644,1.9646,16.50,3.60
2008.04.30 06:57:12.773,1.96445,1.9646,0.20,3.00
2008.04.30 06:57:12.898,1.96445,1.9646,0.20,2.80
2008.04.30 06:57:13.140,1.9644,1.96455,3.10,0.80
2008.04.30 06:57:24.191,1.9644,1.96455,3.80,0.80
2008.04.30 06:57:24.297,1.9644,1.96455,3.90,0.80
2008.04.30 06:57:24.459,1.9644,1.96455,4.00,0.80
2008.04.30 06:57:24.787,1.9644,1.96455,4.80,0.80
2008.04.30 06:57:25.815,1.9644,1.96455,4.80,0.80
2008.04.30 06:57:26.239,1.9644,1.96455,4.80,0.80
2008.04.30 06:57:27.283,1.9646,1.9647,2.30,16.60
2008.04.30 06:57:30.301,1.9646,1.96465,2.30,1.70
2008.04.30 06:57:30.417,1.9646,1.96465,2.30,1.60
2008.04.30 06:57:30.482,1.9646,1.96465,2.30,0.80
2008.04.30 06:57:31.239,1.9647,1.9648,2.30,28.20
2008.04.30 06:57:31.342,1.9647,1.96475,2.30,0.20
2008.04.30 06:57:31.500,1.9647,1.96475,2.30,0.20
2008.04.30 06:57:31.580,1.9647,1.96475,2.30,0.20
2008.04.30 06:57:31.660,1.9647,1.96475,2.30,0.20
2008.04.30 06:57:31.931,1.9647,1.96475,2.30,0.20
2008.04.30 06:57:32.088,1.9644,1.9647,0.20,16.90
2008.04.30 06:57:32.226,1.9644,1.9647,0.20,16.80
2008.04.30 06:57:32.439,1.9644,1.9647,0.20,17.60
2008.04.30 06:57:32.503,1.9644,1.9647,0.20,17.60
2008.04.30 06:57:32.568,1.9643,1.9645,4.90,0.80
2008.04.30 06:57:32.916,1.9646,1.96465,0.60,1.60
2008.04.30 06:57:33.045,1.9646,1.9647,0.60,5.60
2008.04.30 06:57:33.174,1.9646,1.9647,0.60,5.20
2008.04.30 06:57:33.944,1.9646,1.9647,0.60,3.60
2008.04.30 06:57:35.461,1.9646,1.9647,3.00,1.20
2008.04.30 06:57:35.477,1.9646,1.9647,3.50,0.80
2008.04.30 06:57:35.589,1.9646,1.9647,3.70,0.80
2008.04.30 06:57:43.844,1.9647,1.9648,2.80,12.80
2008.04.30 06:57:48.206,1.96465,1.9647,0.80,0.80
2008.04.30 06:57:51.848,1.9646,1.9647,4.50,0.80
2008.04.30 06:57:52.098,1.9646,1.9647,3.50,0.80
2008.04.30 06:57:52.594,1.9646,1.9647,1.10,3.20
2008.04.30 06:57:52.704,1.9646,1.9647,0.60,3.60
2008.04.30 06:57:52.813,1.9645,1.9647,14.20,3.60
2008.04.30 06:57:53.000,1.9645,1.96465,4.60,0.20
2008.04.30 06:57:53.185,1.9644,1.9646,12.60,3.60
2008.04.30 06:57:53.371,1.9644,1.9646,8.60,3.60
2008.04.30 06:57:53.558,1.9647,1.9648,2.80,4.80
2008.04.30 06:57:53.742,1.9647,1.9648,2.80,0.80
2008.04.30 06:57:55.512,1.9647,1.9649,2.80,11.60
2008.04.30 06:57:57.923,1.9647,1.9649,2.80,15.60
2008.04.30 06:57:57.994,1.9647,1.9649,2.80,17.40
2008.04.30 06:57:58.232,1.9647,1.9649,2.80,19.00
2008.04.30 06:57:58.545,1.9647,1.9648,0.60,2.40
2008.04.30 06:57:58.665,1.9646,1.9648,14.20,2.80
2008.04.30 06:57:59.848,1.9646,1.96475,13.40,0.20
2008.04.30 06:57:59.945,1.9646,1.9647,11.00,8.00
2008.04.30 06:58:00.041,1.9646,1.9648,0.20,12.60
2008.04.30 06:58:00.239,1.96455,1.96475,0.20,2.40
2008.04.30 06:58:00.880,1.9645,1.96465,4.90,0.80
2008.04.30 06:58:05.947,1.9645,1.9647,4.90,9.60
2008.04.30 06:58:07.763,1.9645,1.96465,4.90,0.80
2008.04.30 06:58:08.066,1.9645,1.96465,4.80,0.80
2008.04.30 06:58:08.101,1.9645,1.96465,0.80,0.80
2008.04.30 06:58:08.549,1.96445,1.96465,0.20,0.80
2008.04.30 06:58:08.809,1.9644,1.9646,5.70,0.80
2008.04.30 06:58:09.339,1.9644,1.96455,5.70,0.80
2008.04.30 06:58:09.467,1.9644,1.96455,4.90,0.80
2008.04.30 06:58:09.877,1.9644,1.9646,8.90,1.60
2008.04.30 06:58:10.504,1.9644,1.9646,12.90,1.60
2008.04.30 06:58:10.723,1.9645,1.9646,0.20,1.60
2008.04.30 06:58:10.834,1.9645,1.96465,0.20,1.70
2008.04.30 06:58:11.161,1.9646,1.96465,0.20,0.20
2008.04.30 06:58:11.668,1.9646,1.9647,0.20,9.70
2008.04.30 06:58:11.865,1.9645,1.9647,0.20,9.70
2008.04.30 06:58:12.163,1.9645,1.9647,0.20,8.90
2008.04.30 06:58:13.863,1.9645,1.9647,0.20,8.80
2008.04.30 06:58:13.990,1.9645,1.9647,0.20,4.80
2008.04.30 06:58:14.127,1.9645,1.9647,0.20,3.20
2008.04.30 06:58:14.252,1.9646,1.9647,0.20,1.60
2008.04.30 06:58:15.113,1.9646,1.9647,0.20,9.60
2008.04.30 06:58:15.266,1.9645,1.96455,4.90,0.80
2008.04.30 06:58:15.696,1.9645,1.9647,4.90,1.60
2008.04.30 06:58:16.253,1.9645,1.9648,4.90,8.10
2008.04.30 06:58:16.535,1.96455,1.9648,0.80,8.00
2008.04.30 06:58:16.827,1.96455,1.9648,0.90,4.80
2008.04.30 06:58:18.200,1.9646,1.9648,0.20,1.60
2008.04.30 06:58:18.490,1.9646,1.9648,0.20,3.20
2008.04.30 06:58:18.616,1.9646,1.9648,0.20,7.20
2008.04.30 06:58:18.731,1.9646,1.9648,0.20,8.00
2008.04.30 06:58:18.959,1.9646,1.9648,0.20,4.00
2008.04.30 06:58:19.075,1.9646,1.9648,0.90,2.80
2008.04.30 06:58:19.281,1.9646,1.9648,0.90,5.20
2008.04.30 06:58:19.485,1.9646,1.9648,1.40,5.20
2008.04.30 06:58:19.690,1.9646,1.9648,3.80,5.20
2008.04.30 06:58:20.098,1.9647,1.9648,3.00,1.60
2008.04.30 06:58:20.307,1.9647,1.96485,3.00,0.20
2008.04.30 06:58:20.413,1.9647,1.9649,3.00,16.60
2008.04.30 06:58:20.528,1.9647,1.96485,3.00,0.80
2008.04.30 06:58:21.513,1.96465,1.9647,0.60,0.06
2008.04.30 06:58:24.259,1.9647,1.96485,5.30,0.80
2008.04.30 06:58:24.628,1.9647,1.9649,6.10,8.60
2008.04.30 06:58:24.996,1.9647,1.9649,6.90,8.40
2008.04.30 06:58:25.131,1.9647,1.96485,7.70,0.80
2008.04.30 06:58:25.265,1.9647,1.96485,8.50,0.80
2008.04.30 06:58:25.400,1.9647,1.9649,8.50,6.80
2008.04.30 06:58:25.535,1.9648,1.9649,0.80,6.40
2008.04.30 06:58:25.670,1.9648,1.96485,0.80,0.80
2008.04.30 06:58:25.805,1.9648,1.96485,0.50,0.80
2008.04.30 06:58:26.081,1.9648,1.96485,0.70,0.80
2008.04.30 06:58:26.241,1.9648,1.96485,3.60,0.80
2008.04.30 06:58:27.093,1.9648,1.96485,8.40,0.80
2008.04.30 06:58:27.445,1.96495,1.965,0.80,11.20
2008.04.30 06:58:27.638,1.96495,1.965,0.90,0.80
2008.04.30 06:58:28.021,1.96495,1.965,0.20,0.80
2008.04.30 06:58:28.149,1.965,1.9651,2.50,11.80
2008.04.30 06:58:28.218,1.965,1.9651,3.00,11.30
2008.04.30 06:58:28.355,1.96495,1.965,0.60,0.70
2008.04.30 06:58:28.544,1.965,1.9651,2.50,3.20
2008.04.30 06:58:28.614,1.965,1.9651,0.20,1.60
2008.04.30 06:58:28.685,1.96495,1.96515,0.90,1.60
2008.04.30 06:58:28.988,1.96495,1.96515,0.20,1.70
2008.04.30 06:58:29.686,1.9649,1.9651,0.90,3.20
2008.04.30 06:58:30.530,1.9649,1.9651,0.20,3.30
2008.04.30 06:58:30.993,1.965,1.9651,0.20,3.30
2008.04.30 06:58:31.751,1.9649,1.9651,0.20,3.30
2008.04.30 06:58:31.987,1.9649,1.9651,0.20,4.90
2008.04.30 06:58:32.201,1.9649,1.9651,0.90,12.80
2008.04.30 06:58:32.490,1.96495,1.9651,0.80,12.80
2008.04.30 06:58:32.639,1.96495,1.9651,0.80,4.80
2008.04.30 06:58:32.785,1.96495,1.965,0.90,0.90
2008.04.30 06:58:33.601,1.96495,1.965,0.90,0.70
2008.04.30 06:58:33.772,1.9651,1.96515,0.20,2.00
2008.04.30 06:58:34.292,1.96495,1.965,0.90,0.06
2008.04.30 06:58:34.679,1.965,1.96505,0.20,0.80
2008.04.30 06:58:35.203,1.9649,1.965,0.90,0.06
2008.04.30 06:58:35.302,1.9649,1.96505,0.90,0.80
2008.04.30 06:58:35.502,1.9649,1.96505,0.20,0.80
2008.04.30 06:58:35.701,1.9649,1.96505,4.10,0.80
2008.04.30 06:58:35.801,1.9649,1.96505,4.10,2.40
2008.04.30 06:58:35.999,1.9649,1.96505,4.90,2.40
2008.04.30 06:58:36.210,1.9649,1.96505,4.90,0.80
2008.04.30 06:58:38.651,1.9649,1.96505,0.90,0.80
2008.04.30 06:58:39.065,1.965,1.96505,0.20,0.80
2008.04.30 06:58:39.579,1.9649,1.96505,4.90,0.80
2008.04.30 06:58:39.689,1.9649,1.96505,0.90,0.80
2008.04.30 06:58:41.954,1.9649,1.965,0.90,0.80
2008.04.30 06:58:42.095,1.96495,1.965,0.80,0.80
2008.04.30 06:58:42.372,1.96495,1.965,0.90,0.80
2008.04.30 06:58:42.549,1.96495,1.96505,0.90,0.80
2008.04.30 06:58:44.469,1.96495,1.96505,0.20,0.80
2008.04.30 06:58:44.593,1.9649,1.96505,2.50,0.80
2008.04.30 06:58:44.665,1.9649,1.96505,0.90,0.80
2008.04.30 06:58:47.136,1.9649,1.965,0.90,0.80
2008.04.30 06:58:48.475,1.9649,1.9651,0.90,11.20
2008.04.30 06:58:51.121,1.9649,1.9651,1.70,8.10
2008.04.30 06:58:51.303,1.9649,1.965,1.70,0.80
2008.04.30 06:58:54.726,1.9649,1.965,1.70,8.80
2008.04.30 06:58:55.110,1.9648,1.96485,15.10,0.80
2008.04.30 06:58:55.481,1.9648,1.9649,11.60,8.00
2008.04.30 06:58:55.670,1.9648,1.9649,0.20,8.00
2008.04.30 06:58:55.856,1.9647,1.9649,2.50,4.10
2008.04.30 06:58:56.157,1.9647,1.9648,0.90,0.80
2008.04.30 06:58:56.946,1.9647,1.9648,0.90,13.60
2008.04.30 06:58:57.140,1.9647,1.9648,2.50,13.60
2008.04.30 06:58:57.723,1.96475,1.9648,0.90,12.00
2008.04.30 06:58:58.926,1.96475,1.9648,0.90,9.60
2008.04.30 06:59:00.254,1.96475,1.9648,0.90,1.60
2008.04.30 06:59:00.484,1.96475,1.9648,0.90,1.60
2008.04.30 06:59:01.127,1.96475,1.9649,0.20,9.60
2008.04.30 06:59:01.412,1.9648,1.9649,0.20,12.80
2008.04.30 06:59:01.699,1.96475,1.9649,0.90,9.60
2008.04.30 06:59:03.731,1.96475,1.9649,0.90,9.60
2008.04.30 06:59:03.898,1.96475,1.9648,0.20,8.00
2008.04.30 06:59:04.295,1.9647,1.9648,0.90,8.00
2008.04.30 06:59:04.462,1.9647,1.9648,0.90,8.00
2008.04.30 06:59:04.488,1.9647,1.9648,0.20,8.00
2008.04.30 06:59:04.665,1.96465,1.9648,0.90,8.00
2008.04.30 06:59:04.759,1.96465,1.9647,0.90,8.00
2008.04.30 06:59:05.779,1.9645,1.9646,4.90,8.00
2008.04.30 06:59:05.938,1.9645,1.9646,0.90,8.00
2008.04.30 06:59:06.103,1.9645,1.9646,0.20,8.00
2008.04.30 06:59:06.281,1.96445,1.9646,0.90,8.00
2008.04.30 06:59:07.001,1.96445,1.9645,0.90,8.00
2008.04.30 06:59:07.997,1.96445,1.9645,0.20,8.00
2008.04.30 06:59:08.395,1.9644,1.9645,1.70,8.00
2008.04.30 06:59:08.595,1.9644,1.9646,1.70,1.70
2008.04.30 06:59:08.797,1.9644,1.9645,1.70,0.50
2008.04.30 06:59:09.039,1.96445,1.9645,0.80,0.50
2008.04.30 06:59:10.827,1.96445,1.9645,0.80,0.80
2008.04.30 06:59:11.812,1.9644,1.9646,5.70,1.60
2008.04.30 06:59:13.330,1.9644,1.96455,0.90,8.00
2008.04.30 06:59:22.214,1.9644,1.9646,0.90,3.20
2008.04.30 06:59:23.072,1.9644,1.96455,0.90,8.00
2008.04.30 06:59:23.540,1.9644,1.9646,0.90,3.20
2008.04.30 06:59:26.001,1.9644,1.9646,0.90,3.20
2008.04.30 06:59:26.750,1.9644,1.9646,0.90,4.80
2008.04.30 06:59:29.457,1.9644,1.96445,4.90,0.80
2008.04.30 06:59:30.099,1.9645,1.9646,0.80,3.20
2008.04.30 06:59:30.371,1.9645,1.9646,2.40,1.60
2008.04.30 06:59:30.451,1.9645,1.9647,2.50,6.20
2008.04.30 06:59:30.615,1.9645,1.9647,3.00,6.20
2008.04.30 06:59:30.704,1.9645,1.9647,5.40,6.20
2008.04.30 06:59:32.630,1.9645,1.9646,5.40,0.80
2008.04.30 06:59:34.569,1.9646,1.9647,0.80,6.00
2008.04.30 06:59:34.670,1.9646,1.9647,0.90,2.80
2008.04.30 06:59:34.983,1.9646,1.9647,0.90,0.80
2008.04.30 06:59:35.180,1.9646,1.9648,0.90,14.20
2008.04.30 06:59:36.023,1.96465,1.9648,0.80,14.00
2008.04.30 06:59:36.212,1.96465,1.9648,0.90,6.00
2008.04.30 06:59:36.660,1.96465,1.9648,3.30,1.60
2008.04.30 06:59:36.736,1.96475,1.9648,0.90,2.40
2008.04.30 06:59:36.957,1.96475,1.9648,0.90,0.80
2008.04.30 06:59:37.108,1.9648,1.9649,0.80,1.60
2008.04.30 06:59:37.338,1.9648,1.96495,0.90,8.00
2008.04.30 06:59:38.562,1.9648,1.9649,0.20,0.20
2008.04.30 06:59:38.838,1.9647,1.9648,3.80,0.80
2008.04.30 06:59:40.334,1.9648,1.965,0.90,7.30
2008.04.30 06:59:40.904,1.9648,1.965,2.50,5.70
2008.04.30 06:59:41.016,1.9648,1.96485,2.50,0.80
2008.04.30 06:59:42.051,1.96485,1.96505,0.80,13.70
2008.04.30 06:59:42.171,1.96485,1.9649,0.80,0.80
2008.04.30 06:59:42.291,1.9649,1.96505,0.20,8.10
2008.04.30 06:59:42.600,1.9649,1.96505,0.90,8.00
2008.04.30 06:59:43.776,1.9649,1.96505,0.20,8.10
2008.04.30 06:59:44.006,1.96485,1.9649,0.90,0.80
2008.04.30 06:59:44.314,1.96485,1.96505,0.90,8.10
2008.04.30 06:59:45.730,1.9648,1.96485,2.50,0.80
2008.04.30 06:59:47.892,1.96485,1.9649,0.80,0.80
2008.04.30 06:59:48.600,1.9648,1.9649,2.50,0.80
2008.04.30 06:59:48.778,1.9648,1.9649,0.90,0.80
2008.04.30 06:59:48.921,1.9648,1.9649,0.80,0.80
2008.04.30 06:59:50.086,1.96475,1.9649,1.70,0.80
2008.04.30 06:59:50.261,1.96475,1.96485,1.70,0.80
2008.04.30 06:59:50.561,1.96475,1.96485,1.60,0.80
2008.04.30 06:59:51.157,1.9648,1.96485,0.80,0.80
2008.04.30 06:59:52.629,1.96475,1.96485,1.70,0.80
2008.04.30 06:59:52.790,1.96475,1.96485,1.60,0.80
2008.04.30 06:59:53.859,1.96475,1.96485,0.80,0.80
2008.04.30 06:59:55.723,1.9648,1.96485,0.80,0.80
2008.04.30 06:59:59.536,1.9648,1.9649,0.80,0.80
