2008.04.16 12:00:00.088,1.9764,1.97655,1.70,0.80
2008.04.16 12:00:00.364,1.9764,1.97655,1.70,0.80
2008.04.16 12:00:00.579,1.97645,1.97655,0.90,0.80
2008.04.16 12:00:00.823,1.97645,1.9766,3.30,4.80
2008.04.16 12:00:01.048,1.9765,1.9766,0.90,4.80
2008.04.16 12:00:01.286,1.9765,1.97665,0.90,4.80
2008.04.16 12:00:01.544,1.9765,1.97665,0.90,4.80
2008.04.16 12:00:01.769,1.9765,1.97665,0.90,4.80
2008.04.16 12:00:02.009,1.9765,1.97665,0.90,4.80
2008.04.16 12:00:02.248,1.9765,1.97665,0.90,4.80
2008.04.16 12:00:02.487,1.9765,1.97665,0.90,4.80
2008.04.16 12:00:02.727,1.9765,1.97665,0.90,4.80
2008.04.16 12:00:02.968,1.9765,1.97665,0.90,4.80
2008.04.16 12:00:03.264,1.9765,1.97665,0.90,4.80
2008.04.16 12:00:03.527,1.9765,1.97665,0.90,4.80
2008.04.16 12:00:03.793,1.9765,1.97665,0.90,4.80
2008.04.16 12:00:04.058,1.9765,1.97665,0.90,4.80
2008.04.16 12:00:04.258,1.9765,1.97665,0.90,4.80
2008.04.16 12:00:04.488,1.9765,1.97665,0.90,4.80
2008.04.16 12:00:04.657,1.9765,1.97665,0.90,4.80
2008.04.16 12:00:04.856,1.9765,1.97665,0.90,4.80
2008.04.16 12:00:05.101,1.9765,1.97665,0.90,4.80
2008.04.16 12:00:05.346,1.9765,1.97665,0.90,4.80
2008.04.16 12:00:05.603,1.9765,1.97665,0.90,4.80
2008.04.16 12:00:05.849,1.9765,1.97665,0.90,4.80
2008.04.16 12:00:06.042,1.9765,1.97665,0.90,4.80
2008.04.16 12:00:06.236,1.9765,1.97665,0.90,4.80
2008.04.16 12:00:06.431,1.9765,1.97665,0.90,4.80
2008.04.16 12:00:06.626,1.9765,1.97665,0.90,4.80
2008.04.16 12:00:06.820,1.9765,1.97665,0.90,4.80
2008.04.16 12:00:07.014,1.9765,1.97665,0.90,4.80
2008.04.16 12:00:07.289,1.9765,1.97665,0.90,4.80
2008.04.16 12:00:07.563,1.9765,1.97665,0.90,4.80
2008.04.16 12:00:09.159,1.9765,1.97665,0.90,4.80
2008.04.16 12:00:09.282,1.9765,1.97665,0.90,4.80
2008.04.16 12:00:09.356,1.9765,1.97665,0.90,4.80
2008.04.16 12:00:09.461,1.9765,1.97665,0.90,4.80
2008.04.16 12:00:09.565,1.9765,1.97665,0.90,4.80
2008.04.16 12:00:09.670,1.9765,1.97665,0.90,4.80
2008.04.16 12:00:09.789,1.9765,1.97665,0.90,4.80
2008.04.16 12:00:10.156,1.9765,1.97665,0.90,4.80
2008.04.16 12:00:10.491,1.9765,1.97665,0.90,4.80
2008.04.16 12:00:10.826,1.9765,1.97665,0.90,4.80
2008.04.16 12:00:11.016,1.9765,1.97665,0.90,4.80
2008.04.16 12:00:11.206,1.9765,1.97665,0.90,4.80
2008.04.16 12:00:11.397,1.9765,1.97665,0.90,4.80
2008.04.16 12:00:11.617,1.9765,1.97665,0.90,4.80
2008.04.16 12:00:11.841,1.9765,1.97665,0.90,4.80
2008.04.16 12:00:12.172,1.9765,1.97665,0.90,4.80
2008.04.16 12:00:12.497,1.9765,1.97665,0.90,4.80
2008.04.16 12:00:12.760,1.9765,1.97665,0.90,4.80
2008.04.16 12:00:13.070,1.97655,1.97665,0.90,4.80
2008.04.16 12:00:13.297,1.97655,1.9767,0.90,4.80
2008.04.16 12:00:13.526,1.97655,1.9767,3.30,4.80
2008.04.16 12:00:13.753,1.97655,1.97665,2.40,0.80
2008.04.16 12:00:13.980,1.9765,1.97665,1.70,0.80
2008.04.16 12:00:14.237,1.9765,1.97665,0.90,0.80
2008.04.16 12:00:14.520,1.9765,1.97665,0.90,0.80
2008.04.16 12:00:14.805,1.9765,1.97665,0.90,0.80
2008.04.16 12:00:15.035,1.9765,1.97665,0.90,0.80
2008.04.16 12:00:15.265,1.9765,1.97665,0.90,0.80
2008.04.16 12:00:15.495,1.9765,1.97665,0.90,0.80
2008.04.16 12:00:15.750,1.9765,1.97665,0.90,0.80
2008.04.16 12:00:16.001,1.9765,1.97665,0.90,0.80
2008.04.16 12:00:16.255,1.9765,1.97665,0.90,0.80
2008.04.16 12:00:16.528,1.9765,1.97665,0.90,0.80
2008.04.16 12:00:16.800,1.9765,1.97665,0.90,0.80
2008.04.16 12:00:17.077,1.9765,1.97665,0.90,0.80
2008.04.16 12:00:17.337,1.9765,1.97665,0.90,0.80
2008.04.16 12:00:17.579,1.97655,1.97665,0.90,4.80
2008.04.16 12:00:17.854,1.97655,1.97665,3.30,0.80
2008.04.16 12:00:18.099,1.97655,1.9767,2.40,5.80
2008.04.16 12:00:18.343,1.9765,1.9767,1.70,5.00
2008.04.16 12:00:18.588,1.9765,1.9767,1.70,5.00
2008.04.16 12:00:18.833,1.9765,1.9767,0.90,5.00
2008.04.16 12:00:19.079,1.97655,1.9767,0.90,4.00
2008.04.16 12:00:19.346,1.97655,1.97675,0.90,8.10
2008.04.16 12:00:19.611,1.97655,1.97675,0.90,8.10
2008.04.16 12:00:19.878,1.97655,1.97675,0.90,8.10
2008.04.16 12:00:20.143,1.97655,1.97675,0.90,8.10
2008.04.16 12:00:20.393,1.97655,1.97675,0.90,8.10
2008.04.16 12:00:20.643,1.97655,1.97675,0.90,8.10
2008.04.16 12:00:20.893,1.97655,1.97675,0.90,8.10
2008.04.16 12:00:21.153,1.97655,1.97675,0.90,8.10
2008.04.16 12:00:21.415,1.97655,1.97675,0.90,8.10
2008.04.16 12:00:21.676,1.97655,1.97675,0.90,8.10
2008.04.16 12:00:21.965,1.97655,1.97675,0.90,8.10
2008.04.16 12:00:22.236,1.97655,1.97675,0.90,8.10
2008.04.16 12:00:22.538,1.97655,1.97675,0.90,8.10
2008.04.16 12:00:22.839,1.97655,1.97675,0.90,8.10
2008.04.16 12:00:23.079,1.97655,1.97675,0.90,8.10
2008.04.16 12:00:23.332,1.97655,1.97675,0.90,8.10
2008.04.16 12:00:23.566,1.97655,1.97675,0.90,8.10
2008.04.16 12:00:23.801,1.97655,1.97675,0.90,8.10
2008.04.16 12:00:24.036,1.97655,1.97675,0.90,8.10
2008.04.16 12:00:24.308,1.97655,1.97675,0.90,8.10
2008.04.16 12:00:24.547,1.97655,1.97675,0.90,8.10
2008.04.16 12:00:24.787,1.97655,1.97675,0.90,8.10
2008.04.16 12:00:25.029,1.97655,1.97675,0.90,8.10
2008.04.16 12:00:25.271,1.97655,1.97675,0.90,8.10
2008.04.16 12:00:25.509,1.97655,1.97675,0.90,8.10
2008.04.16 12:00:25.747,1.97655,1.97675,0.90,8.10
2008.04.16 12:00:25.987,1.97655,1.9767,3.30,0.80
2008.04.16 12:00:26.227,1.97655,1.9767,3.30,0.80
2008.04.16 12:00:26.477,1.97655,1.9767,3.30,0.80
2008.04.16 12:00:26.728,1.97655,1.9767,3.30,0.80
2008.04.16 12:00:26.977,1.97655,1.9767,3.30,0.80
2008.04.16 12:00:27.228,1.97665,1.9767,0.90,0.80
2008.04.16 12:00:27.493,1.97665,1.9768,0.90,4.80
2008.04.16 12:00:27.757,1.9766,1.9768,3.30,5.80
2008.04.16 12:00:28.023,1.9766,1.97675,1.70,0.80
2008.04.16 12:00:28.251,1.9766,1.9767,0.80,0.80
2008.04.16 12:00:28.476,1.9766,1.9767,0.80,0.80
2008.04.16 12:00:28.731,1.9766,1.9767,0.80,0.80
2008.04.16 12:00:28.957,1.9766,1.9767,0.80,0.80
2008.04.16 12:00:29.221,1.9766,1.9767,0.80,0.80
2008.04.16 12:00:29.482,1.9766,1.9767,0.80,0.80
2008.04.16 12:00:29.743,1.9766,1.9767,0.80,0.80
2008.04.16 12:00:30.002,1.9766,1.9767,0.80,0.80
2008.04.16 12:00:30.263,1.97665,1.9768,0.90,4.80
2008.04.16 12:00:30.482,1.97665,1.9768,0.90,4.80
2008.04.16 12:00:30.703,1.9766,1.97675,1.60,0.90
2008.04.16 12:00:30.924,1.97655,1.97675,4.90,1.70
2008.04.16 12:00:31.145,1.97655,1.97675,3.30,1.70
2008.04.16 12:00:31.365,1.97655,1.97675,3.30,1.70
2008.04.16 12:00:31.675,1.97655,1.97675,0.90,4.10
2008.04.16 12:00:31.986,1.97655,1.97675,0.90,4.10
2008.04.16 12:00:32.295,1.97655,1.97675,0.90,4.10
2008.04.16 12:00:32.495,1.97655,1.97675,0.90,4.10
2008.04.16 12:00:32.714,1.97655,1.97675,0.90,4.10
2008.04.16 12:00:32.913,1.97655,1.97675,0.90,4.10
2008.04.16 12:00:33.115,1.97655,1.97675,0.90,4.10
2008.04.16 12:00:33.316,1.97655,1.97675,0.90,4.10
2008.04.16 12:00:33.585,1.97655,1.97675,0.90,8.10
2008.04.16 12:00:33.868,1.97655,1.97665,0.90,0.80
2008.04.16 12:00:34.140,1.97655,1.97665,0.90,0.80
2008.04.16 12:00:34.414,1.97655,1.97665,3.30,0.80
2008.04.16 12:00:34.681,1.97655,1.9767,3.30,4.80
2008.04.16 12:00:34.960,1.97655,1.97665,3.30,0.80
2008.04.16 12:00:35.207,1.9765,1.97665,3.30,0.80
2008.04.16 12:00:35.453,1.9765,1.97665,1.70,0.80
2008.04.16 12:00:35.674,1.9765,1.97665,1.70,0.80
2008.04.16 12:00:35.921,1.9765,1.97665,1.70,4.80
2008.04.16 12:00:36.174,1.9765,1.97665,1.70,4.80
2008.04.16 12:00:36.426,1.9765,1.9766,1.70,0.80
2008.04.16 12:00:36.719,1.9765,1.9766,1.70,0.80
2008.04.16 12:00:37.006,1.9765,1.9766,1.70,0.80
2008.04.16 12:00:37.230,1.9765,1.9766,1.70,0.80
2008.04.16 12:00:37.487,1.9765,1.9766,1.70,0.80
2008.04.16 12:00:37.757,1.9765,1.9766,1.70,0.80
2008.04.16 12:00:37.967,1.9765,1.9766,1.70,0.80
2008.04.16 12:00:38.209,1.97655,1.9766,1.70,0.80
2008.04.16 12:00:38.451,1.97655,1.97665,4.10,4.80
2008.04.16 12:00:38.683,1.97655,1.97665,3.20,4.80
2008.04.16 12:00:38.935,1.97655,1.9766,0.80,0.80
2008.04.16 12:00:39.198,1.97655,1.9766,0.80,0.80
2008.04.16 12:00:39.472,1.97655,1.9766,0.80,0.80
2008.04.16 12:00:39.688,1.97655,1.9766,0.80,0.80
2008.04.16 12:00:39.950,1.97655,1.9766,0.80,0.80
2008.04.16 12:00:40.240,1.97655,1.9766,0.80,0.80
2008.04.16 12:00:40.500,1.97655,1.9766,0.80,0.80
2008.04.16 12:00:40.737,1.97655,1.9766,0.80,0.80
2008.04.16 12:00:40.944,1.97655,1.9766,0.80,0.80
2008.04.16 12:00:41.148,1.97655,1.9766,1.70,0.80
2008.04.16 12:00:41.355,1.97655,1.9766,1.70,0.80
2008.04.16 12:00:41.561,1.97655,1.97665,4.10,4.80
2008.04.16 12:00:41.827,1.97655,1.97665,4.10,4.80
2008.04.16 12:00:42.127,1.97655,1.97665,4.10,4.80
2008.04.16 12:00:42.429,1.97655,1.97665,3.20,4.80
2008.04.16 12:00:42.693,1.97655,1.9766,0.80,0.80
2008.04.16 12:00:42.989,1.97655,1.9766,0.80,0.80
2008.04.16 12:00:43.223,1.97655,1.9766,0.80,0.80
2008.04.16 12:00:43.487,1.97655,1.9766,0.80,0.80
2008.04.16 12:00:43.751,1.97655,1.9766,0.80,0.80
2008.04.16 12:00:43.976,1.97655,1.9766,0.80,0.80
2008.04.16 12:00:44.201,1.97655,1.9766,0.80,0.80
2008.04.16 12:00:44.424,1.97655,1.9766,0.80,0.80
2008.04.16 12:00:44.648,1.97655,1.9766,0.80,0.80
2008.04.16 12:00:44.899,1.97655,1.9766,0.80,0.80
2008.04.16 12:00:45.148,1.97655,1.9766,1.70,0.80
2008.04.16 12:00:45.399,1.97655,1.9766,4.10,0.80
2008.04.16 12:00:45.649,1.97655,1.97665,4.10,4.80
2008.04.16 12:00:45.865,1.97655,1.97665,4.10,4.80
2008.04.16 12:00:46.080,1.97655,1.97665,4.10,4.80
2008.04.16 12:00:46.295,1.97655,1.97665,4.10,4.80
2008.04.16 12:00:46.509,1.97655,1.97665,4.10,4.80
2008.04.16 12:00:46.725,1.97655,1.97665,4.10,0.80
2008.04.16 12:00:47.001,1.97655,1.9767,4.10,6.40
2008.04.16 12:00:47.275,1.97655,1.9767,4.10,6.40
2008.04.16 12:00:47.551,1.97655,1.9767,4.10,6.40
2008.04.16 12:00:47.782,1.97655,1.9767,4.10,6.40
2008.04.16 12:00:48.044,1.97655,1.9767,4.10,6.40
2008.04.16 12:00:48.273,1.97655,1.9767,4.10,6.40
2008.04.16 12:00:48.503,1.97655,1.9767,4.10,6.40
2008.04.16 12:00:48.733,1.97655,1.9767,4.10,6.40
2008.04.16 12:00:48.954,1.97655,1.9767,4.10,6.40
2008.04.16 12:00:49.175,1.97655,1.9767,4.10,6.40
2008.04.16 12:00:49.395,1.97655,1.9767,4.10,6.40
2008.04.16 12:00:49.616,1.97655,1.9767,4.10,6.40
2008.04.16 12:00:49.871,1.97655,1.9767,4.10,6.40
2008.04.16 12:00:50.125,1.97655,1.9767,4.10,6.40
2008.04.16 12:00:50.413,1.97655,1.9767,4.10,6.40
2008.04.16 12:00:50.668,1.97655,1.9767,4.10,6.40
2008.04.16 12:00:50.897,1.97655,1.9767,4.10,6.40
2008.04.16 12:00:51.128,1.97655,1.9767,4.10,2.40
2008.04.16 12:00:51.358,1.97655,1.9767,4.10,0.80
2008.04.16 12:00:51.588,1.97655,1.9767,3.30,0.80
2008.04.16 12:00:51.818,1.97655,1.97665,3.30,0.80
2008.04.16 12:00:52.100,1.97655,1.97665,3.30,0.80
2008.04.16 12:00:52.383,1.97655,1.97665,2.40,0.80
2008.04.16 12:00:52.687,1.9765,1.97665,1.70,0.80
2008.04.16 12:00:52.908,1.9765,1.9766,1.70,0.80
2008.04.16 12:00:53.098,1.9765,1.9766,1.70,0.80
2008.04.16 12:00:53.289,1.9765,1.9766,1.70,0.80
2008.04.16 12:00:53.487,1.9765,1.9766,1.70,0.80
2008.04.16 12:00:53.680,1.9765,1.9766,1.70,0.80
2008.04.16 12:00:53.955,1.9765,1.9766,1.70,0.80
2008.04.16 12:00:54.230,1.9765,1.9766,1.70,0.80
2008.04.16 12:00:54.505,1.9765,1.9766,1.70,0.80
2008.04.16 12:00:54.781,1.9765,1.9766,1.70,0.80
2008.04.16 12:00:54.993,1.9765,1.9766,1.70,0.80
2008.04.16 12:00:55.203,1.9765,1.9766,1.70,0.80
2008.04.16 12:00:55.415,1.9765,1.9766,1.70,0.80
2008.04.16 12:00:55.666,1.97655,1.9766,0.90,0.80
2008.04.16 12:00:55.921,1.97655,1.97665,3.30,4.80
2008.04.16 12:00:56.177,1.97655,1.97665,3.30,4.80
2008.04.16 12:00:56.431,1.97655,1.97665,3.30,4.80
2008.04.16 12:00:56.722,1.9766,1.97665,0.80,0.80
2008.04.16 12:00:57.000,1.9766,1.97665,0.80,0.80
2008.04.16 12:00:57.288,1.9766,1.97665,0.80,0.80
2008.04.16 12:00:57.564,1.9766,1.97665,0.80,0.80
2008.04.16 12:00:57.807,1.9766,1.97665,0.80,0.80
2008.04.16 12:00:58.062,1.9766,1.97665,0.80,0.80
2008.04.16 12:00:58.318,1.9766,1.97665,0.80,0.80
2008.04.16 12:00:58.575,1.9766,1.97665,0.80,0.80
2008.04.16 12:00:58.830,1.9766,1.97665,1.70,0.80
2008.04.16 12:00:59.071,1.9766,1.97665,1.70,0.80
2008.04.16 12:00:59.312,1.9766,1.97665,1.70,0.80
2008.04.16 12:00:59.553,1.9766,1.97675,1.70,4.80
2008.04.16 12:00:59.810,1.9766,1.97675,1.70,4.80
2008.04.16 12:01:00.114,1.9766,1.97675,1.70,4.80
2008.04.16 12:01:00.433,1.9766,1.97675,1.70,4.80
2008.04.16 12:01:00.727,1.9766,1.97675,1.70,4.80
2008.04.16 12:01:00.919,1.9766,1.97675,1.70,4.80
2008.04.16 12:01:01.115,1.9766,1.97675,1.70,4.80
2008.04.16 12:01:01.310,1.9766,1.97675,1.70,4.80
2008.04.16 12:01:01.504,1.9766,1.97675,1.70,4.80
2008.04.16 12:01:01.700,1.9766,1.97675,1.70,4.80
2008.04.16 12:01:01.893,1.9766,1.97675,1.70,4.80
2008.04.16 12:01:02.225,1.9766,1.97675,1.70,4.80
2008.04.16 12:01:02.552,1.9766,1.97675,1.70,4.80
2008.04.16 12:01:02.845,1.9766,1.97675,1.70,4.80
2008.04.16 12:01:03.096,1.9766,1.97675,1.70,4.80
2008.04.16 12:01:03.285,1.9766,1.97675,1.70,4.80
2008.04.16 12:01:03.505,1.9766,1.97675,1.70,4.80
2008.04.16 12:01:03.724,1.9766,1.97675,1.70,4.80
2008.04.16 12:01:03.944,1.9766,1.97675,1.70,4.80
2008.04.16 12:01:04.200,1.9766,1.97675,1.70,4.80
2008.04.16 12:01:04.456,1.9766,1.97675,1.70,4.80
2008.04.16 12:01:04.711,1.9766,1.97675,1.70,4.80
2008.04.16 12:01:04.965,1.9766,1.97675,1.70,4.80
2008.04.16 12:01:05.221,1.9766,1.9768,1.70,5.00
2008.04.16 12:01:05.477,1.9766,1.9768,1.70,1.00
2008.04.16 12:01:05.764,1.9766,1.9768,1.70,1.00
2008.04.16 12:01:06.021,1.9766,1.9768,1.70,1.00
2008.04.16 12:01:06.308,1.9766,1.9768,1.70,1.00
2008.04.16 12:01:06.591,1.9766,1.9768,1.70,1.00
2008.04.16 12:01:06.877,1.9766,1.9768,1.70,1.00
2008.04.16 12:01:07.124,1.9766,1.9768,1.70,1.00
2008.04.16 12:01:07.400,1.9766,1.9768,1.70,1.00
2008.04.16 12:01:07.646,1.9766,1.9768,1.70,1.00
2008.04.16 12:01:07.893,1.9766,1.9768,1.70,1.80
2008.04.16 12:01:08.228,1.9766,1.9768,1.70,1.80
2008.04.16 12:01:08.563,1.9766,1.9768,1.70,1.80
2008.04.16 12:01:08.898,1.9766,1.9768,1.70,1.80
2008.04.16 12:01:09.232,1.9766,1.9768,1.70,1.80
2008.04.16 12:01:09.447,1.9766,1.9768,1.70,5.80
2008.04.16 12:01:09.662,1.9766,1.97675,1.70,0.80
2008.04.16 12:01:09.891,1.9766,1.97675,1.70,0.80
2008.04.16 12:01:10.106,1.9766,1.97675,1.70,0.80
2008.04.16 12:01:10.396,1.9766,1.97665,1.70,0.80
2008.04.16 12:01:10.686,1.9766,1.97665,1.70,0.80
2008.04.16 12:01:11.007,1.9766,1.97675,1.70,4.80
2008.04.16 12:01:11.248,1.97655,1.97675,7.30,5.70
2008.04.16 12:01:11.490,1.97655,1.97675,0.90,8.10
2008.04.16 12:01:11.730,1.97655,1.97675,0.90,8.10
2008.04.16 12:01:11.971,1.97655,1.97675,0.90,9.20
2008.04.16 12:01:12.212,1.97655,1.97675,0.90,9.20
2008.04.16 12:01:12.498,1.97655,1.97675,0.90,9.20
2008.04.16 12:01:12.784,1.97655,1.97675,0.90,9.20
2008.04.16 12:01:13.069,1.97655,1.97675,0.90,9.20
2008.04.16 12:01:13.291,1.97655,1.97675,0.90,9.20
2008.04.16 12:01:13.511,1.97655,1.97675,0.90,9.20
2008.04.16 12:01:13.764,1.97655,1.97675,0.90,9.20
2008.04.16 12:01:13.985,1.9766,1.97675,0.90,7.20
2008.04.16 12:01:14.206,1.9766,1.97675,0.90,4.80
2008.04.16 12:01:14.536,1.9766,1.97675,0.90,4.80
2008.04.16 12:01:14.867,1.9766,1.97675,0.90,4.80
2008.04.16 12:01:15.196,1.9766,1.97675,0.90,4.80
2008.04.16 12:01:15.417,1.97665,1.97675,0.90,0.80
2008.04.16 12:01:15.670,1.97665,1.9768,0.90,4.80
2008.04.16 12:01:15.892,1.9766,1.9768,2.50,5.80
2008.04.16 12:01:16.114,1.9766,1.97675,0.90,0.80
2008.04.16 12:01:16.335,1.9766,1.97675,0.90,0.80
2008.04.16 12:01:16.655,1.9766,1.97675,0.90,0.80
2008.04.16 12:01:16.975,1.9766,1.97675,0.90,0.80
2008.04.16 12:01:17.296,1.9766,1.97675,0.90,0.80
2008.04.16 12:01:17.527,1.9766,1.97675,0.90,0.80
2008.04.16 12:01:17.756,1.9766,1.97675,0.90,0.80
2008.04.16 12:01:17.986,1.9766,1.97675,0.90,0.80
2008.04.16 12:01:18.216,1.9766,1.97675,0.90,0.80
2008.04.16 12:01:18.465,1.9766,1.97675,0.90,0.80
2008.04.16 12:01:18.715,1.9766,1.97675,0.90,0.80
2008.04.16 12:01:18.964,1.9766,1.97675,0.90,0.80
2008.04.16 12:01:19.214,1.9766,1.97675,0.90,0.80
2008.04.16 12:01:19.489,1.9766,1.97675,0.90,0.80
2008.04.16 12:01:19.763,1.9766,1.97675,0.90,0.80
2008.04.16 12:01:20.038,1.9766,1.97675,0.90,0.80
2008.04.16 12:01:20.329,1.9766,1.97675,0.90,0.80
2008.04.16 12:01:20.541,1.9766,1.97675,0.90,0.80
2008.04.16 12:01:20.786,1.9766,1.97675,0.90,0.80
2008.04.16 12:01:21.026,1.9766,1.97675,0.90,0.80
2008.04.16 12:01:21.267,1.9766,1.97675,0.90,0.80
2008.04.16 12:01:21.476,1.9766,1.97675,0.90,0.80
2008.04.16 12:01:21.762,1.9766,1.97675,0.90,0.80
2008.04.16 12:01:22.047,1.9766,1.97675,0.90,0.80
2008.04.16 12:01:22.331,1.9766,1.97675,0.90,0.80
2008.04.16 12:01:22.563,1.9766,1.97675,0.90,0.80
2008.04.16 12:01:22.826,1.9766,1.97675,0.90,0.80
2008.04.16 12:01:23.056,1.9766,1.97675,1.70,0.80
2008.04.16 12:01:23.286,1.9766,1.97675,1.70,0.80
2008.04.16 12:01:23.516,1.9766,1.97675,1.70,0.80
2008.04.16 12:01:23.764,1.9766,1.97675,1.70,0.80
2008.04.16 12:01:23.984,1.9766,1.97675,1.70,0.80
2008.04.16 12:01:24.204,1.9766,1.97675,1.70,0.80
2008.04.16 12:01:24.424,1.9766,1.97675,1.70,0.80
2008.04.16 12:01:24.674,1.9766,1.97675,1.70,0.80
2008.04.16 12:01:24.955,1.9766,1.97675,1.70,0.80
2008.04.16 12:01:25.175,1.9766,1.97675,1.70,0.80
2008.04.16 12:01:25.455,1.9766,1.97675,1.70,0.80
2008.04.16 12:01:25.706,1.9766,1.97675,1.70,0.80
2008.04.16 12:01:25.956,1.9766,1.97675,1.70,0.80
2008.04.16 12:01:26.206,1.9766,1.97675,1.70,0.80
2008.04.16 12:01:26.457,1.9766,1.97675,1.70,0.80
2008.04.16 12:01:26.722,1.9766,1.97675,1.70,0.80
2008.04.16 12:01:26.987,1.9766,1.97675,1.70,0.80
2008.04.16 12:01:27.251,1.9766,1.97675,1.70,0.80
2008.04.16 12:01:27.517,1.9766,1.97675,1.70,0.80
2008.04.16 12:01:27.737,1.9766,1.97675,1.70,0.80
2008.04.16 12:01:27.957,1.9766,1.97675,1.70,0.80
2008.04.16 12:01:28.178,1.9766,1.97675,1.70,0.80
2008.04.16 12:01:28.398,1.9766,1.97675,1.70,0.80
2008.04.16 12:01:28.617,1.9766,1.97675,1.70,0.80
2008.04.16 12:01:28.891,1.97655,1.97675,4.90,5.70
2008.04.16 12:01:29.162,1.97655,1.97675,0.90,8.10
2008.04.16 12:01:29.432,1.97655,1.97675,0.90,8.10
2008.04.16 12:01:29.703,1.97655,1.97665,0.90,2.40
2008.04.16 12:01:29.934,1.97655,1.97665,0.90,2.40
2008.04.16 12:01:30.163,1.97655,1.97675,0.90,8.10
2008.04.16 12:01:30.417,1.97655,1.97675,0.90,8.10
2008.04.16 12:01:30.677,1.97655,1.97675,0.90,8.10
2008.04.16 12:01:30.962,1.97655,1.97675,0.90,8.10
2008.04.16 12:01:31.207,1.97655,1.97675,0.90,8.10
2008.04.16 12:01:31.454,1.97655,1.97675,0.90,8.10
2008.04.16 12:01:31.731,1.97655,1.97675,0.90,8.10
2008.04.16 12:01:31.976,1.97655,1.97675,0.90,8.10
2008.04.16 12:01:32.220,1.97655,1.97675,0.90,8.10
2008.04.16 12:01:32.466,1.97655,1.97675,0.90,8.10
2008.04.16 12:01:32.687,1.97655,1.97675,0.90,8.10
2008.04.16 12:01:32.905,1.97655,1.97675,0.90,8.10
2008.04.16 12:01:33.159,1.97655,1.97675,0.90,8.10
2008.04.16 12:01:33.378,1.97655,1.97675,0.90,8.10
2008.04.16 12:01:33.598,1.97655,1.97675,0.90,8.10
2008.04.16 12:01:33.828,1.97655,1.97675,0.90,8.10
2008.04.16 12:01:34.089,1.97655,1.97675,0.90,8.10
2008.04.16 12:01:34.288,1.97655,1.97675,0.90,8.10
2008.04.16 12:01:34.517,1.97655,1.97675,0.90,8.10
2008.04.16 12:01:34.766,1.97655,1.97675,0.90,8.10
2008.04.16 12:01:35.015,1.97655,1.97675,0.90,8.10
2008.04.16 12:01:35.265,1.97655,1.97675,0.90,8.10
2008.04.16 12:01:35.515,1.97655,1.97675,0.90,8.10
2008.04.16 12:01:35.775,1.97655,1.97675,0.90,8.10
2008.04.16 12:01:36.035,1.97655,1.97675,0.90,8.10
2008.04.16 12:01:36.296,1.97655,1.97675,0.90,8.10
2008.04.16 12:01:36.555,1.97655,1.97675,0.90,8.10
2008.04.16 12:01:36.874,1.9766,1.97675,0.90,7.20
2008.04.16 12:01:37.160,1.9766,1.97675,0.90,4.80
2008.04.16 12:01:37.445,1.9766,1.97675,0.90,4.80
2008.04.16 12:01:37.746,1.9766,1.97675,0.90,4.80
2008.04.16 12:01:37.984,1.9766,1.97675,0.90,4.80
2008.04.16 12:01:38.220,1.9766,1.97675,0.90,4.80
2008.04.16 12:01:38.454,1.9766,1.97675,0.90,4.80
2008.04.16 12:01:38.691,1.9766,1.97675,0.90,4.80
2008.04.16 12:01:39.021,1.9766,1.97675,0.90,4.80
2008.04.16 12:01:39.351,1.9766,1.97675,0.90,4.80
2008.04.16 12:01:39.697,1.9766,1.97675,0.90,4.80
2008.04.16 12:01:39.874,1.9766,1.97675,0.90,4.80
2008.04.16 12:01:40.051,1.9766,1.97675,0.90,4.80
2008.04.16 12:01:40.227,1.9766,1.97675,0.90,4.80
2008.04.16 12:01:40.424,1.9766,1.97675,0.90,4.80
2008.04.16 12:01:40.598,1.9766,1.97675,0.90,4.80
2008.04.16 12:01:40.774,1.9766,1.97675,0.90,4.80
2008.04.16 12:01:41.061,1.9766,1.97675,0.90,0.80
2008.04.16 12:01:41.348,1.9766,1.97675,0.90,4.80
2008.04.16 12:01:41.635,1.9766,1.97675,0.90,4.80
2008.04.16 12:01:41.921,1.9766,1.97675,0.90,4.80
2008.04.16 12:01:42.162,1.9766,1.97675,0.90,4.80
2008.04.16 12:01:42.404,1.97665,1.97685,0.90,13.20
2008.04.16 12:01:42.645,1.97665,1.97685,0.90,8.10
2008.04.16 12:01:42.885,1.97665,1.97685,0.90,8.10
2008.04.16 12:01:43.149,1.97665,1.97685,0.90,8.10
2008.04.16 12:01:43.399,1.97665,1.97685,0.90,8.10
2008.04.16 12:01:43.655,1.97665,1.97685,0.90,8.10
2008.04.16 12:01:43.909,1.97665,1.97685,0.90,8.10
2008.04.16 12:01:44.169,1.97665,1.97685,0.90,8.10
2008.04.16 12:01:44.430,1.97665,1.97685,0.90,8.10
2008.04.16 12:01:44.723,1.97665,1.97685,0.90,8.10
2008.04.16 12:01:44.980,1.97665,1.97685,0.90,8.10
2008.04.16 12:01:45.217,1.97665,1.97685,0.90,8.10
2008.04.16 12:01:45.496,1.97665,1.97685,0.90,8.10
2008.04.16 12:01:45.735,1.97665,1.97685,0.90,8.10
2008.04.16 12:01:45.976,1.97665,1.97685,0.90,8.10
2008.04.16 12:01:46.267,1.97665,1.97685,0.90,8.10
2008.04.16 12:01:46.557,1.97665,1.97685,0.90,8.10
2008.04.16 12:01:46.880,1.97665,1.97685,0.90,8.10
2008.04.16 12:01:47.098,1.97665,1.97685,0.90,8.10
2008.04.16 12:01:47.320,1.97665,1.97685,0.90,8.10
2008.04.16 12:01:47.534,1.97665,1.97685,0.90,8.10
2008.04.16 12:01:47.750,1.97665,1.97685,0.90,8.10
2008.04.16 12:01:47.988,1.97665,1.97685,3.30,5.70
2008.04.16 12:01:48.285,1.97665,1.97685,3.30,5.70
2008.04.16 12:01:48.558,1.97665,1.97685,3.30,5.70
2008.04.16 12:01:48.855,1.97665,1.97685,3.30,5.70
2008.04.16 12:01:49.122,1.97665,1.97685,3.30,5.70
2008.04.16 12:01:49.364,1.97665,1.97685,3.30,5.70
2008.04.16 12:01:49.612,1.97665,1.97685,3.30,5.70
2008.04.16 12:01:49.857,1.97665,1.97685,3.30,5.70
2008.04.16 12:01:50.142,1.97665,1.97685,3.30,5.70
2008.04.16 12:01:50.427,1.97665,1.97685,3.30,5.70
2008.04.16 12:01:50.745,1.97665,1.97685,3.30,5.70
2008.04.16 12:01:51.028,1.97665,1.97685,3.30,5.70
2008.04.16 12:01:51.244,1.97665,1.97685,3.30,5.70
2008.04.16 12:01:51.460,1.97665,1.97685,3.30,5.70
2008.04.16 12:01:51.674,1.97665,1.97685,3.30,5.70
2008.04.16 12:01:51.890,1.97665,1.97685,3.30,5.70
2008.04.16 12:01:52.106,1.97665,1.97685,3.30,5.70
2008.04.16 12:01:52.360,1.97665,1.97685,3.30,5.70
2008.04.16 12:01:52.617,1.97665,1.97685,3.30,5.70
2008.04.16 12:01:52.876,1.97665,1.97685,3.30,5.70
2008.04.16 12:01:53.158,1.97665,1.97685,3.30,5.70
2008.04.16 12:01:53.399,1.97665,1.97685,3.30,5.70
2008.04.16 12:01:53.640,1.97665,1.97685,3.30,5.70
2008.04.16 12:01:53.883,1.9767,1.97685,0.90,4.80
2008.04.16 12:01:54.125,1.9767,1.97685,0.90,4.80
2008.04.16 12:01:54.385,1.9767,1.97685,0.90,4.80
2008.04.16 12:01:54.615,1.9767,1.97685,1.70,4.80
2008.04.16 12:01:54.844,1.9767,1.97685,1.70,4.80
2008.04.16 12:01:55.073,1.9767,1.97685,1.70,4.80
2008.04.16 12:01:55.298,1.9767,1.97685,0.90,4.80
2008.04.16 12:01:55.542,1.9767,1.97685,0.90,4.80
2008.04.16 12:01:55.766,1.9767,1.97685,0.90,4.80
2008.04.16 12:01:55.991,1.9767,1.97685,0.90,4.80
2008.04.16 12:01:56.218,1.9767,1.97685,0.90,4.80
2008.04.16 12:01:56.493,1.9767,1.97685,0.90,4.80
2008.04.16 12:01:56.737,1.9767,1.97685,0.90,4.80
2008.04.16 12:01:57.018,1.9767,1.97685,0.90,4.80
2008.04.16 12:01:57.233,1.9767,1.97685,0.90,4.80
2008.04.16 12:01:57.463,1.9767,1.97685,0.90,4.80
2008.04.16 12:01:57.731,1.9767,1.97685,0.90,4.80
2008.04.16 12:01:57.992,1.9767,1.9769,0.90,5.80
2008.04.16 12:01:58.224,1.9767,1.9769,0.90,5.80
2008.04.16 12:01:58.517,1.97675,1.97695,3.30,7.30
2008.04.16 12:01:58.838,1.9768,1.97695,0.90,6.40
2008.04.16 12:01:59.131,1.9768,1.97695,0.90,4.80
2008.04.16 12:01:59.326,1.9768,1.97695,0.90,4.80
2008.04.16 12:01:59.523,1.9768,1.97695,1.70,4.80
2008.04.16 12:01:59.752,1.9768,1.97695,1.70,4.80
2008.04.16 12:01:59.946,1.9768,1.97695,1.70,4.80
2008.04.16 12:02:00.141,1.9768,1.97695,1.70,4.80
2008.04.16 12:02:00.336,1.9769,1.97695,1.70,0.80
2008.04.16 12:02:00.633,1.97695,1.9771,0.90,4.80
2008.04.16 12:02:00.955,1.97695,1.9771,3.30,4.80
2008.04.16 12:02:01.285,1.97695,1.9771,3.30,4.80
2008.04.16 12:02:01.482,1.977,1.97715,1.70,4.80
2008.04.16 12:02:01.677,1.977,1.97715,1.70,4.80
2008.04.16 12:02:01.871,1.977,1.97715,1.70,4.80
2008.04.16 12:02:02.067,1.977,1.97715,1.70,4.80
2008.04.16 12:02:02.261,1.977,1.97715,1.70,4.80
2008.04.16 12:02:02.550,1.977,1.97715,1.70,4.80
2008.04.16 12:02:02.841,1.977,1.97715,1.70,4.80
2008.04.16 12:02:03.135,1.977,1.97715,1.70,4.80
2008.04.16 12:02:03.424,1.977,1.97715,1.70,4.80
2008.04.16 12:02:03.670,1.977,1.97715,1.70,4.80
2008.04.16 12:02:03.918,1.977,1.97715,1.70,4.80
2008.04.16 12:02:04.162,1.977,1.97715,1.70,4.80
2008.04.16 12:02:04.410,1.97705,1.97715,0.90,0.80
2008.04.16 12:02:04.665,1.97705,1.9772,3.30,4.80
2008.04.16 12:02:04.920,1.97705,1.9772,3.30,4.80
2008.04.16 12:02:05.177,1.97705,1.97715,3.30,0.80
2008.04.16 12:02:05.432,1.97705,1.97715,3.30,0.80
2008.04.16 12:02:05.719,1.97705,1.9771,0.90,0.80
2008.04.16 12:02:06.003,1.977,1.9771,1.70,0.80
2008.04.16 12:02:06.291,1.977,1.9771,1.70,0.80
2008.04.16 12:02:06.559,1.977,1.9771,1.70,0.80
2008.04.16 12:02:06.786,1.977,1.9771,1.70,0.80
2008.04.16 12:02:07.039,1.977,1.9771,1.70,0.80
2008.04.16 12:02:07.258,1.977,1.9771,1.70,0.80
2008.04.16 12:02:07.478,1.977,1.9771,1.70,0.80
2008.04.16 12:02:07.752,1.977,1.9771,1.70,0.80
2008.04.16 12:02:08.028,1.977,1.9771,1.70,0.80
2008.04.16 12:02:08.334,1.977,1.9771,1.70,0.80
2008.04.16 12:02:08.607,1.977,1.9771,1.70,0.80
2008.04.16 12:02:08.807,1.977,1.9771,1.70,0.80
2008.04.16 12:02:09.007,1.977,1.9771,1.70,0.80
2008.04.16 12:02:09.207,1.977,1.9771,1.70,0.80
2008.04.16 12:02:09.407,1.977,1.9771,1.70,0.80
2008.04.16 12:02:09.672,1.977,1.9771,1.70,0.80
2008.04.16 12:02:09.937,1.977,1.9771,1.70,0.80
2008.04.16 12:02:10.202,1.977,1.9771,1.70,0.80
2008.04.16 12:02:10.497,1.977,1.9771,1.70,0.80
2008.04.16 12:02:10.682,1.977,1.9771,1.70,0.80
2008.04.16 12:02:10.868,1.977,1.9771,1.70,0.80
2008.04.16 12:02:11.084,1.977,1.9771,1.70,0.80
2008.04.16 12:02:11.268,1.977,1.9771,1.70,0.80
2008.04.16 12:02:11.454,1.977,1.9771,1.70,0.80
2008.04.16 12:02:11.698,1.977,1.9771,1.70,0.80
2008.04.16 12:02:11.943,1.977,1.9771,1.70,0.80
2008.04.16 12:02:12.187,1.977,1.9771,1.70,0.80
2008.04.16 12:02:12.467,1.977,1.9771,1.70,0.80
2008.04.16 12:02:12.704,1.977,1.9771,1.70,0.80
2008.04.16 12:02:12.878,1.977,1.9771,1.70,0.80
2008.04.16 12:02:13.083,1.977,1.9771,1.70,0.80
2008.04.16 12:02:13.289,1.977,1.9771,1.70,0.80
2008.04.16 12:02:13.494,1.977,1.9771,1.70,0.80
2008.04.16 12:02:13.764,1.977,1.9771,1.70,0.80
2008.04.16 12:02:14.034,1.977,1.9771,1.70,0.80
2008.04.16 12:02:14.304,1.977,1.9771,1.70,0.80
2008.04.16 12:02:14.573,1.977,1.9771,1.70,0.80
2008.04.16 12:02:14.808,1.977,1.9771,1.70,0.80
2008.04.16 12:02:15.062,1.977,1.9771,1.70,0.80
2008.04.16 12:02:15.296,1.977,1.9771,1.70,0.80
2008.04.16 12:02:15.533,1.977,1.9771,1.70,0.80
2008.04.16 12:02:15.738,1.977,1.9771,1.70,0.80
2008.04.16 12:02:15.972,1.977,1.9771,1.70,0.80
2008.04.16 12:02:16.212,1.977,1.9771,1.70,0.80
2008.04.16 12:02:16.417,1.977,1.9771,1.70,0.80
2008.04.16 12:02:16.622,1.977,1.9771,1.70,0.80
2008.04.16 12:02:16.884,1.977,1.9771,1.70,0.80
2008.04.16 12:02:17.143,1.977,1.9771,1.70,0.80
2008.04.16 12:02:17.402,1.977,1.9771,1.70,0.80
2008.04.16 12:02:17.664,1.977,1.9771,1.70,0.80
2008.04.16 12:02:17.887,1.977,1.9771,1.70,0.80
2008.04.16 12:02:18.107,1.977,1.9771,1.70,0.80
2008.04.16 12:02:18.327,1.977,1.9771,1.70,0.80
2008.04.16 12:02:18.570,1.977,1.9771,1.70,0.80
2008.04.16 12:02:18.855,1.977,1.9771,1.70,0.80
2008.04.16 12:02:19.141,1.977,1.9771,1.70,0.80
2008.04.16 12:02:19.388,1.977,1.9771,1.70,0.80
2008.04.16 12:02:19.634,1.977,1.9771,1.70,0.80
2008.04.16 12:02:19.889,1.977,1.9771,1.70,0.80
2008.04.16 12:02:20.146,1.977,1.97715,1.70,4.80
2008.04.16 12:02:20.402,1.97705,1.97715,0.90,4.80
2008.04.16 12:02:20.657,1.97705,1.97715,0.90,4.80
2008.04.16 12:02:20.934,1.9771,1.97715,0.90,0.80
2008.04.16 12:02:21.247,1.97715,1.97725,0.90,4.80
2008.04.16 12:02:21.486,1.9771,1.97725,1.60,0.90
2008.04.16 12:02:21.762,1.977,1.97715,3.30,0.80
2008.04.16 12:02:22.033,1.977,1.97705,0.80,2.40
2008.04.16 12:02:22.334,1.977,1.97705,0.80,2.40
2008.04.16 12:02:22.605,1.977,1.97705,0.80,2.40
2008.04.16 12:02:22.876,1.97695,1.977,3.20,0.90
2008.04.16 12:02:23.148,1.9768,1.97685,0.90,2.40
2008.04.16 12:02:23.419,1.9768,1.97695,0.90,2.40
2008.04.16 12:02:23.689,1.9768,1.97695,0.90,2.40
2008.04.16 12:02:23.964,1.9768,1.97695,0.90,2.40
2008.04.16 12:02:24.241,1.9768,1.97695,0.90,2.40
2008.04.16 12:02:24.516,1.9768,1.97695,0.90,2.40
2008.04.16 12:02:24.798,1.9768,1.97695,0.90,2.40
2008.04.16 12:02:24.989,1.97685,1.97695,0.90,2.40
2008.04.16 12:02:25.181,1.97685,1.977,0.90,4.80
2008.04.16 12:02:25.372,1.97685,1.977,0.90,4.80
2008.04.16 12:02:25.578,1.97685,1.977,0.90,4.80
2008.04.16 12:02:25.769,1.97685,1.977,0.90,4.80
2008.04.16 12:02:26.009,1.97685,1.977,0.90,4.80
2008.04.16 12:02:26.248,1.97685,1.977,0.90,4.80
2008.04.16 12:02:26.490,1.97685,1.977,0.90,4.80
2008.04.16 12:02:26.731,1.97685,1.977,0.90,4.80
2008.04.16 12:02:26.964,1.97685,1.977,0.90,4.80
2008.04.16 12:02:27.192,1.97685,1.977,0.90,4.80
2008.04.16 12:02:27.426,1.97695,1.977,0.90,0.80
2008.04.16 12:02:27.657,1.97695,1.9771,0.90,4.80
2008.04.16 12:02:27.888,1.9769,1.97705,1.60,0.90
2008.04.16 12:02:28.184,1.97685,1.977,0.90,0.80
2008.04.16 12:02:28.493,1.97685,1.977,0.90,0.80
2008.04.16 12:02:28.822,1.97685,1.977,0.90,0.80
2008.04.16 12:02:29.005,1.97685,1.977,0.90,0.80
2008.04.16 12:02:29.173,1.97685,1.977,0.90,0.80
2008.04.16 12:02:29.380,1.97685,1.977,0.90,0.80
2008.04.16 12:02:29.587,1.97685,1.977,0.90,0.80
2008.04.16 12:02:29.794,1.97685,1.977,0.90,0.80
2008.04.16 12:02:29.967,1.97685,1.977,0.90,0.80
2008.04.16 12:02:30.292,1.97685,1.977,0.90,0.80
2008.04.16 12:02:30.617,1.97685,1.97705,0.90,8.10
2008.04.16 12:02:30.942,1.97685,1.97705,0.90,8.10
2008.04.16 12:02:31.193,1.97685,1.97705,0.90,7.30
2008.04.16 12:02:31.468,1.97685,1.97705,0.90,7.30
2008.04.16 12:02:31.730,1.97685,1.97705,0.90,7.30
2008.04.16 12:02:32.011,1.97685,1.97705,0.90,7.30
2008.04.16 12:02:32.266,1.97685,1.97705,0.90,7.30
2008.04.16 12:02:32.521,1.9768,1.97695,1.70,0.80
2008.04.16 12:02:32.808,1.9768,1.97695,1.70,0.80
2008.04.16 12:02:33.045,1.9768,1.97695,1.70,0.80
2008.04.16 12:02:33.306,1.9768,1.97695,1.70,0.80
2008.04.16 12:02:33.565,1.9768,1.97695,1.70,0.80
2008.04.16 12:02:33.859,1.9768,1.97695,1.70,0.80
2008.04.16 12:02:34.120,1.9768,1.97695,1.70,0.80
2008.04.16 12:02:34.360,1.9768,1.97695,1.70,0.80
2008.04.16 12:02:34.600,1.9768,1.97695,1.70,0.80
2008.04.16 12:02:34.840,1.9768,1.97695,1.70,0.80
2008.04.16 12:02:35.080,1.9768,1.97695,1.70,0.80
2008.04.16 12:02:35.285,1.9768,1.97695,1.70,0.80
2008.04.16 12:02:35.488,1.9768,1.97695,1.70,0.80
2008.04.16 12:02:35.726,1.9768,1.97695,1.70,0.80
2008.04.16 12:02:35.931,1.9768,1.97695,1.70,0.80
2008.04.16 12:02:36.135,1.9768,1.97695,1.70,0.80
2008.04.16 12:02:36.385,1.9768,1.97695,1.70,0.80
2008.04.16 12:02:36.635,1.9768,1.97695,1.70,0.80
2008.04.16 12:02:36.884,1.9768,1.97695,1.70,0.80
2008.04.16 12:02:37.166,1.9768,1.97695,1.70,0.80
2008.04.16 12:02:37.406,1.9768,1.97695,1.70,0.80
2008.04.16 12:02:37.646,1.9768,1.97695,1.70,0.80
2008.04.16 12:02:37.885,1.9768,1.97695,1.70,0.80
2008.04.16 12:02:38.125,1.9768,1.97695,1.70,4.80
2008.04.16 12:02:38.366,1.9768,1.97695,1.70,4.80
2008.04.16 12:02:38.606,1.9768,1.97695,1.70,4.80
2008.04.16 12:02:38.847,1.9768,1.97695,1.70,4.80
2008.04.16 12:02:39.088,1.9768,1.97695,1.70,0.80
2008.04.16 12:02:39.408,1.9768,1.97695,1.70,0.80
2008.04.16 12:02:39.659,1.9768,1.97695,1.70,0.80
2008.04.16 12:02:39.946,1.9768,1.97695,1.70,0.80
2008.04.16 12:02:40.230,1.9768,1.97695,1.70,0.80
2008.04.16 12:02:40.490,1.9768,1.97695,1.70,0.80
2008.04.16 12:02:40.751,1.9768,1.97695,1.70,0.80
2008.04.16 12:02:41.010,1.9768,1.97695,1.70,0.80
2008.04.16 12:02:41.271,1.9768,1.97695,1.70,0.80
2008.04.16 12:02:41.547,1.97675,1.97695,4.90,1.70
2008.04.16 12:02:41.824,1.9768,1.97695,0.90,2.40
2008.04.16 12:02:42.101,1.9768,1.97695,0.90,2.40
2008.04.16 12:02:42.376,1.9768,1.977,0.90,1.70
2008.04.16 12:02:42.626,1.9768,1.977,0.90,1.70
2008.04.16 12:02:42.876,1.9768,1.977,0.90,1.70
2008.04.16 12:02:43.128,1.9768,1.977,0.90,1.70
2008.04.16 12:02:43.379,1.9768,1.977,0.90,1.70
2008.04.16 12:02:43.633,1.9768,1.977,0.90,1.70
2008.04.16 12:02:43.888,1.9768,1.977,0.90,1.70
2008.04.16 12:02:44.161,1.9768,1.977,0.90,1.70
2008.04.16 12:02:44.417,1.9768,1.977,0.90,1.70
2008.04.16 12:02:44.622,1.9768,1.977,0.90,1.70
2008.04.16 12:02:44.826,1.9768,1.977,0.90,1.70
2008.04.16 12:02:45.032,1.9768,1.977,0.90,1.70
2008.04.16 12:02:45.238,1.9768,1.977,0.90,1.70
2008.04.16 12:02:45.441,1.9768,1.977,0.90,1.70
2008.04.16 12:02:45.725,1.9768,1.977,0.90,1.70
2008.04.16 12:02:46.010,1.9768,1.977,0.90,1.70
2008.04.16 12:02:46.297,1.9768,1.977,0.90,1.70
2008.04.16 12:02:46.583,1.97675,1.97695,4.90,0.90
2008.04.16 12:02:46.854,1.97675,1.97695,3.30,1.70
2008.04.16 12:02:47.124,1.97675,1.97695,3.30,1.70
2008.04.16 12:02:47.411,1.97675,1.97695,3.30,1.70
2008.04.16 12:02:47.666,1.97675,1.97695,3.30,1.70
2008.04.16 12:02:47.917,1.97675,1.97695,3.30,1.70
2008.04.16 12:02:48.139,1.97675,1.97695,3.30,1.70
2008.04.16 12:02:48.360,1.97675,1.97695,3.30,5.70
2008.04.16 12:02:48.608,1.97675,1.97695,3.30,5.70
2008.04.16 12:02:48.862,1.97675,1.97695,3.30,5.70
2008.04.16 12:02:49.117,1.97675,1.97695,3.30,5.70
2008.04.16 12:02:49.374,1.97675,1.97695,3.30,5.70
2008.04.16 12:02:49.629,1.97675,1.97695,3.30,5.70
2008.04.16 12:02:49.879,1.97675,1.97695,3.30,5.70
2008.04.16 12:02:50.128,1.97675,1.97695,3.30,5.70
2008.04.16 12:02:50.378,1.97675,1.97695,3.30,5.70
2008.04.16 12:02:50.628,1.97675,1.97695,3.30,5.70
2008.04.16 12:02:50.864,1.97675,1.97695,3.30,5.70
2008.04.16 12:02:51.098,1.97675,1.97695,3.30,5.70
2008.04.16 12:02:51.334,1.97675,1.97695,3.30,5.70
2008.04.16 12:02:51.569,1.97675,1.97695,3.30,5.70
2008.04.16 12:02:51.843,1.97675,1.97695,3.30,5.70
2008.04.16 12:02:52.119,1.97675,1.97695,3.30,5.70
2008.04.16 12:02:52.393,1.97675,1.97695,3.30,5.70
2008.04.16 12:02:52.669,1.97675,1.97695,3.30,5.70
2008.04.16 12:02:52.924,1.9768,1.97695,0.90,4.80
2008.04.16 12:02:53.180,1.9768,1.97695,0.90,4.80
2008.04.16 12:02:53.435,1.9768,1.97695,0.90,4.80
2008.04.16 12:02:53.690,1.9768,1.97695,1.70,4.80
2008.04.16 12:02:53.943,1.9768,1.97695,1.70,4.80
2008.04.16 12:02:54.163,1.9768,1.97695,1.70,4.80
2008.04.16 12:02:54.382,1.9768,1.97695,1.70,4.80
2008.04.16 12:02:54.602,1.9768,1.97695,1.70,4.80
2008.04.16 12:02:54.821,1.9768,1.97695,1.70,4.80
2008.04.16 12:02:55.081,1.9768,1.97695,1.70,4.80
2008.04.16 12:02:55.348,1.9768,1.97695,1.70,4.80
2008.04.16 12:02:55.608,1.9768,1.97695,1.70,4.80
2008.04.16 12:02:55.868,1.9768,1.97695,1.70,4.80
2008.04.16 12:02:56.097,1.9768,1.97695,1.70,4.80
2008.04.16 12:02:56.327,1.9768,1.97695,1.70,4.80
2008.04.16 12:02:56.556,1.9768,1.97695,1.70,4.80
2008.04.16 12:02:56.797,1.9768,1.97695,1.70,4.80
2008.04.16 12:02:57.023,1.9768,1.97695,1.70,4.80
2008.04.16 12:02:57.277,1.9768,1.97695,1.70,4.80
2008.04.16 12:02:57.501,1.9768,1.97695,1.70,4.80
2008.04.16 12:02:57.725,1.9768,1.97695,1.70,4.80
2008.04.16 12:02:57.934,1.9768,1.97695,1.70,4.80
2008.04.16 12:02:58.145,1.9768,1.97695,1.70,4.80
2008.04.16 12:02:58.354,1.9768,1.97695,1.70,4.80
2008.04.16 12:02:58.600,1.9768,1.97695,1.70,4.80
2008.04.16 12:02:58.809,1.9768,1.97695,1.70,4.80
2008.04.16 12:02:59.075,1.9768,1.97695,1.70,4.80
2008.04.16 12:02:59.279,1.9768,1.97695,1.70,4.80
2008.04.16 12:02:59.514,1.9768,1.97695,1.70,4.80
2008.04.16 12:02:59.750,1.9768,1.97695,1.70,4.80
2008.04.16 12:02:59.994,1.9768,1.97695,1.70,4.80
2008.04.16 12:03:00.209,1.9768,1.97695,1.70,4.80
2008.04.16 12:03:00.425,1.9768,1.97695,1.70,4.80
2008.04.16 12:03:00.639,1.9768,1.97695,1.70,4.80
2008.04.16 12:03:00.855,1.9768,1.97695,1.70,4.80
2008.04.16 12:03:01.106,1.9768,1.97695,1.70,4.80
2008.04.16 12:03:01.356,1.9768,1.97695,1.70,4.80
2008.04.16 12:03:01.608,1.9768,1.97695,1.70,4.80
2008.04.16 12:03:01.890,1.9768,1.97695,1.70,4.80
2008.04.16 12:03:02.117,1.9768,1.97695,1.70,4.80
2008.04.16 12:03:02.378,1.97685,1.97695,0.90,4.80
2008.04.16 12:03:02.639,1.97685,1.97705,0.90,8.10
2008.04.16 12:03:02.900,1.97685,1.97705,0.90,8.10
2008.04.16 12:03:03.169,1.97685,1.97705,0.90,8.10
2008.04.16 12:03:03.435,1.97685,1.977,0.90,0.80
2008.04.16 12:03:03.639,1.97685,1.977,0.90,0.80
2008.04.16 12:03:03.873,1.97685,1.977,0.90,0.80
2008.04.16 12:03:04.104,1.97685,1.977,0.90,4.80
2008.04.16 12:03:04.332,1.97685,1.97695,0.90,0.80
2008.04.16 12:03:04.563,1.9768,1.97695,1.70,0.80
2008.04.16 12:03:04.723,1.9768,1.97695,1.70,0.80
2008.04.16 12:03:04.918,1.9768,1.97695,1.70,0.80
2008.04.16 12:03:05.224,1.9768,1.97695,1.70,0.80
2008.04.16 12:03:05.562,1.9768,1.97695,1.70,0.80
2008.04.16 12:03:05.868,1.9768,1.97695,1.70,0.80
2008.04.16 12:03:06.133,1.9768,1.97695,1.70,0.80
2008.04.16 12:03:06.338,1.9768,1.97695,1.70,0.80
2008.04.16 12:03:06.574,1.97695,1.977,0.90,4.00
2008.04.16 12:03:06.810,1.97695,1.9771,0.90,4.80
2008.04.16 12:03:07.046,1.97695,1.9771,3.30,4.80
2008.04.16 12:03:07.292,1.97695,1.9771,3.30,4.80
2008.04.16 12:03:07.538,1.97695,1.9771,3.30,4.80
2008.04.16 12:03:07.783,1.97695,1.9771,3.30,4.80
2008.04.16 12:03:08.030,1.977,1.97715,0.90,4.80
2008.04.16 12:03:08.276,1.977,1.97715,0.90,4.80
2008.04.16 12:03:08.521,1.977,1.97715,0.90,4.80
2008.04.16 12:03:08.766,1.977,1.97715,0.90,4.80
2008.04.16 12:03:09.011,1.977,1.97715,0.90,4.80
2008.04.16 12:03:09.215,1.977,1.97715,0.90,4.80
2008.04.16 12:03:09.420,1.97695,1.97715,6.50,5.70
2008.04.16 12:03:09.662,1.97695,1.97715,0.90,8.10
2008.04.16 12:03:09.898,1.97695,1.97715,0.90,8.10
2008.04.16 12:03:10.073,1.97695,1.97715,0.90,8.10
2008.04.16 12:03:10.318,1.97695,1.97715,0.90,8.10
2008.04.16 12:03:10.563,1.97695,1.97715,0.90,8.10
2008.04.16 12:03:10.842,1.97695,1.97715,0.90,8.10
2008.04.16 12:03:11.086,1.97695,1.97715,0.90,8.10
2008.04.16 12:03:11.311,1.97695,1.97715,0.90,8.10
2008.04.16 12:03:11.535,1.97695,1.97715,0.90,8.10
2008.04.16 12:03:11.759,1.97695,1.97715,0.90,8.10
2008.04.16 12:03:11.983,1.97695,1.97715,0.90,8.10
2008.04.16 12:03:12.208,1.97695,1.97715,0.90,8.10
2008.04.16 12:03:12.423,1.97695,1.97715,0.90,8.10
2008.04.16 12:03:12.638,1.97695,1.97715,0.90,8.10
2008.04.16 12:03:12.853,1.97695,1.97715,0.90,8.10
2008.04.16 12:03:13.088,1.97695,1.97715,0.90,8.10
2008.04.16 12:03:13.301,1.97695,1.97715,0.90,8.10
2008.04.16 12:03:13.545,1.97695,1.97715,0.90,8.10
2008.04.16 12:03:13.789,1.97695,1.97715,0.90,8.10
2008.04.16 12:03:14.035,1.97695,1.97715,0.90,8.10
2008.04.16 12:03:14.279,1.97695,1.97715,0.90,8.10
2008.04.16 12:03:14.524,1.97695,1.97715,0.90,8.10
2008.04.16 12:03:14.800,1.97695,1.97715,0.90,8.10
2008.04.16 12:03:15.045,1.97695,1.97715,0.90,8.10
2008.04.16 12:03:15.290,1.97695,1.97715,0.90,8.10
2008.04.16 12:03:15.504,1.97695,1.97715,0.90,8.10
2008.04.16 12:03:15.718,1.97695,1.97715,0.90,8.10
2008.04.16 12:03:15.933,1.977,1.97715,0.90,7.20
2008.04.16 12:03:16.160,1.977,1.97715,0.90,4.80
2008.04.16 12:03:16.373,1.977,1.97715,0.90,4.80
2008.04.16 12:03:16.603,1.977,1.97715,0.90,4.80
2008.04.16 12:03:16.833,1.977,1.97715,0.90,4.80
2008.04.16 12:03:17.063,1.977,1.97715,0.90,4.80
2008.04.16 12:03:17.316,1.977,1.97715,0.90,4.80
2008.04.16 12:03:17.570,1.977,1.97715,0.90,4.80
2008.04.16 12:03:17.825,1.977,1.97715,0.90,4.80
2008.04.16 12:03:18.080,1.977,1.97715,0.90,4.80
2008.04.16 12:03:18.366,1.977,1.97715,0.90,4.80
2008.04.16 12:03:18.576,1.977,1.97715,0.90,4.80
2008.04.16 12:03:18.786,1.977,1.97715,0.90,4.80
2008.04.16 12:03:18.995,1.977,1.97715,0.90,4.80
2008.04.16 12:03:19.237,1.977,1.97715,0.90,4.80
2008.04.16 12:03:19.524,1.977,1.97715,0.90,4.80
2008.04.16 12:03:19.746,1.977,1.9771,0.90,0.80
2008.04.16 12:03:20.001,1.977,1.9771,0.90,0.80
2008.04.16 12:03:20.255,1.977,1.9771,0.90,0.80
2008.04.16 12:03:20.511,1.977,1.9771,0.90,0.80
2008.04.16 12:03:20.721,1.977,1.9771,0.90,0.80
2008.04.16 12:03:20.953,1.977,1.9771,0.90,4.80
2008.04.16 12:03:21.162,1.977,1.9771,0.90,4.80
2008.04.16 12:03:21.372,1.977,1.9771,0.90,4.80
2008.04.16 12:03:21.613,1.977,1.9771,0.90,4.80
2008.04.16 12:03:21.853,1.977,1.9771,0.90,4.80
2008.04.16 12:03:22.115,1.977,1.9771,0.90,4.80
2008.04.16 12:03:22.390,1.977,1.9771,0.90,4.80
2008.04.16 12:03:22.677,1.97695,1.9771,4.90,4.80
2008.04.16 12:03:22.934,1.97695,1.9771,3.30,4.80
2008.04.16 12:03:23.189,1.97695,1.9771,3.30,4.80
2008.04.16 12:03:23.444,1.97695,1.9771,3.30,4.80
2008.04.16 12:03:23.689,1.97695,1.9771,3.30,4.80
2008.04.16 12:03:23.935,1.97695,1.9771,3.30,4.80
2008.04.16 12:03:24.181,1.97695,1.9771,3.30,0.80
2008.04.16 12:03:24.432,1.97695,1.9771,3.30,0.80
2008.04.16 12:03:24.678,1.97695,1.9771,3.30,0.80
2008.04.16 12:03:24.936,1.97695,1.9771,3.30,0.80
2008.04.16 12:03:25.207,1.97695,1.9771,3.30,0.80
2008.04.16 12:03:25.399,1.97695,1.9771,3.30,0.80
2008.04.16 12:03:25.666,1.97695,1.97705,2.40,0.90
2008.04.16 12:03:25.931,1.9769,1.977,0.80,0.80
2008.04.16 12:03:26.198,1.97685,1.977,3.30,0.80
2008.04.16 12:03:26.463,1.97685,1.977,2.40,1.80
2008.04.16 12:03:26.695,1.9768,1.97695,1.70,0.80
2008.04.16 12:03:26.925,1.9768,1.97695,1.70,0.80
2008.04.16 12:03:27.154,1.9768,1.97695,1.70,0.80
2008.04.16 12:03:27.409,1.9768,1.97695,1.70,0.80
2008.04.16 12:03:27.670,1.9768,1.97695,1.70,0.80
2008.04.16 12:03:27.855,1.9768,1.97695,1.70,0.80
2008.04.16 12:03:28.071,1.9768,1.97695,1.70,0.80
2008.04.16 12:03:28.290,1.9768,1.97695,1.70,0.80
2008.04.16 12:03:28.506,1.9768,1.97695,1.70,0.80
2008.04.16 12:03:28.759,1.9768,1.97695,1.70,0.80
2008.04.16 12:03:29.010,1.9768,1.97695,1.70,0.80
2008.04.16 12:03:29.294,1.9768,1.97695,1.70,0.80
2008.04.16 12:03:29.541,1.9768,1.97695,1.70,0.80
2008.04.16 12:03:29.778,1.9768,1.97695,1.70,0.80
2008.04.16 12:03:30.013,1.9768,1.97695,1.70,0.80
2008.04.16 12:03:30.250,1.9768,1.97695,1.70,0.80
2008.04.16 12:03:30.485,1.9768,1.97695,1.70,0.80
2008.04.16 12:03:30.720,1.9768,1.97695,1.70,0.80
2008.04.16 12:03:30.955,1.9768,1.977,1.70,1.00
2008.04.16 12:03:31.190,1.9768,1.977,1.70,1.00
2008.04.16 12:03:31.444,1.9768,1.977,1.70,1.00
2008.04.16 12:03:31.710,1.9768,1.977,1.70,1.00
2008.04.16 12:03:31.938,1.9768,1.977,1.70,1.00
2008.04.16 12:03:32.203,1.9768,1.977,1.70,1.00
2008.04.16 12:03:32.462,1.9768,1.977,1.70,1.00
2008.04.16 12:03:32.756,1.9768,1.977,1.70,1.00
2008.04.16 12:03:33.020,1.9768,1.977,1.70,1.00
2008.04.16 12:03:33.215,1.9768,1.977,1.70,1.00
2008.04.16 12:03:33.445,1.9768,1.977,1.70,1.00
2008.04.16 12:03:33.675,1.9768,1.977,1.70,1.00
2008.04.16 12:03:33.910,1.9768,1.977,1.70,1.00
2008.04.16 12:03:34.145,1.9768,1.977,1.70,1.00
2008.04.16 12:03:34.380,1.9768,1.977,1.70,1.00
2008.04.16 12:03:34.614,1.9768,1.977,1.70,1.00
2008.04.16 12:03:34.830,1.9768,1.977,1.70,1.00
2008.04.16 12:03:35.065,1.9768,1.977,1.70,1.00
2008.04.16 12:03:35.279,1.9768,1.977,1.70,1.00
2008.04.16 12:03:35.493,1.9768,1.977,1.70,1.00
2008.04.16 12:03:35.707,1.9768,1.977,1.70,1.00
2008.04.16 12:03:35.942,1.9768,1.977,1.70,1.00
2008.04.16 12:03:36.176,1.9768,1.977,1.70,1.00
2008.04.16 12:03:36.410,1.9768,1.977,1.70,1.00
2008.04.16 12:03:36.644,1.9768,1.977,1.70,1.00
2008.04.16 12:03:36.879,1.9768,1.977,1.70,1.00
2008.04.16 12:03:37.124,1.9768,1.977,1.70,1.00
2008.04.16 12:03:37.349,1.9768,1.977,1.70,1.00
2008.04.16 12:03:37.585,1.9768,1.977,1.70,1.00
2008.04.16 12:03:37.821,1.9768,1.977,1.70,1.00
2008.04.16 12:03:38.095,1.9768,1.977,1.70,1.00
2008.04.16 12:03:38.371,1.9768,1.977,1.70,1.00
2008.04.16 12:03:38.677,1.9768,1.977,1.70,1.00
2008.04.16 12:03:38.950,1.9768,1.977,1.70,1.00
2008.04.16 12:03:39.155,1.9768,1.977,1.70,1.00
2008.04.16 12:03:39.360,1.9768,1.977,1.70,1.00
2008.04.16 12:03:39.564,1.9768,1.977,1.70,1.00
2008.04.16 12:03:39.795,1.9768,1.977,1.70,1.00
2008.04.16 12:03:40.138,1.9768,1.977,1.70,1.00
2008.04.16 12:03:40.447,1.9768,1.977,1.70,1.00
2008.04.16 12:03:40.773,1.9768,1.977,1.70,1.00
2008.04.16 12:03:40.980,1.9768,1.977,1.70,1.00
2008.04.16 12:03:41.184,1.9768,1.977,1.70,1.00
2008.04.16 12:03:41.390,1.9768,1.977,1.70,1.00
2008.04.16 12:03:41.629,1.9768,1.977,1.70,1.00
2008.04.16 12:03:41.864,1.9768,1.977,1.70,1.00
2008.04.16 12:03:42.087,1.9768,1.977,1.70,1.00
2008.04.16 12:03:42.356,1.9768,1.977,1.70,1.00
2008.04.16 12:03:42.609,1.9768,1.977,1.70,1.00
2008.04.16 12:03:42.865,1.9768,1.977,1.70,1.00
2008.04.16 12:03:43.115,1.9768,1.977,1.70,1.00
2008.04.16 12:03:43.341,1.9768,1.977,1.70,1.00
2008.04.16 12:03:43.571,1.9768,1.977,1.70,1.00
2008.04.16 12:03:43.793,1.9768,1.977,1.70,1.00
2008.04.16 12:03:44.019,1.9768,1.977,1.70,1.00
2008.04.16 12:03:44.274,1.9768,1.977,1.70,1.00
2008.04.16 12:03:44.529,1.9768,1.977,1.70,1.00
2008.04.16 12:03:44.824,1.9768,1.977,1.70,1.00
2008.04.16 12:03:45.111,1.9768,1.977,1.70,1.00
2008.04.16 12:03:45.320,1.9768,1.977,1.70,1.00
2008.04.16 12:03:45.531,1.9768,1.977,1.70,1.00
2008.04.16 12:03:45.740,1.9768,1.977,1.70,1.00
2008.04.16 12:03:45.950,1.9768,1.977,1.70,1.00
2008.04.16 12:03:46.205,1.9768,1.977,1.70,1.00
2008.04.16 12:03:46.459,1.9768,1.977,1.70,1.00
2008.04.16 12:03:46.713,1.9768,1.977,1.70,1.00
2008.04.16 12:03:46.967,1.9768,1.977,1.70,1.00
2008.04.16 12:03:47.168,1.9768,1.977,1.70,1.00
2008.04.16 12:03:47.367,1.9768,1.977,1.70,1.00
2008.04.16 12:03:47.597,1.9768,1.977,1.70,1.00
2008.04.16 12:03:47.797,1.9768,1.977,1.70,1.00
2008.04.16 12:03:47.997,1.9768,1.977,1.70,1.00
2008.04.16 12:03:48.247,1.9768,1.977,1.70,1.00
2008.04.16 12:03:48.499,1.9768,1.977,1.70,1.00
2008.04.16 12:03:48.748,1.9768,1.977,1.70,1.00
2008.04.16 12:03:48.998,1.9768,1.977,1.70,1.00
2008.04.16 12:03:49.230,1.9768,1.977,1.70,1.00
2008.04.16 12:03:49.431,1.9768,1.977,1.70,1.00
2008.04.16 12:03:49.630,1.9768,1.977,1.70,1.00
2008.04.16 12:03:49.830,1.9768,1.977,1.70,1.00
2008.04.16 12:03:50.030,1.9768,1.977,1.70,1.00
2008.04.16 12:03:50.294,1.9768,1.977,1.70,1.00
2008.04.16 12:03:50.559,1.9768,1.977,1.70,1.00
2008.04.16 12:03:50.826,1.9768,1.9769,0.90,0.08
2008.04.16 12:03:51.091,1.9768,1.9769,0.90,0.08
2008.04.16 12:03:51.286,1.9768,1.9769,0.90,0.08
2008.04.16 12:03:51.482,1.9768,1.9769,0.90,0.08
2008.04.16 12:03:51.676,1.9768,1.9769,0.90,0.08
2008.04.16 12:03:51.873,1.9768,1.9769,0.90,0.08
2008.04.16 12:03:52.075,1.9768,1.9769,0.90,0.08
2008.04.16 12:03:52.356,1.9768,1.9769,0.90,0.08
2008.04.16 12:03:52.661,1.9768,1.9769,0.90,0.08
2008.04.16 12:03:52.899,1.9768,1.9769,0.90,0.08
2008.04.16 12:03:53.170,1.9768,1.9769,0.90,0.08
2008.04.16 12:03:53.400,1.9768,1.9769,0.90,0.08
2008.04.16 12:03:53.599,1.9768,1.9769,0.90,0.08
2008.04.16 12:03:53.799,1.9768,1.9769,0.90,0.08
2008.04.16 12:03:54.002,1.9768,1.9769,0.90,0.08
2008.04.16 12:03:54.202,1.9768,1.9769,0.90,0.08
2008.04.16 12:03:54.436,1.9768,1.9769,0.90,0.08
2008.04.16 12:03:54.703,1.9768,1.9769,0.90,0.08
2008.04.16 12:03:54.940,1.9768,1.9769,0.90,0.08
2008.04.16 12:03:55.176,1.9768,1.9769,0.90,0.08
2008.04.16 12:03:55.410,1.9768,1.9769,0.90,0.08
2008.04.16 12:03:55.639,1.9768,1.9769,0.90,0.08
2008.04.16 12:03:55.868,1.9768,1.9769,0.90,0.08
2008.04.16 12:03:56.098,1.9768,1.9769,0.90,0.08
2008.04.16 12:03:56.328,1.9768,1.9769,0.90,0.08
2008.04.16 12:03:56.554,1.9768,1.9769,0.90,0.08
2008.04.16 12:03:56.811,1.9768,1.9769,0.90,0.08
2008.04.16 12:03:57.004,1.9768,1.9769,0.90,0.08
2008.04.16 12:03:57.228,1.9768,1.9769,0.90,0.08
2008.04.16 12:03:57.485,1.9768,1.9769,0.90,0.08
2008.04.16 12:03:57.687,1.9768,1.9769,0.90,0.08
2008.04.16 12:03:57.922,1.9768,1.9769,0.90,0.08
2008.04.16 12:03:58.180,1.9768,1.9769,0.90,0.08
2008.04.16 12:03:58.448,1.9768,1.9769,0.90,0.08
2008.04.16 12:03:58.650,1.9768,1.9769,0.90,0.08
2008.04.16 12:03:58.850,1.9768,1.9769,0.90,0.08
2008.04.16 12:03:59.050,1.9768,1.9769,0.90,0.08
2008.04.16 12:03:59.250,1.9768,1.9769,0.90,0.08
2008.04.16 12:03:59.450,1.9768,1.9769,0.90,0.08
2008.04.16 12:03:59.706,1.9768,1.9769,0.90,0.08
2008.04.16 12:03:59.994,1.9768,1.9769,0.90,0.08
2008.04.16 12:04:00.249,1.9768,1.9769,0.90,0.08
2008.04.16 12:04:00.505,1.9768,1.9769,0.90,0.08
2008.04.16 12:04:00.715,1.9768,1.9769,0.90,0.08
2008.04.16 12:04:00.924,1.9768,1.9769,0.90,0.08
2008.04.16 12:04:01.134,1.9768,1.9769,0.90,0.08
2008.04.16 12:04:01.345,1.9768,1.9769,0.90,0.08
2008.04.16 12:04:01.555,1.9768,1.9769,0.90,0.08
2008.04.16 12:04:01.869,1.9768,1.9769,0.90,0.08
2008.04.16 12:04:02.185,1.9768,1.9769,0.90,0.08
2008.04.16 12:04:02.501,1.9768,1.9769,0.90,0.08
2008.04.16 12:04:02.701,1.9768,1.9769,0.90,0.08
2008.04.16 12:04:02.902,1.9768,1.9769,0.90,0.08
2008.04.16 12:04:03.132,1.9768,1.9769,0.90,0.08
2008.04.16 12:04:03.303,1.9768,1.9769,0.90,0.08
2008.04.16 12:04:03.503,1.9768,1.9769,0.90,0.08
2008.04.16 12:04:03.789,1.9768,1.9769,0.90,0.08
2008.04.16 12:04:04.043,1.9768,1.9769,0.90,0.08
2008.04.16 12:04:04.301,1.9768,1.9769,0.90,0.08
2008.04.16 12:04:04.554,1.9768,1.9769,0.90,0.08
2008.04.16 12:04:04.785,1.9768,1.9769,0.90,0.08
2008.04.16 12:04:04.986,1.9768,1.9769,0.90,0.08
2008.04.16 12:04:05.187,1.9768,1.9769,0.90,0.08
2008.04.16 12:04:05.388,1.9768,1.9769,0.90,0.08
2008.04.16 12:04:05.596,1.9768,1.9769,0.90,0.08
2008.04.16 12:04:05.852,1.9768,1.9769,0.90,0.08
2008.04.16 12:04:06.106,1.9768,1.9769,0.90,0.08
2008.04.16 12:04:06.361,1.9768,1.9769,0.90,0.08
2008.04.16 12:04:06.621,1.9768,1.9769,0.90,0.08
2008.04.16 12:04:06.831,1.9768,1.9769,0.90,0.08
2008.04.16 12:04:07.046,1.9768,1.9769,0.90,0.08
2008.04.16 12:04:07.254,1.9768,1.9769,0.90,0.08
2008.04.16 12:04:07.464,1.9768,1.9769,0.90,0.08
2008.04.16 12:04:07.694,1.9768,1.9769,0.90,0.08
2008.04.16 12:04:07.939,1.9768,1.9769,0.90,0.08
2008.04.16 12:04:08.187,1.9768,1.9769,0.90,0.08
2008.04.16 12:04:08.476,1.9768,1.9769,0.90,0.08
2008.04.16 12:04:08.721,1.9768,1.9769,0.90,0.08
2008.04.16 12:04:08.925,1.9768,1.9769,0.90,0.08
2008.04.16 12:04:09.157,1.9768,1.9769,0.90,0.08
2008.04.16 12:04:09.363,1.9768,1.9769,0.90,0.08
2008.04.16 12:04:09.568,1.9768,1.9769,0.90,0.08
2008.04.16 12:04:09.802,1.9768,1.9769,0.90,0.08
2008.04.16 12:04:10.004,1.9768,1.9769,0.90,0.08
2008.04.16 12:04:10.238,1.9768,1.9769,0.90,0.08
2008.04.16 12:04:10.504,1.9768,1.9769,0.90,0.08
2008.04.16 12:04:10.738,1.9768,1.9769,0.90,0.08
2008.04.16 12:04:10.927,1.9768,1.9769,0.90,0.08
2008.04.16 12:04:11.118,1.9768,1.9769,0.90,0.08
2008.04.16 12:04:11.308,1.9768,1.9769,0.90,0.08
2008.04.16 12:04:11.496,1.9768,1.9769,0.90,0.08
2008.04.16 12:04:11.685,1.9768,1.9769,0.90,0.08
2008.04.16 12:04:11.931,1.9768,1.9769,0.90,0.08
2008.04.16 12:04:12.175,1.9768,1.9769,0.90,0.08
2008.04.16 12:04:12.472,1.9768,1.9769,0.90,0.08
2008.04.16 12:04:12.665,1.97675,1.9769,4.90,0.08
2008.04.16 12:04:12.910,1.97675,1.9769,3.30,0.08
2008.04.16 12:04:13.151,1.97675,1.9769,3.30,0.08
2008.04.16 12:04:13.361,1.97675,1.9769,3.30,0.08
2008.04.16 12:04:13.571,1.97675,1.9769,3.30,0.08
2008.04.16 12:04:13.780,1.97675,1.9769,3.30,0.08
2008.04.16 12:04:13.996,1.97675,1.9769,3.30,0.08
2008.04.16 12:04:14.210,1.97675,1.9769,3.30,0.08
2008.04.16 12:04:14.425,1.97675,1.9769,3.30,0.08
2008.04.16 12:04:14.640,1.97675,1.9769,3.30,0.08
2008.04.16 12:04:14.856,1.97675,1.9769,3.30,0.08
2008.04.16 12:04:15.127,1.97675,1.9768,2.40,0.08
2008.04.16 12:04:15.427,1.97675,1.9768,2.40,0.08
2008.04.16 12:04:15.732,1.97675,1.9768,0.90,0.08
2008.04.16 12:04:15.968,1.97675,1.9768,3.30,0.08
2008.04.16 12:04:16.184,1.97675,1.9769,3.30,0.08
2008.04.16 12:04:16.435,1.97675,1.9769,3.30,0.08
2008.04.16 12:04:16.651,1.97675,1.9769,3.30,0.08
2008.04.16 12:04:16.868,1.97675,1.9769,3.30,0.08
2008.04.16 12:04:17.183,1.97675,1.9769,3.30,0.08
2008.04.16 12:04:17.498,1.97675,1.9769,3.30,0.08
2008.04.16 12:04:17.814,1.97675,1.9769,3.30,0.08
2008.04.16 12:04:18.023,1.97675,1.9769,3.30,0.08
2008.04.16 12:04:18.203,1.97675,1.9769,3.30,0.08
2008.04.16 12:04:18.384,1.97675,1.9769,3.30,0.08
2008.04.16 12:04:18.564,1.97675,1.9769,3.30,0.08
2008.04.16 12:04:18.743,1.97675,1.9769,3.30,0.08
2008.04.16 12:04:18.923,1.97675,1.9769,3.30,0.08
2008.04.16 12:04:19.209,1.97675,1.9769,3.30,0.08
2008.04.16 12:04:19.494,1.97675,1.9769,3.30,0.08
2008.04.16 12:04:19.779,1.97675,1.9769,3.30,0.08
2008.04.16 12:04:20.065,1.97675,1.9769,3.30,0.08
2008.04.16 12:04:20.265,1.97675,1.9769,3.30,0.08
2008.04.16 12:04:20.465,1.97675,1.9769,3.30,0.08
2008.04.16 12:04:20.695,1.97675,1.9769,3.30,0.08
2008.04.16 12:04:20.895,1.97675,1.9769,3.30,0.08
2008.04.16 12:04:21.138,1.97675,1.9769,3.30,0.08
2008.04.16 12:04:21.410,1.97675,1.9769,3.30,0.08
2008.04.16 12:04:23.022,1.97675,1.97685,3.30,2.30
2008.04.16 12:04:23.159,1.9767,1.9768,1.30,0.08
2008.04.16 12:04:23.253,1.97675,1.9768,2.40,0.08
2008.04.16 12:04:23.378,1.97675,1.9768,2.40,0.08
2008.04.16 12:04:23.502,1.97675,1.9768,3.30,0.08
2008.04.16 12:04:23.617,1.97675,1.9768,3.30,0.08
2008.04.16 12:04:23.711,1.97675,1.9768,3.30,0.08
2008.04.16 12:04:23.806,1.97675,1.9768,3.30,0.08
2008.04.16 12:04:23.932,1.97675,1.9768,3.30,0.08
2008.04.16 12:04:24.059,1.97675,1.9768,2.40,0.08
2008.04.16 12:04:24.363,1.97675,1.9768,2.40,0.08
2008.04.16 12:04:24.698,1.9767,1.9768,1.20,0.08
2008.04.16 12:04:25.035,1.9767,1.9768,1.10,0.08
2008.04.16 12:04:25.372,1.9767,1.9768,1.10,0.08
2008.04.16 12:04:25.609,1.9767,1.9768,1.10,0.08
2008.04.16 12:04:25.850,1.9767,1.97675,1.10,2.40
2008.04.16 12:04:26.087,1.9767,1.97675,1.10,2.40
2008.04.16 12:04:26.364,1.9767,1.9768,1.10,0.08
2008.04.16 12:04:26.638,1.9767,1.9768,1.10,0.08
2008.04.16 12:04:26.913,1.9767,1.9768,1.90,0.08
2008.04.16 12:04:27.191,1.97675,1.9768,0.90,0.08
2008.04.16 12:04:27.475,1.97675,1.9768,0.90,0.08
2008.04.16 12:04:27.741,1.9767,1.97675,1.10,2.40
2008.04.16 12:04:28.005,1.9767,1.97675,1.10,2.40
2008.04.16 12:04:28.299,1.9767,1.9768,1.10,0.08
2008.04.16 12:04:28.569,1.97675,1.9768,0.90,0.08
2008.04.16 12:04:28.840,1.97675,1.9768,0.90,0.08
2008.04.16 12:04:29.072,1.97675,1.9768,0.90,0.08
2008.04.16 12:04:29.305,1.97675,1.9768,0.90,0.08
2008.04.16 12:04:29.592,1.97675,1.9768,0.90,0.08
2008.04.16 12:04:29.885,1.97675,1.9768,0.90,0.08
2008.04.16 12:04:30.172,1.9767,1.9768,2.80,0.08
2008.04.16 12:04:30.430,1.9767,1.9768,1.20,0.08
2008.04.16 12:04:30.664,1.97675,1.9768,0.90,0.08
2008.04.16 12:04:30.899,1.97675,1.9768,0.90,0.08
2008.04.16 12:04:31.134,1.97675,1.9768,0.90,0.08
2008.04.16 12:04:31.369,1.97675,1.97685,0.90,2.40
2008.04.16 12:04:31.614,1.97675,1.97685,0.90,2.40
2008.04.16 12:04:31.858,1.97675,1.97685,0.90,2.40
2008.04.16 12:04:32.104,1.97675,1.97685,0.90,2.40
2008.04.16 12:04:32.358,1.97675,1.97685,0.90,2.40
2008.04.16 12:04:32.608,1.97675,1.97685,0.90,2.40
2008.04.16 12:04:32.823,1.97675,1.97685,0.90,2.40
2008.04.16 12:04:33.038,1.97675,1.97685,0.90,2.40
2008.04.16 12:04:33.253,1.97675,1.97685,0.90,2.40
2008.04.16 12:04:33.468,1.97675,1.97685,0.90,2.40
2008.04.16 12:04:33.754,1.97675,1.97685,0.90,2.40
2008.04.16 12:04:34.041,1.97675,1.97685,0.90,2.40
2008.04.16 12:04:34.326,1.97675,1.97685,0.90,2.40
2008.04.16 12:04:34.638,1.97675,1.97685,0.90,2.40
2008.04.16 12:04:34.877,1.97675,1.97685,0.90,2.40
2008.04.16 12:04:35.112,1.97675,1.97685,0.90,2.40
2008.04.16 12:04:35.348,1.97675,1.97685,0.90,2.40
2008.04.16 12:04:35.585,1.97675,1.97685,0.90,2.40
2008.04.16 12:04:35.822,1.97675,1.97685,0.90,2.40
2008.04.16 12:04:36.085,1.97675,1.97685,0.90,2.40
2008.04.16 12:04:36.346,1.97675,1.97685,0.90,2.40
2008.04.16 12:04:36.582,1.97675,1.97685,0.90,2.40
2008.04.16 12:04:36.851,1.97675,1.97685,0.90,2.40
2008.04.16 12:04:37.121,1.97675,1.97685,0.90,2.40
2008.04.16 12:04:37.391,1.97675,1.97685,0.90,2.40
2008.04.16 12:04:37.661,1.97675,1.97685,0.90,2.40
2008.04.16 12:04:37.917,1.97675,1.97685,0.90,2.40
2008.04.16 12:04:38.198,1.97675,1.97685,0.90,2.40
2008.04.16 12:04:38.452,1.97675,1.97685,0.90,2.40
2008.04.16 12:04:38.709,1.97675,1.9768,2.40,0.08
2008.04.16 12:04:38.930,1.97675,1.9768,2.40,0.08
2008.04.16 12:04:39.150,1.97675,1.9768,3.30,0.08
2008.04.16 12:04:39.403,1.97675,1.9768,0.90,0.08
2008.04.16 12:04:39.624,1.97675,1.9768,0.90,0.08
2008.04.16 12:04:39.890,1.97675,1.9769,0.90,0.08
2008.04.16 12:04:40.156,1.97675,1.9769,3.30,0.08
2008.04.16 12:04:40.423,1.97675,1.9768,3.30,0.08
2008.04.16 12:04:40.722,1.97675,1.9768,3.30,0.08
2008.04.16 12:04:40.997,1.97675,1.9769,3.30,0.08
2008.04.16 12:04:41.277,1.97685,1.97695,0.90,2.40
2008.04.16 12:04:41.552,1.97685,1.977,3.30,0.08
2008.04.16 12:04:41.861,1.97685,1.9769,2.40,0.08
2008.04.16 12:04:42.143,1.9768,1.9769,0.90,0.08
2008.04.16 12:04:42.395,1.9768,1.9769,0.90,0.08
2008.04.16 12:04:42.645,1.9768,1.9769,0.90,0.08
2008.04.16 12:04:42.897,1.9768,1.9769,0.90,0.08
2008.04.16 12:04:43.118,1.9768,1.9769,0.90,0.08
2008.04.16 12:04:43.367,1.9768,1.9769,0.90,0.08
2008.04.16 12:04:43.584,1.9768,1.9769,0.90,0.08
2008.04.16 12:04:43.798,1.9768,1.9769,0.90,0.08
2008.04.16 12:04:44.014,1.9768,1.9769,0.90,0.08
2008.04.16 12:04:44.269,1.9768,1.9769,0.90,0.08
2008.04.16 12:04:44.524,1.9768,1.9769,0.90,0.08
2008.04.16 12:04:44.779,1.9768,1.9769,0.90,0.08
2008.04.16 12:04:45.034,1.9768,1.9769,0.90,0.08
2008.04.16 12:04:45.270,1.97685,1.9769,0.90,0.08
2008.04.16 12:04:45.505,1.97685,1.9769,0.90,0.08
2008.04.16 12:04:45.751,1.97675,1.9769,0.90,0.08
2008.04.16 12:04:46.018,1.97675,1.9769,0.90,0.08
2008.04.16 12:04:46.276,1.9768,1.9769,0.90,0.08
2008.04.16 12:04:46.534,1.9768,1.9769,0.90,0.08
2008.04.16 12:04:46.791,1.9768,1.9769,0.90,0.08
2008.04.16 12:04:47.064,1.9768,1.9769,0.90,0.08
2008.04.16 12:04:47.320,1.9768,1.9769,0.90,0.08
2008.04.16 12:04:47.575,1.9768,1.9769,0.90,0.08
2008.04.16 12:04:47.830,1.9768,1.9769,0.90,0.08
2008.04.16 12:04:48.084,1.9768,1.9769,0.90,0.08
2008.04.16 12:04:48.300,1.9768,1.9769,0.90,0.08
2008.04.16 12:04:48.515,1.9768,1.9769,0.90,0.08
2008.04.16 12:04:48.731,1.9768,1.9769,0.90,0.08
2008.04.16 12:04:48.945,1.9768,1.9769,0.90,0.08
2008.04.16 12:04:49.161,1.9768,1.9769,0.90,0.08
2008.04.16 12:04:49.408,1.9768,1.9769,0.90,0.08
2008.04.16 12:04:49.677,1.97675,1.9769,4.90,0.08
2008.04.16 12:04:49.954,1.97675,1.9769,3.30,0.08
2008.04.16 12:04:50.236,1.97675,1.9768,2.40,0.08
2008.04.16 12:04:50.540,1.9767,1.9768,1.10,0.08
2008.04.16 12:04:50.836,1.9767,1.9768,0.90,0.08
2008.04.16 12:04:51.102,1.9767,1.9768,0.90,0.08
2008.04.16 12:04:51.297,1.9767,1.9768,0.90,0.08
2008.04.16 12:04:51.492,1.9767,1.9768,0.90,0.08
2008.04.16 12:04:51.689,1.9767,1.9768,0.90,0.08
2008.04.16 12:04:51.897,1.97675,1.9769,0.90,0.08
2008.04.16 12:04:52.124,1.97675,1.9769,3.30,0.08
2008.04.16 12:04:52.436,1.97675,1.9769,3.30,0.08
2008.04.16 12:04:52.762,1.97675,1.9769,3.30,0.08
2008.04.16 12:04:53.027,1.97675,1.9769,3.30,0.08
2008.04.16 12:04:53.349,1.97675,1.9769,3.30,0.08
2008.04.16 12:04:53.582,1.97675,1.9769,3.30,0.08
2008.04.16 12:04:53.824,1.97675,1.9769,3.30,0.08
2008.04.16 12:04:53.993,1.97675,1.9769,3.30,0.08
2008.04.16 12:04:54.198,1.97675,1.9769,3.30,0.08
2008.04.16 12:04:54.480,1.97675,1.9769,3.30,0.08
2008.04.16 12:04:54.760,1.97675,1.9768,2.40,0.08
2008.04.16 12:04:55.040,1.9767,1.9768,0.90,0.08
2008.04.16 12:04:55.321,1.9767,1.9768,0.90,0.08
2008.04.16 12:04:55.546,1.9767,1.9768,0.90,0.08
2008.04.16 12:04:55.804,1.9767,1.9768,0.90,0.08
2008.04.16 12:04:56.030,1.9767,1.9768,0.90,0.08
2008.04.16 12:04:56.254,1.9767,1.9768,0.90,0.08
2008.04.16 12:04:56.470,1.9767,1.9768,0.90,0.08
2008.04.16 12:04:56.715,1.9767,1.9768,0.90,0.08
2008.04.16 12:04:56.929,1.9767,1.9768,0.90,0.08
2008.04.16 12:04:57.144,1.9767,1.9768,0.90,0.08
2008.04.16 12:04:57.369,1.9767,1.9768,0.90,0.08
2008.04.16 12:04:57.611,1.9767,1.9768,0.90,0.08
2008.04.16 12:04:57.853,1.9767,1.9768,0.90,0.08
2008.04.16 12:04:58.096,1.97665,1.9768,4.90,0.08
2008.04.16 12:04:58.338,1.97665,1.9768,3.30,0.08
2008.04.16 12:04:58.578,1.97665,1.9768,3.30,0.08
2008.04.16 12:04:58.840,1.9767,1.9768,0.90,0.08
2008.04.16 12:04:59.081,1.9767,1.9768,0.90,0.08
2008.04.16 12:04:59.354,1.9767,1.9768,0.90,0.08
2008.04.16 12:04:59.587,1.9767,1.9768,0.90,0.08
2008.04.16 12:04:59.839,1.9767,1.9768,0.90,0.08
2008.04.16 12:05:00.095,1.9767,1.9768,0.90,0.08
2008.04.16 12:05:00.354,1.9767,1.9768,0.90,0.08
2008.04.16 12:05:00.664,1.9767,1.9768,0.90,0.08
2008.04.16 12:05:01.985,1.9767,1.9768,0.90,0.08
2008.04.16 12:05:02.279,1.9767,1.9768,0.90,0.08
2008.04.16 12:05:02.395,1.9767,1.9768,0.90,0.08
2008.04.16 12:05:02.474,1.9767,1.9768,0.90,0.08
2008.04.16 12:05:02.556,1.9767,1.9768,0.90,0.08
2008.04.16 12:05:02.670,1.9767,1.9768,0.90,0.08
2008.04.16 12:05:02.716,1.9767,1.9768,0.90,0.08
2008.04.16 12:05:02.821,1.9767,1.9768,0.90,0.08
2008.04.16 12:05:02.900,1.9767,1.9768,0.90,0.08
2008.04.16 12:05:02.998,1.9767,1.9768,0.90,0.08
2008.04.16 12:05:03.332,1.9767,1.9768,0.90,0.08
2008.04.16 12:05:03.668,1.9767,1.9768,0.90,0.08
2008.04.16 12:05:04.041,1.9767,1.9768,0.90,0.08
2008.04.16 12:05:04.187,1.9767,1.9768,0.90,0.08
2008.04.16 12:05:04.373,1.9767,1.9768,0.90,0.08
2008.04.16 12:05:04.557,1.9767,1.9768,0.90,0.08
2008.04.16 12:05:04.742,1.9767,1.9768,0.90,0.08
2008.04.16 12:05:04.927,1.9767,1.9768,0.90,0.08
2008.04.16 12:05:05.143,1.9767,1.9768,0.90,0.08
2008.04.16 12:05:05.452,1.9767,1.9768,0.90,0.08
2008.04.16 12:05:05.762,1.9767,1.9768,0.90,0.08
2008.04.16 12:05:06.073,1.9767,1.9768,0.90,0.08
2008.04.16 12:05:06.272,1.9767,1.9768,0.90,0.08
2008.04.16 12:05:06.472,1.9767,1.9768,0.90,0.08
2008.04.16 12:05:06.672,1.9767,1.9768,0.90,0.08
2008.04.16 12:05:06.872,1.9767,1.9768,0.90,0.08
2008.04.16 12:05:07.072,1.9767,1.9768,0.90,0.08
2008.04.16 12:05:07.327,1.9767,1.9768,0.90,0.08
2008.04.16 12:05:07.582,1.9767,1.9768,0.90,0.08
2008.04.16 12:05:07.838,1.9767,1.9768,0.90,0.08
2008.04.16 12:05:08.093,1.9767,1.9768,0.90,0.08
2008.04.16 12:05:08.373,1.9767,1.9768,0.90,0.08
2008.04.16 12:05:08.653,1.9767,1.9768,0.90,0.08
2008.04.16 12:05:08.933,1.9767,1.9768,0.90,0.08
2008.04.16 12:05:09.213,1.9767,1.9768,0.90,0.08
2008.04.16 12:05:09.447,1.9767,1.9768,0.90,0.08
2008.04.16 12:05:09.614,1.9767,1.9768,0.90,0.08
2008.04.16 12:05:09.813,1.9767,1.9768,0.90,0.08
2008.04.16 12:05:10.012,1.9767,1.9768,0.90,0.08
2008.04.16 12:05:10.210,1.9767,1.9768,0.90,0.08
2008.04.16 12:05:10.436,1.9767,1.9768,0.90,0.08
2008.04.16 12:05:10.667,1.97675,1.9768,0.90,0.08
2008.04.16 12:05:10.892,1.97675,1.9768,3.30,0.08
2008.04.16 12:05:11.117,1.97675,1.9768,3.30,0.08
2008.04.16 12:05:11.354,1.97675,1.9769,3.30,0.08
2008.04.16 12:05:11.691,1.97675,1.9769,3.30,0.08
2008.04.16 12:05:11.993,1.97675,1.9769,0.90,0.08
2008.04.16 12:05:12.294,1.97675,1.9769,0.90,0.08
2008.04.16 12:05:12.515,1.97675,1.9769,3.30,0.08
2008.04.16 12:05:12.737,1.97675,1.97685,2.40,1.10
2008.04.16 12:05:12.957,1.9767,1.9768,0.90,0.08
2008.04.16 12:05:13.179,1.97675,1.9768,0.90,0.08
2008.04.16 12:05:13.402,1.97675,1.9768,0.90,0.08
2008.04.16 12:05:13.714,1.97675,1.9769,0.90,0.08
2008.04.16 12:05:15.764,1.97675,1.9769,0.90,0.08
2008.04.16 12:05:15.838,1.97675,1.9769,0.90,0.08
2008.04.16 12:05:15.927,1.97675,1.9769,0.90,0.08
2008.04.16 12:05:15.988,1.97675,1.9769,0.90,0.08
2008.04.16 12:05:16.083,1.97675,1.9769,0.90,0.08
2008.04.16 12:05:16.139,1.97675,1.9769,0.90,0.08
2008.04.16 12:05:16.200,1.97675,1.9769,0.90,0.08
2008.04.16 12:05:16.259,1.97675,1.9769,0.90,0.08
2008.04.16 12:05:16.320,1.97675,1.9769,0.90,0.08
2008.04.16 12:05:16.407,1.97675,1.9769,0.90,0.08
2008.04.16 12:05:16.500,1.97675,1.9769,0.90,0.08
2008.04.16 12:05:16.529,1.97675,1.9769,0.90,0.08
2008.04.16 12:05:16.613,1.97675,1.9769,0.90,0.08
2008.04.16 12:05:16.674,1.97675,1.9769,0.90,0.08
2008.04.16 12:05:16.734,1.97675,1.9769,0.90,0.08
2008.04.16 12:05:16.831,1.97675,1.9769,0.90,0.08
2008.04.16 12:05:17.129,1.97675,1.9769,0.90,0.08
2008.04.16 12:05:17.467,1.97675,1.9769,0.90,0.08
2008.04.16 12:05:17.804,1.97675,1.9769,0.90,0.08
2008.04.16 12:05:18.033,1.97675,1.9769,0.90,0.08
2008.04.16 12:05:18.209,1.97675,1.9769,0.90,0.08
2008.04.16 12:05:18.383,1.97675,1.9769,0.90,0.08
2008.04.16 12:05:18.559,1.97675,1.9769,0.90,0.08
2008.04.16 12:05:18.734,1.97675,1.9769,0.90,0.08
2008.04.16 12:05:18.910,1.97675,1.9769,0.90,0.08
2008.04.16 12:05:19.236,1.9767,1.9769,2.80,0.90
2008.04.16 12:05:19.566,1.9767,1.9768,1.20,0.08
2008.04.16 12:05:19.895,1.97675,1.9768,0.90,0.08
2008.04.16 12:05:20.106,1.97675,1.9768,0.90,0.08
2008.04.16 12:05:20.345,1.97675,1.97685,0.90,0.50
2008.04.16 12:05:20.593,1.97675,1.9769,0.90,0.08
2008.04.16 12:05:20.825,1.97675,1.9769,0.90,0.08
2008.04.16 12:05:21.106,1.97675,1.9769,0.90,0.08
2008.04.16 12:05:21.387,1.97675,1.97685,0.90,0.80
2008.04.16 12:05:21.668,1.9767,1.9768,1.60,0.90
2008.04.16 12:05:21.951,1.9766,1.97675,1.10,2.40
2008.04.16 12:05:22.258,1.9766,1.97675,1.10,2.40
2008.04.16 12:05:22.522,1.9766,1.97675,0.90,2.40
2008.04.16 12:05:22.788,1.9767,1.97685,0.90,4.00
2008.04.16 12:05:23.054,1.9767,1.9769,0.90,0.90
2008.04.16 12:05:23.323,1.97665,1.9768,4.00,0.90
2008.04.16 12:05:23.589,1.9766,1.9768,0.90,0.90
2008.04.16 12:05:23.857,1.97655,1.97675,3.30,3.30
2008.04.16 12:05:24.122,1.97655,1.97675,0.90,5.70
2008.04.16 12:05:24.383,1.97655,1.97675,0.90,5.70
2008.04.16 12:05:24.643,1.97655,1.97675,0.90,5.70
2008.04.16 12:05:24.903,1.97655,1.97675,0.90,5.70
2008.04.16 12:05:25.166,1.97655,1.97675,0.90,5.70
2008.04.16 12:05:25.406,1.97655,1.97675,0.90,5.70
2008.04.16 12:05:25.652,1.9765,1.97655,1.60,0.90
2008.04.16 12:05:25.887,1.97645,1.9765,2.40,3.20
2008.04.16 12:05:26.129,1.97645,1.9765,2.40,3.20
2008.04.16 12:05:26.403,1.9762,1.97635,3.30,2.40
2008.04.16 12:05:26.714,1.9762,1.97635,2.40,3.30
2008.04.16 12:05:26.988,1.9762,1.97635,2.40,3.30
2008.04.16 12:05:27.266,1.97615,1.97635,0.90,5.70
2008.04.16 12:05:27.512,1.97615,1.97635,0.90,5.70
2008.04.16 12:05:27.794,1.97615,1.97635,0.90,5.70
2008.04.16 12:05:28.045,1.9762,1.97635,0.90,4.80
2008.04.16 12:05:28.343,1.97615,1.97635,4.90,3.30
2008.04.16 12:05:28.638,1.97615,1.97635,3.30,3.30
2008.04.16 12:05:28.963,1.9761,1.97625,1.60,0.90
2008.04.16 12:05:29.288,1.97605,1.97625,0.90,5.70
2008.04.16 12:05:29.534,1.9761,1.97625,0.90,4.80
2008.04.16 12:05:29.780,1.9761,1.97625,0.90,2.40
2008.04.16 12:05:30.027,1.9761,1.97625,0.90,2.40
2008.04.16 12:05:30.273,1.97605,1.97625,4.90,3.30
2008.04.16 12:05:30.569,1.97605,1.97625,3.30,3.30
2008.04.16 12:05:30.877,1.97615,1.9763,0.90,1.60
2008.04.16 12:05:31.184,1.97615,1.97635,0.90,5.70
2008.04.16 12:05:31.434,1.9761,1.97625,2.50,2.40
2008.04.16 12:05:31.595,1.9761,1.97625,0.90,2.40
2008.04.16 12:05:31.802,1.9761,1.97625,0.90,2.40
2008.04.16 12:05:32.008,1.9761,1.97625,0.90,2.40
2008.04.16 12:05:32.212,1.9761,1.97625,0.90,2.40
2008.04.16 12:05:32.449,1.9761,1.97625,0.90,2.30
2008.04.16 12:05:32.683,1.97605,1.97625,4.90,3.30
2008.04.16 12:05:32.918,1.97605,1.97625,4.90,3.30
2008.04.16 12:05:33.153,1.97605,1.97625,4.90,3.30
2008.04.16 12:05:33.423,1.9761,1.97625,0.90,2.30
2008.04.16 12:05:33.639,1.9761,1.97625,0.90,2.30
2008.04.16 12:05:33.858,1.9761,1.97625,0.90,2.30
2008.04.16 12:05:34.072,1.9761,1.97625,0.90,2.30
2008.04.16 12:05:34.306,1.9761,1.97625,0.90,2.30
2008.04.16 12:05:34.567,1.9761,1.97625,0.90,2.30
2008.04.16 12:05:34.767,1.9761,1.97625,0.90,2.30
2008.04.16 12:05:34.997,1.9761,1.97625,0.90,2.30
2008.04.16 12:05:35.228,1.9761,1.97625,0.90,2.30
2008.04.16 12:05:35.458,1.9761,1.97625,0.90,2.30
2008.04.16 12:05:35.738,1.97615,1.97625,0.90,2.30
2008.04.16 12:05:36.024,1.97615,1.97635,0.90,5.70
2008.04.16 12:05:36.309,1.97615,1.97635,0.90,5.70
2008.04.16 12:05:36.579,1.97615,1.97635,0.90,5.70
2008.04.16 12:05:36.803,1.97615,1.97635,0.90,5.70
2008.04.16 12:05:37.061,1.97615,1.97635,0.90,5.70
2008.04.16 12:05:37.254,1.97615,1.97635,0.90,5.70
2008.04.16 12:05:37.479,1.97615,1.97635,0.90,5.70
2008.04.16 12:05:37.724,1.97615,1.97635,0.90,5.70
2008.04.16 12:05:37.999,1.97615,1.97635,0.90,5.70
2008.04.16 12:05:38.243,1.97615,1.97635,0.90,5.70
2008.04.16 12:05:38.488,1.97615,1.97635,0.90,5.70
2008.04.16 12:05:38.718,1.97615,1.97635,0.90,5.70
2008.04.16 12:05:38.976,1.97615,1.97635,0.90,5.70
2008.04.16 12:05:39.237,1.97615,1.97635,0.90,5.70
2008.04.16 12:05:39.468,1.97615,1.97635,0.90,5.70
2008.04.16 12:05:39.745,1.97615,1.97635,0.90,5.70
2008.04.16 12:05:39.989,1.97615,1.97635,0.90,5.70
2008.04.16 12:05:40.233,1.97615,1.97635,0.90,5.70
2008.04.16 12:05:40.477,1.97615,1.97635,0.90,5.70
2008.04.16 12:05:40.742,1.9762,1.97635,0.90,4.70
2008.04.16 12:05:41.026,1.9762,1.97635,0.90,2.30
2008.04.16 12:05:41.291,1.9762,1.97635,0.90,2.30
2008.04.16 12:05:41.557,1.9762,1.97635,0.90,2.30
2008.04.16 12:05:41.767,1.9762,1.97635,0.90,2.30
2008.04.16 12:05:42.001,1.9762,1.97635,0.90,2.30
2008.04.16 12:05:42.246,1.9762,1.97635,0.90,2.30
2008.04.16 12:05:42.422,1.9762,1.97635,0.90,2.30
2008.04.16 12:05:42.657,1.9762,1.97635,0.90,2.30
2008.04.16 12:05:42.893,1.9762,1.97635,0.90,2.30
2008.04.16 12:05:43.131,1.9762,1.97635,0.90,2.30
2008.04.16 12:05:43.375,1.9762,1.97635,0.90,2.30
2008.04.16 12:05:43.629,1.9762,1.97635,0.90,2.30
2008.04.16 12:05:43.923,1.9762,1.97635,0.90,2.30
2008.04.16 12:05:44.182,1.9762,1.97635,0.90,2.30
2008.04.16 12:05:44.441,1.9762,1.97635,0.90,2.30
2008.04.16 12:05:44.701,1.9762,1.97635,0.90,2.30
2008.04.16 12:05:44.916,1.9762,1.97635,0.90,2.30
2008.04.16 12:05:45.132,1.97625,1.97635,0.90,2.30
2008.04.16 12:05:45.375,1.97625,1.97635,3.30,2.30
2008.04.16 12:05:45.623,1.97625,1.97645,3.30,7.20
2008.04.16 12:05:45.883,1.97625,1.97635,2.40,2.30
2008.04.16 12:05:46.143,1.9762,1.97635,0.90,2.30
2008.04.16 12:05:46.402,1.9762,1.97635,0.90,2.30
2008.04.16 12:05:46.663,1.9762,1.97635,0.90,2.30
2008.04.16 12:05:46.857,1.9762,1.97635,0.90,2.30
2008.04.16 12:05:47.052,1.9762,1.97635,0.90,2.30
2008.04.16 12:05:47.246,1.9762,1.97635,0.90,2.30
2008.04.16 12:05:47.461,1.9762,1.97635,0.90,2.30
2008.04.16 12:05:47.689,1.9762,1.97635,0.90,2.30
2008.04.16 12:05:48.037,1.9762,1.97635,0.90,2.30
2008.04.16 12:05:48.302,1.9762,1.97635,0.90,2.30
2008.04.16 12:05:48.602,1.9762,1.97635,0.90,2.30
2008.04.16 12:05:48.879,1.9762,1.97635,0.90,2.30
2008.04.16 12:05:49.123,1.9762,1.97635,0.90,2.30
2008.04.16 12:05:49.367,1.9762,1.97635,0.90,2.30
2008.04.16 12:05:49.611,1.9762,1.97635,0.90,2.30
2008.04.16 12:05:49.865,1.9762,1.97635,0.90,2.30
2008.04.16 12:05:50.119,1.9762,1.97635,0.90,2.30
2008.04.16 12:05:50.374,1.9762,1.97635,0.90,2.30
2008.04.16 12:05:50.629,1.9762,1.97635,0.90,2.30
2008.04.16 12:05:50.893,1.9762,1.97635,0.90,2.30
2008.04.16 12:05:51.180,1.9762,1.97635,0.90,2.30
2008.04.16 12:05:51.446,1.9762,1.97635,0.90,2.30
2008.04.16 12:05:51.710,1.9762,1.97635,0.90,2.30
2008.04.16 12:05:51.941,1.9762,1.97635,0.90,2.30
2008.04.16 12:05:52.202,1.9762,1.97635,0.90,2.30
2008.04.16 12:05:52.399,1.9762,1.97635,0.90,2.30
2008.04.16 12:05:52.630,1.9762,1.97635,0.90,2.30
2008.04.16 12:05:52.861,1.97615,1.97625,2.40,3.20
2008.04.16 12:05:53.126,1.97605,1.97625,3.30,3.20
2008.04.16 12:05:53.374,1.97615,1.9763,0.90,2.40
2008.04.16 12:05:53.592,1.97615,1.97635,3.30,7.20
2008.04.16 12:05:53.807,1.97615,1.9763,2.40,0.90
2008.04.16 12:05:54.047,1.9761,1.9763,0.90,0.90
2008.04.16 12:05:54.314,1.9761,1.9763,0.90,0.90
2008.04.16 12:05:54.586,1.9761,1.9763,0.90,0.90
2008.04.16 12:05:54.793,1.9761,1.9763,0.90,0.90
2008.04.16 12:05:55.033,1.9761,1.9763,0.90,0.90
2008.04.16 12:05:55.284,1.9761,1.9763,0.90,0.90
2008.04.16 12:05:55.569,1.9761,1.9763,0.90,0.90
2008.04.16 12:05:55.857,1.9761,1.9763,0.90,0.90
2008.04.16 12:05:56.123,1.9761,1.9763,0.90,0.90
2008.04.16 12:05:56.371,1.9762,1.97635,0.90,4.00
2008.04.16 12:05:56.588,1.9762,1.9764,0.90,0.90
2008.04.16 12:05:56.803,1.97615,1.97625,4.00,0.90
2008.04.16 12:05:57.018,1.97605,1.97625,3.30,0.90
2008.04.16 12:05:57.284,1.97615,1.9763,0.90,1.60
2008.04.16 12:05:57.567,1.97615,1.97635,3.30,5.70
2008.04.16 12:05:57.817,1.97615,1.97635,3.30,4.90
2008.04.16 12:05:58.066,1.97615,1.97635,3.30,4.90
2008.04.16 12:05:58.276,1.97615,1.97635,3.30,3.30
2008.04.16 12:05:58.487,1.97615,1.97635,3.30,3.30
2008.04.16 12:05:58.728,1.97615,1.97635,3.30,3.30
2008.04.16 12:05:58.936,1.97615,1.97635,3.30,3.30
2008.04.16 12:05:59.196,1.97615,1.97635,3.30,3.30
2008.04.16 12:05:59.456,1.97615,1.97635,3.30,3.30
2008.04.16 12:05:59.716,1.97615,1.97635,3.30,3.30
2008.04.16 12:05:59.976,1.97615,1.97635,3.30,3.30
2008.04.16 12:06:00.236,1.97615,1.97635,3.30,3.30
2008.04.16 12:06:00.491,1.97615,1.97635,3.30,3.30
2008.04.16 12:06:00.745,1.97615,1.97635,3.30,3.30
2008.04.16 12:06:01.000,1.97615,1.97635,3.30,3.30
2008.04.16 12:06:01.255,1.97615,1.97635,3.30,3.30
2008.04.16 12:06:01.514,1.97615,1.97635,3.30,3.30
2008.04.16 12:06:01.773,1.97615,1.97635,3.30,3.30
2008.04.16 12:06:02.034,1.97615,1.97635,3.30,3.30
2008.04.16 12:06:02.248,1.97615,1.97635,3.30,3.30
2008.04.16 12:06:02.463,1.97615,1.97635,3.30,3.30
2008.04.16 12:06:02.678,1.97615,1.97635,3.30,3.30
2008.04.16 12:06:02.894,1.97615,1.97635,3.30,3.30
2008.04.16 12:06:03.108,1.97615,1.97635,3.30,3.30
2008.04.16 12:06:03.366,1.97615,1.97635,3.30,3.30
2008.04.16 12:06:03.596,1.97615,1.97635,3.30,3.30
2008.04.16 12:06:03.828,1.97615,1.9763,2.40,0.90
2008.04.16 12:06:04.085,1.9761,1.9763,0.90,0.90
2008.04.16 12:06:04.311,1.97615,1.97635,0.90,7.40
2008.04.16 12:06:04.504,1.97615,1.97635,0.90,7.40
2008.04.16 12:06:04.694,1.97615,1.97635,3.30,3.30
2008.04.16 12:06:04.883,1.97615,1.97635,3.30,3.30
2008.04.16 12:06:05.074,1.97615,1.97635,3.30,3.30
2008.04.16 12:06:05.265,1.97615,1.9763,2.40,0.90
2008.04.16 12:06:05.590,1.9761,1.9763,0.90,0.90
2008.04.16 12:06:05.903,1.9761,1.9763,0.90,0.90
2008.04.16 12:06:06.216,1.9761,1.9763,0.90,0.90
2008.04.16 12:06:06.451,1.9761,1.9763,0.90,0.90
2008.04.16 12:06:06.699,1.9761,1.9763,0.90,0.90
2008.04.16 12:06:06.922,1.9761,1.9763,0.90,0.90
2008.04.16 12:06:07.158,1.9761,1.9763,0.90,0.90
2008.04.16 12:06:07.407,1.9761,1.9763,0.90,0.90
2008.04.16 12:06:07.681,1.9761,1.9763,0.90,0.90
2008.04.16 12:06:07.938,1.9761,1.9763,0.90,0.90
2008.04.16 12:06:08.183,1.9761,1.9763,0.90,0.90
2008.04.16 12:06:08.432,1.9761,1.9763,0.90,0.90
2008.04.16 12:06:08.682,1.9761,1.9763,0.90,0.90
2008.04.16 12:06:08.963,1.9761,1.9763,0.90,0.90
2008.04.16 12:06:09.181,1.9761,1.9763,0.90,0.90
2008.04.16 12:06:09.401,1.9761,1.9763,0.90,0.90
2008.04.16 12:06:09.633,1.9761,1.9763,0.90,0.90
2008.04.16 12:06:09.855,1.97615,1.97635,0.90,7.30
2008.04.16 12:06:10.077,1.97615,1.97635,3.30,3.30
2008.04.16 12:06:10.297,1.97615,1.97635,3.30,3.30
2008.04.16 12:06:10.620,1.97615,1.97635,3.30,3.30
2008.04.16 12:06:10.947,1.97615,1.97635,3.30,3.30
2008.04.16 12:06:11.199,1.97615,1.97635,3.30,3.30
2008.04.16 12:06:11.398,1.97615,1.97635,3.30,3.30
2008.04.16 12:06:11.597,1.97615,1.97635,3.30,3.30
2008.04.16 12:06:11.799,1.9762,1.97635,0.90,2.30
2008.04.16 12:06:12.032,1.9762,1.97635,0.90,2.30
2008.04.16 12:06:12.231,1.9762,1.97635,0.90,2.30
2008.04.16 12:06:12.432,1.9762,1.97635,0.90,2.30
2008.04.16 12:06:12.727,1.9762,1.97635,0.90,2.30
2008.04.16 12:06:13.021,1.9762,1.97635,0.90,2.30
2008.04.16 12:06:13.316,1.9762,1.97635,0.90,2.30
2008.04.16 12:06:13.549,1.9762,1.97635,0.90,2.30
2008.04.16 12:06:13.754,1.9762,1.97635,0.90,2.30
2008.04.16 12:06:13.960,1.9762,1.97635,0.90,2.30
2008.04.16 12:06:14.166,1.9762,1.97635,0.90,2.30
2008.04.16 12:06:16.209,1.9762,1.97635,0.90,2.30
2008.04.16 12:06:16.308,1.9762,1.97635,0.90,2.30
2008.04.16 12:06:16.377,1.9762,1.9764,0.90,0.90
2008.04.16 12:06:16.523,1.9762,1.9764,0.90,0.90
2008.04.16 12:06:17.985,1.9762,1.9764,0.90,0.90
2008.04.16 12:06:18.201,1.9762,1.9764,0.90,0.90
2008.04.16 12:06:18.420,1.9762,1.9764,0.90,0.90
2008.04.16 12:06:18.641,1.9762,1.9764,0.90,0.90
2008.04.16 12:06:18.861,1.9762,1.9764,0.90,0.90
2008.04.16 12:06:19.082,1.9762,1.9764,0.90,0.90
2008.04.16 12:06:19.387,1.9762,1.9764,0.90,0.90
2008.04.16 12:06:19.692,1.9762,1.9764,0.90,0.90
2008.04.16 12:06:19.997,1.9762,1.9764,0.90,0.90
2008.04.16 12:06:20.339,1.9762,1.9764,0.90,0.90
2008.04.16 12:06:20.561,1.9762,1.9764,0.90,0.90
2008.04.16 12:06:20.815,1.9762,1.9764,0.90,0.90
2008.04.16 12:06:21.058,1.9762,1.9764,0.90,0.90
2008.04.16 12:06:21.223,1.9762,1.9764,0.90,0.90
2008.04.16 12:06:21.483,1.9762,1.9764,0.90,0.90
2008.04.16 12:06:22.865,1.9762,1.9764,0.90,0.90
2008.04.16 12:06:22.947,1.9762,1.9764,0.90,0.90
2008.04.16 12:06:23.028,1.9762,1.9764,0.90,0.90
2008.04.16 12:06:23.106,1.9762,1.9764,0.90,0.90
2008.04.16 12:06:23.189,1.9762,1.9764,0.90,0.90
2008.04.16 12:06:23.269,1.9762,1.9764,0.90,0.90
2008.04.16 12:06:23.350,1.9762,1.9764,0.90,0.90
2008.04.16 12:06:23.435,1.9762,1.9764,0.90,0.90
2008.04.16 12:06:23.452,1.9762,1.9764,0.90,0.90
2008.04.16 12:06:23.548,1.9762,1.9764,0.90,0.90
2008.04.16 12:06:23.631,1.9762,1.9764,0.90,0.90
2008.04.16 12:06:23.679,1.9762,1.9764,0.90,0.90
2008.04.16 12:06:23.734,1.9762,1.9764,0.90,0.90
2008.04.16 12:06:23.782,1.9762,1.9764,0.90,0.90
2008.04.16 12:06:23.840,1.9762,1.9764,0.90,0.90
2008.04.16 12:06:23.919,1.9762,1.9764,0.90,0.90
2008.04.16 12:06:24.221,1.9762,1.9764,0.90,0.90
2008.04.16 12:06:24.555,1.9762,1.9764,0.90,0.90
2008.04.16 12:06:24.891,1.9762,1.9764,0.90,0.90
2008.04.16 12:06:25.089,1.9762,1.9764,0.90,0.90
2008.04.16 12:06:25.312,1.9762,1.9764,0.90,0.90
2008.04.16 12:06:25.509,1.9762,1.9764,0.90,0.90
2008.04.16 12:06:25.725,1.9762,1.9764,0.90,0.90
2008.04.16 12:06:25.921,1.9762,1.9764,0.90,0.90
2008.04.16 12:06:26.242,1.9762,1.9764,0.90,0.90
2008.04.16 12:06:26.562,1.9762,1.9764,0.90,0.90
2008.04.16 12:06:26.883,1.97625,1.97645,0.90,8.90
2008.04.16 12:06:27.203,1.97625,1.97645,3.30,3.30
2008.04.16 12:06:27.445,1.97625,1.97645,3.30,3.30
2008.04.16 12:06:27.684,1.97625,1.97645,3.30,3.30
2008.04.16 12:06:27.927,1.97625,1.97645,3.30,3.30
2008.04.16 12:06:28.168,1.97625,1.97645,3.30,3.30
2008.04.16 12:06:28.439,1.97625,1.97645,3.30,3.30
2008.04.16 12:06:28.710,1.97625,1.97645,3.30,3.30
2008.04.16 12:06:28.980,1.97625,1.97645,3.30,3.30
2008.04.16 12:06:29.250,1.97625,1.97645,3.30,3.30
2008.04.16 12:06:29.504,1.97625,1.97645,3.30,3.30
2008.04.16 12:06:29.789,1.97625,1.97645,3.30,3.30
2008.04.16 12:06:30.055,1.97625,1.97645,3.30,3.30
2008.04.16 12:06:30.310,1.97625,1.97645,3.30,3.30
2008.04.16 12:06:30.557,1.97625,1.97645,3.30,3.30
2008.04.16 12:06:30.798,1.97625,1.97645,3.30,3.30
2008.04.16 12:06:31.027,1.97625,1.97645,3.30,3.30
2008.04.16 12:06:31.260,1.97635,1.97645,0.90,2.30
2008.04.16 12:06:31.535,1.97635,1.97655,0.90,7.30
2008.04.16 12:06:31.854,1.97635,1.97655,0.90,5.70
2008.04.16 12:06:32.127,1.97635,1.97655,0.90,5.70
2008.04.16 12:06:32.424,1.9763,1.9765,2.50,0.90
2008.04.16 12:06:32.702,1.9763,1.9765,0.90,0.90
2008.04.16 12:06:32.976,1.9763,1.9765,0.90,0.90
2008.04.16 12:06:33.251,1.9763,1.9765,0.90,0.90
2008.04.16 12:06:33.528,1.9763,1.9765,0.90,0.90
2008.04.16 12:06:33.794,1.97625,1.97645,4.90,0.90
2008.04.16 12:06:34.060,1.97625,1.97645,0.90,5.70
2008.04.16 12:06:34.324,1.97625,1.97645,0.90,5.70
2008.04.16 12:06:34.590,1.97625,1.97645,0.90,5.70
2008.04.16 12:06:34.865,1.97625,1.97645,0.90,5.70
2008.04.16 12:06:35.121,1.97625,1.97645,0.90,5.70
2008.04.16 12:06:35.379,1.97625,1.97645,0.90,5.70
2008.04.16 12:06:35.587,1.97625,1.97645,0.90,5.70
2008.04.16 12:06:35.799,1.97625,1.97645,0.90,5.70
2008.04.16 12:06:36.040,1.97625,1.97645,0.90,5.70
2008.04.16 12:06:36.219,1.97625,1.97645,0.90,5.70
2008.04.16 12:06:36.428,1.9763,1.97645,0.90,4.80
2008.04.16 12:06:36.694,1.9763,1.97645,0.90,2.40
2008.04.16 12:06:36.959,1.9763,1.9765,0.90,0.90
2008.04.16 12:06:37.223,1.9763,1.9765,0.90,0.90
2008.04.16 12:06:37.488,1.9763,1.9765,0.90,0.90
2008.04.16 12:06:37.751,1.9763,1.9765,0.90,0.90
2008.04.16 12:06:38.016,1.9763,1.9765,0.90,0.90
2008.04.16 12:06:38.281,1.9763,1.9765,0.90,0.90
2008.04.16 12:06:38.545,1.9763,1.9765,0.90,0.90
2008.04.16 12:06:38.785,1.9763,1.9765,0.90,0.90
2008.04.16 12:06:39.024,1.9763,1.9765,0.90,0.90
2008.04.16 12:06:39.264,1.9763,1.9765,0.90,0.90
2008.04.16 12:06:39.504,1.9763,1.9765,0.90,0.90
2008.04.16 12:06:39.759,1.9763,1.9765,0.90,0.90
2008.04.16 12:06:39.992,1.9763,1.9765,0.90,0.90
2008.04.16 12:06:40.227,1.9763,1.9765,0.90,0.90
2008.04.16 12:06:40.461,1.9763,1.9765,0.90,0.90
2008.04.16 12:06:40.695,1.9763,1.9765,0.90,0.90
2008.04.16 12:06:40.954,1.9763,1.9765,0.90,0.90
2008.04.16 12:06:41.214,1.9763,1.9765,0.90,0.90
2008.04.16 12:06:41.474,1.9763,1.9765,0.90,0.90
2008.04.16 12:06:41.735,1.9763,1.9765,0.90,0.90
2008.04.16 12:06:42.025,1.9763,1.9765,0.90,0.90
2008.04.16 12:06:42.318,1.9763,1.9765,0.90,0.90
2008.04.16 12:06:42.543,1.9763,1.9765,0.90,0.90
2008.04.16 12:06:42.757,1.9763,1.9765,0.90,0.90
2008.04.16 12:06:42.972,1.9763,1.9765,0.90,0.90
2008.04.16 12:06:43.201,1.9763,1.9765,0.90,0.90
2008.04.16 12:06:43.416,1.9763,1.9765,0.90,0.90
2008.04.16 12:06:43.630,1.9763,1.9765,0.90,0.90
2008.04.16 12:06:43.920,1.9763,1.9765,0.90,1.70
2008.04.16 12:06:44.241,1.9763,1.9765,0.90,1.70
2008.04.16 12:06:44.533,1.97625,1.97645,0.90,3.30
2008.04.16 12:06:44.824,1.9763,1.97645,0.90,2.40
2008.04.16 12:06:45.088,1.9763,1.97645,0.90,2.40
2008.04.16 12:06:45.352,1.9763,1.97645,0.90,2.40
2008.04.16 12:06:45.554,1.9763,1.97645,0.90,2.40
2008.04.16 12:06:45.784,1.9763,1.97645,0.90,2.40
2008.04.16 12:06:46.030,1.9763,1.97645,0.90,2.40
2008.04.16 12:06:46.308,1.9763,1.97645,0.90,2.40
2008.04.16 12:06:46.550,1.9763,1.97645,0.90,2.40
2008.04.16 12:06:46.713,1.9763,1.97645,0.90,1.00
2008.04.16 12:06:46.797,1.9763,1.97645,0.90,0.60
2008.04.16 12:06:47.017,1.9763,1.97645,0.90,1.30
2008.04.16 12:06:47.237,1.9763,1.97645,0.90,0.80
2008.04.16 12:06:47.457,1.9763,1.97645,0.90,0.90
2008.04.16 12:06:47.677,1.9763,1.97645,0.90,1.40
2008.04.16 12:06:47.922,1.9763,1.97645,0.90,0.90
2008.04.16 12:06:48.167,1.9763,1.97645,0.90,2.40
2008.04.16 12:06:48.429,1.9763,1.97645,1.90,2.40
2008.04.16 12:06:48.675,1.9763,1.97645,0.60,2.40
2008.04.16 12:06:48.910,1.9763,1.9764,0.60,0.40
2008.04.16 12:06:49.146,1.9763,1.9764,0.60,0.40
2008.04.16 12:06:49.381,1.9763,1.9764,0.60,0.40
2008.04.16 12:06:49.616,1.9763,1.9764,0.60,0.40
2008.04.16 12:06:49.850,1.97625,1.9764,0.60,0.40
2008.04.16 12:06:50.102,1.97625,1.9764,0.60,0.40
2008.04.16 12:06:50.369,1.97625,1.9764,0.60,0.40
2008.04.16 12:06:50.621,1.97615,1.9764,1.10,0.40
2008.04.16 12:06:50.871,1.9761,1.9764,2.40,0.40
2008.04.16 12:06:51.141,1.9761,1.9764,2.70,0.40
2008.04.16 12:06:51.412,1.97615,1.9763,0.80,0.40
2008.04.16 12:06:51.683,1.97615,1.9763,0.80,0.40
2008.04.16 12:06:51.953,1.97615,1.9763,0.80,0.40
2008.04.16 12:06:52.230,1.97615,1.9763,0.80,0.40
2008.04.16 12:06:52.509,1.97615,1.9763,0.80,0.40
2008.04.16 12:06:52.788,1.97615,1.9763,0.80,0.40
2008.04.16 12:06:53.023,1.97615,1.9763,0.80,0.40
2008.04.16 12:06:53.217,1.97615,1.9763,0.80,0.40
2008.04.16 12:06:53.411,1.97615,1.9763,0.80,0.40
2008.04.16 12:06:53.606,1.97605,1.9763,0.70,0.40
2008.04.16 12:06:53.803,1.976,1.9763,5.00,0.40
2008.04.16 12:06:54.083,1.976,1.9763,0.80,0.40
2008.04.16 12:06:54.365,1.97615,1.9763,0.60,0.40
2008.04.16 12:06:54.679,1.97615,1.9763,0.60,0.40
2008.04.16 12:06:54.961,1.9761,1.9763,0.60,1.20
2008.04.16 12:06:55.126,1.9761,1.9763,0.60,0.70
2008.04.16 12:06:55.184,1.9761,1.9763,0.60,0.70
2008.04.16 12:06:55.405,1.97605,1.97625,0.60,0.90
2008.04.16 12:06:55.626,1.97605,1.9762,0.60,0.80
2008.04.16 12:06:55.847,1.97605,1.9762,0.60,0.80
2008.04.16 12:06:56.157,1.97605,1.9762,0.60,0.80
2008.04.16 12:06:56.467,1.97605,1.9762,0.60,0.80
2008.04.16 12:06:56.776,1.97605,1.9762,0.60,0.80
2008.04.16 12:06:57.087,1.97605,1.9762,0.60,0.80
2008.04.16 12:06:57.353,1.976,1.9762,0.60,0.70
2008.04.16 12:06:57.623,1.976,1.9762,0.60,0.60
2008.04.16 12:06:57.892,1.976,1.9762,0.60,0.50
2008.04.16 12:06:58.156,1.976,1.9762,0.60,1.10
2008.04.16 12:06:58.393,1.97595,1.97615,0.60,0.90
2008.04.16 12:06:58.634,1.97595,1.9761,0.90,0.80
2008.04.16 12:06:58.885,1.97595,1.9761,0.90,0.80
2008.04.16 12:06:59.108,1.97595,1.9761,0.90,0.80
2008.04.16 12:06:59.398,1.97595,1.9761,0.90,0.80
2008.04.16 12:06:59.721,1.97595,1.9761,0.90,0.80
2008.04.16 12:07:00.044,1.97595,1.9761,0.90,0.80
2008.04.16 12:07:00.208,1.97595,1.9761,0.90,0.80
2008.04.16 12:07:00.405,1.9759,1.9761,0.90,0.90
2008.04.16 12:07:00.602,1.9759,1.9761,0.90,0.60
2008.04.16 12:07:00.797,1.9759,1.9761,0.90,0.70
2008.04.16 12:07:00.992,1.9759,1.9761,0.90,0.50
2008.04.16 12:07:01.317,1.9759,1.9761,0.90,1.10
2008.04.16 12:07:01.644,1.9759,1.9761,0.90,0.50
2008.04.16 12:07:01.969,1.9759,1.9761,0.90,0.60
2008.04.16 12:07:02.296,1.9759,1.9761,0.90,1.00
2008.04.16 12:07:02.488,1.97585,1.97605,0.90,0.90
2008.04.16 12:07:02.679,1.97585,1.97605,0.90,0.90
2008.04.16 12:07:02.906,1.97585,1.97605,0.90,0.90
2008.04.16 12:07:03.106,1.97585,1.97605,0.90,0.90
2008.04.16 12:07:03.396,1.97585,1.97605,0.90,0.90
2008.04.16 12:07:03.688,1.97585,1.976,0.90,0.80
2008.04.16 12:07:03.979,1.97585,1.976,0.90,0.80
2008.04.16 12:07:04.269,1.97585,1.976,0.90,0.80
2008.04.16 12:07:04.524,1.97585,1.976,0.90,0.80
2008.04.16 12:07:04.780,1.9758,1.976,0.90,0.90
2008.04.16 12:07:05.036,1.9758,1.976,0.90,0.60
2008.04.16 12:07:05.269,1.9758,1.976,0.90,0.90
2008.04.16 12:07:05.521,1.9758,1.976,0.90,1.20
2008.04.16 12:07:05.784,1.9758,1.976,0.90,1.20
2008.04.16 12:07:06.055,1.97575,1.9759,0.90,0.80
2008.04.16 12:07:06.362,1.97575,1.9759,0.90,0.80
2008.04.16 12:07:06.632,1.97575,1.9759,0.90,0.80
2008.04.16 12:07:06.903,1.9758,1.9759,0.90,0.80
2008.04.16 12:07:07.174,1.9758,1.9759,0.90,0.80
2008.04.16 12:07:07.365,1.9758,1.9759,0.90,0.80
2008.04.16 12:07:07.587,1.9758,1.9759,0.90,0.80
2008.04.16 12:07:07.746,1.9758,1.9759,0.90,0.80
2008.04.16 12:07:07.935,1.9758,1.9759,0.90,0.80
2008.04.16 12:07:08.125,1.9758,1.9759,0.90,0.80
2008.04.16 12:07:08.371,1.9758,1.9759,0.90,0.80
2008.04.16 12:07:08.625,1.9758,1.9759,0.90,0.80
2008.04.16 12:07:08.869,1.9758,1.9759,0.90,0.80
2008.04.16 12:07:09.115,1.9758,1.9759,0.90,0.80
2008.04.16 12:07:09.324,1.9758,1.9759,0.90,0.80
2008.04.16 12:07:09.556,1.9758,1.9759,0.90,0.80
2008.04.16 12:07:09.792,1.9758,1.9759,0.90,0.80
2008.04.16 12:07:09.991,1.9758,1.9759,0.90,0.80
2008.04.16 12:07:10.192,1.9758,1.9759,0.90,0.80
2008.04.16 12:07:10.466,1.9758,1.9759,0.90,0.80
2008.04.16 12:07:10.735,1.9758,1.9759,0.90,0.80
2008.04.16 12:07:11.006,1.97575,1.9759,1.60,0.80
2008.04.16 12:07:11.278,1.97575,1.9759,1.60,0.80
2008.04.16 12:07:11.493,1.97575,1.9759,1.60,0.80
2008.04.16 12:07:11.704,1.97575,1.9759,0.90,0.80
2008.04.16 12:07:11.915,1.97575,1.9758,0.90,0.80
2008.04.16 12:07:12.126,1.97575,1.9758,0.90,0.80
2008.04.16 12:07:12.412,1.97575,1.9758,0.90,0.80
2008.04.16 12:07:12.698,1.97575,1.9758,0.90,0.80
2008.04.16 12:07:12.984,1.97565,1.9758,1.60,0.80
2008.04.16 12:07:13.273,1.97565,1.9758,1.60,0.80
2008.04.16 12:07:13.484,1.97565,1.9758,1.60,0.80
2008.04.16 12:07:13.694,1.97565,1.9758,1.60,0.80
2008.04.16 12:07:13.906,1.9757,1.9758,0.90,0.80
2008.04.16 12:07:14.146,1.9757,1.9758,0.90,0.80
2008.04.16 12:07:14.326,1.9757,1.9758,0.90,0.80
2008.04.16 12:07:14.557,1.9757,1.9758,0.90,0.80
2008.04.16 12:07:14.815,1.9757,1.9758,0.90,0.80
2008.04.16 12:07:15.045,1.9757,1.9758,0.90,0.80
2008.04.16 12:07:15.275,1.9757,1.9758,0.90,0.80
2008.04.16 12:07:15.587,1.9757,1.9758,0.90,0.80
2008.04.16 12:07:15.898,1.97565,1.9758,1.60,0.80
2008.04.16 12:07:16.209,1.97565,1.9758,1.60,0.80
2008.04.16 12:07:16.445,1.97565,1.9758,1.60,0.80
2008.04.16 12:07:16.679,1.97565,1.9758,1.60,0.80
2008.04.16 12:07:16.915,1.97565,1.9758,1.60,0.80
2008.04.16 12:07:17.153,1.97565,1.9758,1.60,0.80
2008.04.16 12:07:17.386,1.97565,1.9758,1.60,0.80
2008.04.16 12:07:17.686,1.97565,1.9758,1.60,0.80
2008.04.16 12:07:17.986,1.97565,1.9758,1.60,0.80
2008.04.16 12:07:18.286,1.97565,1.9758,1.60,0.80
2008.04.16 12:07:18.491,1.97565,1.9758,1.60,0.80
2008.04.16 12:07:18.721,1.97565,1.9758,1.60,0.80
2008.04.16 12:07:18.960,1.97565,1.9758,1.60,0.80
2008.04.16 12:07:19.164,1.97565,1.9758,1.60,0.80
2008.04.16 12:07:19.368,1.97565,1.9758,1.60,0.80
2008.04.16 12:07:19.624,1.97565,1.9758,1.60,0.80
2008.04.16 12:07:19.879,1.97565,1.9758,0.70,0.90
2008.04.16 12:07:20.170,1.9756,1.9757,0.90,0.80
2008.04.16 12:07:20.425,1.9756,1.9757,0.90,0.80
2008.04.16 12:07:20.641,1.9756,1.9757,0.90,0.80
2008.04.16 12:07:20.855,1.9756,1.9757,0.90,0.80
2008.04.16 12:07:21.072,1.9756,1.9757,0.90,0.80
2008.04.16 12:07:21.315,1.9756,1.9757,0.90,0.80
2008.04.16 12:07:21.558,1.9756,1.9757,0.90,0.80
2008.04.16 12:07:21.802,1.9756,1.9757,0.90,0.80
2008.04.16 12:07:22.042,1.9756,1.9757,0.90,0.80
2008.04.16 12:07:22.282,1.9756,1.9757,0.90,0.80
2008.04.16 12:07:22.523,1.9756,1.9757,0.90,0.80
2008.04.16 12:07:22.844,1.9756,1.9757,0.90,0.80
2008.04.16 12:07:23.164,1.9756,1.9757,0.90,0.80
2008.04.16 12:07:23.483,1.9756,1.9757,0.90,0.80
2008.04.16 12:07:23.699,1.9756,1.9757,0.90,0.80
2008.04.16 12:07:23.916,1.9756,1.9757,0.90,0.80
2008.04.16 12:07:24.158,1.9756,1.9757,0.90,0.80
2008.04.16 12:07:24.407,1.9756,1.9757,0.90,0.80
2008.04.16 12:07:24.628,1.9756,1.9757,0.90,0.80
2008.04.16 12:07:24.884,1.9756,1.9757,0.90,0.80
2008.04.16 12:07:25.172,1.9756,1.9757,0.90,0.80
2008.04.16 12:07:25.394,1.97555,1.9757,0.70,1.70
2008.04.16 12:07:25.676,1.9755,1.9757,0.90,1.70
2008.04.16 12:07:25.955,1.9755,1.9757,0.90,1.70
2008.04.16 12:07:26.236,1.9755,1.9757,0.90,1.70
2008.04.16 12:07:26.517,1.9755,1.9757,0.90,1.70
2008.04.16 12:07:26.772,1.9755,1.9757,0.90,1.70
2008.04.16 12:07:27.028,1.9755,1.9757,0.90,1.70
2008.04.16 12:07:27.284,1.9755,1.9757,0.90,1.70
2008.04.16 12:07:27.539,1.97555,1.9757,0.90,0.80
2008.04.16 12:07:27.801,1.97555,1.9757,0.90,0.80
2008.04.16 12:07:28.061,1.97555,1.9757,4.80,0.80
2008.04.16 12:07:28.321,1.97555,1.9757,0.90,0.80
2008.04.16 12:07:28.581,1.97555,1.9757,0.90,0.80
2008.04.16 12:07:28.842,1.9755,1.9757,1.60,2.50
2008.04.16 12:07:29.102,1.9755,1.9757,1.60,2.50
2008.04.16 12:07:29.362,1.9755,1.9757,0.80,2.50
2008.04.16 12:07:29.623,1.9755,1.9756,0.80,0.80
2008.04.16 12:07:29.894,1.97545,1.9756,1.60,0.80
2008.04.16 12:07:30.164,1.97545,1.9756,0.80,0.80
2008.04.16 12:07:30.435,1.9754,1.9756,1.60,1.70
2008.04.16 12:07:30.706,1.9754,1.9756,0.80,1.70
2008.04.16 12:07:30.941,1.9754,1.9756,0.80,1.70
2008.04.16 12:07:31.162,1.9754,1.9756,0.80,1.70
2008.04.16 12:07:31.383,1.9754,1.97555,0.80,2.40
2008.04.16 12:07:31.640,1.9754,1.97555,0.80,2.40
2008.04.16 12:07:31.901,1.97535,1.97555,1.60,3.30
2008.04.16 12:07:32.161,1.97535,1.97555,1.60,3.30
2008.04.16 12:07:32.459,1.9753,1.9754,0.70,0.90
2008.04.16 12:07:32.745,1.97525,1.9754,0.70,0.90
2008.04.16 12:07:33.059,1.97525,1.9754,1.60,0.80
2008.04.16 12:07:33.341,1.97525,1.9754,0.80,0.80
2008.04.16 12:07:33.622,1.9752,1.9754,0.80,1.70
2008.04.16 12:07:33.862,1.9752,1.9754,0.80,1.70
2008.04.16 12:07:34.110,1.97525,1.97545,0.80,5.70
2008.04.16 12:07:34.329,1.97525,1.97545,0.80,3.30
2008.04.16 12:07:34.554,1.9753,1.97545,0.80,2.40
2008.04.16 12:07:34.772,1.9753,1.97545,0.80,2.40
2008.04.16 12:07:35.089,1.97535,1.9754,0.80,0.80
2008.04.16 12:07:35.437,1.9753,1.97535,0.70,0.80
2008.04.16 12:07:35.727,1.97525,1.97535,1.60,3.20
2008.04.16 12:07:35.979,1.97525,1.97535,0.80,3.20
2008.04.16 12:07:36.229,1.97525,1.97535,0.80,3.20
2008.04.16 12:07:36.483,1.97525,1.97535,0.80,3.20
2008.04.16 12:07:36.734,1.97525,1.97535,0.80,3.20
2008.04.16 12:07:36.972,1.9752,1.9753,0.70,0.80
2008.04.16 12:07:37.208,1.9752,1.9753,0.70,0.80
2008.04.16 12:07:37.444,1.97515,1.9753,1.60,0.80
2008.04.16 12:07:37.681,1.97515,1.9753,1.60,0.80
2008.04.16 12:07:37.957,1.97515,1.9753,1.60,0.80
2008.04.16 12:07:38.231,1.97515,1.9753,1.60,0.80
2008.04.16 12:07:38.506,1.97515,1.9753,1.60,0.80
2008.04.16 12:07:38.782,1.97515,1.9753,1.60,0.80
2008.04.16 12:07:39.057,1.97515,1.9753,1.60,0.80
2008.04.16 12:07:39.304,1.97515,1.9753,1.60,0.80
2008.04.16 12:07:39.549,1.9752,1.9753,0.90,0.80
2008.04.16 12:07:39.794,1.9752,1.9753,0.90,0.80
2008.04.16 12:07:40.080,1.9752,1.9753,0.90,0.80
2008.04.16 12:07:40.393,1.9752,1.9753,0.90,0.80
2008.04.16 12:07:40.679,1.9752,1.9753,0.90,0.80
2008.04.16 12:07:40.966,1.9752,1.9753,0.90,0.80
2008.04.16 12:07:41.236,1.9752,1.9753,0.90,0.80
2008.04.16 12:07:41.507,1.9752,1.9753,0.90,0.80
2008.04.16 12:07:41.777,1.9752,1.9753,0.90,0.80
2008.04.16 12:07:42.049,1.9752,1.9753,0.90,0.80
2008.04.16 12:07:42.321,1.9752,1.9753,0.90,0.80
2008.04.16 12:07:42.591,1.9752,1.9753,0.90,0.80
2008.04.16 12:07:42.861,1.9752,1.9753,0.90,0.80
2008.04.16 12:07:43.107,1.9752,1.9753,0.90,0.80
2008.04.16 12:07:43.390,1.9752,1.9753,0.90,0.80
2008.04.16 12:07:43.635,1.9752,1.9753,0.90,0.80
2008.04.16 12:07:43.879,1.9752,1.9753,0.90,0.80
2008.04.16 12:07:44.190,1.9752,1.9753,0.90,0.80
2008.04.16 12:07:44.500,1.9752,1.9753,0.90,0.80
2008.04.16 12:07:44.810,1.9752,1.9753,0.90,0.80
2008.04.16 12:07:45.051,1.97525,1.9753,0.90,0.80
2008.04.16 12:07:45.292,1.97525,1.9753,0.90,0.80
2008.04.16 12:07:45.534,1.9752,1.9753,1.60,0.80
2008.04.16 12:07:45.775,1.9752,1.9753,0.90,0.80
2008.04.16 12:07:46.015,1.9752,1.9753,0.90,0.80
2008.04.16 12:07:46.290,1.9752,1.9753,0.90,0.80
2008.04.16 12:07:46.565,1.9752,1.9753,0.90,0.80
2008.04.16 12:07:46.840,1.9752,1.9753,0.90,0.80
2008.04.16 12:07:47.095,1.9752,1.9753,0.90,0.80
2008.04.16 12:07:47.349,1.9752,1.9753,0.90,0.80
2008.04.16 12:07:47.604,1.9752,1.9753,0.90,0.80
2008.04.16 12:07:47.888,1.9752,1.9753,0.90,0.80
2008.04.16 12:07:48.152,1.9752,1.9753,0.90,0.80
2008.04.16 12:07:48.418,1.9752,1.9753,0.90,0.80
2008.04.16 12:07:48.685,1.97525,1.9753,0.90,0.80
2008.04.16 12:07:48.951,1.97525,1.9753,0.90,0.80
2008.04.16 12:07:49.227,1.97525,1.9753,1.60,0.80
2008.04.16 12:07:49.503,1.97525,1.9753,1.60,0.80
2008.04.16 12:07:49.779,1.97525,1.9753,1.60,0.80
2008.04.16 12:07:50.082,1.97525,1.9753,0.90,0.80
2008.04.16 12:07:50.296,1.97525,1.9753,0.90,0.80
2008.04.16 12:07:50.511,1.97525,1.9753,0.90,0.80
2008.04.16 12:07:50.727,1.97525,1.9753,0.90,0.80
2008.04.16 12:07:50.943,1.97525,1.9753,0.90,0.80
2008.04.16 12:07:51.214,1.97525,1.9753,0.90,0.80
2008.04.16 12:07:51.454,1.97525,1.9753,0.90,0.80
2008.04.16 12:07:51.695,1.97525,1.9753,0.90,0.80
2008.04.16 12:07:51.936,1.9752,1.9753,0.70,0.80
2008.04.16 12:07:52.193,1.97515,1.9753,1.60,0.80
2008.04.16 12:07:52.448,1.97515,1.9753,1.60,0.80
2008.04.16 12:07:52.736,1.97515,1.9753,1.60,0.80
2008.04.16 12:07:52.991,1.97515,1.9753,1.60,0.80
2008.04.16 12:07:53.175,1.97515,1.9753,1.60,0.80
2008.04.16 12:07:53.361,1.97515,1.9753,1.60,0.80
2008.04.16 12:07:53.547,1.97515,1.9753,1.60,0.80
2008.04.16 12:07:53.734,1.97515,1.9753,1.60,0.80
2008.04.16 12:07:53.918,1.97515,1.9753,1.60,0.80
2008.04.16 12:07:54.104,1.97515,1.9753,1.60,0.80
2008.04.16 12:07:54.401,1.97515,1.9753,1.60,0.80
2008.04.16 12:07:54.720,1.97515,1.9753,1.60,0.80
2008.04.16 12:07:55.016,1.97525,1.9753,0.90,0.80
2008.04.16 12:07:55.314,1.97525,1.97545,0.90,4.90
2008.04.16 12:07:55.584,1.9753,1.97545,0.90,4.00
2008.04.16 12:07:55.854,1.9753,1.97545,0.90,4.00
2008.04.16 12:07:56.127,1.97525,1.9754,0.90,0.80
2008.04.16 12:07:56.371,1.97525,1.9754,0.90,0.80
2008.04.16 12:07:56.586,1.97525,1.9754,0.90,0.80
2008.04.16 12:07:56.801,1.97525,1.9754,0.90,0.80
2008.04.16 12:07:57.028,1.97525,1.9754,0.90,0.80
2008.04.16 12:07:57.266,1.97525,1.9754,0.90,0.80
2008.04.16 12:07:57.511,1.97525,1.9754,0.90,0.80
2008.04.16 12:07:57.785,1.97525,1.9754,0.90,0.80
2008.04.16 12:07:58.069,1.97525,1.9754,0.90,0.80
2008.04.16 12:07:58.277,1.97525,1.9754,0.90,0.80
2008.04.16 12:07:58.541,1.97525,1.9754,0.90,0.80
2008.04.16 12:07:58.805,1.97525,1.9754,0.90,0.80
2008.04.16 12:07:59.070,1.97525,1.9754,0.90,0.80
2008.04.16 12:07:59.336,1.97525,1.9754,0.90,0.80
2008.04.16 12:07:59.560,1.97525,1.9754,0.90,0.80
2008.04.16 12:07:59.785,1.97525,1.9754,0.90,0.80
2008.04.16 12:08:00.010,1.97525,1.9754,0.90,0.80
2008.04.16 12:08:00.236,1.97525,1.9754,0.90,0.80
2008.04.16 12:08:00.549,1.97525,1.9754,0.90,0.80
2008.04.16 12:08:00.860,1.97525,1.9754,0.90,0.80
2008.04.16 12:08:01.152,1.97525,1.9754,0.90,0.80
2008.04.16 12:08:01.439,1.97525,1.9754,0.90,0.80
2008.04.16 12:08:01.677,1.9752,1.9754,0.90,1.70
2008.04.16 12:08:01.911,1.9752,1.9754,0.90,1.70
2008.04.16 12:08:02.179,1.9752,1.9754,0.90,1.70
2008.04.16 12:08:02.447,1.97515,1.97535,1.60,0.90
2008.04.16 12:08:02.746,1.97515,1.9753,1.60,0.80
2008.04.16 12:08:03.032,1.9752,1.9753,0.90,0.80
2008.04.16 12:08:03.298,1.9752,1.9753,0.90,0.80
2008.04.16 12:08:03.562,1.97515,1.9753,3.20,0.80
2008.04.16 12:08:03.805,1.97515,1.9753,1.60,0.80
2008.04.16 12:08:04.046,1.9752,1.9753,0.90,0.80
2008.04.16 12:08:04.286,1.9752,1.9753,0.90,0.80
2008.04.16 12:08:04.556,1.9752,1.9753,0.90,0.80
2008.04.16 12:08:04.825,1.9752,1.9753,0.90,0.80
2008.04.16 12:08:05.096,1.9752,1.9754,0.90,0.90
2008.04.16 12:08:05.367,1.9752,1.9754,0.90,0.90
2008.04.16 12:08:07.135,1.9752,1.9754,0.90,0.90
2008.04.16 12:08:08.218,1.9753,1.97535,0.90,2.40
2008.04.16 12:08:08.299,1.9753,1.9754,0.90,0.80
2008.04.16 12:08:08.378,1.9753,1.9754,0.90,0.80
2008.04.16 12:08:08.504,1.97525,1.9754,3.20,0.80
2008.04.16 12:08:08.581,1.97525,1.9754,3.20,0.80
2008.04.16 12:08:08.691,1.97525,1.97545,1.60,7.30
2008.04.16 12:08:08.814,1.97525,1.97545,0.90,4.90
2008.04.16 12:08:08.921,1.97525,1.97545,0.90,4.90
2008.04.16 12:08:08.996,1.9754,1.97545,0.90,4.00
2008.04.16 12:08:09.071,1.9754,1.9755,0.90,2.40
2008.04.16 12:08:09.187,1.9754,1.9755,0.90,2.40
2008.04.16 12:08:09.523,1.9754,1.9755,0.90,0.80
2008.04.16 12:08:09.861,1.9755,1.97555,0.20,3.10
2008.04.16 12:08:10.240,1.97555,1.97565,0.90,5.60
2008.04.16 12:08:10.451,1.9756,1.97565,0.90,2.40
2008.04.16 12:08:10.662,1.9756,1.97575,0.90,4.00
2008.04.16 12:08:10.876,1.9756,1.97575,0.90,2.40
2008.04.16 12:08:11.090,1.9756,1.9758,0.90,1.70
2008.04.16 12:08:11.309,1.9756,1.9758,0.90,1.70
2008.04.16 12:08:11.626,1.97565,1.9758,0.90,0.80
2008.04.16 12:08:11.938,1.97565,1.9758,0.90,0.80
2008.04.16 12:08:12.281,1.97565,1.9758,0.90,0.80
2008.04.16 12:08:12.527,1.9757,1.9758,0.90,0.80
2008.04.16 12:08:12.734,1.9757,1.9758,0.90,0.80
2008.04.16 12:08:12.977,1.9757,1.9758,0.90,0.80
2008.04.16 12:08:13.204,1.97565,1.9758,1.60,0.80
2008.04.16 12:08:13.443,1.97565,1.9758,0.70,1.70
2008.04.16 12:08:13.753,1.97565,1.9758,0.70,1.70
2008.04.16 12:08:14.065,1.97555,1.97575,3.20,0.90
2008.04.16 12:08:14.416,1.97555,1.9757,1.60,0.80
2008.04.16 12:08:14.661,1.97555,1.9757,0.70,1.70
2008.04.16 12:08:14.948,1.9755,1.9757,0.90,1.70
2008.04.16 12:08:15.227,1.97545,1.97565,1.60,0.90
2008.04.16 12:08:15.475,1.9754,1.9756,1.60,0.90
2008.04.16 12:08:15.736,1.9754,1.9756,0.90,1.70
2008.04.16 12:08:15.996,1.9754,1.9756,0.90,1.70
2008.04.16 12:08:16.258,1.9754,1.9756,0.90,1.70
2008.04.16 12:08:16.517,1.9754,1.9756,0.90,1.70
2008.04.16 12:08:16.717,1.9754,1.9756,0.90,1.70
2008.04.16 12:08:16.918,1.9754,1.9756,0.90,1.70
2008.04.16 12:08:17.117,1.9754,1.9756,0.90,1.70
2008.04.16 12:08:17.317,1.9754,1.9756,0.90,1.70
2008.04.16 12:08:17.518,1.9754,1.9756,0.90,1.70
2008.04.16 12:08:17.818,1.9754,1.9756,0.90,1.70
2008.04.16 12:08:18.122,1.97535,1.97555,1.60,3.30
2008.04.16 12:08:18.462,1.97535,1.97555,0.90,3.30
2008.04.16 12:08:18.664,1.97535,1.9755,0.90,0.80
2008.04.16 12:08:18.864,1.97535,1.9755,0.90,0.80
2008.04.16 12:08:19.066,1.97535,1.9755,0.90,0.80
2008.04.16 12:08:19.266,1.97535,1.9755,0.90,0.80
2008.04.16 12:08:19.467,1.97535,1.9755,1.60,0.80
2008.04.16 12:08:19.752,1.97535,1.9755,1.60,0.80
2008.04.16 12:08:20.037,1.9754,1.9755,0.90,0.80
2008.04.16 12:08:20.357,1.9754,1.97555,0.90,2.40
2008.04.16 12:08:20.644,1.9754,1.97555,0.90,2.40
2008.04.16 12:08:20.854,1.9754,1.97555,0.90,2.40
2008.04.16 12:08:21.066,1.9754,1.97555,0.90,2.40
2008.04.16 12:08:21.275,1.9754,1.97555,0.90,2.40
2008.04.16 12:08:21.485,1.97535,1.97555,1.60,3.30
2008.04.16 12:08:21.712,1.97535,1.97555,1.60,3.30
2008.04.16 12:08:21.937,1.97535,1.97555,0.90,3.30
2008.04.16 12:08:22.163,1.97535,1.9755,0.90,0.80
2008.04.16 12:08:22.389,1.97535,1.9755,0.90,0.80
2008.04.16 12:08:22.614,1.97535,1.9755,0.90,0.80
2008.04.16 12:08:22.885,1.97535,1.9755,0.90,0.80
2008.04.16 12:08:23.157,1.9753,1.9755,1.60,1.70
2008.04.16 12:08:23.427,1.9753,1.9755,0.90,1.70
2008.04.16 12:08:23.697,1.9753,1.9755,0.90,1.70
2008.04.16 12:08:23.957,1.9753,1.9755,0.90,1.70
2008.04.16 12:08:24.219,1.97525,1.97545,1.60,0.90
2008.04.16 12:08:24.479,1.97525,1.97545,1.60,0.90
2008.04.16 12:08:24.740,1.97525,1.9754,1.60,0.80
2008.04.16 12:08:24.997,1.97525,1.9754,1.60,0.80
2008.04.16 12:08:25.252,1.97525,1.9754,1.60,0.80
2008.04.16 12:08:25.537,1.97525,1.9754,1.60,0.80
2008.04.16 12:08:25.796,1.97525,1.9754,0.90,0.80
2008.04.16 12:08:26.108,1.9752,1.9754,1.60,1.70
2008.04.16 12:08:26.389,1.9752,1.9754,0.90,1.70
2008.04.16 12:08:26.669,1.9752,1.9754,0.90,1.70
2008.04.16 12:08:26.894,1.9752,1.9754,0.90,1.70
2008.04.16 12:08:27.120,1.97515,1.97535,1.60,0.90
2008.04.16 12:08:27.348,1.97515,1.97535,1.60,0.90
2008.04.16 12:08:27.575,1.97515,1.9753,1.60,0.80
2008.04.16 12:08:27.799,1.97515,1.9753,1.60,0.80
2008.04.16 12:08:28.020,1.97515,1.9753,1.60,0.80
2008.04.16 12:08:28.272,1.97515,1.9753,1.60,0.80
2008.04.16 12:08:28.461,1.97515,1.9753,1.60,0.80
2008.04.16 12:08:28.681,1.97515,1.9753,1.60,0.80
2008.04.16 12:08:28.919,1.97515,1.9753,1.60,0.80
2008.04.16 12:08:29.160,1.97515,1.9753,1.60,0.80
2008.04.16 12:08:29.375,1.97515,1.9753,1.60,0.80
2008.04.16 12:08:29.591,1.9752,1.9753,0.90,0.80
2008.04.16 12:08:29.807,1.9752,1.9753,0.90,0.80
2008.04.16 12:08:30.068,1.9752,1.9754,0.90,1.70
2008.04.16 12:08:30.328,1.9752,1.9754,0.90,1.70
2008.04.16 12:08:30.588,1.9752,1.9754,0.90,1.70
2008.04.16 12:08:30.848,1.9752,1.9754,0.90,1.70
2008.04.16 12:08:31.113,1.9752,1.9754,0.90,1.70
2008.04.16 12:08:31.378,1.9752,1.9754,0.90,1.70
2008.04.16 12:08:31.643,1.9752,1.9754,0.90,1.70
2008.04.16 12:08:31.912,1.9752,1.9754,0.90,1.70
2008.04.16 12:08:32.135,1.9752,1.9754,0.90,1.70
2008.04.16 12:08:32.360,1.9752,1.9754,0.90,1.70
2008.04.16 12:08:32.606,1.9752,1.9754,0.90,1.70
2008.04.16 12:08:32.831,1.9752,1.9754,0.90,1.70
2008.04.16 12:08:33.081,1.9752,1.9754,0.90,1.70
2008.04.16 12:08:33.331,1.9752,1.9754,0.90,1.70
2008.04.16 12:08:33.579,1.9752,1.9754,0.90,1.70
2008.04.16 12:08:33.828,1.9752,1.9754,0.90,1.70
2008.04.16 12:08:34.079,1.9752,1.9754,0.90,1.70
2008.04.16 12:08:34.315,1.9752,1.9754,0.90,1.70
2008.04.16 12:08:34.546,1.9752,1.9754,0.90,1.70
2008.04.16 12:08:34.777,1.9752,1.9754,0.90,1.70
2008.04.16 12:08:35.043,1.9752,1.9754,0.90,1.70
2008.04.16 12:08:35.343,1.9752,1.9754,0.90,1.70
2008.04.16 12:08:35.645,1.9752,1.9754,0.90,1.70
2008.04.16 12:08:35.942,1.9752,1.9754,0.90,1.70
2008.04.16 12:08:36.213,1.9752,1.9754,0.90,1.70
2008.04.16 12:08:36.456,1.9752,1.9754,0.90,1.70
2008.04.16 12:08:36.702,1.9752,1.9754,0.90,1.70
2008.04.16 12:08:36.948,1.9752,1.9754,0.90,1.70
2008.04.16 12:08:37.197,1.97525,1.9754,0.90,0.80
2008.04.16 12:08:37.455,1.97525,1.9754,0.90,0.80
2008.04.16 12:08:37.713,1.97525,1.97545,0.90,3.30
2008.04.16 12:08:37.971,1.97525,1.97545,1.60,0.90
2008.04.16 12:08:38.198,1.9753,1.9755,0.90,6.50
2008.04.16 12:08:38.427,1.9753,1.9755,1.70,5.70
2008.04.16 12:08:38.653,1.9753,1.9755,1.70,0.90
2008.04.16 12:08:38.879,1.9753,1.9755,1.70,0.90
2008.04.16 12:08:39.137,1.9753,1.9755,1.70,0.90
2008.04.16 12:08:39.477,1.9753,1.9755,1.70,0.90
2008.04.16 12:08:39.837,1.97535,1.97555,0.90,4.90
2008.04.16 12:08:40.163,1.97535,1.97555,1.60,2.50
2008.04.16 12:08:40.381,1.97535,1.97555,1.60,2.50
2008.04.16 12:08:40.599,1.9754,1.97555,0.90,1.60
2008.04.16 12:08:40.814,1.9754,1.9756,0.90,0.90
2008.04.16 12:08:41.029,1.9754,1.9756,0.90,0.90
2008.04.16 12:08:41.330,1.9754,1.9756,1.70,0.90
2008.04.16 12:08:41.630,1.9754,1.9756,0.90,1.70
2008.04.16 12:08:41.931,1.9754,1.9756,0.90,1.70
2008.04.16 12:08:42.231,1.9754,1.9756,0.90,1.70
2008.04.16 12:08:42.466,1.9754,1.9756,0.90,1.70
2008.04.16 12:08:42.701,1.9754,1.9756,0.90,1.70
2008.04.16 12:08:42.936,1.9754,1.9756,0.90,1.70
2008.04.16 12:08:43.171,1.9754,1.9756,0.90,1.70
2008.04.16 12:08:43.459,1.9754,1.9756,0.90,1.70
2008.04.16 12:08:43.749,1.9754,1.9756,0.90,1.70
2008.04.16 12:08:44.039,1.9754,1.9756,0.90,1.70
2008.04.16 12:08:44.329,1.9754,1.9756,0.90,1.70
2008.04.16 12:08:44.574,1.9754,1.9756,0.90,1.70
2008.04.16 12:08:44.811,1.9754,1.9756,0.90,0.90
2008.04.16 12:08:45.045,1.9754,1.9756,0.90,0.90
2008.04.16 12:08:45.279,1.9754,1.9756,0.90,0.90
2008.04.16 12:08:45.510,1.9754,1.9756,0.90,0.90
2008.04.16 12:08:45.739,1.9754,1.9756,0.90,0.90
2008.04.16 12:08:45.969,1.9754,1.9756,0.90,0.90
2008.04.16 12:08:46.204,1.9754,1.9756,0.90,0.90
2008.04.16 12:08:46.466,1.9754,1.9756,0.90,0.90
2008.04.16 12:08:46.766,1.9754,1.9756,0.90,0.90
2008.04.16 12:08:47.039,1.97545,1.97565,0.90,6.50
2008.04.16 12:08:47.334,1.97545,1.97565,0.90,6.50
2008.04.16 12:08:47.594,1.9754,1.9756,2.40,0.90
2008.04.16 12:08:47.891,1.9754,1.9756,1.70,0.90
2008.04.16 12:08:48.150,1.9754,1.9756,1.70,0.90
2008.04.16 12:08:48.410,1.9754,1.9756,1.70,0.90
2008.04.16 12:08:48.685,1.9754,1.9756,1.70,0.90
2008.04.16 12:08:48.960,1.9754,1.9756,1.70,0.90
2008.04.16 12:08:49.267,1.9754,1.9756,1.70,0.90
2008.04.16 12:08:49.544,1.9754,1.9756,1.70,0.90
2008.04.16 12:08:49.795,1.9754,1.9756,1.90,0.90
2008.04.16 12:08:50.079,1.9754,1.9756,1.70,0.90
2008.04.16 12:08:50.329,1.9754,1.9756,1.70,0.90
2008.04.16 12:08:50.630,1.9754,1.9756,1.70,0.90
2008.04.16 12:08:50.931,1.9754,1.9756,1.70,0.90
2008.04.16 12:08:51.231,1.9754,1.9756,1.70,0.90
2008.04.16 12:08:51.530,1.9754,1.9756,1.70,0.90
2008.04.16 12:08:51.798,1.97545,1.97565,0.90,4.90
2008.04.16 12:08:52.062,1.97545,1.97565,0.90,4.90
2008.04.16 12:08:52.353,1.97545,1.97565,0.90,4.90
2008.04.16 12:08:52.614,1.97545,1.97565,0.90,3.30
2008.04.16 12:08:52.858,1.97545,1.97565,0.90,3.30
2008.04.16 12:08:53.103,1.97545,1.97565,0.90,3.30
2008.04.16 12:08:53.347,1.97545,1.97565,0.90,3.30
2008.04.16 12:08:53.632,1.97545,1.97565,0.90,3.30
2008.04.16 12:08:53.916,1.97545,1.97565,0.90,3.30
2008.04.16 12:08:54.202,1.97545,1.97565,0.90,3.30
2008.04.16 12:08:54.485,1.97545,1.97565,0.90,3.30
2008.04.16 12:08:54.719,1.97545,1.97565,0.90,3.30
2008.04.16 12:08:54.954,1.97545,1.97565,0.90,3.30
2008.04.16 12:08:55.190,1.97545,1.97565,0.90,3.30
2008.04.16 12:08:55.427,1.97545,1.97565,0.90,3.30
2008.04.16 12:08:55.707,1.97545,1.97565,0.90,3.30
2008.04.16 12:08:55.988,1.97545,1.97565,0.90,3.30
2008.04.16 12:08:56.278,1.97545,1.97565,0.90,3.30
2008.04.16 12:08:56.529,1.97545,1.97565,0.90,3.30
2008.04.16 12:08:56.765,1.97545,1.97565,0.90,3.30
2008.04.16 12:08:57.000,1.97545,1.97565,0.90,3.30
2008.04.16 12:08:57.276,1.97545,1.97565,0.90,3.30
2008.04.16 12:08:57.538,1.97545,1.97565,0.90,3.30
2008.04.16 12:08:57.799,1.97545,1.97565,0.90,3.30
2008.04.16 12:08:58.098,1.97545,1.97565,0.90,3.30
2008.04.16 12:08:58.355,1.97545,1.97565,0.90,3.30
2008.04.16 12:08:58.609,1.97545,1.97565,0.90,3.30
2008.04.16 12:08:58.891,1.97545,1.97565,0.90,3.30
2008.04.16 12:08:59.171,1.97545,1.97565,0.90,3.30
2008.04.16 12:08:59.482,1.97545,1.97565,0.90,3.30
2008.04.16 12:08:59.763,1.97545,1.97565,0.90,3.30
2008.04.16 12:09:00.048,1.97545,1.97565,0.90,3.30
2008.04.16 12:09:00.335,1.97545,1.97565,0.90,3.30
2008.04.16 12:09:00.620,1.97545,1.97565,0.90,3.30
2008.04.16 12:09:00.870,1.97545,1.97565,0.90,3.30
2008.04.16 12:09:01.120,1.97545,1.97565,0.90,3.30
2008.04.16 12:09:01.370,1.97545,1.97565,0.90,3.30
2008.04.16 12:09:01.644,1.97545,1.97565,0.90,3.30
2008.04.16 12:09:01.930,1.97545,1.97565,0.90,3.30
2008.04.16 12:09:02.247,1.97545,1.97565,0.90,3.30
2008.04.16 12:09:02.530,1.97545,1.97565,0.90,3.30
2008.04.16 12:09:02.816,1.97545,1.97565,0.90,3.30
2008.04.16 12:09:03.031,1.97545,1.97565,0.90,3.30
2008.04.16 12:09:03.246,1.97545,1.97565,0.90,3.30
2008.04.16 12:09:03.489,1.97545,1.97565,0.90,3.30
2008.04.16 12:09:03.703,1.97545,1.97565,0.90,3.30
2008.04.16 12:09:03.962,1.97545,1.97565,0.90,3.30
2008.04.16 12:09:04.222,1.97545,1.97565,0.90,3.30
2008.04.16 12:09:04.516,1.97545,1.97565,0.90,3.30
2008.04.16 12:09:04.741,1.97545,1.97565,0.90,3.30
2008.04.16 12:09:05.003,1.97545,1.97565,0.90,3.30
2008.04.16 12:09:05.261,1.97545,1.97565,0.90,3.30
2008.04.16 12:09:05.522,1.97545,1.97565,0.90,3.30
2008.04.16 12:09:05.781,1.97545,1.97565,0.90,3.30
2008.04.16 12:09:06.041,1.97545,1.97565,0.90,3.30
2008.04.16 12:09:06.317,1.97545,1.97565,0.90,3.30
2008.04.16 12:09:06.593,1.97545,1.97565,1.60,0.90
2008.04.16 12:09:06.867,1.97545,1.97565,1.60,0.90
2008.04.16 12:09:07.128,1.97545,1.97565,1.60,0.90
2008.04.16 12:09:07.387,1.97545,1.97565,1.60,0.90
2008.04.16 12:09:07.679,1.97545,1.97565,1.60,0.90
2008.04.16 12:09:07.944,1.97545,1.97565,1.60,0.90
2008.04.16 12:09:08.164,1.97545,1.97565,1.60,0.90
2008.04.16 12:09:08.386,1.97545,1.97565,1.60,0.90
2008.04.16 12:09:08.605,1.97545,1.97565,1.60,0.90
2008.04.16 12:09:08.825,1.97545,1.97565,1.60,0.90
2008.04.16 12:09:09.141,1.97555,1.9757,0.90,0.80
2008.04.16 12:09:09.457,1.97555,1.97575,0.90,4.90
2008.04.16 12:09:09.772,1.97555,1.97575,0.90,4.90
2008.04.16 12:09:10.088,1.97555,1.97575,0.90,4.90
2008.04.16 12:09:10.319,1.97555,1.97575,0.90,4.90
2008.04.16 12:09:10.550,1.97555,1.97575,0.90,4.90
2008.04.16 12:09:10.781,1.97555,1.97575,0.90,3.30
2008.04.16 12:09:11.011,1.97555,1.97575,0.90,3.30
2008.04.16 12:09:11.303,1.97555,1.97575,0.90,3.30
2008.04.16 12:09:11.595,1.97555,1.97575,0.90,3.30
2008.04.16 12:09:11.885,1.97555,1.97575,0.90,3.30
2008.04.16 12:09:12.136,1.9755,1.9757,2.40,0.90
2008.04.16 12:09:12.420,1.9755,1.9757,0.90,0.90
2008.04.16 12:09:12.668,1.9755,1.9757,0.90,0.90
2008.04.16 12:09:12.924,1.9755,1.9757,0.90,0.90
2008.04.16 12:09:13.208,1.9755,1.9757,0.90,0.90
2008.04.16 12:09:13.494,1.9755,1.9757,1.60,0.90
2008.04.16 12:09:13.779,1.9755,1.9757,1.60,0.90
2008.04.16 12:09:14.065,1.9755,1.9757,1.60,0.90
2008.04.16 12:09:14.360,1.97555,1.9757,0.70,0.90
2008.04.16 12:09:14.627,1.9755,1.9757,0.90,0.90
2008.04.16 12:09:14.893,1.97555,1.97575,0.90,6.50
2008.04.16 12:09:15.160,1.9755,1.9757,1.60,0.90
2008.04.16 12:09:15.436,1.9755,1.9757,0.90,0.90
2008.04.16 12:09:15.711,1.9755,1.9757,0.90,0.90
2008.04.16 12:09:16.018,1.9755,1.9757,0.90,0.90
2008.04.16 12:09:16.307,1.9755,1.9757,0.90,0.90
2008.04.16 12:09:16.596,1.9755,1.9757,0.90,0.90
2008.04.16 12:09:16.886,1.9755,1.9757,0.90,0.90
2008.04.16 12:09:17.178,1.9755,1.9757,0.90,0.90
2008.04.16 12:09:17.471,1.9755,1.9757,0.90,0.90
2008.04.16 12:09:17.730,1.9755,1.9757,0.90,0.90
2008.04.16 12:09:17.990,1.9755,1.9757,1.60,0.90
2008.04.16 12:09:18.261,1.9756,1.97575,0.90,7.20
2008.04.16 12:09:18.531,1.9756,1.9758,0.90,1.70
2008.04.16 12:09:18.803,1.9756,1.9758,0.90,1.70
2008.04.16 12:09:19.071,1.9756,1.9758,0.90,1.70
2008.04.16 12:09:19.346,1.9756,1.9758,0.90,1.70
2008.04.16 12:09:19.621,1.9756,1.9758,0.90,1.70
2008.04.16 12:09:19.931,1.9756,1.9758,0.90,1.70
2008.04.16 12:09:20.220,1.9756,1.9758,0.90,1.70
2008.04.16 12:09:20.471,1.9756,1.9758,0.90,1.70
2008.04.16 12:09:20.724,1.97565,1.97585,0.90,6.50
2008.04.16 12:09:20.973,1.97565,1.97585,1.60,0.90
2008.04.16 12:09:21.225,1.9757,1.9759,1.70,2.50
2008.04.16 12:09:21.519,1.9757,1.9759,1.70,0.90
2008.04.16 12:09:21.844,1.9757,1.9759,1.70,0.90
2008.04.16 12:09:22.137,1.9757,1.9759,1.70,0.90
2008.04.16 12:09:22.408,1.9757,1.9759,1.70,0.90
2008.04.16 12:09:22.678,1.9757,1.9759,1.70,0.90
2008.04.16 12:09:22.948,1.9757,1.9759,1.70,0.90
2008.04.16 12:09:23.219,1.9757,1.9759,1.70,0.90
2008.04.16 12:09:23.484,1.9757,1.9759,1.70,0.90
2008.04.16 12:09:23.748,1.9757,1.9759,1.70,0.90
2008.04.16 12:09:24.015,1.9757,1.9759,2.40,0.90
2008.04.16 12:09:24.280,1.97575,1.97595,1.60,6.50
2008.04.16 12:09:24.525,1.97575,1.97595,1.60,2.50
2008.04.16 12:09:24.771,1.97575,1.97595,1.60,2.50
2008.04.16 12:09:25.047,1.97575,1.97595,1.60,0.90
2008.04.16 12:09:25.290,1.97575,1.97595,1.60,0.90
2008.04.16 12:09:25.588,1.97575,1.97595,1.60,0.90
2008.04.16 12:09:25.882,1.97575,1.97595,1.60,0.90
2008.04.16 12:09:26.213,1.9759,1.97605,0.90,5.60
2008.04.16 12:09:26.446,1.9759,1.97605,0.90,5.60
2008.04.16 12:09:26.717,1.97585,1.97605,1.60,2.50
2008.04.16 12:09:26.959,1.97595,1.97605,0.70,0.90
2008.04.16 12:09:27.199,1.97585,1.97605,1.60,0.90
2008.04.16 12:09:27.485,1.97585,1.97605,1.60,0.90
2008.04.16 12:09:27.771,1.97585,1.97605,1.60,0.90
2008.04.16 12:09:28.057,1.97585,1.97605,1.60,0.90
2008.04.16 12:09:28.310,1.97585,1.97605,1.60,0.90
2008.04.16 12:09:28.540,1.97585,1.97605,1.60,0.90
2008.04.16 12:09:28.771,1.97585,1.97605,1.60,0.90
2008.04.16 12:09:29.003,1.97585,1.97605,1.60,0.90
2008.04.16 12:09:29.233,1.97585,1.97605,1.60,0.90
2008.04.16 12:09:29.513,1.97585,1.97605,1.60,0.90
2008.04.16 12:09:29.826,1.97585,1.97605,1.60,0.90
2008.04.16 12:09:30.104,1.97585,1.97605,1.60,0.90
2008.04.16 12:09:30.419,1.97585,1.97605,1.60,0.90
2008.04.16 12:09:30.685,1.97585,1.97605,1.60,0.90
2008.04.16 12:09:30.952,1.97585,1.97605,1.60,0.90
2008.04.16 12:09:31.220,1.97585,1.97605,1.60,0.90
2008.04.16 12:09:31.490,1.97585,1.97605,1.60,0.90
2008.04.16 12:09:31.761,1.97585,1.97605,1.60,0.90
2008.04.16 12:09:32.050,1.97585,1.97605,1.60,0.90
2008.04.16 12:09:32.292,1.97585,1.97605,1.60,0.90
2008.04.16 12:09:32.523,1.97585,1.97605,1.60,0.90
2008.04.16 12:09:32.753,1.97585,1.97605,1.60,0.90
2008.04.16 12:09:32.983,1.97585,1.97605,1.60,0.90
2008.04.16 12:09:33.214,1.97585,1.97605,1.60,0.90
2008.04.16 12:09:33.470,1.97585,1.97605,1.60,0.90
2008.04.16 12:09:33.730,1.97585,1.97605,1.60,0.90
2008.04.16 12:09:33.990,1.97585,1.97605,1.60,0.90
2008.04.16 12:09:34.250,1.97585,1.97605,1.60,0.90
2008.04.16 12:09:34.509,1.97585,1.97605,1.60,0.90
2008.04.16 12:09:34.719,1.97585,1.97605,1.60,0.90
2008.04.16 12:09:34.936,1.97585,1.97605,1.60,0.90
2008.04.16 12:09:35.186,1.97585,1.97605,1.60,0.90
2008.04.16 12:09:35.425,1.97585,1.97605,1.60,0.90
2008.04.16 12:09:35.737,1.97585,1.97605,1.60,0.90
2008.04.16 12:09:36.012,1.97585,1.97605,1.60,0.90
2008.04.16 12:09:36.286,1.97585,1.97605,1.60,0.90
2008.04.16 12:09:36.592,1.97585,1.97605,1.60,0.90
2008.04.16 12:09:36.886,1.97585,1.97605,1.60,0.90
2008.04.16 12:09:37.184,1.97585,1.97605,1.60,0.90
2008.04.16 12:09:37.406,1.97585,1.97605,1.60,0.90
2008.04.16 12:09:37.667,1.97585,1.97605,1.60,0.90
2008.04.16 12:09:37.880,1.97585,1.97605,1.60,0.90
2008.04.16 12:09:38.096,1.97585,1.97605,1.60,0.90
2008.04.16 12:09:38.312,1.97585,1.97605,1.60,0.90
2008.04.16 12:09:38.529,1.97585,1.97605,1.60,0.90
2008.04.16 12:09:38.823,1.97585,1.97605,1.60,0.90
2008.04.16 12:09:39.119,1.97585,1.97605,1.60,0.90
2008.04.16 12:09:39.450,1.97585,1.97605,1.60,0.90
2008.04.16 12:09:39.774,1.97585,1.97605,1.60,0.90
2008.04.16 12:09:40.041,1.97585,1.97605,1.60,0.90
2008.04.16 12:09:40.307,1.97585,1.97605,1.60,0.90
2008.04.16 12:09:40.572,1.97585,1.97605,1.60,0.90
2008.04.16 12:09:40.807,1.97585,1.97605,1.60,0.90
2008.04.16 12:09:41.043,1.97585,1.97605,1.60,0.90
2008.04.16 12:09:41.277,1.97585,1.97605,1.60,0.90
2008.04.16 12:09:41.512,1.9759,1.97605,0.50,0.90
2008.04.16 12:09:41.773,1.97595,1.9761,0.70,2.50
2008.04.16 12:09:42.034,1.97595,1.9761,0.70,0.90
2008.04.16 12:09:42.296,1.976,1.97615,0.90,4.00
2008.04.16 12:09:42.591,1.976,1.97615,0.90,2.40
2008.04.16 12:09:42.872,1.97595,1.9761,0.70,0.90
2008.04.16 12:09:43.153,1.97595,1.9761,0.70,0.90
2008.04.16 12:09:43.433,1.97595,1.9761,0.70,0.90
2008.04.16 12:09:43.713,1.97595,1.9761,0.70,0.90
2008.04.16 12:09:43.988,1.97595,1.9761,0.70,0.90
2008.04.16 12:09:44.298,1.97595,1.97615,1.60,4.90
2008.04.16 12:09:44.574,1.97595,1.97615,1.60,4.90
2008.04.16 12:09:44.850,1.976,1.97615,0.90,4.00
2008.04.16 12:09:45.120,1.976,1.97615,0.90,4.00
2008.04.16 12:09:45.391,1.97605,1.97615,0.90,4.00
2008.04.16 12:09:45.663,1.9761,1.97615,0.90,4.00
2008.04.16 12:09:45.935,1.9761,1.97615,0.90,4.00
2008.04.16 12:09:46.210,1.9761,1.97615,0.90,4.00
2008.04.16 12:09:46.486,1.9761,1.97615,0.90,4.00
2008.04.16 12:09:46.763,1.97605,1.97615,2.50,4.00
2008.04.16 12:09:47.012,1.97605,1.97615,0.90,4.00
2008.04.16 12:09:47.291,1.97605,1.97615,0.90,4.00
2008.04.16 12:09:47.582,1.97605,1.97615,0.90,4.00
2008.04.16 12:09:47.829,1.97605,1.97615,0.90,4.00
2008.04.16 12:09:48.085,1.97605,1.97615,0.90,4.00
2008.04.16 12:09:48.378,1.97605,1.97625,1.60,0.90
2008.04.16 12:09:48.664,1.97605,1.97625,1.60,0.90
2008.04.16 12:09:48.953,1.97605,1.97625,1.60,0.90
2008.04.16 12:09:49.254,1.97605,1.97625,1.60,0.90
2008.04.16 12:09:49.551,1.97605,1.97625,1.60,0.90
2008.04.16 12:09:49.844,1.97605,1.97625,1.60,0.90
2008.04.16 12:09:50.093,1.97605,1.97625,1.60,1.70
2008.04.16 12:09:50.309,1.97605,1.9762,0.70,0.90
2008.04.16 12:09:50.524,1.976,1.9762,1.70,0.90
2008.04.16 12:09:50.740,1.976,1.9762,1.70,0.90
2008.04.16 12:09:50.954,1.976,1.9762,1.70,0.90
2008.04.16 12:09:51.289,1.976,1.9762,1.70,0.90
2008.04.16 12:09:51.624,1.976,1.9762,1.70,0.90
2008.04.16 12:09:51.958,1.976,1.9762,1.70,0.90
2008.04.16 12:09:52.188,1.976,1.9762,1.70,0.90
2008.04.16 12:09:52.420,1.976,1.9762,1.70,0.90
2008.04.16 12:09:52.651,1.976,1.9762,1.70,0.90
2008.04.16 12:09:52.882,1.976,1.9762,1.70,0.90
2008.04.16 12:09:53.112,1.976,1.9762,1.70,0.90
2008.04.16 12:09:53.376,1.976,1.9762,1.70,0.90
2008.04.16 12:09:53.641,1.976,1.9762,1.70,0.90
2008.04.16 12:09:53.906,1.976,1.9762,1.70,0.90
2008.04.16 12:09:54.170,1.976,1.9762,1.70,0.90
2008.04.16 12:09:54.440,1.976,1.9762,1.70,0.90
2008.04.16 12:09:54.709,1.976,1.9762,1.70,0.90
2008.04.16 12:09:54.978,1.976,1.9762,1.70,0.90
2008.04.16 12:09:55.238,1.976,1.9762,1.70,0.90
2008.04.16 12:09:55.497,1.976,1.9762,1.70,0.90
2008.04.16 12:09:55.756,1.976,1.9762,1.70,0.90
2008.04.16 12:09:56.015,1.976,1.9762,1.70,0.90
2008.04.16 12:09:56.251,1.976,1.9762,1.70,0.90
2008.04.16 12:09:56.497,1.976,1.9762,1.70,0.90
2008.04.16 12:09:56.781,1.976,1.9762,1.70,0.90
2008.04.16 12:09:57.055,1.976,1.9762,1.70,0.90
2008.04.16 12:09:57.294,1.976,1.9762,1.70,0.90
2008.04.16 12:09:57.536,1.976,1.9762,1.70,0.90
2008.04.16 12:09:57.777,1.976,1.9762,1.70,0.90
2008.04.16 12:09:58.044,1.976,1.9762,1.70,0.90
2008.04.16 12:09:58.262,1.976,1.9762,1.70,0.90
2008.04.16 12:09:58.482,1.976,1.9762,1.70,0.90
2008.04.16 12:09:58.703,1.976,1.9762,1.70,0.90
2008.04.16 12:09:58.922,1.976,1.9762,1.70,0.90
2008.04.16 12:09:59.143,1.976,1.9762,1.70,0.90
2008.04.16 12:09:59.407,1.976,1.9762,1.70,0.90
2008.04.16 12:09:59.717,1.976,1.9762,1.70,0.90
2008.04.16 12:09:59.995,1.976,1.9762,1.70,0.90
2008.04.16 12:10:00.278,1.976,1.9762,1.70,0.90
2008.04.16 12:10:00.577,1.976,1.9762,1.70,0.90
2008.04.16 12:10:00.873,1.976,1.9762,1.70,0.90
2008.04.16 12:10:01.136,1.976,1.9762,1.70,0.90
2008.04.16 12:10:01.400,1.976,1.9762,1.70,0.90
2008.04.16 12:10:01.655,1.976,1.9762,1.70,0.90
2008.04.16 12:10:01.914,1.976,1.9762,1.70,0.90
2008.04.16 12:10:02.170,1.976,1.9762,1.70,0.90
2008.04.16 12:10:02.444,1.976,1.9762,1.70,0.90
2008.04.16 12:10:02.719,1.976,1.9762,1.70,0.90
2008.04.16 12:10:02.993,1.976,1.9762,1.70,0.90
2008.04.16 12:10:03.268,1.976,1.9762,1.70,0.90
2008.04.16 12:10:03.544,1.976,1.9762,1.70,0.90
2008.04.16 12:10:03.833,1.976,1.9762,1.70,0.90
2008.04.16 12:10:04.096,1.976,1.9762,1.70,0.90
2008.04.16 12:10:04.351,1.976,1.9762,1.70,0.90
2008.04.16 12:10:04.631,1.976,1.9762,1.70,0.90
2008.04.16 12:10:04.914,1.97595,1.97615,3.20,0.90
2008.04.16 12:10:05.193,1.97595,1.97615,3.20,0.90
2008.04.16 12:10:05.475,1.97595,1.97615,3.20,0.90
2008.04.16 12:10:05.784,1.97595,1.97615,3.20,0.90
2008.04.16 12:10:06.013,1.97595,1.97615,3.20,0.90
2008.04.16 12:10:06.281,1.97595,1.97615,3.20,0.90
2008.04.16 12:10:06.542,1.97595,1.97615,3.20,0.90
2008.04.16 12:10:06.804,1.97595,1.97615,3.20,0.90
2008.04.16 12:10:07.064,1.97595,1.97615,3.20,0.90
2008.04.16 12:10:07.326,1.976,1.9762,0.90,6.50
2008.04.16 12:10:07.590,1.976,1.9762,1.70,3.30
2008.04.16 12:10:07.853,1.976,1.9762,1.70,0.90
2008.04.16 12:10:08.114,1.976,1.9762,1.70,0.90
2008.04.16 12:10:08.373,1.976,1.9762,1.70,0.90
2008.04.16 12:10:08.680,1.976,1.9762,1.70,0.90
2008.04.16 12:10:08.960,1.976,1.9762,1.70,0.90
2008.04.16 12:10:09.240,1.976,1.9762,1.70,0.90
2008.04.16 12:10:09.520,1.976,1.9762,1.70,0.90
2008.04.16 12:10:09.806,1.976,1.9762,1.70,0.90
2008.04.16 12:10:10.091,1.976,1.9762,1.70,0.90
2008.04.16 12:10:10.408,1.976,1.9762,1.70,0.90
2008.04.16 12:10:10.621,1.976,1.9762,1.70,0.90
2008.04.16 12:10:10.900,1.976,1.9762,1.70,0.90
2008.04.16 12:10:11.144,1.976,1.9762,1.70,0.90
2008.04.16 12:10:11.390,1.976,1.9762,1.70,0.90
2008.04.16 12:10:11.635,1.976,1.9762,1.70,0.90
2008.04.16 12:10:11.920,1.976,1.9762,1.70,0.90
2008.04.16 12:10:12.205,1.976,1.9762,1.70,0.90
2008.04.16 12:10:12.489,1.976,1.9762,1.70,0.90
2008.04.16 12:10:12.759,1.976,1.9762,1.70,0.90
2008.04.16 12:10:13.029,1.976,1.9762,1.70,0.90
2008.04.16 12:10:13.300,1.976,1.9762,1.70,0.90
2008.04.16 12:10:13.569,1.976,1.9762,1.70,0.90
2008.04.16 12:10:13.834,1.976,1.9762,1.70,0.90
2008.04.16 12:10:14.100,1.976,1.9762,1.70,0.90
2008.04.16 12:10:14.384,1.97605,1.97625,0.90,6.50
2008.04.16 12:10:14.649,1.97605,1.97625,1.60,0.90
2008.04.16 12:10:14.905,1.97605,1.97625,1.60,0.90
2008.04.16 12:10:15.192,1.97605,1.97625,1.60,0.90
2008.04.16 12:10:15.446,1.97605,1.97625,1.60,0.90
2008.04.16 12:10:15.702,1.97605,1.97625,1.60,0.90
2008.04.16 12:10:15.981,1.97605,1.97625,1.60,0.90
2008.04.16 12:10:16.262,1.97605,1.9762,0.70,0.90
2008.04.16 12:10:16.541,1.976,1.9762,1.70,0.90
2008.04.16 12:10:16.806,1.976,1.9762,1.70,0.90
2008.04.16 12:10:17.071,1.976,1.9762,1.70,0.90
2008.04.16 12:10:17.338,1.976,1.9762,1.70,0.90
2008.04.16 12:10:17.603,1.976,1.9762,1.70,0.90
2008.04.16 12:10:17.878,1.976,1.9762,1.70,0.90
2008.04.16 12:10:18.155,1.976,1.9762,1.70,0.90
2008.04.16 12:10:18.429,1.976,1.9762,1.70,0.90
2008.04.16 12:10:18.706,1.976,1.9762,1.70,0.90
2008.04.16 12:10:18.976,1.976,1.9762,1.70,0.90
2008.04.16 12:10:19.246,1.976,1.9762,1.70,0.90
2008.04.16 12:10:19.517,1.976,1.9762,1.70,0.90
2008.04.16 12:10:19.776,1.976,1.9762,1.70,0.90
2008.04.16 12:10:20.036,1.976,1.9762,1.70,0.90
2008.04.16 12:10:20.296,1.976,1.9762,1.70,0.90
2008.04.16 12:10:20.556,1.976,1.9762,1.70,0.90
2008.04.16 12:10:20.796,1.976,1.9762,1.70,0.90
2008.04.16 12:10:21.047,1.976,1.9762,1.70,0.90
2008.04.16 12:10:21.321,1.976,1.9762,1.70,0.90
2008.04.16 12:10:21.560,1.976,1.9762,1.70,0.90
2008.04.16 12:10:21.782,1.976,1.9762,1.70,0.90
2008.04.16 12:10:22.003,1.976,1.9762,1.70,0.90
2008.04.16 12:10:22.223,1.976,1.9762,1.70,0.90
2008.04.16 12:10:22.443,1.976,1.9762,1.70,0.90
2008.04.16 12:10:22.662,1.976,1.9762,1.70,0.90
2008.04.16 12:10:22.957,1.976,1.9762,1.70,0.90
2008.04.16 12:10:23.251,1.976,1.9762,1.70,0.90
2008.04.16 12:10:23.546,1.976,1.9762,1.70,0.90
2008.04.16 12:10:23.840,1.976,1.9762,1.70,0.90
2008.04.16 12:10:24.093,1.976,1.9762,1.70,0.90
2008.04.16 12:10:24.372,1.976,1.9762,1.70,0.90
2008.04.16 12:10:24.646,1.976,1.9762,1.70,0.90
2008.04.16 12:10:24.880,1.976,1.9762,1.70,0.90
2008.04.16 12:10:25.114,1.976,1.9762,1.70,0.90
2008.04.16 12:10:25.338,1.976,1.9762,1.70,0.90
2008.04.16 12:10:25.562,1.976,1.9762,1.70,0.90
2008.04.16 12:10:25.822,1.976,1.9762,1.70,0.90
2008.04.16 12:10:26.072,1.976,1.9762,1.70,0.90
2008.04.16 12:10:26.358,1.976,1.9762,1.70,0.90
2008.04.16 12:10:26.642,1.976,1.9762,1.70,0.90
2008.04.16 12:10:26.871,1.976,1.9762,1.70,0.90
2008.04.16 12:10:27.101,1.976,1.9762,1.70,0.90
2008.04.16 12:10:27.331,1.976,1.9762,1.70,0.90
2008.04.16 12:10:27.564,1.976,1.9762,1.70,0.90
2008.04.16 12:10:27.825,1.976,1.9762,1.70,0.90
2008.04.16 12:10:28.079,1.976,1.9762,1.70,0.90
2008.04.16 12:10:28.334,1.976,1.9762,1.70,0.90
2008.04.16 12:10:28.588,1.976,1.9762,2.40,0.90
2008.04.16 12:10:28.843,1.97605,1.97625,0.90,8.10
2008.04.16 12:10:29.090,1.97605,1.97625,1.60,0.90
2008.04.16 12:10:29.337,1.9761,1.9763,0.90,4.10
2008.04.16 12:10:29.585,1.9761,1.9763,0.90,1.70
2008.04.16 12:10:29.830,1.9761,1.9763,0.90,1.70
2008.04.16 12:10:30.111,1.9761,1.9763,0.90,1.70
2008.04.16 12:10:30.417,1.9761,1.9763,0.90,1.70
2008.04.16 12:10:30.697,1.9761,1.9763,0.90,1.70
2008.04.16 12:10:30.938,1.9761,1.9763,0.90,1.70
2008.04.16 12:10:31.179,1.9761,1.9763,0.90,1.70
2008.04.16 12:10:31.420,1.9761,1.9763,0.90,1.70
2008.04.16 12:10:31.660,1.9761,1.9763,0.90,1.70
2008.04.16 12:10:31.902,1.9761,1.9763,0.90,1.70
2008.04.16 12:10:32.197,1.9761,1.9763,0.90,1.70
2008.04.16 12:10:32.492,1.9761,1.9763,0.90,1.70
2008.04.16 12:10:32.787,1.9761,1.9763,0.90,1.70
2008.04.16 12:10:33.029,1.9761,1.9763,0.90,1.70
2008.04.16 12:10:33.270,1.9761,1.9763,0.90,1.70
2008.04.16 12:10:33.511,1.9761,1.9763,0.90,1.70
2008.04.16 12:10:33.752,1.97615,1.9763,0.90,0.80
2008.04.16 12:10:34.034,1.97615,1.97635,1.60,2.50
2008.04.16 12:10:34.315,1.97615,1.97635,1.60,2.50
2008.04.16 12:10:34.595,1.97615,1.97635,1.60,0.90
2008.04.16 12:10:34.874,1.97615,1.97635,1.60,0.90
2008.04.16 12:10:35.129,1.97615,1.97635,1.60,0.90
2008.04.16 12:10:35.384,1.97615,1.97635,1.60,0.90
2008.04.16 12:10:35.675,1.97615,1.97635,1.60,0.90
2008.04.16 12:10:35.920,1.97615,1.97635,1.60,0.90
2008.04.16 12:10:36.199,1.97615,1.97635,1.60,0.90
2008.04.16 12:10:36.454,1.97615,1.97635,1.60,0.90
2008.04.16 12:10:36.710,1.97615,1.97635,1.60,0.90
2008.04.16 12:10:36.965,1.97615,1.97635,1.60,0.90
2008.04.16 12:10:37.247,1.97615,1.97635,1.60,0.90
2008.04.16 12:10:37.516,1.97615,1.97635,1.60,0.90
2008.04.16 12:10:37.789,1.97615,1.9763,0.70,0.90
2008.04.16 12:10:38.052,1.9761,1.9763,1.70,0.90
2008.04.16 12:10:38.308,1.9761,1.9763,1.70,0.90
2008.04.16 12:10:38.564,1.9761,1.9763,1.70,0.90
2008.04.16 12:10:38.825,1.9761,1.9763,1.70,0.90
2008.04.16 12:10:39.121,1.9761,1.9763,1.70,0.90
2008.04.16 12:10:39.388,1.9761,1.9763,1.70,0.90
2008.04.16 12:10:39.679,1.9761,1.9763,1.70,0.90
2008.04.16 12:10:39.975,1.9761,1.9763,1.70,0.90
2008.04.16 12:10:40.233,1.9761,1.9763,1.70,0.90
2008.04.16 12:10:40.483,1.9761,1.9763,1.70,0.90
2008.04.16 12:10:40.733,1.9761,1.9763,1.70,0.90
2008.04.16 12:10:40.983,1.9761,1.9763,1.70,0.90
2008.04.16 12:10:41.280,1.9761,1.9763,2.40,0.90
2008.04.16 12:10:41.582,1.9761,1.9763,1.70,0.90
2008.04.16 12:10:41.847,1.9761,1.9763,1.70,0.90
2008.04.16 12:10:42.177,1.9761,1.9763,1.70,0.90
2008.04.16 12:10:42.386,1.9761,1.9763,1.70,0.90
2008.04.16 12:10:42.597,1.9761,1.9763,1.70,0.90
2008.04.16 12:10:42.808,1.9761,1.9763,1.70,0.90
2008.04.16 12:10:43.018,1.9761,1.9763,1.70,0.90
2008.04.16 12:10:43.299,1.97615,1.97635,0.90,6.50
2008.04.16 12:10:43.607,1.97615,1.97635,1.60,0.90
2008.04.16 12:10:43.889,1.97615,1.97635,1.60,0.90
2008.04.16 12:10:44.170,1.97615,1.97635,1.60,0.90
2008.04.16 12:10:44.431,1.97615,1.97635,1.60,0.90
2008.04.16 12:10:44.689,1.97615,1.97635,1.60,0.90
2008.04.16 12:10:44.945,1.97615,1.97635,1.60,0.90
2008.04.16 12:10:45.213,1.97615,1.97625,0.90,2.40
2008.04.16 12:10:45.482,1.9761,1.97625,1.50,3.30
2008.04.16 12:10:45.719,1.9761,1.97625,0.80,3.30
2008.04.16 12:10:45.957,1.97615,1.97625,0.90,2.40
2008.04.16 12:10:46.203,1.97615,1.97635,1.60,2.50
2008.04.16 12:10:46.467,1.97615,1.97635,1.60,2.50
2008.04.16 12:10:46.713,1.97615,1.97635,1.60,2.50
2008.04.16 12:10:46.959,1.97615,1.97635,1.60,2.50
2008.04.16 12:10:47.176,1.97615,1.97635,1.60,0.90
2008.04.16 12:10:47.391,1.97615,1.97635,1.60,0.90
2008.04.16 12:10:47.635,1.97615,1.97635,1.60,0.90
2008.04.16 12:10:47.852,1.97615,1.97635,1.60,0.90
2008.04.16 12:10:48.065,1.97615,1.97635,1.60,0.90
2008.04.16 12:10:48.335,1.97615,1.97635,1.60,0.90
2008.04.16 12:10:48.633,1.97615,1.97635,1.60,0.90
2008.04.16 12:10:48.936,1.97615,1.97635,1.60,0.90
2008.04.16 12:10:49.206,1.97615,1.97635,1.60,0.90
2008.04.16 12:10:49.436,1.97615,1.97635,1.60,0.90
2008.04.16 12:10:49.666,1.97615,1.97635,1.60,0.90
2008.04.16 12:10:49.930,1.97615,1.97635,1.60,0.90
2008.04.16 12:10:50.160,1.97615,1.97635,1.60,0.90
2008.04.16 12:10:50.360,1.97615,1.97635,1.60,0.90
2008.04.16 12:10:50.560,1.97615,1.97635,1.60,0.90
2008.04.16 12:10:50.760,1.9761,1.9763,2.60,0.90
2008.04.16 12:10:50.960,1.9761,1.9763,2.40,0.90
2008.04.16 12:10:51.161,1.9761,1.9763,1.70,0.90
2008.04.16 12:10:51.416,1.9761,1.9763,1.70,0.90
2008.04.16 12:10:51.672,1.97615,1.9763,0.70,0.90
2008.04.16 12:10:51.927,1.97615,1.9763,0.70,0.90
2008.04.16 12:10:52.183,1.97615,1.9763,0.70,0.90
2008.04.16 12:10:52.426,1.97615,1.9763,0.70,0.90
2008.04.16 12:10:52.665,1.97615,1.9763,0.70,0.90
2008.04.16 12:10:52.907,1.97615,1.97635,1.60,0.90
2008.04.16 12:10:53.146,1.97615,1.97635,1.60,0.90
2008.04.16 12:10:53.386,1.97615,1.97635,1.60,0.90
2008.04.16 12:10:53.677,1.97615,1.97635,1.60,0.90
2008.04.16 12:10:53.974,1.97615,1.97635,1.60,0.90
2008.04.16 12:10:54.301,1.97615,1.97635,1.60,0.90
2008.04.16 12:10:54.543,1.97615,1.97635,1.60,0.90
2008.04.16 12:10:55.786,1.97615,1.97635,1.60,0.90
2008.04.16 12:10:55.988,1.9762,1.9764,0.90,1.70
2008.04.16 12:10:56.092,1.9762,1.9764,0.90,1.70
2008.04.16 12:10:56.197,1.9762,1.9764,0.90,1.70
2008.04.16 12:10:56.303,1.9762,1.9764,0.90,1.70
2008.04.16 12:10:56.437,1.9762,1.9764,0.90,1.70
2008.04.16 12:10:56.573,1.9762,1.9764,0.90,1.70
2008.04.16 12:10:56.716,1.9762,1.9764,0.90,1.70
2008.04.16 12:10:56.848,1.9762,1.9764,0.90,1.70
2008.04.16 12:10:57.151,1.9762,1.9764,0.90,1.70
2008.04.16 12:10:57.520,1.9762,1.9764,0.90,1.70
2008.04.16 12:10:57.855,1.9762,1.9764,0.90,1.70
2008.04.16 12:10:58.099,1.9762,1.9764,0.90,1.70
2008.04.16 12:10:58.310,1.9762,1.9764,0.90,1.70
2008.04.16 12:10:58.519,1.9762,1.9764,0.90,1.70
2008.04.16 12:10:58.729,1.9762,1.9764,0.90,1.70
2008.04.16 12:10:58.941,1.9762,1.9764,0.90,1.70
2008.04.16 12:10:59.275,1.9762,1.9764,0.90,1.70
2008.04.16 12:10:59.611,1.9762,1.9764,0.90,1.70
2008.04.16 12:10:59.946,1.9762,1.9764,0.90,1.70
2008.04.16 12:11:00.176,1.9762,1.9764,0.90,1.70
2008.04.16 12:11:00.407,1.9762,1.9764,0.90,1.70
2008.04.16 12:11:00.636,1.9762,1.9764,0.90,1.70
2008.04.16 12:11:00.866,1.9762,1.9764,0.90,1.70
2008.04.16 12:11:01.096,1.9762,1.9764,0.90,1.70
2008.04.16 12:11:01.416,1.9762,1.9764,0.90,1.70
2008.04.16 12:11:01.735,1.9762,1.9764,0.90,1.70
2008.04.16 12:11:02.056,1.9762,1.9764,0.90,1.70
2008.04.16 12:11:02.282,1.9762,1.9764,0.90,1.70
2008.04.16 12:11:02.507,1.9762,1.9764,0.90,1.70
2008.04.16 12:11:02.734,1.9762,1.9764,0.90,1.70
2008.04.16 12:11:02.959,1.9762,1.9764,0.90,1.70
2008.04.16 12:11:03.185,1.9762,1.9764,0.90,1.70
2008.04.16 12:11:03.530,1.9762,1.9764,0.90,1.70
2008.04.16 12:11:03.846,1.9762,1.9764,0.90,1.70
2008.04.16 12:11:04.157,1.9762,1.9764,0.90,1.70
2008.04.16 12:11:04.386,1.9762,1.9764,0.90,1.70
2008.04.16 12:11:04.628,1.9762,1.9764,0.90,1.70
2008.04.16 12:11:04.838,1.9762,1.9764,0.90,1.70
2008.04.16 12:11:05.048,1.9762,1.9764,0.90,1.70
2008.04.16 12:11:05.316,1.9762,1.9764,0.90,1.70
2008.04.16 12:11:05.585,1.9762,1.9764,0.90,1.70
2008.04.16 12:11:05.856,1.9762,1.9764,0.90,1.70
2008.04.16 12:11:06.124,1.9762,1.9764,0.90,1.70
2008.04.16 12:11:06.354,1.9762,1.9764,0.90,1.70
2008.04.16 12:11:06.584,1.9762,1.9764,0.90,1.70
2008.04.16 12:11:06.814,1.97625,1.9764,0.90,0.80
2008.04.16 12:11:07.051,1.97625,1.97645,0.90,6.50
2008.04.16 12:11:07.266,1.97625,1.97645,0.90,6.50
2008.04.16 12:11:07.481,1.97625,1.97645,0.90,4.90
2008.04.16 12:11:07.697,1.97625,1.97645,0.90,3.30
2008.04.16 12:11:07.948,1.97625,1.97645,0.90,3.30
2008.04.16 12:11:08.127,1.97625,1.97645,0.90,3.30
2008.04.16 12:11:08.372,1.97625,1.97645,0.90,3.30
2008.04.16 12:11:08.617,1.97625,1.97645,0.90,3.30
2008.04.16 12:11:08.877,1.97625,1.97645,0.90,3.30
2008.04.16 12:11:09.122,1.97625,1.97645,0.90,3.30
2008.04.16 12:11:09.374,1.9762,1.9764,2.40,0.90
2008.04.16 12:11:09.625,1.9762,1.9764,1.70,0.90
2008.04.16 12:11:09.874,1.9762,1.9764,1.70,0.90
2008.04.16 12:11:10.123,1.9762,1.9764,1.70,0.90
2008.04.16 12:11:10.393,1.9762,1.9764,1.70,0.90
2008.04.16 12:11:10.663,1.9762,1.9764,1.70,0.90
2008.04.16 12:11:10.958,1.9762,1.9764,1.70,0.90
2008.04.16 12:11:11.257,1.9762,1.9764,1.70,0.90
2008.04.16 12:11:11.505,1.9762,1.9764,1.70,0.90
2008.04.16 12:11:11.755,1.9762,1.9764,1.70,0.90
2008.04.16 12:11:12.007,1.9762,1.9764,1.70,0.90
2008.04.16 12:11:12.257,1.9762,1.9764,1.70,0.90
2008.04.16 12:11:12.462,1.9762,1.9764,1.70,0.90
2008.04.16 12:11:12.667,1.9762,1.9764,1.70,0.90
2008.04.16 12:11:12.892,1.9762,1.9764,1.70,0.90
2008.04.16 12:11:13.096,1.9762,1.9764,1.70,0.90
2008.04.16 12:11:13.302,1.9762,1.9764,1.70,0.90
2008.04.16 12:11:13.573,1.9762,1.9764,1.70,0.90
2008.04.16 12:11:13.844,1.9762,1.9764,1.70,0.90
2008.04.16 12:11:14.138,1.9762,1.9764,1.70,0.90
2008.04.16 12:11:14.407,1.9762,1.9764,1.70,0.90
2008.04.16 12:11:14.638,1.9762,1.9764,1.70,0.90
2008.04.16 12:11:14.871,1.9762,1.9764,1.70,0.90
2008.04.16 12:11:15.101,1.9762,1.9764,1.70,0.90
2008.04.16 12:11:15.356,1.9762,1.9764,1.70,0.90
2008.04.16 12:11:15.591,1.9762,1.9764,1.70,0.90
2008.04.16 12:11:15.828,1.9762,1.9764,1.70,0.90
2008.04.16 12:11:16.065,1.9762,1.9764,1.70,0.90
2008.04.16 12:11:16.330,1.9762,1.9764,1.70,0.90
2008.04.16 12:11:16.580,1.9762,1.9764,1.70,0.90
2008.04.16 12:11:16.800,1.9762,1.9764,1.70,0.90
2008.04.16 12:11:17.021,1.9762,1.9764,1.70,0.90
2008.04.16 12:11:17.241,1.9762,1.9764,1.70,0.90
2008.04.16 12:11:17.463,1.9762,1.9764,1.70,0.90
2008.04.16 12:11:17.712,1.9762,1.9764,1.70,0.90
2008.04.16 12:11:17.963,1.9762,1.9764,1.70,0.90
2008.04.16 12:11:18.212,1.9762,1.9764,1.70,0.90
2008.04.16 12:11:18.461,1.9762,1.9764,1.70,0.90
2008.04.16 12:11:18.656,1.9762,1.9764,1.70,0.90
2008.04.16 12:11:18.884,1.9762,1.9764,1.70,0.90
2008.04.16 12:11:19.114,1.9762,1.9764,1.70,0.90
2008.04.16 12:11:19.320,1.9762,1.9764,1.70,0.90
2008.04.16 12:11:19.515,1.9762,1.9764,1.70,0.90
2008.04.16 12:11:19.830,1.9762,1.9764,2.70,0.90
2008.04.16 12:11:20.145,1.9762,1.9764,2.70,0.90
2008.04.16 12:11:20.460,1.9762,1.9764,2.80,0.90
2008.04.16 12:11:20.655,1.9762,1.9764,2.80,0.90
2008.04.16 12:11:20.881,1.97625,1.97645,0.90,7.30
2008.04.16 12:11:21.097,1.97625,1.97645,0.90,7.30
2008.04.16 12:11:21.323,1.97625,1.97645,1.60,0.90
2008.04.16 12:11:21.518,1.97625,1.97645,1.60,0.90
2008.04.16 12:11:21.819,1.9763,1.9765,0.90,3.30
2008.04.16 12:11:22.120,1.9763,1.9765,0.90,3.30
2008.04.16 12:11:22.421,1.9763,1.9765,0.90,1.70
2008.04.16 12:11:22.740,1.9763,1.9765,0.90,1.70
2008.04.16 12:11:22.966,1.9763,1.9765,0.90,1.70
2008.04.16 12:11:23.205,1.9763,1.9765,0.90,1.70
2008.04.16 12:11:23.435,1.9763,1.9765,0.90,1.70
2008.04.16 12:11:23.664,1.9763,1.9765,0.90,1.70
2008.04.16 12:11:23.983,1.9763,1.9765,0.90,1.70
2008.04.16 12:11:24.303,1.9763,1.9765,0.90,1.70
2008.04.16 12:11:24.623,1.9763,1.9765,0.90,1.70
2008.04.16 12:11:24.788,1.9763,1.9765,0.90,1.70
2008.04.16 12:11:24.953,1.9763,1.9765,0.90,1.70
2008.04.16 12:11:25.118,1.9763,1.9765,0.90,1.70
2008.04.16 12:11:25.296,1.9763,1.9765,0.90,1.70
2008.04.16 12:11:25.492,1.9763,1.9765,0.90,1.70
2008.04.16 12:11:25.689,1.9763,1.9765,0.90,1.70
2008.04.16 12:11:26.060,1.9763,1.9765,0.90,1.70
2008.04.16 12:11:26.392,1.9763,1.9765,0.90,1.70
2008.04.16 12:11:26.755,1.9763,1.9765,0.90,1.70
2008.04.16 12:11:26.970,1.9763,1.9765,0.90,1.70
2008.04.16 12:11:27.184,1.9763,1.9765,0.90,1.70
2008.04.16 12:11:27.401,1.9763,1.9765,0.90,1.70
2008.04.16 12:11:27.615,1.9763,1.9765,0.90,1.70
2008.04.16 12:11:27.833,1.9763,1.9765,0.90,1.70
2008.04.16 12:11:28.092,1.9763,1.9765,0.90,1.70
2008.04.16 12:11:28.353,1.9763,1.9765,0.90,1.70
2008.04.16 12:11:28.613,1.9763,1.9765,0.90,1.70
2008.04.16 12:11:28.917,1.9763,1.9765,0.90,1.70
2008.04.16 12:11:29.148,1.9763,1.9765,0.90,1.70
2008.04.16 12:11:29.365,1.9763,1.9765,0.90,1.70
2008.04.16 12:11:29.581,1.9763,1.9765,0.90,1.70
2008.04.16 12:11:29.833,1.9763,1.9765,0.90,1.70
2008.04.16 12:11:30.046,1.9763,1.9765,0.90,1.70
2008.04.16 12:11:30.262,1.9763,1.9765,0.90,1.70
2008.04.16 12:11:30.478,1.9763,1.9765,0.90,1.70
2008.04.16 12:11:30.693,1.9763,1.9765,0.90,1.70
2008.04.16 12:11:30.906,1.9763,1.9765,0.90,1.70
2008.04.16 12:11:31.181,1.9763,1.9765,0.90,1.70
2008.04.16 12:11:31.455,1.9763,1.9765,0.90,1.70
2008.04.16 12:11:31.731,1.9763,1.9765,0.90,1.70
2008.04.16 12:11:31.982,1.9763,1.9765,0.90,1.70
2008.04.16 12:11:32.234,1.9763,1.9765,0.90,1.70
2008.04.16 12:11:32.484,1.9763,1.9765,1.70,0.90
2008.04.16 12:11:32.736,1.9763,1.9765,2.20,0.90
2008.04.16 12:11:32.997,1.97635,1.9765,0.70,0.90
2008.04.16 12:11:33.258,1.97635,1.9765,0.70,0.90
2008.04.16 12:11:33.519,1.97635,1.9765,0.70,0.90
2008.04.16 12:11:33.779,1.97635,1.9765,0.70,0.90
2008.04.16 12:11:34.059,1.97635,1.9765,0.70,0.90
2008.04.16 12:11:34.374,1.97635,1.9765,0.70,0.90
2008.04.16 12:11:34.655,1.97635,1.9765,0.70,0.90
2008.04.16 12:11:34.934,1.97635,1.9765,0.70,0.90
2008.04.16 12:11:35.198,1.97635,1.9765,0.70,0.90
2008.04.16 12:11:35.498,1.97635,1.97655,1.60,4.90
2008.04.16 12:11:35.763,1.97635,1.97655,1.60,0.90
2008.04.16 12:11:36.029,1.9764,1.9766,1.70,3.30
2008.04.16 12:11:36.311,1.9764,1.9766,1.70,0.90
2008.04.16 12:11:36.592,1.9764,1.9766,2.00,0.90
2008.04.16 12:11:36.879,1.9764,1.9766,2.00,0.90
2008.04.16 12:11:37.164,1.9764,1.9766,2.00,0.90
2008.04.16 12:11:37.450,1.9764,1.9766,2.20,0.90
2008.04.16 12:11:37.734,1.97645,1.9766,0.70,0.90
2008.04.16 12:11:38.019,1.97645,1.9766,0.70,0.90
2008.04.16 12:11:38.287,1.9765,1.97665,0.90,3.20
2008.04.16 12:11:38.534,1.9765,1.97665,1.70,3.20
2008.04.16 12:11:38.782,1.9765,1.9767,1.70,0.90
2008.04.16 12:11:39.027,1.9765,1.9767,1.70,0.90
2008.04.16 12:11:39.307,1.9765,1.9767,1.70,0.90
2008.04.16 12:11:39.589,1.97655,1.97675,0.90,4.90
2008.04.16 12:11:39.869,1.97655,1.97675,0.90,4.90
2008.04.16 12:11:40.146,1.97655,1.97675,1.60,3.30
2008.04.16 12:11:40.461,1.97655,1.97675,1.60,3.30
2008.04.16 12:11:40.750,1.97655,1.97675,1.60,3.30
2008.04.16 12:11:41.024,1.97655,1.97675,1.60,2.50
2008.04.16 12:11:41.260,1.97655,1.97675,1.60,0.90
2008.04.16 12:11:41.495,1.97655,1.97675,1.60,0.90
2008.04.16 12:11:41.766,1.97655,1.97675,1.60,0.90
2008.04.16 12:11:42.001,1.97655,1.97675,1.60,0.90
2008.04.16 12:11:42.266,1.97655,1.97675,1.60,0.90
2008.04.16 12:11:42.533,1.97655,1.97675,1.60,0.90
2008.04.16 12:11:42.799,1.97655,1.97675,1.60,0.90
2008.04.16 12:11:43.064,1.97655,1.97675,1.60,0.90
2008.04.16 12:11:43.283,1.97655,1.97675,1.60,0.90
2008.04.16 12:11:43.520,1.97655,1.97675,1.60,0.90
2008.04.16 12:11:43.740,1.97655,1.97675,1.60,0.90
2008.04.16 12:11:43.992,1.97655,1.97675,1.60,0.90
2008.04.16 12:11:44.232,1.97655,1.97675,1.60,0.90
2008.04.16 12:11:44.502,1.97655,1.97675,1.60,0.90
2008.04.16 12:11:44.773,1.97655,1.97675,1.60,0.90
2008.04.16 12:11:45.044,1.97655,1.97675,1.60,0.90
2008.04.16 12:11:45.300,1.97655,1.97675,1.60,0.90
2008.04.16 12:11:45.586,1.97655,1.97675,1.60,0.90
2008.04.16 12:11:45.837,1.97655,1.97675,1.60,0.90
2008.04.16 12:11:46.093,1.97655,1.97675,1.60,0.90
2008.04.16 12:11:46.371,1.97655,1.97675,1.60,0.90
2008.04.16 12:11:46.646,1.97655,1.97675,1.60,1.70
2008.04.16 12:11:46.932,1.97655,1.97675,1.60,0.90
2008.04.16 12:11:47.206,1.97655,1.97675,1.60,0.90
2008.04.16 12:11:47.473,1.9766,1.9768,0.90,3.30
2008.04.16 12:11:47.677,1.9766,1.9768,1.20,1.70
2008.04.16 12:11:47.944,1.97665,1.9768,0.90,0.80
2008.04.16 12:11:48.148,1.97665,1.97685,1.60,2.50
2008.04.16 12:11:48.461,1.97665,1.97685,1.60,2.50
2008.04.16 12:11:48.742,1.97665,1.97685,1.60,3.30
2008.04.16 12:11:49.023,1.97665,1.97685,1.60,1.70
2008.04.16 12:11:49.273,1.97665,1.97685,1.60,1.70
2008.04.16 12:11:49.537,1.97665,1.97685,1.60,1.70
2008.04.16 12:11:49.786,1.97665,1.97685,1.60,1.70
2008.04.16 12:11:50.037,1.97665,1.97685,1.60,1.70
2008.04.16 12:11:50.321,1.97665,1.97685,1.60,1.70
2008.04.16 12:11:50.622,1.97665,1.97685,1.60,0.90
2008.04.16 12:11:50.906,1.9767,1.9769,0.90,3.30
2008.04.16 12:11:51.175,1.9767,1.9769,0.90,0.90
2008.04.16 12:11:51.420,1.9767,1.9769,0.90,0.90
2008.04.16 12:11:51.699,1.9767,1.9769,0.90,0.90
2008.04.16 12:11:51.945,1.9767,1.9769,0.90,0.90
2008.04.16 12:11:52.191,1.9767,1.9769,0.90,0.90
2008.04.16 12:11:52.493,1.97675,1.97695,1.60,4.10
2008.04.16 12:11:52.830,1.97675,1.9769,1.60,0.80
2008.04.16 12:11:53.132,1.97675,1.9769,0.70,1.70
2008.04.16 12:11:53.417,1.9767,1.9769,1.70,0.90
2008.04.16 12:11:53.712,1.9767,1.9769,1.70,0.90
2008.04.16 12:11:53.994,1.97675,1.97695,0.90,5.70
2008.04.16 12:11:54.281,1.97675,1.97695,1.60,0.90
2008.04.16 12:11:54.538,1.97675,1.97695,1.60,0.90
2008.04.16 12:11:54.763,1.97675,1.97695,1.60,0.90
2008.04.16 12:11:54.986,1.97675,1.97695,1.60,0.90
2008.04.16 12:11:55.212,1.97675,1.97695,1.60,0.90
2008.04.16 12:11:55.502,1.97675,1.97695,1.60,0.90
2008.04.16 12:11:55.818,1.97675,1.97695,1.60,0.90
2008.04.16 12:11:56.139,1.9768,1.97695,1.30,0.80
2008.04.16 12:11:56.440,1.97685,1.97695,0.70,0.80
2008.04.16 12:11:56.703,1.97685,1.977,0.70,0.90
2008.04.16 12:11:56.937,1.97685,1.97705,1.60,7.30
2008.04.16 12:11:57.174,1.97685,1.97705,1.60,5.70
2008.04.16 12:11:57.471,1.97685,1.977,0.70,0.90
2008.04.16 12:11:57.760,1.97685,1.977,0.70,0.90
2008.04.16 12:11:58.053,1.97685,1.97705,1.60,7.30
2008.04.16 12:11:58.376,1.97685,1.97705,1.60,0.90
2008.04.16 12:11:58.643,1.97685,1.97705,1.60,0.90
2008.04.16 12:11:58.919,1.97685,1.977,1.60,0.80
2008.04.16 12:11:59.186,1.97685,1.97705,1.60,0.90
2008.04.16 12:11:59.484,1.9769,1.9771,0.90,14.50
2008.04.16 12:11:59.754,1.9769,1.9771,0.90,1.70
2008.04.16 12:12:00.032,1.97695,1.97715,0.90,12.10
2008.04.16 12:12:00.311,1.97695,1.97715,1.60,1.70
2008.04.16 12:12:00.586,1.97695,1.97715,1.60,0.90
2008.04.16 12:12:00.866,1.97695,1.97715,1.60,1.70
2008.04.16 12:12:01.146,1.97695,1.97715,1.60,1.70
2008.04.16 12:12:01.428,1.97695,1.97715,1.60,1.70
2008.04.16 12:12:01.679,1.97695,1.97715,1.60,1.70
2008.04.16 12:12:01.929,1.97695,1.97715,1.60,1.70
2008.04.16 12:12:02.180,1.97695,1.97715,0.90,4.10
2008.04.16 12:12:02.431,1.97695,1.97715,0.90,4.10
2008.04.16 12:12:02.705,1.97695,1.97715,0.90,4.10
2008.04.16 12:12:02.974,1.97695,1.97715,0.90,3.30
2008.04.16 12:12:03.245,1.97695,1.97715,1.60,0.90
2008.04.16 12:12:03.516,1.97695,1.97715,1.60,0.90
2008.04.16 12:12:03.761,1.97695,1.97715,1.60,0.90
2008.04.16 12:12:04.005,1.97695,1.97715,1.60,0.90
2008.04.16 12:12:04.251,1.97695,1.97715,1.60,0.90
2008.04.16 12:12:04.497,1.97695,1.97715,1.60,0.90
2008.04.16 12:12:04.744,1.97695,1.97715,1.60,0.90
2008.04.16 12:12:04.984,1.97695,1.97715,1.60,0.90
2008.04.16 12:12:05.256,1.97695,1.97715,1.60,0.90
2008.04.16 12:12:05.469,1.97695,1.97715,1.60,0.90
2008.04.16 12:12:05.761,1.97695,1.97715,1.60,0.90
2008.04.16 12:12:06.052,1.97695,1.97715,1.60,0.90
2008.04.16 12:12:06.344,1.97695,1.97715,1.60,0.90
2008.04.16 12:12:06.633,1.97695,1.97715,1.60,0.90
2008.04.16 12:12:06.903,1.97695,1.97715,1.60,0.90
2008.04.16 12:12:07.200,1.97695,1.97715,1.60,0.90
2008.04.16 12:12:07.484,1.97695,1.97715,1.60,0.90
2008.04.16 12:12:07.710,1.97695,1.97715,1.60,0.90
2008.04.16 12:12:07.875,1.97695,1.97715,1.60,0.90
2008.04.16 12:12:08.073,1.97695,1.97715,1.60,0.90
2008.04.16 12:12:08.270,1.97695,1.97715,1.60,0.90
2008.04.16 12:12:08.499,1.97695,1.97715,1.60,0.90
2008.04.16 12:12:08.837,1.97695,1.97715,1.60,0.90
2008.04.16 12:12:09.172,1.97695,1.97715,1.60,0.90
2008.04.16 12:12:09.509,1.97695,1.97715,1.60,0.90
2008.04.16 12:12:09.730,1.97695,1.97715,1.60,0.90
2008.04.16 12:12:09.950,1.97695,1.97715,0.90,3.30
2008.04.16 12:12:10.173,1.97695,1.97715,0.90,3.30
2008.04.16 12:12:10.421,1.97695,1.97715,0.90,3.30
2008.04.16 12:12:10.674,1.97695,1.97715,0.90,3.30
2008.04.16 12:12:10.969,1.97695,1.97715,0.90,3.30
2008.04.16 12:12:11.264,1.97695,1.97715,0.90,3.30
2008.04.16 12:12:11.559,1.97695,1.97715,1.60,0.90
2008.04.16 12:12:11.765,1.97695,1.97715,1.60,0.90
2008.04.16 12:12:11.970,1.97695,1.97715,1.60,0.90
2008.04.16 12:12:12.175,1.97695,1.97715,1.60,0.90
2008.04.16 12:12:12.380,1.97705,1.9772,0.90,2.40
2008.04.16 12:12:12.585,1.97705,1.9772,0.90,1.60
2008.04.16 12:12:12.890,1.977,1.9772,2.40,0.90
2008.04.16 12:12:13.228,1.977,1.9772,0.90,0.90
2008.04.16 12:12:13.533,1.977,1.9772,0.90,0.90
2008.04.16 12:12:13.846,1.977,1.9772,0.90,0.90
2008.04.16 12:12:14.179,1.97705,1.97725,0.90,7.30
2008.04.16 12:12:14.509,1.97705,1.97725,0.90,5.70
2008.04.16 12:12:14.840,1.97705,1.97725,1.60,1.70
2008.04.16 12:12:15.063,1.97705,1.97725,1.60,1.70
2008.04.16 12:12:15.295,1.97705,1.97725,1.60,1.70
2008.04.16 12:12:15.490,1.97705,1.97725,1.60,1.70
2008.04.16 12:12:15.691,1.97705,1.97725,1.60,1.70
2008.04.16 12:12:15.987,1.97705,1.97725,1.60,1.70
2008.04.16 12:12:16.287,1.977,1.9772,1.70,0.90
2008.04.16 12:12:16.583,1.977,1.9772,1.70,0.90
2008.04.16 12:12:16.847,1.977,1.9772,1.70,0.90
2008.04.16 12:12:17.132,1.977,1.9772,1.70,0.90
2008.04.16 12:12:17.403,1.977,1.9772,1.70,0.90
2008.04.16 12:12:17.663,1.977,1.9772,1.70,0.90
2008.04.16 12:12:17.949,1.977,1.9772,1.70,0.90
2008.04.16 12:12:18.234,1.977,1.9772,1.70,0.90
2008.04.16 12:12:18.521,1.977,1.9772,1.70,0.90
2008.04.16 12:12:18.839,1.977,1.9772,1.70,0.90
2008.04.16 12:12:19.132,1.97695,1.9771,4.70,0.90
2008.04.16 12:12:19.409,1.9769,1.9771,1.70,0.90
2008.04.16 12:12:19.687,1.9769,1.9771,0.90,1.70
2008.04.16 12:12:19.948,1.9769,1.9771,0.90,1.70
2008.04.16 12:12:20.211,1.9769,1.9771,0.90,1.70
2008.04.16 12:12:20.470,1.9769,1.9771,0.90,1.70
2008.04.16 12:12:20.731,1.9769,1.9771,0.90,1.70
2008.04.16 12:12:21.008,1.97695,1.9771,0.90,0.80
2008.04.16 12:12:21.283,1.97695,1.97715,0.90,4.90
2008.04.16 12:12:21.563,1.977,1.9772,0.90,0.90
2008.04.16 12:12:21.838,1.977,1.9772,0.90,0.90
2008.04.16 12:12:22.085,1.97705,1.97725,0.90,9.70
2008.04.16 12:12:22.330,1.97705,1.97725,0.90,9.70
2008.04.16 12:12:22.575,1.97705,1.97725,0.90,9.70
2008.04.16 12:12:22.821,1.97705,1.97725,0.90,9.70
2008.04.16 12:12:23.094,1.97705,1.97725,0.90,9.70
2008.04.16 12:12:23.393,1.97705,1.97725,0.90,9.70
2008.04.16 12:12:23.621,1.97705,1.97725,0.90,9.70
2008.04.16 12:12:23.887,1.97705,1.97725,0.90,9.70
2008.04.16 12:12:24.122,1.97705,1.97725,0.90,8.10
2008.04.16 12:12:24.378,1.97705,1.97725,0.90,8.10
2008.04.16 12:12:24.646,1.97705,1.97725,1.60,5.70
2008.04.16 12:12:24.916,1.97705,1.97725,1.60,5.70
2008.04.16 12:12:25.209,1.97705,1.97725,1.60,5.70
2008.04.16 12:12:25.464,1.97705,1.97725,1.60,5.70
2008.04.16 12:12:25.762,1.97705,1.97725,1.60,5.70
2008.04.16 12:12:26.057,1.97705,1.97725,1.60,5.70
2008.04.16 12:12:26.323,1.97705,1.97725,1.60,5.70
2008.04.16 12:12:26.590,1.97705,1.9772,0.70,0.90
2008.04.16 12:12:26.855,1.977,1.9772,1.70,0.90
2008.04.16 12:12:27.074,1.977,1.9772,1.70,0.90
2008.04.16 12:12:27.295,1.977,1.9772,1.70,0.90
2008.04.16 12:12:27.515,1.977,1.9772,1.70,0.90
2008.04.16 12:12:27.756,1.977,1.9772,1.70,0.90
2008.04.16 12:12:28.009,1.977,1.9772,1.70,0.90
2008.04.16 12:12:28.281,1.977,1.9772,1.90,0.90
2008.04.16 12:12:28.552,1.977,1.9772,1.90,0.90
2008.04.16 12:12:28.827,1.977,1.9772,2.10,0.90
2008.04.16 12:12:29.129,1.977,1.9772,2.10,0.90
2008.04.16 12:12:29.406,1.977,1.9772,2.10,0.90
2008.04.16 12:12:29.676,1.977,1.9772,2.50,0.90
2008.04.16 12:12:29.971,1.97705,1.97725,1.60,8.90
2008.04.16 12:12:30.257,1.97705,1.97725,1.60,0.90
2008.04.16 12:12:30.546,1.97705,1.97725,1.60,0.90
2008.04.16 12:12:30.833,1.97705,1.97725,1.60,0.90
2008.04.16 12:12:31.092,1.97705,1.97725,1.60,0.90
2008.04.16 12:12:31.373,1.97705,1.97725,1.60,0.90
2008.04.16 12:12:31.632,1.97705,1.97725,1.60,0.90
2008.04.16 12:12:31.887,1.97705,1.97725,1.60,0.90
2008.04.16 12:12:32.143,1.97705,1.97725,1.60,0.90
2008.04.16 12:12:32.413,1.9771,1.9773,0.90,10.50
2008.04.16 12:12:32.684,1.9771,1.9773,0.90,8.10
2008.04.16 12:12:32.955,1.9771,1.9773,0.90,6.50
2008.04.16 12:12:33.278,1.9771,1.9773,0.90,6.50
2008.04.16 12:12:33.576,1.97705,1.97725,1.60,1.70
2008.04.16 12:12:33.841,1.97705,1.97725,1.60,1.70
2008.04.16 12:12:34.107,1.97705,1.97725,1.60,1.70
2008.04.16 12:12:34.317,1.97705,1.97725,1.60,1.70
2008.04.16 12:12:34.528,1.97705,1.9772,0.70,0.90
2008.04.16 12:12:34.738,1.97705,1.9772,0.70,0.90
2008.04.16 12:12:34.951,1.977,1.9772,2.00,0.90
2008.04.16 12:12:35.159,1.977,1.9772,2.00,0.90
2008.04.16 12:12:35.383,1.977,1.9772,2.00,0.90
2008.04.16 12:12:35.608,1.977,1.9772,2.00,0.90
2008.04.16 12:12:35.833,1.977,1.9772,2.10,0.90
2008.04.16 12:12:36.090,1.977,1.9772,2.20,0.90
2008.04.16 12:12:36.295,1.977,1.9772,2.20,0.90
2008.04.16 12:12:36.500,1.97705,1.9772,0.70,0.90
2008.04.16 12:12:36.705,1.97705,1.9772,0.70,0.90
2008.04.16 12:12:36.909,1.97705,1.9772,0.70,0.90
2008.04.16 12:12:37.127,1.97705,1.9772,0.70,0.90
2008.04.16 12:12:37.412,1.97705,1.9772,0.70,0.90
2008.04.16 12:12:37.696,1.97705,1.9772,0.70,0.90
2008.04.16 12:12:37.981,1.97705,1.9772,0.70,0.90
2008.04.16 12:12:38.266,1.977,1.9772,2.20,0.90
2008.04.16 12:12:38.517,1.977,1.9772,2.10,0.90
2008.04.16 12:12:38.768,1.977,1.9772,2.10,0.90
2008.04.16 12:12:39.018,1.977,1.9772,1.70,0.90
2008.04.16 12:12:39.268,1.977,1.9772,1.70,0.90
2008.04.16 12:12:39.543,1.977,1.9772,1.70,0.90
2008.04.16 12:12:39.817,1.977,1.9772,1.70,0.90
2008.04.16 12:12:40.092,1.977,1.9772,1.70,0.90
2008.04.16 12:12:40.367,1.977,1.9772,1.70,0.90
2008.04.16 12:12:40.608,1.977,1.9772,1.70,0.90
2008.04.16 12:12:40.847,1.977,1.9772,1.70,0.90
2008.04.16 12:12:41.087,1.977,1.9772,1.70,0.90
2008.04.16 12:12:41.329,1.977,1.9772,1.70,0.90
2008.04.16 12:12:41.627,1.977,1.9772,1.70,0.90
2008.04.16 12:12:41.928,1.977,1.9772,1.70,0.90
2008.04.16 12:12:42.230,1.977,1.9772,1.70,0.90
2008.04.16 12:12:42.532,1.977,1.9772,1.70,0.90
2008.04.16 12:12:42.797,1.977,1.9772,1.70,0.90
2008.04.16 12:12:43.064,1.977,1.9772,1.70,0.90
2008.04.16 12:12:43.328,1.977,1.9772,1.70,0.90
2008.04.16 12:12:43.602,1.977,1.9772,1.70,0.90
2008.04.16 12:12:43.845,1.977,1.9772,1.70,1.70
2008.04.16 12:12:44.085,1.977,1.9772,1.70,1.70
2008.04.16 12:12:44.326,1.977,1.9772,1.70,1.70
2008.04.16 12:12:44.566,1.977,1.9772,1.70,1.70
2008.04.16 12:12:44.871,1.977,1.9772,1.70,1.70
2008.04.16 12:12:45.171,1.97695,1.97715,1.60,1.70
2008.04.16 12:12:45.472,1.97695,1.97715,1.60,1.70
2008.04.16 12:12:45.751,1.97695,1.97715,1.60,1.70
2008.04.16 12:12:45.995,1.97695,1.97715,1.60,1.70
2008.04.16 12:12:46.240,1.97695,1.97715,1.60,1.70
2008.04.16 12:12:46.488,1.97695,1.97715,1.60,1.70
2008.04.16 12:12:46.754,1.97695,1.97715,1.60,1.70
2008.04.16 12:12:47.050,1.97695,1.97715,0.90,4.10
2008.04.16 12:12:47.344,1.97695,1.97715,0.90,4.10
2008.04.16 12:12:47.578,1.97695,1.97715,0.90,4.10
2008.04.16 12:12:47.833,1.97695,1.97715,0.90,4.10
2008.04.16 12:12:48.089,1.97695,1.97715,0.90,4.10
2008.04.16 12:12:48.343,1.97695,1.97715,0.90,4.10
2008.04.16 12:12:48.598,1.97695,1.97715,0.90,4.10
2008.04.16 12:12:48.848,1.97695,1.97715,0.90,4.10
2008.04.16 12:12:49.098,1.97695,1.97715,0.90,4.10
2008.04.16 12:12:49.349,1.97695,1.9771,0.90,0.80
2008.04.16 12:12:49.616,1.97695,1.97715,0.90,4.10
2008.04.16 12:12:49.892,1.97695,1.97715,0.90,4.10
2008.04.16 12:12:50.166,1.97695,1.97715,0.90,4.10
2008.04.16 12:12:50.440,1.97695,1.97715,0.90,4.10
2008.04.16 12:12:50.715,1.97695,1.97715,0.90,4.10
2008.04.16 12:12:50.987,1.9769,1.9771,1.60,0.90
2008.04.16 12:12:51.258,1.97695,1.9771,0.70,0.90
2008.04.16 12:12:51.530,1.9769,1.9771,2.10,0.90
2008.04.16 12:12:51.771,1.9769,1.9771,2.20,0.90
2008.04.16 12:12:52.009,1.97695,1.9771,0.70,0.90
2008.04.16 12:12:52.250,1.97695,1.9771,0.70,0.90
2008.04.16 12:12:52.491,1.97695,1.97715,1.60,4.90
2008.04.16 12:12:52.732,1.97695,1.97715,1.60,1.70
2008.04.16 12:12:53.088,1.97695,1.97715,1.60,0.90
2008.04.16 12:12:53.420,1.97695,1.97715,1.60,0.90
2008.04.16 12:12:53.745,1.97695,1.97715,1.60,0.90
2008.04.16 12:12:53.984,1.97695,1.97715,1.60,0.90
2008.04.16 12:12:54.219,1.97695,1.97715,1.60,0.90
2008.04.16 12:12:54.454,1.97695,1.9771,0.70,0.90
2008.04.16 12:12:54.689,1.97695,1.9771,0.70,0.90
2008.04.16 12:12:54.944,1.9769,1.9771,1.70,0.90
2008.04.16 12:12:55.200,1.9769,1.9771,1.70,0.90
2008.04.16 12:12:55.470,1.9769,1.9771,1.70,0.90
2008.04.16 12:12:55.724,1.9769,1.9771,1.70,0.90
2008.04.16 12:12:55.943,1.9769,1.9771,1.70,0.90
2008.04.16 12:12:56.165,1.9769,1.9771,1.90,0.90
2008.04.16 12:12:56.387,1.9769,1.9771,1.90,0.90
2008.04.16 12:12:56.608,1.9769,1.9771,1.90,0.90
2008.04.16 12:12:56.859,1.9769,1.9771,1.70,0.90
2008.04.16 12:12:57.129,1.9769,1.9771,1.70,0.90
2008.04.16 12:12:57.407,1.9769,1.9771,1.70,0.90
2008.04.16 12:12:57.681,1.97685,1.97705,3.20,0.90
2008.04.16 12:12:57.949,1.97685,1.97705,1.60,0.90
2008.04.16 12:12:58.225,1.97685,1.97705,1.60,0.90
2008.04.16 12:12:58.506,1.97685,1.97705,1.60,0.90
2008.04.16 12:12:58.752,1.97685,1.97705,1.60,0.90
2008.04.16 12:12:58.982,1.97685,1.97705,1.60,0.90
2008.04.16 12:12:59.212,1.97685,1.97705,1.60,0.90
2008.04.16 12:12:59.443,1.9769,1.97705,0.20,0.90
2008.04.16 12:12:59.676,1.97685,1.97705,1.60,0.90
2008.04.16 12:12:59.935,1.97685,1.97705,1.60,0.90
2008.04.16 12:13:00.198,1.97675,1.97695,1.90,0.90
2008.04.16 12:13:00.456,1.9768,1.97695,0.30,3.30
2008.04.16 12:13:00.712,1.9768,1.97695,0.20,3.30
2008.04.16 12:13:00.969,1.9768,1.97695,0.20,0.90
2008.04.16 12:13:01.260,1.9768,1.97695,0.50,0.90
2008.04.16 12:13:01.550,1.9768,1.97695,0.50,0.90
2008.04.16 12:13:01.848,1.9768,1.97695,0.50,0.90
2008.04.16 12:13:02.068,1.9768,1.97695,0.50,0.90
2008.04.16 12:13:02.307,1.9768,1.97695,0.30,0.90
2008.04.16 12:13:02.558,1.9768,1.97695,0.30,0.90
2008.04.16 12:13:02.746,1.9768,1.97695,0.30,0.90
2008.04.16 12:13:02.966,1.9768,1.97695,0.40,0.90
2008.04.16 12:13:03.260,1.9768,1.97695,0.40,0.90
2008.04.16 12:13:03.562,1.9768,1.97695,0.40,0.90
2008.04.16 12:13:03.826,1.9768,1.97695,0.40,0.90
2008.04.16 12:13:04.010,1.9768,1.97695,0.40,0.90
2008.04.16 12:13:04.195,1.9768,1.97695,0.40,0.90
2008.04.16 12:13:04.379,1.9768,1.97695,0.40,0.90
2008.04.16 12:13:04.564,1.9768,1.97695,0.40,0.90
2008.04.16 12:13:04.749,1.9768,1.97695,0.40,0.90
2008.04.16 12:13:04.934,1.9768,1.97695,0.50,0.90
2008.04.16 12:13:05.214,1.9768,1.97695,0.50,0.90
2008.04.16 12:13:05.495,1.9768,1.97695,0.20,0.90
2008.04.16 12:13:05.775,1.9768,1.97695,0.20,0.90
2008.04.16 12:13:06.056,1.9768,1.97695,0.20,0.90
2008.04.16 12:13:06.312,1.9768,1.97695,0.20,0.90
2008.04.16 12:13:06.567,1.9768,1.97695,0.30,0.90
2008.04.16 12:13:06.821,1.9768,1.97695,0.30,0.90
2008.04.16 12:13:07.115,1.9768,1.97695,0.30,0.90
2008.04.16 12:13:07.414,1.9768,1.97695,0.30,0.90
2008.04.16 12:13:07.646,1.9768,1.97695,0.30,0.90
2008.04.16 12:13:07.911,1.9768,1.97695,0.30,0.90
2008.04.16 12:13:08.097,1.9768,1.97695,0.20,0.90
2008.04.16 12:13:08.282,1.9768,1.97695,0.40,0.90
2008.04.16 12:13:08.467,1.9768,1.97695,0.40,0.90
2008.04.16 12:13:08.652,1.97675,1.97695,0.90,3.30
2008.04.16 12:13:08.837,1.97675,1.97695,0.90,3.30
2008.04.16 12:13:09.037,1.97675,1.97695,0.90,3.30
2008.04.16 12:13:09.280,1.97675,1.97695,0.90,3.30
2008.04.16 12:13:09.524,1.97675,1.97695,0.90,3.30
2008.04.16 12:13:09.770,1.97675,1.97695,1.60,0.90
2008.04.16 12:13:10.016,1.97675,1.97695,1.60,0.90
2008.04.16 12:13:10.250,1.97675,1.97695,1.60,0.90
2008.04.16 12:13:10.520,1.9768,1.97695,0.20,0.90
2008.04.16 12:13:10.723,1.9768,1.97695,0.20,0.90
2008.04.16 12:13:10.957,1.9768,1.97695,0.20,0.90
2008.04.16 12:13:11.227,1.9768,1.97695,0.20,0.90
2008.04.16 12:13:11.497,1.9768,1.97695,0.20,0.90
2008.04.16 12:13:11.767,1.9768,1.97695,0.20,0.90
2008.04.16 12:13:12.036,1.9768,1.97695,0.20,0.90
2008.04.16 12:13:12.227,1.9768,1.97695,0.20,0.90
2008.04.16 12:13:12.449,1.9768,1.97695,0.20,0.90
2008.04.16 12:13:12.640,1.9768,1.97695,0.20,0.90
2008.04.16 12:13:12.830,1.9768,1.97695,0.20,0.90
2008.04.16 12:13:13.020,1.9768,1.97695,0.20,0.90
2008.04.16 12:13:13.306,1.9768,1.97695,0.20,0.90
2008.04.16 12:13:13.591,1.9768,1.97695,0.20,0.90
2008.04.16 12:13:13.877,1.9768,1.97695,0.20,0.90
2008.04.16 12:13:14.161,1.9768,1.97695,0.20,0.90
2008.04.16 12:13:14.362,1.97675,1.97695,1.60,0.90
2008.04.16 12:13:14.562,1.97675,1.97695,1.60,0.90
2008.04.16 12:13:14.762,1.97675,1.97695,1.60,0.90
2008.04.16 12:13:14.962,1.97675,1.97695,1.60,0.90
2008.04.16 12:13:15.162,1.97675,1.97695,1.60,0.90
2008.04.16 12:13:15.437,1.97675,1.97695,1.60,0.90
2008.04.16 12:13:15.713,1.97675,1.97695,1.60,0.90
2008.04.16 12:13:15.988,1.9768,1.97695,0.80,0.90
2008.04.16 12:13:16.263,1.9768,1.97695,0.50,0.90
2008.04.16 12:13:16.515,1.9768,1.97695,0.50,0.90
2008.04.16 12:13:16.765,1.9768,1.97695,0.80,0.90
2008.04.16 12:13:17.037,1.9768,1.97695,0.80,0.90
2008.04.16 12:13:17.323,1.9768,1.97695,0.80,0.90
2008.04.16 12:13:17.549,1.97695,1.977,0.90,3.20
2008.04.16 12:13:17.777,1.97695,1.97705,0.90,2.40
2008.04.16 12:13:18.001,1.97695,1.97715,0.90,9.70
2008.04.16 12:13:18.260,1.9769,1.9771,1.50,1.70
2008.04.16 12:13:18.469,1.97695,1.9771,0.70,1.70
2008.04.16 12:13:18.709,1.977,1.9772,1.80,6.50
2008.04.16 12:13:18.957,1.977,1.9772,1.90,6.50
2008.04.16 12:13:19.247,1.97705,1.9772,0.90,0.80
2008.04.16 12:13:19.486,1.97705,1.9772,0.90,0.80
2008.04.16 12:13:19.702,1.977,1.9772,1.60,1.70
2008.04.16 12:13:19.918,1.977,1.9772,0.90,2.50
2008.04.16 12:13:20.133,1.977,1.9772,0.90,2.50
2008.04.16 12:13:20.347,1.977,1.9772,0.90,2.50
2008.04.16 12:13:20.572,1.977,1.9772,0.90,2.50
2008.04.16 12:13:20.798,1.977,1.9772,1.20,2.50
2008.04.16 12:13:21.024,1.977,1.9772,1.90,1.70
2008.04.16 12:13:21.249,1.977,1.9772,1.70,1.70
2008.04.16 12:13:21.474,1.977,1.9772,1.70,0.90
2008.04.16 12:13:21.769,1.977,1.9772,1.70,0.90
2008.04.16 12:13:22.064,1.977,1.9772,1.70,0.90
2008.04.16 12:13:22.360,1.977,1.9772,1.70,0.90
2008.04.16 12:13:22.615,1.977,1.9772,1.70,0.90
2008.04.16 12:13:22.870,1.977,1.9772,1.70,0.90
2008.04.16 12:13:23.125,1.977,1.9772,1.70,0.90
2008.04.16 12:13:23.386,1.977,1.9772,1.70,0.90
2008.04.16 12:13:23.659,1.977,1.9772,1.70,0.90
2008.04.16 12:13:23.932,1.977,1.9772,1.70,0.90
2008.04.16 12:13:24.207,1.977,1.9772,1.70,0.90
2008.04.16 12:13:24.445,1.977,1.9772,1.70,0.90
2008.04.16 12:13:24.756,1.977,1.9772,1.70,0.90
2008.04.16 12:13:25.034,1.977,1.9772,1.70,0.90
2008.04.16 12:13:25.347,1.977,1.9772,2.60,0.90
2008.04.16 12:13:25.586,1.977,1.9772,2.60,0.90
2008.04.16 12:13:25.791,1.9771,1.9772,0.20,0.90
2008.04.16 12:13:26.011,1.9771,1.9772,0.30,0.90
2008.04.16 12:13:26.222,1.9771,1.97725,0.50,4.90
2008.04.16 12:13:26.426,1.9771,1.97725,0.90,0.90
2008.04.16 12:13:26.764,1.9771,1.9773,2.80,3.30
2008.04.16 12:13:27.101,1.97715,1.97735,0.90,11.30
2008.04.16 12:13:27.435,1.97715,1.97735,0.90,3.30
2008.04.16 12:13:27.671,1.97715,1.97735,0.90,3.30
2008.04.16 12:13:27.908,1.97715,1.97735,0.90,3.30
2008.04.16 12:13:28.142,1.9772,1.97735,0.20,3.30
2008.04.16 12:13:28.379,1.97715,1.97735,1.60,0.90
2008.04.16 12:13:28.647,1.97725,1.9774,0.90,7.20
2008.04.16 12:13:28.933,1.97725,1.97745,1.60,0.90
2008.04.16 12:13:29.255,1.9773,1.9775,0.90,4.10
2008.04.16 12:13:29.541,1.9773,1.9775,0.90,1.70
2008.04.16 12:13:29.821,1.9773,1.9775,0.90,1.70
2008.04.16 12:13:30.102,1.9773,1.9775,0.90,1.70
2008.04.16 12:13:30.382,1.9773,1.9775,0.90,1.70
2008.04.16 12:13:30.661,1.9773,1.9775,0.90,1.70
2008.04.16 12:13:30.946,1.9773,1.9775,0.90,1.70
2008.04.16 12:13:31.232,1.9773,1.9775,0.90,1.70
2008.04.16 12:13:31.518,1.9773,1.9775,0.90,1.70
2008.04.16 12:13:31.743,1.9773,1.9775,0.90,1.70
2008.04.16 12:13:31.967,1.9773,1.9775,0.90,1.70
2008.04.16 12:13:32.193,1.9773,1.97745,0.90,0.80
2008.04.16 12:13:32.418,1.9773,1.97745,1.70,0.80
2008.04.16 12:13:32.644,1.9773,1.97745,0.80,0.90
2008.04.16 12:13:32.919,1.9773,1.97745,0.80,0.90
2008.04.16 12:13:33.192,1.97725,1.97745,1.60,0.90
2008.04.16 12:13:33.463,1.97725,1.97745,1.60,0.90
2008.04.16 12:13:33.736,1.97725,1.97745,1.60,0.90
2008.04.16 12:13:34.001,1.97725,1.97745,1.60,0.90
2008.04.16 12:13:34.268,1.97725,1.9773,0.70,0.90
2008.04.16 12:13:34.564,1.9771,1.9773,1.70,0.90
2008.04.16 12:13:34.830,1.9771,1.9773,1.70,0.90
2008.04.16 12:13:35.112,1.9771,1.9773,0.90,0.90
2008.04.16 12:13:35.393,1.9771,1.9773,0.90,0.90
2008.04.16 12:13:35.674,1.9771,1.9773,0.90,0.90
2008.04.16 12:13:35.954,1.9771,1.9773,0.90,0.90
2008.04.16 12:13:36.215,1.9771,1.9773,0.90,0.90
2008.04.16 12:13:36.473,1.9771,1.9773,0.90,0.90
2008.04.16 12:13:36.730,1.9771,1.9773,0.90,0.90
2008.04.16 12:13:36.974,1.9771,1.9773,0.90,0.90
2008.04.16 12:13:37.220,1.97715,1.97735,0.90,7.30
2008.04.16 12:13:37.486,1.97715,1.97735,0.90,4.90
2008.04.16 12:13:37.763,1.97715,1.97735,0.90,4.90
2008.04.16 12:13:38.035,1.97715,1.97735,1.60,2.50
2008.04.16 12:13:38.311,1.97715,1.97735,1.60,2.50
2008.04.16 12:13:38.586,1.9772,1.97735,0.90,1.60
2008.04.16 12:13:38.865,1.9772,1.9774,0.90,0.90
2008.04.16 12:13:39.161,1.97715,1.97735,1.60,0.90
2008.04.16 12:13:39.488,1.97715,1.97735,1.60,0.90
2008.04.16 12:13:39.835,1.97715,1.97735,1.60,0.90
2008.04.16 12:13:40.130,1.97715,1.97735,1.60,0.90
2008.04.16 12:13:40.357,1.97715,1.97735,1.60,0.90
2008.04.16 12:13:40.586,1.97715,1.97735,1.60,0.90
2008.04.16 12:13:40.812,1.97715,1.97735,1.60,0.90
2008.04.16 12:13:41.039,1.97715,1.97735,1.60,0.90
2008.04.16 12:13:41.366,1.97715,1.97735,1.60,0.90
2008.04.16 12:13:41.694,1.97715,1.97735,1.60,0.90
2008.04.16 12:13:42.026,1.97715,1.97735,1.60,0.90
2008.04.16 12:13:42.270,1.97715,1.97735,1.60,0.90
2008.04.16 12:13:42.508,1.97715,1.97735,1.60,0.90
2008.04.16 12:13:42.722,1.97725,1.9774,0.90,1.60
2008.04.16 12:13:42.940,1.97725,1.97745,1.60,2.50
2008.04.16 12:13:43.248,1.97725,1.97745,0.90,4.90
2008.04.16 12:13:43.524,1.97725,1.97745,0.90,4.90
2008.04.16 12:13:43.832,1.97725,1.97745,0.90,4.90
2008.04.16 12:13:44.149,1.97725,1.97745,0.90,4.90
2008.04.16 12:13:44.405,1.97725,1.97745,0.90,4.90
2008.04.16 12:13:44.641,1.9772,1.9774,2.40,0.90
2008.04.16 12:13:44.869,1.9772,1.9774,1.70,0.90
2008.04.16 12:13:45.102,1.9772,1.9774,1.70,0.90
2008.04.16 12:13:45.406,1.9772,1.9774,1.70,0.90
2008.04.16 12:13:45.707,1.9772,1.9774,1.70,0.90
2008.04.16 12:13:46.041,1.9772,1.9774,1.70,0.90
2008.04.16 12:13:46.344,1.9772,1.9774,1.70,0.90
2008.04.16 12:13:46.624,1.9772,1.9774,1.70,0.90
2008.04.16 12:13:46.903,1.9772,1.9774,1.70,0.90
2008.04.16 12:13:47.183,1.9772,1.9774,1.70,0.90
2008.04.16 12:13:47.414,1.9772,1.9774,1.70,0.90
2008.04.16 12:13:47.642,1.9772,1.9774,1.70,0.90
2008.04.16 12:13:47.873,1.9772,1.9774,1.70,0.90
2008.04.16 12:13:48.103,1.9772,1.9774,1.70,0.90
2008.04.16 12:13:48.333,1.9772,1.9774,1.70,0.90
2008.04.16 12:13:48.619,1.9772,1.9774,1.70,0.90
2008.04.16 12:13:48.923,1.9772,1.9774,1.70,1.70
2008.04.16 12:13:49.240,1.9772,1.9774,1.70,1.70
2008.04.16 12:13:49.443,1.9772,1.97735,1.70,0.80
2008.04.16 12:13:49.644,1.9772,1.97735,1.70,0.80
2008.04.16 12:13:49.880,1.9772,1.97735,1.70,0.80
2008.04.16 12:13:50.082,1.9772,1.9773,0.80,0.90
2008.04.16 12:13:50.286,1.9771,1.9773,1.70,0.90
2008.04.16 12:13:50.561,1.9771,1.9773,1.70,0.90
2008.04.16 12:13:50.836,1.9771,1.9773,1.70,0.90
2008.04.16 12:13:51.139,1.9771,1.9773,0.90,0.90
2008.04.16 12:13:51.415,1.97715,1.97735,0.90,5.70
2008.04.16 12:13:51.636,1.97715,1.97735,1.60,3.30
2008.04.16 12:13:51.858,1.97715,1.97735,1.60,3.30
2008.04.16 12:13:52.105,1.97715,1.97735,1.60,3.30
2008.04.16 12:13:52.362,1.97715,1.9773,1.60,0.80
2008.04.16 12:13:52.619,1.97715,1.9773,1.60,0.80
2008.04.16 12:13:54.024,1.97715,1.9773,1.60,0.80
2008.04.16 12:13:54.095,1.97715,1.97735,1.60,5.70
2008.04.16 12:13:54.175,1.97715,1.97735,1.60,5.70
2008.04.16 12:13:54.259,1.97715,1.9773,1.60,0.80
2008.04.16 12:13:54.347,1.97715,1.9773,1.60,0.80
2008.04.16 12:13:54.435,1.97715,1.9773,1.60,0.80
2008.04.16 12:13:54.560,1.97715,1.9773,1.60,0.80
2008.04.16 12:13:54.645,1.97715,1.9773,1.60,0.80
2008.04.16 12:13:54.737,1.97715,1.9773,0.70,2.50
2008.04.16 12:13:55.131,1.9771,1.9773,0.90,2.50
2008.04.16 12:13:55.468,1.9771,1.9773,0.90,2.50
2008.04.16 12:13:55.807,1.97705,1.97725,1.60,1.70
2008.04.16 12:13:56.049,1.97705,1.97725,1.60,1.70
2008.04.16 12:13:56.289,1.97705,1.97725,1.60,1.70
2008.04.16 12:13:56.529,1.97705,1.97725,1.60,1.70
2008.04.16 12:13:56.802,1.97705,1.9772,0.70,0.90
2008.04.16 12:13:57.108,1.977,1.9772,0.90,0.90
2008.04.16 12:13:57.426,1.977,1.9772,3.20,0.90
2008.04.16 12:13:57.730,1.9771,1.97725,0.90,8.00
2008.04.16 12:13:58.000,1.9771,1.9773,0.90,6.50
2008.04.16 12:13:58.273,1.9771,1.9773,1.70,5.70
2008.04.16 12:13:58.518,1.9771,1.9772,1.70,0.80
2008.04.16 12:13:58.767,1.9771,1.9772,1.70,0.80
2008.04.16 12:13:59.010,1.9771,1.9772,1.70,0.80
2008.04.16 12:13:59.280,1.9771,1.9772,1.70,0.80
2008.04.16 12:13:59.550,1.9771,1.9772,1.70,0.80
2008.04.16 12:13:59.850,1.9771,1.9772,1.70,0.80
2008.04.16 12:14:00.071,1.9771,1.9772,0.80,0.80
2008.04.16 12:14:00.293,1.97705,1.9772,1.60,4.80
2008.04.16 12:14:00.513,1.97705,1.97715,1.60,0.80
2008.04.16 12:14:00.734,1.97705,1.97715,0.70,0.80
2008.04.16 12:14:00.956,1.97705,1.97715,0.70,0.80
2008.04.16 12:14:01.223,1.97705,1.97715,0.70,1.70
2008.04.16 12:14:01.491,1.97695,1.97715,1.60,1.70
2008.04.16 12:14:01.757,1.97695,1.97715,1.60,1.70
2008.04.16 12:14:02.056,1.97695,1.97715,0.90,4.10
2008.04.16 12:14:02.373,1.9769,1.97705,1.70,0.80
2008.04.16 12:14:02.669,1.9769,1.97705,1.70,0.80
2008.04.16 12:14:02.955,1.9769,1.97705,1.70,0.80
2008.04.16 12:14:03.192,1.9769,1.97705,1.70,0.80
2008.04.16 12:14:03.448,1.9769,1.97705,1.70,0.80
2008.04.16 12:14:03.673,1.9769,1.97705,1.70,0.80
2008.04.16 12:14:03.900,1.9769,1.97705,1.70,0.80
2008.04.16 12:14:04.220,1.9769,1.97705,1.70,0.80
2008.04.16 12:14:04.541,1.9769,1.97705,1.70,0.80
2008.04.16 12:14:04.862,1.97695,1.97705,0.90,0.80
2008.04.16 12:14:05.183,1.9769,1.97705,1.50,0.90
2008.04.16 12:14:05.433,1.9769,1.977,0.80,0.80
2008.04.16 12:14:05.694,1.97685,1.977,3.10,2.50
2008.04.16 12:14:05.946,1.9768,1.97695,0.90,0.80
2008.04.16 12:14:06.191,1.9768,1.97695,0.90,0.80
2008.04.16 12:14:06.437,1.9768,1.97695,0.90,0.80
2008.04.16 12:14:06.684,1.97675,1.97695,3.20,1.70
2008.04.16 12:14:06.966,1.97675,1.97695,1.60,1.70
2008.04.16 12:14:07.217,1.97675,1.97695,1.60,1.70
2008.04.16 12:14:07.518,1.97675,1.97695,1.60,1.70
2008.04.16 12:14:07.834,1.97675,1.97695,1.60,0.90
2008.04.16 12:14:08.149,1.9768,1.977,0.90,8.10
2008.04.16 12:14:08.394,1.9768,1.977,0.90,0.90
2008.04.16 12:14:08.640,1.9768,1.977,0.90,0.90
2008.04.16 12:14:08.886,1.9768,1.977,0.90,0.90
2008.04.16 12:14:09.131,1.97685,1.977,0.70,0.90
2008.04.16 12:14:09.362,1.97685,1.977,0.70,0.90
2008.04.16 12:14:09.591,1.97685,1.977,0.70,0.90
2008.04.16 12:14:09.851,1.97685,1.977,0.70,0.90
2008.04.16 12:14:10.115,1.97685,1.977,0.70,0.90
2008.04.16 12:14:10.391,1.97685,1.977,0.70,0.90
2008.04.16 12:14:10.665,1.97685,1.977,0.70,0.90
2008.04.16 12:14:10.942,1.97685,1.977,0.70,0.90
2008.04.16 12:14:11.221,1.97685,1.97695,0.70,0.90
2008.04.16 12:14:11.435,1.97675,1.97695,1.60,1.70
2008.04.16 12:14:11.669,1.9768,1.97695,0.90,0.80
2008.04.16 12:14:11.882,1.9768,1.97695,0.90,0.80
2008.04.16 12:14:12.122,1.9768,1.97695,0.90,0.80
2008.04.16 12:14:12.407,1.9768,1.97695,0.90,0.80
2008.04.16 12:14:12.692,1.9768,1.97695,0.90,0.80
2008.04.16 12:14:12.977,1.9768,1.97695,0.90,0.80
2008.04.16 12:14:13.263,1.9768,1.97695,0.90,0.80
2008.04.16 12:14:13.518,1.9768,1.97695,0.90,0.80
2008.04.16 12:14:13.775,1.9768,1.97695,0.90,4.80
2008.04.16 12:14:14.058,1.9768,1.97695,0.90,4.80
2008.04.16 12:14:14.341,1.9768,1.97695,0.90,4.80
2008.04.16 12:14:14.601,1.9768,1.97695,0.90,4.80
2008.04.16 12:14:14.853,1.9768,1.97695,0.90,4.80
2008.04.16 12:14:15.135,1.9768,1.97695,0.90,4.80
2008.04.16 12:14:15.358,1.9768,1.97695,0.90,0.80
2008.04.16 12:14:15.661,1.97675,1.97695,1.60,1.70
2008.04.16 12:14:15.963,1.97675,1.97695,1.60,5.70
2008.04.16 12:14:16.265,1.97675,1.97695,0.90,8.10
2008.04.16 12:14:16.566,1.97675,1.97695,0.90,8.10
2008.04.16 12:14:16.834,1.97675,1.97695,0.90,8.10
2008.04.16 12:14:17.100,1.97675,1.9769,0.90,0.80
2008.04.16 12:14:17.381,1.97675,1.97695,0.90,8.10
2008.04.16 12:14:17.623,1.97675,1.97695,0.90,8.10
2008.04.16 12:14:17.843,1.97675,1.9769,0.90,0.80
2008.04.16 12:14:18.053,1.97675,1.9769,0.90,0.80
2008.04.16 12:14:18.264,1.9767,1.9768,2.40,0.80
2008.04.16 12:14:18.475,1.9767,1.9768,1.70,0.80
2008.04.16 12:14:18.811,1.9767,1.9768,0.90,0.80
2008.04.16 12:14:19.147,1.9767,1.9768,0.90,0.80
2008.04.16 12:14:19.482,1.9767,1.9768,0.90,0.80
2008.04.16 12:14:19.713,1.9767,1.9768,0.90,0.80
2008.04.16 12:14:19.943,1.9767,1.9768,0.90,0.80
2008.04.16 12:14:20.174,1.9767,1.9768,0.90,0.80
2008.04.16 12:14:20.402,1.9767,1.9768,0.90,0.80
2008.04.16 12:14:20.702,1.9767,1.9768,0.90,0.80
2008.04.16 12:14:21.002,1.9767,1.9768,0.90,0.80
2008.04.16 12:14:21.302,1.9767,1.9768,0.90,0.80
2008.04.16 12:14:21.602,1.9767,1.9768,0.90,0.80
2008.04.16 12:14:21.857,1.97665,1.9768,1.60,4.80
2008.04.16 12:14:22.102,1.97665,1.97675,0.90,0.80
2008.04.16 12:14:22.362,1.97665,1.97675,0.90,0.80
2008.04.16 12:14:22.619,1.97665,1.97675,0.90,0.80
2008.04.16 12:14:22.920,1.97665,1.97675,0.90,0.80
2008.04.16 12:14:23.198,1.97665,1.97675,0.90,0.80
2008.04.16 12:14:23.471,1.97665,1.97675,0.90,0.80
2008.04.16 12:14:23.774,1.9766,1.9767,1.50,0.90
2008.04.16 12:14:24.013,1.97655,1.97665,0.70,0.80
2008.04.16 12:14:24.248,1.97655,1.97665,0.70,0.80
2008.04.16 12:14:24.484,1.9765,1.97665,0.90,0.80
2008.04.16 12:14:24.800,1.9765,1.97665,0.90,0.80
2008.04.16 12:14:25.122,1.9765,1.97665,0.90,0.80
2008.04.16 12:14:25.431,1.9765,1.97665,0.90,0.80
2008.04.16 12:14:25.746,1.9765,1.97665,0.90,0.80
2008.04.16 12:14:25.982,1.9765,1.97665,0.90,0.80
2008.04.16 12:14:26.219,1.97655,1.9767,0.90,5.60
2008.04.16 12:14:26.485,1.97655,1.9767,0.90,5.60
2008.04.16 12:14:26.720,1.97655,1.9767,1.60,5.60
2008.04.16 12:14:27.021,1.97655,1.9767,1.60,4.80
2008.04.16 12:14:27.322,1.97655,1.9767,1.60,4.80
2008.04.16 12:14:27.632,1.97655,1.9767,1.60,4.80
2008.04.16 12:14:27.874,1.97655,1.9767,1.60,4.80
2008.04.16 12:14:28.118,1.97655,1.9767,1.60,4.80
2008.04.16 12:14:28.364,1.97655,1.9767,1.60,4.80
2008.04.16 12:14:28.608,1.97655,1.9767,1.60,4.80
2008.04.16 12:14:28.936,1.97655,1.9767,1.60,4.80
2008.04.16 12:14:29.177,1.97655,1.9767,1.60,4.80
2008.04.16 12:14:29.499,1.97655,1.9767,1.60,4.80
2008.04.16 12:14:29.779,1.97655,1.9767,1.60,4.80
2008.04.16 12:14:30.042,1.97655,1.9767,1.60,4.80
2008.04.16 12:14:30.238,1.97655,1.9767,1.60,4.80
2008.04.16 12:14:30.468,1.97655,1.9767,1.60,4.80
2008.04.16 12:14:30.699,1.97655,1.9767,1.60,4.80
2008.04.16 12:14:30.948,1.97655,1.9767,1.60,4.80
2008.04.16 12:14:31.198,1.97655,1.9767,0.70,5.70
2008.04.16 12:14:31.449,1.9765,1.97665,1.70,0.80
2008.04.16 12:14:31.698,1.9765,1.97665,1.70,0.80
2008.04.16 12:14:31.974,1.9765,1.97665,1.70,0.80
2008.04.16 12:14:32.218,1.9765,1.97665,0.80,1.70
2008.04.16 12:14:32.464,1.97645,1.97665,1.60,5.70
2008.04.16 12:14:32.710,1.97645,1.97665,1.60,5.70
2008.04.16 12:14:33.016,1.97645,1.97665,1.60,5.70
2008.04.16 12:14:33.322,1.97645,1.97665,1.60,5.70
2008.04.16 12:14:33.651,1.97645,1.97665,1.60,5.70
2008.04.16 12:14:33.943,1.9765,1.97665,0.90,0.80
2008.04.16 12:14:34.232,1.97655,1.9767,0.70,0.90
2008.04.16 12:14:34.499,1.9765,1.97655,0.90,3.20
2008.04.16 12:14:34.771,1.97655,1.9767,0.90,4.00
2008.04.16 12:14:35.041,1.9765,1.97655,1.60,2.40
2008.04.16 12:14:35.285,1.9765,1.97655,0.70,2.40
2008.04.16 12:14:35.528,1.9764,1.97655,1.70,3.20
2008.04.16 12:14:35.771,1.9764,1.97655,0.80,4.10
2008.04.16 12:14:36.068,1.97635,1.97655,1.60,4.10
2008.04.16 12:14:36.401,1.9763,1.97645,2.40,2.40
2008.04.16 12:14:36.696,1.9763,1.97645,0.80,4.10
2008.04.16 12:14:36.947,1.97625,1.97645,0.90,4.10
2008.04.16 12:14:37.196,1.97625,1.97645,0.90,4.10
2008.04.16 12:14:37.450,1.97615,1.97635,1.60,1.70
2008.04.16 12:14:37.700,1.97615,1.97635,1.60,1.70
2008.04.16 12:14:38.025,1.97615,1.97635,1.60,1.70
2008.04.16 12:14:38.309,1.97615,1.97635,1.60,1.70
2008.04.16 12:14:38.601,1.97615,1.97635,1.60,1.70
2008.04.16 12:14:38.891,1.97615,1.97635,1.60,1.70
2008.04.16 12:14:39.145,1.97615,1.97635,1.60,1.70
2008.04.16 12:14:39.400,1.97615,1.97635,1.60,1.70
2008.04.16 12:14:39.657,1.9762,1.97635,0.90,0.80
2008.04.16 12:14:39.914,1.9762,1.97635,0.90,0.80
2008.04.16 12:14:40.168,1.9762,1.97635,0.90,0.80
2008.04.16 12:14:40.425,1.97615,1.97635,1.60,5.70
2008.04.16 12:14:40.713,1.97615,1.9763,1.60,0.80
2008.04.16 12:14:40.977,1.97615,1.9763,1.60,0.80
2008.04.16 12:14:41.243,1.97615,1.9763,0.90,0.80
2008.04.16 12:14:41.507,1.97615,1.9763,0.90,1.60
2008.04.16 12:14:41.773,1.97615,1.97625,0.70,0.90
2008.04.16 12:14:42.064,1.97615,1.97625,0.70,1.70
2008.04.16 12:14:42.354,1.97605,1.97625,1.60,1.70
2008.04.16 12:14:42.644,1.97605,1.97625,1.60,1.70
2008.04.16 12:14:42.967,1.97605,1.97625,0.90,3.30
2008.04.16 12:14:43.187,1.97605,1.97625,0.90,4.10
2008.04.16 12:14:43.408,1.97605,1.97625,1.60,1.70
2008.04.16 12:14:43.629,1.97605,1.97625,1.60,1.70
2008.04.16 12:14:43.849,1.976,1.97615,1.70,0.80
2008.04.16 12:14:44.159,1.976,1.97615,1.70,0.80
2008.04.16 12:14:44.471,1.97595,1.9761,0.70,0.90
2008.04.16 12:14:44.781,1.97595,1.97605,0.70,0.90
2008.04.16 12:14:44.993,1.97595,1.97605,0.70,1.70
2008.04.16 12:14:45.204,1.97585,1.97605,1.60,1.70
2008.04.16 12:14:45.415,1.97585,1.9759,0.70,0.80
2008.04.16 12:14:45.626,1.97585,1.9759,0.70,0.80
2008.04.16 12:14:45.837,1.97585,1.97605,0.90,5.70
2008.04.16 12:14:46.108,1.97585,1.97605,1.60,5.70
2008.04.16 12:14:46.379,1.97585,1.97605,1.60,5.70
2008.04.16 12:14:46.649,1.97585,1.97605,1.60,5.70
2008.04.16 12:14:46.919,1.97585,1.97605,1.60,5.70
2008.04.16 12:14:47.164,1.97585,1.97605,1.60,5.70
2008.04.16 12:14:47.408,1.97585,1.97605,1.60,5.70
2008.04.16 12:14:47.655,1.97585,1.97605,1.60,5.70
2008.04.16 12:14:47.899,1.97585,1.97605,1.60,5.70
2008.04.16 12:14:48.182,1.97595,1.97605,0.90,4.80
2008.04.16 12:14:48.463,1.97595,1.97605,0.90,0.80
2008.04.16 12:14:48.743,1.97595,1.9761,0.70,5.70
2008.04.16 12:14:49.024,1.9759,1.9761,0.90,0.90
2008.04.16 12:14:49.260,1.9759,1.9761,0.90,0.90
2008.04.16 12:14:49.495,1.9759,1.9761,0.90,0.90
2008.04.16 12:14:49.730,1.9759,1.9761,0.90,0.90
2008.04.16 12:14:49.966,1.9759,1.97605,0.90,0.80
2008.04.16 12:14:50.240,1.9759,1.97605,0.90,0.80
2008.04.16 12:14:50.517,1.9759,1.97605,0.90,0.80
2008.04.16 12:14:50.794,1.97585,1.97605,1.60,1.70
2008.04.16 12:14:51.046,1.97585,1.9759,1.60,0.80
2008.04.16 12:14:51.318,1.97585,1.9759,0.70,0.80
2008.04.16 12:14:51.622,1.97585,1.9759,0.70,0.80
2008.04.16 12:14:51.894,1.97575,1.97585,4.00,0.80
2008.04.16 12:14:52.105,1.97575,1.97585,1.60,0.80
2008.04.16 12:14:52.318,1.97575,1.97585,0.70,0.80
2008.04.16 12:14:52.562,1.9757,1.97585,1.70,0.80
2008.04.16 12:14:52.771,1.97575,1.97585,0.90,0.80
2008.04.16 12:14:52.984,1.97575,1.97595,1.60,4.90
2008.04.16 12:14:53.225,1.97575,1.97595,1.60,4.90
2008.04.16 12:14:53.499,1.9758,1.97595,0.90,4.00
2008.04.16 12:14:53.739,1.9758,1.97595,0.90,4.00
2008.04.16 12:14:53.983,1.97575,1.9759,0.70,4.90
2008.04.16 12:14:54.274,1.9757,1.97575,0.80,0.80
2008.04.16 12:14:54.565,1.9757,1.9758,0.80,0.80
2008.04.16 12:14:54.855,1.9757,1.9758,0.80,1.70
2008.04.16 12:14:55.167,1.97565,1.9758,0.70,0.90
2008.04.16 12:14:55.447,1.9757,1.97585,0.90,2.40
2008.04.16 12:14:55.723,1.9757,1.9759,0.90,0.90
2008.04.16 12:14:56.000,1.9757,1.9759,0.90,0.90
2008.04.16 12:14:56.245,1.9757,1.9759,1.10,0.90
2008.04.16 12:14:56.491,1.9757,1.9759,1.10,0.90
2008.04.16 12:14:56.738,1.9758,1.97595,0.90,6.40
2008.04.16 12:14:56.985,1.9758,1.97595,0.90,2.40
2008.04.16 12:14:57.232,1.97585,1.976,0.70,0.90
2008.04.16 12:14:57.494,1.97585,1.976,0.70,0.90
2008.04.16 12:14:57.757,1.97585,1.97595,0.90,0.80
2008.04.16 12:14:58.020,1.97585,1.97595,0.90,0.80
2008.04.16 12:14:58.281,1.97585,1.97595,0.90,0.80
2008.04.16 12:14:58.573,1.97585,1.97595,0.90,0.80
2008.04.16 12:14:58.846,1.9758,1.97595,1.60,0.80
2008.04.16 12:14:59.104,1.9758,1.97595,0.90,0.80
2008.04.16 12:14:59.381,1.9758,1.97595,0.90,0.80
2008.04.16 12:14:59.690,1.9758,1.97595,0.90,0.80
2008.04.16 12:14:59.964,1.9758,1.97595,0.90,0.80
2008.04.16 12:15:00.239,1.9759,1.97595,0.90,0.80
2008.04.16 12:15:00.515,1.9759,1.976,0.90,4.00
2008.04.16 12:15:00.791,1.97585,1.97605,1.60,0.90
2008.04.16 12:15:01.068,1.97585,1.97605,1.60,0.90
2008.04.16 12:15:01.377,1.97585,1.97605,1.60,1.70
2008.04.16 12:15:01.642,1.97585,1.97605,1.60,1.70
2008.04.16 12:15:01.910,1.97595,1.9761,1.60,4.80
2008.04.16 12:15:02.177,1.97595,1.9761,1.60,4.80
2008.04.16 12:15:02.443,1.97595,1.9761,1.60,4.80
2008.04.16 12:15:02.709,1.97595,1.9761,1.60,4.80
2008.04.16 12:15:03.008,1.976,1.97615,0.90,0.80
2008.04.16 12:15:03.274,1.976,1.9762,0.90,1.70
2008.04.16 12:15:03.551,1.976,1.97605,0.90,4.00
2008.04.16 12:15:03.827,1.97585,1.976,0.70,0.90
2008.04.16 12:15:04.134,1.9758,1.976,1.70,0.90
2008.04.16 12:15:04.442,1.9758,1.976,0.90,2.50
2008.04.16 12:15:04.729,1.9758,1.976,0.90,2.50
2008.04.16 12:15:05.013,1.9757,1.9759,1.70,0.90
2008.04.16 12:15:05.300,1.9757,1.9759,1.70,0.90
2008.04.16 12:15:05.528,1.9757,1.9759,0.90,0.90
2008.04.16 12:15:05.753,1.97575,1.97595,0.90,4.90
2008.04.16 12:15:06.010,1.97575,1.9759,0.90,0.80
2008.04.16 12:15:06.236,1.97575,1.9758,0.70,0.80
2008.04.16 12:15:06.563,1.97575,1.97585,0.70,0.90
2008.04.16 12:15:06.888,1.9757,1.97585,0.20,0.90
2008.04.16 12:15:07.215,1.97565,1.97585,1.60,0.90
2008.04.16 12:15:07.570,1.97565,1.9758,1.60,4.80
2008.04.16 12:15:07.786,1.97565,1.9758,1.60,4.80
2008.04.16 12:15:08.001,1.97565,1.97585,0.90,8.10
2008.04.16 12:15:08.234,1.97565,1.97585,0.90,8.10
2008.04.16 12:15:08.534,1.9756,1.97565,2.40,3.20
2008.04.16 12:15:08.864,1.9756,1.97565,1.50,7.20
2008.04.16 12:15:09.167,1.97555,1.9756,0.90,0.80
2008.04.16 12:15:09.468,1.97555,1.97565,0.90,3.20
2008.04.16 12:15:09.708,1.97555,1.97565,0.90,3.20
2008.04.16 12:15:09.951,1.97545,1.97555,0.90,0.80
2008.04.16 12:15:10.190,1.97545,1.97555,0.90,0.80
2008.04.16 12:15:10.431,1.97545,1.97555,0.90,0.80
2008.04.16 12:15:10.697,1.97545,1.97555,0.90,0.80
2008.04.16 12:15:10.961,1.97545,1.97555,0.90,3.20
2008.04.16 12:15:11.227,1.9754,1.97555,2.40,3.20
2008.04.16 12:15:11.493,1.9754,1.9755,0.90,4.00
2008.04.16 12:15:11.776,1.9754,1.9756,0.90,0.90
2008.04.16 12:15:12.060,1.9754,1.9756,0.90,0.90
2008.04.16 12:15:12.340,1.9754,1.9756,0.90,0.90
2008.04.16 12:15:12.585,1.9754,1.9756,0.90,0.90
2008.04.16 12:15:12.831,1.97535,1.9755,0.70,0.90
2008.04.16 12:15:13.077,1.9753,1.9755,0.90,0.90
2008.04.16 12:15:13.322,1.9753,1.9755,0.90,0.90
2008.04.16 12:15:13.564,1.9753,1.9755,0.90,0.90
2008.04.16 12:15:13.812,1.9753,1.9755,0.90,0.90
2008.04.16 12:15:14.085,1.9753,1.9755,0.90,0.90
2008.04.16 12:15:14.341,1.9754,1.97555,0.90,8.80
2008.04.16 12:15:14.583,1.9754,1.97555,0.90,0.80
2008.04.16 12:15:14.860,1.9754,1.97555,0.90,0.80
2008.04.16 12:15:15.124,1.9754,1.97555,0.90,0.80
2008.04.16 12:15:15.367,1.9754,1.97555,0.90,0.80
2008.04.16 12:15:15.663,1.9754,1.97555,0.90,0.80
2008.04.16 12:15:15.962,1.97535,1.97555,1.60,12.10
2008.04.16 12:15:16.259,1.97535,1.9755,0.90,0.80
2008.04.16 12:15:16.526,1.97535,1.9755,0.90,0.80
2008.04.16 12:15:16.745,1.97535,1.9755,0.90,0.80
2008.04.16 12:15:16.964,1.97535,1.9755,1.60,0.80
2008.04.16 12:15:17.218,1.97535,1.9755,1.60,0.80
2008.04.16 12:15:17.406,1.97535,1.9754,0.70,0.80
2008.04.16 12:15:17.627,1.97525,1.97545,1.60,1.70
2008.04.16 12:15:17.877,1.97525,1.97545,1.60,1.70
2008.04.16 12:15:18.127,1.97525,1.9754,1.60,0.80
2008.04.16 12:15:18.381,1.9753,1.9754,0.90,0.80
2008.04.16 12:15:18.668,1.9753,1.97545,0.90,4.80
2008.04.16 12:15:18.936,1.97535,1.97555,1.60,11.30
2008.04.16 12:15:19.172,1.97535,1.97555,1.60,9.70
2008.04.16 12:15:19.442,1.97535,1.97545,0.70,1.70
2008.04.16 12:15:19.677,1.97535,1.97545,0.70,1.70
2008.04.16 12:15:19.970,1.97535,1.97545,0.70,1.70
2008.04.16 12:15:20.266,1.97535,1.97545,0.70,1.70
2008.04.16 12:15:20.559,1.97535,1.97545,0.70,1.70
2008.04.16 12:15:20.768,1.97535,1.97545,0.70,1.70
2008.04.16 12:15:21.009,1.97535,1.97545,0.70,1.70
2008.04.16 12:15:21.248,1.97535,1.97545,0.70,1.70
2008.04.16 12:15:21.488,1.97535,1.9754,0.70,1.70
2008.04.16 12:15:21.729,1.97535,1.97545,0.70,6.40
2008.04.16 12:15:22.011,1.97535,1.97545,0.70,4.00
2008.04.16 12:15:22.292,1.97535,1.9754,0.70,0.90
2008.04.16 12:15:22.593,1.97535,1.9754,0.70,1.70
2008.04.16 12:15:22.849,1.97535,1.9754,0.70,0.80
2008.04.16 12:15:23.104,1.97525,1.97545,0.90,4.10
2008.04.16 12:15:23.359,1.9753,1.97545,1.70,2.40
2008.04.16 12:15:23.649,1.97535,1.97545,0.70,0.80
2008.04.16 12:15:23.903,1.97535,1.97545,1.60,0.80
2008.04.16 12:15:24.159,1.97535,1.97555,1.60,11.30
2008.04.16 12:15:24.415,1.97535,1.97545,0.70,0.90
2008.04.16 12:15:24.670,1.97525,1.97545,1.60,0.90
2008.04.16 12:15:24.927,1.9753,1.9755,0.90,4.10
2008.04.16 12:15:25.187,1.97535,1.97545,0.70,0.80
2008.04.16 12:15:25.448,1.97535,1.97545,0.70,0.80
2008.04.16 12:15:25.707,1.97535,1.97545,0.70,0.80
2008.04.16 12:15:25.968,1.97535,1.97545,0.70,1.70
2008.04.16 12:15:26.246,1.97535,1.97545,0.70,1.70
2008.04.16 12:15:26.488,1.97535,1.97545,0.70,1.70
2008.04.16 12:15:26.726,1.97525,1.97545,1.60,1.70
2008.04.16 12:15:27.032,1.97525,1.97545,1.60,1.70
2008.04.16 12:15:27.337,1.97525,1.97545,1.60,1.70
2008.04.16 12:15:27.642,1.97525,1.97545,1.60,1.70
2008.04.16 12:15:27.947,1.97525,1.97545,1.60,1.70
2008.04.16 12:15:28.182,1.97525,1.97545,1.60,1.70
2008.04.16 12:15:28.451,1.97525,1.97545,1.60,1.70
2008.04.16 12:15:28.690,1.97525,1.97545,1.60,1.70
2008.04.16 12:15:28.935,1.97525,1.97545,1.60,1.70
2008.04.16 12:15:29.197,1.97525,1.97545,1.60,1.70
2008.04.16 12:15:29.494,1.97525,1.9754,0.70,1.70
2008.04.16 12:15:29.728,1.97525,1.9754,0.70,1.70
2008.04.16 12:15:29.993,1.97525,1.9754,0.70,1.70
2008.04.16 12:15:30.224,1.97525,1.9754,0.70,1.70
2008.04.16 12:15:30.456,1.97525,1.9754,0.70,1.70
2008.04.16 12:15:30.687,1.97525,1.9754,0.70,9.70
2008.04.16 12:15:30.917,1.97525,1.97535,0.70,0.80
2008.04.16 12:15:31.225,1.9752,1.97535,1.70,0.80
2008.04.16 12:15:31.532,1.97515,1.97535,1.60,1.70
2008.04.16 12:15:31.838,1.97515,1.97535,1.60,1.70
2008.04.16 12:15:32.083,1.97515,1.97535,1.60,1.70
2008.04.16 12:15:32.323,1.97525,1.97535,0.90,0.80
2008.04.16 12:15:32.564,1.97525,1.9754,0.90,5.60
2008.04.16 12:15:32.805,1.97525,1.9754,0.90,4.80
2008.04.16 12:15:33.044,1.97525,1.9754,1.60,4.80
2008.04.16 12:15:33.387,1.97525,1.9754,1.60,4.80
2008.04.16 12:15:33.699,1.97525,1.9754,1.60,4.80
2008.04.16 12:15:34.008,1.97525,1.9754,1.60,4.80
2008.04.16 12:15:34.248,1.97525,1.9754,1.60,4.80
2008.04.16 12:15:34.491,1.97525,1.9754,1.60,4.80
2008.04.16 12:15:34.731,1.97525,1.9754,1.60,4.80
2008.04.16 12:15:34.973,1.97525,1.9754,1.60,4.80
2008.04.16 12:15:35.234,1.97525,1.9754,1.60,4.80
2008.04.16 12:15:35.494,1.97525,1.9754,1.60,4.80
2008.04.16 12:15:35.782,1.97525,1.9754,1.60,4.80
2008.04.16 12:15:36.076,1.97525,1.9754,1.60,4.80
2008.04.16 12:15:36.363,1.97525,1.9754,1.60,4.80
2008.04.16 12:15:36.587,1.97525,1.9754,1.60,4.80
2008.04.16 12:15:36.841,1.97525,1.9754,1.60,4.80
2008.04.16 12:15:37.097,1.97525,1.9754,1.60,4.80
2008.04.16 12:15:37.336,1.97525,1.9754,1.60,4.80
2008.04.16 12:15:37.618,1.97525,1.9754,1.60,4.80
2008.04.16 12:15:37.887,1.97525,1.9754,0.70,5.70
2008.04.16 12:15:38.116,1.9752,1.97535,1.70,0.80
2008.04.16 12:15:38.334,1.9752,1.97535,0.80,1.70
2008.04.16 12:15:38.551,1.97515,1.97535,1.60,1.70
2008.04.16 12:15:38.767,1.97515,1.97535,1.60,1.70
2008.04.16 12:15:39.007,1.97515,1.97535,1.60,1.70
2008.04.16 12:15:39.352,1.97515,1.97535,1.60,1.70
2008.04.16 12:15:39.703,1.97515,1.97535,1.60,1.70
2008.04.16 12:15:40.014,1.97545,1.9755,0.70,6.50
2008.04.16 12:15:40.203,1.97545,1.9755,0.70,1.70
2008.04.16 12:15:40.390,1.97545,1.9755,0.70,1.70
2008.04.16 12:15:40.581,1.97545,1.9755,0.70,1.70
2008.04.16 12:15:40.783,1.97545,1.9755,0.70,0.80
2008.04.16 12:15:41.842,1.9754,1.97555,0.90,4.80
2008.04.16 12:15:42.056,1.97535,1.97555,1.60,5.70
2008.04.16 12:15:42.200,1.97535,1.97555,1.60,5.70
2008.04.16 12:15:42.387,1.97535,1.97555,1.60,5.70
2008.04.16 12:15:42.597,1.97535,1.97555,1.60,5.70
2008.04.16 12:15:42.774,1.97535,1.97555,1.60,5.70
2008.04.16 12:15:42.951,1.97545,1.97555,0.90,0.80
2008.04.16 12:15:43.318,1.97545,1.9756,1.60,5.60
2008.04.16 12:15:43.655,1.97545,1.97555,0.70,1.70
2008.04.16 12:15:43.990,1.97535,1.97555,1.60,1.70
2008.04.16 12:15:44.254,1.97535,1.97555,1.60,1.70
2008.04.16 12:15:44.474,1.97555,1.9756,1.60,4.00
2008.04.16 12:15:44.694,1.97555,1.97565,1.60,4.80
2008.04.16 12:15:44.916,1.97555,1.97565,1.60,0.80
2008.04.16 12:15:45.168,1.97555,1.9757,1.60,4.80
2008.04.16 12:15:45.449,1.97555,1.9757,1.60,4.80
2008.04.16 12:15:45.730,1.97555,1.9757,1.60,4.80
2008.04.16 12:15:45.982,1.9756,1.97575,0.90,4.80
2008.04.16 12:15:46.222,1.9756,1.97575,0.90,4.80
2008.04.16 12:15:46.463,1.9756,1.97575,0.90,4.80
2008.04.16 12:15:46.702,1.9756,1.97575,0.90,4.80
2008.04.16 12:15:46.982,1.9756,1.97575,0.90,4.80
2008.04.16 12:15:47.192,1.9756,1.97575,0.90,4.80
2008.04.16 12:15:47.402,1.9756,1.97575,0.90,4.80
2008.04.16 12:15:47.614,1.9756,1.97575,0.90,4.80
2008.04.16 12:15:47.823,1.9756,1.97575,0.90,4.80
2008.04.16 12:15:48.034,1.9756,1.97575,0.90,4.80
2008.04.16 12:15:48.349,1.9756,1.97575,1.20,4.80
2008.04.16 12:15:48.671,1.9756,1.97575,2.00,4.80
2008.04.16 12:15:48.955,1.9756,1.97575,2.00,4.80
2008.04.16 12:15:49.175,1.9756,1.97575,2.00,4.80
2008.04.16 12:15:49.400,1.9756,1.97575,2.00,4.80
2008.04.16 12:15:49.621,1.9756,1.97575,2.00,4.80
2008.04.16 12:15:49.842,1.97565,1.97575,0.90,0.80
2008.04.16 12:15:50.064,1.97565,1.97575,0.90,0.80
2008.04.16 12:15:50.399,1.97565,1.9758,1.60,4.80
2008.04.16 12:15:50.746,1.97565,1.9758,1.60,4.80
2008.04.16 12:15:51.115,1.97565,1.9758,1.60,4.80
2008.04.16 12:15:51.349,1.97565,1.9758,1.60,4.80
2008.04.16 12:15:51.549,1.97565,1.9758,1.60,4.80
2008.04.16 12:15:51.752,1.97565,1.97585,1.60,0.90
2008.04.16 12:15:51.950,1.97565,1.97585,1.60,0.90
2008.04.16 12:15:52.152,1.97565,1.97575,0.90,2.40
2008.04.16 12:15:52.453,1.9756,1.97575,1.50,3.30
2008.04.16 12:15:52.748,1.9756,1.97575,0.80,3.30
2008.04.16 12:15:53.041,1.9755,1.9757,2.70,0.90
2008.04.16 12:15:53.331,1.9755,1.9757,2.00,0.90
2008.04.16 12:15:53.567,1.9755,1.9757,2.00,0.90
2008.04.16 12:15:53.801,1.9755,1.9757,2.00,0.90
2008.04.16 12:15:54.043,1.9755,1.9757,1.90,0.90
2008.04.16 12:15:54.312,1.9755,1.9757,1.70,0.90
2008.04.16 12:15:54.600,1.97545,1.97565,1.60,0.90
2008.04.16 12:15:54.822,1.97545,1.97565,1.60,0.90
2008.04.16 12:15:55.078,1.97555,1.9757,0.90,2.40
2008.04.16 12:15:55.333,1.97555,1.9757,1.60,0.80
2008.04.16 12:15:55.573,1.97555,1.97575,1.60,0.90
2008.04.16 12:15:55.782,1.97555,1.97575,1.60,0.90
2008.04.16 12:15:55.995,1.97555,1.97575,1.60,0.90
2008.04.16 12:15:56.205,1.97555,1.97575,1.60,0.90
2008.04.16 12:15:56.451,1.97555,1.97575,1.60,0.90
2008.04.16 12:15:56.696,1.97555,1.97575,1.60,0.90
2008.04.16 12:15:56.941,1.97555,1.97575,1.60,0.90
2008.04.16 12:15:57.185,1.97555,1.97575,1.60,0.90
2008.04.16 12:15:57.431,1.97555,1.97575,1.60,0.90
2008.04.16 12:15:57.675,1.97555,1.97575,1.60,0.90
2008.04.16 12:15:57.921,1.97555,1.97575,1.60,0.90
2008.04.16 12:15:58.164,1.97555,1.97575,1.60,0.90
2008.04.16 12:15:58.409,1.97555,1.97575,1.60,0.90
2008.04.16 12:15:58.639,1.97555,1.97575,1.60,0.90
2008.04.16 12:15:58.871,1.97555,1.97575,1.60,0.90
2008.04.16 12:15:59.101,1.97555,1.97575,1.60,0.90
2008.04.16 12:15:59.330,1.97565,1.9758,0.90,9.60
2008.04.16 12:15:59.603,1.97565,1.9758,0.90,2.40
2008.04.16 12:15:59.843,1.9756,1.9758,1.70,3.30
2008.04.16 12:16:00.084,1.9756,1.9758,1.70,3.30
2008.04.16 12:16:00.323,1.9756,1.9758,1.70,3.30
2008.04.16 12:16:00.544,1.9756,1.9758,1.70,3.30
2008.04.16 12:16:00.795,1.9756,1.9758,1.70,3.30
2008.04.16 12:16:00.985,1.9756,1.9758,1.70,3.30
2008.04.16 12:16:01.205,1.9756,1.9758,1.70,3.30
2008.04.16 12:16:01.445,1.9756,1.9758,1.70,3.30
2008.04.16 12:16:01.695,1.9756,1.9758,1.70,3.30
2008.04.16 12:16:01.944,1.9756,1.9758,1.70,3.30
2008.04.16 12:16:02.194,1.9756,1.9758,1.70,0.90
2008.04.16 12:16:02.445,1.9756,1.9758,1.70,0.90
2008.04.16 12:16:02.661,1.9756,1.9758,1.70,0.90
2008.04.16 12:16:02.876,1.9756,1.9758,1.70,0.90
2008.04.16 12:16:03.091,1.9756,1.9758,1.70,0.90
2008.04.16 12:16:03.305,1.9756,1.9758,1.70,0.90
2008.04.16 12:16:03.521,1.9756,1.9758,1.70,0.90
2008.04.16 12:16:03.825,1.9756,1.9758,1.70,0.90
2008.04.16 12:16:04.145,1.9756,1.9758,1.70,0.90
2008.04.16 12:16:04.458,1.9756,1.9758,1.70,0.90
2008.04.16 12:16:04.680,1.9756,1.9758,1.70,0.90
2008.04.16 12:16:04.903,1.9756,1.9758,1.70,0.90
2008.04.16 12:16:05.128,1.9756,1.9758,1.70,0.90
2008.04.16 12:16:05.384,1.9756,1.9758,1.70,0.90
2008.04.16 12:16:05.628,1.9756,1.9758,1.70,0.90
2008.04.16 12:16:05.844,1.9756,1.9758,1.70,0.90
2008.04.16 12:16:06.059,1.9756,1.9758,1.70,0.90
2008.04.16 12:16:06.275,1.9756,1.9758,1.70,0.90
2008.04.16 12:16:06.489,1.9756,1.9758,1.70,0.90
2008.04.16 12:16:06.800,1.9756,1.9758,1.70,0.90
2008.04.16 12:16:07.049,1.9756,1.9758,1.70,0.90
2008.04.16 12:16:07.328,1.9756,1.9758,1.70,0.90
2008.04.16 12:16:07.609,1.9756,1.9758,1.70,0.90
2008.04.16 12:16:07.813,1.9756,1.9758,1.70,0.90
2008.04.16 12:16:08.018,1.9756,1.9758,1.70,0.90
2008.04.16 12:16:08.223,1.9756,1.9758,1.70,0.90
2008.04.16 12:16:08.429,1.9756,1.9758,1.70,0.90
2008.04.16 12:16:08.678,1.9756,1.9758,1.70,0.90
2008.04.16 12:16:08.927,1.9756,1.9758,1.70,0.90
2008.04.16 12:16:09.177,1.9756,1.9758,1.70,0.90
2008.04.16 12:16:09.428,1.9756,1.9758,1.70,0.90
2008.04.16 12:16:09.683,1.9756,1.9758,1.70,0.90
2008.04.16 12:16:09.940,1.9756,1.9758,1.70,0.90
2008.04.16 12:16:10.195,1.9756,1.9758,1.70,0.90
2008.04.16 12:16:10.468,1.9756,1.9758,1.70,0.90
2008.04.16 12:16:10.723,1.9756,1.9758,1.70,0.90
2008.04.16 12:16:10.957,1.9756,1.9758,1.70,0.90
2008.04.16 12:16:11.192,1.9756,1.9758,1.70,0.90
2008.04.16 12:16:11.458,1.9756,1.9758,1.70,0.90
2008.04.16 12:16:11.693,1.9756,1.9758,1.70,0.90
2008.04.16 12:16:11.922,1.9756,1.9758,1.70,0.90
2008.04.16 12:16:12.152,1.9756,1.9758,1.70,0.90
2008.04.16 12:16:12.384,1.97565,1.97585,1.60,4.10
2008.04.16 12:16:12.616,1.97565,1.97585,1.60,2.50
2008.04.16 12:16:12.837,1.97565,1.97585,1.60,0.90
2008.04.16 12:16:13.087,1.97565,1.97585,1.60,0.90
2008.04.16 12:16:13.307,1.97565,1.97585,1.60,0.90
2008.04.16 12:16:13.526,1.97565,1.97585,1.60,0.90
2008.04.16 12:16:13.766,1.97565,1.97585,1.60,0.90
2008.04.16 12:16:14.039,1.97565,1.97585,0.90,3.30
2008.04.16 12:16:14.278,1.97565,1.97585,0.90,3.30
2008.04.16 12:16:14.519,1.97565,1.97585,0.90,3.30
2008.04.16 12:16:14.759,1.97565,1.97585,0.90,3.30
2008.04.16 12:16:14.981,1.97565,1.97585,0.90,3.30
2008.04.16 12:16:15.202,1.97565,1.97585,0.90,3.30
2008.04.16 12:16:15.422,1.97565,1.97585,0.90,3.30
2008.04.16 12:16:15.651,1.97565,1.97585,0.90,3.30
2008.04.16 12:16:15.886,1.97565,1.97585,0.90,3.30
2008.04.16 12:16:16.121,1.97565,1.97585,0.90,3.30
2008.04.16 12:16:16.388,1.97565,1.97585,0.90,3.30
2008.04.16 12:16:16.622,1.97565,1.97585,0.90,3.30
2008.04.16 12:16:16.822,1.97565,1.97585,0.90,3.30
2008.04.16 12:16:17.032,1.97565,1.97585,0.90,3.30
2008.04.16 12:16:17.231,1.97565,1.97585,0.90,3.30
2008.04.16 12:16:17.431,1.9756,1.9758,2.40,0.90
2008.04.16 12:16:17.632,1.9756,1.9758,1.70,0.90
2008.04.16 12:16:17.915,1.9756,1.9758,1.70,0.90
2008.04.16 12:16:18.202,1.9756,1.9758,1.70,0.90
2008.04.16 12:16:18.484,1.97565,1.97585,0.90,11.30
2008.04.16 12:16:18.736,1.97565,1.9758,1.60,0.80
2008.04.16 12:16:18.974,1.97565,1.9758,1.60,0.80
2008.04.16 12:16:19.215,1.97565,1.9758,1.60,0.80
2008.04.16 12:16:19.457,1.97565,1.9758,0.70,1.70
2008.04.16 12:16:19.698,1.97565,1.97575,0.70,0.80
2008.04.16 12:16:20.027,1.9756,1.97575,1.70,0.80
2008.04.16 12:16:20.339,1.9756,1.9758,1.70,5.70
2008.04.16 12:16:20.652,1.9756,1.9758,1.70,0.90
2008.04.16 12:16:20.888,1.9756,1.9758,1.70,0.90
2008.04.16 12:16:21.121,1.9756,1.9758,1.70,0.90
2008.04.16 12:16:21.356,1.9756,1.9758,1.70,0.90
2008.04.16 12:16:21.593,1.97555,1.97565,1.60,0.80
2008.04.16 12:16:21.829,1.97555,1.9757,0.70,1.70
2008.04.16 12:16:22.155,1.9755,1.9757,1.70,0.90
2008.04.16 12:16:22.457,1.9755,1.9757,1.70,0.90
2008.04.16 12:16:22.763,1.9755,1.9757,1.70,0.90
2008.04.16 12:16:23.011,1.97555,1.97575,0.90,7.30
2008.04.16 12:16:23.260,1.97555,1.97575,1.60,0.90
2008.04.16 12:16:23.507,1.9756,1.97575,0.90,1.60
2008.04.16 12:16:23.751,1.9756,1.9758,0.90,0.90
2008.04.16 12:16:24.006,1.97565,1.9758,0.70,0.90
2008.04.16 12:16:24.297,1.97565,1.9758,0.70,0.90
2008.04.16 12:16:24.585,1.97565,1.9758,0.70,0.90
2008.04.16 12:16:24.839,1.97565,1.9758,0.70,0.90
2008.04.16 12:16:25.105,1.97565,1.9758,0.70,0.90
2008.04.16 12:16:25.370,1.97565,1.9758,0.70,0.90
2008.04.16 12:16:25.636,1.97565,1.97585,1.60,2.50
2008.04.16 12:16:25.901,1.97565,1.9758,0.70,0.90
2008.04.16 12:16:26.172,1.97565,1.9758,0.70,0.90
2008.04.16 12:16:26.442,1.97565,1.9758,0.70,0.90
2008.04.16 12:16:26.713,1.97565,1.9758,0.70,0.90
2008.04.16 12:16:26.983,1.97565,1.9758,0.70,0.90
2008.04.16 12:16:27.233,1.97565,1.97575,0.70,0.80
2008.04.16 12:16:27.485,1.97565,1.97575,0.70,1.70
2008.04.16 12:16:27.735,1.97555,1.97575,1.60,1.70
2008.04.16 12:16:27.997,1.97555,1.9757,1.60,0.80
2008.04.16 12:16:28.277,1.97555,1.9757,1.60,0.80
2008.04.16 12:16:28.559,1.97555,1.9757,0.70,1.70
2008.04.16 12:16:28.872,1.9755,1.9757,1.70,1.70
2008.04.16 12:16:29.105,1.9755,1.9757,1.70,1.70
2008.04.16 12:16:29.373,1.9755,1.9757,1.70,0.90
2008.04.16 12:16:29.568,1.9755,1.9757,1.70,0.90
2008.04.16 12:16:29.798,1.9755,1.9757,1.70,0.90
2008.04.16 12:16:30.016,1.9756,1.97575,1.70,5.60
2008.04.16 12:16:30.239,1.9756,1.97575,1.70,5.60
2008.04.16 12:16:30.489,1.9756,1.9758,1.70,0.90
2008.04.16 12:16:30.703,1.9756,1.9758,1.70,0.90
2008.04.16 12:16:30.917,1.9756,1.9758,1.70,0.90
2008.04.16 12:16:31.202,1.9756,1.9758,1.70,0.90
2008.04.16 12:16:31.487,1.9756,1.9758,1.70,0.90
2008.04.16 12:16:31.794,1.9756,1.9758,1.70,0.90
2008.04.16 12:16:32.115,1.9756,1.9758,1.70,1.70
2008.04.16 12:16:32.362,1.9756,1.9758,1.70,1.70
2008.04.16 12:16:32.572,1.9756,1.9758,1.70,1.70
2008.04.16 12:16:32.784,1.9756,1.9758,1.70,1.70
2008.04.16 12:16:32.993,1.9756,1.9758,1.70,1.70
2008.04.16 12:16:33.266,1.9756,1.9758,1.70,1.70
2008.04.16 12:16:33.524,1.97565,1.97585,0.90,8.10
2008.04.16 12:16:33.813,1.97565,1.97585,0.90,4.90
2008.04.16 12:16:34.103,1.97565,1.97585,0.90,4.90
2008.04.16 12:16:34.367,1.97565,1.97585,0.90,4.90
2008.04.16 12:16:34.596,1.97565,1.97585,0.90,4.90
2008.04.16 12:16:34.827,1.97565,1.97585,0.90,4.90
2008.04.16 12:16:35.058,1.97565,1.97585,0.90,3.30
2008.04.16 12:16:35.349,1.97565,1.9758,0.90,0.80
2008.04.16 12:16:35.640,1.9756,1.9758,1.70,1.70
2008.04.16 12:16:35.931,1.9756,1.97575,0.80,0.90
2008.04.16 12:16:36.182,1.97555,1.97575,1.60,1.70
2008.04.16 12:16:36.431,1.97555,1.97575,1.60,1.70
2008.04.16 12:16:36.683,1.97555,1.97575,1.60,1.70
2008.04.16 12:16:36.933,1.97555,1.97565,0.90,0.80
2008.04.16 12:16:37.198,1.97555,1.97565,0.90,0.80
2008.04.16 12:16:37.464,1.97555,1.97565,0.90,0.80
2008.04.16 12:16:37.728,1.97555,1.97565,0.90,0.80
2008.04.16 12:16:38.014,1.97555,1.97565,0.90,0.80
2008.04.16 12:16:38.245,1.97555,1.97565,0.90,0.80
2008.04.16 12:16:38.477,1.97555,1.97565,0.90,0.80
2008.04.16 12:16:38.709,1.97555,1.9756,0.90,0.80
2008.04.16 12:16:38.952,1.9755,1.9756,1.50,0.80
2008.04.16 12:16:39.203,1.97545,1.9756,4.00,0.80
2008.04.16 12:16:39.440,1.97545,1.9756,1.60,0.80
2008.04.16 12:16:39.677,1.97545,1.9756,1.60,0.80
2008.04.16 12:16:39.913,1.9755,1.9756,0.90,0.80
2008.04.16 12:16:40.165,1.9755,1.97565,1.70,4.80
2008.04.16 12:16:40.432,1.9755,1.97555,1.70,2.40
2008.04.16 12:16:40.637,1.9755,1.97555,1.70,2.40
2008.04.16 12:16:40.873,1.9755,1.97555,1.70,2.40
2008.04.16 12:16:41.110,1.9755,1.97555,1.70,2.40
2008.04.16 12:16:41.377,1.9755,1.97555,1.70,2.40
2008.04.16 12:16:41.610,1.9755,1.97565,1.70,0.80
2008.04.16 12:16:41.845,1.9755,1.97565,1.70,0.80
2008.04.16 12:16:42.083,1.97555,1.97565,0.90,0.80
2008.04.16 12:16:42.304,1.97555,1.97575,0.90,8.10
2008.04.16 12:16:42.558,1.9756,1.97575,0.90,3.20
2008.04.16 12:16:42.780,1.9756,1.9758,0.90,0.90
2008.04.16 12:16:43.005,1.9756,1.9758,1.10,0.90
2008.04.16 12:16:43.271,1.9756,1.9758,1.10,0.90
2008.04.16 12:16:43.538,1.97565,1.97585,0.90,11.30
2008.04.16 12:16:43.817,1.97565,1.97585,0.90,9.70
2008.04.16 12:16:44.115,1.9757,1.97585,0.90,2.40
2008.04.16 12:16:44.384,1.9757,1.9759,0.90,1.70
2008.04.16 12:16:44.618,1.9757,1.9759,0.90,1.70
2008.04.16 12:16:44.882,1.9757,1.9759,0.90,1.70
2008.04.16 12:16:45.112,1.97575,1.9759,0.70,0.90
2008.04.16 12:16:45.397,1.97575,1.9759,0.70,0.90
2008.04.16 12:16:45.688,1.97575,1.9759,0.70,0.90
2008.04.16 12:16:45.974,1.97575,1.9759,0.70,0.90
2008.04.16 12:16:46.260,1.97575,1.9759,0.70,0.90
2008.04.16 12:16:46.537,1.97575,1.9759,0.70,0.90
2008.04.16 12:16:46.847,1.97575,1.97595,1.60,0.90
2008.04.16 12:16:47.125,1.9758,1.976,0.90,2.50
2008.04.16 12:16:47.365,1.9758,1.976,0.90,0.90
2008.04.16 12:16:47.606,1.97585,1.976,0.70,0.90
2008.04.16 12:16:47.848,1.97585,1.976,0.70,0.90
2008.04.16 12:16:48.127,1.97585,1.9759,0.70,0.90
2008.04.16 12:16:48.454,1.97575,1.9759,0.70,0.90
2008.04.16 12:16:48.780,1.9757,1.9759,2.00,0.90
2008.04.16 12:16:49.143,1.9757,1.9759,1.90,0.90
2008.04.16 12:16:49.471,1.9757,1.9759,1.70,0.90
2008.04.16 12:16:49.747,1.9757,1.9759,1.70,0.90
2008.04.16 12:16:49.997,1.9757,1.9759,1.70,0.90
2008.04.16 12:16:50.240,1.9757,1.9759,1.70,0.90
2008.04.16 12:16:50.544,1.9757,1.9759,1.70,0.90
2008.04.16 12:16:50.843,1.9757,1.9759,1.70,0.90
2008.04.16 12:16:51.147,1.97565,1.97585,1.60,0.90
2008.04.16 12:16:51.446,1.97565,1.97585,1.60,0.90
2008.04.16 12:16:51.692,1.97565,1.97585,1.60,0.90
2008.04.16 12:16:51.937,1.9758,1.97585,0.30,0.90
2008.04.16 12:16:52.182,1.97565,1.97585,1.60,0.90
2008.04.16 12:16:52.427,1.97565,1.9757,0.70,0.90
2008.04.16 12:16:52.708,1.97565,1.9757,0.70,1.70
2008.04.16 12:16:52.989,1.9755,1.9757,0.90,3.30
2008.04.16 12:16:53.270,1.9755,1.9757,1.70,0.90
2008.04.16 12:16:53.550,1.97555,1.97575,0.90,6.50
2008.04.16 12:16:53.840,1.97555,1.97575,1.60,2.50
2008.04.16 12:16:54.118,1.97555,1.97575,1.60,0.90
2008.04.16 12:16:54.370,1.97555,1.97575,1.60,0.90
2008.04.16 12:16:54.644,1.97555,1.97575,1.60,0.90
2008.04.16 12:16:54.913,1.97555,1.97575,1.60,0.90
2008.04.16 12:16:55.185,1.97555,1.97575,1.60,0.90
2008.04.16 12:16:55.455,1.97555,1.97575,1.60,0.90
2008.04.16 12:16:55.735,1.97555,1.97575,1.60,0.90
2008.04.16 12:16:56.013,1.97555,1.97575,1.60,0.90
2008.04.16 12:16:56.293,1.97555,1.97575,1.60,0.90
2008.04.16 12:16:56.575,1.9756,1.9758,0.90,3.30
2008.04.16 12:16:56.865,1.9756,1.9758,0.90,1.70
2008.04.16 12:16:57.124,1.9756,1.9758,1.70,0.90
2008.04.16 12:16:57.383,1.9756,1.9758,1.70,0.90
2008.04.16 12:16:57.604,1.9756,1.9758,1.70,0.90
2008.04.16 12:16:57.764,1.9756,1.9758,1.70,0.90
2008.04.16 12:16:57.954,1.9756,1.9758,1.70,0.90
2008.04.16 12:16:58.179,1.9756,1.9758,1.70,0.90
2008.04.16 12:16:58.334,1.9756,1.9758,1.70,0.90
2008.04.16 12:16:58.564,1.9756,1.9758,1.70,0.90
2008.04.16 12:16:58.815,1.9756,1.9758,1.70,0.90
2008.04.16 12:16:59.071,1.97565,1.9758,0.70,0.90
2008.04.16 12:16:59.325,1.9756,1.9758,1.70,0.90
2008.04.16 12:16:59.580,1.9756,1.9758,1.70,0.90
2008.04.16 12:16:59.865,1.9756,1.9758,1.70,0.90
2008.04.16 12:17:00.150,1.97565,1.9758,0.70,0.90
2008.04.16 12:17:00.437,1.9756,1.9758,1.70,0.90
2008.04.16 12:17:00.721,1.9756,1.9758,1.70,0.90
2008.04.16 12:17:00.985,1.9756,1.9758,1.70,0.90
2008.04.16 12:17:01.250,1.9756,1.9758,1.70,0.90
2008.04.16 12:17:01.534,1.9756,1.9758,1.70,0.90
2008.04.16 12:17:01.777,1.9756,1.9758,1.70,0.90
2008.04.16 12:17:01.987,1.9756,1.9758,1.70,0.90
2008.04.16 12:17:02.198,1.9756,1.9758,1.70,0.90
2008.04.16 12:17:02.408,1.9756,1.9758,1.70,0.90
2008.04.16 12:17:02.619,1.9756,1.9758,1.70,0.90
2008.04.16 12:17:02.867,1.9756,1.9758,1.70,0.90
2008.04.16 12:17:03.117,1.9756,1.9758,1.70,0.90
2008.04.16 12:17:03.368,1.9756,1.9758,1.70,0.90
2008.04.16 12:17:03.638,1.9756,1.97575,1.70,0.80
2008.04.16 12:17:03.919,1.9756,1.97575,1.70,0.80
2008.04.16 12:17:04.199,1.9756,1.97575,1.70,0.80
2008.04.16 12:17:04.480,1.9756,1.97575,1.70,0.80
2008.04.16 12:17:04.760,1.97565,1.97575,1.60,0.80
2008.04.16 12:17:05.032,1.97565,1.97575,2.50,0.80
2008.04.16 12:17:05.304,1.97565,1.97585,3.20,0.90
2008.04.16 12:17:05.608,1.9757,1.9759,0.90,8.10
2008.04.16 12:17:05.911,1.9757,1.97585,0.90,0.80
2008.04.16 12:17:06.162,1.97575,1.97585,0.90,0.80
2008.04.16 12:17:06.380,1.97575,1.97595,1.60,7.30
2008.04.16 12:17:06.595,1.97575,1.97595,1.60,7.30
2008.04.16 12:17:06.811,1.97575,1.97595,1.60,5.70
2008.04.16 12:17:07.044,1.97575,1.97595,1.60,5.70
2008.04.16 12:17:07.305,1.97575,1.97595,1.60,5.70
2008.04.16 12:17:07.536,1.97575,1.97595,1.60,5.70
2008.04.16 12:17:07.765,1.97575,1.97595,1.60,5.70
2008.04.16 12:17:08.018,1.97575,1.97595,1.60,5.70
2008.04.16 12:17:08.258,1.97575,1.97595,1.60,5.70
2008.04.16 12:17:08.498,1.97575,1.97595,1.60,5.70
2008.04.16 12:17:08.740,1.97575,1.97595,1.60,5.70
2008.04.16 12:17:09.016,1.97575,1.97595,1.60,5.70
2008.04.16 12:17:09.291,1.97575,1.97595,1.60,5.70
2008.04.16 12:17:09.567,1.9758,1.97595,0.90,4.80
2008.04.16 12:17:09.843,1.9758,1.976,0.90,0.90
2008.04.16 12:17:10.094,1.97575,1.97595,3.20,0.90
2008.04.16 12:17:10.346,1.97575,1.97595,1.60,0.90
2008.04.16 12:17:10.599,1.97575,1.97595,1.60,1.70
2008.04.16 12:17:10.849,1.97575,1.97595,1.60,1.70
2008.04.16 12:17:11.100,1.9758,1.976,0.90,0.90
2008.04.16 12:17:11.350,1.9758,1.976,0.90,0.90
2008.04.16 12:17:11.599,1.9758,1.976,0.90,0.90
2008.04.16 12:17:11.849,1.9758,1.976,0.90,0.90
2008.04.16 12:17:12.120,1.9758,1.976,0.90,0.90
2008.04.16 12:17:12.392,1.9758,1.976,0.90,0.90
2008.04.16 12:17:12.662,1.9758,1.976,0.90,0.90
2008.04.16 12:17:12.933,1.9758,1.976,0.90,0.90
2008.04.16 12:17:13.190,1.9758,1.976,0.90,0.90
2008.04.16 12:17:13.477,1.9758,1.976,0.90,0.90
2008.04.16 12:17:13.729,1.9758,1.976,1.10,0.90
2008.04.16 12:17:13.985,1.9758,1.976,1.10,0.90
2008.04.16 12:17:14.258,1.97585,1.97605,0.90,11.30
2008.04.16 12:17:14.502,1.97585,1.97605,1.60,7.30
2008.04.16 12:17:14.754,1.97585,1.97605,1.60,5.70
2008.04.16 12:17:15.005,1.97585,1.97605,1.60,5.70
2008.04.16 12:17:15.286,1.97585,1.97605,1.60,5.70
2008.04.16 12:17:15.566,1.97585,1.97605,1.60,5.70
2008.04.16 12:17:15.846,1.97585,1.97605,1.60,5.70
2008.04.16 12:17:16.085,1.97585,1.97605,1.60,5.70
2008.04.16 12:17:16.327,1.97585,1.97605,1.60,5.70
2008.04.16 12:17:16.569,1.97585,1.97605,1.60,5.70
2008.04.16 12:17:16.809,1.97585,1.97605,1.60,5.70
2008.04.16 12:17:17.051,1.97585,1.97605,1.60,5.70
2008.04.16 12:17:17.348,1.97585,1.97605,1.60,5.70
2008.04.16 12:17:17.645,1.97585,1.97605,1.60,5.70
2008.04.16 12:17:17.940,1.97585,1.97605,1.60,5.70
2008.04.16 12:17:18.180,1.97585,1.97605,1.60,5.70
2008.04.16 12:17:18.421,1.97585,1.97605,1.60,5.70
2008.04.16 12:17:18.599,1.97585,1.97605,1.60,5.70
2008.04.16 12:17:18.809,1.97585,1.97605,1.60,5.70
2008.04.16 12:17:19.022,1.97585,1.97605,1.60,5.70
2008.04.16 12:17:19.283,1.97585,1.97605,1.60,5.70
2008.04.16 12:17:19.545,1.97585,1.97605,1.60,5.70
2008.04.16 12:17:19.806,1.97585,1.97605,1.60,5.70
2008.04.16 12:17:20.069,1.97585,1.97605,1.60,5.70
2008.04.16 12:17:20.360,1.97585,1.97605,1.60,5.70
2008.04.16 12:17:20.659,1.97585,1.97605,1.60,5.70
2008.04.16 12:17:20.946,1.97585,1.97605,1.60,5.70
2008.04.16 12:17:21.169,1.97585,1.97605,1.60,5.70
2008.04.16 12:17:21.405,1.97585,1.97605,1.60,5.70
2008.04.16 12:17:21.641,1.97585,1.97605,1.60,5.70
2008.04.16 12:17:21.875,1.97585,1.97605,1.60,5.70
2008.04.16 12:17:22.143,1.97585,1.97605,1.60,5.70
2008.04.16 12:17:22.373,1.97585,1.97605,1.60,5.70
2008.04.16 12:17:22.624,1.97585,1.97605,1.60,5.70
2008.04.16 12:17:22.854,1.9759,1.97605,0.80,5.70
2008.04.16 12:17:23.117,1.9759,1.97605,0.80,5.70
2008.04.16 12:17:23.402,1.9759,1.97605,0.80,5.70
2008.04.16 12:17:23.686,1.9759,1.97605,0.80,5.70
2008.04.16 12:17:23.971,1.9759,1.97605,0.80,5.70
2008.04.16 12:17:24.256,1.9759,1.97605,0.80,5.70
2008.04.16 12:17:24.471,1.9759,1.97605,0.80,5.70
2008.04.16 12:17:24.686,1.9759,1.97605,0.80,5.70
2008.04.16 12:17:24.902,1.9759,1.97605,0.80,5.70
2008.04.16 12:17:25.141,1.9759,1.97605,0.80,5.70
2008.04.16 12:17:25.451,1.9759,1.97605,0.80,5.70
2008.04.16 12:17:25.761,1.9759,1.97605,0.80,5.70
2008.04.16 12:17:26.071,1.9759,1.97605,0.80,5.70
2008.04.16 12:17:26.307,1.9759,1.97605,0.80,5.70
2008.04.16 12:17:26.542,1.9759,1.97605,0.80,5.70
2008.04.16 12:17:26.777,1.97585,1.97605,1.60,5.70
2008.04.16 12:17:27.013,1.9759,1.97605,0.80,5.70
2008.04.16 12:17:27.248,1.97585,1.97605,1.60,5.70
2008.04.16 12:17:27.526,1.9759,1.97605,0.90,4.80
2008.04.16 12:17:27.800,1.9759,1.9761,0.90,0.90
2008.04.16 12:17:28.076,1.97585,1.97605,3.20,0.90
2008.04.16 12:17:28.310,1.97585,1.97605,1.60,1.70
2008.04.16 12:17:28.536,1.9759,1.97605,0.90,0.80
2008.04.16 12:17:28.752,1.9759,1.9761,0.90,0.90
2008.04.16 12:17:28.968,1.97595,1.9761,0.70,0.90
2008.04.16 12:17:29.201,1.97595,1.9761,0.70,0.90
2008.04.16 12:17:29.508,1.97595,1.9761,0.70,0.90
2008.04.16 12:17:29.838,1.97595,1.9761,0.70,0.90
2008.04.16 12:17:30.058,1.97595,1.9761,0.70,0.90
2008.04.16 12:17:30.333,1.97595,1.9761,0.70,0.90
2008.04.16 12:17:30.538,1.97595,1.9761,0.70,0.90
2008.04.16 12:17:30.758,1.97595,1.9761,0.70,0.90
2008.04.16 12:17:30.964,1.97595,1.9761,0.70,0.90
2008.04.16 12:17:31.169,1.97595,1.9761,0.70,0.90
2008.04.16 12:17:31.446,1.97595,1.9761,0.70,0.90
2008.04.16 12:17:31.720,1.97595,1.9761,0.70,0.90
2008.04.16 12:17:32.029,1.97595,1.9761,0.70,0.90
2008.04.16 12:17:32.306,1.97595,1.9761,0.70,0.90
2008.04.16 12:17:32.571,1.97595,1.9761,0.70,0.90
2008.04.16 12:17:32.836,1.97595,1.9761,0.70,0.90
2008.04.16 12:17:33.102,1.97595,1.97605,0.70,0.90
2008.04.16 12:17:33.369,1.97585,1.97605,1.60,1.70
2008.04.16 12:17:33.640,1.97585,1.97605,1.60,1.70
2008.04.16 12:17:33.941,1.97585,1.97605,1.60,1.70
2008.04.16 12:17:34.182,1.97585,1.97605,1.60,1.70
2008.04.16 12:17:34.452,1.97585,1.97605,1.60,1.70
2008.04.16 12:17:34.715,1.97585,1.97605,1.60,1.70
2008.04.16 12:17:34.977,1.97585,1.97605,1.60,5.70
2008.04.16 12:17:35.236,1.97585,1.97605,1.60,5.70
2008.04.16 12:17:35.497,1.97585,1.97605,1.60,5.70
2008.04.16 12:17:35.760,1.97585,1.97605,1.60,5.70
2008.04.16 12:17:36.019,1.97585,1.97605,1.60,5.70
2008.04.16 12:17:36.280,1.97585,1.97605,1.60,5.70
2008.04.16 12:17:36.531,1.97585,1.97605,1.60,5.70
2008.04.16 12:17:36.783,1.9759,1.9761,0.90,0.90
2008.04.16 12:17:37.064,1.9759,1.9761,0.90,0.90
2008.04.16 12:17:37.315,1.9759,1.9761,0.90,0.90
2008.04.16 12:17:37.539,1.9759,1.9761,0.90,1.10
2008.04.16 12:17:37.764,1.9759,1.9761,0.90,1.10
2008.04.16 12:17:37.989,1.9759,1.9761,0.90,1.10
2008.04.16 12:17:38.229,1.9759,1.9761,0.90,1.10
2008.04.16 12:17:38.484,1.9759,1.9761,0.90,1.10
2008.04.16 12:17:38.800,1.9759,1.9761,0.90,1.10
2008.04.16 12:17:39.084,1.9759,1.9761,0.90,1.10
2008.04.16 12:17:39.368,1.9759,1.9761,0.90,1.10
2008.04.16 12:17:39.609,1.9759,1.9761,0.90,1.10
2008.04.16 12:17:39.848,1.9759,1.9761,0.90,1.10
2008.04.16 12:17:40.062,1.9759,1.9761,0.90,1.10
2008.04.16 12:17:40.277,1.9759,1.9761,0.90,1.10
2008.04.16 12:17:40.493,1.9759,1.9761,0.90,1.10
2008.04.16 12:17:40.779,1.9759,1.9761,0.90,1.10
2008.04.16 12:17:41.063,1.9759,1.9761,0.90,1.10
2008.04.16 12:17:41.348,1.9759,1.9761,0.90,1.10
2008.04.16 12:17:41.634,1.9759,1.9761,0.90,1.10
2008.04.16 12:17:41.824,1.9759,1.9761,0.90,1.10
2008.04.16 12:17:42.014,1.9759,1.9761,0.90,1.10
2008.04.16 12:17:42.230,1.9759,1.9761,0.90,1.10
2008.04.16 12:17:42.456,1.9759,1.9761,0.90,1.10
2008.04.16 12:17:42.768,1.9759,1.9761,0.90,1.10
2008.04.16 12:17:43.089,1.9759,1.9761,0.90,1.10
2008.04.16 12:17:43.337,1.9759,1.9761,0.90,1.10
2008.04.16 12:17:43.621,1.9759,1.9761,0.90,1.10
2008.04.16 12:17:43.841,1.9759,1.9761,0.90,1.10
2008.04.16 12:17:44.061,1.9759,1.9761,0.90,1.10
2008.04.16 12:17:44.313,1.9759,1.9761,0.90,1.10
2008.04.16 12:17:44.530,1.9759,1.9761,0.90,1.10
2008.04.16 12:17:44.770,1.9759,1.9761,0.90,1.10
2008.04.16 12:17:45.010,1.9759,1.9761,0.90,1.10
2008.04.16 12:17:45.249,1.9759,1.9761,0.90,1.10
2008.04.16 12:17:45.488,1.9759,1.9761,0.90,1.10
2008.04.16 12:17:45.763,1.9759,1.9761,0.90,1.10
2008.04.16 12:17:46.044,1.9759,1.9761,0.90,1.10
2008.04.16 12:17:46.262,1.9759,1.9761,0.90,1.10
2008.04.16 12:17:46.514,1.9759,1.9761,0.90,1.10
2008.04.16 12:17:46.749,1.9759,1.9761,0.90,1.10
2008.04.16 12:17:46.986,1.9759,1.9761,0.90,1.10
2008.04.16 12:17:47.223,1.97585,1.97605,1.60,1.70
2008.04.16 12:17:47.457,1.97585,1.97605,1.60,1.70
2008.04.16 12:17:47.693,1.9759,1.9761,0.90,1.10
2008.04.16 12:17:47.983,1.9759,1.9761,0.90,1.10
2008.04.16 12:17:48.273,1.9759,1.9761,0.90,1.10
2008.04.16 12:17:48.563,1.97585,1.9761,3.20,1.10
2008.04.16 12:17:48.798,1.97585,1.9761,3.20,1.10
2008.04.16 12:17:49.039,1.97585,1.9761,3.20,1.10
2008.04.16 12:17:49.306,1.97585,1.97605,1.60,0.80
2008.04.16 12:17:49.546,1.97585,1.97605,1.60,0.80
2008.04.16 12:17:49.813,1.97585,1.97605,1.60,0.80
2008.04.16 12:17:50.074,1.9759,1.97605,0.90,0.80
2008.04.16 12:17:50.335,1.97595,1.9761,0.70,5.00
2008.04.16 12:17:50.626,1.97595,1.9761,0.70,8.30
2008.04.16 12:17:50.891,1.97585,1.97605,1.60,0.80
2008.04.16 12:17:51.182,1.97585,1.97605,0.70,1.70
2008.04.16 12:17:51.489,1.97585,1.97605,0.70,1.70
2008.04.16 12:17:51.771,1.97585,1.97605,1.60,4.80
2008.04.16 12:17:52.026,1.97585,1.97605,1.60,4.80
2008.04.16 12:17:54.056,1.97585,1.97605,1.60,4.80
2008.04.16 12:17:54.163,1.97585,1.9761,3.20,1.10
2008.04.16 12:17:54.230,1.97585,1.9761,3.20,1.10
2008.04.16 12:17:54.333,1.97585,1.9761,3.20,1.10
2008.04.16 12:17:54.368,1.97585,1.9761,3.20,1.10
2008.04.16 12:17:54.452,1.97585,1.9761,3.20,1.10
2008.04.16 12:17:54.559,1.97585,1.97605,3.20,0.80
2008.04.16 12:17:54.671,1.97585,1.97605,3.20,0.80
2008.04.16 12:17:54.777,1.97585,1.97605,3.20,0.80
2008.04.16 12:17:54.877,1.97585,1.97605,3.20,2.40
2008.04.16 12:17:54.980,1.97585,1.97605,3.20,2.40
2008.04.16 12:17:55.099,1.97585,1.97605,3.20,2.40
2008.04.16 12:17:55.436,1.97585,1.97605,3.20,1.60
2008.04.16 12:17:55.822,1.9759,1.97605,0.90,1.60
2008.04.16 12:17:56.201,1.97595,1.97605,1.60,1.60
2008.04.16 12:17:56.436,1.97595,1.9761,1.60,0.20
2008.04.16 12:17:56.672,1.97595,1.9762,3.20,10.50
2008.04.16 12:17:56.941,1.97595,1.97615,3.20,0.80
2008.04.16 12:17:57.183,1.976,1.97615,1.70,0.80
2008.04.16 12:17:57.534,1.976,1.9762,1.70,0.90
2008.04.16 12:17:57.886,1.976,1.9762,1.70,0.90
2008.04.16 12:17:58.203,1.976,1.97625,1.70,9.70
2008.04.16 12:17:58.443,1.97605,1.97625,0.70,5.70
2008.04.16 12:17:58.667,1.97605,1.97625,0.70,5.70
2008.04.16 12:17:58.917,1.97605,1.97625,0.70,5.70
2008.04.16 12:17:59.142,1.97605,1.97625,0.70,5.70
2008.04.16 12:17:59.374,1.97605,1.97625,0.70,5.70
2008.04.16 12:17:59.701,1.97605,1.97625,0.70,5.70
2008.04.16 12:17:59.966,1.97605,1.97625,0.70,5.70
2008.04.16 12:18:00.263,1.97605,1.97625,0.70,5.70
2008.04.16 12:18:00.462,1.97605,1.97625,0.70,5.70
2008.04.16 12:18:00.663,1.97605,1.9762,0.70,0.90
2008.04.16 12:18:00.865,1.976,1.9762,1.70,0.90
2008.04.16 12:18:01.093,1.976,1.9762,1.70,0.90
2008.04.16 12:18:01.333,1.976,1.9762,0.80,0.90
2008.04.16 12:18:01.634,1.976,1.97615,1.70,0.80
2008.04.16 12:18:01.936,1.976,1.9762,1.70,0.90
2008.04.16 12:18:02.236,1.976,1.9762,1.70,0.90
2008.04.16 12:18:02.480,1.976,1.9762,1.70,0.90
2008.04.16 12:18:02.657,1.976,1.9762,1.70,0.90
2008.04.16 12:18:02.867,1.976,1.9762,1.70,0.90
2008.04.16 12:18:03.076,1.976,1.9762,0.80,0.90
2008.04.16 12:18:03.287,1.976,1.97615,0.80,0.80
2008.04.16 12:18:03.600,1.976,1.97615,0.80,0.80
2008.04.16 12:18:03.894,1.976,1.97615,0.80,0.80
2008.04.16 12:18:04.188,1.976,1.97615,0.80,0.80
2008.04.16 12:18:04.485,1.976,1.97615,0.80,0.80
2008.04.16 12:18:04.714,1.976,1.97615,0.80,0.80
2008.04.16 12:18:04.943,1.976,1.97615,0.80,0.80
2008.04.16 12:18:05.188,1.976,1.97615,0.80,0.80
2008.04.16 12:18:05.419,1.976,1.97615,0.80,0.80
2008.04.16 12:18:05.685,1.976,1.97615,0.80,0.80
2008.04.16 12:18:05.982,1.976,1.97615,0.80,0.80
2008.04.16 12:18:06.215,1.976,1.97615,0.80,0.80
2008.04.16 12:18:06.481,1.976,1.97615,0.80,0.80
2008.04.16 12:18:06.715,1.976,1.97615,0.80,0.80
2008.04.16 12:18:06.949,1.976,1.97615,0.80,0.80
2008.04.16 12:18:07.184,1.976,1.97615,0.80,0.80
2008.04.16 12:18:07.447,1.976,1.97615,0.80,0.80
2008.04.16 12:18:07.732,1.976,1.9762,0.80,0.90
2008.04.16 12:18:08.043,1.976,1.9762,0.80,0.90
2008.04.16 12:18:08.361,1.976,1.9762,0.80,0.90
2008.04.16 12:18:08.647,1.976,1.9762,0.80,0.90
2008.04.16 12:18:08.904,1.976,1.9762,0.80,0.90
2008.04.16 12:18:09.097,1.976,1.9762,0.80,0.90
2008.04.16 12:18:09.325,1.976,1.9762,0.80,0.90
2008.04.16 12:18:09.564,1.976,1.9762,0.80,0.90
2008.04.16 12:18:09.854,1.976,1.9762,0.80,0.90
2008.04.16 12:18:10.082,1.976,1.9762,0.80,0.90
2008.04.16 12:18:10.345,1.976,1.9762,0.80,0.90
2008.04.16 12:18:10.604,1.976,1.9762,0.80,0.90
2008.04.16 12:18:10.844,1.976,1.9762,0.80,0.90
2008.04.16 12:18:11.084,1.976,1.9762,0.80,0.90
2008.04.16 12:18:11.359,1.976,1.9762,0.80,0.90
2008.04.16 12:18:11.635,1.976,1.9762,0.80,0.90
2008.04.16 12:18:11.892,1.976,1.9762,0.80,0.90
2008.04.16 12:18:12.148,1.976,1.9762,0.80,0.90
2008.04.16 12:18:12.404,1.976,1.9762,0.80,0.90
2008.04.16 12:18:12.660,1.976,1.9762,0.80,0.90
2008.04.16 12:18:12.942,1.976,1.9762,0.80,0.90
2008.04.16 12:18:13.243,1.976,1.9762,0.80,0.90
2008.04.16 12:18:13.523,1.976,1.9762,0.80,0.90
2008.04.16 12:18:13.778,1.976,1.9762,0.80,0.90
2008.04.16 12:18:14.036,1.976,1.9762,0.80,0.90
2008.04.16 12:18:14.260,1.976,1.9762,0.80,0.90
2008.04.16 12:18:14.484,1.976,1.9762,0.80,0.90
2008.04.16 12:18:14.707,1.976,1.9762,0.80,0.90
2008.04.16 12:18:14.972,1.976,1.9762,0.80,0.90
2008.04.16 12:18:15.238,1.976,1.9762,0.80,0.90
2008.04.16 12:18:15.502,1.976,1.9762,0.80,0.90
2008.04.16 12:18:15.767,1.976,1.9762,0.80,0.90
2008.04.16 12:18:16.052,1.976,1.9762,0.80,0.90
2008.04.16 12:18:16.337,1.976,1.9762,0.80,0.90
2008.04.16 12:18:16.621,1.976,1.9762,0.80,0.90
2008.04.16 12:18:16.848,1.976,1.9762,0.80,0.90
2008.04.16 12:18:17.098,1.976,1.9762,0.80,0.90
2008.04.16 12:18:17.352,1.976,1.9762,0.80,0.90
2008.04.16 12:18:17.573,1.976,1.9762,0.80,0.90
2008.04.16 12:18:17.794,1.976,1.9762,0.80,0.90
2008.04.16 12:18:18.099,1.976,1.9762,0.80,0.90
2008.04.16 12:18:18.405,1.976,1.9762,0.80,0.90
2008.04.16 12:18:18.711,1.976,1.9762,0.80,0.90
2008.04.16 12:18:18.962,1.976,1.9762,0.80,0.90
2008.04.16 12:18:19.212,1.976,1.9762,0.80,0.90
2008.04.16 12:18:19.462,1.976,1.9762,0.80,0.90
2008.04.16 12:18:19.723,1.976,1.9762,0.80,0.90
2008.04.16 12:18:19.999,1.976,1.9762,0.80,0.90
2008.04.16 12:18:20.274,1.976,1.9762,0.80,0.90
2008.04.16 12:18:20.551,1.976,1.9762,0.80,0.90
2008.04.16 12:18:20.826,1.976,1.9762,0.80,0.90
2008.04.16 12:18:21.103,1.976,1.9762,0.80,0.90
2008.04.16 12:18:21.380,1.976,1.9762,0.80,0.90
2008.04.16 12:18:21.656,1.976,1.9762,0.80,0.90
2008.04.16 12:18:21.928,1.976,1.9762,0.80,0.90
2008.04.16 12:18:22.232,1.976,1.97615,0.80,0.90
2008.04.16 12:18:22.503,1.976,1.97615,0.80,0.90
2008.04.16 12:18:22.775,1.976,1.97615,0.80,0.90
2008.04.16 12:18:23.042,1.976,1.97615,0.80,0.90
2008.04.16 12:18:23.307,1.976,1.97615,0.80,0.90
2008.04.16 12:18:23.575,1.976,1.97615,0.80,0.90
2008.04.16 12:18:23.839,1.976,1.97615,0.80,0.90
2008.04.16 12:18:24.119,1.976,1.97615,0.80,0.90
2008.04.16 12:18:24.400,1.976,1.97615,0.80,0.90
2008.04.16 12:18:24.681,1.976,1.97615,0.80,0.90
2008.04.16 12:18:24.987,1.976,1.97615,0.80,0.90
2008.04.16 12:18:25.303,1.976,1.97615,0.80,0.90
2008.04.16 12:18:25.556,1.976,1.97615,0.80,0.90
2008.04.16 12:18:25.842,1.976,1.97615,0.80,0.90
2008.04.16 12:18:26.092,1.976,1.97615,0.80,0.90
2008.04.16 12:18:26.363,1.976,1.97615,0.80,0.90
2008.04.16 12:18:26.645,1.976,1.97615,0.80,0.90
2008.04.16 12:18:26.927,1.976,1.97615,0.80,0.90
2008.04.16 12:18:27.243,1.976,1.97615,0.80,0.90
2008.04.16 12:18:27.522,1.976,1.97615,0.80,0.90
2008.04.16 12:18:27.803,1.976,1.97615,0.80,0.90
2008.04.16 12:18:28.083,1.976,1.97615,0.80,0.90
2008.04.16 12:18:28.297,1.976,1.97615,0.80,0.90
2008.04.16 12:18:28.527,1.976,1.97615,0.80,0.90
2008.04.16 12:18:28.775,1.976,1.97615,0.80,0.90
2008.04.16 12:18:29.027,1.976,1.97615,0.80,0.90
2008.04.16 12:18:29.219,1.976,1.97615,0.80,0.90
2008.04.16 12:18:29.449,1.976,1.97615,0.80,0.90
2008.04.16 12:18:29.679,1.976,1.97615,0.80,0.90
2008.04.16 12:18:29.908,1.976,1.97615,0.80,0.90
2008.04.16 12:18:30.137,1.976,1.97615,0.80,0.90
2008.04.16 12:18:30.437,1.976,1.97615,0.80,0.90
2008.04.16 12:18:30.736,1.976,1.97615,0.80,0.90
2008.04.16 12:18:31.036,1.976,1.97615,0.80,0.90
2008.04.16 12:18:31.256,1.976,1.97615,0.80,0.90
2008.04.16 12:18:31.481,1.976,1.97615,0.80,0.90
2008.04.16 12:18:31.700,1.976,1.97615,0.80,0.90
2008.04.16 12:18:31.920,1.976,1.97615,0.80,0.90
2008.04.16 12:18:32.144,1.976,1.97615,0.80,0.90
2008.04.16 12:18:32.481,1.976,1.97615,0.80,0.90
2008.04.16 12:18:32.785,1.976,1.97615,0.80,0.90
2008.04.16 12:18:33.090,1.976,1.97615,0.80,0.90
2008.04.16 12:18:33.289,1.976,1.97615,0.80,0.90
2008.04.16 12:18:33.489,1.976,1.97615,0.80,0.90
2008.04.16 12:18:33.691,1.97605,1.9762,0.80,3.30
2008.04.16 12:18:33.904,1.97605,1.9762,0.80,0.90
2008.04.16 12:18:34.094,1.97605,1.9762,0.80,0.90
2008.04.16 12:18:34.457,1.97605,1.97625,1.60,2.40
2008.04.16 12:18:34.756,1.97605,1.97625,0.70,0.90
2008.04.16 12:18:35.086,1.97605,1.97625,0.70,0.90
2008.04.16 12:18:35.307,1.97605,1.97625,0.70,0.90
2008.04.16 12:18:35.528,1.97605,1.97625,0.70,0.90
2008.04.16 12:18:35.748,1.97605,1.9763,1.60,3.30
2008.04.16 12:18:35.967,1.97605,1.9763,1.60,3.30
2008.04.16 12:18:36.188,1.97605,1.9763,1.60,3.30
2008.04.16 12:18:36.464,1.97605,1.9763,1.60,1.70
2008.04.16 12:18:36.740,1.97605,1.97625,0.70,0.90
2008.04.16 12:18:37.017,1.97605,1.97625,0.70,0.90
2008.04.16 12:18:37.293,1.97605,1.97625,0.70,0.90
2008.04.16 12:18:37.554,1.97605,1.97625,0.70,0.90
2008.04.16 12:18:37.814,1.97605,1.9763,1.60,3.30
2008.04.16 12:18:38.074,1.97605,1.9763,1.60,3.30
2008.04.16 12:18:38.335,1.97605,1.9763,1.60,3.30
2008.04.16 12:18:38.595,1.97605,1.9763,1.60,3.30
2008.04.16 12:18:38.874,1.97605,1.97625,0.70,0.90
2008.04.16 12:18:39.139,1.97605,1.97625,0.70,0.90
2008.04.16 12:18:39.398,1.97605,1.97625,0.70,0.90
2008.04.16 12:18:39.667,1.97605,1.97625,0.70,0.90
2008.04.16 12:18:39.938,1.97605,1.97625,0.70,0.90
2008.04.16 12:18:40.230,1.97605,1.97625,0.70,0.90
2008.04.16 12:18:40.536,1.97605,1.97625,0.70,0.90
2008.04.16 12:18:40.781,1.97605,1.97625,0.70,0.90
2008.04.16 12:18:41.056,1.97605,1.97625,0.70,0.90
2008.04.16 12:18:41.331,1.97605,1.9763,1.60,3.30
2008.04.16 12:18:41.586,1.97605,1.9763,1.60,3.30
2008.04.16 12:18:41.842,1.97605,1.97625,0.70,0.90
2008.04.16 12:18:42.096,1.97605,1.97625,0.70,0.90
2008.04.16 12:18:42.350,1.97605,1.97625,0.70,0.90
2008.04.16 12:18:42.615,1.97605,1.97625,0.70,0.90
2008.04.16 12:18:42.880,1.97605,1.97625,0.70,0.90
2008.04.16 12:18:43.145,1.97605,1.97625,0.70,0.90
2008.04.16 12:18:43.410,1.97605,1.97625,0.70,0.90
2008.04.16 12:18:43.677,1.97605,1.97625,0.70,0.90
2008.04.16 12:18:43.973,1.97605,1.97625,0.70,0.90
2008.04.16 12:18:44.240,1.97605,1.9763,1.60,3.30
2008.04.16 12:18:44.504,1.97605,1.9763,1.60,3.30
2008.04.16 12:18:44.775,1.97605,1.9763,1.60,3.30
2008.04.16 12:18:45.046,1.97605,1.9763,1.60,3.30
2008.04.16 12:18:45.316,1.97605,1.9763,1.60,3.30
2008.04.16 12:18:45.618,1.97605,1.9763,1.60,3.30
2008.04.16 12:18:45.914,1.97605,1.9763,1.60,3.30
2008.04.16 12:18:46.235,1.97605,1.9763,1.60,3.30
2008.04.16 12:18:46.530,1.97605,1.9763,1.60,3.30
2008.04.16 12:18:46.781,1.97605,1.9763,1.60,3.30
2008.04.16 12:18:47.030,1.97605,1.9763,1.60,3.30
2008.04.16 12:18:47.282,1.97605,1.9763,1.60,3.30
2008.04.16 12:18:47.533,1.97605,1.9763,1.60,3.30
2008.04.16 12:18:47.769,1.97605,1.9763,1.60,3.30
2008.04.16 12:18:48.005,1.97605,1.9763,1.60,3.30
2008.04.16 12:18:48.242,1.97605,1.97625,0.70,0.90
2008.04.16 12:18:48.478,1.97605,1.97625,0.70,0.90
2008.04.16 12:18:48.763,1.97605,1.97625,0.70,0.90
2008.04.16 12:18:49.076,1.97605,1.97625,0.70,0.90
2008.04.16 12:18:49.360,1.97605,1.97625,0.70,0.90
2008.04.16 12:18:49.627,1.97605,1.97625,0.70,0.90
2008.04.16 12:18:49.894,1.97605,1.9763,1.60,3.30
2008.04.16 12:18:50.158,1.97605,1.9763,1.60,3.30
2008.04.16 12:18:50.436,1.97605,1.9763,1.60,3.30
2008.04.16 12:18:50.733,1.97605,1.9763,1.60,3.30
2008.04.16 12:18:50.945,1.97605,1.9763,1.60,3.30
2008.04.16 12:18:51.199,1.97605,1.9763,1.60,3.30
2008.04.16 12:18:51.454,1.97605,1.9763,1.60,3.30
2008.04.16 12:18:51.725,1.97605,1.9763,1.60,3.30
2008.04.16 12:18:52.030,1.97605,1.9763,1.60,3.30
2008.04.16 12:18:52.299,1.97605,1.9763,1.60,3.30
2008.04.16 12:18:52.591,1.97605,1.9763,1.60,3.30
2008.04.16 12:18:52.837,1.97605,1.9763,1.60,3.30
2008.04.16 12:18:53.113,1.97605,1.9763,1.60,3.30
2008.04.16 12:18:53.363,1.97605,1.9763,1.60,3.30
2008.04.16 12:18:53.645,1.97605,1.9763,1.60,3.30
2008.04.16 12:18:53.946,1.97605,1.9763,1.60,3.30
2008.04.16 12:18:54.250,1.97605,1.9763,1.60,3.30
2008.04.16 12:18:54.521,1.97605,1.9763,1.60,3.30
2008.04.16 12:18:54.757,1.97605,1.9762,0.70,0.90
2008.04.16 12:18:54.994,1.97605,1.9762,0.70,0.90
2008.04.16 12:18:55.231,1.976,1.9762,0.80,0.90
2008.04.16 12:18:55.467,1.976,1.9762,0.80,0.90
2008.04.16 12:18:55.706,1.976,1.9762,0.80,0.90
2008.04.16 12:18:56.007,1.976,1.9762,0.80,0.90
2008.04.16 12:18:56.311,1.976,1.9762,0.80,0.90
2008.04.16 12:18:56.610,1.976,1.9762,0.80,0.90
2008.04.16 12:18:56.849,1.97605,1.97625,0.90,3.20
2008.04.16 12:18:57.082,1.97605,1.9763,1.60,2.50
2008.04.16 12:18:57.256,1.97605,1.9763,1.60,2.50
2008.04.16 12:18:57.462,1.97605,1.9763,1.60,2.50
2008.04.16 12:18:57.667,1.97605,1.9763,1.60,2.50
2008.04.16 12:18:57.994,1.97605,1.9763,1.60,2.50
2008.04.16 12:18:58.351,1.97605,1.97625,0.70,0.90
2008.04.16 12:18:58.678,1.97605,1.97625,0.70,0.90
2008.04.16 12:18:58.912,1.97605,1.97625,0.70,0.90
2008.04.16 12:18:59.130,1.97605,1.97625,0.70,0.90
2008.04.16 12:18:59.355,1.97605,1.97625,0.70,0.90
2008.04.16 12:18:59.581,1.97605,1.97625,0.70,0.90
2008.04.16 12:18:59.806,1.97605,1.97625,0.70,0.90
2008.04.16 12:19:00.102,1.97605,1.97625,0.70,0.90
2008.04.16 12:19:00.397,1.97605,1.97625,0.70,0.90
2008.04.16 12:19:00.694,1.97605,1.97625,0.70,0.90
2008.04.16 12:19:00.933,1.97605,1.97625,0.70,0.90
2008.04.16 12:19:01.175,1.97605,1.97625,0.70,1.70
2008.04.16 12:19:01.416,1.97605,1.97625,0.70,1.70
2008.04.16 12:19:01.657,1.97605,1.97625,0.70,1.70
2008.04.16 12:19:01.897,1.97605,1.97625,0.70,1.70
2008.04.16 12:19:02.197,1.97605,1.97625,0.70,1.70
2008.04.16 12:19:02.516,1.97605,1.97625,0.70,1.70
2008.04.16 12:19:02.847,1.97605,1.97625,0.70,1.70
2008.04.16 12:19:03.082,1.97605,1.97625,0.70,1.70
2008.04.16 12:19:03.289,1.97605,1.97625,0.70,1.70
2008.04.16 12:19:03.493,1.97605,1.97625,0.70,1.70
2008.04.16 12:19:03.698,1.97605,1.9762,0.70,0.90
2008.04.16 12:19:03.937,1.976,1.9762,1.70,0.90
2008.04.16 12:19:04.201,1.976,1.9762,1.70,0.90
2008.04.16 12:19:04.538,1.976,1.9762,1.70,0.90
2008.04.16 12:19:04.833,1.976,1.97625,1.70,4.90
2008.04.16 12:19:05.101,1.97605,1.97625,0.70,1.70
2008.04.16 12:19:05.380,1.97605,1.97625,0.70,1.70
2008.04.16 12:19:05.626,1.97605,1.97625,0.70,1.70
2008.04.16 12:19:05.900,1.97605,1.97625,0.70,1.70
2008.04.16 12:19:06.197,1.97605,1.97625,0.70,1.70
2008.04.16 12:19:06.494,1.97605,1.97625,0.70,1.70
2008.04.16 12:19:06.761,1.97605,1.9761,0.70,0.90
2008.04.16 12:19:07.027,1.97605,1.9761,0.70,0.90
2008.04.16 12:19:07.294,1.9759,1.9761,0.80,0.90
2008.04.16 12:19:07.560,1.9759,1.9761,0.80,0.90
2008.04.16 12:19:07.826,1.97595,1.97615,0.90,6.40
2008.04.16 12:19:08.091,1.97595,1.9762,1.60,0.90
2008.04.16 12:19:08.356,1.97595,1.9762,1.60,0.90
2008.04.16 12:19:08.654,1.97595,1.9762,3.20,0.90
2008.04.16 12:19:08.920,1.976,1.97625,0.90,6.50
2008.04.16 12:19:09.180,1.976,1.9762,0.90,0.90
2008.04.16 12:19:09.441,1.97605,1.9762,0.70,0.90
2008.04.16 12:19:09.701,1.97605,1.9762,0.70,0.90
2008.04.16 12:19:09.964,1.97605,1.97615,0.70,0.80
2008.04.16 12:19:10.215,1.97605,1.97615,0.70,0.80
2008.04.16 12:19:10.465,1.97605,1.9762,0.70,0.90
2008.04.16 12:19:10.715,1.97605,1.97625,0.70,3.30
2008.04.16 12:19:10.966,1.97605,1.97625,0.70,7.30
2008.04.16 12:19:11.295,1.97605,1.9762,0.70,0.90
2008.04.16 12:19:11.593,1.97605,1.9762,0.70,1.70
2008.04.16 12:19:11.891,1.97605,1.9762,0.70,1.70
2008.04.16 12:19:12.185,1.97595,1.97615,1.60,0.80
2008.04.16 12:19:12.442,1.97595,1.97615,1.60,0.80
2008.04.16 12:19:12.697,1.97595,1.97615,0.70,1.70
2008.04.16 12:19:12.952,1.97595,1.97615,0.70,1.70
2008.04.16 12:19:13.212,1.97595,1.97615,0.70,1.70
2008.04.16 12:19:13.472,1.97595,1.97615,0.70,1.70
2008.04.16 12:19:13.732,1.97595,1.97615,0.70,1.70
2008.04.16 12:19:14.025,1.97595,1.97615,0.70,1.70
2008.04.16 12:19:14.291,1.97595,1.97615,0.70,1.70
2008.04.16 12:19:14.557,1.97595,1.97615,0.70,1.70
2008.04.16 12:19:14.762,1.97595,1.97615,0.70,1.70
2008.04.16 12:19:14.998,1.97595,1.97615,0.70,1.70
2008.04.16 12:19:15.258,1.97595,1.97615,0.70,1.70
2008.04.16 12:19:15.517,1.97595,1.97615,0.70,1.70
2008.04.16 12:19:15.777,1.97595,1.97615,0.70,1.70
2008.04.16 12:19:16.037,1.97595,1.97615,0.70,1.70
2008.04.16 12:19:16.288,1.97595,1.97615,0.70,1.70
2008.04.16 12:19:16.537,1.97595,1.97615,0.70,1.70
2008.04.16 12:19:16.787,1.97595,1.97615,0.70,1.70
2008.04.16 12:19:17.051,1.97595,1.97615,0.70,1.70
2008.04.16 12:19:17.341,1.97595,1.97615,0.70,1.70
2008.04.16 12:19:17.632,1.97595,1.97615,0.70,1.70
2008.04.16 12:19:17.922,1.97595,1.97615,0.70,1.70
2008.04.16 12:19:18.211,1.97595,1.97615,0.70,1.70
2008.04.16 12:19:18.502,1.97595,1.97615,0.70,1.70
2008.04.16 12:19:18.732,1.97595,1.97615,1.60,0.80
2008.04.16 12:19:18.992,1.97595,1.97615,1.60,0.80
2008.04.16 12:19:19.254,1.97595,1.97615,1.60,0.80
2008.04.16 12:19:19.544,1.97595,1.97615,1.60,0.80
2008.04.16 12:19:19.834,1.97595,1.97615,1.60,0.80
2008.04.16 12:19:20.125,1.97595,1.97615,1.60,0.80
2008.04.16 12:19:20.376,1.97595,1.97615,1.60,0.80
2008.04.16 12:19:20.626,1.97595,1.97615,1.60,0.80
2008.04.16 12:19:20.877,1.97595,1.97615,1.60,0.80
2008.04.16 12:19:21.126,1.97595,1.97615,1.60,0.80
2008.04.16 12:19:21.391,1.97595,1.97615,1.60,0.80
2008.04.16 12:19:21.691,1.97595,1.97615,1.60,0.80
2008.04.16 12:19:21.963,1.97595,1.97615,1.60,0.80
2008.04.16 12:19:22.229,1.976,1.9762,0.40,3.30
2008.04.16 12:19:22.475,1.976,1.9762,0.50,1.70
2008.04.16 12:19:22.720,1.976,1.9762,0.50,1.70
2008.04.16 12:19:22.992,1.97605,1.9762,0.70,1.70
2008.04.16 12:19:23.238,1.97605,1.9762,0.70,1.70
2008.04.16 12:19:23.543,1.97605,1.9763,1.60,1.70
2008.04.16 12:19:23.844,1.97605,1.97625,0.70,0.90
2008.04.16 12:19:24.145,1.97605,1.97625,0.70,0.90
2008.04.16 12:19:24.481,1.97605,1.9763,1.60,3.30
2008.04.16 12:19:24.746,1.97605,1.97625,0.70,0.90
2008.04.16 12:19:25.010,1.97605,1.97625,0.70,0.90
2008.04.16 12:19:25.277,1.97605,1.97625,0.70,1.70
2008.04.16 12:19:25.532,1.97605,1.97625,0.70,1.70
2008.04.16 12:19:25.788,1.97605,1.9762,0.70,0.90
2008.04.16 12:19:26.045,1.976,1.9762,1.70,0.90
2008.04.16 12:19:26.300,1.976,1.9762,1.70,0.90
2008.04.16 12:19:26.565,1.976,1.9762,1.70,0.90
2008.04.16 12:19:26.831,1.976,1.9762,1.70,0.90
2008.04.16 12:19:27.095,1.976,1.9762,1.70,0.90
2008.04.16 12:19:27.364,1.976,1.9762,1.70,0.90
2008.04.16 12:19:27.636,1.976,1.9762,1.70,0.90
2008.04.16 12:19:27.906,1.976,1.9762,1.70,0.90
2008.04.16 12:19:28.208,1.976,1.9762,1.70,0.90
2008.04.16 12:19:28.502,1.976,1.9762,1.70,0.90
2008.04.16 12:19:28.784,1.976,1.9762,1.70,0.90
2008.04.16 12:19:29.035,1.976,1.9762,1.70,0.90
2008.04.16 12:19:29.286,1.976,1.9762,1.70,0.90
2008.04.16 12:19:29.530,1.976,1.9762,1.70,0.90
2008.04.16 12:19:29.766,1.976,1.9762,1.70,0.90
2008.04.16 12:19:30.013,1.976,1.9762,1.70,0.90
2008.04.16 12:19:30.251,1.976,1.9762,1.70,0.90
2008.04.16 12:19:30.459,1.976,1.9762,1.70,0.90
2008.04.16 12:19:30.775,1.976,1.97625,1.70,5.70
2008.04.16 12:19:31.030,1.976,1.97625,2.40,4.10
2008.04.16 12:19:31.313,1.976,1.97625,2.40,4.10
2008.04.16 12:19:31.597,1.976,1.97625,2.40,4.10
2008.04.16 12:19:31.837,1.976,1.97625,2.40,4.10
2008.04.16 12:19:32.076,1.976,1.97625,2.40,4.10
2008.04.16 12:19:32.316,1.976,1.97625,2.40,4.10
2008.04.16 12:19:32.555,1.976,1.97625,2.40,4.10
2008.04.16 12:19:32.801,1.976,1.97625,2.40,4.10
2008.04.16 12:19:33.045,1.976,1.97625,2.40,4.10
2008.04.16 12:19:33.323,1.976,1.97625,2.40,4.10
2008.04.16 12:19:33.603,1.976,1.97625,2.40,4.10
2008.04.16 12:19:33.815,1.976,1.97625,2.40,4.10
2008.04.16 12:19:34.032,1.976,1.97625,2.40,4.10
2008.04.16 12:19:34.262,1.976,1.97625,2.40,4.10
2008.04.16 12:19:34.507,1.976,1.97625,2.40,4.10
2008.04.16 12:19:34.848,1.976,1.97625,2.40,4.10
2008.04.16 12:19:35.108,1.976,1.97625,2.40,3.30
2008.04.16 12:19:35.410,1.976,1.97625,2.40,3.30
2008.04.16 12:19:35.600,1.976,1.97625,2.40,3.30
2008.04.16 12:19:35.789,1.976,1.97625,2.40,3.30
2008.04.16 12:19:35.979,1.976,1.97625,2.40,3.30
2008.04.16 12:19:36.170,1.976,1.97625,2.40,3.30
2008.04.16 12:19:36.360,1.976,1.97625,2.40,3.30
2008.04.16 12:19:36.645,1.976,1.97625,2.40,3.30
2008.04.16 12:19:36.930,1.976,1.97625,2.40,3.30
2008.04.16 12:19:37.217,1.976,1.97625,2.40,3.30
2008.04.16 12:19:37.503,1.976,1.9762,0.80,0.90
2008.04.16 12:19:37.708,1.976,1.9762,0.80,0.90
2008.04.16 12:19:37.913,1.976,1.9762,0.80,0.90
2008.04.16 12:19:38.156,1.976,1.9762,0.80,0.90
2008.04.16 12:19:38.361,1.976,1.9762,0.80,0.90
2008.04.16 12:19:38.567,1.976,1.9762,0.80,0.90
2008.04.16 12:19:38.832,1.976,1.9762,0.80,0.90
2008.04.16 12:19:39.098,1.976,1.9762,0.80,0.90
2008.04.16 12:19:39.363,1.976,1.9762,0.80,0.90
2008.04.16 12:19:39.628,1.976,1.9762,0.80,0.90
2008.04.16 12:19:39.832,1.976,1.9762,0.80,0.90
2008.04.16 12:19:40.036,1.976,1.9762,0.80,0.90
2008.04.16 12:19:40.241,1.976,1.9762,0.80,0.90
2008.04.16 12:19:40.445,1.976,1.9762,0.80,0.90
2008.04.16 12:19:40.684,1.976,1.9762,0.80,0.90
2008.04.16 12:19:40.924,1.976,1.9762,0.80,0.90
2008.04.16 12:19:41.166,1.976,1.9762,0.80,0.90
2008.04.16 12:19:41.426,1.976,1.9762,0.80,0.90
2008.04.16 12:19:41.725,1.976,1.9762,0.80,0.90
2008.04.16 12:19:42.033,1.976,1.9762,0.80,0.90
2008.04.16 12:19:42.320,1.976,1.9762,0.80,0.90
2008.04.16 12:19:42.595,1.976,1.9762,0.80,0.90
2008.04.16 12:19:42.855,1.976,1.9762,0.80,0.90
2008.04.16 12:19:43.104,1.976,1.9762,0.80,0.90
2008.04.16 12:19:43.332,1.976,1.9762,0.80,0.90
2008.04.16 12:19:43.600,1.976,1.9762,0.80,0.90
2008.04.16 12:19:43.927,1.976,1.9762,0.80,0.90
2008.04.16 12:19:44.249,1.976,1.9762,0.80,0.90
2008.04.16 12:19:44.580,1.976,1.9762,0.80,0.90
2008.04.16 12:19:44.765,1.976,1.9762,1.70,0.90
2008.04.16 12:19:44.950,1.976,1.9762,1.70,0.90
2008.04.16 12:19:45.137,1.976,1.9762,1.70,0.90
2008.04.16 12:19:45.321,1.976,1.9762,0.80,0.90
2008.04.16 12:19:45.512,1.976,1.9762,0.80,0.90
2008.04.16 12:19:45.732,1.976,1.9762,0.80,0.90
2008.04.16 12:19:46.067,1.976,1.9762,0.80,0.90
2008.04.16 12:19:46.401,1.976,1.9762,0.80,0.90
2008.04.16 12:19:46.754,1.976,1.9762,0.80,0.90
2008.04.16 12:19:46.986,1.976,1.9762,0.80,0.90
2008.04.16 12:19:47.185,1.976,1.9762,0.80,0.90
2008.04.16 12:19:47.416,1.976,1.9762,0.80,0.90
2008.04.16 12:19:47.654,1.976,1.9762,0.80,0.90
2008.04.16 12:19:47.959,1.976,1.9762,0.80,0.90
2008.04.16 12:19:48.201,1.976,1.9762,0.80,0.90
2008.04.16 12:19:48.476,1.976,1.9762,0.80,0.90
2008.04.16 12:19:48.750,1.976,1.9762,0.80,0.90
2008.04.16 12:19:48.975,1.976,1.9762,0.80,0.90
2008.04.16 12:19:49.202,1.976,1.9762,0.80,0.90
2008.04.16 12:19:49.427,1.976,1.9762,0.80,0.90
2008.04.16 12:19:49.653,1.976,1.9762,0.80,0.90
2008.04.16 12:19:49.878,1.976,1.9762,0.80,0.90
2008.04.16 12:19:50.143,1.976,1.9762,0.80,0.90
2008.04.16 12:19:50.407,1.976,1.9762,0.80,0.90
2008.04.16 12:19:50.671,1.976,1.9762,0.80,0.90
2008.04.16 12:19:50.932,1.976,1.9762,0.80,0.90
2008.04.16 12:19:51.192,1.976,1.9762,0.80,0.90
2008.04.16 12:19:51.464,1.976,1.9762,0.80,0.90
2008.04.16 12:19:51.758,1.976,1.9762,1.50,0.90
2008.04.16 12:19:51.989,1.97605,1.9763,1.60,1.70
2008.04.16 12:19:52.219,1.97605,1.9763,1.60,1.70
2008.04.16 12:19:52.449,1.97605,1.9763,1.60,1.70
2008.04.16 12:19:52.678,1.97605,1.9763,1.60,1.70
2008.04.16 12:19:52.939,1.97605,1.9763,1.60,1.70
2008.04.16 12:19:53.198,1.97605,1.9763,1.60,1.70
2008.04.16 12:19:53.458,1.9761,1.9763,0.70,1.70
2008.04.16 12:19:53.718,1.9761,1.9763,0.70,1.70
2008.04.16 12:19:53.962,1.9761,1.9763,4.00,0.80
2008.04.16 12:19:54.208,1.9761,1.9763,4.00,0.80
2008.04.16 12:19:54.465,1.9762,1.97635,0.80,2.40
2008.04.16 12:19:54.722,1.9762,1.9764,0.80,0.90
2008.04.16 12:19:55.023,1.97615,1.9764,1.60,3.30
2008.04.16 12:19:55.287,1.97615,1.9764,1.60,4.00
2008.04.16 12:19:55.553,1.97615,1.97635,0.90,2.40
2008.04.16 12:19:55.820,1.9761,1.97625,1.50,0.90
2008.04.16 12:19:56.051,1.9761,1.97625,0.80,0.90
2008.04.16 12:19:56.280,1.9761,1.9762,0.80,0.90
2008.04.16 12:19:56.527,1.976,1.9762,0.80,0.90
2008.04.16 12:19:56.758,1.976,1.9762,0.80,0.90
2008.04.16 12:19:56.993,1.976,1.9762,0.80,0.90
2008.04.16 12:19:57.227,1.976,1.9762,0.80,0.90
2008.04.16 12:19:57.463,1.976,1.9762,0.80,0.90
2008.04.16 12:19:57.698,1.976,1.9762,0.80,0.90
2008.04.16 12:19:57.933,1.976,1.9762,0.80,0.90
2008.04.16 12:19:58.185,1.976,1.9762,0.80,0.90
2008.04.16 12:19:58.437,1.976,1.9762,1.50,0.90
2008.04.16 12:19:58.688,1.976,1.9762,1.50,0.90
2008.04.16 12:19:58.942,1.976,1.9761,0.70,0.90
2008.04.16 12:19:59.258,1.976,1.9761,0.70,0.90
2008.04.16 12:19:59.558,1.976,1.9761,0.70,0.90
2008.04.16 12:19:59.875,1.976,1.9761,0.70,0.90
2008.04.16 12:20:00.146,1.976,1.9761,0.70,0.90
2008.04.16 12:20:00.346,1.976,1.9761,0.70,0.90
2008.04.16 12:20:00.612,1.976,1.9761,0.70,0.90
2008.04.16 12:20:00.861,1.976,1.97605,0.70,0.90
2008.04.16 12:20:01.144,1.976,1.97605,0.70,0.90
2008.04.16 12:20:01.417,1.976,1.97605,0.70,0.90
2008.04.16 12:20:01.691,1.976,1.97605,0.70,0.90
2008.04.16 12:20:01.961,1.97585,1.97605,0.70,0.90
2008.04.16 12:20:02.264,1.97585,1.97605,0.70,0.90
2008.04.16 12:20:02.534,1.97585,1.97605,0.70,0.90
2008.04.16 12:20:02.803,1.97585,1.97605,0.70,0.90
2008.04.16 12:20:03.073,1.97585,1.97605,0.70,0.90
2008.04.16 12:20:03.347,1.97585,1.97605,0.70,0.90
2008.04.16 12:20:03.622,1.97585,1.97605,0.70,0.90
2008.04.16 12:20:03.898,1.97585,1.97605,0.70,0.90
2008.04.16 12:20:04.129,1.9758,1.97605,2.40,3.30
2008.04.16 12:20:04.360,1.9759,1.97605,0.70,3.30
2008.04.16 12:20:04.592,1.9759,1.97605,0.70,3.30
2008.04.16 12:20:04.821,1.97585,1.9761,1.60,3.30
2008.04.16 12:20:05.051,1.97585,1.9761,3.20,3.30
2008.04.16 12:20:05.394,1.97585,1.9761,3.20,1.70
2008.04.16 12:20:05.709,1.9759,1.9761,0.80,0.90
2008.04.16 12:20:06.025,1.9759,1.9761,0.80,0.90
2008.04.16 12:20:06.265,1.9759,1.9761,0.80,0.90
2008.04.16 12:20:06.504,1.9759,1.9761,0.80,0.90
2008.04.16 12:20:06.744,1.9759,1.9761,0.80,0.90
2008.04.16 12:20:06.986,1.9759,1.9761,1.50,0.90
2008.04.16 12:20:07.266,1.9759,1.9761,1.50,0.90
2008.04.16 12:20:07.547,1.9759,1.9761,0.80,0.90
2008.04.16 12:20:07.860,1.9759,1.9761,0.80,0.90
2008.04.16 12:20:08.141,1.9759,1.9761,0.80,0.90
2008.04.16 12:20:08.411,1.9759,1.9761,0.80,0.90
2008.04.16 12:20:08.682,1.9759,1.9761,0.80,0.90
2008.04.16 12:20:08.953,1.9759,1.97615,4.10,7.30
2008.04.16 12:20:09.223,1.97595,1.97615,0.70,0.90
2008.04.16 12:20:09.537,1.97595,1.97615,0.70,0.90
2008.04.16 12:20:09.824,1.97605,1.9762,0.90,2.40
2008.04.16 12:20:10.109,1.97605,1.97625,0.90,4.00
2008.04.16 12:20:10.381,1.9761,1.97625,1.70,1.60
2008.04.16 12:20:10.652,1.9761,1.97625,1.70,1.60
2008.04.16 12:20:10.925,1.97615,1.97635,0.70,4.10
2008.04.16 12:20:11.196,1.97615,1.97635,0.70,2.50
2008.04.16 12:20:11.483,1.97615,1.97635,0.90,2.40
2008.04.16 12:20:11.772,1.9761,1.97625,1.50,0.90
2008.04.16 12:20:12.054,1.9761,1.97625,0.80,0.90
2008.04.16 12:20:12.339,1.9761,1.9762,0.80,0.90
2008.04.16 12:20:12.588,1.976,1.9762,0.80,0.90
2008.04.16 12:20:12.840,1.976,1.9762,0.80,0.90
2008.04.16 12:20:13.127,1.976,1.9762,0.80,0.90
2008.04.16 12:20:13.412,1.976,1.9762,0.80,0.90
2008.04.16 12:20:13.698,1.976,1.9762,0.80,0.90
2008.04.16 12:20:13.983,1.976,1.9762,0.80,0.90
2008.04.16 12:20:14.272,1.976,1.9762,0.80,0.90
2008.04.16 12:20:14.534,1.976,1.97615,0.80,0.90
2008.04.16 12:20:14.800,1.976,1.9762,0.80,3.30
2008.04.16 12:20:15.064,1.976,1.9762,0.80,0.90
2008.04.16 12:20:15.329,1.976,1.9762,0.80,0.90
2008.04.16 12:20:15.594,1.976,1.9762,0.80,0.90
2008.04.16 12:20:15.860,1.9761,1.97625,1.70,12.00
2008.04.16 12:20:16.127,1.97615,1.97635,0.70,0.90
2008.04.16 12:20:16.394,1.97615,1.9763,0.70,0.90
2008.04.16 12:20:16.661,1.9761,1.9763,0.80,0.90
2008.04.16 12:20:16.944,1.9761,1.9763,0.80,0.90
2008.04.16 12:20:17.231,1.9761,1.9763,0.80,0.90
2008.04.16 12:20:17.499,1.9761,1.9763,0.80,0.90
2008.04.16 12:20:17.767,1.9761,1.9763,0.80,0.90
2008.04.16 12:20:18.034,1.9761,1.9763,0.80,0.90
2008.04.16 12:20:18.238,1.9761,1.9763,0.80,0.90
2008.04.16 12:20:18.512,1.9761,1.9763,0.80,0.90
2008.04.16 12:20:18.787,1.9761,1.9763,0.80,0.90
2008.04.16 12:20:19.062,1.9761,1.9763,0.80,0.90
2008.04.16 12:20:19.338,1.9761,1.9763,0.80,0.90
2008.04.16 12:20:19.577,1.9761,1.9763,0.80,0.90
2008.04.16 12:20:19.817,1.9761,1.9763,0.80,0.90
2008.04.16 12:20:20.057,1.97615,1.97635,0.70,0.90
2008.04.16 12:20:20.297,1.97615,1.97635,0.70,0.90
2008.04.16 12:20:20.551,1.97615,1.97635,0.70,0.90
2008.04.16 12:20:20.834,1.97615,1.9763,0.70,0.90
2008.04.16 12:20:21.135,1.9761,1.9763,0.80,0.90
2008.04.16 12:20:21.403,1.9761,1.9763,0.80,0.90
2008.04.16 12:20:21.676,1.9761,1.9763,0.80,0.90
2008.04.16 12:20:21.951,1.9761,1.97635,1.70,6.50
2008.04.16 12:20:22.219,1.97615,1.97635,0.70,0.90
2008.04.16 12:20:22.488,1.97615,1.97635,0.70,0.90
2008.04.16 12:20:22.739,1.97615,1.97635,0.70,0.90
2008.04.16 12:20:22.990,1.97615,1.97635,0.70,0.90
2008.04.16 12:20:23.275,1.97615,1.97635,0.70,0.90
2008.04.16 12:20:23.490,1.97615,1.97635,0.70,0.90
2008.04.16 12:20:23.766,1.97615,1.97635,0.70,0.90
2008.04.16 12:20:24.043,1.97615,1.97635,0.70,0.90
2008.04.16 12:20:24.319,1.97615,1.9764,1.60,3.30
2008.04.16 12:20:24.595,1.97615,1.9764,1.60,1.70
2008.04.16 12:20:24.810,1.97615,1.9764,1.60,1.70
2008.04.16 12:20:25.026,1.97615,1.9764,3.20,1.70
2008.04.16 12:20:25.241,1.97615,1.9764,3.20,1.70
2008.04.16 12:20:25.456,1.97615,1.9764,3.20,1.70
2008.04.16 12:20:25.750,1.97615,1.9764,3.20,1.70
2008.04.16 12:20:26.046,1.97615,1.9764,3.20,1.70
2008.04.16 12:20:26.341,1.97615,1.9764,3.20,1.70
2008.04.16 12:20:26.637,1.97615,1.9764,3.20,1.70
2008.04.16 12:20:26.901,1.97615,1.9764,3.20,1.70
2008.04.16 12:20:27.166,1.97615,1.9764,3.20,1.70
2008.04.16 12:20:27.431,1.97615,1.9764,3.20,1.70
2008.04.16 12:20:27.677,1.97615,1.9764,3.20,1.70
2008.04.16 12:20:27.921,1.97615,1.9764,3.20,1.70
2008.04.16 12:20:28.165,1.97615,1.9764,3.20,1.70
2008.04.16 12:20:28.409,1.97615,1.9764,3.20,1.70
2008.04.16 12:20:28.675,1.97615,1.9764,3.20,1.70
2008.04.16 12:20:28.966,1.97615,1.9764,3.20,1.70
2008.04.16 12:20:29.212,1.97615,1.9764,3.20,1.70
2008.04.16 12:20:29.475,1.97615,1.9764,3.20,1.70
2008.04.16 12:20:29.730,1.97615,1.9764,3.20,1.70
2008.04.16 12:20:30.030,1.97615,1.9764,3.20,1.70
2008.04.16 12:20:30.317,1.97625,1.9764,0.70,1.70
2008.04.16 12:20:30.615,1.97625,1.9764,0.70,0.80
2008.04.16 12:20:30.858,1.97625,1.9764,0.70,0.80
2008.04.16 12:20:31.086,1.97625,1.97645,0.70,0.90
2008.04.16 12:20:31.312,1.97625,1.97645,0.70,0.90
2008.04.16 12:20:31.537,1.97625,1.97645,0.70,0.90
2008.04.16 12:20:31.819,1.97625,1.97645,0.70,0.90
2008.04.16 12:20:32.103,1.97625,1.97645,0.70,0.90
2008.04.16 12:20:32.383,1.97625,1.97645,0.70,0.90
2008.04.16 12:20:32.663,1.97625,1.97645,0.70,0.90
2008.04.16 12:20:32.929,1.97625,1.9765,1.60,6.50
2008.04.16 12:20:33.234,1.97625,1.9765,3.20,1.70
2008.04.16 12:20:33.523,1.97625,1.9765,3.20,1.70
2008.04.16 12:20:33.764,1.97625,1.9765,3.20,1.70
2008.04.16 12:20:34.046,1.97625,1.9765,3.20,1.70
2008.04.16 12:20:34.325,1.97625,1.9765,3.20,1.70
2008.04.16 12:20:34.608,1.97635,1.9765,0.70,1.70
2008.04.16 12:20:34.883,1.97635,1.9765,0.70,1.70
2008.04.16 12:20:35.159,1.9763,1.9765,0.40,1.70
2008.04.16 12:20:35.433,1.97625,1.9765,3.20,1.70
2008.04.16 12:20:35.709,1.97625,1.9765,3.20,1.70
2008.04.16 12:20:35.961,1.97625,1.9765,3.20,1.70
2008.04.16 12:20:36.210,1.97625,1.9765,3.20,1.70
2008.04.16 12:20:36.477,1.9763,1.9765,1.10,1.70
2008.04.16 12:20:36.758,1.9763,1.9765,1.10,1.70
2008.04.16 12:20:37.019,1.9763,1.9765,2.00,0.80
2008.04.16 12:20:37.279,1.9763,1.9765,2.00,0.80
2008.04.16 12:20:37.573,1.9763,1.97655,2.80,7.30
2008.04.16 12:20:37.833,1.9763,1.97655,2.80,7.30
2008.04.16 12:20:38.080,1.9763,1.97655,2.80,7.30
2008.04.16 12:20:38.325,1.9763,1.97655,2.80,7.30
2008.04.16 12:20:40.440,1.9763,1.97655,2.80,7.30
2008.04.16 12:20:40.573,1.9763,1.97655,2.80,7.30
2008.04.16 12:20:40.628,1.9763,1.97655,2.80,7.30
2008.04.16 12:20:40.683,1.9763,1.97655,2.80,7.30
2008.04.16 12:20:40.789,1.9763,1.97655,2.80,7.30
2008.04.16 12:20:40.843,1.9763,1.97655,2.80,7.30
2008.04.16 12:20:40.905,1.97635,1.97655,0.70,0.90
2008.04.16 12:20:40.958,1.97635,1.97655,0.70,0.90
2008.04.16 12:20:41.016,1.97635,1.97655,0.70,0.90
2008.04.16 12:20:41.101,1.97635,1.97655,0.70,0.90
2008.04.16 12:20:41.171,1.97635,1.97655,0.70,0.90
2008.04.16 12:20:41.219,1.97635,1.97655,0.70,0.90
2008.04.16 12:20:41.304,1.97635,1.97655,0.70,0.90
2008.04.16 12:20:41.363,1.97635,1.97655,0.70,0.90
2008.04.16 12:20:41.420,1.97635,1.97655,0.70,0.90
2008.04.16 12:20:41.519,1.97635,1.97655,0.70,0.90
2008.04.16 12:20:41.856,1.97635,1.97655,0.70,0.90
2008.04.16 12:20:42.190,1.97635,1.97655,0.70,0.90
2008.04.16 12:20:42.526,1.97635,1.97655,0.70,0.90
2008.04.16 12:20:42.706,1.97635,1.97655,0.70,0.90
2008.04.16 12:20:42.877,1.97635,1.97655,0.70,0.90
2008.04.16 12:20:43.054,1.97635,1.97655,0.70,0.90
2008.04.16 12:20:43.229,1.97635,1.97655,0.70,0.90
2008.04.16 12:20:43.436,1.97635,1.97655,0.70,0.90
2008.04.16 12:20:43.610,1.97635,1.97655,0.70,0.90
2008.04.16 12:20:43.916,1.9765,1.9766,0.90,5.60
2008.04.16 12:20:44.224,1.9765,1.9766,1.70,2.40
2008.04.16 12:20:44.530,1.9765,1.97675,2.40,3.30
2008.04.16 12:20:44.835,1.97655,1.9768,1.60,3.30
2008.04.16 12:20:45.035,1.97655,1.9768,1.60,3.30
2008.04.16 12:20:45.238,1.97655,1.9768,1.60,3.30
2008.04.16 12:20:45.438,1.97655,1.9768,1.60,3.30
2008.04.16 12:20:45.638,1.97655,1.9768,1.60,3.30
2008.04.16 12:20:45.907,1.97655,1.9768,1.60,3.30
2008.04.16 12:20:46.141,1.97655,1.9768,1.60,3.30
2008.04.16 12:20:46.376,1.97655,1.9768,1.60,3.30
2008.04.16 12:20:46.612,1.97655,1.9768,1.60,3.30
2008.04.16 12:20:46.873,1.97655,1.9768,1.60,3.30
2008.04.16 12:20:47.133,1.97655,1.9768,1.60,3.30
2008.04.16 12:20:47.393,1.97655,1.9768,1.60,3.30
2008.04.16 12:20:47.672,1.97655,1.9768,1.60,3.30
2008.04.16 12:20:47.924,1.97655,1.9768,1.60,3.30
2008.04.16 12:20:48.183,1.97655,1.9768,1.60,3.30
2008.04.16 12:20:48.408,1.97655,1.9768,1.60,3.30
2008.04.16 12:20:48.635,1.97655,1.9768,1.60,3.30
2008.04.16 12:20:48.859,1.97655,1.9768,1.60,3.30
2008.04.16 12:20:49.143,1.97655,1.9768,1.60,3.30
2008.04.16 12:20:49.429,1.97655,1.9768,1.60,3.30
2008.04.16 12:20:49.715,1.97655,1.9768,1.60,3.30
2008.04.16 12:20:49.921,1.97655,1.9768,1.60,3.30
2008.04.16 12:20:50.126,1.97655,1.9768,1.60,3.30
2008.04.16 12:20:50.333,1.97655,1.9768,1.60,3.30
2008.04.16 12:20:50.537,1.97655,1.9768,1.60,3.30
2008.04.16 12:20:50.743,1.97655,1.9768,1.60,3.30
2008.04.16 12:20:51.054,1.97655,1.9768,1.60,3.30
2008.04.16 12:20:51.365,1.97655,1.9768,1.60,3.30
2008.04.16 12:20:51.710,1.97655,1.9768,1.60,3.30
2008.04.16 12:20:51.988,1.97655,1.9768,1.60,3.30
2008.04.16 12:20:52.236,1.97655,1.9768,1.60,3.30
2008.04.16 12:20:52.480,1.97655,1.9768,1.60,3.30
2008.04.16 12:20:52.764,1.97655,1.9768,1.60,3.30
2008.04.16 12:20:53.010,1.97655,1.9768,1.60,3.30
2008.04.16 12:20:53.262,1.97655,1.9768,1.60,3.30
2008.04.16 12:20:53.504,1.97655,1.9768,1.60,3.30
2008.04.16 12:20:53.749,1.9766,1.9768,0.50,3.30
2008.04.16 12:20:54.042,1.97665,1.9768,0.70,2.40
2008.04.16 12:20:54.334,1.97665,1.9768,0.70,0.80
2008.04.16 12:20:54.626,1.97665,1.97685,0.70,0.90
2008.04.16 12:20:54.916,1.97665,1.97685,0.70,0.90
2008.04.16 12:20:55.146,1.97665,1.97685,0.70,0.90
2008.04.16 12:20:55.346,1.97665,1.97685,0.70,0.90
2008.04.16 12:20:55.548,1.9767,1.97685,0.80,0.90
2008.04.16 12:20:55.750,1.97665,1.97685,0.70,0.90
2008.04.16 12:20:55.982,1.9768,1.9769,0.90,5.60
2008.04.16 12:20:56.292,1.9768,1.97695,2.40,2.40
2008.04.16 12:20:56.576,1.9768,1.97695,1.50,0.90
2008.04.16 12:20:56.854,1.9768,1.97695,0.80,0.90
2008.04.16 12:20:57.165,1.9768,1.97695,0.80,0.90
2008.04.16 12:20:57.437,1.9768,1.97695,0.80,0.90
2008.04.16 12:20:57.727,1.9768,1.97695,0.80,0.90
2008.04.16 12:20:57.994,1.9768,1.97695,0.80,0.90
2008.04.16 12:20:58.268,1.9768,1.97695,0.80,0.90
2008.04.16 12:20:58.538,1.9768,1.977,0.80,2.50
2008.04.16 12:20:58.812,1.9768,1.977,0.80,0.90
2008.04.16 12:20:59.022,1.9768,1.977,0.80,0.90
2008.04.16 12:20:59.278,1.9768,1.977,0.90,0.90
2008.04.16 12:20:59.571,1.9768,1.97705,2.00,5.70
2008.04.16 12:20:59.877,1.9768,1.97705,2.70,4.10
2008.04.16 12:21:00.167,1.9769,1.977,0.70,0.90
2008.04.16 12:21:00.440,1.9769,1.97705,1.10,8.10
2008.04.16 12:21:00.639,1.9768,1.97705,2.70,5.70
2008.04.16 12:21:00.870,1.97685,1.97705,0.70,1.70
2008.04.16 12:21:01.102,1.9769,1.97705,0.80,0.80
2008.04.16 12:21:01.333,1.9769,1.97705,0.80,0.80
2008.04.16 12:21:01.603,1.9769,1.97705,0.80,0.80
2008.04.16 12:21:01.875,1.9769,1.97705,0.80,0.80
2008.04.16 12:21:02.179,1.9769,1.97705,0.80,0.80
2008.04.16 12:21:02.486,1.97685,1.97705,4.70,1.70
2008.04.16 12:21:02.747,1.97685,1.97705,0.70,1.70
2008.04.16 12:21:03.008,1.97685,1.97705,0.70,1.70
2008.04.16 12:21:03.269,1.97685,1.97705,0.70,0.90
2008.04.16 12:21:03.477,1.9769,1.9771,1.90,2.50
2008.04.16 12:21:03.683,1.97695,1.9771,0.70,0.90
2008.04.16 12:21:03.890,1.97695,1.9771,0.70,0.90
2008.04.16 12:21:04.095,1.97695,1.9772,1.60,0.90
2008.04.16 12:21:05.976,1.97695,1.9772,1.60,0.90
2008.04.16 12:21:06.065,1.9769,1.9771,5.60,0.90
2008.04.16 12:21:06.153,1.9769,1.9771,0.80,0.90
2008.04.16 12:21:06.212,1.9769,1.9771,0.80,0.90
2008.04.16 12:21:06.277,1.9769,1.9771,0.80,0.90
2008.04.16 12:21:06.315,1.9769,1.9771,0.80,0.90
2008.04.16 12:21:06.385,1.9769,1.9771,0.80,0.90
2008.04.16 12:21:06.450,1.9769,1.9771,0.80,0.90
2008.04.16 12:21:06.485,1.9769,1.9771,0.80,0.90
2008.04.16 12:21:06.537,1.9769,1.9771,0.80,0.90
2008.04.16 12:21:06.573,1.9769,1.9771,0.80,0.90
2008.04.16 12:21:06.629,1.9769,1.9771,0.80,0.90
2008.04.16 12:21:06.698,1.9769,1.9771,0.80,0.90
2008.04.16 12:21:06.734,1.9769,1.9771,0.80,0.90
2008.04.16 12:21:06.788,1.9769,1.9771,0.80,0.90
2008.04.16 12:21:06.856,1.9769,1.9771,0.80,0.90
2008.04.16 12:21:06.891,1.9769,1.9771,0.80,0.90
2008.04.16 12:21:06.945,1.9769,1.9771,0.80,0.90
2008.04.16 12:21:06.986,1.9769,1.9771,0.80,0.90
2008.04.16 12:21:07.319,1.9769,1.9771,0.80,0.90
2008.04.16 12:21:07.697,1.9769,1.9771,0.80,0.90
2008.04.16 12:21:08.034,1.9769,1.9771,0.80,0.90
2008.04.16 12:21:09.829,1.9769,1.9771,0.80,0.90
2008.04.16 12:21:11.385,1.9769,1.9771,0.80,0.90
2008.04.16 12:21:11.469,1.9769,1.9771,0.80,0.90
2008.04.16 12:21:11.554,1.9769,1.9771,0.80,0.90
2008.04.16 12:21:11.610,1.9769,1.9771,0.80,0.90
2008.04.16 12:21:11.662,1.9769,1.9771,0.80,0.90
2008.04.16 12:21:11.749,1.9769,1.9771,0.80,0.90
2008.04.16 12:21:11.765,1.9769,1.9771,0.80,0.90
2008.04.16 12:21:11.848,1.9769,1.9771,0.80,0.90
2008.04.16 12:21:11.902,1.9769,1.9771,0.80,0.90
2008.04.16 12:21:11.968,1.9769,1.9771,0.80,0.90
2008.04.16 12:21:12.051,1.9769,1.9771,0.80,0.90
2008.04.16 12:21:12.152,1.9769,1.9771,0.80,0.90
2008.04.16 12:21:12.235,1.9769,1.9771,0.80,0.90
2008.04.16 12:21:12.336,1.9769,1.9771,0.80,0.90
2008.04.16 12:21:12.434,1.9769,1.9771,0.80,0.90
2008.04.16 12:21:12.774,1.9769,1.9771,0.80,0.90
2008.04.16 12:21:13.111,1.9769,1.9771,0.80,0.90
2008.04.16 12:21:13.459,1.9769,1.9771,0.80,0.90
2008.04.16 12:21:13.701,1.9769,1.9771,0.80,0.90
2008.04.16 12:21:13.912,1.9769,1.9771,0.80,0.90
2008.04.16 12:21:14.122,1.9769,1.9771,0.80,0.90
2008.04.16 12:21:14.335,1.9769,1.9771,0.80,0.90
2008.04.16 12:21:14.545,1.9769,1.9771,0.80,0.90
2008.04.16 12:21:14.832,1.9769,1.9771,0.80,0.90
2008.04.16 12:21:15.118,1.9769,1.97705,0.80,0.90
2008.04.16 12:21:15.403,1.9769,1.97705,0.80,3.30
2008.04.16 12:21:15.737,1.97695,1.97705,0.90,2.40
2008.04.16 12:21:15.998,1.97695,1.97705,0.90,2.40
2008.04.16 12:21:16.259,1.97695,1.97715,1.60,1.60
2008.04.16 12:21:16.520,1.97695,1.97715,1.60,1.60
2008.04.16 12:21:16.780,1.97695,1.9772,1.60,3.30
2008.04.16 12:21:17.041,1.97695,1.9772,1.60,2.50
2008.04.16 12:21:17.302,1.97695,1.9772,3.20,0.90
2008.04.16 12:21:17.594,1.977,1.97725,0.90,6.50
2008.04.16 12:21:17.869,1.977,1.97725,0.90,6.50
2008.04.16 12:21:18.144,1.977,1.97725,0.90,6.50
2008.04.16 12:21:18.419,1.977,1.97725,0.90,6.50
2008.04.16 12:21:18.695,1.977,1.97725,0.90,6.50
2008.04.16 12:21:18.969,1.977,1.97725,0.90,6.50
2008.04.16 12:21:19.244,1.977,1.97725,0.90,6.50
2008.04.16 12:21:19.518,1.977,1.97725,0.90,6.50
2008.04.16 12:21:19.767,1.977,1.97725,0.90,6.50
2008.04.16 12:21:20.006,1.977,1.97725,0.90,6.50
2008.04.16 12:21:20.269,1.977,1.97725,0.90,6.50
2008.04.16 12:21:20.536,1.977,1.97725,0.90,6.50
2008.04.16 12:21:20.790,1.977,1.97725,0.90,6.50
2008.04.16 12:21:21.041,1.977,1.97725,0.90,6.50
2008.04.16 12:21:21.293,1.977,1.97725,0.90,6.50
2008.04.16 12:21:21.544,1.977,1.97725,1.10,6.50
2008.04.16 12:21:21.826,1.977,1.97725,0.90,6.50
2008.04.16 12:21:22.108,1.977,1.97725,0.90,6.50
2008.04.16 12:21:22.391,1.977,1.97725,0.90,6.50
2008.04.16 12:21:22.707,1.977,1.97725,0.90,6.50
2008.04.16 12:21:22.965,1.977,1.97725,0.90,6.50
2008.04.16 12:21:23.221,1.977,1.97725,0.90,6.50
2008.04.16 12:21:23.479,1.977,1.97725,0.90,6.50
2008.04.16 12:21:23.706,1.977,1.97725,0.90,6.50
2008.04.16 12:21:23.972,1.977,1.97725,0.90,6.50
2008.04.16 12:21:24.238,1.97705,1.97725,0.70,6.50
2008.04.16 12:21:24.525,1.97705,1.97725,0.70,6.50
2008.04.16 12:21:24.790,1.977,1.97725,0.90,6.50
2008.04.16 12:21:25.055,1.977,1.97725,0.90,6.50
2008.04.16 12:21:25.320,1.977,1.97725,0.90,6.50
2008.04.16 12:21:25.586,1.977,1.97725,0.90,6.50
2008.04.16 12:21:25.852,1.977,1.97725,1.60,3.30
2008.04.16 12:21:26.093,1.97705,1.9772,0.70,0.90
2008.04.16 12:21:26.319,1.977,1.9772,0.80,0.90
2008.04.16 12:21:26.549,1.97695,1.9772,1.60,1.70
2008.04.16 12:21:26.792,1.97695,1.9772,1.60,1.70
2008.04.16 12:21:27.094,1.97695,1.9772,1.60,3.30
2008.04.16 12:21:27.411,1.97695,1.9772,1.60,3.30
2008.04.16 12:21:27.675,1.97695,1.9772,1.60,3.30
2008.04.16 12:21:27.941,1.97695,1.9772,1.60,3.30
2008.04.16 12:21:28.168,1.97695,1.9772,1.60,3.30
2008.04.16 12:21:28.392,1.97695,1.9772,1.60,3.30
2008.04.16 12:21:28.618,1.97695,1.9772,1.60,3.30
2008.04.16 12:21:28.845,1.97695,1.9772,1.60,1.70
2008.04.16 12:21:29.155,1.97695,1.9772,3.20,1.70
2008.04.16 12:21:29.430,1.97695,1.9772,3.20,1.70
2008.04.16 12:21:29.720,1.97695,1.9772,3.20,1.70
2008.04.16 12:21:29.994,1.97695,1.9772,3.20,1.70
2008.04.16 12:21:30.240,1.97695,1.9772,3.20,1.70
2008.04.16 12:21:30.491,1.97695,1.9772,3.20,1.70
2008.04.16 12:21:30.770,1.97695,1.9772,3.20,1.70
2008.04.16 12:21:31.026,1.97695,1.9772,3.20,1.70
2008.04.16 12:21:31.281,1.97695,1.9772,3.20,1.70
2008.04.16 12:21:31.537,1.97695,1.9772,3.20,1.70
2008.04.16 12:21:31.791,1.97695,1.9772,3.20,1.70
2008.04.16 12:21:32.092,1.97695,1.9772,3.20,1.70
2008.04.16 12:21:32.425,1.97695,1.9772,3.20,1.70
2008.04.16 12:21:32.727,1.97695,1.9772,3.50,1.70
2008.04.16 12:21:33.028,1.97695,1.97715,2.50,0.90
2008.04.16 12:21:33.296,1.97695,1.97715,0.70,0.90
2008.04.16 12:21:33.562,1.97695,1.9772,1.60,4.10
2008.04.16 12:21:33.830,1.97695,1.9772,3.20,1.70
2008.04.16 12:21:34.069,1.97695,1.9772,3.20,1.70
2008.04.16 12:21:34.309,1.97695,1.9772,3.20,1.70
2008.04.16 12:21:34.551,1.97695,1.9772,3.20,1.70
2008.04.16 12:21:34.789,1.97695,1.9772,3.20,1.70
2008.04.16 12:21:35.029,1.97695,1.9772,3.20,1.70
2008.04.16 12:21:35.335,1.97695,1.9772,3.20,1.70
2008.04.16 12:21:35.639,1.97695,1.9772,3.20,1.70
2008.04.16 12:21:35.946,1.977,1.9772,0.90,0.80
2008.04.16 12:21:36.181,1.977,1.9772,3.30,0.80
2008.04.16 12:21:36.417,1.97705,1.9772,0.70,0.80
2008.04.16 12:21:36.652,1.97705,1.97725,0.70,0.90
2008.04.16 12:21:36.887,1.97705,1.97725,0.70,0.90
2008.04.16 12:21:37.142,1.97705,1.9773,3.20,1.70
2008.04.16 12:21:37.392,1.97705,1.9773,3.20,1.70
2008.04.16 12:21:37.642,1.97705,1.9773,3.20,1.70
2008.04.16 12:21:37.924,1.97705,1.9773,3.20,1.70
2008.04.16 12:21:38.188,1.97705,1.9773,3.20,1.70
2008.04.16 12:21:38.452,1.97705,1.9773,3.20,1.70
2008.04.16 12:21:38.717,1.97705,1.9773,3.20,1.70
2008.04.16 12:21:38.981,1.97705,1.9773,3.20,1.70
2008.04.16 12:21:39.205,1.97705,1.9773,3.20,1.70
2008.04.16 12:21:39.463,1.97705,1.9773,3.20,1.70
2008.04.16 12:21:39.688,1.97705,1.9773,3.20,1.70
2008.04.16 12:21:39.914,1.97705,1.9773,3.20,1.70
2008.04.16 12:21:40.138,1.97705,1.9773,3.20,1.70
2008.04.16 12:21:40.394,1.97705,1.9773,3.20,1.70
2008.04.16 12:21:40.648,1.97705,1.9773,3.20,1.70
2008.04.16 12:21:40.902,1.97705,1.9773,3.20,1.70
2008.04.16 12:21:41.156,1.97705,1.9773,3.20,1.70
2008.04.16 12:21:41.397,1.97705,1.9773,3.20,1.70
2008.04.16 12:21:41.671,1.9772,1.97745,2.40,3.30
2008.04.16 12:21:41.911,1.9772,1.97745,2.40,3.30
2008.04.16 12:21:42.186,1.97725,1.9775,1.60,4.10
2008.04.16 12:21:42.401,1.97725,1.9775,1.60,1.70
2008.04.16 12:21:42.643,1.97725,1.9775,1.60,1.70
2008.04.16 12:21:42.889,1.97725,1.9775,1.60,1.70
2008.04.16 12:21:43.096,1.97725,1.9775,1.60,1.70
2008.04.16 12:21:43.413,1.97725,1.9775,1.60,1.70
2008.04.16 12:21:43.727,1.97725,1.9775,1.60,1.70
2008.04.16 12:21:44.044,1.97725,1.9775,1.60,1.70
2008.04.16 12:21:44.213,1.97725,1.9775,1.60,1.70
2008.04.16 12:21:44.385,1.97725,1.9775,1.60,1.70
2008.04.16 12:21:44.556,1.9773,1.9775,0.90,0.80
2008.04.16 12:21:44.729,1.9773,1.97755,2.40,3.30
2008.04.16 12:21:44.899,1.9773,1.97755,2.40,3.30
2008.04.16 12:21:45.069,1.9773,1.97755,2.40,3.30
2008.04.16 12:21:45.403,1.9773,1.97755,2.40,3.30
2008.04.16 12:21:45.739,1.97735,1.97755,0.70,0.90
2008.04.16 12:21:46.073,1.97735,1.97755,0.70,0.90
2008.04.16 12:21:46.260,1.9773,1.97755,2.40,3.30
2008.04.16 12:21:46.448,1.9773,1.97755,2.40,3.30
2008.04.16 12:21:46.636,1.9773,1.97755,2.40,3.30
2008.04.16 12:21:46.822,1.9773,1.97755,2.40,3.30
2008.04.16 12:21:47.009,1.9773,1.97755,2.40,3.30
2008.04.16 12:21:47.195,1.9773,1.97755,2.40,3.30
2008.04.16 12:21:47.525,1.9773,1.97755,2.40,3.30
2008.04.16 12:21:47.853,1.9773,1.97755,2.40,3.30
2008.04.16 12:21:48.177,1.9773,1.97755,2.40,3.30
2008.04.16 12:21:48.386,1.9773,1.97755,2.40,3.30
2008.04.16 12:21:48.602,1.9773,1.97755,2.40,3.30
2008.04.16 12:21:48.811,1.9773,1.97755,2.40,3.30
2008.04.16 12:21:49.041,1.9773,1.97755,2.40,3.30
2008.04.16 12:21:49.279,1.9773,1.97755,2.40,3.30
2008.04.16 12:21:49.637,1.9773,1.97755,2.40,3.30
2008.04.16 12:21:49.987,1.9773,1.97755,2.40,3.30
2008.04.16 12:21:50.337,1.9773,1.97755,2.40,3.30
2008.04.16 12:21:50.573,1.9773,1.97755,2.40,3.30
2008.04.16 12:21:50.772,1.9773,1.97755,2.40,3.30
2008.04.16 12:21:50.972,1.9773,1.97755,2.40,3.30
2008.04.16 12:21:51.172,1.9773,1.97755,2.40,3.30
2008.04.16 12:21:51.436,1.9773,1.97755,2.40,3.30
2008.04.16 12:21:51.700,1.9773,1.97755,2.40,3.30
2008.04.16 12:21:51.965,1.9773,1.97755,2.40,3.30
2008.04.16 12:21:52.266,1.9773,1.97755,2.40,3.30
2008.04.16 12:21:52.515,1.9773,1.97755,2.40,4.10
2008.04.16 12:21:52.765,1.9773,1.9775,1.50,0.90
2008.04.16 12:21:53.016,1.9773,1.9775,0.80,0.90
2008.04.16 12:21:53.269,1.97725,1.9775,3.20,1.70
2008.04.16 12:21:53.495,1.97725,1.9775,3.20,1.70
2008.04.16 12:21:53.725,1.97725,1.9775,3.20,3.30
2008.04.16 12:21:53.955,1.97725,1.9775,3.20,3.30
2008.04.16 12:21:54.187,1.97725,1.9775,3.20,3.30
2008.04.16 12:21:54.417,1.97725,1.9775,3.20,3.30
2008.04.16 12:21:54.622,1.97725,1.9775,3.20,3.30
2008.04.16 12:21:54.826,1.97725,1.9775,3.20,3.30
2008.04.16 12:21:55.037,1.97725,1.9775,3.20,3.30
2008.04.16 12:21:55.241,1.97725,1.9775,3.20,3.30
2008.04.16 12:21:55.491,1.97725,1.97745,2.30,0.90
2008.04.16 12:21:55.741,1.97725,1.97745,0.70,0.90
2008.04.16 12:21:55.992,1.97725,1.97745,0.70,0.90
2008.04.16 12:21:56.242,1.97725,1.97745,0.70,0.90
2008.04.16 12:21:56.492,1.97725,1.97745,0.70,0.90
2008.04.16 12:21:56.713,1.97725,1.97745,0.70,0.90
2008.04.16 12:21:56.960,1.97725,1.97745,0.70,0.90
2008.04.16 12:21:57.181,1.97725,1.9774,0.70,1.60
2008.04.16 12:21:57.401,1.97725,1.9774,0.70,1.60
2008.04.16 12:21:57.616,1.97725,1.9774,0.70,1.60
2008.04.16 12:21:57.832,1.97725,1.97745,0.70,0.90
2008.04.16 12:21:58.047,1.97725,1.9775,1.60,4.10
2008.04.16 12:21:58.263,1.97725,1.9775,3.20,1.70
2008.04.16 12:21:58.478,1.97725,1.9775,3.20,1.70
2008.04.16 12:21:58.712,1.97725,1.9775,3.20,1.70
2008.04.16 12:21:58.948,1.97725,1.9775,3.20,1.70
2008.04.16 12:21:59.182,1.97725,1.9775,3.20,1.70
2008.04.16 12:21:59.418,1.97725,1.9775,3.20,1.70
2008.04.16 12:21:59.618,1.97725,1.9775,3.20,1.70
2008.04.16 12:21:59.818,1.97725,1.9775,3.20,1.70
2008.04.16 12:22:00.019,1.97725,1.9775,3.20,1.70
2008.04.16 12:22:00.218,1.97725,1.9775,3.20,1.70
2008.04.16 12:22:00.420,1.97725,1.9775,3.20,1.70
2008.04.16 12:22:00.679,1.97725,1.9775,3.20,1.70
2008.04.16 12:22:00.939,1.97725,1.9775,3.20,1.70
2008.04.16 12:22:01.201,1.97725,1.9775,3.20,1.70
2008.04.16 12:22:01.502,1.97725,1.9775,3.20,1.70
2008.04.16 12:22:01.742,1.97725,1.9775,3.20,1.70
2008.04.16 12:22:01.982,1.97725,1.9775,3.20,1.70
2008.04.16 12:22:02.223,1.97725,1.9775,3.20,1.70
2008.04.16 12:22:02.465,1.97725,1.9775,2.70,1.70
2008.04.16 12:22:02.701,1.97735,1.97755,1.60,2.40
2008.04.16 12:22:02.937,1.97735,1.9776,1.60,1.70
2008.04.16 12:22:03.174,1.9773,1.97755,2.40,3.30
2008.04.16 12:22:03.409,1.9773,1.97755,4.80,3.30
2008.04.16 12:22:03.651,1.9773,1.9775,0.70,1.70
2008.04.16 12:22:03.891,1.97725,1.9775,2.70,1.70
2008.04.16 12:22:04.132,1.97725,1.9775,2.70,1.70
2008.04.16 12:22:04.397,1.97725,1.9775,2.70,1.70
2008.04.16 12:22:04.642,1.97725,1.9775,2.70,1.70
2008.04.16 12:22:04.889,1.97725,1.9775,2.70,1.70
2008.04.16 12:22:05.135,1.9774,1.97755,1.70,8.80
2008.04.16 12:22:05.381,1.9774,1.97755,2.40,2.40
2008.04.16 12:22:05.627,1.97745,1.9776,0.70,1.70
2008.04.16 12:22:05.878,1.97745,1.9776,0.70,1.70
2008.04.16 12:22:06.128,1.97735,1.9776,6.60,1.70
2008.04.16 12:22:06.378,1.97735,1.9776,6.50,1.70
2008.04.16 12:22:06.628,1.97745,1.9776,0.90,0.80
2008.04.16 12:22:06.936,1.97745,1.97765,0.90,4.00
2008.04.16 12:22:07.212,1.97745,1.97765,0.90,4.00
2008.04.16 12:22:07.487,1.97745,1.9777,1.60,1.70
2008.04.16 12:22:07.782,1.9775,1.9777,1.70,0.90
2008.04.16 12:22:08.081,1.9775,1.9777,1.70,0.90
2008.04.16 12:22:08.371,1.9775,1.9777,1.70,0.90
2008.04.16 12:22:08.599,1.9775,1.9777,1.70,0.90
2008.04.16 12:22:08.828,1.9775,1.9777,1.70,0.90
2008.04.16 12:22:09.058,1.9775,1.9777,1.70,0.90
2008.04.16 12:22:09.289,1.9775,1.9777,1.70,0.90
2008.04.16 12:22:09.518,1.9775,1.9777,1.70,0.90
2008.04.16 12:22:09.811,1.9775,1.9777,0.80,0.90
2008.04.16 12:22:10.110,1.97745,1.9777,5.10,1.70
2008.04.16 12:22:10.382,1.97745,1.9777,2.70,1.70
2008.04.16 12:22:10.651,1.97745,1.9777,2.70,1.70
2008.04.16 12:22:10.876,1.97745,1.9777,2.70,1.70
2008.04.16 12:22:11.101,1.97745,1.9777,2.70,1.70
2008.04.16 12:22:11.328,1.97745,1.9777,2.70,1.70
2008.04.16 12:22:11.553,1.97745,1.9777,2.70,1.70
2008.04.16 12:22:11.785,1.97745,1.9777,2.70,1.70
2008.04.16 12:22:12.016,1.97745,1.9777,2.70,1.70
2008.04.16 12:22:12.288,1.97745,1.9777,1.60,3.30
2008.04.16 12:22:12.546,1.97745,1.9776,0.70,0.90
2008.04.16 12:22:12.828,1.97745,1.9776,0.70,0.90
2008.04.16 12:22:13.044,1.9774,1.9776,0.80,0.90
2008.04.16 12:22:13.295,1.97735,1.9776,3.20,1.70
2008.04.16 12:22:13.557,1.97735,1.9776,3.20,1.70
2008.04.16 12:22:13.763,1.97735,1.9776,3.20,1.70
2008.04.16 12:22:13.966,1.97735,1.9776,3.20,1.70
2008.04.16 12:22:14.171,1.97735,1.9776,3.20,1.70
2008.04.16 12:22:14.377,1.97735,1.9776,3.20,1.70
2008.04.16 12:22:14.582,1.9774,1.9776,0.90,1.70
2008.04.16 12:22:14.824,1.9774,1.9776,0.90,0.90
2008.04.16 12:22:15.097,1.9774,1.9776,0.90,0.90
2008.04.16 12:22:15.368,1.9774,1.9776,1.70,0.90
2008.04.16 12:22:15.577,1.9774,1.9776,1.70,0.90
2008.04.16 12:22:15.816,1.9774,1.9776,1.70,0.90
2008.04.16 12:22:16.052,1.97745,1.97765,0.90,10.40
2008.04.16 12:22:16.324,1.97745,1.97765,1.60,1.60
2008.04.16 12:22:16.560,1.97745,1.9777,1.60,6.50
2008.04.16 12:22:16.792,1.97745,1.9777,1.60,6.50
2008.04.16 12:22:17.033,1.97745,1.97765,0.70,0.90
2008.04.16 12:22:17.274,1.97745,1.97765,0.70,2.50
2008.04.16 12:22:17.547,1.97745,1.97765,0.70,2.50
2008.04.16 12:22:17.791,1.97745,1.9776,0.70,0.80
2008.04.16 12:22:18.080,1.97745,1.9776,0.70,1.70
2008.04.16 12:22:18.340,1.97735,1.9776,1.60,1.70
2008.04.16 12:22:18.601,1.97735,1.97755,0.70,0.90
2008.04.16 12:22:18.863,1.97735,1.97755,0.70,0.90
2008.04.16 12:22:19.068,1.97735,1.97755,0.70,0.90
2008.04.16 12:22:19.295,1.97735,1.97755,0.70,0.90
2008.04.16 12:22:19.501,1.97735,1.97755,0.70,0.90
2008.04.16 12:22:19.706,1.97735,1.97755,0.70,0.90
2008.04.16 12:22:19.992,1.97735,1.97755,0.70,0.90
2008.04.16 12:22:20.282,1.97735,1.97755,0.70,0.90
2008.04.16 12:22:20.572,1.97735,1.9776,1.60,4.10
2008.04.16 12:22:20.856,1.97735,1.9776,1.60,4.10
2008.04.16 12:22:21.105,1.97735,1.9776,1.60,4.10
2008.04.16 12:22:21.356,1.97735,1.9776,1.60,1.70
2008.04.16 12:22:21.607,1.97735,1.9776,1.60,1.70
2008.04.16 12:22:21.858,1.97735,1.9776,1.60,1.70
2008.04.16 12:22:22.097,1.97735,1.9776,1.60,1.70
2008.04.16 12:22:22.337,1.97735,1.9776,1.60,1.70
2008.04.16 12:22:22.577,1.97735,1.9776,1.60,1.70
2008.04.16 12:22:22.816,1.97735,1.9776,1.60,1.70
2008.04.16 12:22:23.022,1.97735,1.9776,1.60,1.70
2008.04.16 12:22:23.227,1.97735,1.9776,1.60,1.70
2008.04.16 12:22:23.432,1.97735,1.9776,1.60,1.70
2008.04.16 12:22:23.639,1.97735,1.97755,0.70,0.90
2008.04.16 12:22:23.879,1.97735,1.97755,0.70,2.50
2008.04.16 12:22:24.111,1.97735,1.9775,0.70,0.80
2008.04.16 12:22:24.377,1.97735,1.9775,0.70,0.80
2008.04.16 12:22:24.643,1.97735,1.9775,0.70,1.70
2008.04.16 12:22:24.909,1.97725,1.9775,3.20,1.70
2008.04.16 12:22:25.149,1.97725,1.9775,3.20,1.70
2008.04.16 12:22:25.388,1.97725,1.9775,3.20,1.70
2008.04.16 12:22:25.654,1.97725,1.9775,3.20,1.70
2008.04.16 12:22:25.893,1.97725,1.9775,3.20,1.70
2008.04.16 12:22:26.129,1.9773,1.9775,0.90,0.80
2008.04.16 12:22:26.363,1.97735,1.9775,0.70,0.80
2008.04.16 12:22:26.599,1.97735,1.9775,0.70,0.80
2008.04.16 12:22:26.834,1.97735,1.9775,0.70,0.80
2008.04.16 12:22:27.110,1.97735,1.9775,0.70,0.80
2008.04.16 12:22:27.354,1.97735,1.9775,0.70,0.80
2008.04.16 12:22:27.599,1.97735,1.9775,0.70,0.80
2008.04.16 12:22:27.843,1.97735,1.9775,0.70,0.80
2008.04.16 12:22:28.089,1.97735,1.9775,0.70,0.80
2008.04.16 12:22:28.334,1.97735,1.9775,0.70,0.80
2008.04.16 12:22:28.579,1.97735,1.9775,0.70,1.70
2008.04.16 12:22:28.823,1.97735,1.9775,0.70,1.70
2008.04.16 12:22:29.094,1.97725,1.9775,3.20,1.70
2008.04.16 12:22:29.284,1.97725,1.9775,3.20,1.70
2008.04.16 12:22:29.473,1.97725,1.9775,3.20,1.70
2008.04.16 12:22:29.667,1.97725,1.9775,3.20,1.70
2008.04.16 12:22:29.857,1.97725,1.9775,3.20,1.70
2008.04.16 12:22:30.047,1.9773,1.9775,0.90,0.80
2008.04.16 12:22:30.313,1.9773,1.9775,3.30,0.80
2008.04.16 12:22:30.578,1.97735,1.9775,0.70,0.80
2008.04.16 12:22:30.875,1.97735,1.9775,0.70,0.80
2008.04.16 12:22:31.140,1.9773,1.9775,0.90,0.80
2008.04.16 12:22:31.360,1.9773,1.9775,0.90,0.80
2008.04.16 12:22:31.588,1.9773,1.9775,0.90,0.80
2008.04.16 12:22:31.807,1.9773,1.9775,0.90,0.80
2008.04.16 12:22:32.028,1.9773,1.9775,0.90,0.80
2008.04.16 12:22:32.254,1.97725,1.9775,1.60,1.70
2008.04.16 12:22:32.479,1.97725,1.9775,1.60,1.70
2008.04.16 12:22:32.737,1.97725,1.9775,1.60,1.70
2008.04.16 12:22:32.959,1.97725,1.9775,1.60,1.70
2008.04.16 12:22:33.220,1.97725,1.9775,1.60,1.70
2008.04.16 12:22:33.474,1.97725,1.9775,1.60,1.70
2008.04.16 12:22:33.728,1.97725,1.9775,1.60,1.70
2008.04.16 12:22:33.984,1.97725,1.9775,1.60,1.70
2008.04.16 12:22:34.219,1.97725,1.9775,1.60,1.70
2008.04.16 12:22:34.465,1.97725,1.9775,1.60,1.70
2008.04.16 12:22:34.703,1.9773,1.9775,3.30,0.80
2008.04.16 12:22:34.939,1.97735,1.9775,0.70,0.80
2008.04.16 12:22:35.176,1.97735,1.9775,0.70,0.80
2008.04.16 12:22:35.420,1.97735,1.9775,0.70,0.80
2008.04.16 12:22:35.682,1.9774,1.9775,0.50,0.80
2008.04.16 12:22:35.912,1.97735,1.9775,0.70,2.40
2008.04.16 12:22:36.144,1.9774,1.97755,0.90,1.60
2008.04.16 12:22:36.390,1.9774,1.97765,2.40,4.90
2008.04.16 12:22:36.636,1.9774,1.97765,2.40,4.90
2008.04.16 12:22:36.899,1.9774,1.97755,0.80,4.10
2008.04.16 12:22:37.177,1.97735,1.97755,0.70,4.10
2008.04.16 12:22:37.406,1.97735,1.97755,0.70,4.10
2008.04.16 12:22:37.637,1.97735,1.97755,0.70,4.10
2008.04.16 12:22:37.867,1.97735,1.97755,0.70,4.10
2008.04.16 12:22:38.097,1.97735,1.97755,0.70,4.10
2008.04.16 12:22:38.327,1.97735,1.97755,0.70,4.10
2008.04.16 12:22:38.558,1.97735,1.97755,0.70,4.10
2008.04.16 12:22:38.787,1.97735,1.97755,0.70,4.10
2008.04.16 12:22:39.018,1.97735,1.9775,0.70,0.90
2008.04.16 12:22:39.250,1.97735,1.9775,0.70,1.70
2008.04.16 12:22:39.476,1.97725,1.9775,3.20,1.70
2008.04.16 12:22:39.734,1.97725,1.9775,1.60,1.70
2008.04.16 12:22:39.926,1.97725,1.9775,1.60,1.70
2008.04.16 12:22:40.152,1.97725,1.9775,1.60,1.70
2008.04.16 12:22:40.391,1.97725,1.9775,1.60,1.70
2008.04.16 12:22:40.611,1.97725,1.9775,1.60,1.70
2008.04.16 12:22:40.831,1.97725,1.9775,1.60,1.70
2008.04.16 12:22:41.051,1.97725,1.9775,1.60,1.70
2008.04.16 12:22:41.270,1.97725,1.9775,1.60,1.70
2008.04.16 12:22:41.515,1.97725,1.9775,1.60,1.70
2008.04.16 12:22:41.760,1.97725,1.9775,1.60,1.70
2008.04.16 12:22:42.006,1.97725,1.9775,1.60,1.70
2008.04.16 12:22:42.250,1.97725,1.9775,1.60,1.70
2008.04.16 12:22:42.490,1.97725,1.9775,1.60,1.70
2008.04.16 12:22:42.731,1.97725,1.9775,1.60,1.70
2008.04.16 12:22:43.003,1.97725,1.9775,1.60,1.70
2008.04.16 12:22:43.241,1.97725,1.9775,1.60,1.70
2008.04.16 12:22:43.486,1.97725,1.9775,1.60,1.70
2008.04.16 12:22:43.731,1.97725,1.9775,1.60,1.70
2008.04.16 12:22:43.978,1.97725,1.9775,1.60,1.70
2008.04.16 12:22:44.223,1.97725,1.9775,1.60,1.70
2008.04.16 12:22:44.464,1.97725,1.9775,1.60,1.70
2008.04.16 12:22:44.704,1.97725,1.9775,1.60,1.70
2008.04.16 12:22:44.944,1.97725,1.9775,1.60,1.70
2008.04.16 12:22:45.227,1.97725,1.9775,1.60,1.70
2008.04.16 12:22:45.466,1.97725,1.9775,1.60,1.70
2008.04.16 12:22:45.691,1.97725,1.9775,1.60,1.70
2008.04.16 12:22:45.916,1.97725,1.9775,1.60,1.70
2008.04.16 12:22:46.168,1.97725,1.9775,1.60,1.70
2008.04.16 12:22:46.390,1.97725,1.9775,1.60,1.70
2008.04.16 12:22:46.630,1.97725,1.9775,1.60,1.70
2008.04.16 12:22:46.870,1.97725,1.9775,1.60,1.70
2008.04.16 12:22:47.110,1.97725,1.9775,1.60,1.70
2008.04.16 12:22:47.372,1.97725,1.9775,1.60,1.70
2008.04.16 12:22:47.606,1.97725,1.9775,1.60,1.70
2008.04.16 12:22:47.842,1.97725,1.9775,1.60,1.70
2008.04.16 12:22:48.076,1.9773,1.9775,0.20,1.70
2008.04.16 12:22:48.344,1.9773,1.9775,0.50,1.70
2008.04.16 12:22:48.563,1.97725,1.9775,1.60,1.70
2008.04.16 12:22:48.782,1.97725,1.9775,3.20,1.70
2008.04.16 12:22:49.002,1.97725,1.9775,3.20,1.70
2008.04.16 12:22:49.253,1.97725,1.9775,1.60,1.70
2008.04.16 12:22:49.473,1.97725,1.9775,1.60,1.70
2008.04.16 12:22:49.722,1.97725,1.9775,1.60,1.70
2008.04.16 12:22:49.972,1.97725,1.9775,1.60,1.70
2008.04.16 12:22:50.223,1.97725,1.9775,1.60,1.70
2008.04.16 12:22:50.470,1.97725,1.9775,1.60,1.70
2008.04.16 12:22:50.690,1.97725,1.9775,1.60,1.70
2008.04.16 12:22:50.910,1.97725,1.9775,1.60,1.70
2008.04.16 12:22:51.131,1.97725,1.9775,1.60,1.70
2008.04.16 12:22:51.352,1.97725,1.9775,1.60,1.70
2008.04.16 12:22:51.572,1.97725,1.9775,1.60,1.70
2008.04.16 12:22:51.817,1.97725,1.9775,1.60,1.70
2008.04.16 12:22:52.085,1.97725,1.9775,1.60,1.70
2008.04.16 12:22:52.333,1.97725,1.9775,1.60,1.70
2008.04.16 12:22:52.578,1.97725,1.9775,1.60,1.70
2008.04.16 12:22:52.854,1.97725,1.9775,1.60,1.70
2008.04.16 12:22:53.129,1.97725,1.9775,1.60,1.70
2008.04.16 12:22:53.405,1.97725,1.9775,1.60,1.70
2008.04.16 12:22:53.680,1.97725,1.9775,1.60,1.70
2008.04.16 12:22:53.910,1.97725,1.9775,1.60,1.70
2008.04.16 12:22:54.141,1.97725,1.9775,1.60,1.70
2008.04.16 12:22:54.371,1.97725,1.9775,1.60,1.70
2008.04.16 12:22:54.601,1.97725,1.9775,1.60,1.70
2008.04.16 12:22:54.852,1.97725,1.9775,1.60,1.70
2008.04.16 12:22:55.073,1.97725,1.9775,1.60,1.70
2008.04.16 12:22:55.294,1.97725,1.97745,1.60,1.60
2008.04.16 12:22:55.515,1.97725,1.97745,1.60,1.60
2008.04.16 12:22:55.734,1.97725,1.97745,1.60,1.60
2008.04.16 12:22:56.027,1.97725,1.97745,1.60,1.60
2008.04.16 12:22:56.287,1.97725,1.97745,1.60,1.60
2008.04.16 12:22:56.549,1.97725,1.97745,1.60,1.60
2008.04.16 12:22:56.809,1.97725,1.97745,0.70,2.50
2008.04.16 12:22:57.015,1.97725,1.97745,0.70,2.50
2008.04.16 12:22:57.240,1.97725,1.97745,0.70,2.50
2008.04.16 12:22:57.444,1.97725,1.97745,0.70,2.50
2008.04.16 12:22:57.649,1.97725,1.97745,0.70,2.50
2008.04.16 12:22:57.911,1.97725,1.97745,0.70,2.50
2008.04.16 12:22:58.157,1.97725,1.97745,0.70,2.50
2008.04.16 12:22:58.402,1.97725,1.97745,0.70,2.50
2008.04.16 12:22:58.647,1.97725,1.97745,0.70,2.50
2008.04.16 12:22:58.906,1.9772,1.9774,0.30,1.70
2008.04.16 12:22:59.163,1.97725,1.97745,0.90,8.80
2008.04.16 12:22:59.389,1.97725,1.97745,1.60,1.60
2008.04.16 12:22:59.616,1.97725,1.97745,1.60,1.60
2008.04.16 12:22:59.838,1.97725,1.97745,1.60,1.60
2008.04.16 12:23:00.059,1.97725,1.97745,1.60,1.60
2008.04.16 12:23:00.279,1.97725,1.97745,1.60,1.60
2008.04.16 12:23:00.506,1.97725,1.97745,1.60,1.60
2008.04.16 12:23:00.726,1.97725,1.97745,1.60,1.60
2008.04.16 12:23:00.996,1.97725,1.97745,1.60,1.60
2008.04.16 12:23:01.266,1.97725,1.97745,1.60,1.60
2008.04.16 12:23:01.539,1.97725,1.97745,1.60,1.60
2008.04.16 12:23:01.812,1.97725,1.97745,0.70,2.50
2008.04.16 12:23:02.073,1.97725,1.97745,0.70,2.50
2008.04.16 12:23:02.331,1.97725,1.97745,0.70,2.50
2008.04.16 12:23:02.561,1.97725,1.97745,0.70,2.50
2008.04.16 12:23:02.791,1.97725,1.97745,0.70,2.50
2008.04.16 12:23:03.063,1.97725,1.97745,0.70,2.50
2008.04.16 12:23:03.302,1.97725,1.97745,0.70,2.50
2008.04.16 12:23:03.542,1.97725,1.97745,0.70,2.50
2008.04.16 12:23:03.782,1.97725,1.97745,0.70,2.50
2008.04.16 12:23:04.042,1.97725,1.97745,0.70,2.50
2008.04.16 12:23:04.303,1.97725,1.97745,0.70,2.50
2008.04.16 12:23:04.596,1.97725,1.97745,0.70,2.50
2008.04.16 12:23:04.856,1.97725,1.97745,0.70,2.50
2008.04.16 12:23:05.090,1.97725,1.97745,0.70,2.50
2008.04.16 12:23:05.325,1.97725,1.97745,0.70,2.50
2008.04.16 12:23:05.560,1.97725,1.97745,0.70,2.50
2008.04.16 12:23:05.798,1.97725,1.97745,1.60,1.60
2008.04.16 12:23:06.032,1.97725,1.9775,1.60,1.70
2008.04.16 12:23:06.293,1.97725,1.9775,1.60,1.70
2008.04.16 12:23:06.552,1.97725,1.9775,1.60,1.70
2008.04.16 12:23:06.832,1.97725,1.9775,1.60,1.70
2008.04.16 12:23:07.067,1.97725,1.9775,1.60,1.70
2008.04.16 12:23:07.303,1.97725,1.9775,3.20,1.70
2008.04.16 12:23:07.579,1.9773,1.9775,0.20,1.70
2008.04.16 12:23:07.813,1.9773,1.9775,0.20,1.70
2008.04.16 12:23:08.048,1.9773,1.9775,0.20,1.70
2008.04.16 12:23:08.332,1.9773,1.9775,0.20,1.70
2008.04.16 12:23:08.617,1.9773,1.9775,0.20,1.70
2008.04.16 12:23:08.902,1.9773,1.9775,0.30,1.70
2008.04.16 12:23:09.157,1.9773,1.9775,0.50,1.70
2008.04.16 12:23:09.412,1.9773,1.9775,0.40,1.70
2008.04.16 12:23:09.701,1.97735,1.9775,0.70,1.70
2008.04.16 12:23:09.954,1.97735,1.9775,0.70,1.70
2008.04.16 12:23:10.195,1.97735,1.9775,0.70,1.70
2008.04.16 12:23:10.435,1.97735,1.9775,0.70,1.70
2008.04.16 12:23:10.675,1.9773,1.9775,0.40,1.70
2008.04.16 12:23:10.916,1.9773,1.9775,0.80,1.70
2008.04.16 12:23:11.164,1.97735,1.9775,0.70,1.70
2008.04.16 12:23:11.461,1.97735,1.9775,0.70,1.70
2008.04.16 12:23:11.724,1.9773,1.9775,0.50,1.70
2008.04.16 12:23:12.017,1.9773,1.9775,0.50,1.70
2008.04.16 12:23:12.272,1.97735,1.9775,0.70,1.70
2008.04.16 12:23:12.464,1.97735,1.9775,0.70,1.70
2008.04.16 12:23:12.683,1.97735,1.9775,0.70,1.70
2008.04.16 12:23:12.903,1.9773,1.9775,0.50,1.70
2008.04.16 12:23:13.153,1.9773,1.9775,0.50,1.70
2008.04.16 12:23:13.372,1.9773,1.9775,0.50,1.70
2008.04.16 12:23:13.622,1.9773,1.9775,0.50,1.70
2008.04.16 12:23:13.871,1.9773,1.9775,0.50,1.70
2008.04.16 12:23:14.121,1.9773,1.9775,0.50,1.70
2008.04.16 12:23:14.355,1.9773,1.9775,0.50,1.70
2008.04.16 12:23:14.589,1.9773,1.9775,0.50,1.70
2008.04.16 12:23:14.824,1.9773,1.9775,0.50,1.70
2008.04.16 12:23:15.093,1.9773,1.9775,0.50,1.70
2008.04.16 12:23:15.275,1.97735,1.97755,0.90,5.60
2008.04.16 12:23:15.491,1.97735,1.97755,1.60,1.60
2008.04.16 12:23:15.706,1.97745,1.97755,0.70,1.60
2008.04.16 12:23:15.922,1.97745,1.9776,0.70,1.70
2008.04.16 12:23:16.137,1.97735,1.9776,3.20,1.70
2008.04.16 12:23:16.401,1.97735,1.9776,3.20,1.70
2008.04.16 12:23:16.665,1.97735,1.9776,3.20,1.70
2008.04.16 12:23:16.929,1.97735,1.9776,3.20,1.70
2008.04.16 12:23:17.195,1.97735,1.9776,3.20,1.70
2008.04.16 12:23:17.415,1.97735,1.9776,3.20,1.70
2008.04.16 12:23:17.634,1.97735,1.9776,3.20,1.70
2008.04.16 12:23:17.854,1.97735,1.9776,3.20,1.70
2008.04.16 12:23:18.074,1.97735,1.9776,3.20,1.70
2008.04.16 12:23:18.318,1.97735,1.9776,3.20,1.70
2008.04.16 12:23:18.553,1.97735,1.9776,3.20,1.70
2008.04.16 12:23:18.789,1.97735,1.9776,3.20,1.70
2008.04.16 12:23:19.024,1.97735,1.9776,3.20,1.70
2008.04.16 12:23:19.259,1.97735,1.9776,3.20,1.70
2008.04.16 12:23:19.485,1.97735,1.9776,3.20,1.70
2008.04.16 12:23:19.710,1.97735,1.9776,3.20,1.70
2008.04.16 12:23:19.934,1.97735,1.9776,3.20,1.70
2008.04.16 12:23:20.160,1.97735,1.9776,3.20,1.70
2008.04.16 12:23:20.445,1.97735,1.9776,3.20,1.70
2008.04.16 12:23:20.700,1.97735,1.9776,3.20,1.70
2008.04.16 12:23:20.955,1.97735,1.9776,3.20,1.70
2008.04.16 12:23:21.210,1.97735,1.9776,3.20,1.70
2008.04.16 12:23:21.439,1.97735,1.9776,3.20,1.70
2008.04.16 12:23:21.668,1.97735,1.9776,3.20,1.70
2008.04.16 12:23:21.896,1.97735,1.9776,3.20,1.70
2008.04.16 12:23:22.126,1.97735,1.9776,3.20,1.70
2008.04.16 12:23:22.356,1.97735,1.9776,3.20,1.70
2008.04.16 12:23:22.565,1.97735,1.9776,3.20,1.70
2008.04.16 12:23:22.774,1.97735,1.9776,3.20,1.70
2008.04.16 12:23:22.984,1.97735,1.9776,3.20,1.70
2008.04.16 12:23:23.193,1.97735,1.9776,3.20,1.70
2008.04.16 12:23:23.401,1.97735,1.9776,3.20,1.70
2008.04.16 12:23:23.636,1.97735,1.9776,3.20,1.70
2008.04.16 12:23:23.870,1.97735,1.9776,3.20,1.70
2008.04.16 12:23:24.103,1.97735,1.9776,3.20,1.70
2008.04.16 12:23:24.337,1.97735,1.9776,3.20,1.70
2008.04.16 12:23:24.566,1.97735,1.9776,3.20,1.70
2008.04.16 12:23:24.795,1.97735,1.9776,3.20,1.70
2008.04.16 12:23:25.055,1.97735,1.9776,3.20,1.70
2008.04.16 12:23:25.254,1.97735,1.9776,3.20,1.70
2008.04.16 12:23:25.461,1.97735,1.9776,3.20,1.70
2008.04.16 12:23:25.665,1.97735,1.9776,3.20,1.70
2008.04.16 12:23:25.869,1.97735,1.9776,3.20,1.70
2008.04.16 12:23:26.097,1.97735,1.9776,3.20,1.70
2008.04.16 12:23:26.302,1.97735,1.9776,3.20,1.70
2008.04.16 12:23:26.527,1.97735,1.9776,3.20,1.70
2008.04.16 12:23:26.751,1.97735,1.9776,3.20,1.70
2008.04.16 12:23:27.021,1.97735,1.9776,3.20,1.70
2008.04.16 12:23:27.200,1.97735,1.9776,3.20,1.70
2008.04.16 12:23:27.428,1.97735,1.9776,3.20,1.70
2008.04.16 12:23:27.658,1.97735,1.9776,3.20,1.70
2008.04.16 12:23:27.887,1.97735,1.9776,3.20,1.70
2008.04.16 12:23:28.116,1.97735,1.9776,3.20,1.70
2008.04.16 12:23:28.345,1.97735,1.9776,3.20,1.70
2008.04.16 12:23:28.557,1.97735,1.9776,3.20,1.70
2008.04.16 12:23:28.747,1.97735,1.9776,3.20,1.70
2008.04.16 12:23:28.936,1.97735,1.9776,3.20,1.70
2008.04.16 12:23:29.125,1.97735,1.9776,3.20,1.70
2008.04.16 12:23:29.314,1.9775,1.9776,0.20,1.70
2008.04.16 12:23:29.504,1.9775,1.9776,0.20,1.70
2008.04.16 12:23:29.763,1.9775,1.9776,0.30,1.70
2008.04.16 12:23:30.023,1.9775,1.9776,0.30,1.70
2008.04.16 12:23:30.284,1.9775,1.97765,0.40,5.60
2008.04.16 12:23:30.544,1.9775,1.97765,0.40,2.40
2008.04.16 12:23:30.789,1.9775,1.9777,0.80,1.70
2008.04.16 12:23:31.034,1.9775,1.9777,0.80,1.70
2008.04.16 12:23:31.279,1.9775,1.9777,0.60,1.70
2008.04.16 12:23:31.531,1.9775,1.9777,1.20,1.70
2008.04.16 12:23:31.839,1.9776,1.9777,0.50,1.70
2008.04.16 12:23:32.152,1.9776,1.9777,0.30,0.80
2008.04.16 12:23:32.468,1.9776,1.97775,0.50,2.50
2008.04.16 12:23:32.710,1.9776,1.97775,0.50,2.50
2008.04.16 12:23:32.918,1.9776,1.97775,0.50,2.50
2008.04.16 12:23:33.155,1.9776,1.97775,0.50,2.50
2008.04.16 12:23:33.328,1.9776,1.97775,0.60,2.50
2008.04.16 12:23:33.535,1.97755,1.97775,0.70,2.50
2008.04.16 12:23:33.810,1.97755,1.97775,0.70,2.50
2008.04.16 12:23:34.084,1.97755,1.97775,0.70,2.50
2008.04.16 12:23:34.362,1.97755,1.97775,3.20,1.60
2008.04.16 12:23:34.639,1.97755,1.9778,3.20,1.70
2008.04.16 12:23:34.903,1.97755,1.9778,3.20,1.70
2008.04.16 12:23:35.168,1.97755,1.9778,3.20,1.70
2008.04.16 12:23:35.434,1.97755,1.9778,3.20,2.50
2008.04.16 12:23:35.680,1.97755,1.9778,3.20,2.50
2008.04.16 12:23:35.925,1.97755,1.9778,1.60,2.50
2008.04.16 12:23:36.171,1.97755,1.9778,1.60,2.50
2008.04.16 12:23:36.416,1.97755,1.9778,1.60,2.50
2008.04.16 12:23:36.660,1.97755,1.9778,1.60,2.50
2008.04.16 12:23:36.925,1.97755,1.9778,1.60,2.50
2008.04.16 12:23:37.190,1.97755,1.9778,1.60,1.70
2008.04.16 12:23:37.473,1.97755,1.9778,1.60,1.70
2008.04.16 12:23:37.716,1.97755,1.9778,1.60,1.70
2008.04.16 12:23:37.960,1.97755,1.9778,3.20,1.70
2008.04.16 12:23:38.204,1.97755,1.9778,3.20,1.70
2008.04.16 12:23:38.448,1.97755,1.9778,3.20,1.70
2008.04.16 12:23:38.692,1.97755,1.9778,3.20,1.70
2008.04.16 12:23:38.896,1.97755,1.9778,3.20,1.70
2008.04.16 12:23:39.101,1.97755,1.9778,3.20,1.70
2008.04.16 12:23:39.338,1.97755,1.9778,3.20,1.70
2008.04.16 12:23:39.543,1.97755,1.9778,3.20,1.70
2008.04.16 12:23:39.747,1.97755,1.9778,3.20,1.70
2008.04.16 12:23:39.971,1.97755,1.9778,3.20,1.70
2008.04.16 12:23:40.196,1.97755,1.9778,3.20,1.70
2008.04.16 12:23:40.421,1.97755,1.9778,3.20,1.70
2008.04.16 12:23:40.645,1.97755,1.9778,3.20,1.70
2008.04.16 12:23:40.900,1.97755,1.9778,3.20,1.70
2008.04.16 12:23:41.154,1.97755,1.9778,3.20,1.70
2008.04.16 12:23:41.409,1.97755,1.9778,3.20,1.70
2008.04.16 12:23:41.664,1.97755,1.9778,3.20,1.70
2008.04.16 12:23:41.864,1.97755,1.9778,3.20,1.70
2008.04.16 12:23:42.063,1.97755,1.9778,3.20,1.70
2008.04.16 12:23:42.263,1.97755,1.9778,3.20,1.70
2008.04.16 12:23:42.463,1.97755,1.9778,3.20,1.70
2008.04.16 12:23:42.663,1.97755,1.9778,3.20,1.70
2008.04.16 12:23:42.899,1.97755,1.9778,3.20,1.70
2008.04.16 12:23:43.136,1.97755,1.9778,3.20,1.70
2008.04.16 12:23:43.404,1.97755,1.9778,3.20,1.70
2008.04.16 12:23:43.639,1.97755,1.9778,3.20,1.70
2008.04.16 12:23:43.873,1.97755,1.9778,3.20,1.70
2008.04.16 12:23:44.102,1.97755,1.9778,3.20,1.70
2008.04.16 12:23:44.332,1.97755,1.9778,3.20,1.70
2008.04.16 12:23:44.563,1.97755,1.9778,3.20,2.50
2008.04.16 12:23:44.798,1.97755,1.9778,1.60,2.50
2008.04.16 12:23:45.076,1.97755,1.9778,1.60,2.50
2008.04.16 12:23:45.385,1.97755,1.9778,1.60,2.50
2008.04.16 12:23:45.647,1.97755,1.9778,1.60,2.50
2008.04.16 12:23:45.914,1.97755,1.9778,1.60,1.70
2008.04.16 12:23:46.201,1.97755,1.9778,1.60,1.70
2008.04.16 12:23:46.477,1.97755,1.9778,1.60,2.50
2008.04.16 12:23:46.758,1.97755,1.97775,0.70,0.90
2008.04.16 12:23:47.012,1.97755,1.97775,0.70,0.90
2008.04.16 12:23:47.305,1.97755,1.9777,0.70,0.90
2008.04.16 12:23:47.564,1.9775,1.9777,0.80,0.90
2008.04.16 12:23:47.819,1.9775,1.9777,0.80,0.90
2008.04.16 12:23:48.095,1.9775,1.9777,0.80,0.90
2008.04.16 12:23:48.370,1.9775,1.9777,0.80,0.90
2008.04.16 12:23:48.645,1.9775,1.9777,0.80,0.90
2008.04.16 12:23:48.922,1.9775,1.9777,0.80,0.90
2008.04.16 12:23:49.181,1.9775,1.9777,0.80,0.90
2008.04.16 12:23:49.441,1.9775,1.9777,0.80,0.90
2008.04.16 12:23:49.700,1.9775,1.9777,0.80,0.90
2008.04.16 12:23:49.961,1.9775,1.9777,0.80,0.90
2008.04.16 12:23:50.195,1.9775,1.9777,0.80,0.90
2008.04.16 12:23:50.430,1.9775,1.9777,0.80,0.90
2008.04.16 12:23:50.669,1.9775,1.9777,0.90,0.90
2008.04.16 12:23:50.911,1.9775,1.9777,0.80,0.90
2008.04.16 12:23:51.158,1.9775,1.9777,0.80,0.90
2008.04.16 12:23:51.403,1.9775,1.9777,0.80,0.90
2008.04.16 12:23:51.665,1.9775,1.9777,0.90,0.90
2008.04.16 12:23:51.909,1.9775,1.9777,0.90,0.90
2008.04.16 12:23:52.149,1.9775,1.9777,0.90,0.90
2008.04.16 12:23:52.390,1.9775,1.9777,0.80,0.90
2008.04.16 12:23:52.668,1.9775,1.9777,0.80,0.90
2008.04.16 12:23:52.937,1.9775,1.97775,1.70,7.30
2008.04.16 12:23:53.223,1.97755,1.97775,0.70,2.50
2008.04.16 12:23:53.441,1.97755,1.97775,0.70,2.50
2008.04.16 12:23:53.694,1.97755,1.97775,0.70,2.50
2008.04.16 12:23:53.944,1.97755,1.97775,0.70,2.50
2008.04.16 12:23:54.205,1.97755,1.97775,0.70,2.50
2008.04.16 12:23:54.464,1.97755,1.97775,0.70,2.50
2008.04.16 12:23:54.734,1.97755,1.97775,0.70,2.50
2008.04.16 12:23:54.993,1.97755,1.97775,0.70,2.50
2008.04.16 12:23:55.217,1.97755,1.97775,0.70,2.50
2008.04.16 12:23:55.467,1.97755,1.97775,0.70,2.50
2008.04.16 12:23:55.720,1.97755,1.97775,0.70,2.50
2008.04.16 12:23:55.975,1.97755,1.97775,0.70,2.50
2008.04.16 12:23:56.283,1.97755,1.97775,0.70,2.50
2008.04.16 12:23:56.563,1.97755,1.97775,0.70,2.50
2008.04.16 12:23:56.847,1.97755,1.97775,0.70,2.50
2008.04.16 12:23:57.162,1.97755,1.97775,0.70,2.50
2008.04.16 12:23:57.464,1.97755,1.97775,0.70,2.50
2008.04.16 12:23:57.722,1.97755,1.97775,0.70,2.50
2008.04.16 12:23:58.014,1.97755,1.97775,0.70,2.50
2008.04.16 12:23:58.280,1.97755,1.97775,0.70,2.50
2008.04.16 12:23:58.555,1.97755,1.97775,0.70,2.50
2008.04.16 12:23:58.805,1.97755,1.97775,0.70,2.50
2008.04.16 12:23:59.048,1.97755,1.97775,0.70,2.50
2008.04.16 12:23:59.321,1.97755,1.97775,0.70,2.50
2008.04.16 12:23:59.590,1.97755,1.97775,0.70,1.70
2008.04.16 12:23:59.895,1.97755,1.97775,0.70,1.70
2008.04.16 12:24:00.200,1.97755,1.97775,0.70,1.70
2008.04.16 12:24:00.477,1.97755,1.9777,0.70,0.80
2008.04.16 12:24:00.753,1.97755,1.9777,0.70,1.70
2008.04.16 12:24:01.028,1.9775,1.9777,1.60,1.70
2008.04.16 12:24:01.336,1.9775,1.97765,0.90,1.70
2008.04.16 12:24:01.574,1.9775,1.97765,0.20,0.90
2008.04.16 12:24:01.811,1.9775,1.9776,0.20,0.80
2008.04.16 12:24:02.048,1.97745,1.9777,1.60,5.70
2008.04.16 12:24:02.283,1.9775,1.9777,0.20,1.70
2008.04.16 12:24:02.604,1.9775,1.9777,0.30,1.70
2008.04.16 12:24:02.926,1.9775,1.97775,2.80,4.90
2008.04.16 12:24:03.246,1.9775,1.97775,2.90,4.90
2008.04.16 12:24:03.473,1.97755,1.97775,0.70,2.50
2008.04.16 12:24:03.698,1.97755,1.97775,0.70,2.50
2008.04.16 12:24:03.923,1.97755,1.97775,0.70,3.30
2008.04.16 12:24:04.149,1.97755,1.97775,0.70,3.30
2008.04.16 12:24:04.373,1.97755,1.9777,0.70,0.90
2008.04.16 12:24:04.688,1.97755,1.9777,0.70,0.90
2008.04.16 12:24:05.005,1.9775,1.97775,2.60,5.70
2008.04.16 12:24:05.318,1.9775,1.97775,2.60,5.70
2008.04.16 12:24:05.569,1.9775,1.97775,2.60,5.70
2008.04.16 12:24:05.824,1.9775,1.97775,2.60,5.70
2008.04.16 12:24:06.100,1.97755,1.9777,0.70,0.80
2008.04.16 12:24:06.346,1.97755,1.9777,0.70,1.70
2008.04.16 12:24:06.593,1.9775,1.9777,0.90,1.70
2008.04.16 12:24:06.843,1.9775,1.9777,0.20,2.50
2008.04.16 12:24:07.093,1.97745,1.9777,1.60,2.50
2008.04.16 12:24:07.341,1.97745,1.9777,1.60,2.50
2008.04.16 12:24:07.625,1.97745,1.9777,1.60,2.50
2008.04.16 12:24:07.909,1.9775,1.9777,0.20,2.50
2008.04.16 12:24:08.193,1.9775,1.9777,0.20,2.50
2008.04.16 12:24:08.478,1.9775,1.97765,0.20,0.90
2008.04.16 12:24:08.744,1.9775,1.97765,0.20,0.90
2008.04.16 12:24:09.010,1.97745,1.97765,0.70,0.90
2008.04.16 12:24:09.276,1.9775,1.9776,0.20,0.90
2008.04.16 12:24:09.542,1.97745,1.9776,0.70,1.70
2008.04.16 12:24:09.798,1.97745,1.9776,0.70,1.70
2008.04.16 12:24:10.088,1.97745,1.97765,0.90,4.00
2008.04.16 12:24:10.346,1.97745,1.97765,1.60,1.60
2008.04.16 12:24:10.628,1.97745,1.97765,1.60,1.60
2008.04.16 12:24:10.908,1.9775,1.9777,0.20,1.70
2008.04.16 12:24:11.189,1.9775,1.9777,0.20,1.70
2008.04.16 12:24:11.469,1.9775,1.97765,0.20,2.40
2008.04.16 12:24:11.729,1.9775,1.97765,0.20,2.40
2008.04.16 12:24:11.990,1.9775,1.97765,0.20,2.40
2008.04.16 12:24:12.251,1.9775,1.97765,1.10,2.40
2008.04.16 12:24:12.512,1.9775,1.97765,1.90,2.40
2008.04.16 12:24:12.758,1.9775,1.97765,1.70,2.40
2008.04.16 12:24:13.003,1.9775,1.97765,1.70,2.40
2008.04.16 12:24:13.251,1.9775,1.97765,1.70,2.40
2008.04.16 12:24:13.497,1.9775,1.97765,1.70,2.40
2008.04.16 12:24:13.734,1.9775,1.97765,1.70,2.40
2008.04.16 12:24:13.969,1.9775,1.97765,1.70,2.40
2008.04.16 12:24:14.205,1.9775,1.97765,2.40,2.40
2008.04.16 12:24:14.441,1.9775,1.97765,2.40,2.40
2008.04.16 12:24:14.687,1.9775,1.97765,2.40,2.40
2008.04.16 12:24:14.934,1.9775,1.97765,1.50,2.40
2008.04.16 12:24:15.180,1.9775,1.97765,0.80,2.40
2008.04.16 12:24:15.426,1.97745,1.97765,3.20,2.40
2008.04.16 12:24:15.671,1.97745,1.97765,3.20,2.40
2008.04.16 12:24:15.971,1.97745,1.97765,1.60,2.40
2008.04.16 12:24:16.272,1.97745,1.97765,1.60,2.40
2008.04.16 12:24:16.511,1.97745,1.97765,1.60,2.40
2008.04.16 12:24:16.731,1.97745,1.97765,1.60,2.40
2008.04.16 12:24:16.951,1.97745,1.9777,3.20,1.70
2008.04.16 12:24:17.177,1.97745,1.9777,3.20,1.70
2008.04.16 12:24:17.432,1.97745,1.9777,3.20,1.70
2008.04.16 12:24:17.688,1.97745,1.9777,3.20,1.70
2008.04.16 12:24:17.973,1.97745,1.9777,3.20,1.70
2008.04.16 12:24:18.253,1.9775,1.9777,0.20,1.70
2008.04.16 12:24:18.535,1.9775,1.9777,0.40,1.70
2008.04.16 12:24:18.757,1.9775,1.9777,0.40,1.70
2008.04.16 12:24:18.978,1.97745,1.9777,3.20,1.70
2008.04.16 12:24:19.200,1.9775,1.9777,0.30,1.70
2008.04.16 12:24:19.422,1.9775,1.9777,0.30,1.70
2008.04.16 12:24:19.642,1.9775,1.9777,0.40,1.70
2008.04.16 12:24:19.967,1.9775,1.9777,0.20,1.70
2008.04.16 12:24:20.322,1.9775,1.9777,0.20,1.70
2008.04.16 12:24:20.649,1.9775,1.9777,0.20,1.70
2008.04.16 12:24:20.868,1.97745,1.9777,7.10,1.70
2008.04.16 12:24:21.084,1.97745,1.9777,7.10,1.70
2008.04.16 12:24:21.326,1.97745,1.9777,7.10,1.70
2008.04.16 12:24:21.542,1.97745,1.9777,7.10,1.70
2008.04.16 12:24:21.787,1.97745,1.9777,7.10,1.70
2008.04.16 12:24:22.111,1.97745,1.9777,7.10,1.70
2008.04.16 12:24:22.431,1.97745,1.9777,7.10,1.70
2008.04.16 12:24:22.783,1.97745,1.9777,7.10,1.70
2008.04.16 12:24:22.971,1.97745,1.9777,7.10,1.70
2008.04.16 12:24:23.160,1.97745,1.9777,7.10,1.70
2008.04.16 12:24:23.354,1.9775,1.9777,0.90,0.80
2008.04.16 12:24:23.578,1.9775,1.97775,2.50,4.90
2008.04.16 12:24:23.814,1.9775,1.97775,2.50,4.90
2008.04.16 12:24:24.096,1.9775,1.97775,2.50,4.90
2008.04.16 12:24:24.381,1.9775,1.97775,2.50,4.90
2008.04.16 12:24:24.666,1.9775,1.97765,2.50,2.40
2008.04.16 12:24:24.952,1.9775,1.97765,2.50,2.40
2008.04.16 12:24:25.216,1.9775,1.97765,2.50,2.40
2008.04.16 12:24:25.452,1.9775,1.97765,2.50,2.40
2008.04.16 12:24:25.686,1.9775,1.97765,2.50,2.40
2008.04.16 12:24:25.923,1.9775,1.97765,2.50,2.40
2008.04.16 12:24:26.203,1.9775,1.97775,2.60,4.90
2008.04.16 12:24:26.482,1.9775,1.97775,2.60,4.90
2008.04.16 12:24:26.762,1.9775,1.97775,2.60,4.90
2008.04.16 12:24:27.042,1.9775,1.97775,2.60,4.90
2008.04.16 12:24:27.261,1.9775,1.97775,2.60,4.90
2008.04.16 12:24:27.500,1.9775,1.97775,2.60,4.90
2008.04.16 12:24:27.752,1.9775,1.97775,2.60,4.90
2008.04.16 12:24:28.011,1.9775,1.97775,2.40,4.10
2008.04.16 12:24:28.288,1.9775,1.9777,1.50,0.90
2008.04.16 12:24:28.565,1.97745,1.97765,3.20,2.40
2008.04.16 12:24:28.840,1.97745,1.9777,1.60,1.70
2008.04.16 12:24:29.115,1.97745,1.9777,1.60,1.70
2008.04.16 12:24:29.360,1.97745,1.9777,1.60,1.70
2008.04.16 12:24:29.605,1.97745,1.9777,1.60,1.70
2008.04.16 12:24:29.851,1.97745,1.9777,1.60,1.70
2008.04.16 12:24:30.096,1.97745,1.9777,1.60,1.70
2008.04.16 12:24:30.310,1.97745,1.97765,1.60,2.40
2008.04.16 12:24:30.526,1.97745,1.97765,1.60,2.40
2008.04.16 12:24:30.742,1.97745,1.97765,1.60,2.40
2008.04.16 12:24:30.983,1.97745,1.97765,1.60,2.40
2008.04.16 12:24:31.198,1.97745,1.9777,1.60,1.70
2008.04.16 12:24:31.468,1.97745,1.9777,1.60,1.70
2008.04.16 12:24:31.737,1.97745,1.9777,1.60,1.70
2008.04.16 12:24:32.009,1.97745,1.9777,1.60,1.70
2008.04.16 12:24:32.308,1.97745,1.9777,1.60,1.70
2008.04.16 12:24:32.557,1.97745,1.9777,1.60,1.70
2008.04.16 12:24:32.829,1.97745,1.9777,1.60,1.70
2008.04.16 12:24:33.069,1.97745,1.9777,1.60,1.70
2008.04.16 12:24:33.308,1.97745,1.9777,1.60,1.70
2008.04.16 12:24:33.508,1.97745,1.9777,1.60,1.70
2008.04.16 12:24:33.708,1.97745,1.9777,1.60,1.70
2008.04.16 12:24:33.908,1.97745,1.9777,1.60,1.70
2008.04.16 12:24:34.107,1.97745,1.9777,1.60,1.70
2008.04.16 12:24:34.307,1.97745,1.9777,1.60,1.70
2008.04.16 12:24:34.537,1.97745,1.9777,1.60,1.70
2008.04.16 12:24:34.794,1.97745,1.9777,1.60,1.70
2008.04.16 12:24:35.025,1.97745,1.9777,1.60,1.70
2008.04.16 12:24:35.255,1.97745,1.9777,1.60,1.70
2008.04.16 12:24:35.501,1.97745,1.97765,1.60,2.40
2008.04.16 12:24:35.747,1.97745,1.97765,1.60,2.40
2008.04.16 12:24:35.991,1.97745,1.97765,1.60,2.40
2008.04.16 12:24:36.236,1.97745,1.97765,1.60,2.40
2008.04.16 12:24:36.426,1.97745,1.97765,3.20,2.40
2008.04.16 12:24:36.615,1.97745,1.97765,3.20,2.40
2008.04.16 12:24:36.805,1.97745,1.97765,3.20,2.40
2008.04.16 12:24:36.995,1.97745,1.97765,3.20,2.40
2008.04.16 12:24:37.184,1.97745,1.97765,3.20,2.40
2008.04.16 12:24:37.374,1.97745,1.97765,3.20,2.40
2008.04.16 12:24:37.638,1.97745,1.97765,3.20,2.40
2008.04.16 12:24:37.883,1.97745,1.97765,3.20,2.40
2008.04.16 12:24:38.127,1.97745,1.97765,3.20,2.40
2008.04.16 12:24:38.372,1.97745,1.97765,3.20,2.40
2008.04.16 12:24:38.633,1.97745,1.97765,1.60,2.40
2008.04.16 12:24:38.896,1.97745,1.97765,1.60,2.40
2008.04.16 12:24:39.155,1.97745,1.97765,1.60,2.40
2008.04.16 12:24:39.414,1.97745,1.97765,1.60,2.40
2008.04.16 12:24:39.624,1.97745,1.97765,1.60,2.40
2008.04.16 12:24:39.835,1.97745,1.97765,1.60,2.40
2008.04.16 12:24:40.045,1.97745,1.9777,3.20,1.70
2008.04.16 12:24:40.265,1.97745,1.9777,3.20,1.70
2008.04.16 12:24:40.497,1.97745,1.9777,3.20,1.70
2008.04.16 12:24:40.793,1.9775,1.9777,0.20,1.70
2008.04.16 12:24:41.101,1.9775,1.97765,0.20,2.40
2008.04.16 12:24:41.374,1.9775,1.97765,0.20,2.40
2008.04.16 12:24:41.650,1.9775,1.97765,0.20,2.40
2008.04.16 12:24:41.890,1.97745,1.97765,3.20,2.40
2008.04.16 12:24:42.129,1.97745,1.97765,3.20,2.40
2008.04.16 12:24:42.371,1.97745,1.97765,2.30,3.30
2008.04.16 12:24:42.612,1.9774,1.97765,6.00,3.30
2008.04.16 12:24:42.892,1.97745,1.97765,0.70,0.90
2008.04.16 12:24:43.204,1.97745,1.97765,0.70,0.90
2008.04.16 12:24:43.487,1.9775,1.97765,0.20,0.90
2008.04.16 12:24:43.744,1.9775,1.97765,0.20,0.90
2008.04.16 12:24:44.043,1.9775,1.97765,0.20,0.90
2008.04.16 12:24:44.331,1.97745,1.97765,0.70,0.90
2008.04.16 12:24:44.556,1.9775,1.97765,0.20,1.70
2008.04.16 12:24:44.810,1.9775,1.97765,0.20,0.90
2008.04.16 12:24:45.065,1.9775,1.97765,0.20,0.90
2008.04.16 12:24:45.320,1.9775,1.9776,0.20,0.90
2008.04.16 12:24:45.576,1.9774,1.9776,0.90,1.70
2008.04.16 12:24:45.842,1.9774,1.9776,0.90,0.90
2008.04.16 12:24:46.112,1.9775,1.9776,0.20,0.90
2008.04.16 12:24:46.379,1.9775,1.9776,0.20,0.90
2008.04.16 12:24:46.644,1.9775,1.9776,0.20,0.90
2008.04.16 12:24:46.869,1.9775,1.9776,0.20,0.90
2008.04.16 12:24:47.095,1.9775,1.9776,0.20,0.90
2008.04.16 12:24:47.322,1.9775,1.9776,0.20,0.90
2008.04.16 12:24:47.547,1.9775,1.97765,0.20,0.90
2008.04.16 12:24:47.802,1.9775,1.9777,0.20,8.10
2008.04.16 12:24:48.058,1.9775,1.9777,0.20,1.70
2008.04.16 12:24:48.313,1.9775,1.9777,0.20,1.70
2008.04.16 12:24:48.569,1.9775,1.9777,0.20,1.70
2008.04.16 12:24:48.828,1.9775,1.9777,0.20,1.70
2008.04.16 12:24:49.120,1.9775,1.9777,0.20,1.70
2008.04.16 12:24:49.416,1.9775,1.9777,0.20,1.70
2008.04.16 12:24:49.712,1.9775,1.9777,0.20,1.70
2008.04.16 12:24:49.958,1.9775,1.9777,0.20,1.70
2008.04.16 12:24:50.176,1.9775,1.9777,0.30,1.70
2008.04.16 12:24:50.426,1.9775,1.9777,0.30,1.70
2008.04.16 12:24:50.707,1.9775,1.9777,0.30,1.70
2008.04.16 12:24:50.951,1.9775,1.9777,0.30,1.70
2008.04.16 12:24:51.225,1.9775,1.9777,0.30,1.70
2008.04.16 12:24:51.500,1.9775,1.97765,0.20,0.90
2008.04.16 12:24:51.775,1.9775,1.97765,0.20,0.90
2008.04.16 12:24:51.985,1.9775,1.9777,0.20,4.10
2008.04.16 12:24:52.228,1.9775,1.9777,0.20,1.70
2008.04.16 12:24:52.437,1.9775,1.9777,0.20,1.70
2008.04.16 12:24:52.647,1.9775,1.9777,0.20,1.70
2008.04.16 12:24:52.912,1.9775,1.9777,0.20,1.70
2008.04.16 12:24:53.177,1.9775,1.9777,0.20,1.70
2008.04.16 12:24:53.442,1.9775,1.9777,0.20,1.70
2008.04.16 12:24:53.706,1.9775,1.9777,0.20,1.70
2008.04.16 12:24:53.970,1.9775,1.9777,0.20,1.70
2008.04.16 12:24:54.234,1.9775,1.9777,0.20,1.70
2008.04.16 12:24:54.501,1.97745,1.9776,0.70,1.70
2008.04.16 12:24:54.804,1.9774,1.9776,0.70,1.70
2008.04.16 12:24:55.058,1.97745,1.9776,0.70,0.80
2008.04.16 12:24:55.348,1.97745,1.9776,0.70,0.80
2008.04.16 12:24:55.604,1.97745,1.9777,1.60,4.10
2008.04.16 12:24:55.858,1.97745,1.9777,1.60,1.70
2008.04.16 12:24:56.094,1.97745,1.9777,1.60,1.70
2008.04.16 12:24:56.328,1.97745,1.9777,1.60,1.70
2008.04.16 12:24:56.564,1.97745,1.9777,1.60,1.70
2008.04.16 12:24:56.799,1.97745,1.9777,1.60,1.70
2008.04.16 12:24:57.109,1.97745,1.9777,1.60,1.70
2008.04.16 12:24:57.413,1.97745,1.9777,1.60,1.70
2008.04.16 12:24:57.721,1.97745,1.9777,1.60,3.30
2008.04.16 12:24:57.961,1.97745,1.9777,1.60,3.30
2008.04.16 12:24:58.171,1.97745,1.9777,1.60,3.30
2008.04.16 12:24:58.381,1.97745,1.9777,1.60,3.30
2008.04.16 12:24:58.592,1.97745,1.9777,1.60,3.30
2008.04.16 12:24:58.833,1.97745,1.9777,1.60,3.30
2008.04.16 12:24:59.103,1.9775,1.9777,0.40,3.30
2008.04.16 12:24:59.374,1.9775,1.9777,1.10,3.30
2008.04.16 12:24:59.647,1.9775,1.9777,1.20,3.30
2008.04.16 12:24:59.954,1.97755,1.9777,0.70,1.70
2008.04.16 12:25:00.235,1.97755,1.9777,0.70,1.70
2008.04.16 12:25:00.515,1.97755,1.9777,0.70,1.70
2008.04.16 12:25:00.797,1.97755,1.9777,0.70,1.70
2008.04.16 12:25:01.070,1.97755,1.9777,0.70,1.70
2008.04.16 12:25:01.361,1.97755,1.9777,0.70,1.70
2008.04.16 12:25:01.619,1.97755,1.9777,0.70,1.70
2008.04.16 12:25:01.880,1.97755,1.9777,0.70,1.70
2008.04.16 12:25:02.104,1.97755,1.9777,0.70,1.70
2008.04.16 12:25:02.328,1.97755,1.9777,0.70,1.70
2008.04.16 12:25:02.554,1.97755,1.9777,0.70,1.70
2008.04.16 12:25:02.779,1.97755,1.9777,0.70,1.70
2008.04.16 12:25:03.004,1.97755,1.9777,0.70,1.70
2008.04.16 12:25:03.244,1.97755,1.9777,0.70,1.70
2008.04.16 12:25:03.486,1.97755,1.9777,0.70,1.70
2008.04.16 12:25:03.727,1.97755,1.9777,0.70,1.70
2008.04.16 12:25:03.970,1.97755,1.9777,0.70,1.70
2008.04.16 12:25:04.179,1.97755,1.9777,0.70,1.70
2008.04.16 12:25:04.389,1.97755,1.9777,0.70,1.70
2008.04.16 12:25:04.600,1.97755,1.9777,0.70,1.70
2008.04.16 12:25:04.811,1.97745,1.9777,1.60,1.70
2008.04.16 12:25:05.056,1.97745,1.9777,1.60,1.70
2008.04.16 12:25:05.366,1.97745,1.97765,0.70,0.90
2008.04.16 12:25:05.677,1.97745,1.97765,0.70,0.90
2008.04.16 12:25:05.987,1.97745,1.97765,0.70,0.90
2008.04.16 12:25:06.252,1.97745,1.97765,0.70,0.90
2008.04.16 12:25:06.516,1.97745,1.97765,0.70,0.90
2008.04.16 12:25:06.806,1.9775,1.97765,0.40,0.90
2008.04.16 12:25:07.073,1.97745,1.97765,0.70,0.90
2008.04.16 12:25:07.314,1.9775,1.97765,0.20,0.90
2008.04.16 12:25:08.812,1.9775,1.9777,0.20,3.30
2008.04.16 12:25:08.893,1.97745,1.97765,0.70,0.90
2008.04.16 12:25:08.981,1.97745,1.97765,0.70,0.90
2008.04.16 12:25:09.063,1.97745,1.97765,0.70,0.90
2008.04.16 12:25:09.149,1.97745,1.97765,0.70,0.90
2008.04.16 12:25:09.244,1.97745,1.97765,0.70,0.90
2008.04.16 12:25:09.329,1.97745,1.97765,0.70,0.90
2008.04.16 12:25:09.415,1.97745,1.97765,0.70,0.90
2008.04.16 12:25:09.532,1.97745,1.97765,0.70,0.90
2008.04.16 12:25:09.614,1.97745,1.97765,0.70,0.90
2008.04.16 12:25:09.699,1.97745,1.97765,0.70,0.90
2008.04.16 12:25:09.785,1.97745,1.97765,0.70,0.90
2008.04.16 12:25:09.870,1.97745,1.97765,0.70,0.90
2008.04.16 12:25:10.208,1.97745,1.97765,0.70,0.90
2008.04.16 12:25:10.576,1.97745,1.97765,0.70,0.90
2008.04.16 12:25:10.880,1.97745,1.97765,0.70,2.50
2008.04.16 12:25:11.050,1.97745,1.97765,0.70,2.50
2008.04.16 12:25:11.249,1.97745,1.97765,0.70,2.50
2008.04.16 12:25:11.418,1.97745,1.97765,0.70,2.50
2008.04.16 12:25:11.588,1.97745,1.97765,0.70,2.50
2008.04.16 12:25:11.784,1.97745,1.97765,0.70,2.50
2008.04.16 12:25:11.954,1.97745,1.97765,0.70,2.50
2008.04.16 12:25:12.254,1.97745,1.97765,0.70,2.50
2008.04.16 12:25:12.555,1.97745,1.97765,0.70,2.50
2008.04.16 12:25:12.888,1.97745,1.97765,0.70,2.50
2008.04.16 12:25:13.064,1.97745,1.97765,0.70,2.50
2008.04.16 12:25:13.232,1.97745,1.97765,0.70,2.50
2008.04.16 12:25:13.398,1.97745,1.97765,0.70,2.50
2008.04.16 12:25:13.591,1.97745,1.97765,0.70,2.50
2008.04.16 12:25:13.787,1.97745,1.97765,0.70,2.50
2008.04.16 12:25:13.951,1.97745,1.97765,0.70,2.50
2008.04.16 12:25:14.286,1.97745,1.97765,0.70,2.50
2008.04.16 12:25:14.621,1.97745,1.97765,0.70,2.50
2008.04.16 12:25:14.955,1.97745,1.97765,0.70,2.50
2008.04.16 12:25:15.134,1.97745,1.97765,0.70,2.50
2008.04.16 12:25:15.351,1.97745,1.97765,0.70,2.50
2008.04.16 12:25:15.566,1.9774,1.97755,1.20,0.90
2008.04.16 12:25:15.703,1.9774,1.97755,1.20,0.90
2008.04.16 12:25:15.879,1.9774,1.97755,1.20,0.90
2008.04.16 12:25:16.055,1.9774,1.97755,0.30,0.90
2008.04.16 12:25:16.361,1.97735,1.97755,0.70,0.90
2008.04.16 12:25:16.665,1.97735,1.97755,0.70,0.90
2008.04.16 12:25:16.973,1.97735,1.97755,0.70,0.90
2008.04.16 12:25:17.223,1.97735,1.97755,0.70,0.90
2008.04.16 12:25:17.478,1.9774,1.9776,0.60,4.10
2008.04.16 12:25:17.712,1.9774,1.9776,0.30,3.30
2008.04.16 12:25:17.981,1.9774,1.9776,2.00,2.50
2008.04.16 12:25:18.238,1.9774,1.9776,2.00,2.50
2008.04.16 12:25:18.492,1.9774,1.9776,2.00,2.50
2008.04.16 12:25:18.747,1.9774,1.9776,1.90,2.50
2008.04.16 12:25:19.001,1.9774,1.9776,1.90,2.50
2008.04.16 12:25:19.255,1.9774,1.9776,1.90,2.50
2008.04.16 12:25:19.521,1.9774,1.9776,2.60,1.60
2008.04.16 12:25:19.785,1.9774,1.9776,2.60,1.60
2008.04.16 12:25:20.053,1.9774,1.9776,2.80,1.60
2008.04.16 12:25:20.317,1.9774,1.9776,2.80,1.60
2008.04.16 12:25:20.559,1.9774,1.9776,2.80,1.60
2008.04.16 12:25:20.784,1.9774,1.9776,2.80,1.60
2008.04.16 12:25:21.008,1.9774,1.9776,2.80,1.60
2008.04.16 12:25:21.233,1.9774,1.9776,2.80,1.60
2008.04.16 12:25:21.485,1.9774,1.9776,2.90,1.60
2008.04.16 12:25:21.736,1.97745,1.97765,0.70,2.50
2008.04.16 12:25:21.926,1.97745,1.97765,0.70,2.50
2008.04.16 12:25:22.167,1.97745,1.97765,0.70,2.50
2008.04.16 12:25:22.457,1.97745,1.97765,0.70,2.50
2008.04.16 12:25:22.747,1.97745,1.97765,0.70,0.90
2008.04.16 12:25:23.067,1.97745,1.97765,0.70,0.90
2008.04.16 12:25:23.327,1.97745,1.97765,0.70,0.90
2008.04.16 12:25:23.541,1.97745,1.97765,0.70,0.90
2008.04.16 12:25:23.756,1.97745,1.97765,0.70,0.90
2008.04.16 12:25:23.970,1.97745,1.97765,0.70,0.90
2008.04.16 12:25:24.184,1.97745,1.97765,0.70,0.90
2008.04.16 12:25:24.398,1.97745,1.97765,0.70,0.90
2008.04.16 12:25:24.633,1.97745,1.97765,0.70,0.90
2008.04.16 12:25:24.867,1.97745,1.97765,0.70,0.90
2008.04.16 12:25:25.103,1.97745,1.97765,0.70,0.90
2008.04.16 12:25:25.337,1.97745,1.97765,0.70,0.90
2008.04.16 12:25:25.566,1.9775,1.97765,0.30,0.90
2008.04.16 12:25:25.796,1.9775,1.97765,0.50,0.90
2008.04.16 12:25:26.028,1.9775,1.9777,0.30,3.30
2008.04.16 12:25:26.259,1.9775,1.9777,0.50,1.70
2008.04.16 12:25:26.545,1.97755,1.9777,0.70,1.70
2008.04.16 12:25:26.832,1.97755,1.9777,0.70,1.70
2008.04.16 12:25:27.118,1.97755,1.9777,0.70,1.70
2008.04.16 12:25:27.403,1.97755,1.9777,0.70,1.70
2008.04.16 12:25:27.624,1.97755,1.9777,0.70,1.70
2008.04.16 12:25:27.874,1.97755,1.9777,0.70,1.70
2008.04.16 12:25:28.098,1.9776,1.9777,0.30,1.70
2008.04.16 12:25:28.318,1.97755,1.9777,0.70,1.70
2008.04.16 12:25:28.604,1.97755,1.9777,0.70,0.80
2008.04.16 12:25:28.892,1.97755,1.9777,0.70,1.70
2008.04.16 12:25:29.208,1.97755,1.9777,0.70,1.70
2008.04.16 12:25:29.492,1.97755,1.9777,0.70,1.70
2008.04.16 12:25:29.768,1.97755,1.9777,0.70,1.70
2008.04.16 12:25:30.075,1.97755,1.9777,0.70,1.70
2008.04.16 12:25:30.348,1.97755,1.9777,0.70,1.70
2008.04.16 12:25:30.564,1.97755,1.9777,0.70,1.70
2008.04.16 12:25:30.780,1.97755,1.9777,0.70,1.70
2008.04.16 12:25:30.993,1.97755,1.9777,0.70,1.70
2008.04.16 12:25:31.241,1.97755,1.9777,0.70,1.70
2008.04.16 12:25:31.454,1.97755,1.9777,0.70,1.70
2008.04.16 12:25:31.725,1.97755,1.9777,0.70,1.70
2008.04.16 12:25:31.994,1.97755,1.9777,0.70,1.70
2008.04.16 12:25:32.264,1.97755,1.9777,0.70,1.70
2008.04.16 12:25:32.536,1.97755,1.9777,0.70,1.70
2008.04.16 12:25:32.808,1.97755,1.9777,0.70,1.70
2008.04.16 12:25:33.078,1.97755,1.9777,0.70,1.70
2008.04.16 12:25:33.359,1.97755,1.9777,1.60,0.80
2008.04.16 12:25:33.661,1.97755,1.9777,1.60,0.80
2008.04.16 12:25:33.926,1.97755,1.9777,0.70,0.80
2008.04.16 12:25:34.187,1.97755,1.97775,0.70,0.90
2008.04.16 12:25:34.386,1.97755,1.97775,0.70,0.90
2008.04.16 12:25:34.616,1.97755,1.9777,0.70,0.90
2008.04.16 12:25:34.840,1.97755,1.9777,0.70,0.90
2008.04.16 12:25:35.065,1.97755,1.9777,0.70,0.90
2008.04.16 12:25:35.291,1.97755,1.9777,0.70,0.90
2008.04.16 12:25:35.539,1.9775,1.9777,0.90,0.90
2008.04.16 12:25:35.812,1.9775,1.9777,0.90,0.90
2008.04.16 12:25:36.081,1.9775,1.9777,0.90,0.90
2008.04.16 12:25:36.351,1.9775,1.9777,0.80,0.90
2008.04.16 12:25:36.622,1.9775,1.9777,0.80,0.90
2008.04.16 12:25:36.889,1.9775,1.9777,0.80,0.90
2008.04.16 12:25:37.148,1.9775,1.9777,0.80,0.90
2008.04.16 12:25:37.408,1.9775,1.9777,0.80,0.90
2008.04.16 12:25:37.668,1.9775,1.9777,0.80,0.90
2008.04.16 12:25:37.912,1.9775,1.9777,0.80,0.90
2008.04.16 12:25:38.155,1.9775,1.9777,0.80,0.90
2008.04.16 12:25:38.426,1.9775,1.9777,0.90,0.90
2008.04.16 12:25:38.708,1.9775,1.9777,0.90,0.90
2008.04.16 12:25:38.960,1.9775,1.9777,0.80,0.90
2008.04.16 12:25:39.206,1.9775,1.9777,0.80,0.90
2008.04.16 12:25:39.435,1.9775,1.97765,0.80,0.90
2008.04.16 12:25:39.656,1.97745,1.9777,1.60,3.30
2008.04.16 12:25:39.874,1.97745,1.9777,1.60,3.30
2008.04.16 12:25:40.177,1.97745,1.97765,0.70,2.50
2008.04.16 12:25:40.478,1.97745,1.97765,0.70,2.50
2008.04.16 12:25:40.779,1.97745,1.97765,0.70,2.50
2008.04.16 12:25:41.033,1.97745,1.97765,0.70,2.50
2008.04.16 12:25:41.257,1.97745,1.97765,0.70,2.50
2008.04.16 12:25:41.481,1.97745,1.97765,0.70,2.50
2008.04.16 12:25:41.707,1.97745,1.97765,0.70,2.50
2008.04.16 12:25:41.946,1.97745,1.97765,0.70,2.50
2008.04.16 12:25:42.185,1.97745,1.97765,0.70,3.30
2008.04.16 12:25:42.424,1.97745,1.97765,0.70,3.30
2008.04.16 12:25:42.709,1.97745,1.9776,0.70,0.90
2008.04.16 12:25:42.941,1.97745,1.9776,0.70,0.90
2008.04.16 12:25:43.169,1.97745,1.9776,0.70,0.90
2008.04.16 12:25:43.432,1.97745,1.9776,0.70,0.90
2008.04.16 12:25:43.703,1.97745,1.9776,0.70,0.90
2008.04.16 12:25:43.890,1.97745,1.9776,0.70,0.90
2008.04.16 12:25:44.130,1.97745,1.9776,0.70,0.90
2008.04.16 12:25:44.370,1.97745,1.9776,0.70,0.90
2008.04.16 12:25:44.610,1.97745,1.9776,0.70,0.90
2008.04.16 12:25:44.849,1.97745,1.9776,0.70,0.90
2008.04.16 12:25:45.099,1.97745,1.9776,0.70,0.90
2008.04.16 12:25:45.349,1.97745,1.97755,0.70,0.80
2008.04.16 12:25:45.600,1.97745,1.9775,0.70,0.90
2008.04.16 12:25:45.851,1.97735,1.9775,0.70,0.90
2008.04.16 12:25:46.112,1.97735,1.9775,0.70,0.90
2008.04.16 12:25:46.401,1.9773,1.9775,0.80,0.90
2008.04.16 12:25:46.662,1.9773,1.9775,0.80,0.90
2008.04.16 12:25:46.922,1.9773,1.9775,0.80,0.90
2008.04.16 12:25:47.156,1.9773,1.9775,0.80,0.90
2008.04.16 12:25:47.390,1.9773,1.9775,0.80,0.90
2008.04.16 12:25:47.626,1.9773,1.9775,0.80,0.90
2008.04.16 12:25:47.861,1.9773,1.9775,0.80,0.90
2008.04.16 12:25:48.149,1.9773,1.9775,0.80,0.90
2008.04.16 12:25:48.353,1.9773,1.9775,0.80,0.90
2008.04.16 12:25:48.597,1.9773,1.9775,0.80,0.90
2008.04.16 12:25:48.842,1.9773,1.9775,0.80,0.90
2008.04.16 12:25:49.087,1.9773,1.9775,0.80,0.90
2008.04.16 12:25:49.330,1.9773,1.9775,0.80,0.90
2008.04.16 12:25:49.575,1.9773,1.9775,0.80,0.90
2008.04.16 12:25:49.857,1.9773,1.9775,0.80,0.90
2008.04.16 12:25:50.064,1.9773,1.9775,0.80,0.90
2008.04.16 12:25:50.293,1.9773,1.9775,0.80,0.90
2008.04.16 12:25:50.524,1.9773,1.9775,0.80,0.90
2008.04.16 12:25:50.779,1.9773,1.9775,0.80,0.90
2008.04.16 12:25:51.042,1.97735,1.97755,0.70,4.10
2008.04.16 12:25:51.287,1.97735,1.97755,0.70,2.50
2008.04.16 12:25:51.534,1.97735,1.9775,0.70,0.90
2008.04.16 12:25:51.810,1.97735,1.9775,0.70,0.90
2008.04.16 12:25:52.023,1.9773,1.9775,0.80,0.90
2008.04.16 12:25:52.298,1.9773,1.9775,0.80,0.90
2008.04.16 12:25:52.573,1.9773,1.9775,0.80,0.90
2008.04.16 12:25:52.870,1.9773,1.9775,0.80,0.90
2008.04.16 12:25:53.147,1.9773,1.9775,0.80,0.90
2008.04.16 12:25:53.346,1.9773,1.9775,0.80,0.90
2008.04.16 12:25:53.547,1.9773,1.9775,0.80,0.90
2008.04.16 12:25:53.747,1.9773,1.9775,0.80,0.90
2008.04.16 12:25:53.976,1.9773,1.9775,0.80,0.90
2008.04.16 12:25:54.175,1.9773,1.9775,0.80,0.90
2008.04.16 12:25:54.449,1.9773,1.9775,0.80,0.90
2008.04.16 12:25:54.724,1.9773,1.9775,0.80,0.90
2008.04.16 12:25:55.005,1.9773,1.9775,0.80,0.90
2008.04.16 12:25:55.311,1.9773,1.9775,0.80,0.90
2008.04.16 12:25:55.540,1.9773,1.9775,0.80,0.90
2008.04.16 12:25:55.769,1.9773,1.9775,0.80,0.90
2008.04.16 12:25:56.033,1.9773,1.9775,0.80,0.90
2008.04.16 12:25:56.291,1.9773,1.9775,0.80,0.90
2008.04.16 12:25:56.485,1.9773,1.9775,0.80,0.90
2008.04.16 12:25:56.679,1.9773,1.9775,0.80,0.90
2008.04.16 12:25:56.874,1.9773,1.9775,0.80,0.90
2008.04.16 12:25:57.070,1.9773,1.9775,0.80,0.90
2008.04.16 12:25:57.339,1.9773,1.9775,0.80,0.90
2008.04.16 12:25:57.609,1.9773,1.9775,0.80,0.90
2008.04.16 12:25:57.912,1.9773,1.9775,0.80,0.90
2008.04.16 12:25:58.181,1.9773,1.9775,0.80,0.90
2008.04.16 12:25:58.399,1.9773,1.9775,0.80,0.90
2008.04.16 12:25:58.619,1.9773,1.9775,0.80,0.90
2008.04.16 12:25:58.839,1.9773,1.9775,0.80,0.90
2008.04.16 12:25:59.058,1.9773,1.9775,0.80,0.90
2008.04.16 12:25:59.277,1.9773,1.9775,0.80,0.90
2008.04.16 12:25:59.493,1.9773,1.9775,0.80,0.90
2008.04.16 12:25:59.707,1.9773,1.9775,0.80,0.90
2008.04.16 12:25:59.922,1.9773,1.9775,0.80,0.90
2008.04.16 12:26:00.135,1.9773,1.9775,0.80,0.90
2008.04.16 12:26:00.380,1.9773,1.9775,0.80,0.90
2008.04.16 12:26:00.655,1.9773,1.9775,0.80,0.90
2008.04.16 12:26:00.898,1.9773,1.9775,0.80,0.90
2008.04.16 12:26:01.143,1.9773,1.9775,0.80,0.90
2008.04.16 12:26:01.342,1.9773,1.9775,0.80,0.90
2008.04.16 12:26:01.541,1.9773,1.9775,0.80,0.90
2008.04.16 12:26:01.760,1.9773,1.9775,0.80,0.90
2008.04.16 12:26:01.962,1.9773,1.9775,0.80,0.90
2008.04.16 12:26:02.162,1.9773,1.9775,0.80,0.90
2008.04.16 12:26:02.396,1.9773,1.9775,0.80,0.90
2008.04.16 12:26:02.632,1.9773,1.9775,0.80,0.90
2008.04.16 12:26:02.897,1.9773,1.97745,0.80,0.80
2008.04.16 12:26:03.134,1.9773,1.97745,0.80,1.70
2008.04.16 12:26:03.390,1.9773,1.97745,0.80,1.70
2008.04.16 12:26:03.647,1.97725,1.97745,0.70,1.70
2008.04.16 12:26:03.925,1.97725,1.9774,0.70,0.90
2008.04.16 12:26:04.184,1.97725,1.9774,0.70,0.90
2008.04.16 12:26:04.470,1.9772,1.9774,0.80,1.70
2008.04.16 12:26:04.763,1.97715,1.97735,0.70,1.70
2008.04.16 12:26:05.047,1.97715,1.97735,0.70,1.70
2008.04.16 12:26:05.329,1.97715,1.97735,0.70,1.70
2008.04.16 12:26:05.585,1.97715,1.97735,0.70,0.90
2008.04.16 12:26:05.839,1.9771,1.97735,0.90,4.90
2008.04.16 12:26:06.090,1.97705,1.9772,2.30,0.90
2008.04.16 12:26:06.341,1.97695,1.9772,1.60,3.30
2008.04.16 12:26:06.644,1.977,1.9772,0.90,1.60
2008.04.16 12:26:06.883,1.977,1.97725,0.90,4.90
2008.04.16 12:26:07.153,1.977,1.97725,0.90,4.90
2008.04.16 12:26:07.383,1.977,1.97725,0.90,4.90
2008.04.16 12:26:07.613,1.97695,1.97715,2.30,0.90
2008.04.16 12:26:07.843,1.97695,1.97715,0.70,0.90
2008.04.16 12:26:08.074,1.9769,1.9771,1.90,0.90
2008.04.16 12:26:08.319,1.9769,1.9771,1.60,0.90
2008.04.16 12:26:08.627,1.9769,1.9771,0.90,0.90
2008.04.16 12:26:08.927,1.9769,1.9771,0.90,0.90
2008.04.16 12:26:09.198,1.9769,1.97715,1.60,3.30
2008.04.16 12:26:09.395,1.9769,1.97715,1.60,3.30
2008.04.16 12:26:09.591,1.9769,1.9771,0.90,0.90
2008.04.16 12:26:09.784,1.9769,1.9771,0.90,0.90
2008.04.16 12:26:09.979,1.9769,1.97715,0.90,4.90
2008.04.16 12:26:10.175,1.9769,1.97715,1.60,3.30
2008.04.16 12:26:10.402,1.9769,1.97715,1.60,3.30
2008.04.16 12:26:10.769,1.97695,1.97715,0.70,0.90
2008.04.16 12:26:11.072,1.97695,1.97715,0.70,0.90
2008.04.16 12:26:11.408,1.9769,1.97715,0.90,4.90
2008.04.16 12:26:11.594,1.9769,1.97715,0.90,4.90
2008.04.16 12:26:11.779,1.9769,1.97715,0.90,4.90
2008.04.16 12:26:11.963,1.9769,1.97715,0.90,4.90
2008.04.16 12:26:12.149,1.97685,1.9771,3.20,0.90
2008.04.16 12:26:12.334,1.97685,1.9771,3.20,0.90
2008.04.16 12:26:12.570,1.97685,1.9771,1.60,0.90
2008.04.16 12:26:12.805,1.97685,1.9771,1.60,0.90
2008.04.16 12:26:13.040,1.9769,1.97715,0.90,6.50
2008.04.16 12:26:13.277,1.9769,1.97715,0.90,4.90
2008.04.16 12:26:13.487,1.9769,1.9771,0.90,0.90
2008.04.16 12:26:13.698,1.9769,1.9771,0.90,0.90
2008.04.16 12:26:13.940,1.9769,1.9771,0.90,0.90
2008.04.16 12:26:14.152,1.9769,1.97715,0.90,4.90
2008.04.16 12:26:14.362,1.9769,1.97715,1.60,4.90
2008.04.16 12:26:14.596,1.9769,1.97715,1.60,4.90
2008.04.16 12:26:14.849,1.9769,1.97715,1.60,4.90
2008.04.16 12:26:15.083,1.9769,1.97715,1.60,4.90
2008.04.16 12:26:15.318,1.9769,1.97715,1.60,4.90
2008.04.16 12:26:15.553,1.9769,1.97715,1.60,4.90
2008.04.16 12:26:15.820,1.9769,1.97715,1.60,4.90
2008.04.16 12:26:16.055,1.9769,1.97715,1.60,4.90
2008.04.16 12:26:16.290,1.9769,1.97715,1.60,4.90
2008.04.16 12:26:16.510,1.9769,1.97715,1.60,4.90
2008.04.16 12:26:16.732,1.9769,1.97715,1.60,4.90
2008.04.16 12:26:16.952,1.9769,1.97715,1.60,4.90
2008.04.16 12:26:17.208,1.977,1.97715,0.80,4.90
2008.04.16 12:26:17.473,1.977,1.97705,0.80,0.90
2008.04.16 12:26:17.750,1.97695,1.97705,0.70,0.90
2008.04.16 12:26:18.027,1.9768,1.977,0.80,0.90
2008.04.16 12:26:20.276,1.9768,1.977,0.80,0.90
2008.04.16 12:26:20.294,1.97685,1.977,0.70,0.90
2008.04.16 12:26:20.421,1.9768,1.977,0.80,1.70
2008.04.16 12:26:20.587,1.97675,1.977,1.60,2.50
2008.04.16 12:26:20.648,1.97675,1.9769,1.60,0.80
2008.04.16 12:26:20.687,1.97675,1.9769,1.60,0.80
2008.04.16 12:26:20.754,1.97675,1.9769,1.60,0.80
2008.04.16 12:26:20.812,1.97675,1.9769,0.90,3.20
2008.04.16 12:26:20.862,1.97675,1.9769,0.90,3.20
2008.04.16 12:26:20.939,1.97675,1.9769,0.90,3.20
2008.04.16 12:26:21.025,1.9767,1.9769,0.90,3.20
2008.04.16 12:26:21.203,1.9767,1.9768,1.60,0.80
2008.04.16 12:26:21.222,1.9767,1.9768,1.60,0.80
2008.04.16 12:26:21.285,1.9767,1.9768,1.60,0.80
2008.04.16 12:26:21.632,1.97665,1.9768,2.30,0.90
2008.04.16 12:26:22.002,1.9766,1.9768,0.80,0.90
2008.04.16 12:26:22.349,1.9766,1.9768,0.90,0.90
2008.04.16 12:26:22.565,1.97655,1.9768,3.20,0.90
2008.04.16 12:26:22.817,1.97655,1.9768,1.60,0.90
2008.04.16 12:26:23.064,1.97655,1.9768,1.60,0.90
2008.04.16 12:26:23.280,1.97655,1.9768,1.60,0.90
2008.04.16 12:26:23.495,1.97655,1.97675,0.70,0.90
2008.04.16 12:26:23.790,1.97655,1.97675,0.70,0.90
2008.04.16 12:26:24.086,1.97655,1.9767,0.70,0.90
2008.04.16 12:26:24.384,1.97655,1.9767,0.70,0.90
2008.04.16 12:26:24.643,1.97655,1.97665,0.70,0.90
2008.04.16 12:26:24.890,1.97645,1.97665,1.60,0.90
2008.04.16 12:26:25.135,1.97645,1.9766,0.50,2.50
2008.04.16 12:26:25.382,1.97635,1.9766,1.30,3.30
2008.04.16 12:26:25.602,1.97635,1.97655,0.50,0.90
2008.04.16 12:26:25.823,1.97635,1.97655,0.50,0.90
2008.04.16 12:26:26.044,1.97635,1.97655,0.50,0.90
2008.04.16 12:26:26.263,1.97635,1.97655,0.50,0.90
2008.04.16 12:26:26.509,1.97635,1.97655,0.50,0.90
2008.04.16 12:26:26.761,1.97635,1.9765,0.50,0.90
2008.04.16 12:26:26.977,1.97635,1.9765,0.50,0.90
2008.04.16 12:26:27.193,1.97635,1.9765,0.30,0.90
2008.04.16 12:26:27.407,1.97635,1.9765,0.30,0.90
2008.04.16 12:26:27.673,1.97645,1.9765,0.30,0.90
2008.04.16 12:26:27.939,1.97645,1.9765,0.30,0.90
2008.04.16 12:26:28.207,1.97645,1.9766,0.30,0.80
2008.04.16 12:26:28.472,1.97645,1.97665,0.30,0.90
2008.04.16 12:26:28.724,1.9765,1.9767,2.00,0.90
2008.04.16 12:26:28.945,1.97665,1.9767,0.30,0.90
2008.04.16 12:26:29.196,1.97665,1.97675,0.30,1.60
2008.04.16 12:26:29.416,1.97655,1.9768,1.20,3.30
2008.04.16 12:26:29.637,1.97655,1.9768,1.20,3.30
2008.04.16 12:26:29.886,1.97655,1.9768,1.20,3.30
2008.04.16 12:26:30.136,1.97655,1.9768,5.00,3.30
2008.04.16 12:26:30.385,1.97655,1.9768,5.00,3.30
2008.04.16 12:26:30.643,1.97655,1.9768,4.80,3.30
2008.04.16 12:26:30.864,1.97655,1.9768,1.00,3.30
2008.04.16 12:26:31.084,1.97655,1.9768,1.00,3.30
2008.04.16 12:26:31.304,1.97655,1.97675,1.00,1.60
2008.04.16 12:26:31.524,1.97655,1.97675,1.00,1.60
2008.04.16 12:26:31.755,1.97655,1.97675,1.00,1.60
2008.04.16 12:26:32.054,1.97655,1.97675,1.00,1.60
2008.04.16 12:26:32.289,1.97655,1.97675,1.00,1.60
2008.04.16 12:26:32.555,1.97655,1.97675,1.00,1.60
2008.04.16 12:26:32.820,1.97655,1.97675,1.00,1.60
2008.04.16 12:26:33.076,1.97655,1.97675,1.00,1.60
2008.04.16 12:26:33.332,1.97655,1.97675,1.00,1.60
2008.04.16 12:26:33.587,1.97655,1.97675,1.00,1.60
2008.04.16 12:26:33.842,1.97655,1.9768,1.00,3.30
2008.04.16 12:26:34.088,1.97655,1.9768,1.00,3.30
2008.04.16 12:26:34.333,1.97655,1.9768,1.00,3.30
2008.04.16 12:26:34.579,1.97655,1.9768,1.00,3.30
2008.04.16 12:26:34.824,1.97655,1.9768,1.00,3.30
2008.04.16 12:26:35.064,1.97655,1.9768,1.00,3.30
2008.04.16 12:26:35.296,1.97655,1.9768,1.00,3.30
2008.04.16 12:26:35.514,1.97655,1.9768,1.00,3.30
2008.04.16 12:26:35.733,1.97655,1.9768,1.00,3.30
2008.04.16 12:26:36.006,1.97655,1.9768,1.00,3.30
2008.04.16 12:26:36.283,1.97655,1.9768,1.00,3.30
2008.04.16 12:26:36.558,1.97655,1.9768,1.00,3.30
2008.04.16 12:26:36.833,1.97655,1.9768,1.00,3.30
2008.04.16 12:26:37.092,1.97655,1.9768,1.00,3.30
2008.04.16 12:26:37.352,1.97655,1.9768,1.00,3.30
2008.04.16 12:26:37.613,1.97655,1.9768,1.00,3.30
2008.04.16 12:26:37.872,1.97655,1.9768,1.00,3.30
2008.04.16 12:26:38.128,1.97655,1.9768,1.00,3.30
2008.04.16 12:26:38.383,1.97655,1.9768,1.00,3.30
2008.04.16 12:26:38.640,1.97655,1.97675,0.10,0.90
2008.04.16 12:26:38.895,1.97655,1.97675,0.10,0.90
2008.04.16 12:26:39.138,1.97655,1.97675,0.10,0.90
2008.04.16 12:26:39.409,1.97655,1.97675,0.10,0.90
2008.04.16 12:26:39.649,1.97655,1.97675,0.10,0.90
2008.04.16 12:26:39.888,1.97655,1.97675,0.10,0.90
2008.04.16 12:26:40.112,1.97655,1.97675,0.10,0.90
2008.04.16 12:26:40.347,1.97655,1.97675,0.10,0.90
2008.04.16 12:26:40.571,1.97655,1.97675,0.10,0.90
2008.04.16 12:26:40.797,1.97655,1.97675,0.10,0.90
2008.04.16 12:26:41.024,1.97655,1.9768,1.00,3.30
2008.04.16 12:26:41.279,1.97655,1.97675,1.00,1.60
2008.04.16 12:26:41.530,1.97655,1.97675,0.10,2.50
2008.04.16 12:26:43.768,1.97655,1.97675,0.10,2.50
2008.04.16 12:26:43.943,1.97655,1.97675,0.10,2.50
2008.04.16 12:26:44.034,1.97655,1.97675,0.10,2.50
2008.04.16 12:26:44.095,1.97655,1.97675,0.10,2.50
2008.04.16 12:26:44.158,1.97655,1.97675,0.10,2.50
2008.04.16 12:26:44.254,1.97655,1.97675,0.10,2.50
2008.04.16 12:26:44.314,1.97655,1.97675,0.10,2.50
2008.04.16 12:26:44.385,1.97655,1.97675,0.10,2.50
2008.04.16 12:26:44.477,1.97655,1.97675,0.10,2.50
2008.04.16 12:26:44.578,1.97655,1.97675,0.10,2.50
2008.04.16 12:26:44.606,1.97655,1.97675,0.10,2.50
2008.04.16 12:26:44.704,1.97655,1.97675,0.10,2.50
2008.04.16 12:26:44.796,1.97655,1.97675,0.10,2.50
2008.04.16 12:26:45.135,1.97655,1.97675,0.10,2.50
2008.04.16 12:26:45.472,1.97655,1.97675,0.10,2.50
2008.04.16 12:26:45.810,1.97655,1.97675,0.10,2.50
2008.04.16 12:26:46.041,1.97655,1.97675,0.10,2.50
2008.04.16 12:26:46.240,1.97655,1.97675,1.00,1.60
2008.04.16 12:26:46.451,1.97655,1.9768,1.00,3.30
2008.04.16 12:26:46.695,1.97655,1.97675,0.10,0.90
2008.04.16 12:26:46.917,1.97655,1.97675,0.10,0.90
2008.04.16 12:26:47.254,1.97655,1.97675,0.10,0.90
2008.04.16 12:26:47.590,1.97655,1.97675,0.10,0.90
2008.04.16 12:26:47.933,1.97655,1.97675,0.10,0.90
2008.04.16 12:26:48.146,1.97655,1.97675,0.10,0.90
2008.04.16 12:26:48.356,1.97655,1.97675,0.10,0.90
2008.04.16 12:26:48.588,1.97655,1.97675,0.10,0.90
2008.04.16 12:26:48.797,1.97655,1.97675,0.10,0.90
2008.04.16 12:26:49.007,1.97655,1.97675,0.10,0.90
2008.04.16 12:26:49.308,1.97655,1.97675,0.10,0.90
2008.04.16 12:26:49.607,1.97655,1.97675,0.10,0.90
2008.04.16 12:26:49.908,1.97655,1.97675,0.10,0.90
2008.04.16 12:26:50.087,1.97655,1.9768,1.00,3.30
2008.04.16 12:26:50.286,1.97655,1.9768,1.00,1.70
2008.04.16 12:26:50.502,1.97655,1.9768,1.00,1.70
2008.04.16 12:26:50.647,1.97655,1.97675,0.10,0.90
2008.04.16 12:26:50.828,1.97655,1.97675,0.10,0.90
2008.04.16 12:26:51.012,1.97655,1.97675,0.10,0.90
2008.04.16 12:26:51.342,1.97655,1.97675,0.10,0.90
2008.04.16 12:26:51.676,1.97655,1.97675,0.10,0.90
2008.04.16 12:26:52.004,1.97655,1.97675,0.10,0.90
2008.04.16 12:26:52.121,1.97655,1.97675,0.10,0.90
2008.04.16 12:26:52.210,1.97655,1.97665,0.10,0.90
2008.04.16 12:26:52.416,1.97655,1.97665,0.10,0.90
2008.04.16 12:26:52.625,1.97655,1.97665,0.10,0.90
2008.04.16 12:26:52.835,1.97655,1.97665,0.10,0.90
2008.04.16 12:26:53.084,1.97655,1.97665,0.10,0.90
2008.04.16 12:26:53.390,1.97655,1.97665,0.10,0.90
2008.04.16 12:26:53.698,1.97655,1.97665,0.10,0.90
2008.04.16 12:26:54.006,1.97655,1.97665,0.10,0.90
2008.04.16 12:26:54.223,1.97655,1.97665,0.10,0.90
2008.04.16 12:26:54.471,1.97655,1.97665,0.10,0.90
2008.04.16 12:26:54.719,1.97655,1.9767,1.00,1.00
2008.04.16 12:26:54.970,1.97655,1.9768,1.00,0.50
2008.04.16 12:26:55.220,1.97655,1.9768,1.00,0.50
2008.04.16 12:26:55.544,1.97655,1.9768,1.00,0.80
2008.04.16 12:26:55.867,1.97655,1.9768,1.00,0.70
2008.04.16 12:26:56.127,1.97655,1.9768,1.00,0.90
2008.04.16 12:26:56.320,1.97655,1.9768,1.00,0.90
2008.04.16 12:26:56.517,1.97655,1.97665,0.10,0.90
2008.04.16 12:26:56.742,1.97655,1.97665,0.10,0.90
2008.04.16 12:26:56.938,1.97645,1.97665,1.00,0.90
2008.04.16 12:26:57.145,1.97645,1.97655,0.10,0.90
2008.04.16 12:26:57.452,1.9764,1.97655,0.80,0.90
2008.04.16 12:26:57.771,1.97635,1.9764,3.20,0.90
2008.04.16 12:26:58.077,1.9764,1.97645,0.80,0.60
2008.04.16 12:26:58.320,1.9764,1.97645,0.80,1.20
2008.04.16 12:26:58.527,1.9764,1.97645,0.80,0.90
2008.04.16 12:26:58.730,1.9764,1.97645,0.80,0.90
2008.04.16 12:26:58.937,1.9764,1.97645,0.80,0.90
2008.04.16 12:26:59.144,1.9764,1.9765,0.80,1.20
2008.04.16 12:26:59.403,1.9764,1.9765,0.80,0.90
2008.04.16 12:26:59.665,1.9764,1.97655,3.10,0.60
2008.04.16 12:26:59.925,1.9764,1.97655,2.40,0.90
2008.04.16 12:27:00.187,1.97645,1.9766,0.10,1.00
2008.04.16 12:27:00.452,1.97645,1.97665,0.10,0.90
2008.04.16 12:27:00.745,1.97645,1.97665,0.10,0.90
2008.04.16 12:27:01.004,1.97645,1.97665,0.10,0.90
2008.04.16 12:27:01.264,1.97645,1.97665,0.10,0.90
2008.04.16 12:27:01.494,1.97645,1.9766,0.80,0.80
2008.04.16 12:27:01.750,1.97645,1.9766,0.80,0.80
2008.04.16 12:27:02.001,1.97645,1.9766,0.10,0.80
2008.04.16 12:27:02.222,1.97645,1.9766,0.10,0.80
2008.04.16 12:27:02.444,1.97645,1.9766,0.10,0.80
2008.04.16 12:27:02.662,1.97645,1.9766,0.10,0.80
2008.04.16 12:27:02.881,1.97645,1.9766,0.10,0.80
2008.04.16 12:27:03.102,1.97645,1.9766,0.10,0.80
2008.04.16 12:27:03.327,1.97645,1.9766,0.10,0.80
2008.04.16 12:27:03.635,1.97645,1.9766,0.10,0.80
2008.04.16 12:27:03.924,1.97645,1.9766,0.10,0.80
2008.04.16 12:27:04.209,1.97645,1.9766,0.10,0.80
2008.04.16 12:27:04.394,1.97645,1.9766,0.10,0.80
2008.04.16 12:27:04.643,1.97645,1.9766,0.10,0.80
2008.04.16 12:27:04.854,1.97645,1.9766,0.10,0.80
2008.04.16 12:27:05.069,1.97645,1.9766,0.10,0.80
2008.04.16 12:27:05.286,1.97645,1.9766,0.10,0.80
2008.04.16 12:27:05.507,1.97645,1.9766,0.10,0.80
2008.04.16 12:27:05.749,1.97645,1.9766,0.10,0.80
2008.04.16 12:27:05.967,1.97645,1.9766,0.10,0.80
2008.04.16 12:27:06.218,1.97645,1.9766,0.10,0.80
2008.04.16 12:27:06.478,1.97645,1.9766,0.10,0.80
2008.04.16 12:27:06.738,1.97645,1.9766,0.10,0.80
2008.04.16 12:27:06.997,1.97645,1.9766,0.10,0.80
2008.04.16 12:27:07.257,1.97645,1.9766,0.10,0.80
2008.04.16 12:27:07.517,1.97645,1.9766,0.10,0.80
2008.04.16 12:27:07.747,1.97645,1.9766,0.10,0.80
2008.04.16 12:27:07.977,1.97645,1.9766,0.10,0.80
2008.04.16 12:27:08.207,1.97645,1.9766,0.10,0.80
2008.04.16 12:27:08.437,1.97645,1.9766,0.10,0.80
2008.04.16 12:27:08.733,1.97645,1.9766,0.10,0.80
2008.04.16 12:27:09.030,1.97645,1.9766,0.10,0.80
2008.04.16 12:27:09.303,1.97645,1.9766,0.10,0.80
2008.04.16 12:27:09.567,1.97645,1.9766,0.10,0.80
2008.04.16 12:27:09.796,1.97645,1.9766,0.10,0.80
2008.04.16 12:27:10.025,1.97645,1.9766,0.10,0.80
2008.04.16 12:27:10.254,1.97645,1.9766,0.10,0.80
2008.04.16 12:27:10.484,1.97645,1.9766,0.10,0.80
2008.04.16 12:27:10.713,1.97645,1.9766,0.10,0.80
2008.04.16 12:27:10.942,1.97645,1.9766,0.10,0.80
2008.04.16 12:27:11.172,1.97645,1.9766,0.10,0.80
2008.04.16 12:27:11.401,1.97645,1.9766,0.10,0.80
2008.04.16 12:27:11.651,1.97645,1.9766,0.10,0.80
2008.04.16 12:27:11.900,1.97645,1.9766,0.10,0.80
2008.04.16 12:27:12.150,1.97645,1.9766,0.10,0.80
2008.04.16 12:27:12.399,1.97645,1.9766,0.10,0.80
2008.04.16 12:27:12.594,1.97645,1.9766,0.10,0.80
2008.04.16 12:27:12.789,1.97645,1.9766,0.10,0.80
2008.04.16 12:27:12.983,1.97645,1.9766,0.10,0.80
2008.04.16 12:27:13.177,1.97645,1.9766,0.10,0.80
2008.04.16 12:27:13.373,1.97645,1.9766,0.10,0.80
2008.04.16 12:27:13.617,1.97645,1.9766,0.10,0.80
2008.04.16 12:27:13.862,1.97645,1.9766,0.10,0.80
2008.04.16 12:27:14.107,1.97645,1.9766,0.10,0.80
2008.04.16 12:27:14.352,1.97645,1.9766,0.10,0.80
2008.04.16 12:27:14.596,1.97645,1.9766,0.10,0.80
2008.04.16 12:27:14.822,1.97645,1.9766,0.10,0.80
2008.04.16 12:27:15.077,1.97645,1.9766,0.10,0.80
2008.04.16 12:27:15.301,1.97645,1.9766,0.10,0.80
2008.04.16 12:27:15.560,1.97645,1.9766,0.10,0.80
2008.04.16 12:27:15.831,1.97645,1.9766,0.10,0.80
2008.04.16 12:27:16.066,1.97645,1.9766,0.10,0.80
2008.04.16 12:27:16.300,1.97645,1.9766,0.10,0.80
2008.04.16 12:27:16.535,1.97645,1.9766,0.10,0.80
2008.04.16 12:27:16.770,1.97645,1.9766,0.10,0.80
2008.04.16 12:27:17.005,1.97645,1.9766,0.10,0.80
2008.04.16 12:27:17.240,1.97645,1.9766,0.10,0.80
2008.04.16 12:27:17.475,1.97645,1.9766,0.10,0.80
2008.04.16 12:27:17.711,1.97645,1.9766,0.10,0.80
2008.04.16 12:27:17.932,1.97645,1.9766,0.10,0.80
2008.04.16 12:27:18.153,1.97645,1.9766,0.10,0.80
2008.04.16 12:27:18.403,1.97645,1.9766,0.10,0.80
2008.04.16 12:27:18.624,1.97645,1.9766,0.10,0.80
2008.04.16 12:27:18.838,1.97645,1.9766,0.10,0.80
2008.04.16 12:27:19.047,1.97645,1.9766,0.10,0.80
2008.04.16 12:27:19.258,1.97645,1.9766,0.10,0.80
2008.04.16 12:27:19.469,1.97645,1.9766,0.10,0.80
2008.04.16 12:27:19.707,1.97645,1.9766,0.10,0.80
2008.04.16 12:27:19.988,1.97645,1.9766,0.10,0.80
2008.04.16 12:27:20.269,1.97645,1.9766,0.10,0.80
2008.04.16 12:27:20.551,1.97645,1.9766,0.10,0.80
2008.04.16 12:27:20.853,1.97645,1.9766,0.10,0.80
2008.04.16 12:27:21.083,1.97645,1.9766,0.10,0.80
2008.04.16 12:27:21.268,1.97645,1.9766,0.10,0.80
2008.04.16 12:27:21.454,1.97645,1.9766,0.10,0.80
2008.04.16 12:27:21.639,1.97645,1.9766,0.10,0.80
2008.04.16 12:27:21.939,1.97645,1.9766,0.10,0.80
2008.04.16 12:27:22.241,1.97645,1.9766,0.10,0.80
2008.04.16 12:27:22.542,1.97645,1.9766,0.10,0.80
2008.04.16 12:27:22.843,1.97645,1.9766,0.10,0.80
2008.04.16 12:27:23.083,1.9765,1.9766,0.40,0.80
2008.04.16 12:27:23.324,1.9765,1.9766,0.40,0.80
2008.04.16 12:27:23.563,1.9765,1.9766,0.40,0.80
2008.04.16 12:27:23.804,1.9765,1.9766,0.40,0.80
2008.04.16 12:27:24.039,1.9765,1.9766,0.40,0.80
2008.04.16 12:27:24.306,1.9765,1.9766,0.40,0.80
2008.04.16 12:27:24.543,1.9765,1.9766,0.40,0.80
2008.04.16 12:27:24.778,1.9765,1.9766,0.40,0.80
2008.04.16 12:27:25.012,1.9765,1.9766,0.40,0.80
2008.04.16 12:27:25.269,1.97645,1.9766,0.10,0.80
2008.04.16 12:27:25.496,1.97645,1.9766,0.10,0.80
2008.04.16 12:27:25.721,1.97645,1.9766,0.10,0.80
2008.04.16 12:27:25.948,1.97645,1.9766,0.10,0.80
2008.04.16 12:27:26.180,1.97645,1.9766,0.10,0.80
2008.04.16 12:27:26.440,1.97645,1.9766,0.10,0.80
2008.04.16 12:27:26.674,1.97645,1.9766,0.10,0.80
2008.04.16 12:27:26.937,1.97645,1.9766,0.10,0.80
2008.04.16 12:27:27.225,1.97645,1.9766,0.10,0.80
2008.04.16 12:27:27.514,1.97645,1.9766,0.10,0.80
2008.04.16 12:27:27.802,1.97645,1.9766,0.10,0.80
2008.04.16 12:27:28.024,1.97645,1.9766,0.10,0.80
2008.04.16 12:27:28.261,1.97645,1.9766,0.10,0.80
2008.04.16 12:27:28.496,1.97645,1.9766,0.10,0.80
2008.04.16 12:27:28.732,1.97645,1.9766,0.10,0.80
2008.04.16 12:27:28.968,1.97645,1.9766,0.10,0.80
2008.04.16 12:27:29.204,1.97645,1.9766,0.10,0.80
2008.04.16 12:27:29.441,1.97645,1.9766,0.10,0.80
2008.04.16 12:27:29.616,1.97645,1.9766,0.10,0.80
2008.04.16 12:27:29.821,1.97645,1.9766,0.10,0.80
2008.04.16 12:27:30.029,1.97645,1.9766,0.10,0.80
2008.04.16 12:27:30.233,1.97645,1.9766,0.10,0.80
2008.04.16 12:27:30.505,1.97645,1.9766,0.10,0.80
2008.04.16 12:27:30.775,1.97645,1.9766,0.10,0.80
2008.04.16 12:27:31.045,1.97645,1.9766,0.10,0.80
2008.04.16 12:27:31.314,1.97645,1.9766,0.10,0.80
2008.04.16 12:27:31.560,1.97645,1.9766,0.10,0.80
2008.04.16 12:27:31.776,1.97645,1.9766,0.10,0.80
2008.04.16 12:27:31.992,1.97645,1.9766,0.10,0.80
2008.04.16 12:27:32.207,1.97645,1.9766,0.10,0.80
2008.04.16 12:27:32.450,1.97645,1.9766,0.10,0.80
2008.04.16 12:27:32.695,1.97645,1.9766,0.10,0.80
2008.04.16 12:27:32.872,1.97645,1.9766,0.10,0.80
2008.04.16 12:27:33.082,1.97645,1.9766,0.10,0.80
2008.04.16 12:27:33.318,1.97645,1.9766,0.10,0.80
2008.04.16 12:27:33.554,1.97645,1.9766,0.10,0.80
2008.04.16 12:27:33.788,1.97645,1.9766,0.10,0.80
2008.04.16 12:27:34.024,1.97645,1.9766,0.10,0.80
2008.04.16 12:27:34.259,1.97645,1.9766,0.10,0.80
2008.04.16 12:27:34.475,1.97645,1.9766,0.10,0.80
2008.04.16 12:27:34.692,1.97645,1.9766,0.10,0.80
2008.04.16 12:27:34.907,1.97645,1.9766,0.10,0.80
2008.04.16 12:27:35.142,1.97645,1.9766,0.10,0.80
2008.04.16 12:27:35.357,1.97645,1.9766,0.10,0.80
2008.04.16 12:27:35.572,1.97645,1.9766,0.10,0.80
2008.04.16 12:27:35.820,1.97645,1.9766,0.10,0.80
2008.04.16 12:27:36.037,1.97645,1.9766,0.10,0.80
2008.04.16 12:27:36.252,1.97645,1.9766,0.10,0.80
2008.04.16 12:27:36.469,1.97645,1.9766,0.10,0.80
2008.04.16 12:27:36.684,1.97645,1.9766,0.10,0.80
2008.04.16 12:27:36.902,1.97645,1.9766,0.10,0.80
2008.04.16 12:27:37.119,1.97645,1.9766,0.10,0.80
2008.04.16 12:27:37.334,1.97645,1.9766,0.10,0.80
2008.04.16 12:27:37.653,1.9765,1.9766,0.20,0.80
2008.04.16 12:27:37.950,1.9765,1.9766,0.20,0.80
2008.04.16 12:27:38.245,1.9765,1.9766,0.20,0.80
2008.04.16 12:27:38.460,1.9765,1.9766,0.20,0.80
2008.04.16 12:27:38.641,1.9765,1.9766,0.20,0.80
2008.04.16 12:27:38.823,1.9765,1.9766,0.20,0.80
2008.04.16 12:27:39.004,1.9765,1.9766,0.20,0.80
2008.04.16 12:27:39.217,1.9765,1.9766,0.20,0.80
2008.04.16 12:27:39.485,1.9765,1.9766,0.20,0.80
2008.04.16 12:27:39.782,1.9765,1.9766,0.20,0.80
2008.04.16 12:27:39.955,1.9765,1.9766,0.20,0.80
2008.04.16 12:27:40.190,1.9765,1.9766,0.20,0.80
2008.04.16 12:27:40.425,1.9765,1.9766,0.20,0.80
2008.04.16 12:27:40.669,1.9765,1.9766,0.20,0.80
2008.04.16 12:27:40.915,1.9765,1.9766,0.20,0.80
2008.04.16 12:27:41.160,1.9765,1.9766,0.20,0.80
2008.04.16 12:27:41.406,1.97645,1.9766,0.10,0.80
2008.04.16 12:27:41.681,1.97645,1.9766,0.10,0.80
2008.04.16 12:27:41.961,1.97645,1.9766,0.10,0.80
2008.04.16 12:27:42.237,1.97645,1.9766,0.10,0.80
2008.04.16 12:27:42.513,1.97645,1.9766,0.10,0.80
2008.04.16 12:27:42.773,1.97645,1.9766,0.10,0.80
2008.04.16 12:27:43.054,1.97645,1.9766,0.10,0.80
2008.04.16 12:27:43.340,1.97645,1.9766,0.10,0.80
2008.04.16 12:27:43.613,1.97645,1.9766,0.10,0.80
2008.04.16 12:27:43.854,1.97645,1.9766,0.10,0.80
2008.04.16 12:27:44.094,1.97645,1.9766,0.10,0.80
2008.04.16 12:27:44.334,1.97645,1.9766,0.10,0.80
2008.04.16 12:27:44.573,1.97645,1.9766,0.10,0.80
2008.04.16 12:27:44.799,1.97645,1.9766,0.10,0.80
2008.04.16 12:27:45.025,1.97645,1.9766,0.10,0.80
2008.04.16 12:27:45.251,1.97645,1.9766,0.10,0.80
2008.04.16 12:27:45.476,1.97645,1.9766,0.10,0.80
2008.04.16 12:27:45.666,1.97645,1.9766,0.10,0.80
2008.04.16 12:27:45.856,1.97645,1.9766,0.10,0.80
2008.04.16 12:27:46.047,1.97645,1.9766,0.10,0.80
2008.04.16 12:27:46.236,1.97645,1.9766,0.10,0.80
2008.04.16 12:27:46.454,1.97645,1.9766,0.10,0.80
2008.04.16 12:27:46.684,1.97645,1.9766,0.10,0.80
2008.04.16 12:27:46.916,1.97645,1.9766,0.10,0.80
2008.04.16 12:27:47.145,1.97645,1.9766,0.10,0.80
2008.04.16 12:27:47.409,1.97645,1.9766,0.10,0.80
2008.04.16 12:27:47.628,1.97645,1.9766,0.10,0.80
2008.04.16 12:27:47.848,1.97645,1.9766,0.10,0.80
2008.04.16 12:27:48.068,1.97645,1.9766,0.10,0.80
2008.04.16 12:27:48.302,1.97645,1.9766,0.10,0.80
2008.04.16 12:27:48.522,1.97645,1.9766,0.10,0.80
2008.04.16 12:27:48.747,1.97645,1.9766,0.10,0.80
2008.04.16 12:27:48.972,1.97645,1.9766,0.10,0.80
2008.04.16 12:27:49.229,1.97645,1.9766,0.10,0.80
2008.04.16 12:27:49.422,1.97645,1.9766,0.10,0.80
2008.04.16 12:27:49.631,1.97645,1.9766,0.10,0.80
2008.04.16 12:27:49.871,1.97645,1.9766,0.10,0.80
2008.04.16 12:27:50.116,1.97645,1.9766,0.10,0.80
2008.04.16 12:27:50.358,1.97645,1.9766,0.10,0.80
2008.04.16 12:27:50.536,1.97645,1.9766,0.10,0.80
2008.04.16 12:27:50.811,1.97645,1.9766,0.10,0.80
2008.04.16 12:27:51.086,1.97645,1.9766,0.10,0.80
2008.04.16 12:27:51.361,1.97645,1.9766,0.10,0.80
2008.04.16 12:27:51.644,1.97645,1.9766,0.10,0.80
2008.04.16 12:27:51.845,1.97645,1.9766,0.10,0.80
2008.04.16 12:27:52.047,1.97645,1.9766,0.10,0.80
2008.04.16 12:27:52.247,1.97645,1.9766,0.10,0.80
2008.04.16 12:27:52.449,1.97645,1.9766,0.10,0.80
2008.04.16 12:27:52.671,1.97645,1.9766,0.10,0.80
2008.04.16 12:27:52.894,1.97645,1.9766,0.10,0.80
2008.04.16 12:27:53.116,1.97645,1.9766,0.10,0.80
2008.04.16 12:27:53.337,1.97645,1.9766,0.10,0.80
2008.04.16 12:27:53.556,1.97645,1.9766,0.10,0.80
2008.04.16 12:27:53.830,1.9766,1.97665,0.20,1.00
2008.04.16 12:27:54.066,1.9766,1.97665,0.20,1.00
2008.04.16 12:27:54.302,1.9766,1.97665,0.20,1.00
2008.04.16 12:27:54.569,1.9766,1.97665,0.20,1.00
2008.04.16 12:27:54.802,1.9766,1.97665,0.20,1.00
2008.04.16 12:27:55.032,1.97655,1.97665,0.10,1.00
2008.04.16 12:27:55.263,1.97655,1.97665,0.10,1.00
2008.04.16 12:27:55.523,1.97655,1.97665,0.10,1.00
2008.04.16 12:27:55.734,1.97655,1.97665,0.10,1.00
2008.04.16 12:27:55.945,1.97655,1.97665,0.10,1.00
2008.04.16 12:27:56.156,1.97655,1.97665,0.10,1.00
2008.04.16 12:27:56.370,1.97655,1.97665,0.10,1.00
2008.04.16 12:27:56.582,1.97655,1.97665,0.10,1.00
2008.04.16 12:27:56.825,1.97655,1.97665,0.10,1.00
2008.04.16 12:27:57.066,1.97655,1.97665,0.10,1.00
2008.04.16 12:27:57.332,1.97655,1.97665,0.10,1.00
2008.04.16 12:27:57.607,1.97655,1.97665,0.10,1.00
2008.04.16 12:27:57.808,1.97655,1.97665,0.10,1.00
2008.04.16 12:27:58.010,1.97655,1.97665,0.10,1.00
2008.04.16 12:27:58.220,1.97655,1.97665,0.10,1.00
2008.04.16 12:27:58.422,1.97655,1.97665,0.10,1.00
2008.04.16 12:27:58.624,1.97655,1.97665,0.10,1.00
2008.04.16 12:27:58.874,1.97655,1.97665,0.10,1.00
2008.04.16 12:27:59.124,1.97655,1.97665,0.10,1.00
2008.04.16 12:27:59.376,1.97655,1.97665,0.10,1.00
2008.04.16 12:27:59.641,1.97655,1.97665,0.10,1.00
2008.04.16 12:27:59.863,1.97655,1.97665,0.10,1.00
2008.04.16 12:28:00.084,1.97655,1.97665,0.10,1.00
2008.04.16 12:28:00.305,1.97655,1.97665,0.10,1.00
2008.04.16 12:28:00.526,1.97655,1.97665,0.10,1.00
2008.04.16 12:28:00.746,1.97655,1.97665,0.10,1.00
2008.04.16 12:28:00.998,1.97665,1.97675,0.10,0.40
2008.04.16 12:28:01.286,1.97665,1.97675,0.10,0.40
2008.04.16 12:28:01.571,1.97655,1.97675,0.10,1.10
2008.04.16 12:28:01.853,1.97655,1.97675,0.10,1.10
2008.04.16 12:28:02.089,1.97655,1.97675,0.10,1.10
2008.04.16 12:28:02.325,1.97655,1.97675,0.10,5.10
2008.04.16 12:28:02.562,1.97655,1.97675,0.10,5.10
2008.04.16 12:28:02.818,1.97655,1.97675,0.10,5.10
2008.04.16 12:28:03.088,1.97655,1.97675,0.10,5.10
2008.04.16 12:28:03.336,1.97655,1.97675,0.10,5.10
2008.04.16 12:28:03.575,1.97655,1.97675,0.10,5.10
2008.04.16 12:28:03.816,1.97655,1.97675,0.10,1.10
2008.04.16 12:28:04.078,1.97655,1.97675,0.10,0.40
2008.04.16 12:28:04.339,1.97655,1.97675,0.10,0.40
2008.04.16 12:28:04.603,1.97655,1.97675,0.10,0.40
2008.04.16 12:28:04.891,1.97655,1.97675,0.10,0.40
2008.04.16 12:28:05.151,1.97655,1.97675,0.10,0.40
2008.04.16 12:28:05.377,1.97655,1.97675,0.10,0.40
2008.04.16 12:28:05.603,1.97655,1.97675,0.10,0.40
2008.04.16 12:28:05.828,1.97655,1.97675,0.10,0.40
2008.04.16 12:28:06.054,1.97655,1.97675,0.10,0.40
2008.04.16 12:28:06.323,1.97655,1.97675,0.10,0.40
2008.04.16 12:28:06.594,1.97655,1.97675,0.10,0.40
2008.04.16 12:28:06.888,1.97655,1.97675,0.10,0.40
2008.04.16 12:28:07.140,1.97655,1.97675,0.10,0.40
2008.04.16 12:28:07.392,1.97655,1.97675,0.10,0.40
2008.04.16 12:28:07.582,1.97655,1.97675,0.10,0.40
2008.04.16 12:28:07.802,1.97655,1.97675,0.10,0.40
2008.04.16 12:28:08.023,1.97655,1.97675,0.10,0.40
2008.04.16 12:28:08.297,1.97655,1.97675,0.10,0.40
2008.04.16 12:28:08.573,1.97655,1.97675,0.10,0.40
2008.04.16 12:28:08.848,1.97655,1.97675,0.10,0.40
2008.04.16 12:28:09.122,1.97655,1.97675,0.10,0.40
2008.04.16 12:28:09.408,1.97655,1.97675,0.10,0.40
2008.04.16 12:28:09.695,1.97655,1.97675,0.10,0.40
2008.04.16 12:28:09.981,1.97655,1.97675,0.10,0.40
2008.04.16 12:28:10.233,1.97655,1.97675,0.10,0.40
2008.04.16 12:28:10.502,1.97655,1.97675,0.10,0.40
2008.04.16 12:28:10.776,1.97655,1.97675,0.10,0.40
2008.04.16 12:28:11.039,1.97655,1.97675,0.10,0.40
2008.04.16 12:28:11.305,1.97655,1.97675,0.10,0.40
2008.04.16 12:28:11.571,1.97655,1.97675,0.10,0.40
2008.04.16 12:28:11.837,1.97655,1.97675,0.10,0.40
2008.04.16 12:28:12.103,1.97655,1.97675,0.10,0.40
2008.04.16 12:28:12.369,1.97655,1.97675,0.10,0.40
2008.04.16 12:28:12.646,1.97655,1.97675,0.10,0.40
2008.04.16 12:28:12.947,1.97655,1.97675,0.10,0.40
2008.04.16 12:28:13.251,1.97655,1.97675,0.10,0.40
2008.04.16 12:28:13.438,1.97655,1.97675,0.10,0.40
2008.04.16 12:28:13.660,1.97655,1.97675,0.10,0.40
2008.04.16 12:28:13.895,1.97655,1.97675,0.10,0.40
2008.04.16 12:28:14.124,1.97655,1.97675,0.10,0.40
2008.04.16 12:28:14.376,1.97655,1.97675,0.10,0.40
2008.04.16 12:28:14.636,1.97655,1.97675,0.10,0.40
2008.04.16 12:28:14.884,1.97655,1.97675,0.10,0.40
2008.04.16 12:28:15.133,1.97655,1.97675,0.10,0.40
2008.04.16 12:28:15.401,1.97655,1.97675,0.10,0.40
2008.04.16 12:28:15.667,1.97655,1.97675,0.10,0.40
2008.04.16 12:28:15.962,1.97655,1.97675,0.10,0.40
2008.04.16 12:28:16.263,1.97655,1.97675,0.10,0.40
2008.04.16 12:28:16.563,1.97655,1.97675,0.10,0.40
2008.04.16 12:28:16.817,1.97655,1.97675,0.10,0.40
2008.04.16 12:28:17.107,1.97655,1.97675,0.10,0.40
2008.04.16 12:28:17.362,1.97655,1.97675,0.10,0.40
2008.04.16 12:28:17.612,1.97655,1.97675,0.10,0.40
2008.04.16 12:28:17.835,1.97655,1.97675,0.10,0.40
2008.04.16 12:28:18.056,1.97655,1.97675,0.10,0.40
2008.04.16 12:28:18.276,1.97655,1.97675,0.10,0.40
2008.04.16 12:28:18.547,1.97655,1.97675,0.10,0.40
2008.04.16 12:28:18.817,1.97655,1.97675,0.10,0.40
2008.04.16 12:28:19.093,1.97655,1.97675,0.10,0.40
2008.04.16 12:28:19.402,1.97655,1.97675,0.10,0.40
2008.04.16 12:28:19.575,1.97655,1.97675,0.10,0.40
2008.04.16 12:28:19.786,1.97655,1.97675,0.10,0.40
2008.04.16 12:28:20.031,1.97655,1.97675,0.10,0.40
2008.04.16 12:28:20.242,1.97655,1.97675,0.10,1.10
2008.04.16 12:28:20.543,1.97655,1.97675,0.10,1.10
2008.04.16 12:28:20.844,1.97655,1.97675,0.10,1.10
2008.04.16 12:28:21.144,1.97655,1.97675,0.10,1.10
2008.04.16 12:28:21.445,1.97655,1.97675,0.10,1.10
2008.04.16 12:28:21.685,1.97655,1.97675,0.10,1.10
2008.04.16 12:28:21.926,1.97655,1.97675,0.10,1.10
2008.04.16 12:28:22.166,1.97655,1.97675,0.10,5.10
2008.04.16 12:28:22.407,1.97655,1.97675,0.10,0.40
2008.04.16 12:28:22.677,1.97655,1.97675,0.10,0.40
2008.04.16 12:28:22.947,1.97655,1.97675,0.10,0.40
2008.04.16 12:28:23.217,1.97655,1.97675,0.10,0.40
2008.04.16 12:28:23.488,1.97655,1.97675,0.10,0.40
2008.04.16 12:28:23.743,1.9765,1.97675,6.60,0.40
2008.04.16 12:28:23.998,1.9765,1.97675,6.60,0.40
2008.04.16 12:28:24.253,1.9765,1.97675,6.60,0.40
2008.04.16 12:28:24.507,1.9765,1.97675,6.60,0.40
2008.04.16 12:28:24.769,1.9765,1.97675,6.60,0.40
2008.04.16 12:28:25.030,1.9765,1.97675,6.60,0.40
2008.04.16 12:28:25.291,1.9765,1.97675,6.60,0.40
2008.04.16 12:28:25.554,1.9765,1.97675,6.50,0.40
2008.04.16 12:28:25.815,1.9765,1.97675,6.50,0.40
2008.04.16 12:28:26.077,1.9765,1.97675,6.50,0.40
2008.04.16 12:28:26.336,1.9765,1.97675,6.50,0.40
2008.04.16 12:28:26.629,1.9765,1.97675,6.50,0.40
2008.04.16 12:28:26.904,1.9765,1.97675,6.50,0.40
2008.04.16 12:28:27.164,1.9765,1.97675,6.50,0.40
2008.04.16 12:28:27.468,1.9765,1.97675,6.50,0.40
2008.04.16 12:28:27.698,1.9765,1.97675,6.50,0.40
2008.04.16 12:28:27.928,1.9765,1.97675,6.50,0.40
2008.04.16 12:28:28.157,1.9765,1.97675,6.50,0.40
2008.04.16 12:28:28.420,1.9765,1.97675,6.50,0.40
2008.04.16 12:28:28.617,1.9765,1.97675,6.50,0.40
2008.04.16 12:28:28.847,1.9765,1.97675,6.50,0.40
2008.04.16 12:28:29.078,1.9765,1.97675,6.50,0.40
2008.04.16 12:28:29.308,1.9765,1.97675,6.50,0.40
2008.04.16 12:28:29.538,1.9765,1.97675,6.50,0.40
2008.04.16 12:28:29.754,1.9765,1.97675,6.50,0.40
2008.04.16 12:28:29.969,1.9765,1.97675,6.40,1.10
2008.04.16 12:28:30.186,1.9765,1.97675,6.40,1.10
2008.04.16 12:28:30.401,1.9765,1.97675,6.40,0.80
2008.04.16 12:28:30.616,1.9765,1.97675,6.40,0.80
2008.04.16 12:28:30.887,1.9765,1.97675,4.00,0.80
2008.04.16 12:28:31.157,1.9765,1.97675,4.00,0.80
2008.04.16 12:28:31.459,1.9765,1.9768,4.10,5.60
2008.04.16 12:28:31.730,1.97655,1.9768,1.60,5.60
2008.04.16 12:28:32.010,1.97655,1.9768,2.50,6.50
2008.04.16 12:28:32.283,1.97655,1.9768,2.50,6.50
2008.04.16 12:28:32.558,1.97655,1.9768,2.50,6.50
2008.04.16 12:28:32.804,1.97655,1.9768,2.50,6.50
2008.04.16 12:28:33.029,1.97655,1.9768,2.50,6.50
2008.04.16 12:28:33.255,1.97655,1.97675,1.60,0.90
2008.04.16 12:28:33.480,1.9765,1.97675,5.10,1.70
2008.04.16 12:28:33.716,1.9765,1.97675,5.40,1.70
2008.04.16 12:28:33.986,1.97655,1.9768,2.50,6.50
2008.04.16 12:28:34.255,1.97655,1.9768,2.50,6.50
2008.04.16 12:28:34.495,1.97655,1.9768,2.50,6.50
2008.04.16 12:28:34.735,1.97655,1.9768,2.50,6.50
2008.04.16 12:28:34.970,1.97655,1.9768,2.50,6.50
2008.04.16 12:28:35.206,1.97655,1.9768,2.50,6.50
2008.04.16 12:28:35.440,1.97655,1.9768,2.50,6.50
2008.04.16 12:28:35.675,1.97655,1.9768,2.50,6.50
2008.04.16 12:28:35.920,1.97655,1.9768,2.50,6.50
2008.04.16 12:28:36.097,1.97655,1.9768,2.50,6.50
2008.04.16 12:28:36.307,1.97655,1.9768,2.50,6.50
2008.04.16 12:28:36.516,1.97655,1.9768,2.50,6.50
2008.04.16 12:28:36.725,1.97655,1.9768,2.50,6.50
2008.04.16 12:28:37.021,1.97655,1.9768,2.50,6.50
2008.04.16 12:28:37.291,1.97655,1.9768,2.50,6.50
2008.04.16 12:28:37.560,1.97655,1.9768,2.50,6.50
2008.04.16 12:28:37.828,1.97655,1.9768,2.50,6.50
2008.04.16 12:28:38.038,1.97655,1.9768,2.50,6.50
2008.04.16 12:28:38.246,1.97655,1.9768,2.50,6.50
2008.04.16 12:28:38.456,1.97655,1.9768,2.50,6.50
2008.04.16 12:28:38.666,1.97655,1.9768,2.50,6.50
2008.04.16 12:28:38.875,1.97655,1.9768,2.50,6.50
2008.04.16 12:28:39.105,1.97655,1.9768,2.50,6.50
2008.04.16 12:28:39.335,1.97655,1.9768,2.50,6.50
2008.04.16 12:28:39.564,1.97655,1.9768,2.50,6.50
2008.04.16 12:28:39.794,1.9766,1.9768,0.90,1.60
2008.04.16 12:28:40.050,1.9766,1.9768,0.90,1.60
2008.04.16 12:28:40.338,1.9766,1.9768,0.90,0.80
2008.04.16 12:28:40.561,1.9766,1.97685,1.70,5.70
2008.04.16 12:28:40.816,1.9766,1.97685,1.70,5.70
2008.04.16 12:28:41.041,1.9766,1.97685,1.70,5.70
2008.04.16 12:28:41.284,1.9766,1.97685,1.70,5.70
2008.04.16 12:28:41.541,1.9766,1.97685,1.70,5.70
2008.04.16 12:28:41.798,1.9766,1.97685,1.70,5.70
2008.04.16 12:28:42.054,1.9766,1.97685,1.70,5.70
2008.04.16 12:28:42.309,1.9766,1.97685,1.70,5.70
2008.04.16 12:28:42.563,1.9766,1.97685,1.70,5.70
2008.04.16 12:28:42.818,1.9766,1.97685,1.70,5.70
2008.04.16 12:28:43.052,1.9766,1.97685,1.70,5.70
2008.04.16 12:28:43.302,1.9766,1.97685,1.70,5.70
2008.04.16 12:28:43.537,1.9766,1.97685,1.70,5.70
2008.04.16 12:28:43.773,1.9766,1.97685,1.70,5.70
2008.04.16 12:28:44.008,1.9766,1.97685,1.70,5.70
2008.04.16 12:28:44.348,1.9767,1.97685,0.90,0.80
2008.04.16 12:28:44.687,1.9767,1.97695,1.70,7.30
2008.04.16 12:28:44.999,1.9768,1.977,0.90,5.60
2008.04.16 12:28:45.190,1.9768,1.977,0.90,5.60
2008.04.16 12:28:45.412,1.9768,1.977,0.90,5.60
2008.04.16 12:28:45.602,1.9768,1.977,0.90,5.60
2008.04.16 12:28:45.792,1.9768,1.977,0.90,5.60
2008.04.16 12:28:45.981,1.9768,1.977,0.90,5.60
2008.04.16 12:28:46.275,1.9768,1.977,0.90,0.80
2008.04.16 12:28:46.565,1.9768,1.977,0.90,0.80
2008.04.16 12:28:46.855,1.9768,1.977,0.90,0.80
2008.04.16 12:28:47.063,1.9768,1.977,0.90,0.80
2008.04.16 12:28:47.267,1.9768,1.977,0.90,0.80
2008.04.16 12:28:47.480,1.9768,1.977,0.90,0.80
2008.04.16 12:28:47.711,1.9768,1.977,0.90,0.80
2008.04.16 12:28:47.915,1.9768,1.977,0.90,0.80
2008.04.16 12:28:48.145,1.9768,1.977,0.90,0.80
2008.04.16 12:28:48.376,1.97675,1.977,2.50,1.70
2008.04.16 12:28:48.607,1.97675,1.977,2.50,1.70
2008.04.16 12:28:48.837,1.97675,1.977,2.50,1.70
2008.04.16 12:28:49.067,1.97675,1.977,2.50,1.70
2008.04.16 12:28:49.301,1.97675,1.977,2.50,1.70
2008.04.16 12:28:49.507,1.97675,1.977,2.50,1.70
2008.04.16 12:28:49.714,1.97675,1.977,2.50,1.70
2008.04.16 12:28:49.918,1.97675,1.977,2.50,1.70
2008.04.16 12:28:50.123,1.97675,1.977,2.50,1.70
2008.04.16 12:28:50.367,1.97675,1.977,2.50,1.70
2008.04.16 12:28:50.612,1.97675,1.977,2.50,1.70
2008.04.16 12:28:50.855,1.97675,1.977,2.50,1.70
2008.04.16 12:28:51.100,1.97675,1.977,2.50,1.70
2008.04.16 12:28:51.300,1.97675,1.977,2.50,1.70
2008.04.16 12:28:51.500,1.97675,1.977,2.50,1.70
2008.04.16 12:28:51.698,1.97675,1.977,2.50,1.70
2008.04.16 12:28:51.933,1.97675,1.977,2.50,1.70
2008.04.16 12:28:52.098,1.97675,1.977,2.50,1.70
2008.04.16 12:28:52.354,1.97675,1.977,2.50,1.70
2008.04.16 12:28:52.631,1.97675,1.977,2.50,1.70
2008.04.16 12:28:52.886,1.97675,1.977,2.50,1.70
2008.04.16 12:28:53.139,1.97675,1.977,2.50,1.70
2008.04.16 12:28:54.578,1.97675,1.977,2.50,1.70
2008.04.16 12:28:54.808,1.9768,1.977,0.90,0.80
2008.04.16 12:28:54.872,1.9768,1.97705,1.70,3.30
2008.04.16 12:28:54.911,1.9768,1.97705,1.70,3.30
2008.04.16 12:28:54.969,1.9768,1.97705,1.70,0.90
2008.04.16 12:28:55.010,1.9768,1.97705,1.70,0.90
2008.04.16 12:28:55.056,1.9768,1.97705,1.70,0.90
2008.04.16 12:28:55.095,1.9768,1.97705,1.70,0.90
2008.04.16 12:28:55.154,1.9768,1.97705,1.70,0.90
2008.04.16 12:28:55.228,1.9768,1.97705,1.70,0.90
2008.04.16 12:28:55.271,1.9768,1.97705,1.70,0.90
2008.04.16 12:28:55.336,1.9768,1.97705,1.70,0.90
2008.04.16 12:28:55.406,1.9768,1.97705,1.70,0.90
2008.04.16 12:28:55.445,1.9768,1.97705,1.70,0.90
2008.04.16 12:28:55.505,1.9768,1.97705,1.70,0.90
2008.04.16 12:28:55.549,1.9768,1.97705,1.70,0.90
2008.04.16 12:28:55.600,1.9768,1.97705,1.70,0.90
2008.04.16 12:28:55.937,1.9768,1.97705,1.70,0.90
2008.04.16 12:28:56.273,1.9768,1.97705,1.70,0.90
2008.04.16 12:28:56.608,1.9768,1.97705,1.70,0.90
2008.04.16 12:28:56.763,1.9768,1.97705,1.70,0.90
2008.04.16 12:28:56.918,1.9768,1.97705,1.70,0.90
2008.04.16 12:28:57.077,1.9768,1.97705,1.70,0.90
2008.04.16 12:28:57.273,1.9768,1.97705,1.70,0.90
2008.04.16 12:28:57.427,1.9768,1.97705,1.70,0.90
2008.04.16 12:28:57.585,1.9768,1.97705,1.70,0.90
2008.04.16 12:28:57.769,1.9768,1.97705,1.70,0.90
2008.04.16 12:28:58.095,1.9768,1.97705,1.70,0.90
2008.04.16 12:28:58.418,1.9768,1.97705,1.70,0.90
2008.04.16 12:28:58.743,1.9768,1.97705,1.70,0.90
2008.04.16 12:28:58.922,1.9768,1.97705,1.70,0.90
2008.04.16 12:28:59.100,1.9768,1.97705,1.70,0.90
2008.04.16 12:28:59.280,1.9768,1.97705,1.70,0.90
2008.04.16 12:28:59.461,1.9768,1.97705,1.70,0.90
2008.04.16 12:28:59.640,1.9768,1.97705,1.70,0.90
2008.04.16 12:28:59.934,1.9768,1.97705,1.70,0.90
2008.04.16 12:29:00.228,1.9768,1.97705,1.70,0.90
2008.04.16 12:29:00.522,1.9768,1.97705,1.70,0.90
2008.04.16 12:29:00.816,1.9768,1.97705,1.70,0.90
2008.04.16 12:29:01.075,1.9768,1.97705,1.70,0.90
2008.04.16 12:29:01.309,1.9768,1.97705,1.70,0.90
2008.04.16 12:29:01.542,1.9768,1.97705,1.70,0.90
2008.04.16 12:29:01.777,1.9768,1.97705,1.70,0.90
2008.04.16 12:29:02.005,1.9768,1.97705,1.70,0.90
2008.04.16 12:29:02.234,1.9768,1.97705,1.70,0.90
2008.04.16 12:29:02.464,1.9768,1.97705,1.70,0.90
2008.04.16 12:29:02.693,1.9768,1.97705,1.70,0.90
2008.04.16 12:29:02.923,1.9769,1.9771,0.90,2.40
2008.04.16 12:29:03.139,1.9769,1.97715,1.70,2.50
2008.04.16 12:29:03.384,1.97695,1.97715,0.90,1.60
2008.04.16 12:29:03.599,1.97695,1.9772,0.90,3.30
2008.04.16 12:29:03.814,1.97695,1.9772,2.50,3.30
2008.04.16 12:29:04.076,1.97695,1.9772,2.50,1.70
2008.04.16 12:29:04.370,1.97695,1.9772,2.50,1.70
2008.04.16 12:29:04.626,1.97695,1.9772,2.50,1.70
2008.04.16 12:29:04.888,1.97695,1.9772,2.50,0.90
2008.04.16 12:29:05.123,1.97695,1.9772,2.50,0.90
2008.04.16 12:29:05.359,1.97695,1.9772,2.50,0.90
2008.04.16 12:29:05.593,1.97695,1.9772,2.50,0.90
2008.04.16 12:29:05.859,1.97695,1.9772,2.50,0.90
2008.04.16 12:29:06.058,1.97695,1.9772,2.50,0.90
2008.04.16 12:29:06.286,1.97695,1.9772,2.50,0.90
2008.04.16 12:29:06.515,1.97695,1.9772,2.50,0.90
2008.04.16 12:29:06.744,1.97695,1.9772,2.50,0.90
2008.04.16 12:29:06.978,1.97695,1.9772,2.50,0.90
2008.04.16 12:29:07.206,1.97695,1.9772,2.50,0.90
2008.04.16 12:29:07.435,1.97695,1.9772,2.50,0.90
2008.04.16 12:29:07.666,1.97695,1.9772,2.50,0.90
2008.04.16 12:29:07.895,1.97695,1.9772,2.50,0.90
2008.04.16 12:29:08.159,1.97695,1.9772,2.50,0.90
2008.04.16 12:29:08.437,1.97695,1.9772,2.50,0.90
2008.04.16 12:29:08.701,1.97695,1.9772,2.50,0.90
2008.04.16 12:29:08.967,1.97695,1.9772,2.50,0.90
2008.04.16 12:29:09.200,1.97695,1.9772,2.50,0.90
2008.04.16 12:29:09.435,1.97695,1.9772,2.50,0.90
2008.04.16 12:29:09.714,1.97695,1.9772,2.50,0.90
2008.04.16 12:29:09.947,1.97695,1.9772,2.50,0.90
2008.04.16 12:29:10.197,1.97695,1.9772,2.50,0.90
2008.04.16 12:29:10.449,1.97695,1.9771,2.50,0.60
2008.04.16 12:29:10.698,1.97695,1.9771,2.50,0.60
2008.04.16 12:29:10.949,1.97695,1.9771,2.50,0.60
2008.04.16 12:29:11.188,1.97695,1.9771,2.50,0.60
2008.04.16 12:29:11.428,1.97695,1.9771,2.50,0.60
2008.04.16 12:29:11.667,1.97695,1.9771,2.50,0.60
2008.04.16 12:29:11.907,1.97695,1.9772,2.50,0.90
2008.04.16 12:29:12.146,1.97695,1.9772,2.50,0.90
2008.04.16 12:29:12.407,1.97695,1.9772,2.50,0.90
2008.04.16 12:29:12.454,1.97695,1.9772,2.50,0.90
2008.04.16 12:29:12.656,1.97695,1.9772,2.50,0.90
2008.04.16 12:29:12.906,1.97695,1.9772,2.50,0.90
2008.04.16 12:29:13.155,1.97695,1.9772,2.50,0.90
2008.04.16 12:29:13.411,1.97695,1.9772,2.50,0.90
2008.04.16 12:29:13.640,1.97695,1.9772,2.50,0.90
2008.04.16 12:29:13.870,1.97695,1.9772,2.50,0.90
2008.04.16 12:29:14.131,1.97695,1.9772,2.50,0.90
2008.04.16 12:29:14.352,1.97695,1.9772,2.50,0.90
2008.04.16 12:29:14.571,1.97695,1.9772,2.50,0.90
2008.04.16 12:29:14.788,1.97695,1.9772,2.50,0.90
2008.04.16 12:29:15.037,1.97695,1.9772,2.50,0.90
2008.04.16 12:29:15.258,1.97695,1.9772,2.50,0.90
2008.04.16 12:29:15.478,1.97695,1.9772,2.50,0.90
2008.04.16 12:29:15.700,1.97695,1.9772,2.50,0.90
2008.04.16 12:29:15.920,1.97695,1.9772,2.50,0.90
2008.04.16 12:29:16.142,1.97695,1.9772,2.50,0.90
2008.04.16 12:29:16.458,1.97695,1.9772,2.50,0.90
2008.04.16 12:29:16.773,1.97695,1.9772,2.50,0.90
2008.04.16 12:29:17.026,1.97695,1.9772,2.50,0.90
2008.04.16 12:29:17.310,1.97695,1.9772,2.50,0.90
2008.04.16 12:29:17.525,1.97695,1.9772,2.50,0.90
2008.04.16 12:29:17.740,1.97695,1.9772,2.50,0.90
2008.04.16 12:29:17.956,1.97695,1.9772,2.50,0.90
2008.04.16 12:29:18.171,1.97695,1.9772,2.50,0.90
2008.04.16 12:29:18.465,1.97695,1.9772,2.50,0.90
2008.04.16 12:29:18.762,1.97695,1.9772,2.50,0.90
2008.04.16 12:29:19.057,1.97695,1.9772,2.50,0.90
2008.04.16 12:29:19.351,1.97695,1.9772,2.50,0.90
2008.04.16 12:29:19.637,1.97695,1.9772,2.50,0.90
2008.04.16 12:29:19.921,1.97695,1.9772,2.50,0.90
2008.04.16 12:29:20.207,1.97695,1.9772,2.50,0.90
2008.04.16 12:29:20.408,1.97695,1.9772,2.50,0.90
2008.04.16 12:29:20.607,1.97695,1.9772,2.50,0.90
2008.04.16 12:29:20.806,1.97695,1.9772,2.50,0.90
2008.04.16 12:29:21.038,1.97695,1.9772,2.50,0.90
2008.04.16 12:29:21.206,1.97695,1.9772,2.50,0.90
2008.04.16 12:29:21.471,1.97695,1.9772,2.50,0.90
2008.04.16 12:29:21.749,1.97695,1.9772,2.50,0.90
2008.04.16 12:29:22.014,1.97695,1.9772,2.50,0.90
2008.04.16 12:29:22.279,1.97695,1.9772,2.50,0.90
2008.04.16 12:29:22.475,1.97695,1.9772,2.50,0.90
2008.04.16 12:29:22.686,1.97695,1.9772,2.50,0.90
2008.04.16 12:29:22.915,1.97695,1.9772,2.50,0.90
2008.04.16 12:29:23.150,1.97695,1.9772,2.50,0.90
2008.04.16 12:29:23.375,1.97695,1.9772,2.50,0.90
2008.04.16 12:29:23.702,1.97695,1.9772,2.50,0.90
2008.04.16 12:29:24.026,1.97695,1.9772,2.50,0.90
2008.04.16 12:29:24.380,1.97695,1.9772,2.50,0.90
2008.04.16 12:29:24.613,1.97695,1.9772,2.50,0.90
2008.04.16 12:29:24.781,1.97695,1.9772,2.50,0.90
2008.04.16 12:29:24.983,1.97695,1.9772,2.50,0.90
2008.04.16 12:29:25.182,1.97695,1.9772,2.50,0.90
2008.04.16 12:29:25.386,1.97695,1.9772,2.50,0.90
2008.04.16 12:29:25.727,1.97695,1.9772,2.50,0.90
2008.04.16 12:29:26.062,1.97695,1.9772,2.50,0.90
2008.04.16 12:29:26.361,1.97695,1.9772,2.50,0.90
2008.04.16 12:29:26.567,1.97695,1.9772,2.50,0.90
2008.04.16 12:29:26.772,1.97695,1.9772,2.50,0.90
2008.04.16 12:29:26.977,1.97695,1.9772,2.50,0.90
2008.04.16 12:29:27.182,1.97695,1.9772,2.50,0.90
2008.04.16 12:29:27.387,1.97695,1.9772,2.50,0.90
2008.04.16 12:29:27.652,1.97695,1.9772,2.50,0.90
2008.04.16 12:29:27.917,1.97695,1.9772,2.50,0.90
2008.04.16 12:29:28.181,1.97695,1.9772,2.50,0.90
2008.04.16 12:29:28.446,1.97695,1.9772,2.50,0.90
2008.04.16 12:29:28.702,1.97695,1.9772,2.50,0.90
2008.04.16 12:29:28.948,1.97695,1.9772,2.50,0.90
2008.04.16 12:29:29.192,1.97695,1.9772,2.50,0.90
2008.04.16 12:29:29.437,1.97695,1.9772,2.50,0.90
2008.04.16 12:29:29.683,1.97695,1.9772,2.50,0.90
2008.04.16 12:29:29.918,1.97695,1.9772,2.50,0.90
2008.04.16 12:29:30.153,1.97695,1.9772,2.50,0.90
2008.04.16 12:29:30.389,1.97695,1.9772,2.50,0.90
2008.04.16 12:29:30.623,1.97695,1.9772,2.50,0.90
2008.04.16 12:29:30.903,1.97695,1.9772,2.50,0.90
2008.04.16 12:29:31.183,1.97695,1.9772,2.50,0.90
2008.04.16 12:29:31.462,1.97695,1.9772,2.50,0.90
2008.04.16 12:29:31.743,1.97695,1.9772,2.50,0.90
2008.04.16 12:29:32.003,1.97695,1.9772,2.50,0.90
2008.04.16 12:29:32.262,1.97695,1.9772,2.50,0.90
2008.04.16 12:29:32.522,1.97695,1.9772,2.50,0.90
2008.04.16 12:29:32.752,1.97695,1.9772,2.50,0.90
2008.04.16 12:29:32.982,1.97695,1.9772,2.50,0.90
2008.04.16 12:29:33.212,1.97695,1.9772,2.50,0.90
2008.04.16 12:29:33.450,1.97695,1.9772,2.50,0.90
2008.04.16 12:29:33.679,1.97695,1.9772,2.50,0.90
2008.04.16 12:29:33.914,1.97695,1.9772,2.50,0.90
2008.04.16 12:29:34.151,1.97695,1.97725,1.60,1.40
2008.04.16 12:29:34.406,1.97695,1.97725,1.60,0.90
2008.04.16 12:29:34.679,1.9769,1.97725,0.30,0.60
2008.04.16 12:29:34.920,1.9769,1.97725,0.40,0.70
2008.04.16 12:29:35.194,1.9769,1.97725,0.40,0.50
2008.04.16 12:29:35.470,1.9769,1.97725,0.40,0.90
2008.04.16 12:29:35.723,1.9769,1.97725,0.40,0.80
2008.04.16 12:29:36.009,1.9769,1.97725,0.40,1.20
2008.04.16 12:29:36.296,1.9769,1.97725,0.40,0.60
2008.04.16 12:29:36.518,1.9769,1.97725,0.40,0.80
2008.04.16 12:29:36.773,1.9769,1.97725,0.50,0.80
2008.04.16 12:29:37.020,1.9769,1.97725,0.50,1.10
2008.04.16 12:29:37.265,1.9769,1.97725,0.50,0.50
2008.04.16 12:29:37.510,1.9769,1.97725,0.50,1.20
2008.04.16 12:29:37.756,1.9769,1.97725,0.50,0.90
2008.04.16 12:29:38.023,1.977,1.97725,0.20,0.80
2008.04.16 12:29:38.289,1.977,1.97725,0.20,0.60
2008.04.16 12:29:38.555,1.977,1.97725,0.20,0.50
2008.04.16 12:29:38.820,1.977,1.97725,0.20,0.60
2008.04.16 12:29:39.066,1.977,1.97725,0.20,0.60
2008.04.16 12:29:39.306,1.977,1.97725,0.20,1.20
2008.04.16 12:29:39.560,1.977,1.97725,0.20,0.60
2008.04.16 12:29:39.831,1.9769,1.97725,0.50,0.80
2008.04.16 12:29:40.099,1.977,1.97725,0.30,0.60
2008.04.16 12:29:40.358,1.977,1.97735,0.60,1.40
2008.04.16 12:29:40.621,1.9771,1.97735,0.30,1.20
2008.04.16 12:29:40.888,1.9771,1.97735,0.30,0.70
2008.04.16 12:29:41.145,1.9771,1.97735,0.30,0.80
2008.04.16 12:29:41.403,1.9771,1.97745,0.30,1.50
2008.04.16 12:29:41.659,1.9771,1.97745,0.30,2.40
2008.04.16 12:29:41.911,1.9772,1.97755,0.30,1.60
2008.04.16 12:29:42.150,1.9772,1.97755,0.30,3.20
2008.04.16 12:29:42.408,1.9772,1.97755,0.20,3.20
2008.04.16 12:29:42.667,1.9771,1.97755,0.20,3.20
2008.04.16 12:29:42.961,1.9771,1.97755,0.20,3.20
2008.04.16 12:29:43.217,1.9771,1.9775,0.20,0.80
2008.04.16 12:29:43.468,1.9771,1.9775,0.20,0.80
2008.04.16 12:29:43.720,1.9771,1.97755,4.90,3.60
2008.04.16 12:29:43.992,1.9771,1.97755,4.90,3.60
2008.04.16 12:29:44.259,1.9771,1.97755,4.90,2.40
2008.04.16 12:29:44.559,1.9771,1.97735,1.80,0.80
2008.04.16 12:29:44.826,1.9769,1.97735,0.30,3.20
2008.04.16 12:29:45.078,1.977,1.97735,0.30,3.20
2008.04.16 12:29:45.330,1.977,1.97735,0.30,3.20
2008.04.16 12:29:45.581,1.977,1.97735,0.30,3.20
2008.04.16 12:29:45.832,1.977,1.97735,0.30,3.20
2008.04.16 12:29:46.093,1.9769,1.9773,0.30,0.80
2008.04.16 12:29:46.355,1.9769,1.9773,0.30,0.80
2008.04.16 12:29:46.616,1.9769,1.9773,0.30,0.80
2008.04.16 12:29:46.878,1.9769,1.9773,0.30,0.80
2008.04.16 12:29:47.132,1.9769,1.9773,0.30,0.80
2008.04.16 12:29:47.417,1.9769,1.9773,0.30,0.80
2008.04.16 12:29:47.669,1.9769,1.97735,0.30,0.80
2008.04.16 12:29:47.954,1.9769,1.97735,1.20,0.80
2008.04.16 12:29:48.230,1.9769,1.97735,1.20,0.80
2008.04.16 12:29:48.474,1.9769,1.97735,1.20,0.80
2008.04.16 12:29:48.751,1.9772,1.97735,0.40,0.80
2008.04.16 12:29:49.039,1.9769,1.97735,0.30,0.80
2008.04.16 12:29:49.277,1.9769,1.9773,0.30,0.80
2008.04.16 12:29:49.541,1.9769,1.9773,0.30,0.80
2008.04.16 12:29:49.777,1.9769,1.9773,0.30,0.80
2008.04.16 12:29:50.014,1.9769,1.9773,0.30,0.80
2008.04.16 12:29:50.243,1.9769,1.97735,0.30,0.80
2008.04.16 12:29:50.469,1.9769,1.97735,1.00,0.80
2008.04.16 12:29:50.710,1.9769,1.97735,1.20,0.80
2008.04.16 12:29:50.964,1.9769,1.97735,0.50,0.80
2008.04.16 12:29:51.194,1.9769,1.97735,0.30,0.80
2008.04.16 12:29:51.429,1.9769,1.9773,0.30,0.80
2008.04.16 12:29:51.662,1.9769,1.9773,0.30,0.80
2008.04.16 12:29:51.897,1.9769,1.97735,0.30,0.80
2008.04.16 12:29:52.204,1.9769,1.97735,1.20,0.80
2008.04.16 12:29:52.542,1.9769,1.97735,0.50,0.80
2008.04.16 12:29:52.867,1.9769,1.9774,0.30,8.80
2008.04.16 12:29:53.205,1.9769,1.9774,0.30,8.00
2008.04.16 12:29:53.436,1.9769,1.9774,0.30,8.00
2008.04.16 12:29:53.683,1.97695,1.9774,0.20,4.00
2008.04.16 12:29:53.901,1.97695,1.97755,0.20,0.60
2008.04.16 12:29:54.135,1.97695,1.97755,0.20,0.60
2008.04.16 12:29:54.440,1.97695,1.9775,0.20,0.20
2008.04.16 12:29:54.479,1.97695,1.9775,0.20,0.20
2008.04.16 12:29:54.713,1.97695,1.97755,0.20,0.60
2008.04.16 12:29:55.016,1.97695,1.97755,0.20,0.60
2008.04.16 12:29:55.276,1.97695,1.97755,0.20,0.60
2008.04.16 12:29:55.551,1.97695,1.97755,0.20,0.60
2008.04.16 12:29:55.777,1.97695,1.97755,0.20,0.60
2008.04.16 12:29:56.003,1.97695,1.97755,0.20,0.60
2008.04.16 12:29:56.229,1.97695,1.97755,0.20,0.60
2008.04.16 12:29:56.482,1.9769,1.9776,0.30,0.80
2008.04.16 12:29:56.732,1.9769,1.9776,0.30,0.80
2008.04.16 12:29:56.991,1.9769,1.9775,0.30,1.20
2008.04.16 12:29:57.243,1.9769,1.9775,0.30,1.80
2008.04.16 12:29:57.529,1.9769,1.9775,0.30,1.70
2008.04.16 12:29:57.745,1.9769,1.9775,0.30,0.90
2008.04.16 12:29:57.996,1.9769,1.9775,0.30,1.30
2008.04.16 12:29:58.246,1.9769,1.9775,0.30,1.20
2008.04.16 12:29:58.490,1.9769,1.9775,0.30,1.00
2008.04.16 12:29:58.711,1.9769,1.9775,0.30,1.50
2008.04.16 12:29:58.968,1.9769,1.9775,0.30,0.90
2008.04.16 12:29:59.192,1.9769,1.9775,0.30,0.80
2008.04.16 12:29:59.460,1.9769,1.9775,0.30,1.80
2008.04.16 12:29:59.729,1.9769,1.9775,0.30,1.30
2008.04.16 12:29:59.995,1.9769,1.9775,0.30,0.70
2008.04.16 12:30:00.262,1.9769,1.9775,0.30,0.50
2008.04.16 12:30:00.522,1.9769,1.9775,0.30,0.80
2008.04.16 12:30:00.779,1.97765,1.9779,0.80,2.70
2008.04.16 12:30:01.780,1.97765,1.9779,0.80,1.20
2008.04.16 12:30:02.009,1.97765,1.9781,0.80,0.80
2008.04.16 12:30:02.175,1.97833,1.97853,0.80,0.80
2008.04.16 12:30:02.342,1.97828,1.97858,0.80,1.60
2008.04.16 12:30:02.507,1.97835,1.9785,0.80,0.70
2008.04.16 12:30:02.673,1.97833,1.97853,0.80,1.10
2008.04.16 12:30:02.859,1.97778,1.97792,0.80,0.60
2008.04.16 12:30:03.224,1.97783,1.97788,0.80,3.20
2008.04.16 12:30:03.596,1.9777,1.978,0.80,5.40
2008.04.16 12:30:03.962,1.9777,1.978,0.80,2.20
2008.04.16 12:30:04.141,1.97772,1.97798,0.80,5.20
2008.04.16 12:30:04.322,1.9776,1.9781,4.80,0.20
2008.04.16 12:30:04.502,1.9776,1.9781,4.80,0.20
2008.04.16 12:30:04.704,1.9777,1.978,0.80,1.60
2008.04.16 12:30:04.889,1.97778,1.97792,0.80,4.50
2008.04.16 12:30:05.182,1.9778,1.978,2.40,0.80
2008.04.16 12:30:05.473,1.97735,1.97865,2.40,0.80
2008.04.16 12:30:05.763,1.97735,1.97865,2.40,0.80
2008.04.16 12:30:06.053,1.97735,1.97865,2.40,0.80
2008.04.16 12:30:06.317,1.97735,1.97865,2.40,0.80
2008.04.16 12:30:06.612,1.97745,1.97835,0.80,0.80
2008.04.16 12:30:06.662,1.97745,1.97865,0.80,1.60
2008.04.16 12:30:06.878,1.97745,1.97865,0.80,1.60
2008.04.16 12:30:07.135,1.9777,1.9786,0.80,0.80
2008.04.16 12:30:07.423,1.97765,1.97865,2.40,4.00
2008.04.16 12:30:07.681,1.97765,1.97865,2.40,4.00
2008.04.16 12:30:07.934,1.97765,1.9787,2.40,15.80
2008.04.16 12:30:08.218,1.97765,1.9787,2.40,6.80
2008.04.16 12:30:08.499,1.97765,1.97865,2.40,0.60
2008.04.16 12:30:08.811,1.97765,1.97865,2.40,0.50
2008.04.16 12:30:09.061,1.97765,1.9788,2.40,12.80
2008.04.16 12:30:09.330,1.97765,1.9788,2.40,12.80
2008.04.16 12:30:09.603,1.9776,1.9781,11.20,0.50
2008.04.16 12:30:09.905,1.9776,1.97815,11.20,1.00
2008.04.16 12:30:10.176,1.9776,1.9781,19.20,0.50
2008.04.16 12:30:10.443,1.9777,1.97825,0.80,5.70
2008.04.16 12:30:10.710,1.9776,1.9786,2.40,0.50
2008.04.16 12:30:11.008,1.9773,1.9786,6.40,0.50
2008.04.16 12:30:11.275,1.9777,1.97865,2.40,1.00
2008.04.16 12:30:11.526,1.9777,1.97865,2.40,1.00
2008.04.16 12:30:11.808,1.9777,1.97865,2.40,1.00
2008.04.16 12:30:12.058,1.9774,1.97865,0.80,1.00
2008.04.16 12:30:12.353,1.9774,1.9786,2.40,0.50
2008.04.16 12:30:12.652,1.9776,1.97865,10.40,1.00
2008.04.16 12:30:14.202,1.97805,1.9786,2.40,0.50
2008.04.16 12:30:14.524,1.9782,1.9786,5.80,0.20
2008.04.16 12:30:14.620,1.9782,1.9786,5.00,0.20
2008.04.16 12:30:14.723,1.9782,1.9786,5.00,0.20
2008.04.16 12:30:14.832,1.9782,1.9786,5.00,0.20
2008.04.16 12:30:14.937,1.9782,1.9786,5.00,0.20
2008.04.16 12:30:15.039,1.9782,1.9787,5.00,5.40
2008.04.16 12:30:15.142,1.9783,1.9786,0.30,0.20
2008.04.16 12:30:15.243,1.9783,1.9786,0.30,0.20
2008.04.16 12:30:15.615,1.9783,1.97875,0.30,5.70
2008.04.16 12:30:15.952,1.9783,1.97875,0.30,5.70
2008.04.16 12:30:16.323,1.9785,1.9787,0.20,0.90
2008.04.16 12:30:16.551,1.9784,1.97875,0.30,6.40
2008.04.16 12:30:16.829,1.9784,1.97875,0.30,4.00
2008.04.16 12:30:17.056,1.9784,1.97875,0.30,4.00
2008.04.16 12:30:17.281,1.9784,1.9787,0.30,0.60
2008.04.16 12:30:17.608,1.9783,1.9785,0.90,0.20
2008.04.16 12:30:17.961,1.9783,1.9785,0.90,0.20
2008.04.16 12:30:18.330,1.9783,1.9786,0.90,0.70
2008.04.16 12:30:18.576,1.9783,1.9786,0.90,0.70
2008.04.16 12:30:18.823,1.9783,1.9786,0.80,0.70
2008.04.16 12:30:19.071,1.9783,1.9786,0.80,1.20
2008.04.16 12:30:19.316,1.9782,1.9785,4.80,0.70
2008.04.16 12:30:19.618,1.9782,1.97855,2.40,1.80
2008.04.16 12:30:19.949,1.9782,1.9785,2.40,0.60
2008.04.16 12:30:20.251,1.9782,1.97855,2.40,1.30
2008.04.16 12:30:20.550,1.9782,1.9785,2.40,0.50
2008.04.16 12:30:20.855,1.9781,1.97855,6.40,1.30
2008.04.16 12:30:21.126,1.9781,1.97855,6.40,2.10
2008.04.16 12:30:21.397,1.9781,1.97855,2.40,2.10
2008.04.16 12:30:21.688,1.9781,1.97855,2.40,1.00
2008.04.16 12:30:21.949,1.9782,1.9785,3.20,0.50
2008.04.16 12:30:22.206,1.9782,1.9785,0.80,0.50
2008.04.16 12:30:22.465,1.9782,1.9784,0.80,0.20
2008.04.16 12:30:22.782,1.9782,1.97855,0.80,1.00
2008.04.16 12:30:23.071,1.9782,1.97855,0.80,1.00
2008.04.16 12:30:23.360,1.9782,1.97855,0.80,1.00
2008.04.16 12:30:23.679,1.9782,1.97855,0.80,1.00
2008.04.16 12:30:23.945,1.9782,1.9785,0.80,0.50
2008.04.16 12:30:24.208,1.9782,1.97855,0.80,1.00
2008.04.16 12:30:24.468,1.9782,1.9785,0.80,0.50
2008.04.16 12:30:24.722,1.9782,1.9785,0.80,0.50
2008.04.16 12:30:25.017,1.9782,1.97855,0.80,1.00
2008.04.16 12:30:25.274,1.9782,1.97855,0.80,1.00
2008.04.16 12:30:25.555,1.97815,1.9786,2.40,0.70
2008.04.16 12:30:25.851,1.9782,1.9787,0.40,4.90
2008.04.16 12:30:26.142,1.97835,1.97855,1.60,1.80
2008.04.16 12:30:26.479,1.9784,1.97855,0.50,1.80
2008.04.16 12:30:26.767,1.97835,1.9787,3.20,0.70
2008.04.16 12:30:27.033,1.97835,1.97875,3.20,1.20
2008.04.16 12:30:27.331,1.97835,1.97885,4.10,1.20
2008.04.16 12:30:27.596,1.9784,1.9793,3.20,4.30
2008.04.16 12:30:27.839,1.9784,1.9789,3.20,0.60
2008.04.16 12:30:28.083,1.9784,1.9789,3.20,0.70
2008.04.16 12:30:28.326,1.9784,1.9794,3.20,3.40
2008.04.16 12:30:28.574,1.9786,1.9787,0.50,0.60
2008.04.16 12:30:28.820,1.9786,1.9787,0.50,0.60
2008.04.16 12:30:29.183,1.9785,1.9787,0.50,0.60
2008.04.16 12:30:29.508,1.9785,1.9788,0.50,3.60
2008.04.16 12:30:29.871,1.9785,1.9788,0.50,3.60
2008.04.16 12:30:30.127,1.9785,1.9788,0.50,3.20
2008.04.16 12:30:30.342,1.9785,1.9788,0.50,3.20
2008.04.16 12:30:30.564,1.9785,1.9787,0.50,0.50
2008.04.16 12:30:30.809,1.9785,1.9788,1.30,3.20
2008.04.16 12:30:31.111,1.9786,1.9787,0.50,0.70
2008.04.16 12:30:31.412,1.9786,1.97885,0.50,3.00
2008.04.16 12:30:31.717,1.9786,1.97885,0.50,3.00
2008.04.16 12:30:31.940,1.9786,1.9789,0.60,2.20
2008.04.16 12:30:32.211,1.9787,1.97905,0.50,5.10
2008.04.16 12:30:32.397,1.9788,1.97905,0.50,0.80
2008.04.16 12:30:32.624,1.9788,1.9792,0.50,4.80
2008.04.16 12:30:32.850,1.9789,1.9791,0.40,0.40
2008.04.16 12:30:33.173,1.9789,1.9792,0.40,0.60
2008.04.16 12:30:33.459,1.9789,1.97925,0.40,3.60
2008.04.16 12:30:33.746,1.9789,1.9793,0.30,1.50
2008.04.16 12:30:34.013,1.9789,1.9793,0.90,0.60
2008.04.16 12:30:34.304,1.979,1.97935,0.20,3.60
2008.04.16 12:30:34.569,1.979,1.97935,0.30,0.70
2008.04.16 12:30:34.835,1.97895,1.9794,0.90,0.60
2008.04.16 12:30:35.114,1.979,1.97945,0.30,3.90
2008.04.16 12:30:35.410,1.97905,1.97935,0.90,1.20
2008.04.16 12:30:35.691,1.9791,1.97945,0.90,3.90
2008.04.16 12:30:35.971,1.9791,1.97945,0.90,3.90
2008.04.16 12:30:36.244,1.9791,1.97935,0.90,0.60
2008.04.16 12:30:36.525,1.9791,1.97935,0.90,0.60
2008.04.16 12:30:36.795,1.9791,1.9794,0.90,0.70
2008.04.16 12:30:37.080,1.9791,1.97935,0.90,0.90
2008.04.16 12:30:37.365,1.9791,1.97935,0.90,0.90
2008.04.16 12:30:37.650,1.9791,1.97935,0.90,0.90
2008.04.16 12:30:37.937,1.9791,1.97935,0.90,0.90
2008.04.16 12:30:38.189,1.97905,1.9793,0.80,0.90
2008.04.16 12:30:38.442,1.97905,1.9793,0.80,0.90
2008.04.16 12:30:38.692,1.979,1.97925,2.40,0.90
2008.04.16 12:30:38.943,1.97895,1.97915,1.60,0.90
2008.04.16 12:30:39.262,1.97895,1.97915,1.60,0.90
2008.04.16 12:30:39.582,1.9789,1.97915,1.00,0.90
2008.04.16 12:30:39.869,1.9789,1.97915,1.00,0.90
2008.04.16 12:30:40.155,1.9789,1.97915,0.60,0.90
2008.04.16 12:30:40.411,1.97885,1.97915,3.20,0.90
2008.04.16 12:30:40.669,1.97895,1.97925,0.80,0.90
2008.04.16 12:30:40.923,1.97895,1.97925,0.80,0.90
2008.04.16 12:30:41.199,1.97885,1.97915,0.80,0.90
2008.04.16 12:30:41.270,1.97885,1.97915,0.80,0.90
2008.04.16 12:30:41.499,1.9788,1.9791,2.40,0.90
2008.04.16 12:30:41.774,1.9788,1.9791,0.50,1.10
2008.04.16 12:30:42.050,1.9788,1.9791,0.60,0.50
2008.04.16 12:30:42.312,1.9788,1.9791,0.80,0.90
2008.04.16 12:30:42.573,1.97885,1.97915,0.80,5.70
2008.04.16 12:30:42.836,1.97885,1.97915,0.80,3.30
2008.04.16 12:30:43.128,1.97885,1.97915,1.60,3.30
2008.04.16 12:30:43.414,1.9789,1.97915,0.80,0.90
2008.04.16 12:30:43.699,1.97885,1.97915,0.70,3.30
2008.04.16 12:30:43.985,1.97885,1.97915,0.70,3.30
2008.04.16 12:30:44.299,1.97885,1.97915,0.70,3.30
2008.04.16 12:30:44.562,1.97885,1.97915,1.50,5.70
2008.04.16 12:30:44.853,1.9789,1.97915,0.20,5.70
2008.04.16 12:30:45.155,1.9788,1.9791,0.60,0.90
2008.04.16 12:30:45.424,1.9788,1.9791,0.50,0.90
2008.04.16 12:30:45.670,1.9788,1.9791,0.80,0.90
2008.04.16 12:30:45.916,1.9788,1.9791,0.70,0.90
2008.04.16 12:30:46.161,1.9788,1.9791,0.90,0.90
2008.04.16 12:30:46.466,1.9788,1.9791,0.60,2.50
2008.04.16 12:30:46.780,1.9788,1.9791,0.50,2.50
2008.04.16 12:30:47.086,1.9788,1.9791,0.60,2.50
2008.04.16 12:30:47.370,1.9788,1.9791,0.60,2.50
2008.04.16 12:30:47.620,1.97885,1.9791,0.90,1.60
2008.04.16 12:30:47.870,1.97885,1.97915,0.90,7.30
2008.04.16 12:30:48.122,1.97885,1.97915,0.90,7.30
2008.04.16 12:30:48.396,1.97885,1.97915,0.90,7.30
2008.04.16 12:30:48.672,1.97885,1.97915,0.90,7.30
2008.04.16 12:30:48.946,1.97885,1.97915,0.90,7.30
2008.04.16 12:30:49.221,1.97885,1.97915,0.90,7.30
2008.04.16 12:30:49.486,1.97885,1.97915,0.90,7.30
2008.04.16 12:30:49.751,1.97885,1.97915,0.90,7.30
2008.04.16 12:30:50.017,1.9788,1.9791,1.20,0.90
2008.04.16 12:30:50.283,1.9788,1.9791,1.20,2.80
2008.04.16 12:30:50.550,1.9788,1.97895,0.80,0.90
2008.04.16 12:30:50.816,1.97865,1.97895,1.60,2.50
2008.04.16 12:30:51.082,1.97865,1.9789,1.00,0.90
2008.04.16 12:30:51.364,1.9786,1.9789,1.00,2.50
2008.04.16 12:30:51.645,1.97865,1.9789,0.90,1.60
2008.04.16 12:30:51.926,1.97865,1.97895,1.70,2.50
2008.04.16 12:30:52.208,1.97865,1.97895,0.70,2.50
2008.04.16 12:30:52.490,1.97865,1.97895,1.60,2.50
2008.04.16 12:30:52.751,1.97865,1.97895,1.70,2.50
2008.04.16 12:30:53.047,1.97865,1.9789,1.60,0.90
2008.04.16 12:30:53.304,1.97865,1.9789,0.80,0.90
2008.04.16 12:30:53.564,1.9786,1.9789,0.90,2.50
2008.04.16 12:30:53.827,1.9786,1.9789,0.50,2.50
2008.04.16 12:30:54.077,1.9786,1.9789,0.50,2.50
2008.04.16 12:30:54.329,1.9786,1.9789,0.70,2.50
2008.04.16 12:30:54.616,1.9786,1.9789,0.60,2.50
2008.04.16 12:30:54.902,1.9786,1.9789,2.50,2.50
2008.04.16 12:30:55.224,1.9786,1.9789,0.90,2.50
2008.04.16 12:30:55.510,1.9787,1.9789,0.80,1.60
2008.04.16 12:30:55.781,1.9787,1.97895,1.30,5.60
2008.04.16 12:30:56.052,1.9787,1.97895,1.10,0.80
2008.04.16 12:30:56.321,1.9787,1.97895,1.10,0.80
2008.04.16 12:30:56.591,1.9787,1.97895,1.50,0.80
2008.04.16 12:30:56.831,1.9787,1.97895,0.90,0.80
2008.04.16 12:30:57.071,1.9787,1.97895,0.60,0.80
2008.04.16 12:30:57.310,1.9787,1.97895,0.70,0.80
2008.04.16 12:30:57.550,1.9787,1.97895,0.80,1.70
2008.04.16 12:30:57.827,1.9787,1.9789,0.80,0.80
2008.04.16 12:30:58.135,1.97875,1.9789,0.80,0.80
2008.04.16 12:30:58.411,1.97875,1.979,0.80,0.80
2008.04.16 12:30:58.677,1.97875,1.97905,1.00,8.10
2008.04.16 12:30:58.941,1.97875,1.97905,1.10,8.10
2008.04.16 12:30:59.207,1.97875,1.97905,1.00,8.10
2008.04.16 12:30:59.505,1.9788,1.97905,0.20,8.10
2008.04.16 12:30:59.770,1.97875,1.97905,0.80,8.10
2008.04.16 12:31:00.033,1.97875,1.979,0.80,0.80
2008.04.16 12:31:00.296,1.9787,1.97895,0.70,0.80
2008.04.16 12:31:00.561,1.9787,1.9789,0.80,0.90
2008.04.16 12:31:00.879,1.97865,1.97885,0.50,0.80
2008.04.16 12:31:01.171,1.97865,1.9789,0.80,2.40
2008.04.16 12:31:01.494,1.97865,1.9789,0.80,0.80
2008.04.16 12:31:01.754,1.9786,1.97885,0.50,0.80
2008.04.16 12:31:01.792,1.9786,1.97885,0.90,0.80
2008.04.16 12:31:02.013,1.9786,1.97885,0.80,0.80
2008.04.16 12:31:02.274,1.9786,1.97885,1.10,0.80
2008.04.16 12:31:02.535,1.9786,1.97885,0.80,1.70
2008.04.16 12:31:02.810,1.97855,1.97885,1.80,7.30
2008.04.16 12:31:03.118,1.97855,1.97885,1.60,7.30
2008.04.16 12:31:03.392,1.97855,1.97885,0.90,8.10
2008.04.16 12:31:03.668,1.97855,1.97885,0.50,8.10
2008.04.16 12:31:03.926,1.97855,1.97885,0.50,8.10
2008.04.16 12:31:04.188,1.9786,1.97885,0.50,8.10
2008.04.16 12:31:04.452,1.9786,1.97885,1.00,0.90
2008.04.16 12:31:04.729,1.97865,1.9789,0.50,0.90
2008.04.16 12:31:04.994,1.97865,1.9789,0.50,0.90
2008.04.16 12:31:05.259,1.97865,1.9789,0.50,0.90
2008.04.16 12:31:05.524,1.97865,1.9789,0.50,0.90
2008.04.16 12:31:05.789,1.9786,1.97885,0.60,0.90
2008.04.16 12:31:06.049,1.9786,1.97885,0.50,0.90
2008.04.16 12:31:06.309,1.9786,1.97885,0.80,0.90
2008.04.16 12:31:06.570,1.9786,1.97885,1.00,0.90
2008.04.16 12:31:06.822,1.9786,1.97885,0.90,0.90
2008.04.16 12:31:07.074,1.9786,1.9788,0.80,0.90
2008.04.16 12:31:07.324,1.97855,1.9788,0.50,1.70
2008.04.16 12:31:07.575,1.9785,1.9787,2.60,0.90
2008.04.16 12:31:07.825,1.97845,1.9787,0.50,0.90
2008.04.16 12:31:08.144,1.97845,1.9787,0.50,0.90
2008.04.16 12:31:08.435,1.97845,1.9787,0.50,0.90
2008.04.16 12:31:08.721,1.97845,1.9787,0.50,0.90
2008.04.16 12:31:08.962,1.97845,1.9787,0.50,0.90
2008.04.16 12:31:09.203,1.9784,1.9786,1.20,0.90
2008.04.16 12:31:09.443,1.97835,1.9786,0.50,0.90
2008.04.16 12:31:09.684,1.9783,1.9785,0.90,0.90
2008.04.16 12:31:09.969,1.9783,1.9785,0.80,0.90
2008.04.16 12:31:10.287,1.97825,1.9785,1.70,0.90
2008.04.16 12:31:10.572,1.97825,1.9785,0.50,0.90
2008.04.16 12:31:10.857,1.97825,1.9785,0.50,0.90
2008.04.16 12:31:11.129,1.97815,1.97835,2.80,1.70
2008.04.16 12:31:11.401,1.9781,1.97835,0.90,1.70
2008.04.16 12:31:11.671,1.9781,1.97835,0.90,1.70
2008.04.16 12:31:11.943,1.9781,1.97835,0.50,1.70
2008.04.16 12:31:12.223,1.97805,1.9783,2.90,0.90
2008.04.16 12:31:12.485,1.97805,1.97835,1.40,2.50
2008.04.16 12:31:12.747,1.97805,1.97835,0.70,2.50
2008.04.16 12:31:13.038,1.97805,1.9783,0.50,0.90
2008.04.16 12:31:13.330,1.97805,1.9783,0.50,0.90
2008.04.16 12:31:13.623,1.97805,1.9783,0.90,0.90
2008.04.16 12:31:13.914,1.97805,1.9783,0.90,0.90
2008.04.16 12:31:14.145,1.97805,1.97835,0.50,2.50
2008.04.16 12:31:14.376,1.97805,1.97835,0.80,2.50
2008.04.16 12:31:14.607,1.97805,1.9783,1.10,0.90
2008.04.16 12:31:14.838,1.97805,1.9783,1.40,2.50
2008.04.16 12:31:15.166,1.978,1.97825,0.90,0.90
2008.04.16 12:31:15.516,1.978,1.97825,0.90,3.30
2008.04.16 12:31:15.865,1.978,1.97825,0.90,3.30
2008.04.16 12:31:16.109,1.978,1.97825,3.20,3.30
2008.04.16 12:31:16.335,1.9782,1.97825,0.80,0.90
2008.04.16 12:31:16.563,1.97825,1.9783,0.90,1.50
2008.04.16 12:31:16.790,1.97825,1.9783,0.90,1.50
2008.04.16 12:31:17.126,1.9783,1.97855,0.90,8.00
2008.04.16 12:31:17.430,1.9783,1.97855,0.90,0.90
2008.04.16 12:31:17.733,1.97835,1.9786,1.10,2.40
2008.04.16 12:31:18.036,1.97835,1.9786,0.90,0.90
2008.04.16 12:31:18.342,1.9783,1.9785,0.80,1.70
2008.04.16 12:31:18.614,1.9783,1.9785,0.90,0.80
2008.04.16 12:31:18.888,1.9783,1.9785,0.90,0.80
2008.04.16 12:31:19.130,1.9783,1.97855,0.90,0.90
2008.04.16 12:31:19.371,1.9783,1.97855,0.90,0.90
2008.04.16 12:31:19.612,1.97825,1.9785,1.00,0.90
2008.04.16 12:31:19.884,1.9783,1.9785,0.80,0.90
2008.04.16 12:31:20.195,1.9783,1.9785,0.80,0.90
2008.04.16 12:31:20.507,1.9783,1.9785,0.80,2.40
2008.04.16 12:31:20.819,1.9783,1.9784,0.80,0.90
2008.04.16 12:31:21.179,1.9783,1.9784,0.80,0.90
2008.04.16 12:31:21.436,1.97825,1.9784,1.20,0.90
2008.04.16 12:31:21.688,1.97825,1.9784,0.50,0.90
2008.04.16 12:31:21.746,1.97825,1.9784,0.90,0.90
2008.04.16 12:31:21.939,1.97815,1.9784,0.90,0.90
2008.04.16 12:31:22.217,1.9781,1.97835,0.90,0.90
2008.04.16 12:31:22.384,1.9781,1.97835,0.80,0.90
2008.04.16 12:31:22.522,1.97805,1.97835,0.60,0.90
2008.04.16 12:31:22.799,1.97805,1.97815,1.50,0.80
2008.04.16 12:31:22.899,1.97805,1.97815,1.30,0.80
2008.04.16 12:31:23.074,1.97805,1.97815,0.50,1.70
2008.04.16 12:31:23.347,1.978,1.97815,0.50,6.50
2008.04.16 12:31:23.625,1.978,1.97815,1.10,6.50
2008.04.16 12:31:23.924,1.978,1.97815,0.80,6.50
2008.04.16 12:31:24.206,1.978,1.97815,0.90,6.50
2008.04.16 12:31:24.470,1.978,1.97815,1.20,6.50
2008.04.16 12:31:24.735,1.978,1.97815,0.50,6.50
2008.04.16 12:31:25.001,1.978,1.97815,0.80,6.50
2008.04.16 12:31:25.251,1.978,1.97815,0.50,6.50
2008.04.16 12:31:25.502,1.978,1.97815,0.50,6.50
2008.04.16 12:31:25.788,1.978,1.97815,0.90,6.50
2008.04.16 12:31:26.040,1.978,1.9781,0.90,0.90
2008.04.16 12:31:26.323,1.978,1.97815,1.20,6.50
2008.04.16 12:31:26.604,1.978,1.97815,1.10,6.50
2008.04.16 12:31:26.885,1.978,1.97815,1.00,6.50
2008.04.16 12:31:27.167,1.978,1.97815,0.50,6.50
2008.04.16 12:31:27.442,1.978,1.97815,1.10,6.50
2008.04.16 12:31:27.753,1.978,1.97815,0.80,4.10
2008.04.16 12:31:28.030,1.9779,1.97815,1.20,1.70
2008.04.16 12:31:28.286,1.9779,1.97815,1.20,1.70
2008.04.16 12:31:28.546,1.9779,1.9781,0.90,0.90
2008.04.16 12:31:28.804,1.97785,1.9781,1.70,0.90
2008.04.16 12:31:29.059,1.97785,1.9781,0.80,2.50
2008.04.16 12:31:29.360,1.9779,1.97815,0.80,8.10
2008.04.16 12:31:29.642,1.9779,1.9781,0.80,0.90
2008.04.16 12:31:29.932,1.97785,1.9781,0.80,0.90
2008.04.16 12:31:30.204,1.97785,1.9781,0.80,0.90
2008.04.16 12:31:30.480,1.97785,1.9781,0.80,0.90
2008.04.16 12:31:30.757,1.97785,1.97815,0.90,8.90
2008.04.16 12:31:31.033,1.97785,1.97815,0.60,8.90
2008.04.16 12:31:31.311,1.97785,1.97815,0.60,12.90
2008.04.16 12:31:31.586,1.97785,1.97815,0.90,12.10
2008.04.16 12:31:31.855,1.97785,1.97815,0.90,12.10
2008.04.16 12:31:32.126,1.9778,1.978,1.10,0.90
2008.04.16 12:31:32.342,1.9778,1.978,0.80,0.90
2008.04.16 12:31:32.557,1.9778,1.97805,0.80,4.90
2008.04.16 12:31:32.809,1.9778,1.97805,0.80,4.90
2008.04.16 12:31:33.057,1.9778,1.97805,0.80,0.90
2008.04.16 12:31:33.304,1.97785,1.9781,0.90,4.00
2008.04.16 12:31:33.598,1.97785,1.9781,0.90,4.00
2008.04.16 12:31:33.921,1.97785,1.9781,0.90,4.00
2008.04.16 12:31:34.252,1.9778,1.9781,2.00,4.90
2008.04.16 12:31:34.501,1.9778,1.9781,0.90,4.90
2008.04.16 12:31:34.738,1.97785,1.9781,0.50,4.00
2008.04.16 12:31:34.948,1.97785,1.9781,0.80,4.00
2008.04.16 12:31:35.159,1.97785,1.9781,1.60,4.00
2008.04.16 12:31:35.374,1.97785,1.9781,0.90,4.00
2008.04.16 12:31:35.694,1.97785,1.9781,0.80,4.00
2008.04.16 12:31:36.013,1.97785,1.97805,0.90,0.70
2008.04.16 12:31:36.368,1.9778,1.9781,1.30,7.20
2008.04.16 12:31:36.594,1.9778,1.9781,0.50,7.20
2008.04.16 12:31:36.824,1.9778,1.9781,0.60,6.50
2008.04.16 12:31:37.047,1.9778,1.9781,1.10,6.50
2008.04.16 12:31:37.314,1.9778,1.97805,0.80,0.90
2008.04.16 12:31:37.637,1.9778,1.9781,1.00,2.50
2008.04.16 12:31:37.957,1.9778,1.9781,1.70,0.90
2008.04.16 12:31:38.280,1.97785,1.97815,0.90,12.90
2008.04.16 12:31:38.570,1.97785,1.97815,0.90,12.90
2008.04.16 12:31:38.789,1.97785,1.97815,0.90,12.90
2008.04.16 12:31:39.009,1.97785,1.97815,0.90,12.90
2008.04.16 12:31:39.231,1.9779,1.97815,0.90,8.00
2008.04.16 12:31:39.452,1.9779,1.97815,0.60,3.20
2008.04.16 12:31:39.763,1.9779,1.97815,0.50,3.20
2008.04.16 12:31:40.078,1.9779,1.97815,0.60,0.80
2008.04.16 12:31:40.389,1.9779,1.97815,1.80,0.80
2008.04.16 12:31:40.614,1.9779,1.97815,2.30,0.80
2008.04.16 12:31:40.868,1.9779,1.97815,0.90,0.80
2008.04.16 12:31:41.120,1.978,1.9782,0.90,7.20
2008.04.16 12:31:41.377,1.978,1.9783,1.10,9.70
2008.04.16 12:31:41.648,1.978,1.97825,0.60,0.90
2008.04.16 12:31:41.922,1.978,1.97825,0.80,1.70
2008.04.16 12:31:42.195,1.978,1.97825,0.80,1.70
2008.04.16 12:31:42.465,1.978,1.97825,0.80,1.70
2008.04.16 12:31:42.720,1.978,1.97825,0.80,1.70
2008.04.16 12:31:42.986,1.978,1.97825,0.80,1.70
2008.04.16 12:31:43.266,1.978,1.97825,0.80,1.70
2008.04.16 12:31:43.556,1.978,1.97825,0.80,5.70
2008.04.16 12:31:43.830,1.978,1.97815,0.80,0.80
2008.04.16 12:31:44.102,1.978,1.97815,0.80,0.80
2008.04.16 12:31:44.375,1.97795,1.97805,0.70,0.90
2008.04.16 12:31:44.617,1.97785,1.978,0.70,0.80
2008.04.16 12:31:44.859,1.9778,1.97795,0.80,0.80
2008.04.16 12:31:45.098,1.9778,1.97795,0.80,0.80
2008.04.16 12:31:45.338,1.9778,1.97795,0.80,0.80
2008.04.16 12:31:45.578,1.9778,1.97795,0.80,0.70
2008.04.16 12:31:45.875,1.9777,1.97795,0.80,0.90
2008.04.16 12:31:46.170,1.9777,1.97795,0.80,0.90
2008.04.16 12:31:46.498,1.9777,1.97795,0.80,0.90
2008.04.16 12:31:46.759,1.97765,1.9779,1.40,3.30
2008.04.16 12:31:47.021,1.9776,1.9779,1.00,3.30
2008.04.16 12:31:47.282,1.9776,1.9779,1.20,3.30
2008.04.16 12:31:47.543,1.9776,1.9779,2.70,0.90
2008.04.16 12:31:47.818,1.9776,1.9779,2.40,0.90
2008.04.16 12:31:48.093,1.9776,1.9779,2.60,0.90
2008.04.16 12:31:48.405,1.9776,1.9779,2.00,0.90
2008.04.16 12:31:48.683,1.9776,1.97785,0.70,0.90
2008.04.16 12:31:48.969,1.9777,1.97785,0.20,0.90
2008.04.16 12:31:49.254,1.97765,1.9779,0.70,4.00
2008.04.16 12:31:49.543,1.97765,1.97795,1.10,7.30
2008.04.16 12:31:49.772,1.97765,1.97795,1.90,7.30
2008.04.16 12:31:50.003,1.97765,1.97795,1.20,7.30
2008.04.16 12:31:50.236,1.9777,1.97795,0.50,6.40
2008.04.16 12:31:50.468,1.9777,1.978,1.40,0.90
2008.04.16 12:31:50.700,1.97775,1.97795,1.00,0.90
2008.04.16 12:31:51.049,1.97775,1.97795,1.20,0.90
2008.04.16 12:31:51.360,1.97775,1.97795,1.60,0.90
2008.04.16 12:31:51.676,1.9778,1.978,0.30,1.60
2008.04.16 12:31:51.896,1.97785,1.97805,1.30,0.90
2008.04.16 12:31:52.116,1.97775,1.97805,2.00,0.90
2008.04.16 12:31:52.336,1.97775,1.97805,0.50,0.90
2008.04.16 12:31:52.557,1.97775,1.97805,0.50,0.90
2008.04.16 12:31:52.867,1.97785,1.97805,0.80,2.50
2008.04.16 12:31:53.179,1.9779,1.9781,0.40,5.60
2008.04.16 12:31:53.490,1.9779,1.9781,0.30,4.00
2008.04.16 12:31:53.803,1.97795,1.97815,0.50,5.60
2008.04.16 12:31:54.048,1.97795,1.97815,0.60,1.60
2008.04.16 12:31:54.326,1.97795,1.97815,1.50,2.50
2008.04.16 12:31:54.571,1.97795,1.97815,0.80,2.50
2008.04.16 12:31:54.832,1.97795,1.9781,0.80,0.90
2008.04.16 12:31:55.093,1.97785,1.9781,1.10,0.90
2008.04.16 12:31:55.353,1.97785,1.9781,0.70,0.90
2008.04.16 12:31:55.614,1.97785,1.97815,1.50,4.10
2008.04.16 12:31:55.875,1.97785,1.9781,1.60,0.90
2008.04.16 12:31:56.140,1.97785,1.9781,0.60,0.90
2008.04.16 12:31:56.429,1.97785,1.9781,1.60,0.90
2008.04.16 12:31:56.715,1.97785,1.9781,1.60,0.90
2008.04.16 12:31:57.018,1.97785,1.9781,1.60,0.90
2008.04.16 12:31:57.282,1.97785,1.9781,1.30,0.90
2008.04.16 12:31:57.541,1.97785,1.9781,2.00,0.90
2008.04.16 12:31:57.804,1.97785,1.9781,1.00,0.90
2008.04.16 12:31:58.055,1.97785,1.9781,1.10,0.90
2008.04.16 12:31:58.306,1.97785,1.9781,0.50,0.90
2008.04.16 12:31:58.557,1.97785,1.9781,1.90,0.90
2008.04.16 12:31:58.811,1.97785,1.97805,1.80,0.90
2008.04.16 12:31:59.137,1.9778,1.97805,0.60,0.90
2008.04.16 12:31:59.438,1.9778,1.97805,0.80,1.70
2008.04.16 12:31:59.743,1.97775,1.97805,4.40,1.70
2008.04.16 12:31:59.979,1.97775,1.97805,1.10,7.30
2008.04.16 12:32:00.209,1.97775,1.97805,0.80,7.30
2008.04.16 12:32:00.441,1.97775,1.97805,0.90,7.30
2008.04.16 12:32:00.672,1.97775,1.978,1.60,0.90
2008.04.16 12:32:00.939,1.97775,1.978,1.50,0.90
2008.04.16 12:32:01.234,1.97775,1.978,1.40,0.90
2008.04.16 12:32:01.555,1.97775,1.978,0.80,0.90
2008.04.16 12:32:01.881,1.97775,1.978,0.50,0.90
2008.04.16 12:32:02.161,1.97775,1.978,1.50,0.90
2008.04.16 12:32:02.406,1.97775,1.978,0.80,0.90
2008.04.16 12:32:02.652,1.97775,1.978,0.50,0.90
2008.04.16 12:32:02.898,1.97775,1.978,1.60,0.90
2008.04.16 12:32:03.154,1.97775,1.978,0.50,0.90
2008.04.16 12:32:03.408,1.97775,1.978,1.40,0.90
2008.04.16 12:32:03.665,1.97775,1.978,1.50,0.90
2008.04.16 12:32:03.922,1.97775,1.978,0.80,0.90
2008.04.16 12:32:04.193,1.97775,1.978,0.70,0.90
2008.04.16 12:32:04.480,1.97775,1.978,1.10,0.90
2008.04.16 12:32:04.749,1.97775,1.978,1.30,0.90
2008.04.16 12:32:05.018,1.97775,1.978,0.50,0.90
2008.04.16 12:32:05.279,1.97775,1.978,1.00,0.90
2008.04.16 12:32:05.539,1.97775,1.978,1.10,0.90
2008.04.16 12:32:05.798,1.97775,1.978,0.80,0.90
2008.04.16 12:32:06.087,1.9777,1.978,2.10,0.90
2008.04.16 12:32:06.378,1.97775,1.97805,1.50,11.30
2008.04.16 12:32:06.678,1.97775,1.97805,1.70,11.30
2008.04.16 12:32:06.968,1.97775,1.97805,0.60,11.30
2008.04.16 12:32:07.206,1.97775,1.97805,1.20,11.30
2008.04.16 12:32:07.442,1.9778,1.97805,0.80,7.30
2008.04.16 12:32:07.676,1.9778,1.97805,0.80,7.30
2008.04.16 12:32:07.912,1.9778,1.97805,0.80,7.30
2008.04.16 12:32:08.163,1.9778,1.97805,0.80,7.30
2008.04.16 12:32:08.467,1.9778,1.97805,0.80,7.30
2008.04.16 12:32:08.786,1.9778,1.97805,0.80,7.30
2008.04.16 12:32:09.106,1.9778,1.97805,0.80,7.30
2008.04.16 12:32:09.311,1.9778,1.97805,0.80,7.30
2008.04.16 12:32:09.516,1.9778,1.97805,0.80,7.30
2008.04.16 12:32:09.722,1.9778,1.97805,0.80,7.30
2008.04.16 12:32:09.929,1.9778,1.97805,0.80,7.30
2008.04.16 12:32:10.164,1.9778,1.97805,0.80,7.30
2008.04.16 12:32:10.452,1.9778,1.97805,0.80,7.30
2008.04.16 12:32:10.740,1.9778,1.97805,0.80,7.30
2008.04.16 12:32:11.028,1.9778,1.97805,0.80,7.30
2008.04.16 12:32:11.118,1.9778,1.97805,0.80,7.30
2008.04.16 12:32:11.285,1.9778,1.97805,0.80,7.30
2008.04.16 12:32:11.560,1.9778,1.97805,0.80,7.30
2008.04.16 12:32:11.779,1.9778,1.97805,0.80,3.30
2008.04.16 12:32:12.010,1.9778,1.97805,0.70,2.50
2008.04.16 12:32:12.241,1.97785,1.97805,1.30,1.60
2008.04.16 12:32:12.551,1.97785,1.9781,0.80,5.70
2008.04.16 12:32:12.854,1.97785,1.97805,0.60,0.90
2008.04.16 12:32:13.161,1.97785,1.97805,0.70,0.90
2008.04.16 12:32:13.396,1.97785,1.97805,0.90,0.90
2008.04.16 12:32:13.630,1.97785,1.97805,1.60,0.90
2008.04.16 12:32:13.868,1.97785,1.97805,0.60,0.90
2008.04.16 12:32:14.141,1.97785,1.97805,0.60,0.90
2008.04.16 12:32:14.402,1.9779,1.97805,0.30,0.90
2008.04.16 12:32:14.664,1.9778,1.97805,2.40,0.90
2008.04.16 12:32:14.928,1.9778,1.97805,1.50,0.90
2008.04.16 12:32:15.199,1.97785,1.9781,0.90,2.40
2008.04.16 12:32:15.475,1.9779,1.97815,0.80,2.50
2008.04.16 12:32:15.751,1.9779,1.97815,0.80,2.50
2008.04.16 12:32:16.026,1.9779,1.97815,0.80,2.50
2008.04.16 12:32:16.328,1.9779,1.97815,0.80,2.30
2008.04.16 12:32:16.586,1.9779,1.97815,0.60,0.70
2008.04.16 12:32:16.813,1.97795,1.9782,0.90,2.30
2008.04.16 12:32:17.039,1.97795,1.9782,0.90,0.70
2008.04.16 12:32:17.267,1.97795,1.9782,0.90,0.70
2008.04.16 12:32:17.531,1.97795,1.9782,0.90,0.70
2008.04.16 12:32:17.792,1.97795,1.9782,0.90,0.70
2008.04.16 12:32:18.022,1.97795,1.9782,0.90,0.70
2008.04.16 12:32:18.285,1.9779,1.9782,1.50,0.70
2008.04.16 12:32:18.578,1.9779,1.9782,0.80,2.30
2008.04.16 12:32:18.873,1.9779,1.9782,0.70,2.30
2008.04.16 12:32:19.163,1.9779,1.9782,0.60,2.30
2008.04.16 12:32:19.401,1.97795,1.9782,0.90,2.30
2008.04.16 12:32:19.667,1.97795,1.9782,0.90,0.70
2008.04.16 12:32:19.933,1.97795,1.9782,0.90,0.70
2008.04.16 12:32:20.173,1.97795,1.9782,1.20,0.70
2008.04.16 12:32:20.483,1.97795,1.9782,0.60,0.70
2008.04.16 12:32:20.812,1.97795,1.9782,2.20,0.70
2008.04.16 12:32:21.098,1.97795,1.9782,1.60,0.70
2008.04.16 12:32:21.417,1.97795,1.9782,1.50,0.70
2008.04.16 12:32:21.685,1.97795,1.9782,1.60,0.70
2008.04.16 12:32:21.951,1.97795,1.9782,2.00,0.70
2008.04.16 12:32:22.233,1.97795,1.9782,0.60,0.70
2008.04.16 12:32:22.477,1.97795,1.9782,2.30,0.70
2008.04.16 12:32:22.718,1.97795,1.9782,0.80,0.70
2008.04.16 12:32:22.960,1.97795,1.9782,0.80,2.30
2008.04.16 12:32:23.201,1.97805,1.9782,0.90,1.60
2008.04.16 12:32:23.498,1.97805,1.9782,0.90,1.60
2008.04.16 12:32:23.794,1.97815,1.97825,0.90,2.40
2008.04.16 12:32:24.121,1.9781,1.97835,0.60,3.10
2008.04.16 12:32:24.419,1.9781,1.97835,0.80,3.10
2008.04.16 12:32:24.676,1.9781,1.97835,1.10,3.10
2008.04.16 12:32:24.938,1.9781,1.97835,1.00,0.70
2008.04.16 12:32:25.226,1.97815,1.97835,0.80,0.70
2008.04.16 12:32:25.498,1.9782,1.9784,0.80,0.70
2008.04.16 12:32:25.787,1.9782,1.9784,0.80,0.70
2008.04.16 12:32:26.053,1.9782,1.9784,0.80,0.70
2008.04.16 12:32:26.322,1.9782,1.9784,0.80,0.70
2008.04.16 12:32:26.592,1.9782,1.9784,0.80,0.90
2008.04.16 12:32:26.902,1.9783,1.97845,0.50,0.90
2008.04.16 12:32:27.175,1.9783,1.97845,0.70,0.90
2008.04.16 12:32:27.484,1.97835,1.97855,0.80,4.00
2008.04.16 12:32:27.779,1.97835,1.9785,0.80,0.90
2008.04.16 12:32:28.080,1.97825,1.9785,1.20,0.90
2008.04.16 12:32:28.383,1.97835,1.97855,0.90,4.80
2008.04.16 12:32:28.629,1.97835,1.97855,0.90,2.40
2008.04.16 12:32:28.910,1.9783,1.97855,0.50,2.40
2008.04.16 12:32:29.156,1.97835,1.9786,1.40,2.50
2008.04.16 12:32:29.403,1.97835,1.9786,0.90,2.50
2008.04.16 12:32:29.694,1.9783,1.9786,0.80,2.50
2008.04.16 12:32:29.995,1.97835,1.9786,0.90,0.90
2008.04.16 12:32:30.286,1.9784,1.97865,0.20,5.70
2008.04.16 12:32:30.547,1.9784,1.97865,0.50,5.70
2008.04.16 12:32:30.808,1.9784,1.97865,0.90,5.70
2008.04.16 12:32:31.070,1.9784,1.97865,1.10,4.10
2008.04.16 12:32:31.330,1.9784,1.97865,1.70,1.70
2008.04.16 12:32:31.586,1.9784,1.97865,1.70,0.90
2008.04.16 12:32:31.842,1.9784,1.97865,1.10,0.90
2008.04.16 12:32:32.098,1.9784,1.97865,1.10,0.90
2008.04.16 12:32:32.383,1.9784,1.97865,0.70,0.90
2008.04.16 12:32:32.670,1.9784,1.97865,1.00,0.90
2008.04.16 12:32:32.956,1.9784,1.97855,1.20,0.80
2008.04.16 12:32:33.229,1.9784,1.97855,0.80,2.50
2008.04.16 12:32:33.501,1.9783,1.97855,1.10,2.50
2008.04.16 12:32:33.779,1.9783,1.97855,0.70,2.50
2008.04.16 12:32:34.064,1.9783,1.97855,1.10,2.50
2008.04.16 12:32:34.341,1.97825,1.97855,2.30,6.50
2008.04.16 12:32:34.607,1.97825,1.97855,1.30,8.10
2008.04.16 12:32:34.876,1.9783,1.97855,0.90,8.10
2008.04.16 12:32:35.174,1.9783,1.97855,1.10,4.10
2008.04.16 12:32:35.440,1.9783,1.97855,0.90,4.10
2008.04.16 12:32:35.706,1.97835,1.97855,1.10,4.10
2008.04.16 12:32:35.972,1.97835,1.97855,0.70,4.10
2008.04.16 12:32:36.237,1.97835,1.97855,2.00,3.20
2008.04.16 12:32:36.504,1.97835,1.97855,0.90,1.60
2008.04.16 12:32:36.811,1.97835,1.97855,1.70,1.60
2008.04.16 12:32:37.097,1.97835,1.97865,1.10,6.50
2008.04.16 12:32:37.383,1.9784,1.97865,1.10,4.10
2008.04.16 12:32:37.658,1.97845,1.97865,1.50,2.50
2008.04.16 12:32:37.934,1.9785,1.97865,0.90,1.60
2008.04.16 12:32:38.238,1.97855,1.97875,1.70,0.90
2008.04.16 12:32:38.515,1.97855,1.97875,1.00,0.90
2008.04.16 12:32:38.796,1.97865,1.97885,1.70,4.00
2008.04.16 12:32:39.078,1.97875,1.9789,2.40,1.70
2008.04.16 12:32:39.361,1.97875,1.97895,3.30,2.40
2008.04.16 12:32:39.669,1.97885,1.979,2.40,3.30
2008.04.16 12:32:39.921,1.97885,1.979,2.40,0.90
2008.04.16 12:32:40.171,1.97885,1.97905,2.40,4.90
2008.04.16 12:32:40.458,1.97885,1.97905,3.20,0.90
2008.04.16 12:32:40.749,1.97885,1.9791,1.70,2.50
2008.04.16 12:32:41.040,1.97885,1.9791,5.70,0.90
2008.04.16 12:32:41.330,1.97895,1.9792,3.20,2.50
2008.04.16 12:32:41.620,1.97895,1.9792,3.20,2.50
2008.04.16 12:32:41.862,1.97895,1.9792,3.20,2.50
2008.04.16 12:32:42.101,1.97895,1.9792,3.20,2.50
2008.04.16 12:32:42.342,1.97895,1.9792,3.20,2.50
2008.04.16 12:32:42.582,1.97895,1.9792,2.40,2.50
2008.04.16 12:32:42.878,1.97895,1.97915,2.40,0.90
2008.04.16 12:32:43.175,1.97895,1.97915,2.40,0.90
2008.04.16 12:32:43.470,1.97895,1.97915,2.40,0.90
2008.04.16 12:32:43.768,1.97895,1.9791,2.40,0.80
2008.04.16 12:32:44.037,1.97905,1.97925,0.90,2.40
2008.04.16 12:32:44.272,1.97905,1.9793,0.90,0.90
2008.04.16 12:32:44.509,1.97905,1.97925,0.90,0.80
2008.04.16 12:32:44.815,1.979,1.97925,2.50,0.90
2008.04.16 12:32:45.145,1.979,1.97925,0.90,0.90
2008.04.16 12:32:45.451,1.97895,1.9792,4.90,0.90
2008.04.16 12:32:45.759,1.979,1.97925,0.90,0.90
2008.04.16 12:32:46.026,1.97905,1.97925,2.40,0.90
2008.04.16 12:32:46.321,1.97905,1.9792,2.40,0.90
2008.04.16 12:32:46.583,1.97905,1.9792,2.40,0.90
2008.04.16 12:32:46.871,1.97895,1.9792,4.90,0.90
2008.04.16 12:32:47.161,1.97905,1.9792,2.40,0.90
2008.04.16 12:32:47.444,1.97895,1.97925,4.10,3.30
2008.04.16 12:32:47.756,1.97895,1.97925,4.10,5.70
2008.04.16 12:32:48.010,1.97895,1.97925,4.10,5.70
2008.04.16 12:32:48.268,1.97895,1.97925,4.10,5.70
2008.04.16 12:32:48.560,1.979,1.97925,1.70,3.30
2008.04.16 12:32:48.817,1.979,1.97925,2.70,0.90
2008.04.16 12:32:49.108,1.979,1.97925,2.70,0.90
2008.04.16 12:32:49.399,1.979,1.97925,2.70,0.90
2008.04.16 12:32:49.732,1.979,1.97925,2.50,0.90
2008.04.16 12:32:50.002,1.979,1.97925,2.50,0.90
2008.04.16 12:32:50.272,1.979,1.97925,2.50,0.90
2008.04.16 12:32:50.542,1.979,1.97925,2.50,0.90
2008.04.16 12:32:50.813,1.97905,1.97925,0.80,0.90
2008.04.16 12:32:51.124,1.979,1.97925,2.50,0.90
2008.04.16 12:32:51.406,1.979,1.97925,2.50,0.90
2008.04.16 12:32:51.687,1.979,1.97925,1.70,0.90
2008.04.16 12:32:51.982,1.9791,1.97925,0.30,0.90
2008.04.16 12:32:52.247,1.97915,1.9793,0.80,1.60
2008.04.16 12:32:52.511,1.97915,1.9793,0.80,1.60
2008.04.16 12:32:52.774,1.9792,1.9794,0.80,2.50
2008.04.16 12:32:53.094,1.97915,1.9794,1.70,0.90
2008.04.16 12:32:53.367,1.9792,1.97945,1.10,9.70
2008.04.16 12:32:53.653,1.9792,1.97945,3.50,0.90
2008.04.16 12:32:53.914,1.9792,1.97945,3.30,0.90
2008.04.16 12:32:54.210,1.9792,1.97945,3.30,0.90
2008.04.16 12:32:54.457,1.9792,1.97945,0.90,0.90
2008.04.16 12:32:54.720,1.9792,1.97945,0.90,0.90
2008.04.16 12:32:54.984,1.97915,1.9794,4.90,0.90
2008.04.16 12:32:55.275,1.97915,1.9794,4.90,0.90
2008.04.16 12:32:55.540,1.9792,1.97945,0.90,0.90
2008.04.16 12:32:55.801,1.9792,1.97945,0.90,0.90
2008.04.16 12:32:56.103,1.9792,1.97945,0.90,0.90
2008.04.16 12:32:56.413,1.97915,1.9794,4.90,0.90
2008.04.16 12:32:56.715,1.97915,1.9794,4.90,0.90
2008.04.16 12:32:57.783,1.97915,1.9794,0.90,0.90
2008.04.16 12:32:57.878,1.97915,1.9794,0.90,1.70
2008.04.16 12:32:57.925,1.9791,1.9793,1.60,0.90
2008.04.16 12:32:58.003,1.97905,1.9793,3.30,0.90
2008.04.16 12:32:58.185,1.97905,1.9793,3.30,0.90
2008.04.16 12:33:00.092,1.979,1.97925,2.40,3.30
2008.04.16 12:33:02.233,1.979,1.97915,2.40,1.60
2008.04.16 12:33:02.468,1.97885,1.97905,0.90,1.60
2008.04.16 12:33:02.530,1.9788,1.97905,2.50,2.50
2008.04.16 12:33:02.639,1.9788,1.97905,2.50,1.60
2008.04.16 12:33:02.653,1.9788,1.97905,2.50,1.60
2008.04.16 12:33:04.146,1.9788,1.97905,2.50,1.60
2008.04.16 12:33:04.475,1.9787,1.97895,3.30,0.90
2008.04.16 12:33:04.755,1.9787,1.97895,3.30,0.90
2008.04.16 12:33:04.980,1.9787,1.97895,3.30,0.90
2008.04.16 12:33:05.224,1.9787,1.97895,3.30,0.90
2008.04.16 12:33:05.534,1.97875,1.979,2.50,0.90
2008.04.16 12:33:05.845,1.97875,1.979,2.50,0.90
2008.04.16 12:33:06.155,1.97875,1.979,2.50,0.90
2008.04.16 12:33:06.399,1.97875,1.97895,1.60,0.90
2008.04.16 12:33:06.640,1.9787,1.97895,0.90,0.90
2008.04.16 12:33:06.882,1.9787,1.97895,0.90,0.90
2008.04.16 12:33:07.123,1.9787,1.97895,0.90,0.90
2008.04.16 12:33:07.363,1.9787,1.97895,0.90,0.90
2008.04.16 12:33:07.652,1.9787,1.97895,0.90,0.90
2008.04.16 12:33:07.943,1.9787,1.97895,0.90,0.90
2008.04.16 12:33:08.234,1.9787,1.97895,0.90,4.90
2008.04.16 12:33:08.492,1.9787,1.97895,0.90,5.70
2008.04.16 12:33:08.718,1.9787,1.97895,3.30,5.70
2008.04.16 12:33:08.943,1.97875,1.97895,2.40,5.70
2008.04.16 12:33:09.169,1.97875,1.97895,2.40,4.90
2008.04.16 12:33:09.394,1.97875,1.97895,3.30,4.00
2008.04.16 12:33:09.698,1.97875,1.97895,3.30,4.00
2008.04.16 12:33:10.003,1.97875,1.97895,3.30,4.00
2008.04.16 12:33:10.308,1.97875,1.97895,0.90,4.00
2008.04.16 12:33:10.570,1.97875,1.97895,0.90,4.00
2008.04.16 12:33:10.830,1.97875,1.97895,0.90,4.00
2008.04.16 12:33:11.119,1.97875,1.979,0.90,4.90
2008.04.16 12:33:11.382,1.9788,1.979,0.90,4.80
2008.04.16 12:33:11.672,1.9788,1.979,0.90,4.80
2008.04.16 12:33:11.964,1.9788,1.979,1.70,4.80
2008.04.16 12:33:12.254,1.9788,1.979,1.70,4.80
2008.04.16 12:33:12.545,1.9788,1.979,1.70,4.80
2008.04.16 12:33:12.815,1.9788,1.97895,0.80,0.80
2008.04.16 12:33:13.087,1.97875,1.97895,3.30,0.80
2008.04.16 12:33:13.358,1.97875,1.97895,0.90,0.80
2008.04.16 12:33:13.634,1.97875,1.97895,0.90,4.80
2008.04.16 12:33:13.910,1.9787,1.9788,0.80,0.80
2008.04.16 12:33:14.186,1.9787,1.9788,0.80,0.80
2008.04.16 12:33:14.503,1.9787,1.97885,1.70,0.80
2008.04.16 12:33:14.782,1.9787,1.97885,1.70,0.80
2008.04.16 12:33:15.063,1.9787,1.97895,3.30,7.30
2008.04.16 12:33:15.343,1.97875,1.97895,0.90,6.40
2008.04.16 12:33:15.594,1.97875,1.97895,0.90,4.80
2008.04.16 12:33:15.844,1.97875,1.97895,0.90,4.80
2008.04.16 12:33:16.094,1.97875,1.97895,0.90,4.80
2008.04.16 12:33:16.344,1.97875,1.97895,0.90,4.80
2008.04.16 12:33:16.609,1.97875,1.97895,0.90,4.80
2008.04.16 12:33:16.873,1.97875,1.97895,0.90,4.80
2008.04.16 12:33:17.170,1.97875,1.97895,0.90,4.80
2008.04.16 12:33:17.437,1.9787,1.9789,1.60,0.90
2008.04.16 12:33:17.723,1.97865,1.9788,0.90,0.80
2008.04.16 12:33:18.010,1.97875,1.97895,0.90,1.60
2008.04.16 12:33:18.295,1.97875,1.97895,0.90,1.60
2008.04.16 12:33:18.582,1.97875,1.979,0.90,4.00
2008.04.16 12:33:18.832,1.97875,1.979,2.40,4.00
2008.04.16 12:33:19.082,1.9787,1.979,18.40,4.00
2008.04.16 12:33:19.340,1.9786,1.97895,12.90,2.40
2008.04.16 12:33:19.591,1.9787,1.97895,2.60,2.40
2008.04.16 12:33:19.882,1.9786,1.97895,2.40,2.40
2008.04.16 12:33:20.174,1.9786,1.97895,6.40,2.40
2008.04.16 12:33:20.499,1.9786,1.97895,5.40,2.40
2008.04.16 12:33:20.701,1.9786,1.97895,1.30,2.40
2008.04.16 12:33:20.969,1.9786,1.97895,1.50,2.40
2008.04.16 12:33:21.171,1.9786,1.97895,1.50,2.40
2008.04.16 12:33:21.444,1.97865,1.9788,0.60,0.80
2008.04.16 12:33:21.679,1.97865,1.9788,0.60,0.80
2008.04.16 12:33:21.985,1.9786,1.9788,0.60,0.80
2008.04.16 12:33:22.290,1.9786,1.9788,0.60,0.80
2008.04.16 12:33:22.595,1.9786,1.9788,0.60,0.80
2008.04.16 12:33:22.839,1.9786,1.9788,0.60,0.80
2008.04.16 12:33:23.089,1.9786,1.9788,0.60,0.80
2008.04.16 12:33:23.342,1.9786,1.9788,0.60,0.80
2008.04.16 12:33:23.591,1.9786,1.9788,0.60,0.80
2008.04.16 12:33:23.862,1.9786,1.9788,0.60,0.80
2008.04.16 12:33:24.137,1.9786,1.9788,0.60,0.80
2008.04.16 12:33:24.408,1.9786,1.9788,0.60,0.80
2008.04.16 12:33:24.680,1.9786,1.9788,0.60,0.80
2008.04.16 12:33:24.989,1.9786,1.97865,0.60,0.80
2008.04.16 12:33:25.256,1.9786,1.97865,0.60,0.80
2008.04.16 12:33:25.528,1.9786,1.9788,0.60,0.80
2008.04.16 12:33:25.787,1.9786,1.9788,0.60,0.80
2008.04.16 12:33:26.041,1.9786,1.9788,0.60,0.80
2008.04.16 12:33:26.316,1.9786,1.9788,0.60,0.80
2008.04.16 12:33:26.578,1.97855,1.9787,0.60,0.80
2008.04.16 12:33:26.883,1.97855,1.9787,0.60,0.80
2008.04.16 12:33:27.189,1.97855,1.9787,0.60,0.80
2008.04.16 12:33:27.496,1.97855,1.9787,0.60,0.80
2008.04.16 12:33:27.801,1.9785,1.9787,0.60,0.80
2008.04.16 12:33:28.064,1.9785,1.9787,0.60,0.80
2008.04.16 12:33:28.326,1.9785,1.9787,0.60,2.40
2008.04.16 12:33:28.620,1.9785,1.9787,0.60,2.40
2008.04.16 12:33:28.888,1.9784,1.9786,1.60,0.90
2008.04.16 12:33:29.159,1.9783,1.9785,1.00,0.80
2008.04.16 12:33:29.432,1.97825,1.9784,0.90,0.80
2008.04.16 12:33:29.703,1.97825,1.9784,0.90,0.80
2008.04.16 12:33:30.016,1.97825,1.9783,0.90,0.80
2008.04.16 12:33:30.298,1.97825,1.9783,0.90,0.80
2008.04.16 12:33:30.581,1.97825,1.9783,0.90,0.80
2008.04.16 12:33:30.836,1.97825,1.9783,0.90,0.80
2008.04.16 12:33:31.123,1.97825,1.9783,0.90,0.80
2008.04.16 12:33:31.378,1.97825,1.9783,0.90,0.80
2008.04.16 12:33:31.633,1.97825,1.9783,0.90,0.80
2008.04.16 12:33:31.903,1.97825,1.9783,0.90,0.80
2008.04.16 12:33:32.180,1.97825,1.9783,0.90,0.80
2008.04.16 12:33:32.451,1.97825,1.9784,0.90,0.80
2008.04.16 12:33:32.722,1.97825,1.9784,0.90,0.80
2008.04.16 12:33:32.986,1.97825,1.9784,0.90,0.80
2008.04.16 12:33:33.253,1.97825,1.9784,0.90,0.80
2008.04.16 12:33:33.519,1.97825,1.9784,0.90,0.80
2008.04.16 12:33:33.785,1.97825,1.9784,0.90,0.80
2008.04.16 12:33:34.070,1.97825,1.9784,0.90,0.80
2008.04.16 12:33:34.356,1.97825,1.9784,0.90,0.80
2008.04.16 12:33:34.674,1.97825,1.9784,0.90,0.80
2008.04.16 12:33:34.962,1.97815,1.9784,0.90,0.80
2008.04.16 12:33:35.220,1.97815,1.9784,0.90,0.80
2008.04.16 12:33:35.475,1.97815,1.9784,0.90,3.20
2008.04.16 12:33:35.731,1.97815,1.9784,0.90,0.80
2008.04.16 12:33:35.994,1.97815,1.9783,0.90,0.80
2008.04.16 12:33:36.256,1.97805,1.9783,2.50,0.80
2008.04.16 12:33:36.519,1.97805,1.9782,0.90,0.80
2008.04.16 12:33:36.781,1.97805,1.9782,0.90,0.80
2008.04.16 12:33:37.061,1.97805,1.9782,0.90,0.80
2008.04.16 12:33:37.341,1.97805,1.9782,0.90,0.80
2008.04.16 12:33:37.622,1.97805,1.9782,0.90,0.80
2008.04.16 12:33:37.941,1.97805,1.9782,0.90,0.80
2008.04.16 12:33:38.200,1.97805,1.9782,0.90,0.80
2008.04.16 12:33:38.462,1.97805,1.9782,0.90,0.80
2008.04.16 12:33:38.726,1.97805,1.9782,0.90,0.80
2008.04.16 12:33:38.989,1.97805,1.9782,0.90,0.80
2008.04.16 12:33:39.283,1.978,1.9782,3.30,0.80
2008.04.16 12:33:39.574,1.978,1.9782,3.30,0.80
2008.04.16 12:33:39.865,1.978,1.9782,3.30,2.40
2008.04.16 12:33:40.110,1.978,1.9782,3.30,2.40
2008.04.16 12:33:40.356,1.978,1.9782,3.30,2.40
2008.04.16 12:33:40.602,1.978,1.9782,0.90,2.40
2008.04.16 12:33:40.881,1.978,1.9782,0.90,2.40
2008.04.16 12:33:41.166,1.978,1.9782,0.90,2.40
2008.04.16 12:33:41.453,1.97795,1.9781,2.50,0.80
2008.04.16 12:33:41.738,1.97795,1.9781,0.90,0.80
2008.04.16 12:33:42.060,1.97795,1.9781,0.90,0.80
2008.04.16 12:33:42.341,1.97795,1.9781,0.90,0.80
2008.04.16 12:33:42.622,1.97795,1.9781,0.90,0.80
2008.04.16 12:33:42.900,1.97795,1.9781,0.90,0.80
2008.04.16 12:33:43.207,1.97795,1.9781,0.90,0.80
2008.04.16 12:33:43.464,1.97795,1.9781,0.90,0.80
2008.04.16 12:33:43.720,1.97795,1.9781,0.90,0.80
2008.04.16 12:33:43.981,1.97785,1.9781,2.50,0.80
2008.04.16 12:33:44.279,1.97785,1.978,0.90,0.80
2008.04.16 12:33:44.602,1.97785,1.978,0.90,0.80
2008.04.16 12:33:44.899,1.9778,1.978,0.90,0.80
2008.04.16 12:33:45.194,1.9778,1.978,0.90,0.80
2008.04.16 12:33:45.528,1.97775,1.978,0.90,0.80
2008.04.16 12:33:45.761,1.97775,1.978,0.90,0.80
2008.04.16 12:33:46.030,1.97775,1.978,0.90,0.80
2008.04.16 12:33:46.298,1.97775,1.978,0.90,0.80
2008.04.16 12:33:46.565,1.9778,1.978,0.90,1.60
2008.04.16 12:33:46.831,1.9778,1.978,0.90,1.60
2008.04.16 12:33:47.097,1.9778,1.978,0.90,3.20
2008.04.16 12:33:47.378,1.97775,1.978,2.50,3.20
2008.04.16 12:33:47.660,1.97775,1.9779,0.90,0.80
2008.04.16 12:33:47.941,1.97775,1.9779,0.90,0.80
2008.04.16 12:33:48.222,1.97775,1.9779,0.90,0.80
2008.04.16 12:33:48.516,1.97775,1.9779,0.90,0.80
2008.04.16 12:33:48.813,1.97775,1.9779,0.90,0.80
2008.04.16 12:33:49.132,1.9777,1.9779,3.90,2.40
2008.04.16 12:33:49.363,1.9777,1.9779,3.80,2.40
2008.04.16 12:33:49.595,1.9777,1.9779,3.80,2.40
2008.04.16 12:33:49.826,1.9777,1.9779,3.80,2.40
2008.04.16 12:33:50.056,1.9777,1.9779,3.80,2.40
2008.04.16 12:33:50.286,1.9777,1.9779,3.80,2.40
2008.04.16 12:33:50.608,1.9777,1.9779,4.00,2.40
2008.04.16 12:33:50.928,1.9777,1.9779,3.70,2.40
2008.04.16 12:33:51.279,1.9777,1.97795,5.60,1.60
2008.04.16 12:33:51.510,1.9778,1.978,0.30,0.80
2008.04.16 12:33:51.741,1.97775,1.978,0.90,0.80
2008.04.16 12:33:51.971,1.9777,1.978,4.60,1.70
2008.04.16 12:33:52.203,1.9777,1.97795,4.50,1.60
2008.04.16 12:33:52.493,1.97775,1.978,0.90,1.60
2008.04.16 12:33:52.783,1.97775,1.978,0.90,0.80
2008.04.16 12:33:53.073,1.97775,1.978,0.90,0.80
2008.04.16 12:33:53.364,1.97775,1.978,0.90,0.80
2008.04.16 12:33:53.625,1.97775,1.978,0.90,0.80
2008.04.16 12:33:53.884,1.97775,1.978,0.90,0.80
2008.04.16 12:33:54.153,1.97775,1.978,0.90,0.80
2008.04.16 12:33:54.413,1.97775,1.978,0.90,0.80
2008.04.16 12:33:54.659,1.97775,1.978,0.90,0.80
2008.04.16 12:33:54.944,1.97775,1.978,0.90,0.80
2008.04.16 12:33:55.189,1.97775,1.978,0.90,0.80
2008.04.16 12:33:55.433,1.97775,1.978,0.90,0.80
2008.04.16 12:33:55.714,1.97775,1.978,0.90,1.60
2008.04.16 12:33:55.994,1.97775,1.978,0.90,1.60
2008.04.16 12:33:56.276,1.97775,1.978,0.90,1.60
2008.04.16 12:33:56.555,1.97775,1.978,0.90,1.60
2008.04.16 12:33:56.816,1.97775,1.978,0.90,1.60
2008.04.16 12:33:57.076,1.97775,1.978,0.90,1.60
2008.04.16 12:33:57.338,1.97775,1.978,0.90,1.60
2008.04.16 12:33:57.624,1.97775,1.978,0.90,1.60
2008.04.16 12:33:57.870,1.97775,1.978,0.90,0.80
2008.04.16 12:33:58.125,1.97775,1.978,0.90,0.80
2008.04.16 12:33:58.382,1.9778,1.978,0.90,1.70
2008.04.16 12:33:58.668,1.9778,1.978,0.90,1.70
2008.04.16 12:33:58.953,1.9778,1.978,0.90,1.70
2008.04.16 12:33:59.268,1.9778,1.978,0.90,1.70
2008.04.16 12:33:59.554,1.9778,1.978,0.90,1.70
2008.04.16 12:33:59.835,1.9778,1.978,0.90,1.70
2008.04.16 12:34:00.101,1.9778,1.978,0.90,1.70
2008.04.16 12:34:00.369,1.97775,1.97795,0.90,0.90
2008.04.16 12:34:00.627,1.97775,1.97795,0.90,0.90
2008.04.16 12:34:00.888,1.9777,1.9779,4.10,0.90
2008.04.16 12:34:01.142,1.9777,1.9779,4.10,0.90
2008.04.16 12:34:01.429,1.9777,1.9779,4.10,0.90
2008.04.16 12:34:01.652,1.9777,1.9779,4.10,0.90
2008.04.16 12:34:01.907,1.9777,1.9779,4.10,0.90
2008.04.16 12:34:02.162,1.9777,1.9779,4.10,0.90
2008.04.16 12:34:02.417,1.9777,1.9779,4.10,0.90
2008.04.16 12:34:02.679,1.9777,1.9779,4.10,0.90
2008.04.16 12:34:02.939,1.9777,1.9779,4.10,0.90
2008.04.16 12:34:03.199,1.9777,1.9779,4.10,0.90
2008.04.16 12:34:03.457,1.9777,1.9779,4.10,0.90
2008.04.16 12:34:03.733,1.9777,1.9779,4.10,0.90
2008.04.16 12:34:04.008,1.9777,1.9779,4.10,0.90
2008.04.16 12:34:04.296,1.9777,1.9779,1.70,0.90
2008.04.16 12:34:04.572,1.9777,1.9779,1.70,0.90
2008.04.16 12:34:04.849,1.9777,1.9779,1.70,0.90
2008.04.16 12:34:05.126,1.9777,1.9779,1.20,0.90
2008.04.16 12:34:05.439,1.9778,1.97795,0.90,1.60
2008.04.16 12:34:05.714,1.9778,1.978,1.10,0.90
2008.04.16 12:34:05.984,1.9778,1.978,1.10,0.90
2008.04.16 12:34:06.249,1.9778,1.978,1.10,0.90
2008.04.16 12:34:06.516,1.9778,1.978,1.90,1.70
2008.04.16 12:34:06.797,1.9778,1.978,2.20,1.70
2008.04.16 12:34:07.078,1.9778,1.978,2.00,0.90
2008.04.16 12:34:07.360,1.9778,1.978,2.10,0.90
2008.04.16 12:34:07.676,1.97785,1.97805,0.90,2.50
2008.04.16 12:34:07.895,1.97785,1.97805,0.90,2.50
2008.04.16 12:34:08.116,1.9779,1.97805,0.90,1.60
2008.04.16 12:34:08.349,1.9779,1.97805,0.90,1.60
2008.04.16 12:34:08.571,1.9779,1.97805,1.10,1.60
2008.04.16 12:34:08.901,1.9779,1.97805,0.90,1.60
2008.04.16 12:34:09.175,1.9779,1.9781,0.90,1.70
2008.04.16 12:34:09.461,1.9779,1.9781,0.90,1.70
2008.04.16 12:34:09.747,1.9779,1.978,0.90,0.80
2008.04.16 12:34:10.023,1.9778,1.978,2.60,1.70
2008.04.16 12:34:10.299,1.9778,1.978,1.80,2.50
2008.04.16 12:34:10.610,1.9778,1.978,2.00,2.50
2008.04.16 12:34:10.885,1.9778,1.978,2.00,2.50
2008.04.16 12:34:11.087,1.9778,1.978,2.00,2.50
2008.04.16 12:34:11.288,1.9778,1.978,1.90,2.50
2008.04.16 12:34:11.487,1.97785,1.978,0.90,1.60
2008.04.16 12:34:11.680,1.97785,1.978,0.90,0.80
2008.04.16 12:34:12.017,1.9778,1.978,1.90,1.70
2008.04.16 12:34:12.357,1.9778,1.978,1.90,2.50
2008.04.16 12:34:12.693,1.9778,1.978,1.90,2.50
2008.04.16 12:34:12.898,1.97785,1.978,0.90,1.60
2008.04.16 12:34:13.134,1.97785,1.978,0.90,1.60
2008.04.16 12:34:13.339,1.97785,1.978,0.90,0.80
2008.04.16 12:34:13.544,1.9778,1.978,1.90,1.70
2008.04.16 12:34:13.749,1.9778,1.978,1.90,2.50
2008.04.16 12:34:14.059,1.9778,1.978,1.90,2.50
2008.04.16 12:34:14.369,1.9778,1.978,1.90,2.50
2008.04.16 12:34:14.680,1.9778,1.978,1.90,2.50
2008.04.16 12:34:15.024,1.9778,1.978,1.90,2.50
2008.04.16 12:34:15.223,1.9778,1.978,1.90,2.50
2008.04.16 12:34:15.422,1.9778,1.978,1.90,2.50
2008.04.16 12:34:15.622,1.9778,1.978,1.90,2.50
2008.04.16 12:34:15.851,1.9778,1.978,1.90,2.50
2008.04.16 12:34:16.106,1.9778,1.978,1.90,2.50
2008.04.16 12:34:16.360,1.9778,1.978,1.90,2.50
2008.04.16 12:34:16.616,1.9778,1.978,1.90,2.50
2008.04.16 12:34:16.871,1.9778,1.978,1.90,2.50
2008.04.16 12:34:17.098,1.9778,1.978,1.90,2.50
2008.04.16 12:34:17.323,1.9778,1.97795,0.90,0.80
2008.04.16 12:34:17.551,1.9777,1.9779,3.40,1.70
2008.04.16 12:34:17.827,1.9777,1.9779,0.90,1.70
2008.04.16 12:34:18.040,1.9777,1.9779,0.90,1.70
2008.04.16 12:34:18.300,1.9777,1.9779,0.90,1.70
2008.04.16 12:34:18.561,1.9777,1.9779,0.90,1.70
2008.04.16 12:34:18.821,1.9777,1.9779,0.90,1.70
2008.04.16 12:34:19.071,1.9777,1.9779,0.90,1.70
2008.04.16 12:34:19.320,1.9777,1.9779,0.90,1.70
2008.04.16 12:34:19.571,1.9777,1.9779,0.90,1.70
2008.04.16 12:34:19.851,1.9777,1.97775,0.20,0.90
2008.04.16 12:34:20.117,1.9776,1.97775,1.00,0.90
2008.04.16 12:34:20.362,1.9776,1.97775,0.90,0.90
2008.04.16 12:34:20.600,1.9777,1.9778,0.90,2.40
2008.04.16 12:34:20.862,1.9777,1.97785,0.90,1.60
2008.04.16 12:34:21.163,1.9777,1.9779,0.90,1.70
2008.04.16 12:34:21.467,1.9777,1.9779,0.90,1.70
2008.04.16 12:34:21.764,1.9777,1.9779,0.90,1.70
2008.04.16 12:34:22.060,1.9777,1.9779,0.90,1.70
2008.04.16 12:34:22.358,1.9777,1.9779,0.90,1.70
2008.04.16 12:34:22.617,1.9777,1.9779,0.90,1.70
2008.04.16 12:34:22.877,1.9777,1.9779,0.90,1.70
2008.04.16 12:34:23.072,1.9777,1.9779,0.90,1.70
2008.04.16 12:34:23.298,1.9777,1.9779,0.90,1.70
2008.04.16 12:34:23.462,1.9778,1.9779,0.90,0.80
2008.04.16 12:34:23.658,1.9778,1.97795,0.90,1.60
2008.04.16 12:34:23.855,1.9778,1.97795,0.90,1.60
2008.04.16 12:34:24.053,1.9778,1.97795,0.90,1.60
2008.04.16 12:34:24.319,1.9778,1.97795,0.90,1.60
2008.04.16 12:34:24.584,1.9778,1.97795,0.90,1.60
2008.04.16 12:34:24.881,1.9778,1.97795,0.90,1.60
2008.04.16 12:34:25.147,1.9778,1.97795,0.90,1.60
2008.04.16 12:34:25.347,1.9778,1.97795,0.90,1.60
2008.04.16 12:34:25.548,1.9778,1.97795,0.90,1.60
2008.04.16 12:34:25.749,1.9778,1.97795,0.90,1.60
2008.04.16 12:34:25.949,1.97775,1.97795,0.90,2.50
2008.04.16 12:34:26.148,1.97775,1.97795,0.90,2.50
2008.04.16 12:34:26.419,1.97775,1.97795,0.90,0.90
2008.04.16 12:34:26.472,1.97775,1.97795,0.90,0.90
2008.04.16 12:34:26.722,1.97775,1.97795,0.90,0.90
2008.04.16 12:34:26.990,1.97775,1.97795,0.90,0.90
2008.04.16 12:34:27.230,1.97775,1.97795,0.90,0.90
2008.04.16 12:34:27.491,1.9778,1.978,0.90,1.10
2008.04.16 12:34:27.785,1.9778,1.978,0.90,0.50
2008.04.16 12:34:28.047,1.9778,1.978,0.90,1.10
2008.04.16 12:34:28.307,1.9778,1.978,0.90,1.10
2008.04.16 12:34:28.563,1.97775,1.97795,0.90,0.90
2008.04.16 12:34:28.823,1.97775,1.97795,0.90,0.90
2008.04.16 12:34:29.084,1.9778,1.978,0.90,0.90
2008.04.16 12:34:29.350,1.9778,1.978,0.90,0.90
2008.04.16 12:34:29.615,1.9778,1.978,0.90,0.90
2008.04.16 12:34:29.879,1.9778,1.978,0.90,1.10
2008.04.16 12:34:30.146,1.97775,1.97795,0.90,0.90
2008.04.16 12:34:30.400,1.97775,1.97795,0.90,0.90
2008.04.16 12:34:30.657,1.9778,1.978,0.90,0.60
2008.04.16 12:34:30.925,1.9778,1.978,0.90,1.30
2008.04.16 12:34:31.212,1.9778,1.978,0.90,1.60
2008.04.16 12:34:31.453,1.9778,1.978,0.90,1.90
2008.04.16 12:34:31.684,1.9778,1.978,0.90,1.60
2008.04.16 12:34:31.943,1.9778,1.978,0.90,1.20
2008.04.16 12:34:32.205,1.9778,1.978,0.90,1.70
2008.04.16 12:34:32.472,1.9778,1.978,0.90,1.90
2008.04.16 12:34:32.770,1.9778,1.978,0.90,0.70
2008.04.16 12:34:33.067,1.9778,1.978,0.90,1.00
2008.04.16 12:34:33.300,1.9778,1.978,0.90,1.50
2008.04.16 12:34:33.555,1.9778,1.978,0.90,0.70
2008.04.16 12:34:33.813,1.9778,1.978,0.90,1.80
2008.04.16 12:34:34.069,1.9778,1.978,0.90,0.80
2008.04.16 12:34:34.324,1.9778,1.978,0.90,0.90
2008.04.16 12:34:34.551,1.9778,1.9779,0.90,0.80
2008.04.16 12:34:34.777,1.9778,1.97795,0.90,0.80
2008.04.16 12:34:35.002,1.9778,1.97795,0.90,0.80
2008.04.16 12:34:35.259,1.9778,1.978,0.90,1.00
2008.04.16 12:34:35.560,1.97795,1.97805,0.90,1.20
2008.04.16 12:34:35.862,1.97795,1.97815,0.90,0.90
2008.04.16 12:34:36.161,1.97795,1.97815,0.90,0.90
2008.04.16 12:34:36.461,1.97795,1.97815,0.90,0.90
2008.04.16 12:34:36.696,1.97795,1.97815,0.90,0.90
2008.04.16 12:34:36.962,1.97795,1.97815,0.90,0.90
2008.04.16 12:34:37.228,1.97795,1.97815,0.90,0.90
2008.04.16 12:34:37.463,1.97795,1.97815,0.90,0.90
2008.04.16 12:34:37.716,1.97795,1.97815,0.90,0.90
2008.04.16 12:34:37.973,1.97795,1.97815,0.90,0.90
2008.04.16 12:34:38.228,1.97795,1.97815,0.90,0.90
2008.04.16 12:34:38.485,1.97795,1.97815,0.90,0.90
2008.04.16 12:34:38.731,1.97795,1.97815,0.90,0.90
2008.04.16 12:34:38.976,1.97795,1.97815,0.90,0.90
2008.04.16 12:34:39.222,1.97795,1.97815,0.90,0.90
2008.04.16 12:34:39.467,1.97795,1.97815,0.90,0.90
2008.04.16 12:34:39.714,1.97795,1.97815,0.90,0.90
2008.04.16 12:34:39.975,1.97795,1.97815,0.90,0.90
2008.04.16 12:34:40.229,1.97795,1.97815,0.90,0.90
2008.04.16 12:34:40.473,1.97795,1.97815,0.90,0.90
2008.04.16 12:34:40.767,1.97795,1.97815,0.90,0.90
2008.04.16 12:34:41.058,1.97795,1.97815,0.90,0.90
2008.04.16 12:34:41.352,1.97795,1.97815,0.90,0.90
2008.04.16 12:34:41.581,1.97795,1.97815,0.90,0.90
2008.04.16 12:34:41.812,1.97795,1.97815,0.90,0.90
2008.04.16 12:34:42.076,1.97795,1.97815,0.90,0.90
2008.04.16 12:34:42.305,1.97795,1.97815,0.90,0.90
2008.04.16 12:34:42.614,1.978,1.97815,0.30,0.90
2008.04.16 12:34:42.925,1.978,1.97815,0.30,0.90
2008.04.16 12:34:43.238,1.97805,1.97825,0.90,0.90
2008.04.16 12:34:43.584,1.9781,1.9783,0.90,0.70
2008.04.16 12:34:43.798,1.9781,1.9783,0.90,1.20
2008.04.16 12:34:44.051,1.97815,1.9783,0.90,0.80
2008.04.16 12:34:44.301,1.97815,1.97835,0.90,0.90
2008.04.16 12:34:44.551,1.97815,1.97835,0.90,0.90
2008.04.16 12:34:44.822,1.97815,1.97835,0.90,0.90
2008.04.16 12:34:45.091,1.97815,1.97835,0.90,0.90
2008.04.16 12:34:45.361,1.97815,1.97835,0.90,0.90
2008.04.16 12:34:45.632,1.97815,1.97835,0.90,0.90
2008.04.16 12:34:45.916,1.97815,1.97835,0.90,0.90
2008.04.16 12:34:46.201,1.97815,1.97835,0.90,0.90
2008.04.16 12:34:46.488,1.97805,1.97825,4.90,0.90
2008.04.16 12:34:46.744,1.97805,1.97825,0.90,0.90
2008.04.16 12:34:47.024,1.97805,1.97825,0.90,0.90
2008.04.16 12:34:47.280,1.97805,1.97825,0.90,0.90
2008.04.16 12:34:47.536,1.97805,1.97825,0.90,0.90
2008.04.16 12:34:47.802,1.97805,1.97825,0.90,0.90
2008.04.16 12:34:48.057,1.97805,1.97825,0.90,0.90
2008.04.16 12:34:48.311,1.97805,1.97825,0.90,0.90
2008.04.16 12:34:48.566,1.97805,1.97825,0.90,0.90
2008.04.16 12:34:48.851,1.97805,1.97825,0.90,0.90
2008.04.16 12:34:49.138,1.97805,1.97825,0.90,0.90
2008.04.16 12:34:49.423,1.97805,1.97825,0.90,0.90
2008.04.16 12:34:49.698,1.97805,1.97825,0.90,0.90
2008.04.16 12:34:49.995,1.97805,1.97825,0.90,0.90
2008.04.16 12:34:50.270,1.97805,1.97825,0.90,0.90
2008.04.16 12:34:50.546,1.97805,1.97825,0.90,0.90
2008.04.16 12:34:50.771,1.97805,1.97825,0.90,0.90
2008.04.16 12:34:50.997,1.97805,1.97825,0.90,0.90
2008.04.16 12:34:51.223,1.97805,1.97825,0.90,0.90
2008.04.16 12:34:51.449,1.97825,1.9783,0.90,0.60
2008.04.16 12:34:51.677,1.97825,1.9783,0.90,0.80
2008.04.16 12:34:51.959,1.97825,1.97845,0.90,1.60
2008.04.16 12:34:52.240,1.9782,1.9784,1.10,0.70
2008.04.16 12:34:52.543,1.9782,1.9784,0.90,0.90
2008.04.16 12:34:52.820,1.9782,1.9784,0.90,0.90
2008.04.16 12:34:53.097,1.9782,1.9784,0.90,0.90
2008.04.16 12:34:53.374,1.9782,1.9784,0.90,0.90
2008.04.16 12:34:53.684,1.9782,1.9784,0.90,0.90
2008.04.16 12:34:53.931,1.97815,1.97835,0.90,0.90
2008.04.16 12:34:54.214,1.97815,1.97835,0.90,0.90
2008.04.16 12:34:54.525,1.97815,1.97835,0.90,0.90
2008.04.16 12:34:54.817,1.97815,1.97835,0.90,0.90
2008.04.16 12:34:55.069,1.9782,1.9784,0.90,0.70
2008.04.16 12:34:55.321,1.9782,1.9784,0.90,0.90
2008.04.16 12:34:55.570,1.9782,1.9784,0.90,1.70
2008.04.16 12:34:55.861,1.9782,1.9784,0.90,1.70
2008.04.16 12:34:56.152,1.9782,1.9784,0.90,1.70
2008.04.16 12:34:56.445,1.9782,1.9784,1.20,1.70
2008.04.16 12:34:56.737,1.9782,1.9784,1.50,1.70
2008.04.16 12:34:56.994,1.9782,1.9784,1.40,1.70
2008.04.16 12:34:57.252,1.97825,1.97845,0.90,6.50
2008.04.16 12:34:57.524,1.9782,1.9784,2.00,0.90
2008.04.16 12:34:57.781,1.9782,1.9784,1.90,0.90
2008.04.16 12:34:58.071,1.9782,1.9784,0.90,1.70
2008.04.16 12:34:58.358,1.9782,1.9784,0.90,1.70
2008.04.16 12:34:58.676,1.9782,1.97835,0.90,2.40
2008.04.16 12:34:58.963,1.97815,1.97835,0.90,3.30
2008.04.16 12:34:59.217,1.97815,1.97835,0.90,0.90
2008.04.16 12:34:59.473,1.9781,1.9783,1.70,0.90
2008.04.16 12:34:59.732,1.9781,1.9783,0.90,0.90
2008.04.16 12:35:00.003,1.9781,1.9783,0.90,0.90
2008.04.16 12:35:00.294,1.9781,1.9783,0.90,0.90
2008.04.16 12:35:00.551,1.9781,1.9783,0.90,0.90
2008.04.16 12:35:00.808,1.9781,1.9783,1.70,0.90
2008.04.16 12:35:01.070,1.9781,1.9783,1.70,0.90
2008.04.16 12:35:01.331,1.9781,1.9783,1.70,0.90
2008.04.16 12:35:01.591,1.9781,1.9783,1.70,0.90
2008.04.16 12:35:01.854,1.9781,1.9783,1.70,0.90
2008.04.16 12:35:02.128,1.9781,1.9783,1.70,0.90
2008.04.16 12:35:02.411,1.9781,1.9783,1.70,0.90
2008.04.16 12:35:02.693,1.9781,1.9783,1.70,0.90
2008.04.16 12:35:02.964,1.9781,1.9783,1.70,0.90
2008.04.16 12:35:03.227,1.9781,1.9783,1.70,0.90
2008.04.16 12:35:03.460,1.9781,1.9783,1.70,0.90
2008.04.16 12:35:03.694,1.9781,1.9783,1.70,0.90
2008.04.16 12:35:03.985,1.97815,1.97835,0.90,2.50
2008.04.16 12:35:04.276,1.97815,1.97835,0.90,0.90
2008.04.16 12:35:04.566,1.97815,1.97835,0.90,0.90
2008.04.16 12:35:04.865,1.97815,1.97835,0.90,0.90
2008.04.16 12:35:05.137,1.97815,1.97835,0.90,0.90
2008.04.16 12:35:05.411,1.97815,1.97835,0.90,0.90
2008.04.16 12:35:05.686,1.9781,1.9783,1.70,0.90
2008.04.16 12:35:05.927,1.9781,1.9783,1.70,0.90
2008.04.16 12:35:06.217,1.97815,1.97835,0.90,0.90
2008.04.16 12:35:06.477,1.97815,1.97835,0.90,0.90
2008.04.16 12:35:06.752,1.97815,1.97835,0.90,0.90
2008.04.16 12:35:07.012,1.9782,1.9784,0.90,3.30
2008.04.16 12:35:07.270,1.9782,1.9784,0.90,1.70
2008.04.16 12:35:07.528,1.9781,1.9783,4.10,0.90
2008.04.16 12:35:07.755,1.9781,1.9783,1.70,0.90
2008.04.16 12:35:07.980,1.97815,1.97835,0.90,2.50
2008.04.16 12:35:08.242,1.97815,1.97835,0.90,0.90
2008.04.16 12:35:08.503,1.9781,1.9783,1.90,0.90
2008.04.16 12:35:08.765,1.9781,1.9783,2.00,0.90
2008.04.16 12:35:09.027,1.9781,1.9783,2.00,0.90
2008.04.16 12:35:09.325,1.9781,1.9783,2.00,0.90
2008.04.16 12:35:09.637,1.9781,1.9783,1.90,0.90
2008.04.16 12:35:09.949,1.9781,1.9783,1.90,0.90
2008.04.16 12:35:10.250,1.9781,1.9783,1.90,0.90
2008.04.16 12:35:10.458,1.9781,1.9783,1.90,0.90
2008.04.16 12:35:10.713,1.9781,1.9783,1.90,0.90
2008.04.16 12:35:10.968,1.9781,1.9783,1.90,0.90
2008.04.16 12:35:11.173,1.9781,1.9783,1.90,0.90
2008.04.16 12:35:11.408,1.9781,1.9783,1.90,0.90
2008.04.16 12:35:11.613,1.9781,1.9783,1.90,0.90
2008.04.16 12:35:11.818,1.9781,1.9783,1.90,0.90
2008.04.16 12:35:12.023,1.97815,1.97835,0.90,2.50
2008.04.16 12:35:12.284,1.97815,1.97835,0.90,0.90
2008.04.16 12:35:12.544,1.97815,1.97835,0.90,0.90
2008.04.16 12:35:12.807,1.97815,1.97835,0.90,0.90
2008.04.16 12:35:13.066,1.97815,1.97835,0.90,0.90
2008.04.16 12:35:13.351,1.97815,1.97835,0.90,0.90
2008.04.16 12:35:13.636,1.9781,1.9783,1.70,0.90
2008.04.16 12:35:13.922,1.9781,1.9783,1.70,0.90
2008.04.16 12:35:14.168,1.9781,1.9783,1.70,0.90
2008.04.16 12:35:14.414,1.9781,1.9783,1.70,0.90
2008.04.16 12:35:14.661,1.97815,1.97835,0.90,2.50
2008.04.16 12:35:14.907,1.97815,1.97835,0.90,0.90
2008.04.16 12:35:15.231,1.97815,1.97835,0.90,0.90
2008.04.16 12:35:15.554,1.97815,1.97835,0.90,0.90
2008.04.16 12:35:15.844,1.97815,1.97835,0.90,0.90
2008.04.16 12:35:16.133,1.97815,1.97835,0.90,0.90
2008.04.16 12:35:16.416,1.97815,1.97835,0.90,0.90
2008.04.16 12:35:16.688,1.97815,1.97835,0.90,0.90
2008.04.16 12:35:16.957,1.97815,1.97835,0.90,0.90
2008.04.16 12:35:17.165,1.97815,1.97835,0.90,0.90
2008.04.16 12:35:17.407,1.97815,1.97835,0.90,0.90
2008.04.16 12:35:17.647,1.97815,1.97835,0.90,3.30
2008.04.16 12:35:17.887,1.97815,1.97835,0.90,3.30
2008.04.16 12:35:18.142,1.97815,1.97835,0.90,3.30
2008.04.16 12:35:18.398,1.97815,1.97835,0.90,3.30
2008.04.16 12:35:18.654,1.97815,1.97835,0.90,0.90
2008.04.16 12:35:18.909,1.97815,1.97835,0.90,0.90
2008.04.16 12:35:19.164,1.97815,1.97835,0.90,0.90
2008.04.16 12:35:19.430,1.97815,1.97835,0.90,0.90
2008.04.16 12:35:19.719,1.97815,1.97835,0.90,0.90
2008.04.16 12:35:20.018,1.97815,1.97835,0.90,0.90
2008.04.16 12:35:20.236,1.97815,1.9783,0.90,0.80
2008.04.16 12:35:20.457,1.97815,1.9783,0.90,0.80
2008.04.16 12:35:20.690,1.9781,1.9783,1.70,0.90
2008.04.16 12:35:20.885,1.9781,1.9783,1.70,0.90
2008.04.16 12:35:21.112,1.97815,1.97835,0.90,2.50
2008.04.16 12:35:21.476,1.97815,1.97835,0.90,0.90
2008.04.16 12:35:21.808,1.9781,1.9783,1.70,0.90
2008.04.16 12:35:22.138,1.9781,1.9783,1.70,0.90
2008.04.16 12:35:22.358,1.9781,1.9783,1.70,0.90
2008.04.16 12:35:22.604,1.9781,1.9783,1.70,0.90
2008.04.16 12:35:22.859,1.9781,1.9783,1.70,0.90
2008.04.16 12:35:23.045,1.9781,1.9783,1.70,0.90
2008.04.16 12:35:23.266,1.9781,1.9783,1.70,0.90
2008.04.16 12:35:23.547,1.9781,1.9783,1.70,0.90
2008.04.16 12:35:23.829,1.9781,1.9783,1.70,0.90
2008.04.16 12:35:24.108,1.9781,1.9783,1.70,0.90
2008.04.16 12:35:24.389,1.9781,1.9783,1.70,0.90
2008.04.16 12:35:24.659,1.9781,1.9783,1.70,0.90
2008.04.16 12:35:24.931,1.9781,1.9783,1.70,0.90
2008.04.16 12:35:25.202,1.9781,1.9783,1.70,0.90
2008.04.16 12:35:25.441,1.9781,1.9783,1.70,0.90
2008.04.16 12:35:25.688,1.9781,1.9783,1.70,0.90
2008.04.16 12:35:25.902,1.9781,1.9783,1.70,0.90
2008.04.16 12:35:26.126,1.97825,1.97835,0.90,1.60
2008.04.16 12:35:26.379,1.97825,1.9784,0.90,0.80
2008.04.16 12:35:26.692,1.9781,1.9783,1.70,0.90
2008.04.16 12:35:26.998,1.9781,1.9783,1.70,0.90
2008.04.16 12:35:27.337,1.97815,1.97835,0.90,0.90
2008.04.16 12:35:27.568,1.9781,1.9783,1.70,0.90
2008.04.16 12:35:27.810,1.9781,1.9783,1.70,0.90
2008.04.16 12:35:28.029,1.9781,1.9783,1.70,1.70
2008.04.16 12:35:28.241,1.9781,1.9783,1.70,1.70
2008.04.16 12:35:28.589,1.9781,1.9783,1.70,1.70
2008.04.16 12:35:28.883,1.9781,1.9783,1.70,1.70
2008.04.16 12:35:29.178,1.9781,1.9783,1.70,1.70
2008.04.16 12:35:29.473,1.9781,1.9783,1.70,1.70
2008.04.16 12:35:29.663,1.9781,1.9783,0.90,2.50
2008.04.16 12:35:29.886,1.9781,1.9783,0.90,2.50
2008.04.16 12:35:30.112,1.9781,1.9783,0.90,1.70
2008.04.16 12:35:30.304,1.9781,1.9783,1.70,0.90
2008.04.16 12:35:30.570,1.9781,1.9783,1.70,1.70
2008.04.16 12:35:30.836,1.9781,1.9783,1.70,1.70
2008.04.16 12:35:31.102,1.9781,1.9783,1.70,1.70
2008.04.16 12:35:31.371,1.9781,1.9783,1.70,0.90
2008.04.16 12:35:31.628,1.9781,1.9783,1.70,1.70
2008.04.16 12:35:31.895,1.9781,1.9783,1.70,1.70
2008.04.16 12:35:32.157,1.9781,1.9783,1.70,0.90
2008.04.16 12:35:32.454,1.9781,1.9783,1.70,0.90
2008.04.16 12:35:32.736,1.9781,1.9783,1.70,0.90
2008.04.16 12:35:32.987,1.9781,1.9783,1.70,0.90
2008.04.16 12:35:33.234,1.9781,1.9783,1.70,0.90
2008.04.16 12:35:33.484,1.9781,1.9783,1.70,0.90
2008.04.16 12:35:33.758,1.9781,1.9783,1.70,0.90
2008.04.16 12:35:34.039,1.9781,1.9783,1.70,0.90
2008.04.16 12:35:34.348,1.9781,1.9783,1.70,0.90
2008.04.16 12:35:34.654,1.9781,1.9783,1.70,0.90
2008.04.16 12:35:34.860,1.9781,1.9783,1.70,0.90
2008.04.16 12:35:35.103,1.9781,1.9783,1.70,0.90
2008.04.16 12:35:35.342,1.9781,1.9783,1.70,1.70
2008.04.16 12:35:35.581,1.9781,1.9783,1.70,1.70
2008.04.16 12:35:35.862,1.9781,1.9783,1.70,1.70
2008.04.16 12:35:36.142,1.9781,1.9783,1.70,0.90
2008.04.16 12:35:36.425,1.9781,1.9783,0.90,1.70
2008.04.16 12:35:36.704,1.9781,1.9783,0.90,1.70
2008.04.16 12:35:36.922,1.9781,1.9783,0.90,1.70
2008.04.16 12:35:37.163,1.9781,1.9783,0.90,1.70
2008.04.16 12:35:37.380,1.9781,1.9783,0.90,1.70
2008.04.16 12:35:37.593,1.9781,1.9783,0.90,1.70
2008.04.16 12:35:37.829,1.9781,1.9783,0.90,1.70
2008.04.16 12:35:38.068,1.97805,1.97825,0.90,0.90
2008.04.16 12:35:38.335,1.97805,1.97825,0.90,0.90
2008.04.16 12:35:38.604,1.97805,1.97825,0.90,0.90
2008.04.16 12:35:38.909,1.97805,1.97825,0.90,1.70
2008.04.16 12:35:39.210,1.97805,1.97825,0.90,1.70
2008.04.16 12:35:39.503,1.97805,1.97825,0.90,1.70
2008.04.16 12:35:39.762,1.97805,1.97825,0.90,1.70
2008.04.16 12:35:40.002,1.97805,1.97825,0.90,1.70
2008.04.16 12:35:40.243,1.97805,1.9782,0.90,0.80
2008.04.16 12:35:40.514,1.978,1.9782,1.70,1.70
2008.04.16 12:35:40.754,1.978,1.9782,1.70,1.70
2008.04.16 12:35:41.010,1.978,1.9782,0.90,2.50
2008.04.16 12:35:41.265,1.97795,1.97815,2.50,0.90
2008.04.16 12:35:41.521,1.97795,1.97815,0.90,0.90
2008.04.16 12:35:41.778,1.978,1.9782,1.70,0.90
2008.04.16 12:35:42.050,1.978,1.9782,1.70,0.90
2008.04.16 12:35:42.319,1.97805,1.97825,0.90,9.70
2008.04.16 12:35:42.600,1.9781,1.97825,0.90,6.40
2008.04.16 12:35:42.866,1.9781,1.97825,0.90,4.80
2008.04.16 12:35:43.132,1.9781,1.97825,0.90,4.80
2008.04.16 12:35:43.398,1.9781,1.9783,0.90,0.90
2008.04.16 12:35:43.664,1.9781,1.9783,0.90,0.90
2008.04.16 12:35:43.931,1.9781,1.97825,0.90,0.80
2008.04.16 12:35:44.197,1.9781,1.97825,0.90,0.80
2008.04.16 12:35:44.463,1.9781,1.9783,0.90,0.90
2008.04.16 12:35:44.746,1.9781,1.9783,0.90,0.90
2008.04.16 12:35:45.037,1.9781,1.9783,0.90,0.90
2008.04.16 12:35:45.291,1.9781,1.9783,0.90,0.90
2008.04.16 12:35:45.547,1.97815,1.97835,0.90,6.50
2008.04.16 12:35:45.803,1.97815,1.97835,0.90,6.50
2008.04.16 12:35:46.038,1.9781,1.9783,1.20,0.90
2008.04.16 12:35:46.273,1.9781,1.9783,1.20,0.90
2008.04.16 12:35:46.508,1.97815,1.97835,0.90,4.10
2008.04.16 12:35:46.773,1.97815,1.97835,0.90,2.50
2008.04.16 12:35:47.045,1.97815,1.9783,0.90,0.30
2008.04.16 12:35:47.324,1.97815,1.9783,0.90,0.30
2008.04.16 12:35:47.587,1.97815,1.9783,0.90,0.10
2008.04.16 12:35:47.857,1.97815,1.9783,0.90,0.10
2008.04.16 12:35:48.128,1.9782,1.9784,0.90,3.30
2008.04.16 12:35:48.398,1.9782,1.9784,0.90,3.30
2008.04.16 12:35:48.667,1.9782,1.9784,0.90,1.70
2008.04.16 12:35:48.936,1.9782,1.9784,0.90,1.70
2008.04.16 12:35:49.212,1.9782,1.9784,0.90,1.70
2008.04.16 12:35:49.518,1.9782,1.9784,0.90,1.70
2008.04.16 12:35:49.774,1.9782,1.9784,0.90,1.70
2008.04.16 12:35:50.050,1.9782,1.9784,0.90,1.70
2008.04.16 12:35:50.315,1.9782,1.9784,0.90,1.70
2008.04.16 12:35:50.617,1.9782,1.9784,0.90,1.70
2008.04.16 12:35:50.915,1.9782,1.9784,0.90,1.70
2008.04.16 12:35:51.157,1.9782,1.9784,0.90,1.70
2008.04.16 12:35:51.379,1.9782,1.9784,0.90,1.70
2008.04.16 12:35:51.601,1.97815,1.97835,0.90,0.90
2008.04.16 12:35:51.860,1.97815,1.97835,0.90,0.90
2008.04.16 12:35:52.085,1.97815,1.97835,0.90,0.90
2008.04.16 12:35:52.412,1.9781,1.9783,0.90,0.90
2008.04.16 12:35:52.779,1.97815,1.97835,0.90,4.10
2008.04.16 12:35:53.098,1.97815,1.97835,0.90,4.90
2008.04.16 12:35:53.350,1.97815,1.97835,0.90,4.90
2008.04.16 12:35:53.565,1.9781,1.9783,0.90,0.90
2008.04.16 12:35:53.782,1.9781,1.9783,0.90,0.90
2008.04.16 12:35:53.997,1.9781,1.9783,0.90,0.90
2008.04.16 12:35:54.214,1.9781,1.9783,0.90,0.90
2008.04.16 12:35:54.550,1.97815,1.97835,0.90,4.10
2008.04.16 12:35:54.918,1.97815,1.97835,0.90,2.50
2008.04.16 12:35:55.255,1.9781,1.9783,0.90,0.90
2008.04.16 12:35:55.500,1.9781,1.9783,0.90,0.90
2008.04.16 12:35:55.758,1.9781,1.9783,1.70,0.90
2008.04.16 12:35:56.003,1.9781,1.9783,1.70,0.90
2008.04.16 12:35:56.274,1.9781,1.9783,1.70,0.90
2008.04.16 12:35:56.562,1.9781,1.9783,1.70,0.90
2008.04.16 12:35:56.849,1.9781,1.9783,1.70,0.90
2008.04.16 12:35:57.134,1.9781,1.9783,1.70,0.90
2008.04.16 12:35:57.408,1.9781,1.9783,1.70,0.90
2008.04.16 12:35:57.678,1.97815,1.97835,0.90,4.90
2008.04.16 12:35:57.981,1.97815,1.97835,0.90,3.30
2008.04.16 12:35:58.249,1.97815,1.97835,0.90,3.30
2008.04.16 12:35:58.519,1.97815,1.97835,0.90,3.30
2008.04.16 12:35:58.789,1.97815,1.97835,0.90,3.30
2008.04.16 12:35:59.060,1.97815,1.97835,0.90,3.30
2008.04.16 12:35:59.332,1.97815,1.97835,0.90,3.30
2008.04.16 12:35:59.639,1.97815,1.97835,0.90,3.30
2008.04.16 12:35:59.915,1.97815,1.97835,0.90,3.30
2008.04.16 12:36:00.190,1.9781,1.9783,1.70,0.90
2008.04.16 12:36:00.466,1.9781,1.9783,1.70,0.90
2008.04.16 12:36:00.725,1.97815,1.97835,2.50,4.90
2008.04.16 12:36:00.983,1.97815,1.97835,0.90,3.30
2008.04.16 12:36:01.242,1.97815,1.97835,0.90,3.30
2008.04.16 12:36:01.518,1.97815,1.97835,0.90,0.90
2008.04.16 12:36:01.795,1.97815,1.97835,0.90,0.90
2008.04.16 12:36:02.071,1.97815,1.97835,0.90,3.30
2008.04.16 12:36:02.347,1.97815,1.97835,0.90,3.30
2008.04.16 12:36:02.574,1.97815,1.97835,0.90,3.30
2008.04.16 12:36:02.799,1.97815,1.97835,0.90,3.30
2008.04.16 12:36:03.023,1.97815,1.97835,0.90,3.30
2008.04.16 12:36:03.250,1.97815,1.97835,0.90,3.30
2008.04.16 12:36:03.475,1.97815,1.97835,0.90,0.90
2008.04.16 12:36:03.813,1.97815,1.97835,0.90,0.90
2008.04.16 12:36:04.134,1.97815,1.97835,0.90,3.30
2008.04.16 12:36:04.451,1.97815,1.97835,0.90,3.30
2008.04.16 12:36:04.668,1.97815,1.97835,2.50,3.30
2008.04.16 12:36:04.886,1.97815,1.97835,0.90,0.90
2008.04.16 12:36:05.101,1.97815,1.97835,0.90,0.90
2008.04.16 12:36:05.317,1.97815,1.97835,0.90,0.90
2008.04.16 12:36:05.533,1.97815,1.97835,0.90,0.90
2008.04.16 12:36:05.882,1.97815,1.97835,0.90,0.90
2008.04.16 12:36:06.201,1.9782,1.97835,0.90,2.40
2008.04.16 12:36:06.520,1.9782,1.97835,0.90,2.40
2008.04.16 12:36:06.746,1.97815,1.97835,0.90,3.30
2008.04.16 12:36:06.972,1.97815,1.97835,0.90,3.30
2008.04.16 12:36:07.222,1.97815,1.97835,0.90,3.30
2008.04.16 12:36:07.470,1.97815,1.97835,0.90,3.30
2008.04.16 12:36:07.771,1.9781,1.9783,1.70,0.90
2008.04.16 12:36:08.069,1.9781,1.9783,1.70,0.90
2008.04.16 12:36:08.369,1.9782,1.97835,0.90,2.40
2008.04.16 12:36:08.664,1.9782,1.97835,0.90,2.40
2008.04.16 12:36:08.910,1.9782,1.97835,0.90,2.40
2008.04.16 12:36:09.154,1.97815,1.97825,2.50,2.40
2008.04.16 12:36:09.400,1.97815,1.97825,0.90,2.40
2008.04.16 12:36:09.649,1.9781,1.97825,1.70,2.40
2008.04.16 12:36:09.901,1.9781,1.97825,1.70,2.40
2008.04.16 12:36:10.152,1.9781,1.97825,1.70,2.40
2008.04.16 12:36:10.435,1.9781,1.97825,0.80,3.30
2008.04.16 12:36:10.686,1.9781,1.97825,0.80,0.90
2008.04.16 12:36:10.984,1.9781,1.97825,0.80,0.90
2008.04.16 12:36:11.282,1.9781,1.97825,0.80,0.90
2008.04.16 12:36:11.577,1.9781,1.97825,0.80,0.90
2008.04.16 12:36:11.833,1.9781,1.97825,0.80,0.90
2008.04.16 12:36:12.125,1.9781,1.9783,1.70,2.50
2008.04.16 12:36:12.379,1.9781,1.9783,1.70,0.90
2008.04.16 12:36:12.637,1.9781,1.9783,1.70,0.90
2008.04.16 12:36:12.925,1.9781,1.9783,1.70,0.90
2008.04.16 12:36:13.231,1.9781,1.9783,1.70,0.90
2008.04.16 12:36:13.540,1.9781,1.9783,1.70,0.90
2008.04.16 12:36:13.858,1.9781,1.9783,1.70,0.90
2008.04.16 12:36:14.160,1.9781,1.9783,1.70,0.90
2008.04.16 12:36:14.464,1.9781,1.9783,1.70,0.90
2008.04.16 12:36:14.779,1.9781,1.9783,1.70,0.90
2008.04.16 12:36:15.020,1.9781,1.9783,1.70,0.90
2008.04.16 12:36:15.257,1.9781,1.9783,1.70,0.90
2008.04.16 12:36:15.492,1.9781,1.9783,1.70,0.90
2008.04.16 12:36:15.722,1.9781,1.9783,1.70,0.90
2008.04.16 12:36:16.007,1.9781,1.9783,1.70,0.90
2008.04.16 12:36:16.296,1.9781,1.9783,1.70,0.90
2008.04.16 12:36:16.588,1.9781,1.9783,1.70,0.90
2008.04.16 12:36:16.909,1.9781,1.9783,1.70,0.90
2008.04.16 12:36:17.108,1.9781,1.9783,1.70,0.90
2008.04.16 12:36:17.339,1.9781,1.9783,1.70,0.90
2008.04.16 12:36:17.568,1.9781,1.9783,1.70,0.90
2008.04.16 12:36:17.798,1.9781,1.9783,1.70,0.90
2008.04.16 12:36:18.048,1.9781,1.9783,1.70,0.90
2008.04.16 12:36:18.296,1.9781,1.9783,1.70,0.90
2008.04.16 12:36:18.549,1.9782,1.97835,0.90,4.00
2008.04.16 12:36:18.830,1.9782,1.97835,0.90,4.00
2008.04.16 12:36:19.080,1.9782,1.97835,0.90,2.40
2008.04.16 12:36:19.342,1.9781,1.9783,0.90,1.70
2008.04.16 12:36:19.606,1.97805,1.97825,0.90,0.90
2008.04.16 12:36:19.868,1.97805,1.97825,0.90,0.90
2008.04.16 12:36:20.155,1.9781,1.9783,0.90,3.30
2008.04.16 12:36:20.441,1.9781,1.9783,0.90,1.70
2008.04.16 12:36:20.727,1.978,1.9782,4.10,0.90
2008.04.16 12:36:21.013,1.978,1.9782,4.10,0.90
2008.04.16 12:36:21.269,1.978,1.9782,4.30,0.90
2008.04.16 12:36:21.511,1.978,1.9782,4.30,0.90
2008.04.16 12:36:21.767,1.978,1.9782,4.30,0.90
2008.04.16 12:36:22.014,1.978,1.9782,4.10,0.90
2008.04.16 12:36:22.305,1.97805,1.97825,0.90,4.90
2008.04.16 12:36:22.596,1.97805,1.97825,0.90,4.90
2008.04.16 12:36:22.886,1.97805,1.97825,0.90,3.30
2008.04.16 12:36:23.184,1.97805,1.97825,0.90,3.30
2008.04.16 12:36:23.450,1.97805,1.97825,0.90,3.30
2008.04.16 12:36:23.714,1.97805,1.97825,0.90,3.30
2008.04.16 12:36:23.980,1.97805,1.97825,0.90,3.30
2008.04.16 12:36:24.264,1.978,1.97815,3.30,2.40
2008.04.16 12:36:24.550,1.978,1.97815,3.30,2.40
2008.04.16 12:36:24.837,1.97795,1.97815,0.90,3.30
2008.04.16 12:36:25.123,1.97795,1.97815,0.90,3.30
2008.04.16 12:36:25.398,1.97795,1.97815,0.90,3.30
2008.04.16 12:36:25.674,1.9779,1.9781,1.90,0.90
2008.04.16 12:36:25.951,1.9779,1.9781,1.70,0.90
2008.04.16 12:36:26.217,1.9779,1.9781,1.70,0.90
2008.04.16 12:36:26.517,1.9779,1.9781,1.70,0.90
2008.04.16 12:36:26.747,1.9779,1.9781,1.70,0.90
2008.04.16 12:36:27.014,1.9779,1.9781,1.70,0.90
2008.04.16 12:36:27.299,1.9779,1.9781,1.70,0.90
2008.04.16 12:36:27.584,1.9779,1.9781,1.70,0.90
2008.04.16 12:36:27.872,1.9779,1.9781,1.70,0.90
2008.04.16 12:36:28.157,1.97795,1.9781,0.90,0.80
2008.04.16 12:36:28.425,1.97795,1.97815,0.90,3.30
2008.04.16 12:36:28.730,1.97795,1.97815,0.90,4.90
2008.04.16 12:36:28.995,1.97795,1.97815,0.90,0.90
2008.04.16 12:36:29.265,1.97795,1.97815,0.90,0.90
2008.04.16 12:36:29.535,1.97795,1.97815,0.90,2.50
2008.04.16 12:36:29.805,1.9779,1.9781,1.70,0.90
2008.04.16 12:36:30.074,1.9779,1.9781,2.00,0.90
2008.04.16 12:36:30.325,1.9779,1.9781,2.00,0.90
2008.04.16 12:36:30.575,1.9779,1.9781,2.10,0.90
2008.04.16 12:36:30.826,1.9779,1.9781,1.20,1.70
2008.04.16 12:36:31.075,1.9779,1.9781,1.20,1.70
2008.04.16 12:36:31.324,1.9779,1.9781,1.20,1.70
2008.04.16 12:36:31.577,1.9779,1.9781,1.20,1.70
2008.04.16 12:36:31.851,1.9779,1.9781,1.20,1.70
2008.04.16 12:36:32.140,1.9779,1.9781,1.20,1.70
2008.04.16 12:36:32.431,1.9779,1.9781,1.20,1.70
2008.04.16 12:36:34.089,1.9779,1.9781,1.20,1.70
2008.04.16 12:36:34.207,1.97795,1.97815,0.90,3.30
2008.04.16 12:36:34.306,1.97795,1.97815,0.90,3.30
2008.04.16 12:36:34.429,1.97795,1.97815,0.90,3.30
2008.04.16 12:36:34.509,1.97795,1.97815,0.90,3.30
2008.04.16 12:36:34.595,1.97795,1.97815,0.90,3.30
2008.04.16 12:36:34.704,1.97795,1.97815,0.90,3.30
2008.04.16 12:36:34.787,1.9779,1.9781,1.70,0.90
2008.04.16 12:36:34.874,1.9779,1.97805,1.70,2.40
2008.04.16 12:36:34.961,1.9779,1.97805,1.70,2.40
2008.04.16 12:36:35.049,1.9779,1.97805,1.70,2.40
2008.04.16 12:36:35.139,1.978,1.97805,0.90,2.40
2008.04.16 12:36:35.477,1.978,1.97815,0.90,2.40
2008.04.16 12:36:35.813,1.97795,1.97815,0.90,3.30
2008.04.16 12:36:36.149,1.97795,1.97815,0.90,3.30
2008.04.16 12:36:36.376,1.97795,1.97815,0.90,3.30
2008.04.16 12:36:36.632,1.97795,1.97815,0.90,3.30
2008.04.16 12:36:36.861,1.97795,1.97815,0.90,3.30
2008.04.16 12:36:37.088,1.97795,1.97815,0.90,0.90
2008.04.16 12:36:37.314,1.978,1.9782,0.90,3.30
2008.04.16 12:36:37.580,1.978,1.97815,0.90,2.40
2008.04.16 12:36:37.846,1.978,1.97815,0.90,2.40
2008.04.16 12:36:38.140,1.978,1.97815,0.90,2.40
2008.04.16 12:36:38.372,1.978,1.97815,0.90,2.40
2008.04.16 12:36:38.607,1.978,1.9782,0.90,1.70
2008.04.16 12:36:38.844,1.978,1.9782,0.90,1.70
2008.04.16 12:36:39.080,1.978,1.9782,0.90,1.70
2008.04.16 12:36:39.316,1.97795,1.97815,0.90,0.90
2008.04.16 12:36:39.582,1.97795,1.97815,0.90,3.30
2008.04.16 12:36:39.848,1.97795,1.97815,0.90,3.30
2008.04.16 12:36:40.113,1.97795,1.97815,0.90,3.30
2008.04.16 12:36:40.379,1.97795,1.97815,0.90,3.30
2008.04.16 12:36:40.636,1.97795,1.97815,0.90,3.30
2008.04.16 12:36:40.928,1.9779,1.97805,0.90,2.40
2008.04.16 12:36:41.188,1.9779,1.97805,0.90,2.40
2008.04.16 12:36:41.446,1.9779,1.97805,0.90,2.40
2008.04.16 12:36:41.725,1.9779,1.9781,0.90,1.70
2008.04.16 12:36:42.011,1.9779,1.9781,0.90,1.70
2008.04.16 12:36:42.325,1.9779,1.9781,0.90,1.70
2008.04.16 12:36:42.609,1.9779,1.9781,0.90,1.70
2008.04.16 12:36:42.904,1.9779,1.97805,0.30,0.90
2008.04.16 12:36:43.197,1.9779,1.97805,1.10,2.40
2008.04.16 12:36:43.484,1.97795,1.97805,0.90,2.40
2008.04.16 12:36:43.737,1.978,1.97815,0.90,5.60
2008.04.16 12:36:44.019,1.978,1.9782,1.20,1.70
2008.04.16 12:36:44.272,1.978,1.9782,1.30,1.70
2008.04.16 12:36:44.528,1.978,1.9782,2.30,0.90
2008.04.16 12:36:44.815,1.97805,1.97825,0.90,0.90
2008.04.16 12:36:45.102,1.9781,1.9783,0.90,2.50
2008.04.16 12:36:45.429,1.9781,1.9783,0.90,0.90
2008.04.16 12:36:45.680,1.9781,1.9783,1.70,0.90
2008.04.16 12:36:45.932,1.97815,1.97835,0.90,4.90
2008.04.16 12:36:46.183,1.9781,1.97825,1.00,0.90
2008.04.16 12:36:46.434,1.9781,1.97825,0.80,3.30
2008.04.16 12:36:46.719,1.9781,1.97825,0.80,3.30
2008.04.16 12:36:47.005,1.97805,1.97825,0.90,3.30
2008.04.16 12:36:47.294,1.978,1.9782,1.80,1.70
2008.04.16 12:36:47.579,1.978,1.9782,1.60,1.70
2008.04.16 12:36:47.870,1.978,1.9782,1.40,1.70
2008.04.16 12:36:48.123,1.978,1.9782,0.90,1.70
2008.04.16 12:36:48.377,1.978,1.9782,0.90,1.70
2008.04.16 12:36:48.629,1.978,1.97815,0.90,2.40
2008.04.16 12:36:48.921,1.978,1.97815,0.90,2.40
2008.04.16 12:36:49.241,1.97805,1.9782,0.90,0.80
2008.04.16 12:36:49.532,1.97805,1.9782,0.90,0.80
2008.04.16 12:36:49.807,1.978,1.9782,3.30,1.70
2008.04.16 12:36:50.082,1.978,1.9782,3.30,1.70
2008.04.16 12:36:50.359,1.97795,1.97815,0.90,0.90
2008.04.16 12:36:50.635,1.97795,1.97815,0.90,0.90
2008.04.16 12:36:50.921,1.97795,1.97815,0.90,0.90
2008.04.16 12:36:51.208,1.97795,1.97815,0.90,0.90
2008.04.16 12:36:51.494,1.97795,1.97815,0.90,0.90
2008.04.16 12:36:51.756,1.97785,1.978,1.60,1.70
2008.04.16 12:36:52.017,1.9778,1.978,0.90,1.70
2008.04.16 12:36:52.280,1.9778,1.978,0.90,1.70
2008.04.16 12:36:52.542,1.9778,1.978,0.90,1.70
2008.04.16 12:36:52.792,1.97775,1.97795,0.90,0.90
2008.04.16 12:36:53.045,1.97775,1.97795,0.90,0.90
2008.04.16 12:36:53.297,1.9777,1.9779,1.70,0.90
2008.04.16 12:36:53.580,1.9777,1.9779,0.90,0.90
2008.04.16 12:36:53.858,1.97765,1.97785,2.50,0.90
2008.04.16 12:36:54.144,1.97765,1.97785,0.90,3.30
2008.04.16 12:36:54.431,1.97765,1.97785,0.90,3.30
2008.04.16 12:36:54.728,1.97765,1.97785,0.90,3.30
2008.04.16 12:36:55.012,1.97765,1.97785,0.90,3.30
2008.04.16 12:36:55.298,1.9776,1.9778,0.90,0.90
2008.04.16 12:36:55.616,1.9776,1.9778,0.90,0.90
2008.04.16 12:36:55.857,1.9776,1.9778,0.90,0.90
2008.04.16 12:36:56.102,1.9776,1.9778,0.90,0.90
2008.04.16 12:36:56.345,1.9775,1.9777,1.70,0.90
2008.04.16 12:36:56.586,1.9775,1.9777,1.70,0.90
2008.04.16 12:36:56.892,1.9775,1.9777,0.90,1.70
2008.04.16 12:36:57.197,1.9775,1.9777,0.90,1.70
2008.04.16 12:36:57.505,1.9775,1.9777,0.90,1.70
2008.04.16 12:36:57.852,1.9775,1.9777,1.10,1.70
2008.04.16 12:36:58.106,1.9775,1.9777,1.20,1.70
2008.04.16 12:36:58.361,1.9775,1.9777,1.40,1.70
2008.04.16 12:36:58.619,1.9775,1.9777,1.40,1.70
2008.04.16 12:36:58.873,1.9775,1.9777,1.40,1.70
2008.04.16 12:36:59.155,1.9775,1.9777,1.40,1.70
2008.04.16 12:36:59.410,1.9775,1.9777,2.20,1.70
2008.04.16 12:36:59.689,1.9775,1.9777,2.20,1.70
2008.04.16 12:36:59.983,1.9775,1.9777,2.20,1.70
2008.04.16 12:37:00.280,1.9775,1.9777,2.20,1.70
2008.04.16 12:37:00.579,1.9775,1.9777,2.30,1.70
2008.04.16 12:37:00.918,1.9776,1.9777,0.60,0.80
2008.04.16 12:37:01.186,1.9776,1.9777,1.60,0.80
2008.04.16 12:37:01.456,1.9776,1.9778,1.90,1.70
2008.04.16 12:37:01.755,1.9777,1.9778,0.90,0.80
2008.04.16 12:37:02.013,1.9777,1.97785,1.90,2.40
2008.04.16 12:37:02.264,1.9778,1.97795,0.90,4.00
2008.04.16 12:37:02.518,1.9778,1.97795,1.10,2.40
2008.04.16 12:37:02.804,1.97785,1.978,0.90,4.00
2008.04.16 12:37:03.110,1.97785,1.97805,0.90,3.30
2008.04.16 12:37:03.414,1.9779,1.9781,1.40,1.70
2008.04.16 12:37:03.715,1.97795,1.9781,0.90,0.80
2008.04.16 12:37:03.957,1.978,1.97815,0.90,2.40
2008.04.16 12:37:04.236,1.978,1.9782,0.90,1.70
2008.04.16 12:37:04.476,1.97785,1.9782,6.00,3.40
2008.04.16 12:37:04.716,1.9779,1.97805,3.20,1.70
2008.04.16 12:37:05.039,1.9778,1.97785,4.90,2.40
2008.04.16 12:37:05.381,1.9778,1.97785,4.90,2.40
2008.04.16 12:37:05.704,1.97785,1.97805,0.90,3.30
2008.04.16 12:37:05.951,1.9779,1.97805,0.90,2.40
2008.04.16 12:37:06.198,1.9779,1.9781,0.90,1.70
2008.04.16 12:37:06.445,1.9779,1.9781,0.90,0.90
2008.04.16 12:37:06.691,1.9779,1.9781,0.90,0.90
2008.04.16 12:37:06.936,1.9779,1.9781,0.90,0.90
2008.04.16 12:37:07.258,1.9779,1.9781,0.90,0.90
2008.04.16 12:37:07.578,1.9779,1.9781,0.90,0.90
2008.04.16 12:37:07.900,1.97785,1.97805,0.90,0.90
2008.04.16 12:37:08.142,1.97785,1.97805,2.50,0.90
2008.04.16 12:37:08.383,1.97785,1.97805,2.50,0.90
2008.04.16 12:37:08.624,1.97785,1.97805,2.50,2.50
2008.04.16 12:37:08.863,1.97785,1.97805,2.50,4.90
2008.04.16 12:37:09.179,1.97785,1.978,1.60,0.90
2008.04.16 12:37:09.494,1.97785,1.978,1.60,0.90
2008.04.16 12:37:09.810,1.97785,1.97805,2.50,4.90
2008.04.16 12:37:10.045,1.97785,1.97805,2.50,0.90
2008.04.16 12:37:10.280,1.97785,1.97805,2.50,0.90
2008.04.16 12:37:10.519,1.97785,1.97805,2.50,0.90
2008.04.16 12:37:10.754,1.97795,1.9781,0.90,2.40
2008.04.16 12:37:11.079,1.97795,1.97815,0.90,4.90
2008.04.16 12:37:11.372,1.978,1.97815,0.90,1.60
2008.04.16 12:37:11.664,1.978,1.9782,0.90,1.70
2008.04.16 12:37:11.955,1.97795,1.97815,2.50,0.90
2008.04.16 12:37:12.238,1.97795,1.97815,2.50,0.90
2008.04.16 12:37:12.522,1.97795,1.97815,2.50,0.90
2008.04.16 12:37:12.802,1.97795,1.97815,2.50,0.90
2008.04.16 12:37:13.012,1.97795,1.97815,2.50,0.90
2008.04.16 12:37:13.223,1.978,1.9782,0.90,2.50
2008.04.16 12:37:13.435,1.978,1.9782,0.90,0.90
2008.04.16 12:37:13.645,1.978,1.9782,0.90,2.50
2008.04.16 12:37:13.858,1.97795,1.97815,2.50,2.50
2008.04.16 12:37:14.179,1.97795,1.97815,2.50,0.90
2008.04.16 12:37:14.533,1.97795,1.97815,2.50,0.90
2008.04.16 12:37:14.868,1.97795,1.97815,2.50,0.90
2008.04.16 12:37:15.112,1.97795,1.97815,2.50,0.90
2008.04.16 12:37:15.349,1.97795,1.97815,2.50,0.90
2008.04.16 12:37:15.593,1.97795,1.97815,2.50,0.90
2008.04.16 12:37:15.841,1.978,1.9782,0.90,0.90
2008.04.16 12:37:16.148,1.978,1.9782,0.90,0.90
2008.04.16 12:37:16.445,1.978,1.9782,0.90,0.90
2008.04.16 12:37:16.747,1.978,1.9782,0.90,0.90
2008.04.16 12:37:17.051,1.978,1.9782,0.90,0.90
2008.04.16 12:37:17.332,1.978,1.9782,0.90,0.90
2008.04.16 12:37:17.547,1.978,1.9782,0.90,0.90
2008.04.16 12:37:17.792,1.978,1.9782,0.90,0.90
2008.04.16 12:37:18.070,1.978,1.9782,0.90,0.90
2008.04.16 12:37:18.320,1.978,1.9782,0.90,0.90
2008.04.16 12:37:18.572,1.978,1.9782,0.90,0.90
2008.04.16 12:37:18.823,1.978,1.9782,0.90,0.90
2008.04.16 12:37:19.075,1.978,1.9782,0.90,0.90
2008.04.16 12:37:19.380,1.978,1.9782,0.90,0.90
2008.04.16 12:37:19.685,1.978,1.9782,0.90,0.90
2008.04.16 12:37:19.991,1.978,1.9782,0.90,0.90
2008.04.16 12:37:20.226,1.97805,1.9782,1.60,0.90
2008.04.16 12:37:20.461,1.97805,1.9782,1.60,0.90
2008.04.16 12:37:20.722,1.97805,1.9782,1.60,0.90
2008.04.16 12:37:20.988,1.97805,1.9782,1.60,0.90
2008.04.16 12:37:21.244,1.97805,1.9782,1.60,0.90
2008.04.16 12:37:21.499,1.97805,1.9782,1.60,0.90
2008.04.16 12:37:21.754,1.97805,1.9782,1.60,0.90
2008.04.16 12:37:22.044,1.97805,1.9782,1.60,0.90
2008.04.16 12:37:22.345,1.97805,1.9782,1.60,0.90
2008.04.16 12:37:22.629,1.97805,1.9782,1.60,0.90
2008.04.16 12:37:22.926,1.97805,1.9782,1.60,0.90
2008.04.16 12:37:23.186,1.97805,1.9782,1.60,0.90
2008.04.16 12:37:23.462,1.97805,1.9782,1.60,0.90
2008.04.16 12:37:23.736,1.97805,1.9782,1.60,0.90
2008.04.16 12:37:24.014,1.97805,1.9782,1.60,0.90
2008.04.16 12:37:24.253,1.97805,1.9782,0.80,0.90
2008.04.16 12:37:24.524,1.97805,1.9782,0.80,0.90
2008.04.16 12:37:24.767,1.97805,1.9782,0.80,0.90
2008.04.16 12:37:24.974,1.97805,1.97825,1.70,1.70
2008.04.16 12:37:25.214,1.97805,1.97825,1.70,1.70
2008.04.16 12:37:25.510,1.97805,1.97825,1.70,0.90
2008.04.16 12:37:25.806,1.9781,1.9783,0.90,2.50
2008.04.16 12:37:26.103,1.9781,1.9783,0.90,0.90
2008.04.16 12:37:26.384,1.97805,1.97825,0.90,0.90
2008.04.16 12:37:26.664,1.978,1.9782,4.10,0.90
2008.04.16 12:37:26.945,1.978,1.9782,1.70,0.90
2008.04.16 12:37:27.226,1.978,1.9782,1.70,0.90
2008.04.16 12:37:27.476,1.978,1.9782,1.70,0.90
2008.04.16 12:37:27.726,1.978,1.9782,1.70,0.90
2008.04.16 12:37:27.975,1.978,1.9782,1.70,0.90
2008.04.16 12:37:28.225,1.978,1.9782,1.70,0.90
2008.04.16 12:37:28.501,1.978,1.9782,1.70,0.90
2008.04.16 12:37:28.754,1.978,1.9782,3.30,0.90
2008.04.16 12:37:29.021,1.978,1.9782,3.30,0.90
2008.04.16 12:37:29.273,1.978,1.9782,3.30,0.90
2008.04.16 12:37:29.531,1.978,1.9782,3.30,0.90
2008.04.16 12:37:29.786,1.978,1.9782,3.30,0.90
2008.04.16 12:37:30.041,1.978,1.9782,3.30,0.90
2008.04.16 12:37:30.297,1.978,1.9782,2.50,0.90
2008.04.16 12:37:30.567,1.978,1.9782,2.50,0.90
2008.04.16 12:37:30.838,1.978,1.9782,2.50,0.90
2008.04.16 12:37:31.107,1.978,1.9782,2.50,0.90
2008.04.16 12:37:31.340,1.978,1.9782,2.50,0.90
2008.04.16 12:37:31.569,1.978,1.9782,2.50,0.90
2008.04.16 12:37:31.801,1.978,1.9782,2.50,0.90
2008.04.16 12:37:32.031,1.978,1.9782,2.50,0.90
2008.04.16 12:37:32.262,1.978,1.9782,2.50,0.90
2008.04.16 12:37:32.503,1.978,1.9782,2.50,0.90
2008.04.16 12:37:32.747,1.978,1.9782,1.70,0.90
2008.04.16 12:37:32.988,1.978,1.9782,1.70,0.90
2008.04.16 12:37:33.228,1.978,1.9782,1.70,0.90
2008.04.16 12:37:33.483,1.978,1.9782,1.70,0.90
2008.04.16 12:37:33.740,1.978,1.9782,1.70,0.90
2008.04.16 12:37:34.025,1.978,1.9782,1.70,0.90
2008.04.16 12:37:34.280,1.978,1.9782,1.70,0.90
2008.04.16 12:37:34.571,1.978,1.9782,1.70,0.90
2008.04.16 12:37:34.868,1.978,1.9782,1.70,0.90
2008.04.16 12:37:35.096,1.978,1.9782,2.50,0.90
2008.04.16 12:37:35.358,1.978,1.9782,2.70,0.90
2008.04.16 12:37:35.578,1.978,1.9782,2.80,0.90
2008.04.16 12:37:35.833,1.978,1.9782,2.80,0.90
2008.04.16 12:37:36.057,1.97805,1.97825,0.90,0.90
2008.04.16 12:37:36.280,1.9781,1.9783,0.90,2.50
2008.04.16 12:37:36.595,1.9781,1.9783,0.90,0.90
2008.04.16 12:37:36.910,1.9781,1.9783,0.90,0.90
2008.04.16 12:37:37.225,1.9781,1.9783,0.90,0.90
2008.04.16 12:37:37.436,1.9781,1.9783,0.90,0.90
2008.04.16 12:37:37.646,1.9781,1.9783,0.90,0.90
2008.04.16 12:37:37.857,1.9781,1.9783,0.90,0.90
2008.04.16 12:37:38.065,1.9781,1.9783,0.90,0.90
2008.04.16 12:37:38.274,1.9781,1.9783,0.90,0.90
2008.04.16 12:37:38.589,1.9781,1.9783,0.90,0.90
2008.04.16 12:37:38.938,1.9781,1.9783,0.90,0.90
2008.04.16 12:37:39.255,1.9781,1.9783,0.90,0.90
2008.04.16 12:37:39.513,1.9781,1.9783,0.90,0.90
2008.04.16 12:37:39.772,1.97815,1.97835,2.50,5.70
2008.04.16 12:37:40.046,1.97815,1.97835,2.50,2.50
2008.04.16 12:37:40.316,1.97815,1.9783,1.60,0.90
2008.04.16 12:37:40.604,1.97815,1.9783,0.80,0.90
2008.04.16 12:37:40.860,1.97815,1.9783,0.80,0.90
2008.04.16 12:37:41.114,1.97815,1.9783,0.80,0.90
2008.04.16 12:37:41.369,1.97815,1.9783,0.80,0.90
2008.04.16 12:37:41.628,1.97815,1.9783,0.80,0.90
2008.04.16 12:37:41.909,1.97815,1.9783,0.80,0.90
2008.04.16 12:37:42.183,1.97815,1.9783,0.80,0.90
2008.04.16 12:37:42.453,1.97815,1.9783,0.80,0.90
2008.04.16 12:37:42.735,1.97815,1.97835,1.70,4.10
2008.04.16 12:37:43.010,1.97815,1.97835,1.70,4.10
2008.04.16 12:37:44.526,1.9782,1.97835,0.60,0.90
2008.04.16 12:37:44.636,1.9782,1.97835,1.30,0.90
2008.04.16 12:37:44.734,1.97825,1.97845,1.70,2.50
2008.04.16 12:37:44.880,1.9783,1.97845,0.90,1.60
2008.04.16 12:37:44.950,1.9783,1.97845,0.90,1.60
2008.04.16 12:37:45.000,1.9783,1.97845,0.90,1.60
2008.04.16 12:37:45.073,1.9783,1.97845,0.90,1.60
2008.04.16 12:37:45.153,1.9783,1.97845,1.10,1.60
2008.04.16 12:37:45.226,1.9783,1.97845,1.10,1.60
2008.04.16 12:37:45.315,1.9783,1.9785,1.10,1.70
2008.04.16 12:37:45.380,1.9783,1.9785,1.10,1.70
2008.04.16 12:37:45.395,1.9783,1.9785,1.10,1.70
2008.04.16 12:37:45.457,1.9783,1.9785,1.90,1.70
2008.04.16 12:37:45.473,1.9783,1.9785,1.90,1.70
2008.04.16 12:37:45.529,1.9783,1.9785,1.90,1.70
2008.04.16 12:37:45.873,1.9784,1.97855,0.90,5.60
2008.04.16 12:37:46.204,1.9784,1.97855,0.90,1.60
2008.04.16 12:37:46.574,1.9784,1.97855,0.90,1.60
2008.04.16 12:37:46.810,1.9784,1.9786,0.90,0.90
2008.04.16 12:37:47.045,1.9784,1.9786,0.90,0.90
2008.04.16 12:37:47.281,1.9784,1.9786,0.90,0.90
2008.04.16 12:37:47.516,1.9784,1.9786,0.90,0.90
2008.04.16 12:37:47.752,1.97835,1.97855,0.90,0.90
2008.04.16 12:37:48.088,1.97835,1.97855,0.90,0.90
2008.04.16 12:37:48.459,1.97835,1.97855,0.90,0.90
2008.04.16 12:37:48.795,1.9784,1.9786,0.90,2.50
2008.04.16 12:37:49.016,1.9784,1.9786,0.90,2.50
2008.04.16 12:37:49.236,1.9784,1.9786,0.90,2.50
2008.04.16 12:37:49.459,1.9784,1.9786,0.90,2.50
2008.04.16 12:37:49.678,1.9784,1.9786,0.90,2.50
2008.04.16 12:37:49.959,1.9784,1.9786,0.90,2.50
2008.04.16 12:37:50.239,1.9784,1.9786,0.90,2.50
2008.04.16 12:37:50.521,1.9784,1.9786,0.90,2.50
2008.04.16 12:37:50.802,1.9784,1.9786,0.90,2.50
2008.04.16 12:37:51.106,1.9784,1.9786,0.90,2.50
2008.04.16 12:37:51.376,1.9784,1.9786,0.90,2.50
2008.04.16 12:37:51.648,1.9784,1.9786,0.90,2.50
2008.04.16 12:37:51.921,1.9784,1.9786,0.90,2.50
2008.04.16 12:37:52.220,1.9784,1.9786,0.90,2.50
2008.04.16 12:37:52.520,1.9784,1.9786,0.90,2.50
2008.04.16 12:37:52.850,1.9785,1.9786,0.90,1.60
2008.04.16 12:37:53.093,1.9785,1.9786,0.90,1.60
2008.04.16 12:37:53.332,1.9785,1.9786,0.90,1.60
2008.04.16 12:37:53.613,1.9785,1.9786,0.90,1.60
2008.04.16 12:37:53.857,1.9785,1.9786,0.90,1.60
2008.04.16 12:37:54.161,1.9785,1.9787,0.90,1.70
2008.04.16 12:37:54.493,1.9785,1.9787,0.90,1.70
2008.04.16 12:37:54.794,1.97845,1.97865,0.90,0.90
2008.04.16 12:37:55.043,1.9784,1.9786,2.50,0.90
2008.04.16 12:37:55.330,1.97845,1.97865,0.90,2.50
2008.04.16 12:37:55.586,1.97845,1.97865,0.90,0.90
2008.04.16 12:37:55.831,1.97845,1.97865,0.90,0.90
2008.04.16 12:37:56.182,1.97845,1.97865,0.90,0.90
2008.04.16 12:37:56.480,1.97845,1.97865,0.90,0.90
2008.04.16 12:37:56.802,1.97845,1.97865,0.90,0.90
2008.04.16 12:37:57.179,1.97845,1.97865,0.90,0.90
2008.04.16 12:37:57.445,1.9785,1.9787,0.90,3.30
2008.04.16 12:37:57.712,1.9785,1.9787,0.90,1.70
2008.04.16 12:37:57.977,1.9785,1.9787,0.90,1.70
2008.04.16 12:37:58.282,1.9785,1.9787,0.90,1.70
2008.04.16 12:37:58.564,1.9785,1.9787,0.90,1.70
2008.04.16 12:37:58.846,1.97845,1.9786,1.60,0.90
2008.04.16 12:37:59.151,1.9784,1.9786,2.50,0.90
2008.04.16 12:37:59.430,1.9784,1.9786,1.70,0.90
2008.04.16 12:37:59.717,1.9784,1.9786,1.70,0.90
2008.04.16 12:37:59.987,1.9784,1.9786,1.70,0.90
2008.04.16 12:38:00.239,1.9784,1.9786,1.70,0.90
2008.04.16 12:38:00.492,1.9784,1.9786,1.70,0.90
2008.04.16 12:38:00.742,1.9784,1.9786,1.70,0.90
2008.04.16 12:38:00.993,1.97835,1.97855,0.90,0.90
2008.04.16 12:38:01.311,1.97835,1.97855,1.70,0.90
2008.04.16 12:38:01.599,1.97835,1.97855,0.90,0.90
2008.04.16 12:38:01.884,1.97835,1.97855,0.90,0.90
2008.04.16 12:38:02.156,1.97835,1.97855,0.90,0.90
2008.04.16 12:38:02.427,1.9783,1.9785,4.10,0.90
2008.04.16 12:38:02.734,1.9783,1.9785,4.10,0.90
2008.04.16 12:38:03.001,1.9783,1.9785,4.10,0.90
2008.04.16 12:38:03.271,1.9783,1.9785,4.10,0.90
2008.04.16 12:38:03.541,1.9783,1.9785,4.10,0.90
2008.04.16 12:38:03.813,1.9783,1.9785,4.10,0.90
2008.04.16 12:38:04.120,1.9783,1.9785,4.10,0.90
2008.04.16 12:38:04.406,1.9783,1.9785,4.10,0.90
2008.04.16 12:38:04.691,1.9783,1.9785,1.70,0.90
2008.04.16 12:38:04.976,1.9783,1.9785,1.70,0.90
2008.04.16 12:38:05.226,1.9783,1.9785,1.70,0.90
2008.04.16 12:38:05.476,1.97825,1.97845,2.50,0.90
2008.04.16 12:38:05.733,1.97825,1.97845,0.90,0.90
2008.04.16 12:38:05.985,1.97825,1.97845,0.90,0.90
2008.04.16 12:38:06.292,1.97825,1.97845,0.90,0.90
2008.04.16 12:38:06.600,1.97835,1.9785,0.90,1.60
2008.04.16 12:38:06.907,1.9783,1.9785,4.10,0.90
2008.04.16 12:38:07.229,1.9783,1.9785,4.10,0.90
2008.04.16 12:38:07.466,1.9783,1.9785,4.10,0.90
2008.04.16 12:38:07.703,1.9783,1.9785,4.10,0.90
2008.04.16 12:38:07.939,1.9783,1.9785,4.10,0.90
2008.04.16 12:38:08.175,1.9783,1.9785,4.10,0.90
2008.04.16 12:38:08.519,1.9784,1.97855,0.90,1.60
2008.04.16 12:38:08.826,1.9784,1.9786,0.90,0.90
2008.04.16 12:38:09.131,1.9784,1.9786,0.90,0.90
2008.04.16 12:38:09.365,1.9784,1.9786,0.90,0.90
2008.04.16 12:38:09.602,1.9784,1.9786,0.90,0.90
2008.04.16 12:38:09.839,1.9784,1.9786,0.90,0.90
2008.04.16 12:38:10.075,1.9784,1.9786,0.90,0.90
2008.04.16 12:38:10.426,1.9784,1.9786,0.90,0.90
2008.04.16 12:38:10.735,1.9784,1.9786,0.90,0.90
2008.04.16 12:38:11.042,1.9784,1.9786,0.90,0.90
2008.04.16 12:38:11.308,1.9784,1.9786,0.90,0.90
2008.04.16 12:38:11.576,1.9784,1.9786,0.90,0.90
2008.04.16 12:38:11.844,1.9784,1.9786,0.90,0.90
2008.04.16 12:38:12.141,1.9784,1.9786,0.90,0.90
2008.04.16 12:38:12.425,1.9784,1.9786,0.90,0.90
2008.04.16 12:38:12.705,1.9784,1.9786,0.90,0.90
2008.04.16 12:38:12.986,1.9784,1.9786,0.90,0.90
2008.04.16 12:38:13.266,1.9784,1.9786,0.90,0.90
2008.04.16 12:38:13.535,1.9784,1.9786,0.90,0.90
2008.04.16 12:38:13.807,1.9784,1.9786,0.90,0.90
2008.04.16 12:38:14.079,1.9784,1.9786,0.90,0.90
2008.04.16 12:38:14.350,1.9785,1.97865,0.90,3.20
2008.04.16 12:38:14.658,1.9785,1.9787,0.90,1.70
2008.04.16 12:38:14.934,1.9785,1.9787,0.90,1.70
2008.04.16 12:38:15.210,1.9785,1.9787,0.90,1.70
2008.04.16 12:38:15.468,1.9785,1.9787,0.90,1.70
2008.04.16 12:38:15.723,1.9785,1.9787,0.90,1.70
2008.04.16 12:38:15.979,1.9785,1.9787,0.90,1.70
2008.04.16 12:38:16.235,1.9785,1.9787,0.90,1.70
2008.04.16 12:38:16.547,1.9785,1.9787,0.90,1.70
2008.04.16 12:38:16.822,1.9785,1.9787,0.90,1.70
2008.04.16 12:38:17.097,1.9785,1.9787,0.90,1.70
2008.04.16 12:38:17.372,1.9785,1.9787,0.90,1.70
2008.04.16 12:38:17.648,1.9785,1.9787,0.90,1.70
2008.04.16 12:38:17.924,1.9785,1.9787,0.90,1.70
2008.04.16 12:38:18.224,1.9785,1.9787,0.90,1.70
2008.04.16 12:38:18.471,1.9785,1.9787,0.90,1.70
2008.04.16 12:38:18.716,1.9785,1.9787,0.90,1.70
2008.04.16 12:38:18.963,1.9784,1.9786,1.70,0.90
2008.04.16 12:38:19.207,1.9784,1.9786,2.10,0.90
2008.04.16 12:38:19.525,1.97855,1.9787,0.90,0.80
2008.04.16 12:38:19.823,1.97855,1.9787,0.90,0.80
2008.04.16 12:38:20.120,1.97855,1.97875,0.90,3.30
2008.04.16 12:38:20.462,1.97855,1.97875,0.90,3.30
2008.04.16 12:38:20.750,1.97855,1.97875,0.90,0.90
2008.04.16 12:38:21.036,1.97855,1.97875,0.90,0.90
2008.04.16 12:38:21.324,1.97865,1.9788,0.90,8.00
2008.04.16 12:38:21.619,1.9786,1.9788,4.10,0.90
2008.04.16 12:38:21.882,1.9786,1.97875,0.80,0.90
2008.04.16 12:38:22.144,1.97855,1.97875,0.90,0.90
2008.04.16 12:38:22.406,1.97855,1.97875,0.90,0.90
2008.04.16 12:38:22.690,1.97855,1.97875,0.90,0.90
2008.04.16 12:38:22.977,1.97855,1.97875,0.90,0.90
2008.04.16 12:38:23.261,1.97855,1.97875,0.90,0.90
2008.04.16 12:38:23.515,1.97855,1.97875,0.90,0.90
2008.04.16 12:38:23.760,1.97855,1.97875,0.90,0.90
2008.04.16 12:38:24.042,1.9785,1.9787,0.90,0.90
2008.04.16 12:38:24.289,1.9785,1.9787,0.90,0.90
2008.04.16 12:38:24.577,1.97855,1.97875,0.90,3.30
2008.04.16 12:38:24.862,1.97855,1.97875,0.90,3.30
2008.04.16 12:38:25.148,1.97845,1.97865,0.90,0.90
2008.04.16 12:38:25.435,1.97845,1.97865,0.90,0.90
2008.04.16 12:38:25.741,1.97845,1.97865,0.90,0.90
2008.04.16 12:38:26.009,1.97845,1.97865,0.90,0.90
2008.04.16 12:38:26.284,1.97845,1.97865,0.90,0.90
2008.04.16 12:38:26.557,1.9784,1.9786,0.90,0.90
2008.04.16 12:38:26.798,1.97835,1.97855,2.50,0.90
2008.04.16 12:38:27.039,1.97835,1.97855,0.90,0.90
2008.04.16 12:38:27.279,1.97835,1.97855,0.90,0.90
2008.04.16 12:38:27.519,1.9784,1.9786,0.90,2.50
2008.04.16 12:38:27.806,1.9784,1.9786,0.90,0.90
2008.04.16 12:38:28.130,1.97835,1.97855,0.90,0.90
2008.04.16 12:38:28.415,1.97835,1.97855,0.90,3.30
2008.04.16 12:38:28.676,1.97835,1.9785,0.90,0.20
2008.04.16 12:38:28.937,1.97825,1.97845,2.50,0.90
2008.04.16 12:38:29.231,1.97825,1.97845,0.90,0.90
2008.04.16 12:38:29.493,1.97815,1.97835,2.50,0.90
2008.04.16 12:38:29.769,1.97815,1.97835,0.90,0.90
2008.04.16 12:38:30.045,1.97815,1.97835,0.90,3.30
2008.04.16 12:38:30.357,1.97815,1.97835,0.90,3.30
2008.04.16 12:38:30.618,1.97805,1.97825,0.90,0.90
2008.04.16 12:38:30.880,1.97805,1.97825,0.90,0.90
2008.04.16 12:38:31.141,1.97805,1.97825,0.90,0.90
2008.04.16 12:38:31.432,1.9781,1.9783,0.90,2.50
2008.04.16 12:38:31.699,1.9781,1.9783,0.90,1.70
2008.04.16 12:38:31.997,1.9781,1.9783,1.70,0.90
2008.04.16 12:38:32.292,1.9781,1.9783,1.70,0.90
2008.04.16 12:38:32.592,1.97825,1.97835,0.90,1.60
2008.04.16 12:38:32.855,1.97825,1.97845,0.90,3.30
2008.04.16 12:38:33.115,1.97825,1.97845,0.90,3.30
2008.04.16 12:38:33.377,1.9783,1.9785,0.90,2.50
2008.04.16 12:38:33.696,1.9783,1.9785,0.90,0.90
2008.04.16 12:38:33.972,1.9783,1.9785,0.90,0.90
2008.04.16 12:38:34.246,1.9783,1.9785,1.10,0.90
2008.04.16 12:38:34.551,1.97835,1.97855,0.90,4.10
2008.04.16 12:38:34.842,1.97835,1.97855,0.90,2.50
2008.04.16 12:38:35.133,1.97835,1.97855,0.90,2.50
2008.04.16 12:38:35.427,1.9784,1.9786,0.90,2.50
2008.04.16 12:38:35.708,1.9784,1.9786,0.90,0.90
2008.04.16 12:38:35.952,1.97845,1.97865,0.90,5.70
2008.04.16 12:38:36.193,1.97845,1.97865,0.90,0.90
2008.04.16 12:38:36.436,1.9785,1.9787,0.90,2.50
2008.04.16 12:38:36.739,1.9785,1.9787,0.90,0.90
2008.04.16 12:38:37.045,1.9785,1.9787,0.90,0.90
2008.04.16 12:38:37.348,1.9785,1.9787,0.90,0.90
2008.04.16 12:38:37.649,1.9785,1.9787,0.90,1.10
2008.04.16 12:38:37.910,1.9784,1.9786,8.10,0.90
2008.04.16 12:38:38.172,1.9784,1.9786,8.10,0.90
2008.04.16 12:38:38.435,1.9784,1.9786,4.10,0.90
2008.04.16 12:38:38.698,1.9784,1.9786,0.90,0.90
2008.04.16 12:38:38.974,1.97845,1.97865,0.90,2.50
2008.04.16 12:38:39.282,1.97845,1.97865,0.90,0.90
2008.04.16 12:38:39.550,1.97845,1.97865,0.90,0.90
2008.04.16 12:38:39.806,1.97845,1.97865,0.90,0.90
2008.04.16 12:38:40.062,1.97845,1.97865,0.90,3.30
2008.04.16 12:38:40.318,1.97845,1.97865,0.90,3.30
2008.04.16 12:38:40.576,1.97845,1.97865,2.50,0.90
2008.04.16 12:38:40.867,1.97845,1.97865,0.90,0.90
2008.04.16 12:38:41.158,1.97845,1.97865,0.90,0.90
2008.04.16 12:38:41.448,1.97845,1.97865,0.90,0.90
2008.04.16 12:38:41.739,1.97845,1.97865,0.90,0.90
2008.04.16 12:38:41.981,1.9785,1.9787,0.90,3.30
2008.04.16 12:38:42.220,1.9785,1.9787,0.90,1.70
2008.04.16 12:38:42.461,1.97845,1.97865,0.90,0.90
2008.04.16 12:38:42.703,1.97845,1.97865,0.90,0.90
2008.04.16 12:38:42.978,1.9785,1.9787,0.90,2.50
2008.04.16 12:38:43.255,1.9785,1.9787,0.90,0.90
2008.04.16 12:38:43.530,1.9785,1.9787,1.70,0.90
2008.04.16 12:38:43.839,1.9785,1.9787,1.70,0.90
2008.04.16 12:38:44.109,1.9785,1.9787,1.70,1.20
2008.04.16 12:38:44.379,1.9785,1.9786,0.80,0.90
2008.04.16 12:38:44.650,1.97845,1.97865,0.90,0.90
2008.04.16 12:38:44.921,1.97835,1.97855,2.50,0.90
2008.04.16 12:38:45.197,1.97835,1.97855,0.90,0.90
2008.04.16 12:38:45.473,1.9783,1.9785,4.10,0.90
2008.04.16 12:38:45.780,1.9783,1.9785,3.30,0.90
2008.04.16 12:38:46.004,1.9783,1.9785,0.90,0.90
2008.04.16 12:38:46.250,1.9783,1.9785,0.90,0.90
2008.04.16 12:38:46.497,1.9783,1.9785,0.90,0.90
2008.04.16 12:38:46.742,1.9783,1.9785,0.90,1.20
2008.04.16 12:38:47.053,1.9782,1.9784,4.10,0.90
2008.04.16 12:38:47.364,1.9782,1.9784,4.10,0.90
2008.04.16 12:38:47.694,1.9782,1.9784,4.10,0.90
2008.04.16 12:38:47.940,1.9782,1.9784,4.10,0.90
2008.04.16 12:38:48.187,1.9782,1.9784,4.10,0.90
2008.04.16 12:38:48.433,1.9782,1.9784,4.10,0.90
2008.04.16 12:38:48.678,1.9782,1.9784,4.10,0.90
2008.04.16 12:38:48.923,1.9783,1.97845,0.90,1.60
2008.04.16 12:38:49.235,1.9783,1.9785,0.90,2.40
2008.04.16 12:38:49.578,1.97825,1.97845,0.90,0.90
2008.04.16 12:38:49.890,1.97825,1.97845,0.90,0.90
2008.04.16 12:38:50.136,1.9783,1.9785,1.10,2.40
2008.04.16 12:38:50.383,1.97835,1.9785,0.90,1.50
2008.04.16 12:38:50.639,1.97835,1.97855,0.90,4.00
2008.04.16 12:38:50.883,1.97835,1.97855,0.90,2.50
2008.04.16 12:38:51.201,1.97835,1.97855,0.90,2.50
2008.04.16 12:38:51.549,1.97835,1.97855,0.90,0.90
2008.04.16 12:38:51.832,1.97835,1.97855,0.90,0.90
2008.04.16 12:38:52.085,1.97835,1.97855,0.90,0.90
2008.04.16 12:38:52.337,1.97835,1.97855,0.90,0.90
2008.04.16 12:38:52.626,1.9784,1.9786,1.10,0.90
2008.04.16 12:38:52.875,1.9785,1.97865,0.90,3.10
2008.04.16 12:38:53.163,1.9785,1.9787,0.90,1.70
2008.04.16 12:38:53.451,1.97845,1.97865,0.90,0.90
2008.04.16 12:38:53.738,1.97845,1.97865,0.90,0.90
2008.04.16 12:38:54.056,1.97845,1.97865,0.90,0.90
2008.04.16 12:38:55.640,1.97845,1.97865,0.90,0.90
2008.04.16 12:38:55.819,1.9784,1.9786,1.70,0.90
2008.04.16 12:38:55.890,1.97835,1.97855,0.90,0.90
2008.04.16 12:38:55.978,1.9784,1.9786,0.90,1.70
2008.04.16 12:38:56.073,1.9784,1.9786,0.90,1.70
2008.04.16 12:38:56.171,1.9784,1.9786,0.90,1.70
2008.04.16 12:38:56.268,1.9784,1.9786,0.90,1.70
2008.04.16 12:38:56.364,1.9784,1.9786,0.90,1.70
2008.04.16 12:38:56.468,1.9783,1.9785,4.10,0.90
2008.04.16 12:38:56.533,1.9783,1.9785,4.10,0.90
2008.04.16 12:38:56.599,1.9783,1.9785,4.10,0.90
2008.04.16 12:38:56.683,1.9783,1.9785,4.10,0.90
2008.04.16 12:38:57.077,1.9785,1.97855,0.90,1.50
2008.04.16 12:38:57.419,1.9785,1.9787,3.30,1.70
2008.04.16 12:38:57.754,1.9785,1.9787,1.70,1.10
2008.04.16 12:38:57.992,1.97845,1.97865,4.90,0.90
2008.04.16 12:38:58.192,1.97845,1.97865,0.90,0.90
2008.04.16 12:38:58.413,1.97845,1.97865,0.90,0.90
2008.04.16 12:38:58.609,1.97845,1.97865,0.90,0.90
2008.04.16 12:38:58.810,1.97845,1.97865,0.90,3.30
2008.04.16 12:38:59.178,1.97835,1.97855,0.90,0.90
2008.04.16 12:38:59.514,1.97835,1.97855,0.90,0.90
2008.04.16 12:38:59.850,1.97835,1.97855,0.90,0.90
2008.04.16 12:39:00.124,1.97835,1.97855,0.90,0.90
2008.04.16 12:39:00.364,1.97835,1.97855,0.90,0.90
2008.04.16 12:39:00.605,1.97835,1.97855,0.90,0.90
2008.04.16 12:39:00.845,1.97835,1.97855,0.90,0.90
2008.04.16 12:39:01.142,1.9783,1.9785,0.90,0.90
2008.04.16 12:39:01.438,1.97825,1.97845,0.90,0.90
2008.04.16 12:39:01.734,1.97825,1.97845,0.90,0.90
2008.04.16 12:39:02.064,1.9782,1.9784,3.30,0.90
2008.04.16 12:39:02.314,1.9782,1.9784,0.90,0.90
2008.04.16 12:39:02.567,1.97815,1.97835,0.90,0.90
2008.04.16 12:39:02.817,1.97815,1.97835,0.90,0.90
2008.04.16 12:39:03.069,1.97815,1.97835,0.90,0.90
2008.04.16 12:39:03.353,1.97805,1.97825,2.50,0.90
2008.04.16 12:39:03.635,1.97805,1.97825,0.90,0.90
2008.04.16 12:39:03.915,1.9781,1.9783,0.90,2.50
2008.04.16 12:39:04.188,1.9781,1.9783,0.90,2.50
2008.04.16 12:39:04.458,1.97805,1.97825,0.90,0.90
2008.04.16 12:39:04.730,1.97805,1.97825,0.90,0.90
2008.04.16 12:39:04.999,1.97805,1.97825,0.90,0.90
2008.04.16 12:39:05.260,1.97805,1.97825,0.90,0.90
2008.04.16 12:39:05.521,1.978,1.9782,3.30,0.90
2008.04.16 12:39:05.806,1.978,1.9782,3.30,0.90
2008.04.16 12:39:06.067,1.97805,1.97825,0.90,2.50
2008.04.16 12:39:06.358,1.97805,1.97825,0.90,0.90
2008.04.16 12:39:06.649,1.97805,1.97825,0.90,0.90
2008.04.16 12:39:06.939,1.97805,1.97825,0.90,0.90
2008.04.16 12:39:07.208,1.97805,1.97825,0.90,0.90
2008.04.16 12:39:07.480,1.9781,1.9783,3.30,3.30
2008.04.16 12:39:07.750,1.9781,1.9783,0.90,1.70
2008.04.16 12:39:08.021,1.9781,1.9783,0.90,1.70
2008.04.16 12:39:08.295,1.9781,1.9783,0.90,1.70
2008.04.16 12:39:08.534,1.9781,1.9783,0.90,1.70
2008.04.16 12:39:08.775,1.9781,1.9783,0.90,1.70
2008.04.16 12:39:09.016,1.9781,1.9783,0.90,1.70
2008.04.16 12:39:09.321,1.9781,1.9783,0.90,1.70
2008.04.16 12:39:09.627,1.9781,1.9783,0.90,1.70
2008.04.16 12:39:09.933,1.9781,1.9783,0.90,1.70
2008.04.16 12:39:10.240,1.9781,1.9783,1.70,0.90
2008.04.16 12:39:10.508,1.9781,1.9783,1.70,0.90
2008.04.16 12:39:10.744,1.9781,1.9783,4.10,0.90
2008.04.16 12:39:10.979,1.97815,1.97835,0.90,4.90
2008.04.16 12:39:11.226,1.97815,1.97835,0.90,0.90
2008.04.16 12:39:11.545,1.97815,1.97835,0.90,0.90
2008.04.16 12:39:11.830,1.97815,1.97835,0.90,0.90
2008.04.16 12:39:12.116,1.9782,1.9784,0.90,1.20
2008.04.16 12:39:12.349,1.9782,1.9784,0.90,0.90
2008.04.16 12:39:13.721,1.9782,1.9784,0.90,2.50
2008.04.16 12:39:13.803,1.97805,1.97825,0.90,0.90
2008.04.16 12:39:13.884,1.97805,1.97825,0.90,0.90
2008.04.16 12:39:13.993,1.97805,1.97825,0.90,0.90
2008.04.16 12:39:14.072,1.97805,1.97825,0.90,0.90
2008.04.16 12:39:14.153,1.97805,1.97825,0.90,0.90
2008.04.16 12:39:14.259,1.97805,1.97825,0.90,0.90
2008.04.16 12:39:14.340,1.97805,1.97825,0.90,0.90
2008.04.16 12:39:14.420,1.9781,1.9783,0.90,5.70
2008.04.16 12:39:14.525,1.9781,1.9783,0.90,4.10
2008.04.16 12:39:14.636,1.9781,1.9783,0.90,4.10
2008.04.16 12:39:14.753,1.9781,1.9783,0.90,1.70
2008.04.16 12:39:15.122,1.9781,1.9783,0.90,1.70
2008.04.16 12:39:15.486,1.9781,1.9783,0.90,1.70
2008.04.16 12:39:15.876,1.9781,1.9783,0.90,1.70
2008.04.16 12:39:16.123,1.9781,1.9783,0.90,1.70
2008.04.16 12:39:16.371,1.9781,1.9783,0.90,1.70
2008.04.16 12:39:16.592,1.9781,1.9783,0.90,1.70
2008.04.16 12:39:16.813,1.9781,1.9783,0.90,1.70
2008.04.16 12:39:17.124,1.9781,1.9783,0.90,1.70
2008.04.16 12:39:17.434,1.9781,1.9783,0.90,1.70
2008.04.16 12:39:17.745,1.9781,1.9783,0.90,1.70
2008.04.16 12:39:18.085,1.9781,1.9783,0.90,1.70
2008.04.16 12:39:18.315,1.9781,1.9783,0.90,1.70
2008.04.16 12:39:18.574,1.9781,1.9783,0.90,1.70
2008.04.16 12:39:18.833,1.9781,1.9783,0.90,1.70
2008.04.16 12:39:19.093,1.9781,1.9783,0.90,1.70
2008.04.16 12:39:19.358,1.9781,1.9783,0.90,1.70
2008.04.16 12:39:19.624,1.9781,1.9783,0.90,1.70
2008.04.16 12:39:19.888,1.9781,1.9783,0.90,1.70
2008.04.16 12:39:20.162,1.9781,1.9783,0.90,1.70
2008.04.16 12:39:20.473,1.9781,1.9783,0.90,1.70
2008.04.16 12:39:20.747,1.9781,1.9783,0.90,1.70
2008.04.16 12:39:21.021,1.9781,1.9783,0.90,1.70
2008.04.16 12:39:21.246,1.9781,1.9783,0.90,1.70
2008.04.16 12:39:21.495,1.9781,1.9783,0.90,1.70
2008.04.16 12:39:21.718,1.9781,1.9783,0.90,1.70
2008.04.16 12:39:21.943,1.9781,1.9783,0.90,1.70
2008.04.16 12:39:22.224,1.9781,1.9783,0.90,1.70
2008.04.16 12:39:22.503,1.9781,1.9783,0.90,1.70
2008.04.16 12:39:22.819,1.9781,1.9783,0.90,1.70
2008.04.16 12:39:23.099,1.9781,1.9783,0.90,1.70
2008.04.16 12:39:23.377,1.9781,1.9783,0.90,1.70
2008.04.16 12:39:23.659,1.9781,1.9783,0.90,1.70
2008.04.16 12:39:23.868,1.9781,1.9783,0.90,1.70
2008.04.16 12:39:24.111,1.9781,1.9783,0.90,1.70
2008.04.16 12:39:24.321,1.9781,1.9783,0.90,1.70
2008.04.16 12:39:24.541,1.9781,1.9783,0.90,1.70
2008.04.16 12:39:24.752,1.9781,1.9783,0.90,1.70
2008.04.16 12:39:24.963,1.9781,1.9783,0.90,1.70
2008.04.16 12:39:25.256,1.9781,1.9783,0.90,1.70
2008.04.16 12:39:25.552,1.9781,1.9783,0.90,1.70
2008.04.16 12:39:25.847,1.9781,1.9783,0.90,1.70
2008.04.16 12:39:26.142,1.9781,1.9783,0.90,1.70
2008.04.16 12:39:26.371,1.9781,1.9783,0.90,1.70
2008.04.16 12:39:26.601,1.9781,1.9783,0.90,1.70
2008.04.16 12:39:26.830,1.9781,1.9783,0.90,1.70
2008.04.16 12:39:27.062,1.97805,1.97815,1.60,0.90
2008.04.16 12:39:27.285,1.97795,1.97815,0.90,0.90
2008.04.16 12:39:27.541,1.978,1.9782,0.90,4.90
2008.04.16 12:39:27.762,1.978,1.9782,0.90,0.90
2008.04.16 12:39:27.982,1.97805,1.97825,0.90,6.50
2008.04.16 12:39:28.203,1.97805,1.97825,0.90,2.50
2008.04.16 12:39:28.519,1.97805,1.97825,0.90,0.90
2008.04.16 12:39:28.872,1.97805,1.97825,0.90,0.90
2008.04.16 12:39:29.153,1.97805,1.97825,0.90,0.90
2008.04.16 12:39:29.387,1.97805,1.97825,0.90,0.90
2008.04.16 12:39:29.624,1.978,1.9782,0.90,0.90
2008.04.16 12:39:29.862,1.978,1.9782,0.90,0.90
2008.04.16 12:39:30.122,1.978,1.9782,0.90,0.90
2008.04.16 12:39:30.403,1.978,1.9782,0.90,0.90
2008.04.16 12:39:30.653,1.978,1.9782,0.90,0.90
2008.04.16 12:39:30.909,1.978,1.9782,0.90,0.90
2008.04.16 12:39:31.197,1.978,1.9782,0.90,0.90
2008.04.16 12:39:31.469,1.978,1.9782,0.90,0.90
2008.04.16 12:39:31.739,1.978,1.9782,0.90,0.90
2008.04.16 12:39:32.010,1.978,1.9782,0.90,0.90
2008.04.16 12:39:32.279,1.978,1.9782,0.90,0.90
2008.04.16 12:39:32.559,1.97805,1.97825,0.90,4.10
2008.04.16 12:39:32.840,1.97805,1.97825,0.90,4.10
2008.04.16 12:39:33.120,1.97805,1.97825,0.90,4.10
2008.04.16 12:39:33.402,1.97805,1.97825,0.90,4.10
2008.04.16 12:39:33.655,1.97805,1.97825,0.90,4.10
2008.04.16 12:39:33.912,1.97805,1.97825,0.90,4.10
2008.04.16 12:39:34.168,1.97805,1.97825,0.90,4.10
2008.04.16 12:39:34.423,1.97805,1.97825,0.90,4.10
2008.04.16 12:39:34.658,1.978,1.9782,1.70,0.90
2008.04.16 12:39:34.893,1.978,1.9782,1.70,0.90
2008.04.16 12:39:35.129,1.97805,1.97825,0.90,4.10
2008.04.16 12:39:35.364,1.97805,1.97825,0.90,4.10
2008.04.16 12:39:35.601,1.9781,1.97825,0.90,3.20
2008.04.16 12:39:35.887,1.9781,1.97825,0.90,3.20
2008.04.16 12:39:36.173,1.9781,1.9783,0.90,0.90
2008.04.16 12:39:38.143,1.9781,1.9783,1.70,0.90
2008.04.16 12:39:38.212,1.9782,1.97835,0.90,2.40
2008.04.16 12:39:38.322,1.9782,1.97835,0.90,2.40
2008.04.16 12:39:38.417,1.9782,1.97835,0.90,0.80
2008.04.16 12:39:38.518,1.9781,1.9783,1.70,0.90
2008.04.16 12:39:38.846,1.9781,1.9783,1.70,0.90
2008.04.16 12:39:38.874,1.9781,1.9783,0.90,1.70
2008.04.16 12:39:39.021,1.9781,1.9783,0.90,1.70
2008.04.16 12:39:39.357,1.9781,1.9783,0.90,1.70
2008.04.16 12:39:39.695,1.97815,1.9783,0.90,0.80
2008.04.16 12:39:40.078,1.97815,1.97835,0.90,1.70
2008.04.16 12:39:40.265,1.97815,1.97835,0.90,1.70
2008.04.16 12:39:40.541,1.97815,1.97835,0.90,1.70
2008.04.16 12:39:40.773,1.97815,1.97835,0.90,1.70
2008.04.16 12:39:41.005,1.97815,1.97835,0.90,4.10
2008.04.16 12:39:41.236,1.97815,1.97835,0.90,4.10
2008.04.16 12:39:41.568,1.97815,1.97835,0.90,4.10
2008.04.16 12:39:41.932,1.97815,1.97835,0.90,4.10
2008.04.16 12:39:42.265,1.9781,1.9783,0.90,1.70
2008.04.16 12:39:42.486,1.9781,1.9783,0.90,1.70
2008.04.16 12:39:42.708,1.9781,1.9783,0.90,1.70
2008.04.16 12:39:42.930,1.9781,1.97825,0.90,0.80
2008.04.16 12:39:43.153,1.97805,1.97825,0.90,1.70
2008.04.16 12:39:43.469,1.97805,1.97825,0.90,0.90
2008.04.16 12:39:43.797,1.978,1.9782,0.90,1.70
2008.04.16 12:39:44.144,1.978,1.9782,0.90,1.70
2008.04.16 12:39:44.407,1.978,1.9782,0.90,1.70
2008.04.16 12:39:44.605,1.97795,1.97815,0.90,0.90
2008.04.16 12:39:44.835,1.97795,1.97815,0.90,0.90
2008.04.16 12:39:45.065,1.97795,1.97815,0.90,0.90
2008.04.16 12:39:45.326,1.97795,1.97815,0.90,0.90
2008.04.16 12:39:45.602,1.9779,1.9781,1.70,0.90
2008.04.16 12:39:45.908,1.9779,1.9781,1.70,0.90
2008.04.16 12:39:46.215,1.97785,1.97805,0.90,0.90
2008.04.16 12:39:46.447,1.97785,1.97805,0.90,0.90
2008.04.16 12:39:46.678,1.9779,1.97805,0.90,0.80
2008.04.16 12:39:46.908,1.9779,1.97805,0.90,0.80
2008.04.16 12:39:47.139,1.9778,1.978,1.70,0.90
2008.04.16 12:39:47.477,1.9778,1.978,1.70,0.90
2008.04.16 12:39:47.784,1.9778,1.97785,1.70,0.80
2008.04.16 12:39:48.092,1.9778,1.97795,0.80,1.70
2008.04.16 12:39:48.399,1.97775,1.9779,0.90,0.80
2008.04.16 12:39:48.655,1.97775,1.9779,0.90,0.80
2008.04.16 12:39:48.911,1.97775,1.97795,0.90,3.30
2008.04.16 12:39:49.168,1.97765,1.97785,0.90,0.90
2008.04.16 12:39:49.435,1.97765,1.97785,0.90,0.90
2008.04.16 12:39:49.672,1.9777,1.9779,0.90,2.50
2008.04.16 12:39:49.934,1.9777,1.9779,0.90,0.90
2008.04.16 12:39:50.204,1.9776,1.9778,1.70,0.90
2008.04.16 12:39:50.534,1.9776,1.9778,0.90,1.70
2008.04.16 12:39:50.856,1.9776,1.9778,0.90,1.70
2008.04.16 12:39:51.155,1.9776,1.9778,0.90,1.70
2008.04.16 12:39:51.448,1.9776,1.9778,0.90,1.70
2008.04.16 12:39:51.688,1.9776,1.9778,0.90,1.70
2008.04.16 12:39:51.931,1.9776,1.9778,0.90,1.70
2008.04.16 12:39:52.173,1.9776,1.9778,0.90,1.70
2008.04.16 12:39:52.460,1.9776,1.9778,0.90,1.70
2008.04.16 12:39:52.748,1.9776,1.9778,0.90,1.70
2008.04.16 12:39:53.035,1.9776,1.9778,0.90,2.50
2008.04.16 12:39:53.325,1.9775,1.9776,2.40,0.80
2008.04.16 12:39:53.618,1.9775,1.9776,2.40,0.80
2008.04.16 12:39:53.879,1.97745,1.9776,0.90,0.80
2008.04.16 12:39:54.140,1.9774,1.9776,0.90,1.70
2008.04.16 12:39:54.400,1.9774,1.9775,0.90,0.80
2008.04.16 12:39:54.681,1.9774,1.9776,1.10,1.70
2008.04.16 12:39:54.962,1.9774,1.9776,1.10,1.70
2008.04.16 12:39:55.241,1.9774,1.9776,0.90,1.70
2008.04.16 12:39:55.522,1.9774,1.9776,0.90,1.70
2008.04.16 12:39:55.799,1.9774,1.9776,0.90,1.70
2008.04.16 12:39:56.110,1.9774,1.9776,1.10,1.70
2008.04.16 12:39:56.385,1.9774,1.9776,1.20,1.70
2008.04.16 12:39:56.656,1.9775,1.97765,0.90,6.40
2008.04.16 12:39:56.926,1.9775,1.97765,0.90,4.00
2008.04.16 12:39:57.197,1.9775,1.97765,0.90,2.40
2008.04.16 12:39:57.477,1.9775,1.9777,0.90,0.90
2008.04.16 12:39:57.770,1.97755,1.97775,0.90,0.90
2008.04.16 12:39:58.000,1.97755,1.97775,0.90,0.90
2008.04.16 12:39:58.263,1.9776,1.9778,0.90,0.90
2008.04.16 12:39:58.523,1.9776,1.9778,1.10,0.90
2008.04.16 12:39:58.837,1.97765,1.97785,0.90,2.50
2008.04.16 12:39:59.083,1.97765,1.97785,0.90,2.50
2008.04.16 12:39:59.358,1.97765,1.97785,0.90,2.50
2008.04.16 12:39:59.635,1.9777,1.9779,0.90,0.90
2008.04.16 12:39:59.902,1.9777,1.9779,0.90,0.90
2008.04.16 12:40:00.167,1.9777,1.9779,1.70,0.90
2008.04.16 12:40:00.433,1.9777,1.9779,1.70,0.90
2008.04.16 12:40:00.724,1.9777,1.9779,1.70,0.90
2008.04.16 12:40:01.014,1.9777,1.9779,1.70,0.90
2008.04.16 12:40:01.304,1.9777,1.9779,0.90,0.90
2008.04.16 12:40:01.596,1.9777,1.9779,0.90,0.90
2008.04.16 12:40:01.841,1.9777,1.9779,0.90,0.90
2008.04.16 12:40:02.086,1.97765,1.97785,2.50,0.90
2008.04.16 12:40:02.332,1.97765,1.97785,0.90,0.90
2008.04.16 12:40:02.578,1.97765,1.97785,0.90,0.90
2008.04.16 12:40:02.841,1.97765,1.97785,0.90,0.90
2008.04.16 12:40:03.100,1.97765,1.97785,0.90,0.90
2008.04.16 12:40:03.360,1.97765,1.97785,0.90,0.90
2008.04.16 12:40:03.621,1.9776,1.9778,0.90,0.90
2008.04.16 12:40:03.913,1.9776,1.9778,0.90,0.90
2008.04.16 12:40:04.243,1.97765,1.97785,0.90,0.90
2008.04.16 12:40:04.535,1.9776,1.9778,0.90,0.90
2008.04.16 12:40:04.806,1.9776,1.9778,0.90,0.90
2008.04.16 12:40:05.080,1.97765,1.97785,0.90,4.90
2008.04.16 12:40:05.354,1.97765,1.97785,0.90,3.30
2008.04.16 12:40:05.625,1.9776,1.9778,0.90,0.90
2008.04.16 12:40:05.883,1.9776,1.9778,0.90,0.90
2008.04.16 12:40:06.172,1.97755,1.97775,0.90,0.90
2008.04.16 12:40:06.429,1.97755,1.97775,0.90,0.90
2008.04.16 12:40:06.686,1.97755,1.97775,0.90,0.90
2008.04.16 12:40:06.981,1.97755,1.97775,0.90,2.50
2008.04.16 12:40:07.278,1.9775,1.9777,0.90,0.90
2008.04.16 12:40:07.606,1.9775,1.9777,0.90,0.90
2008.04.16 12:40:07.826,1.9775,1.9777,0.90,0.90
2008.04.16 12:40:08.107,1.9775,1.9777,0.90,0.90
2008.04.16 12:40:08.325,1.9775,1.9777,0.90,0.90
2008.04.16 12:40:08.575,1.9775,1.9777,0.90,0.90
2008.04.16 12:40:08.880,1.9775,1.9777,0.90,0.90
2008.04.16 12:40:09.141,1.9775,1.9777,0.90,0.90
2008.04.16 12:40:09.458,1.9775,1.9777,0.90,0.90
2008.04.16 12:40:09.767,1.9775,1.9777,0.90,0.90
2008.04.16 12:40:10.047,1.97745,1.97765,0.90,0.90
2008.04.16 12:40:10.340,1.97745,1.97765,0.90,0.90
2008.04.16 12:40:10.633,1.97745,1.97765,0.90,0.90
2008.04.16 12:40:10.889,1.97745,1.97765,0.90,0.90
2008.04.16 12:40:11.149,1.97745,1.97765,0.90,0.90
2008.04.16 12:40:11.378,1.97745,1.97765,0.90,0.90
2008.04.16 12:40:11.601,1.97745,1.97765,0.90,0.90
2008.04.16 12:40:11.853,1.97745,1.97765,0.90,0.90
2008.04.16 12:40:12.190,1.97745,1.97765,0.90,0.90
2008.04.16 12:40:12.527,1.97745,1.97765,0.90,0.90
2008.04.16 12:40:12.868,1.97745,1.97765,0.90,0.90
2008.04.16 12:40:13.089,1.97745,1.97765,0.90,0.90
2008.04.16 12:40:13.312,1.97745,1.97765,0.90,0.90
2008.04.16 12:40:13.533,1.97745,1.97765,0.90,0.90
2008.04.16 12:40:13.756,1.97745,1.97765,0.90,0.90
2008.04.16 12:40:14.033,1.97745,1.97765,0.90,0.90
2008.04.16 12:40:14.309,1.97745,1.97765,0.90,0.90
2008.04.16 12:40:14.583,1.97745,1.97765,0.90,0.90
2008.04.16 12:40:14.859,1.97745,1.97765,0.90,3.30
2008.04.16 12:40:15.111,1.97745,1.97765,0.90,3.30
2008.04.16 12:40:15.362,1.97745,1.97765,0.90,3.30
2008.04.16 12:40:15.613,1.97745,1.97765,0.90,3.30
2008.04.16 12:40:15.897,1.97745,1.97765,0.90,3.30
2008.04.16 12:40:16.153,1.97745,1.97765,0.90,3.30
2008.04.16 12:40:16.413,1.97745,1.97765,0.90,3.30
2008.04.16 12:40:16.674,1.97745,1.97765,0.90,3.30
2008.04.16 12:40:16.936,1.97745,1.97765,0.90,4.10
2008.04.16 12:40:17.235,1.9774,1.9776,1.70,1.10
2008.04.16 12:40:17.560,1.9774,1.9776,1.70,0.90
2008.04.16 12:40:17.855,1.9774,1.9776,1.70,0.90
2008.04.16 12:40:18.115,1.97745,1.97765,0.90,5.70
2008.04.16 12:40:18.367,1.97745,1.97765,0.90,0.90
2008.04.16 12:40:18.618,1.97745,1.97765,0.90,0.90
2008.04.16 12:40:18.902,1.97745,1.97765,0.90,0.90
2008.04.16 12:40:19.198,1.97745,1.97765,0.90,0.90
2008.04.16 12:40:19.494,1.97745,1.97765,0.90,0.90
2008.04.16 12:40:19.790,1.97745,1.97765,0.90,0.90
2008.04.16 12:40:20.044,1.97745,1.97765,0.90,0.90
2008.04.16 12:40:20.299,1.97745,1.97765,0.90,0.90
2008.04.16 12:40:20.586,1.97745,1.97765,0.90,0.90
2008.04.16 12:40:20.832,1.97745,1.97765,0.90,0.90
2008.04.16 12:40:21.096,1.97745,1.97765,0.90,0.90
2008.04.16 12:40:21.356,1.97745,1.97765,0.90,0.90
2008.04.16 12:40:21.626,1.97745,1.97765,0.90,0.90
2008.04.16 12:40:21.889,1.97745,1.97765,0.90,0.90
2008.04.16 12:40:22.150,1.97745,1.97765,0.90,0.90
2008.04.16 12:40:22.413,1.97745,1.97765,0.90,0.90
2008.04.16 12:40:22.674,1.97745,1.97765,0.90,0.90
2008.04.16 12:40:22.972,1.97745,1.97765,0.90,1.70
2008.04.16 12:40:23.246,1.97745,1.97765,0.90,1.70
2008.04.16 12:40:23.533,1.97745,1.97765,0.90,0.90
2008.04.16 12:40:23.820,1.9774,1.9776,1.70,0.90
2008.04.16 12:40:24.139,1.9774,1.9776,1.70,0.90
2008.04.16 12:40:24.429,1.9774,1.9776,1.70,0.90
2008.04.16 12:40:24.716,1.9774,1.9776,1.70,1.10
2008.04.16 12:40:25.004,1.9774,1.9776,1.70,1.10
2008.04.16 12:40:25.256,1.9773,1.97745,2.40,0.90
2008.04.16 12:40:25.506,1.97725,1.9774,0.90,0.10
2008.04.16 12:40:25.791,1.9772,1.9774,4.90,1.00
2008.04.16 12:40:26.042,1.9772,1.9774,4.90,1.00
2008.04.16 12:40:26.351,1.9771,1.9773,0.90,0.90
2008.04.16 12:40:26.659,1.97705,1.97725,2.40,0.90
2008.04.16 12:40:26.997,1.97705,1.97725,0.90,0.90
2008.04.16 12:40:27.308,1.977,1.9772,1.30,0.90
2008.04.16 12:40:27.547,1.977,1.9772,1.30,0.90
2008.04.16 12:40:27.789,1.977,1.9772,1.30,0.90
2008.04.16 12:40:28.030,1.977,1.9772,1.30,0.90
2008.04.16 12:40:28.370,1.977,1.9772,1.50,0.90
2008.04.16 12:40:28.671,1.977,1.9772,1.50,0.90
2008.04.16 12:40:28.972,1.977,1.9772,1.40,0.90
2008.04.16 12:40:29.311,1.977,1.9772,1.40,0.90
2008.04.16 12:40:29.581,1.977,1.9772,1.40,0.90
2008.04.16 12:40:29.851,1.977,1.9772,1.50,0.90
2008.04.16 12:40:30.121,1.977,1.9772,1.50,0.90
2008.04.16 12:40:30.397,1.977,1.9772,1.40,0.90
2008.04.16 12:40:30.672,1.977,1.9772,1.40,0.90
2008.04.16 12:40:30.947,1.977,1.9772,1.30,0.90
2008.04.16 12:40:31.224,1.977,1.9772,1.50,0.90
2008.04.16 12:40:31.549,1.977,1.9772,1.50,0.90
2008.04.16 12:40:31.840,1.977,1.9772,1.50,0.90
2008.04.16 12:40:32.131,1.977,1.9772,1.40,0.90
2008.04.16 12:40:32.420,1.977,1.9772,1.30,0.90
2008.04.16 12:40:32.680,1.977,1.9772,1.20,0.90
2008.04.16 12:40:32.942,1.977,1.9772,1.20,0.90
2008.04.16 12:40:33.201,1.977,1.9772,1.20,0.90
2008.04.16 12:40:33.470,1.977,1.9772,0.90,0.90
2008.04.16 12:40:33.727,1.977,1.9772,0.90,0.90
2008.04.16 12:40:33.982,1.977,1.97715,0.90,0.80
2008.04.16 12:40:34.241,1.9769,1.9771,4.40,0.90
2008.04.16 12:40:34.569,1.9769,1.9771,4.40,0.90
2008.04.16 12:40:34.865,1.9769,1.9771,2.00,0.90
2008.04.16 12:40:35.164,1.977,1.97715,0.90,4.00
2008.04.16 12:40:35.431,1.977,1.9772,0.90,1.70
2008.04.16 12:40:35.698,1.97695,1.97715,0.90,0.90
2008.04.16 12:40:35.963,1.97695,1.97715,0.90,0.90
2008.04.16 12:40:36.229,1.9769,1.9771,1.70,0.90
2008.04.16 12:40:36.531,1.9769,1.9771,1.90,0.90
2008.04.16 12:40:36.740,1.97695,1.97715,0.90,2.50
2008.04.16 12:40:36.996,1.977,1.97715,0.30,0.90
2008.04.16 12:40:37.251,1.977,1.97715,0.30,0.90
2008.04.16 12:40:37.554,1.977,1.97715,1.50,0.90
2008.04.16 12:40:37.855,1.97705,1.97725,0.90,4.90
2008.04.16 12:40:38.155,1.9771,1.9773,0.90,3.30
2008.04.16 12:40:38.455,1.9771,1.9773,0.90,1.70
2008.04.16 12:40:38.710,1.9771,1.9773,0.90,1.70
2008.04.16 12:40:38.967,1.9771,1.9773,0.90,1.70
2008.04.16 12:40:39.223,1.9771,1.9773,0.90,1.70
2008.04.16 12:40:39.510,1.9771,1.9773,0.90,1.70
2008.04.16 12:40:39.785,1.9771,1.9773,0.90,1.70
2008.04.16 12:40:40.060,1.9771,1.9773,0.90,1.70
2008.04.16 12:40:40.336,1.97705,1.97725,0.90,0.90
2008.04.16 12:40:40.630,1.97705,1.97725,0.90,0.90
2008.04.16 12:40:40.927,1.97705,1.97725,0.90,0.90
2008.04.16 12:40:41.255,1.977,1.9772,1.20,0.90
2008.04.16 12:40:41.553,1.977,1.9772,1.20,0.90
2008.04.16 12:40:41.798,1.977,1.9772,1.20,0.90
2008.04.16 12:40:42.042,1.977,1.9772,1.20,0.90
2008.04.16 12:40:42.327,1.9771,1.97725,0.90,1.60
2008.04.16 12:40:42.535,1.9771,1.9773,0.90,1.70
2008.04.16 12:40:42.790,1.9771,1.9773,1.70,0.90
2008.04.16 12:40:43.045,1.9771,1.9773,1.70,0.90
2008.04.16 12:40:43.301,1.9771,1.9773,1.70,0.90
2008.04.16 12:40:43.593,1.9771,1.9773,1.70,0.90
2008.04.16 12:40:43.857,1.9771,1.9773,1.70,0.90
2008.04.16 12:40:44.122,1.9771,1.9773,1.70,0.90
2008.04.16 12:40:44.388,1.9771,1.9773,1.70,0.90
2008.04.16 12:40:44.652,1.9771,1.9773,1.70,0.90
2008.04.16 12:40:44.942,1.9771,1.9773,1.70,0.90
2008.04.16 12:40:45.232,1.9771,1.9773,1.70,0.90
2008.04.16 12:40:45.522,1.9771,1.9773,1.70,0.90
2008.04.16 12:40:45.778,1.9771,1.9773,1.70,0.90
2008.04.16 12:40:46.032,1.9771,1.9773,1.70,0.90
2008.04.16 12:40:46.286,1.9771,1.9773,1.70,0.90
2008.04.16 12:40:46.540,1.9771,1.9773,1.70,0.90
2008.04.16 12:40:46.750,1.9771,1.9773,1.70,0.90
2008.04.16 12:40:46.959,1.9771,1.9773,1.70,0.90
2008.04.16 12:40:47.169,1.9771,1.9773,1.70,0.90
2008.04.16 12:40:47.379,1.9771,1.9773,1.70,0.90
2008.04.16 12:40:47.589,1.9771,1.9773,1.70,0.90
2008.04.16 12:40:47.875,1.9771,1.9773,1.70,0.90
2008.04.16 12:40:48.191,1.9771,1.9773,1.70,0.90
2008.04.16 12:40:48.510,1.9771,1.9773,1.70,0.90
2008.04.16 12:40:48.777,1.9771,1.9773,1.70,0.90
2008.04.16 12:40:48.980,1.9771,1.9773,1.70,0.90
2008.04.16 12:40:49.216,1.9771,1.9773,1.70,0.90
2008.04.16 12:40:49.452,1.9771,1.9773,1.70,0.90
2008.04.16 12:40:49.687,1.9771,1.9773,1.70,0.90
2008.04.16 12:40:49.957,1.9771,1.9773,1.70,0.90
2008.04.16 12:40:50.227,1.9771,1.9773,1.70,0.90
2008.04.16 12:40:50.498,1.9771,1.9773,1.70,0.90
2008.04.16 12:40:50.769,1.9771,1.9773,1.70,0.90
2008.04.16 12:40:51.021,1.9771,1.9773,1.70,0.90
2008.04.16 12:40:51.300,1.9771,1.9773,1.70,0.90
2008.04.16 12:40:51.550,1.9771,1.9773,1.70,0.90
2008.04.16 12:40:51.799,1.9771,1.9773,1.70,0.90
2008.04.16 12:40:52.043,1.9771,1.9773,1.70,0.90
2008.04.16 12:40:52.288,1.9771,1.9773,1.70,0.90
2008.04.16 12:40:52.532,1.9771,1.9773,1.70,0.90
2008.04.16 12:40:52.777,1.9771,1.9773,1.90,0.90
2008.04.16 12:40:53.033,1.9771,1.9773,1.90,0.90
2008.04.16 12:40:53.287,1.9771,1.9773,1.90,0.90
2008.04.16 12:40:53.544,1.9771,1.9773,1.90,0.90
2008.04.16 12:40:53.798,1.9771,1.9773,1.70,0.90
2008.04.16 12:40:54.076,1.9771,1.9773,1.70,0.90
2008.04.16 12:40:54.352,1.9771,1.9773,1.70,0.90
2008.04.16 12:40:54.626,1.9771,1.97725,0.80,0.90
2008.04.16 12:40:54.903,1.9771,1.9773,0.80,3.30
2008.04.16 12:40:55.159,1.9771,1.9773,0.80,3.30
2008.04.16 12:40:55.416,1.97705,1.9773,0.90,4.10
2008.04.16 12:40:55.673,1.97705,1.9773,0.90,6.50
2008.04.16 12:40:55.930,1.97705,1.9773,0.90,4.10
2008.04.16 12:40:56.205,1.97705,1.9773,0.90,4.10
2008.04.16 12:40:56.480,1.97705,1.9773,0.90,4.10
2008.04.16 12:40:56.756,1.97705,1.9773,0.90,4.10
2008.04.16 12:40:57.031,1.97705,1.9773,0.90,4.10
2008.04.16 12:40:57.286,1.97705,1.9773,0.90,4.10
2008.04.16 12:40:57.559,1.97705,1.9773,0.90,4.10
2008.04.16 12:40:57.849,1.97705,1.9773,0.90,4.10
2008.04.16 12:40:58.106,1.9771,1.9773,0.40,3.30
2008.04.16 12:40:58.349,1.9771,1.9773,0.40,3.30
2008.04.16 12:40:58.589,1.9771,1.9773,0.40,4.10
2008.04.16 12:40:58.866,1.9771,1.9773,1.40,3.20
2008.04.16 12:40:59.075,1.9771,1.9773,1.40,0.80
2008.04.16 12:40:59.393,1.9772,1.97735,0.08,0.80
2008.04.16 12:40:59.708,1.97715,1.97735,0.90,0.80
2008.04.16 12:41:00.022,1.97715,1.97735,0.90,0.80
2008.04.16 12:41:00.339,1.97715,1.97735,0.90,0.80
2008.04.16 12:41:00.587,1.97715,1.97735,0.90,0.80
2008.04.16 12:41:00.831,1.97715,1.97735,0.90,0.80
2008.04.16 12:41:01.077,1.97715,1.97735,0.90,0.80
2008.04.16 12:41:01.367,1.97715,1.97735,0.90,0.80
2008.04.16 12:41:01.657,1.97715,1.97735,0.90,0.80
2008.04.16 12:41:01.945,1.97715,1.97735,0.90,0.80
2008.04.16 12:41:02.237,1.97715,1.97735,0.90,0.80
2008.04.16 12:41:02.483,1.97715,1.97735,0.90,0.80
2008.04.16 12:41:02.728,1.97715,1.97735,0.90,0.80
2008.04.16 12:41:02.974,1.97715,1.97735,0.90,0.80
2008.04.16 12:41:03.222,1.97715,1.97735,0.90,0.80
2008.04.16 12:41:03.508,1.97715,1.97735,0.90,0.80
2008.04.16 12:41:03.795,1.9772,1.97735,0.90,0.80
2008.04.16 12:41:04.084,1.9772,1.97735,0.90,0.80
2008.04.16 12:41:04.354,1.9772,1.97735,0.90,0.80
2008.04.16 12:41:04.620,1.9772,1.97735,0.90,0.80
2008.04.16 12:41:04.886,1.9772,1.97735,0.90,0.80
2008.04.16 12:41:05.152,1.9772,1.97735,1.70,0.80
2008.04.16 12:41:05.412,1.9772,1.97735,1.70,0.80
2008.04.16 12:41:05.675,1.9772,1.97735,1.70,0.80
2008.04.16 12:41:05.971,1.9772,1.97735,1.90,0.80
2008.04.16 12:41:06.226,1.9772,1.97735,1.90,0.80
2008.04.16 12:41:06.511,1.9772,1.97735,1.90,0.80
2008.04.16 12:41:06.796,1.9772,1.97735,1.90,0.80
2008.04.16 12:41:07.081,1.9772,1.97735,1.90,0.80
2008.04.16 12:41:07.366,1.9772,1.97735,1.90,0.80
2008.04.16 12:41:07.638,1.9772,1.97735,1.70,0.80
2008.04.16 12:41:07.911,1.9772,1.97735,1.90,0.80
2008.04.16 12:41:08.180,1.9772,1.97735,1.70,0.80
2008.04.16 12:41:08.396,1.9772,1.97735,1.70,0.80
2008.04.16 12:41:08.643,1.9772,1.97735,1.70,0.80
2008.04.16 12:41:08.882,1.9772,1.97735,1.70,0.80
2008.04.16 12:41:09.135,1.9772,1.97735,2.00,0.80
2008.04.16 12:41:09.386,1.9772,1.97735,2.00,0.80
2008.04.16 12:41:09.714,1.9772,1.97735,2.00,0.80
2008.04.16 12:41:10.013,1.9772,1.97735,2.00,0.80
2008.04.16 12:41:10.308,1.9772,1.97735,2.00,0.80
2008.04.16 12:41:10.523,1.9772,1.97735,2.00,0.80
2008.04.16 12:41:10.739,1.9772,1.97735,2.00,0.80
2008.04.16 12:41:10.953,1.9772,1.97735,2.00,0.80
2008.04.16 12:41:11.169,1.9772,1.97735,2.00,0.80
2008.04.16 12:41:11.387,1.9772,1.97735,2.00,0.80
2008.04.16 12:41:11.704,1.9772,1.97735,2.00,0.80
2008.04.16 12:41:12.048,1.9772,1.97735,2.00,0.80
2008.04.16 12:41:13.932,1.9772,1.97735,2.00,0.80
2008.04.16 12:41:14.001,1.9772,1.97735,2.00,0.80
2008.04.16 12:41:14.143,1.9772,1.97735,2.00,0.80
2008.04.16 12:41:14.209,1.9772,1.97735,2.00,0.80
2008.04.16 12:41:14.270,1.9772,1.97735,2.00,0.80
2008.04.16 12:41:14.342,1.9772,1.97735,2.00,0.80
2008.04.16 12:41:14.426,1.9772,1.97735,2.00,0.80
2008.04.16 12:41:14.590,1.9772,1.97735,2.00,0.80
2008.04.16 12:41:14.637,1.9772,1.97735,2.00,0.80
2008.04.16 12:41:14.660,1.9772,1.97735,2.00,0.80
2008.04.16 12:41:14.716,1.9773,1.97735,0.90,0.80
2008.04.16 12:41:14.837,1.9773,1.97735,0.90,0.80
2008.04.16 12:41:14.925,1.9773,1.97735,0.90,0.80
2008.04.16 12:41:15.261,1.9773,1.97735,0.90,0.80
2008.04.16 12:41:15.597,1.9773,1.97755,0.90,6.50
2008.04.16 12:41:15.934,1.9773,1.97755,1.20,2.50
2008.04.16 12:41:16.303,1.97735,1.97755,0.90,2.50
2008.04.16 12:41:16.559,1.97735,1.97755,0.90,0.90
2008.04.16 12:41:16.814,1.97735,1.9776,0.90,2.50
2008.04.16 12:41:17.069,1.97735,1.9776,0.90,2.50
2008.04.16 12:41:17.289,1.97735,1.9776,0.90,2.50
2008.04.16 12:41:17.525,1.97735,1.9776,0.90,2.50
2008.04.16 12:41:17.776,1.9774,1.9776,0.90,2.50
2008.04.16 12:41:18.025,1.9774,1.9776,1.20,0.90
2008.04.16 12:41:18.301,1.9774,1.9776,1.20,0.90
2008.04.16 12:41:18.578,1.9774,1.9776,1.20,0.90
2008.04.16 12:41:18.852,1.9774,1.9776,1.20,0.90
2008.04.16 12:41:19.128,1.9774,1.9776,1.40,0.90
2008.04.16 12:41:19.374,1.9774,1.97765,1.40,11.30
2008.04.16 12:41:19.619,1.9774,1.97765,1.50,8.90
2008.04.16 12:41:19.894,1.9774,1.97765,1.70,8.90
2008.04.16 12:41:20.142,1.9774,1.97765,2.00,8.90
2008.04.16 12:41:20.443,1.9776,1.97765,0.80,2.40
2008.04.16 12:41:20.745,1.9776,1.97775,0.80,1.60
2008.04.16 12:41:21.080,1.9776,1.9778,0.80,2.50
2008.04.16 12:41:21.383,1.9777,1.9778,0.80,1.60
2008.04.16 12:41:21.651,1.9777,1.97785,0.80,4.10
2008.04.16 12:41:21.917,1.9777,1.97785,0.80,0.90
2008.04.16 12:41:22.216,1.9777,1.9779,0.80,2.50
2008.04.16 12:41:22.478,1.9778,1.97795,0.80,6.50
2008.04.16 12:41:22.740,1.9778,1.97795,0.80,6.50
2008.04.16 12:41:23.002,1.9778,1.97795,0.80,2.50
2008.04.16 12:41:23.276,1.9778,1.97795,0.80,2.50
2008.04.16 12:41:23.588,1.9778,1.97795,0.80,0.90
2008.04.16 12:41:23.902,1.9777,1.9779,0.80,1.70
2008.04.16 12:41:24.248,1.9777,1.9779,0.80,3.30
2008.04.16 12:41:24.440,1.9777,1.9779,0.80,3.30
2008.04.16 12:41:24.665,1.9777,1.9779,0.80,3.30
2008.04.16 12:41:24.890,1.9777,1.9779,0.80,3.30
2008.04.16 12:41:25.118,1.9777,1.9779,0.80,5.70
2008.04.16 12:41:25.343,1.9777,1.9779,0.80,5.70
2008.04.16 12:41:25.634,1.9777,1.9779,0.80,5.70
2008.04.16 12:41:25.925,1.9777,1.9779,0.80,5.70
2008.04.16 12:41:26.215,1.9777,1.9779,0.80,5.70
2008.04.16 12:41:26.539,1.9777,1.9779,0.80,5.70
2008.04.16 12:41:26.805,1.9777,1.9779,0.80,5.70
2008.04.16 12:41:27.070,1.9777,1.9779,0.80,5.70
2008.04.16 12:41:27.334,1.9777,1.9779,0.80,5.70
2008.04.16 12:41:27.599,1.9777,1.9779,0.80,5.90
2008.04.16 12:41:27.883,1.9777,1.9779,0.80,6.10
2008.04.16 12:41:28.178,1.9777,1.9779,0.80,6.10
2008.04.16 12:41:28.474,1.9777,1.9779,0.80,6.10
2008.04.16 12:41:28.713,1.9777,1.9779,0.80,6.10
2008.04.16 12:41:28.985,1.9777,1.9779,0.80,5.70
2008.04.16 12:41:29.194,1.9777,1.9779,0.80,5.70
2008.04.16 12:41:29.435,1.9777,1.9779,0.80,5.70
2008.04.16 12:41:29.706,1.9777,1.9779,0.80,6.00
2008.04.16 12:41:29.977,1.97765,1.9778,0.90,0.10
2008.04.16 12:41:30.247,1.9776,1.97775,0.80,0.90
2008.04.16 12:41:30.518,1.9775,1.97775,1.70,4.90
2008.04.16 12:41:30.783,1.9775,1.97775,1.70,4.90
2008.04.16 12:41:31.080,1.9775,1.97775,1.70,7.30
2008.04.16 12:41:31.321,1.9775,1.97775,1.70,7.30
2008.04.16 12:41:31.588,1.9775,1.97775,1.70,7.30
2008.04.16 12:41:31.843,1.9775,1.97775,1.70,7.30
2008.04.16 12:41:32.098,1.9775,1.97775,1.70,7.30
2008.04.16 12:41:32.354,1.9775,1.97775,1.70,7.30
2008.04.16 12:41:32.634,1.9775,1.97775,1.70,7.30
2008.04.16 12:41:32.914,1.9775,1.97775,1.70,7.30
2008.04.16 12:41:33.194,1.9775,1.97775,1.70,7.30
2008.04.16 12:41:33.476,1.9775,1.97775,1.70,7.30
2008.04.16 12:41:33.716,1.9775,1.97775,1.70,7.30
2008.04.16 12:41:33.957,1.9775,1.97775,1.70,7.30
2008.04.16 12:41:34.231,1.9775,1.97775,1.70,7.30
2008.04.16 12:41:34.470,1.9775,1.97775,1.70,7.30
2008.04.16 12:41:34.770,1.9775,1.97775,1.70,7.30
2008.04.16 12:41:35.071,1.9775,1.97775,1.70,7.30
2008.04.16 12:41:35.369,1.9775,1.97775,1.70,7.30
2008.04.16 12:41:35.668,1.9775,1.97775,1.70,7.30
2008.04.16 12:41:35.923,1.9775,1.97775,1.70,7.30
2008.04.16 12:41:36.177,1.9775,1.97775,1.70,7.30
2008.04.16 12:41:36.436,1.9775,1.97775,1.70,7.30
2008.04.16 12:41:36.727,1.9775,1.97775,1.70,7.30
2008.04.16 12:41:36.951,1.9775,1.97775,1.70,7.30
2008.04.16 12:41:37.171,1.9775,1.97775,1.70,7.30
2008.04.16 12:41:37.393,1.9775,1.97775,1.70,7.30
2008.04.16 12:41:37.614,1.9775,1.97775,1.70,7.30
2008.04.16 12:41:37.901,1.9775,1.9777,0.80,1.70
2008.04.16 12:41:38.157,1.9775,1.9777,0.80,3.30
2008.04.16 12:41:38.415,1.97745,1.9777,0.90,4.10
2008.04.16 12:41:38.671,1.97745,1.9777,0.90,4.10
2008.04.16 12:41:38.960,1.97745,1.9777,0.90,4.10
2008.04.16 12:41:39.225,1.97745,1.9777,0.90,4.10
2008.04.16 12:41:39.491,1.97745,1.9777,0.90,4.10
2008.04.16 12:41:39.758,1.97745,1.9777,0.90,4.10
2008.04.16 12:41:40.024,1.97745,1.9777,0.90,4.10
2008.04.16 12:41:40.288,1.9774,1.97765,4.10,0.90
2008.04.16 12:41:40.554,1.9774,1.97765,1.70,2.50
2008.04.16 12:41:40.819,1.97735,1.9776,0.90,1.70
2008.04.16 12:41:41.090,1.97735,1.9776,0.90,1.70
2008.04.16 12:41:41.360,1.9773,1.97755,1.70,0.90
2008.04.16 12:41:41.630,1.9773,1.97755,1.70,0.90
2008.04.16 12:41:41.910,1.9773,1.97755,1.70,0.90
2008.04.16 12:41:42.190,1.9773,1.97755,1.70,0.90
2008.04.16 12:41:42.470,1.9773,1.97755,1.70,0.90
2008.04.16 12:41:42.751,1.9773,1.97745,0.80,0.90
2008.04.16 12:41:42.997,1.97725,1.97745,0.90,0.90
2008.04.16 12:41:43.242,1.97725,1.97745,0.90,0.90
2008.04.16 12:41:43.488,1.9772,1.97745,1.70,0.90
2008.04.16 12:41:43.734,1.9772,1.97745,1.70,4.90
2008.04.16 12:41:44.039,1.9772,1.9774,1.70,0.30
2008.04.16 12:41:44.337,1.9772,1.97725,0.50,0.90
2008.04.16 12:41:44.633,1.9772,1.97725,0.50,5.70
2008.04.16 12:41:44.887,1.9772,1.97725,0.50,4.80
2008.04.16 12:41:45.138,1.9772,1.9773,0.50,2.50
2008.04.16 12:41:45.390,1.9772,1.97725,0.50,0.90
2008.04.16 12:41:45.658,1.9772,1.97725,0.50,4.90
2008.04.16 12:41:45.889,1.9772,1.97725,0.50,6.50
2008.04.16 12:41:46.161,1.9772,1.97725,0.50,6.50
2008.04.16 12:41:46.421,1.9772,1.97725,0.50,6.50
2008.04.16 12:41:46.684,1.9772,1.97725,0.50,6.50
2008.04.16 12:41:46.961,1.9772,1.97725,0.50,6.50
2008.04.16 12:41:47.256,1.9772,1.97725,0.50,6.50
2008.04.16 12:41:47.564,1.9772,1.97725,0.50,6.50
2008.04.16 12:41:47.839,1.9772,1.97725,0.50,6.50
2008.04.16 12:41:48.066,1.9772,1.97725,0.50,6.50
2008.04.16 12:41:48.291,1.9772,1.97725,0.50,6.50
2008.04.16 12:41:48.517,1.9772,1.97725,0.50,7.30
2008.04.16 12:41:48.743,1.9772,1.97725,0.50,7.30
2008.04.16 12:41:48.977,1.9772,1.97725,0.50,4.90
2008.04.16 12:41:49.246,1.9772,1.97725,0.50,3.30
2008.04.16 12:41:49.508,1.97695,1.97715,0.90,0.80
2008.04.16 12:41:49.770,1.9769,1.9771,3.20,0.90
2008.04.16 12:41:50.030,1.97685,1.9771,0.90,3.30
2008.04.16 12:41:50.316,1.9769,1.9771,0.90,2.40
2008.04.16 12:41:50.601,1.9769,1.9771,0.90,0.80
2008.04.16 12:41:50.917,1.9769,1.9771,0.90,0.80
2008.04.16 12:41:51.201,1.9769,1.9771,0.90,0.80
2008.04.16 12:41:51.451,1.9769,1.9771,0.90,0.80
2008.04.16 12:41:51.701,1.9769,1.9771,0.90,0.80
2008.04.16 12:41:51.951,1.977,1.97715,0.90,7.20
2008.04.16 12:41:52.236,1.977,1.9772,0.90,0.80
2008.04.16 12:41:52.517,1.977,1.9772,0.90,0.80
2008.04.16 12:41:52.799,1.9769,1.97705,3.20,0.90
2008.04.16 12:41:53.044,1.9768,1.97705,1.70,4.90
2008.04.16 12:41:53.295,1.9768,1.97705,1.70,4.90
2008.04.16 12:41:53.542,1.9768,1.97705,1.70,4.90
2008.04.16 12:41:53.788,1.9768,1.97705,1.70,4.90
2008.04.16 12:41:54.038,1.9768,1.97705,1.70,6.50
2008.04.16 12:41:54.326,1.9768,1.97705,1.70,7.30
2008.04.16 12:41:54.615,1.9768,1.97705,1.70,7.30
2008.04.16 12:41:54.940,1.9767,1.97695,4.50,0.90
2008.04.16 12:41:55.196,1.9767,1.97695,1.70,0.90
2008.04.16 12:41:55.452,1.9767,1.97695,1.70,0.90
2008.04.16 12:41:55.707,1.9767,1.97695,1.70,3.30
2008.04.16 12:41:55.964,1.9767,1.97695,0.90,6.50
2008.04.16 12:41:56.255,1.97665,1.9769,0.90,0.90
2008.04.16 12:41:56.599,1.97665,1.9769,0.90,0.90
2008.04.16 12:41:56.893,1.9767,1.9769,0.90,1.40
2008.04.16 12:41:57.147,1.9767,1.9769,0.90,0.90
2008.04.16 12:41:57.399,1.9766,1.9768,0.90,0.90
2008.04.16 12:41:57.651,1.9766,1.9768,0.80,3.30
2008.04.16 12:41:57.903,1.97655,1.9768,0.90,4.10
2008.04.16 12:41:58.197,1.97655,1.9768,0.90,4.10
2008.04.16 12:41:58.493,1.97655,1.9768,0.90,4.10
2008.04.16 12:41:58.789,1.97655,1.9768,0.90,4.10
2008.04.16 12:41:59.092,1.97655,1.9768,0.90,4.10
2008.04.16 12:41:59.368,1.97655,1.9768,0.90,4.10
2008.04.16 12:41:59.610,1.97655,1.9768,0.90,4.10
2008.04.16 12:41:59.853,1.9765,1.9766,2.40,4.10
2008.04.16 12:42:00.126,1.97635,1.97655,0.90,1.60
2008.04.16 12:42:00.387,1.9763,1.9765,4.10,0.10
2008.04.16 12:42:00.649,1.9763,1.9765,1.70,0.90
2008.04.16 12:42:00.910,1.9763,1.9764,0.80,0.30
2008.04.16 12:42:01.182,1.9763,1.9765,0.80,4.10
2008.04.16 12:42:01.453,1.9763,1.97655,1.70,9.40
2008.04.16 12:42:01.724,1.9763,1.97655,1.70,13.40
2008.04.16 12:42:02.017,1.9763,1.97655,1.70,12.90
2008.04.16 12:42:02.295,1.9763,1.97655,1.70,12.90
2008.04.16 12:42:02.571,1.9763,1.9765,1.70,0.30
2008.04.16 12:42:02.846,1.9763,1.9765,1.70,0.50
2008.04.16 12:42:03.155,1.9763,1.9765,1.70,0.60
2008.04.16 12:42:03.450,1.9763,1.97655,1.70,13.70
2008.04.16 12:42:03.746,1.9763,1.97655,1.70,12.90
2008.04.16 12:42:04.041,1.9763,1.9765,1.70,0.20
2008.04.16 12:42:04.303,1.9763,1.97655,1.70,12.90
2008.04.16 12:42:04.564,1.9763,1.9765,1.70,0.20
2008.04.16 12:42:04.825,1.97635,1.9765,0.90,0.20
2008.04.16 12:42:05.086,1.97635,1.97655,0.90,4.00
2008.04.16 12:42:05.400,1.9763,1.97655,1.70,10.50
2008.04.16 12:42:05.685,1.9763,1.97655,1.70,12.90
2008.04.16 12:42:05.970,1.9763,1.9765,1.70,0.20
2008.04.16 12:42:06.254,1.9763,1.97655,1.70,11.30
2008.04.16 12:42:06.515,1.9763,1.97655,1.70,11.30
2008.04.16 12:42:06.789,1.97635,1.97655,0.90,6.40
2008.04.16 12:42:07.051,1.97635,1.97655,0.90,2.40
2008.04.16 12:42:07.338,1.9763,1.97655,1.90,7.30
2008.04.16 12:42:07.625,1.9763,1.97655,1.70,11.30
2008.04.16 12:42:07.911,1.9763,1.97655,1.70,11.30
2008.04.16 12:42:08.195,1.9763,1.97655,1.70,11.30
2008.04.16 12:42:08.450,1.9763,1.97655,1.70,11.30
2008.04.16 12:42:08.705,1.9763,1.97655,1.70,11.30
2008.04.16 12:42:08.960,1.9763,1.97655,1.70,11.30
2008.04.16 12:42:09.215,1.9763,1.97655,1.70,11.30
2008.04.16 12:42:09.498,1.9763,1.97655,1.70,11.30
2008.04.16 12:42:09.747,1.9763,1.97655,1.70,11.30
2008.04.16 12:42:09.996,1.9763,1.97655,1.70,11.30
2008.04.16 12:42:10.246,1.9763,1.97655,1.70,11.30
2008.04.16 12:42:10.482,1.9763,1.97655,1.70,10.50
2008.04.16 12:42:10.717,1.97635,1.97655,0.90,5.60
2008.04.16 12:42:10.953,1.97635,1.97655,0.90,4.00
2008.04.16 12:42:11.189,1.97635,1.97655,0.90,2.40
2008.04.16 12:42:11.494,1.97635,1.97655,0.90,2.40
2008.04.16 12:42:11.800,1.9763,1.97655,3.70,3.30
2008.04.16 12:42:12.130,1.9763,1.97655,2.10,7.30
2008.04.16 12:42:12.434,1.9763,1.97655,2.10,7.30
2008.04.16 12:42:12.680,1.9763,1.97655,2.10,6.50
2008.04.16 12:42:12.924,1.9763,1.97655,2.10,6.50
2008.04.16 12:42:13.167,1.9763,1.97655,2.10,7.30
2008.04.16 12:42:13.414,1.9763,1.97655,1.70,7.30
2008.04.16 12:42:13.693,1.9763,1.97655,1.70,7.30
2008.04.16 12:42:13.975,1.9764,1.9766,0.90,2.50
2008.04.16 12:42:14.258,1.9764,1.9766,0.90,0.80
2008.04.16 12:42:14.510,1.9764,1.97665,0.90,2.50
2008.04.16 12:42:14.761,1.9764,1.97665,0.90,4.90
2008.04.16 12:42:15.011,1.9764,1.97665,0.90,8.10
2008.04.16 12:42:15.262,1.9764,1.97665,0.90,8.10
2008.04.16 12:42:15.526,1.9764,1.97665,0.90,8.10
2008.04.16 12:42:15.781,1.9764,1.97665,0.90,8.10
2008.04.16 12:42:16.032,1.9764,1.97665,0.90,7.30
2008.04.16 12:42:16.285,1.9764,1.97665,0.90,7.30
2008.04.16 12:42:16.606,1.9764,1.97665,1.70,4.90
2008.04.16 12:42:16.893,1.97645,1.97665,0.90,4.00
2008.04.16 12:42:17.174,1.97645,1.97665,0.90,1.60
2008.04.16 12:42:17.455,1.97645,1.97665,0.90,1.60
2008.04.16 12:42:17.787,1.97645,1.97665,0.90,1.60
2008.04.16 12:42:18.084,1.9765,1.97665,0.90,1.60
2008.04.16 12:42:18.382,1.9764,1.97665,1.70,2.50
2008.04.16 12:42:18.625,1.9764,1.97665,0.90,5.70
2008.04.16 12:42:18.867,1.9764,1.97665,0.90,8.10
2008.04.16 12:42:19.145,1.9764,1.97665,0.90,8.10
2008.04.16 12:42:19.386,1.9764,1.97665,0.90,8.10
2008.04.16 12:42:19.702,1.9764,1.97665,0.90,8.10
2008.04.16 12:42:20.021,1.9764,1.9766,0.90,0.90
2008.04.16 12:42:20.367,1.9764,1.9766,0.90,0.90
2008.04.16 12:42:20.655,1.9764,1.9766,0.90,1.70
2008.04.16 12:42:20.916,1.9764,1.9766,0.90,1.70
2008.04.16 12:42:21.176,1.9764,1.9766,0.90,1.70
2008.04.16 12:42:21.437,1.97635,1.9766,0.90,1.70
2008.04.16 12:42:21.698,1.97635,1.97655,0.90,0.80
2008.04.16 12:42:21.990,1.9763,1.97655,1.70,1.70
2008.04.16 12:42:22.231,1.9763,1.97655,1.70,0.90
2008.04.16 12:42:22.495,1.9763,1.97655,1.70,0.90
2008.04.16 12:42:22.795,1.9763,1.97655,1.70,0.90
2008.04.16 12:42:23.130,1.9763,1.97655,1.70,3.30
2008.04.16 12:42:23.431,1.9763,1.97655,1.70,3.30
2008.04.16 12:42:23.761,1.9763,1.97655,1.70,3.30
2008.04.16 12:42:24.007,1.9763,1.97655,1.70,3.30
2008.04.16 12:42:24.253,1.9763,1.97655,1.70,3.30
2008.04.16 12:42:24.499,1.97635,1.97655,0.90,2.40
2008.04.16 12:42:24.805,1.9764,1.9766,0.90,3.30
2008.04.16 12:42:25.110,1.9764,1.9766,0.90,2.10
2008.04.16 12:42:25.416,1.9763,1.97655,1.70,0.90
2008.04.16 12:42:25.721,1.9763,1.97645,0.80,0.90
2008.04.16 12:42:26.000,1.9763,1.9764,0.80,0.80
2008.04.16 12:42:26.246,1.9763,1.9764,0.90,2.40
2008.04.16 12:42:26.493,1.9763,1.9764,0.90,0.80
2008.04.16 12:42:26.747,1.9763,1.9765,0.90,0.80
2008.04.16 12:42:27.002,1.9763,1.9765,0.90,1.00
2008.04.16 12:42:27.257,1.9763,1.9765,0.90,1.00
2008.04.16 12:42:27.513,1.9763,1.9765,0.90,1.00
2008.04.16 12:42:27.784,1.9763,1.9765,0.90,1.00
2008.04.16 12:42:28.054,1.9763,1.9765,0.90,0.80
2008.04.16 12:42:28.326,1.9763,1.9765,0.90,0.80
2008.04.16 12:42:28.596,1.9763,1.9765,0.90,0.90
2008.04.16 12:42:28.852,1.9763,1.9765,0.90,0.80
2008.04.16 12:42:29.140,1.9763,1.9765,0.90,0.80
2008.04.16 12:42:29.396,1.97625,1.9765,0.90,4.90
2008.04.16 12:42:29.651,1.97625,1.9765,0.90,4.90
2008.04.16 12:42:29.907,1.9763,1.9765,0.90,3.20
2008.04.16 12:42:30.162,1.9763,1.9765,0.90,0.80
2008.04.16 12:42:30.418,1.9763,1.9765,0.90,0.80
2008.04.16 12:42:30.673,1.9763,1.9765,0.90,0.80
2008.04.16 12:42:30.904,1.9763,1.9765,0.90,0.80
2008.04.16 12:42:31.135,1.9763,1.9765,0.90,0.80
2008.04.16 12:42:31.365,1.97635,1.97655,0.90,4.80
2008.04.16 12:42:31.596,1.97635,1.97655,0.90,2.40
2008.04.16 12:42:31.891,1.9763,1.97655,1.70,3.30
2008.04.16 12:42:32.186,1.9763,1.97655,1.70,5.70
2008.04.16 12:42:32.482,1.97635,1.97655,0.90,2.40
2008.04.16 12:42:32.778,1.9764,1.9766,0.90,2.40
2008.04.16 12:42:33.019,1.9764,1.9766,0.90,0.40
2008.04.16 12:42:33.269,1.9764,1.9766,0.90,0.40
2008.04.16 12:42:33.513,1.97635,1.9766,0.90,3.30
2008.04.16 12:42:33.780,1.97635,1.9766,0.90,3.30
2008.04.16 12:42:34.054,1.9764,1.97665,0.90,6.50
2008.04.16 12:42:34.298,1.9764,1.97665,0.90,6.50
2008.04.16 12:42:34.537,1.9764,1.97665,0.90,8.10
2008.04.16 12:42:34.779,1.9764,1.9766,0.90,0.90
2008.04.16 12:42:35.047,1.9764,1.9766,0.90,0.90
2008.04.16 12:42:35.315,1.97635,1.9766,0.90,0.90
2008.04.16 12:42:35.582,1.97635,1.9766,0.90,3.30
2008.04.16 12:42:35.845,1.9764,1.9766,0.90,3.30
2008.04.16 12:42:36.107,1.9764,1.9766,0.90,1.70
2008.04.16 12:42:36.369,1.9764,1.9766,0.90,0.80
2008.04.16 12:42:36.646,1.9764,1.97665,0.90,8.90
2008.04.16 12:42:36.925,1.9764,1.9766,0.90,0.90
2008.04.16 12:42:37.172,1.9764,1.9766,0.90,0.90
2008.04.16 12:42:37.418,1.97635,1.9766,0.90,1.70
2008.04.16 12:42:37.663,1.97635,1.9766,0.90,3.30
2008.04.16 12:42:37.955,1.9764,1.9766,0.90,2.40
2008.04.16 12:42:38.216,1.9764,1.9766,1.10,2.40
2008.04.16 12:42:38.477,1.9764,1.9766,1.10,1.60
2008.04.16 12:42:38.736,1.9764,1.9766,1.00,0.80
2008.04.16 12:42:39.009,1.9764,1.9766,1.00,0.80
2008.04.16 12:42:39.290,1.9764,1.9766,1.00,0.80
2008.04.16 12:42:39.590,1.9764,1.9766,1.00,0.80
2008.04.16 12:42:39.862,1.9764,1.9766,1.00,0.80
2008.04.16 12:42:40.158,1.9764,1.9766,1.00,0.80
2008.04.16 12:42:40.451,1.9764,1.9766,1.00,0.80
2008.04.16 12:42:40.745,1.9764,1.9766,1.00,0.80
2008.04.16 12:42:40.993,1.9764,1.9766,1.00,0.80
2008.04.16 12:42:41.246,1.9764,1.9766,0.90,0.80
2008.04.16 12:42:41.425,1.9764,1.97665,0.90,8.90
2008.04.16 12:42:41.640,1.9764,1.97665,0.90,8.90
2008.04.16 12:42:41.889,1.9764,1.9766,0.90,0.20
2008.04.16 12:42:42.176,1.9763,1.97645,1.70,0.80
2008.04.16 12:42:42.462,1.9763,1.97645,0.80,0.80
2008.04.16 12:42:42.748,1.97625,1.9765,0.90,6.70
2008.04.16 12:42:43.033,1.97625,1.9765,0.90,6.50
2008.04.16 12:42:43.332,1.97625,1.9765,0.90,4.10
2008.04.16 12:42:43.600,1.9763,1.9765,0.90,3.20
2008.04.16 12:42:43.864,1.9763,1.9765,0.90,0.90
2008.04.16 12:42:44.135,1.9763,1.9765,0.90,1.00
2008.04.16 12:42:44.406,1.9763,1.9765,0.90,1.00
2008.04.16 12:42:44.677,1.9763,1.9765,0.90,1.00
2008.04.16 12:42:44.948,1.9763,1.9765,0.90,1.00
2008.04.16 12:42:45.198,1.9763,1.9765,0.90,1.00
2008.04.16 12:42:45.450,1.9762,1.9764,4.10,2.50
2008.04.16 12:42:45.701,1.9762,1.9764,0.90,1.70
2008.04.16 12:42:45.953,1.97615,1.9764,0.90,3.30
2008.04.16 12:42:46.224,1.97615,1.9764,0.90,3.30
2008.04.16 12:42:46.495,1.97615,1.9764,0.90,3.30
2008.04.16 12:42:46.765,1.9761,1.97635,1.70,0.90
2008.04.16 12:42:47.035,1.9761,1.97635,1.70,0.90
2008.04.16 12:42:47.315,1.9761,1.97635,1.70,3.30
2008.04.16 12:42:47.597,1.97605,1.9763,3.30,1.70
2008.04.16 12:42:47.878,1.97615,1.9763,0.90,1.60
2008.04.16 12:42:48.129,1.97615,1.97635,0.90,2.40
2008.04.16 12:42:48.379,1.97615,1.97635,0.90,2.40
2008.04.16 12:42:48.632,1.9761,1.97635,1.70,3.30
2008.04.16 12:42:48.886,1.97615,1.97635,0.90,2.40
2008.04.16 12:42:49.159,1.97615,1.97635,0.90,2.40
2008.04.16 12:42:49.393,1.9761,1.97635,1.70,3.30
2008.04.16 12:42:49.629,1.9761,1.97635,1.70,3.30
2008.04.16 12:42:49.864,1.9761,1.97635,1.70,3.30
2008.04.16 12:42:50.100,1.9761,1.97635,1.70,7.30
2008.04.16 12:42:50.350,1.9761,1.97635,1.70,7.30
2008.04.16 12:42:50.600,1.9761,1.97635,1.70,7.30
2008.04.16 12:42:50.851,1.9761,1.97625,1.70,2.40
2008.04.16 12:42:51.103,1.9761,1.97635,1.70,3.30
2008.04.16 12:42:51.379,1.9761,1.97635,1.70,3.30
2008.04.16 12:42:51.656,1.9761,1.97635,1.70,5.70
2008.04.16 12:42:51.963,1.9761,1.97635,1.70,5.70
2008.04.16 12:42:52.241,1.9761,1.97635,1.70,3.30
2008.04.16 12:42:52.500,1.9761,1.97635,1.90,3.30
2008.04.16 12:42:52.761,1.9761,1.97635,1.70,3.30
2008.04.16 12:42:53.024,1.97615,1.97635,0.90,2.40
2008.04.16 12:42:53.304,1.97615,1.97635,0.90,2.40
2008.04.16 12:42:53.606,1.97615,1.97635,0.90,2.40
2008.04.16 12:42:53.906,1.97615,1.97635,0.90,2.40
2008.04.16 12:42:54.206,1.97615,1.9764,0.90,2.50
2008.04.16 12:42:54.453,1.9762,1.9764,0.90,1.60
2008.04.16 12:42:54.699,1.9762,1.97645,0.90,3.30
2008.04.16 12:42:54.983,1.9762,1.97645,2.00,3.30
2008.04.16 12:42:55.222,1.9762,1.97645,3.70,3.30
2008.04.16 12:42:55.511,1.9763,1.97645,0.90,2.40
2008.04.16 12:42:55.799,1.9763,1.97645,0.90,2.40
2008.04.16 12:42:56.115,1.9763,1.97645,1.70,2.40
2008.04.16 12:42:56.402,1.9764,1.97655,0.90,2.40
2008.04.16 12:42:56.728,1.9764,1.97665,0.90,6.50
2008.04.16 12:42:57.018,1.97635,1.9766,2.50,0.90
2008.04.16 12:42:57.310,1.97635,1.97655,0.90,2.40
2008.04.16 12:42:57.574,1.97635,1.97655,0.90,2.40
2008.04.16 12:42:57.858,1.9763,1.97645,1.70,2.40
2008.04.16 12:42:58.126,1.9763,1.97645,1.70,2.40
2008.04.16 12:42:58.393,1.9763,1.97645,0.80,2.40
2008.04.16 12:42:58.726,1.97625,1.97645,0.90,2.40
2008.04.16 12:42:59.022,1.97625,1.97645,0.90,2.40
2008.04.16 12:42:59.318,1.9762,1.97645,1.70,3.30
2008.04.16 12:42:59.587,1.9762,1.97645,1.70,3.30
2008.04.16 12:42:59.885,1.9762,1.97645,1.70,3.30
2008.04.16 12:43:00.200,1.9762,1.97645,1.70,3.30
2008.04.16 12:43:00.501,1.9762,1.97645,1.70,3.30
2008.04.16 12:43:00.798,1.9762,1.97645,1.70,3.30
2008.04.16 12:43:01.064,1.9762,1.97645,1.70,3.30
2008.04.16 12:43:01.331,1.9762,1.97635,1.70,2.40
2008.04.16 12:43:01.587,1.9762,1.97645,1.70,3.30
2008.04.16 12:43:01.842,1.9762,1.97645,1.70,3.30
2008.04.16 12:43:02.098,1.9762,1.97645,1.70,3.30
2008.04.16 12:43:02.353,1.97625,1.97645,0.90,2.40
2008.04.16 12:43:02.608,1.97625,1.97645,0.90,2.40
2008.04.16 12:43:02.903,1.9763,1.97645,0.90,2.40
2008.04.16 12:43:03.206,1.9763,1.97645,0.90,2.40
2008.04.16 12:43:03.504,1.9763,1.97645,0.90,2.40
2008.04.16 12:43:03.784,1.9763,1.97645,0.90,2.40
2008.04.16 12:43:04.065,1.9763,1.97645,0.90,2.40
2008.04.16 12:43:04.382,1.9763,1.97645,0.90,2.40
2008.04.16 12:43:04.661,1.9763,1.97645,0.90,2.40
2008.04.16 12:43:04.922,1.9763,1.97645,0.90,2.40
2008.04.16 12:43:05.184,1.9763,1.9765,0.90,1.00
2008.04.16 12:43:05.444,1.9762,1.97645,4.10,0.90
2008.04.16 12:43:05.745,1.9762,1.97645,1.70,0.90
2008.04.16 12:43:06.046,1.9762,1.97635,1.70,2.40
2008.04.16 12:43:06.346,1.9762,1.97635,1.70,2.40
2008.04.16 12:43:06.647,1.9762,1.97645,1.70,7.30
2008.04.16 12:43:06.897,1.9762,1.97645,1.70,7.30
2008.04.16 12:43:07.148,1.9762,1.9764,1.70,0.30
2008.04.16 12:43:07.398,1.9762,1.9764,1.70,0.30
2008.04.16 12:43:07.677,1.9762,1.9764,1.70,0.50
2008.04.16 12:43:07.917,1.9762,1.9764,1.70,0.50
2008.04.16 12:43:08.186,1.9762,1.97635,1.70,2.40
2008.04.16 12:43:08.456,1.9762,1.97635,1.70,2.40
2008.04.16 12:43:08.727,1.9762,1.97635,1.70,2.40
2008.04.16 12:43:09.007,1.9762,1.97635,1.70,2.40
2008.04.16 12:43:09.287,1.9762,1.97635,1.70,2.40
2008.04.16 12:43:09.568,1.9762,1.97635,1.70,2.40
2008.04.16 12:43:09.824,1.9762,1.97635,1.70,2.40
2008.04.16 12:43:10.084,1.97605,1.97625,0.90,2.40
2008.04.16 12:43:10.336,1.97605,1.97625,0.90,2.40
2008.04.16 12:43:10.592,1.976,1.97625,1.90,3.30
2008.04.16 12:43:10.900,1.976,1.97625,1.70,5.70
2008.04.16 12:43:11.175,1.976,1.97625,1.70,5.70
2008.04.16 12:43:11.451,1.976,1.97625,1.70,5.70
2008.04.16 12:43:11.727,1.976,1.97625,1.90,5.70
2008.04.16 12:43:11.998,1.976,1.97625,1.90,5.70
2008.04.16 12:43:12.268,1.976,1.97625,1.70,5.70
2008.04.16 12:43:12.540,1.976,1.9762,0.80,0.90
2008.04.16 12:43:12.812,1.97595,1.97615,0.90,2.40
2008.04.16 12:43:13.077,1.9759,1.97615,1.70,5.70
2008.04.16 12:43:13.344,1.976,1.97615,0.20,7.30
2008.04.16 12:43:13.610,1.97595,1.97615,0.90,4.80
2008.04.16 12:43:13.911,1.9759,1.97615,4.10,3.30
2008.04.16 12:43:14.147,1.976,1.97615,0.20,5.70
2008.04.16 12:43:14.416,1.976,1.97615,0.20,7.30
2008.04.16 12:43:14.716,1.9759,1.97615,1.70,7.30
2008.04.16 12:43:14.977,1.9759,1.9761,1.70,0.80
2008.04.16 12:43:15.239,1.97585,1.97605,3.30,2.40
2008.04.16 12:43:15.501,1.9759,1.97605,1.10,2.40
2008.04.16 12:43:15.762,1.9759,1.97605,1.10,2.40
2008.04.16 12:43:16.042,1.9759,1.97605,1.10,2.40
2008.04.16 12:43:16.322,1.9759,1.97605,1.10,2.40
2008.04.16 12:43:16.603,1.9759,1.97605,1.10,2.40
2008.04.16 12:43:16.914,1.9759,1.97605,1.20,2.40
2008.04.16 12:43:17.180,1.97595,1.9761,0.90,0.80
2008.04.16 12:43:17.446,1.97595,1.9761,0.90,0.80
2008.04.16 12:43:17.711,1.97595,1.97615,0.90,2.40
2008.04.16 12:43:18.012,1.97595,1.97615,0.90,2.40
2008.04.16 12:43:18.297,1.97595,1.97615,0.90,2.40
2008.04.16 12:43:18.582,1.97595,1.97615,0.90,2.40
2008.04.16 12:43:18.867,1.97595,1.97615,0.90,2.40
2008.04.16 12:43:19.122,1.97595,1.97615,0.90,2.40
2008.04.16 12:43:19.378,1.97595,1.97615,0.90,2.40
2008.04.16 12:43:19.634,1.97595,1.97615,0.90,2.40
2008.04.16 12:43:19.889,1.97595,1.97615,0.90,2.40
2008.04.16 12:43:20.173,1.97595,1.97615,0.90,2.40
2008.04.16 12:43:20.493,1.97595,1.97615,0.90,2.40
2008.04.16 12:43:20.778,1.97595,1.97615,0.90,2.40
2008.04.16 12:43:21.069,1.97595,1.97615,0.90,2.40
2008.04.16 12:43:21.359,1.97595,1.97615,0.90,2.40
2008.04.16 12:43:21.649,1.97595,1.97615,0.90,2.40
2008.04.16 12:43:21.939,1.97595,1.97615,0.90,2.40
2008.04.16 12:43:22.184,1.97595,1.97615,0.90,2.40
2008.04.16 12:43:22.430,1.97595,1.97615,0.90,2.40
2008.04.16 12:43:22.676,1.97595,1.97615,0.90,2.40
2008.04.16 12:43:22.954,1.9759,1.97605,3.40,0.90
2008.04.16 12:43:23.256,1.9758,1.97605,2.40,5.70
2008.04.16 12:43:23.560,1.9759,1.97605,0.20,5.70
2008.04.16 12:43:23.863,1.97595,1.97605,0.90,4.80
2008.04.16 12:43:24.143,1.97595,1.97605,0.90,4.80
2008.04.16 12:43:24.414,1.97595,1.97615,0.90,3.30
2008.04.16 12:43:24.680,1.976,1.9762,0.90,1.70
2008.04.16 12:43:24.945,1.976,1.9762,0.90,1.70
2008.04.16 12:43:25.214,1.976,1.9762,0.90,1.70
2008.04.16 12:43:25.511,1.976,1.9762,0.90,0.80
2008.04.16 12:43:25.779,1.976,1.97625,0.90,4.90
2008.04.16 12:43:26.047,1.97595,1.97615,1.60,0.90
2008.04.16 12:43:26.341,1.9759,1.97615,2.70,3.30
2008.04.16 12:43:26.677,1.97595,1.97615,0.90,4.80
2008.04.16 12:43:26.956,1.976,1.97615,0.90,2.40
2008.04.16 12:43:27.211,1.976,1.97615,0.90,2.40
2008.04.16 12:43:27.470,1.976,1.9762,0.90,0.80
2008.04.16 12:43:27.725,1.976,1.9762,0.90,0.80
2008.04.16 12:43:28.002,1.976,1.9762,0.90,0.80
2008.04.16 12:43:28.268,1.976,1.9762,0.90,0.80
2008.04.16 12:43:28.542,1.9761,1.97625,0.90,6.40
2008.04.16 12:43:28.804,1.9761,1.9763,0.90,0.80
2008.04.16 12:43:29.072,1.9761,1.9763,0.90,0.80
2008.04.16 12:43:29.322,1.9761,1.9763,3.30,0.80
2008.04.16 12:43:29.573,1.9761,1.9763,3.30,0.80
2008.04.16 12:43:29.823,1.9761,1.97635,0.90,4.90
2008.04.16 12:43:30.075,1.9761,1.97635,0.90,4.90
2008.04.16 12:43:30.346,1.9761,1.97635,0.90,4.90
2008.04.16 12:43:30.616,1.9761,1.97635,0.90,6.50
2008.04.16 12:43:30.887,1.9761,1.97625,0.90,2.40
2008.04.16 12:43:31.190,1.97605,1.97625,0.90,2.40
2008.04.16 12:43:31.411,1.97605,1.97625,0.90,2.40
2008.04.16 12:43:31.668,1.976,1.97625,1.70,3.30
2008.04.16 12:43:31.920,1.976,1.97625,1.70,3.30
2008.04.16 12:43:32.139,1.976,1.97625,1.70,3.30
2008.04.16 12:43:32.447,1.976,1.97625,1.70,3.30
2008.04.16 12:43:32.754,1.976,1.97625,1.70,5.70
2008.04.16 12:43:33.061,1.976,1.97625,1.70,5.70
2008.04.16 12:43:33.287,1.976,1.97625,1.70,5.70
2008.04.16 12:43:33.551,1.976,1.97625,1.70,5.70
2008.04.16 12:43:33.776,1.976,1.97625,1.70,5.70
2008.04.16 12:43:34.001,1.976,1.97625,1.70,5.70
2008.04.16 12:43:34.226,1.976,1.97625,1.70,5.70
2008.04.16 12:43:34.567,1.976,1.97625,2.00,5.70
2008.04.16 12:43:34.908,1.976,1.97625,2.00,5.70
2008.04.16 12:43:35.246,1.97605,1.97625,0.90,2.40
2008.04.16 12:43:35.487,1.97605,1.97625,0.90,2.40
2008.04.16 12:43:35.730,1.97605,1.9763,0.90,3.30
2008.04.16 12:43:35.969,1.9761,1.9763,0.90,3.30
2008.04.16 12:43:36.210,1.9761,1.9763,0.90,1.70
2008.04.16 12:43:36.515,1.9761,1.9763,1.20,0.80
2008.04.16 12:43:36.821,1.9761,1.97635,1.30,6.50
2008.04.16 12:43:37.159,1.97615,1.97635,0.90,4.00
2008.04.16 12:43:37.405,1.97615,1.97635,0.90,2.40
2008.04.16 12:43:37.653,1.9763,1.97635,0.90,2.40
2008.04.16 12:43:37.899,1.9763,1.9765,0.90,0.80
2008.04.16 12:43:38.146,1.9763,1.9765,0.90,0.80
2008.04.16 12:43:38.432,1.9763,1.9765,0.90,0.80
2008.04.16 12:43:38.757,1.9763,1.9765,0.90,0.80
2008.04.16 12:43:39.044,1.97625,1.9765,0.90,1.70
2008.04.16 12:43:39.329,1.97625,1.97645,0.90,2.40
2008.04.16 12:43:39.610,1.9763,1.97645,0.90,2.40
2008.04.16 12:43:39.891,1.9763,1.9765,0.90,0.80
2008.04.16 12:43:40.171,1.9763,1.9765,0.90,0.80
2008.04.16 12:43:40.412,1.9763,1.9765,0.90,0.80
2008.04.16 12:43:40.652,1.9763,1.9765,0.90,0.80
2008.04.16 12:43:40.892,1.9763,1.9765,0.90,0.80
2008.04.16 12:43:41.132,1.9763,1.9765,0.90,0.80
2008.04.16 12:43:41.396,1.9763,1.9765,0.90,0.80
2008.04.16 12:43:41.682,1.9763,1.9765,0.90,0.80
2008.04.16 12:43:41.938,1.9763,1.9765,0.90,0.80
2008.04.16 12:43:42.192,1.9763,1.9765,0.90,0.80
2008.04.16 12:43:42.437,1.9763,1.9765,0.90,0.80
2008.04.16 12:43:42.681,1.9763,1.9765,0.90,0.80
2008.04.16 12:43:42.926,1.9763,1.9765,0.90,0.80
2008.04.16 12:43:43.172,1.9763,1.9765,0.90,0.80
2008.04.16 12:43:43.420,1.9763,1.9765,0.90,0.80
2008.04.16 12:43:43.715,1.9763,1.9765,0.90,0.80
2008.04.16 12:43:44.010,1.9763,1.9765,0.90,0.80
2008.04.16 12:43:44.308,1.9763,1.9765,0.90,0.80
2008.04.16 12:43:44.549,1.9764,1.9765,0.90,0.80
2008.04.16 12:43:44.792,1.9764,1.97655,0.90,2.40
2008.04.16 12:43:45.032,1.9764,1.97655,0.90,2.40
2008.04.16 12:43:45.273,1.9764,1.97665,0.90,6.50
2008.04.16 12:43:45.513,1.9764,1.97665,0.90,6.50
2008.04.16 12:43:45.793,1.9764,1.97665,0.90,4.90
2008.04.16 12:43:46.095,1.97635,1.9765,1.60,1.70
2008.04.16 12:43:46.376,1.97625,1.97645,0.90,2.40
2008.04.16 12:43:46.642,1.9764,1.97645,0.90,2.40
2008.04.16 12:43:46.922,1.9764,1.97655,0.90,2.40
2008.04.16 12:43:47.189,1.9764,1.97655,1.10,2.40
2008.04.16 12:43:47.457,1.9764,1.9766,0.90,0.90
2008.04.16 12:43:47.715,1.9764,1.97665,0.90,4.10
2008.04.16 12:43:48.003,1.9764,1.97665,1.70,3.30
2008.04.16 12:43:48.260,1.9764,1.97665,1.70,6.50
2008.04.16 12:43:48.516,1.9764,1.97665,1.70,6.50
2008.04.16 12:43:48.800,1.9764,1.97665,2.30,6.50
2008.04.16 12:43:49.085,1.9764,1.97665,2.10,6.50
2008.04.16 12:43:49.372,1.9764,1.97665,2.00,6.50
2008.04.16 12:43:49.642,1.9764,1.97665,2.00,4.90
2008.04.16 12:43:49.914,1.9764,1.97665,1.70,4.90
2008.04.16 12:43:50.186,1.9764,1.97665,1.70,6.50
2008.04.16 12:43:50.479,1.9764,1.97665,1.70,6.50
2008.04.16 12:43:50.765,1.9764,1.97665,1.70,6.50
2008.04.16 12:43:51.049,1.9764,1.97665,1.70,6.50
2008.04.16 12:43:51.334,1.9764,1.97665,1.70,6.50
2008.04.16 12:43:51.619,1.9764,1.97665,1.70,6.50
2008.04.16 12:43:51.898,1.9764,1.97665,1.70,6.50
2008.04.16 12:43:52.178,1.9764,1.97665,1.70,6.50
2008.04.16 12:43:52.458,1.9764,1.9766,0.80,0.90
2008.04.16 12:43:52.696,1.97635,1.97655,0.90,2.40
2008.04.16 12:43:52.931,1.97635,1.97655,0.90,2.40
2008.04.16 12:43:53.167,1.9763,1.97655,1.70,5.70
2008.04.16 12:43:53.402,1.9763,1.97655,1.70,5.70
2008.04.16 12:43:53.642,1.97645,1.97665,0.90,2.40
2008.04.16 12:43:53.947,1.9764,1.9766,0.80,0.90
2008.04.16 12:43:54.253,1.97635,1.97655,0.90,2.40
2008.04.16 12:43:54.559,1.97635,1.97655,0.90,2.40
2008.04.16 12:43:54.786,1.97635,1.97655,0.90,2.40
2008.04.16 12:43:55.012,1.97635,1.97655,0.90,2.40
2008.04.16 12:43:55.239,1.97635,1.97655,0.90,2.40
2008.04.16 12:43:55.494,1.97635,1.97655,0.90,2.40
2008.04.16 12:43:55.787,1.9763,1.97655,0.90,6.50
2008.04.16 12:43:56.082,1.97625,1.9765,1.00,0.90
2008.04.16 12:43:56.349,1.97625,1.97645,0.90,2.40
2008.04.16 12:43:56.610,1.97625,1.97645,0.90,2.40
2008.04.16 12:43:56.871,1.97625,1.97645,0.90,2.40
2008.04.16 12:43:57.127,1.9762,1.97645,1.70,3.30
2008.04.16 12:43:57.415,1.9762,1.97645,1.70,3.30
2008.04.16 12:43:57.670,1.9762,1.97645,4.10,0.90
2008.04.16 12:43:57.983,1.9762,1.97645,4.10,0.90
2008.04.16 12:43:58.297,1.9762,1.97645,4.10,0.90
2008.04.16 12:43:58.611,1.97625,1.9765,0.90,3.30
2008.04.16 12:43:58.873,1.97625,1.9765,0.90,3.30
2008.04.16 12:43:59.092,1.97625,1.9765,0.90,3.30
2008.04.16 12:43:59.300,1.97625,1.9765,0.90,3.30
2008.04.16 12:43:59.510,1.97625,1.9765,0.90,3.30
2008.04.16 12:43:59.721,1.97625,1.9765,0.90,3.30
2008.04.16 12:44:00.051,1.97625,1.9765,0.90,3.30
2008.04.16 12:44:00.382,1.97625,1.9765,0.90,3.30
2008.04.16 12:44:00.714,1.97625,1.9765,0.90,3.30
2008.04.16 12:44:00.940,1.97625,1.9765,0.90,3.30
2008.04.16 12:44:01.167,1.9762,1.97645,4.10,0.90
2008.04.16 12:44:01.391,1.9762,1.97645,4.10,4.90
2008.04.16 12:44:01.617,1.9762,1.97645,1.70,4.90
2008.04.16 12:44:01.842,1.9762,1.97645,1.70,4.90
2008.04.16 12:44:02.171,1.9762,1.97645,1.70,5.70
2008.04.16 12:44:02.510,1.9762,1.97645,1.70,5.70
2008.04.16 12:44:05.568,1.9762,1.97645,1.70,6.50
2008.04.16 12:44:05.691,1.9762,1.97635,1.70,2.40
2008.04.16 12:44:05.807,1.9762,1.97635,1.70,2.40
2008.04.16 12:44:05.953,1.9762,1.97635,1.70,2.40
2008.04.16 12:44:06.074,1.9762,1.97635,1.70,2.40
2008.04.16 12:44:06.195,1.9762,1.97635,1.70,2.40
2008.04.16 12:44:06.317,1.9762,1.97635,1.70,2.40
2008.04.16 12:44:06.441,1.97625,1.97635,0.90,2.40
2008.04.16 12:44:06.561,1.97625,1.97635,0.90,2.40
2008.04.16 12:44:06.898,1.97625,1.97645,0.90,2.40
2008.04.16 12:44:07.265,1.97625,1.97645,0.90,2.40
2008.04.16 12:44:07.600,1.97625,1.97645,0.90,2.40
2008.04.16 12:44:07.852,1.97625,1.97645,0.90,2.40
2008.04.16 12:44:08.069,1.97625,1.97645,0.90,2.40
2008.04.16 12:44:08.286,1.97625,1.97645,0.90,2.40
2008.04.16 12:44:08.500,1.9763,1.97645,0.90,2.40
2008.04.16 12:44:08.717,1.9763,1.9765,0.90,0.80
2008.04.16 12:44:09.021,1.9763,1.9765,0.90,0.80
2008.04.16 12:44:09.328,1.97635,1.97655,0.90,2.40
2008.04.16 12:44:09.634,1.9763,1.97655,1.70,3.30
2008.04.16 12:44:09.940,1.9763,1.97655,1.70,3.30
2008.04.16 12:44:10.170,1.9763,1.97655,1.70,0.90
2008.04.16 12:44:10.391,1.9763,1.97655,1.70,0.90
2008.04.16 12:44:10.617,1.9763,1.97655,1.70,0.90
2008.04.16 12:44:10.843,1.9763,1.97655,1.70,5.70
2008.04.16 12:44:11.144,1.9763,1.9765,1.70,1.50
2008.04.16 12:44:11.415,1.9763,1.9765,1.70,1.50
2008.04.16 12:44:11.687,1.9763,1.97645,0.80,2.40
2008.04.16 12:44:11.973,1.9763,1.9764,0.80,0.30
2008.04.16 12:44:12.283,1.9761,1.9763,3.30,1.70
2008.04.16 12:44:12.567,1.9761,1.97625,2.40,3.30
2008.04.16 12:44:12.853,1.9761,1.97625,2.40,3.30
2008.04.16 12:44:13.126,1.976,1.97625,1.70,3.30
2008.04.16 12:44:13.396,1.976,1.97625,1.70,3.30
2008.04.16 12:44:14.637,1.976,1.97625,1.70,3.30
2008.04.16 12:44:14.768,1.976,1.97615,1.10,2.40
2008.04.16 12:44:14.898,1.976,1.97615,1.10,2.40
2008.04.16 12:44:15.028,1.976,1.97615,1.10,2.40
2008.04.16 12:44:15.188,1.976,1.97615,1.10,2.40
2008.04.16 12:44:15.319,1.976,1.97625,0.90,6.50
2008.04.16 12:44:15.448,1.976,1.97625,0.90,6.50
2008.04.16 12:44:15.579,1.976,1.97625,0.90,6.50
2008.04.16 12:44:15.708,1.976,1.97625,0.90,6.50
2008.04.16 12:44:16.046,1.976,1.97625,1.20,4.90
2008.04.16 12:44:16.414,1.976,1.97625,1.30,4.90
2008.04.16 12:44:16.769,1.976,1.9762,1.10,0.90
2008.04.16 12:44:17.013,1.976,1.9762,1.10,0.90
2008.04.16 12:44:17.222,1.976,1.9762,1.10,1.70
2008.04.16 12:44:17.461,1.976,1.9762,1.10,0.80
2008.04.16 12:44:17.670,1.976,1.9762,1.10,0.80
2008.04.16 12:44:17.880,1.976,1.9762,1.10,0.80
2008.04.16 12:44:18.175,1.976,1.9762,1.10,0.80
2008.04.16 12:44:18.470,1.976,1.9762,1.20,0.80
2008.04.16 12:44:18.782,1.976,1.9762,1.50,0.80
2008.04.16 12:44:18.992,1.976,1.9762,1.50,0.80
2008.04.16 12:44:19.203,1.976,1.9762,1.20,0.80
2008.04.16 12:44:19.414,1.976,1.9762,1.20,0.80
2008.04.16 12:44:19.624,1.976,1.9762,1.20,0.80
2008.04.16 12:44:19.833,1.976,1.9762,1.20,0.80
2008.04.16 12:44:20.124,1.976,1.9762,1.20,0.80
2008.04.16 12:44:20.377,1.976,1.9762,1.20,0.80
2008.04.16 12:44:20.632,1.976,1.9762,1.20,0.80
2008.04.16 12:44:20.887,1.976,1.9762,1.20,0.80
2008.04.16 12:44:21.158,1.976,1.9762,1.20,0.80
2008.04.16 12:44:21.392,1.976,1.9762,1.20,0.80
2008.04.16 12:44:21.627,1.976,1.9762,1.20,0.80
2008.04.16 12:44:21.863,1.976,1.9762,3.40,0.80
2008.04.16 12:44:22.149,1.9761,1.9762,0.20,0.80
2008.04.16 12:44:22.434,1.9761,1.9762,0.20,0.80
2008.04.16 12:44:22.722,1.9761,1.97625,2.20,2.40
2008.04.16 12:44:23.007,1.9762,1.9763,0.90,0.80
2008.04.16 12:44:23.249,1.9762,1.97635,0.90,2.40
2008.04.16 12:44:23.489,1.97625,1.9764,0.90,0.20
2008.04.16 12:44:23.730,1.97625,1.97645,0.90,3.30
2008.04.16 12:44:23.970,1.97625,1.97645,0.90,3.30
2008.04.16 12:44:24.236,1.9762,1.97645,0.90,4.90
2008.04.16 12:44:24.501,1.9762,1.97645,0.90,4.90
2008.04.16 12:44:24.766,1.9762,1.97645,0.90,3.30
2008.04.16 12:44:25.031,1.9762,1.97645,0.90,3.30
2008.04.16 12:44:25.290,1.9762,1.97645,1.70,3.30
2008.04.16 12:44:25.590,1.97625,1.97645,0.90,2.40
2008.04.16 12:44:25.840,1.97625,1.97645,0.90,2.40
2008.04.16 12:44:26.092,1.9763,1.97645,0.90,2.40
2008.04.16 12:44:26.350,1.97625,1.9765,0.90,0.90
2008.04.16 12:44:26.606,1.97625,1.9765,0.90,0.90
2008.04.16 12:44:26.861,1.97625,1.9765,0.90,0.90
2008.04.16 12:44:27.117,1.97625,1.9765,0.90,0.90
2008.04.16 12:44:27.385,1.97625,1.9765,0.90,0.90
2008.04.16 12:44:27.651,1.9762,1.97645,1.70,0.90
2008.04.16 12:44:27.916,1.9762,1.97645,1.70,0.90
2008.04.16 12:44:28.180,1.9762,1.97645,1.70,0.90
2008.04.16 12:44:28.415,1.9762,1.97645,1.70,0.90
2008.04.16 12:44:28.651,1.9762,1.97645,1.70,3.30
2008.04.16 12:44:28.886,1.9762,1.97645,1.70,3.30
2008.04.16 12:44:29.134,1.9762,1.97645,1.70,3.30
2008.04.16 12:44:29.337,1.9762,1.97645,1.70,3.30
2008.04.16 12:44:29.587,1.9762,1.97645,1.70,3.30
2008.04.16 12:44:29.836,1.9762,1.97645,1.70,3.30
2008.04.16 12:44:30.049,1.9762,1.97645,1.70,3.30
2008.04.16 12:44:30.328,1.9762,1.97645,1.70,3.30
2008.04.16 12:44:30.607,1.9762,1.97645,1.70,3.30
2008.04.16 12:44:30.888,1.9762,1.97645,1.70,7.30
2008.04.16 12:44:31.168,1.9762,1.97645,1.70,7.30
2008.04.16 12:44:31.468,1.9762,1.97645,1.70,7.30
2008.04.16 12:44:31.769,1.97615,1.9764,0.90,1.70
2008.04.16 12:44:32.069,1.97615,1.9764,0.90,3.30
2008.04.16 12:44:32.370,1.9761,1.97635,0.90,2.50
2008.04.16 12:44:32.627,1.9761,1.97635,0.90,2.50
2008.04.16 12:44:32.882,1.9761,1.97635,0.90,4.90
2008.04.16 12:44:33.148,1.9761,1.97635,0.90,6.50
2008.04.16 12:44:33.429,1.9761,1.97635,0.90,6.50
2008.04.16 12:44:33.710,1.9761,1.97635,0.90,6.50
2008.04.16 12:44:33.993,1.9761,1.97635,0.90,6.50
2008.04.16 12:44:34.305,1.9761,1.97635,0.90,4.90
2008.04.16 12:44:34.561,1.97615,1.97635,0.90,3.30
2008.04.16 12:44:34.817,1.97615,1.97635,0.90,3.30
2008.04.16 12:44:35.073,1.9761,1.97635,1.70,3.30
2008.04.16 12:44:35.334,1.9761,1.97635,1.70,0.90
2008.04.16 12:44:35.641,1.9761,1.97635,1.70,5.70
2008.04.16 12:44:35.947,1.9761,1.97635,1.70,7.30
2008.04.16 12:44:36.251,1.9761,1.97635,1.70,7.30
2008.04.16 12:44:36.538,1.9761,1.97635,1.70,7.30
2008.04.16 12:44:36.761,1.9761,1.97635,1.70,7.30
2008.04.16 12:44:37.016,1.9761,1.97635,1.70,7.30
2008.04.16 12:44:37.271,1.9761,1.97635,1.70,7.30
2008.04.16 12:44:37.562,1.9761,1.97635,1.70,7.30
2008.04.16 12:44:37.853,1.9761,1.97635,1.70,4.10
2008.04.16 12:44:38.144,1.9761,1.97635,1.70,3.30
2008.04.16 12:44:38.468,1.9761,1.97635,1.70,3.30
2008.04.16 12:44:38.729,1.9761,1.97635,1.70,3.30
2008.04.16 12:44:38.992,1.9761,1.97635,1.70,3.30
2008.04.16 12:44:39.285,1.9761,1.97635,1.70,3.30
2008.04.16 12:44:39.543,1.9761,1.97635,1.70,3.30
2008.04.16 12:44:39.796,1.9761,1.97635,1.70,3.30
2008.04.16 12:44:40.080,1.9761,1.97635,1.70,3.30
2008.04.16 12:44:40.369,1.9761,1.97635,1.70,3.30
2008.04.16 12:44:40.676,1.9761,1.97635,1.70,3.30
2008.04.16 12:44:40.999,1.9761,1.97635,1.70,3.30
2008.04.16 12:44:41.293,1.9761,1.97635,4.60,0.90
2008.04.16 12:44:41.576,1.9761,1.97635,4.60,0.90
2008.04.16 12:44:41.839,1.9762,1.9764,0.90,1.70
2008.04.16 12:44:42.103,1.97615,1.9764,0.90,1.70
2008.04.16 12:44:42.398,1.97615,1.9764,0.90,3.30
2008.04.16 12:44:42.644,1.9762,1.9764,0.90,3.30
2008.04.16 12:44:42.915,1.9762,1.9764,0.90,1.70
2008.04.16 12:44:43.170,1.9762,1.9764,1.20,1.70
2008.04.16 12:44:43.421,1.9762,1.9764,1.60,1.70
2008.04.16 12:44:43.738,1.9762,1.9764,1.60,0.80
2008.04.16 12:44:44.017,1.9762,1.9764,1.60,0.80
2008.04.16 12:44:44.297,1.9762,1.9764,1.40,0.80
2008.04.16 12:44:44.581,1.97635,1.9764,0.90,0.80
2008.04.16 12:44:44.879,1.97635,1.97645,0.90,2.40
2008.04.16 12:44:45.175,1.9764,1.97645,0.90,2.40
2008.04.16 12:44:45.472,1.9764,1.9766,0.90,4.00
2008.04.16 12:44:45.734,1.9764,1.9766,0.90,4.00
2008.04.16 12:44:45.965,1.9764,1.9766,0.90,0.80
2008.04.16 12:44:46.195,1.9764,1.9766,0.90,0.80
2008.04.16 12:44:46.427,1.9764,1.9766,0.90,0.80
2008.04.16 12:44:46.805,1.9764,1.9766,0.90,0.80
2008.04.16 12:44:47.150,1.9764,1.9766,0.90,1.70
2008.04.16 12:44:47.487,1.9764,1.9766,0.90,1.70
2008.04.16 12:44:47.727,1.9764,1.9766,0.90,1.70
2008.04.16 12:44:47.968,1.9764,1.9766,0.90,1.70
2008.04.16 12:44:48.242,1.9764,1.9766,0.90,1.70
2008.04.16 12:44:48.450,1.9764,1.9766,0.90,1.70
2008.04.16 12:44:48.744,1.9763,1.97655,2.30,0.90
2008.04.16 12:44:49.035,1.9763,1.97655,2.30,3.30
2008.04.16 12:44:49.325,1.9763,1.97655,2.20,3.30
2008.04.16 12:44:49.614,1.9763,1.97655,2.30,3.30
2008.04.16 12:44:49.854,1.9763,1.97655,2.30,2.50
2008.04.16 12:44:50.095,1.9763,1.97655,2.30,2.50
2008.04.16 12:44:50.335,1.9763,1.97655,2.30,2.50
2008.04.16 12:44:50.577,1.9763,1.97655,2.30,2.50
2008.04.16 12:44:50.854,1.9763,1.97655,2.30,2.50
2008.04.16 12:44:51.128,1.9763,1.97655,2.30,2.50
2008.04.16 12:44:51.402,1.9763,1.97655,2.30,2.50
2008.04.16 12:44:51.680,1.9764,1.97655,0.90,1.60
2008.04.16 12:44:51.921,1.9764,1.9766,0.90,0.80
2008.04.16 12:44:52.160,1.9764,1.9766,0.90,0.80
2008.04.16 12:44:52.401,1.9764,1.9766,0.90,0.80
2008.04.16 12:44:52.641,1.9764,1.9766,0.90,0.80
2008.04.16 12:44:52.920,1.9764,1.9766,0.90,0.80
2008.04.16 12:44:53.206,1.97645,1.9766,0.90,0.80
2008.04.16 12:44:53.508,1.97645,1.9766,0.90,0.80
2008.04.16 12:44:53.823,1.9765,1.9767,0.90,0.80
2008.04.16 12:44:54.074,1.97655,1.9767,0.90,0.80
2008.04.16 12:44:54.314,1.97655,1.9767,0.90,0.80
2008.04.16 12:44:54.557,1.97655,1.97675,0.90,2.40
2008.04.16 12:44:54.839,1.97655,1.97675,0.90,2.40
2008.04.16 12:44:55.088,1.97655,1.97675,0.90,2.40
2008.04.16 12:44:55.378,1.97655,1.97675,0.90,2.40
2008.04.16 12:44:55.625,1.97655,1.97675,0.90,2.40
2008.04.16 12:44:55.932,1.97655,1.9768,0.90,3.30
2008.04.16 12:44:56.238,1.97655,1.9768,0.90,3.30
2008.04.16 12:44:56.544,1.97655,1.9768,0.90,3.30
2008.04.16 12:44:56.804,1.97655,1.9768,0.90,4.10
2008.04.16 12:44:57.064,1.97655,1.9768,0.90,4.10
2008.04.16 12:44:57.357,1.97655,1.9768,0.90,4.10
2008.04.16 12:44:57.617,1.97655,1.9768,0.90,4.10
2008.04.16 12:44:57.899,1.97655,1.9768,0.90,4.10
2008.04.16 12:44:58.178,1.97655,1.9768,0.90,4.30
2008.04.16 12:44:58.459,1.97655,1.9768,0.90,6.50
2008.04.16 12:44:58.741,1.9765,1.97675,1.70,0.90
2008.04.16 12:44:59.037,1.9765,1.97675,1.70,6.50
2008.04.16 12:44:59.334,1.9764,1.97665,5.70,0.90
2008.04.16 12:44:59.629,1.9764,1.97665,1.70,0.90
2008.04.16 12:44:59.879,1.9764,1.97665,0.90,4.90
2008.04.16 12:45:00.129,1.9764,1.97665,0.90,4.90
2008.04.16 12:45:00.403,1.9764,1.97665,0.90,6.50
2008.04.16 12:45:00.653,1.9764,1.97665,0.90,6.50
2008.04.16 12:45:00.944,1.9764,1.97665,0.90,6.50
2008.04.16 12:45:01.235,1.9764,1.9766,0.90,0.90
2008.04.16 12:45:01.525,1.9764,1.9766,0.90,0.90
2008.04.16 12:45:01.816,1.9764,1.9766,0.90,1.70
2008.04.16 12:45:02.075,1.9764,1.9766,0.90,1.70
2008.04.16 12:45:02.335,1.9764,1.9766,0.90,1.70
2008.04.16 12:45:02.594,1.9764,1.9766,0.90,1.70
2008.04.16 12:45:02.855,1.9764,1.9766,0.90,1.70
2008.04.16 12:45:03.119,1.9764,1.9766,0.90,1.70
2008.04.16 12:45:03.398,1.9764,1.9766,0.90,1.70
2008.04.16 12:45:03.699,1.9764,1.9766,0.90,1.70
2008.04.16 12:45:03.916,1.9764,1.9766,0.90,1.70
2008.04.16 12:45:04.150,1.9764,1.9766,0.90,1.70
2008.04.16 12:45:04.376,1.9764,1.9766,0.90,1.70
2008.04.16 12:45:04.578,1.9764,1.9766,0.90,1.70
2008.04.16 12:45:04.782,1.9764,1.9766,0.90,1.70
2008.04.16 12:45:05.117,1.9764,1.9766,0.90,1.70
2008.04.16 12:45:05.451,1.9764,1.9766,0.90,1.70
2008.04.16 12:45:05.786,1.9764,1.9766,0.90,1.70
2008.04.16 12:45:06.006,1.9764,1.9766,0.90,1.70
2008.04.16 12:45:06.227,1.9764,1.9766,0.90,1.70
2008.04.16 12:45:06.448,1.9764,1.9766,0.90,1.70
2008.04.16 12:45:06.667,1.97635,1.9766,0.90,1.70
2008.04.16 12:45:06.887,1.97635,1.9766,0.90,1.70
2008.04.16 12:45:07.197,1.9764,1.9766,0.90,3.30
2008.04.16 12:45:07.506,1.9764,1.9766,0.90,1.70
2008.04.16 12:45:07.817,1.97645,1.9766,0.90,0.80
2008.04.16 12:45:08.127,1.97645,1.9766,0.90,0.80
2008.04.16 12:45:08.408,1.97645,1.97665,0.90,0.80
2008.04.16 12:45:08.659,1.97645,1.9767,0.90,6.50
2008.04.16 12:45:08.911,1.97645,1.9767,0.90,6.50
2008.04.16 12:45:09.166,1.97645,1.9767,0.90,6.50
2008.04.16 12:45:09.421,1.97645,1.9767,0.90,6.50
2008.04.16 12:45:09.676,1.97645,1.9767,0.90,6.50
2008.04.16 12:45:09.930,1.97645,1.9767,0.90,6.50
2008.04.16 12:45:10.200,1.97645,1.9767,0.90,6.50
2008.04.16 12:45:10.473,1.97645,1.9767,0.90,6.50
2008.04.16 12:45:10.775,1.97645,1.9767,0.90,6.50
2008.04.16 12:45:11.044,1.97645,1.9767,0.90,6.50
2008.04.16 12:45:11.269,1.97645,1.9767,0.90,6.50
2008.04.16 12:45:11.494,1.97645,1.9767,0.90,6.50
2008.04.16 12:45:11.719,1.9764,1.97665,1.70,2.50
2008.04.16 12:45:11.945,1.9764,1.97665,1.70,7.30
2008.04.16 12:45:12.172,1.9764,1.97665,1.70,5.70
2008.04.16 12:45:12.516,1.9764,1.97665,0.90,2.50
2008.04.16 12:45:12.857,1.9764,1.97665,0.90,6.50
2008.04.16 12:45:13.201,1.9763,1.97655,2.40,0.90
2008.04.16 12:45:13.439,1.9763,1.97655,2.30,3.30
2008.04.16 12:45:13.671,1.9763,1.97655,2.00,3.30
2008.04.16 12:45:13.871,1.9763,1.97655,2.00,5.70
2008.04.16 12:45:14.070,1.9763,1.97655,2.00,5.70
2008.04.16 12:45:14.269,1.9763,1.97655,2.00,5.70
2008.04.16 12:45:14.544,1.9763,1.97655,2.00,5.70
2008.04.16 12:45:14.819,1.9763,1.97655,1.90,5.70
2008.04.16 12:45:15.093,1.9763,1.97655,1.90,5.70
2008.04.16 12:45:15.368,1.9763,1.97655,1.90,7.30
2008.04.16 12:45:15.583,1.9763,1.97655,1.70,7.30
2008.04.16 12:45:15.798,1.9763,1.97655,2.10,7.30
2008.04.16 12:45:16.012,1.9763,1.97655,2.10,5.70
2008.04.16 12:45:16.236,1.9763,1.97655,2.10,3.30
2008.04.16 12:45:16.500,1.9763,1.97655,2.10,3.30
2008.04.16 12:45:16.764,1.9763,1.97655,2.10,3.30
2008.04.16 12:45:17.029,1.9763,1.97655,2.10,3.30
2008.04.16 12:45:17.293,1.9763,1.97655,2.10,3.30
2008.04.16 12:45:17.548,1.9763,1.97655,2.10,3.30
2008.04.16 12:45:17.804,1.9763,1.97655,2.20,3.30
2008.04.16 12:45:18.090,1.9763,1.97655,2.20,3.30
2008.04.16 12:45:18.345,1.9763,1.97655,2.20,3.30
2008.04.16 12:45:18.580,1.9763,1.97655,2.20,3.30
2008.04.16 12:45:18.815,1.9763,1.97655,2.20,3.30
2008.04.16 12:45:19.051,1.9763,1.97655,2.20,3.30
2008.04.16 12:45:19.317,1.9763,1.97655,2.20,3.30
2008.04.16 12:45:19.587,1.9763,1.97655,1.70,3.30
2008.04.16 12:45:19.827,1.9763,1.97655,1.70,3.30
2008.04.16 12:45:20.068,1.9763,1.97655,1.70,5.70
2008.04.16 12:45:20.307,1.9763,1.97655,1.70,5.70
2008.04.16 12:45:20.581,1.9763,1.97655,1.70,5.70
2008.04.16 12:45:20.856,1.9763,1.97655,1.70,5.70
2008.04.16 12:45:21.158,1.9763,1.97655,1.70,5.70
2008.04.16 12:45:21.436,1.9763,1.97655,1.70,5.70
2008.04.16 12:45:21.634,1.9763,1.97655,1.70,5.70
2008.04.16 12:45:21.876,1.9763,1.97655,1.70,5.70
2008.04.16 12:45:22.075,1.9763,1.97655,1.70,5.70
2008.04.16 12:45:22.289,1.9763,1.97655,1.70,5.70
2008.04.16 12:45:22.624,1.9763,1.97655,1.70,5.70
2008.04.16 12:45:22.979,1.9763,1.97655,1.70,5.70
2008.04.16 12:45:23.347,1.9763,1.97655,1.70,5.70
2008.04.16 12:45:23.570,1.9763,1.97655,1.70,5.70
2008.04.16 12:45:23.792,1.9763,1.9765,0.80,3.30
2008.04.16 12:45:23.950,1.9763,1.9765,0.80,5.50
2008.04.16 12:45:24.142,1.9762,1.97635,2.40,0.80
2008.04.16 12:45:24.331,1.9762,1.97635,0.80,0.80
2008.04.16 12:45:24.522,1.97615,1.9764,0.90,4.10
2008.04.16 12:45:24.890,1.9762,1.9764,1.70,2.40
2008.04.16 12:45:25.226,1.9762,1.97645,1.70,7.30
2008.04.16 12:45:25.560,1.9762,1.97645,1.70,7.30
2008.04.16 12:45:25.780,1.9762,1.97645,1.70,7.30
2008.04.16 12:45:26.001,1.9762,1.97645,1.70,7.30
2008.04.16 12:45:26.221,1.9762,1.97645,1.70,7.30
2008.04.16 12:45:26.439,1.9762,1.97645,1.70,7.30
2008.04.16 12:45:26.758,1.97615,1.9764,3.30,1.70
2008.04.16 12:45:27.078,1.97615,1.97635,0.90,2.40
2008.04.16 12:45:27.400,1.9761,1.97635,1.90,3.30
2008.04.16 12:45:27.753,1.9761,1.97635,1.90,0.90
2008.04.16 12:45:27.979,1.9762,1.9764,1.70,1.60
2008.04.16 12:45:28.201,1.9764,1.9765,0.90,6.80
2008.04.16 12:45:28.425,1.9764,1.9765,0.90,5.70
2008.04.16 12:45:28.742,1.97645,1.9765,0.90,1.60
2008.04.16 12:45:29.063,1.97645,1.97665,0.90,2.40
2008.04.16 12:45:29.376,1.97645,1.9767,0.90,3.30
2008.04.16 12:45:29.696,1.97645,1.9767,0.90,3.30
2008.04.16 12:45:29.932,1.97645,1.9767,0.90,3.30
2008.04.16 12:45:30.172,1.9764,1.9766,1.20,0.90
2008.04.16 12:45:30.412,1.9764,1.9766,1.20,3.30
2008.04.16 12:45:30.653,1.9764,1.9766,0.90,3.20
2008.04.16 12:45:30.958,1.9764,1.9766,1.70,0.80
2008.04.16 12:45:31.286,1.9765,1.9767,0.90,3.30
2008.04.16 12:45:31.585,1.9765,1.9767,0.90,1.70
2008.04.16 12:45:31.852,1.9765,1.9767,0.90,1.70
2008.04.16 12:45:32.119,1.9765,1.9767,0.90,1.70
2008.04.16 12:45:32.386,1.97645,1.9767,0.90,3.30
2008.04.16 12:45:32.650,1.97645,1.9767,0.90,3.30
2008.04.16 12:45:32.911,1.9764,1.9766,0.80,3.30
2008.04.16 12:45:33.171,1.9764,1.9766,0.80,3.30
2008.04.16 12:45:33.432,1.9763,1.97655,1.70,3.30
2008.04.16 12:45:33.719,1.97635,1.97655,0.90,4.80
2008.04.16 12:45:33.975,1.97635,1.97655,0.90,2.40
2008.04.16 12:45:34.230,1.9763,1.97655,4.10,0.90
2008.04.16 12:45:34.486,1.9763,1.97655,1.70,4.90
2008.04.16 12:45:34.772,1.9763,1.97655,1.70,7.30
2008.04.16 12:45:35.057,1.9763,1.97655,1.70,5.70
2008.04.16 12:45:35.342,1.9763,1.97655,1.70,5.70
2008.04.16 12:45:35.627,1.9763,1.97655,1.90,5.70
2008.04.16 12:45:35.898,1.9763,1.97655,1.90,5.70
2008.04.16 12:45:36.167,1.9763,1.97655,1.70,5.70
2008.04.16 12:45:36.438,1.9763,1.97655,1.70,5.70
2008.04.16 12:45:36.708,1.9763,1.97655,1.70,5.70
2008.04.16 12:45:36.979,1.9763,1.97655,1.70,5.70
2008.04.16 12:45:37.250,1.9764,1.97655,0.90,4.80
2008.04.16 12:45:37.531,1.9764,1.97665,1.70,6.50
2008.04.16 12:45:37.802,1.9764,1.97665,0.90,6.50
2008.04.16 12:45:38.067,1.9764,1.97665,0.90,6.50
2008.04.16 12:45:38.332,1.9764,1.97665,0.90,6.50
2008.04.16 12:45:38.598,1.97645,1.9767,0.90,3.30
2008.04.16 12:45:38.865,1.97645,1.9767,0.90,3.30
2008.04.16 12:45:39.136,1.97645,1.9767,0.90,3.30
2008.04.16 12:45:39.406,1.97645,1.9767,0.90,3.30
2008.04.16 12:45:39.700,1.97645,1.9767,0.90,3.30
2008.04.16 12:45:39.952,1.97645,1.9767,0.90,3.30
2008.04.16 12:45:40.141,1.97645,1.9767,0.90,3.30
2008.04.16 12:45:40.362,1.97645,1.9767,0.90,3.30
2008.04.16 12:45:40.582,1.97645,1.9767,0.90,3.30
2008.04.16 12:45:40.833,1.97645,1.9767,0.90,3.30
2008.04.16 12:45:41.137,1.97645,1.9767,0.90,3.30
2008.04.16 12:45:41.449,1.97645,1.9767,0.90,3.30
2008.04.16 12:45:41.754,1.97645,1.9767,0.90,3.30
2008.04.16 12:45:42.031,1.97645,1.9767,0.90,3.30
2008.04.16 12:45:42.294,1.97645,1.9767,0.90,3.30
2008.04.16 12:45:42.525,1.97645,1.9767,0.90,3.30
2008.04.16 12:45:42.758,1.97645,1.9767,0.90,3.30
2008.04.16 12:45:43.040,1.97645,1.9767,0.90,3.30
2008.04.16 12:45:43.324,1.9765,1.9767,0.90,1.70
2008.04.16 12:45:43.606,1.9765,1.9767,0.90,1.70
2008.04.16 12:45:43.887,1.9765,1.9767,0.90,1.70
2008.04.16 12:45:44.157,1.9765,1.9767,0.90,1.70
2008.04.16 12:45:44.430,1.9765,1.97675,1.70,11.30
2008.04.16 12:45:44.700,1.9765,1.97675,1.70,11.30
2008.04.16 12:45:44.980,1.9765,1.97675,1.70,11.30
2008.04.16 12:45:45.241,1.9765,1.97675,1.70,11.30
2008.04.16 12:45:45.505,1.9765,1.97675,1.70,5.70
2008.04.16 12:45:45.765,1.9765,1.97675,1.70,5.70
2008.04.16 12:45:46.077,1.9765,1.97675,1.70,5.70
2008.04.16 12:45:46.340,1.9765,1.97675,1.70,7.30
2008.04.16 12:45:46.624,1.9765,1.97675,1.70,11.30
2008.04.16 12:45:46.904,1.9765,1.97675,1.70,7.30
2008.04.16 12:45:47.200,1.9765,1.97675,1.70,7.30
2008.04.16 12:45:47.527,1.9765,1.97675,1.70,7.30
2008.04.16 12:45:47.823,1.9765,1.97675,1.70,11.30
2008.04.16 12:45:48.083,1.9765,1.97675,1.70,11.30
2008.04.16 12:45:48.346,1.9765,1.9767,1.70,0.30
2008.04.16 12:45:48.607,1.9765,1.9767,1.70,1.10
2008.04.16 12:45:48.867,1.9765,1.9767,1.70,1.30
2008.04.16 12:45:49.192,1.9765,1.9767,0.80,2.40
2008.04.16 12:45:49.486,1.9765,1.9767,0.80,4.60
2008.04.16 12:45:49.782,1.9765,1.9767,1.70,3.60
2008.04.16 12:45:50.107,1.9765,1.9767,1.70,1.20
2008.04.16 12:45:50.378,1.9765,1.9767,1.70,1.10
2008.04.16 12:45:50.638,1.9765,1.9767,1.70,1.10
2008.04.16 12:45:50.906,1.9765,1.9767,1.70,1.10
2008.04.16 12:45:51.189,1.9765,1.9767,1.70,0.20
2008.04.16 12:45:51.461,1.9765,1.97675,1.70,11.30
2008.04.16 12:45:51.732,1.9765,1.9767,1.70,1.20
2008.04.16 12:45:52.003,1.9765,1.9767,1.70,1.20
2008.04.16 12:45:52.258,1.9765,1.9767,1.70,1.20
2008.04.16 12:45:52.515,1.9765,1.9767,0.90,5.20
2008.04.16 12:45:52.807,1.9764,1.9766,0.80,0.90
2008.04.16 12:45:53.042,1.97635,1.9766,0.90,4.10
2008.04.16 12:45:53.353,1.9763,1.9765,7.30,3.30
2008.04.16 12:45:53.664,1.9763,1.9765,0.90,3.30
2008.04.16 12:45:53.976,1.97625,1.9765,0.90,3.30
2008.04.16 12:45:54.237,1.97625,1.9765,0.90,3.30
2008.04.16 12:45:54.524,1.97625,1.9765,0.90,3.30
2008.04.16 12:45:54.786,1.97625,1.9765,0.90,3.30
2008.04.16 12:45:55.046,1.97625,1.9765,0.90,3.30
2008.04.16 12:45:55.332,1.9762,1.97645,1.70,0.90
2008.04.16 12:45:55.653,1.9762,1.97645,1.70,0.90
2008.04.16 12:45:55.941,1.9762,1.97645,0.90,6.50
2008.04.16 12:45:56.227,1.9761,1.97635,5.80,0.90
2008.04.16 12:45:56.529,1.9761,1.97635,1.70,0.90
2008.04.16 12:45:56.864,1.9761,1.97635,1.70,0.90
2008.04.16 12:45:57.164,1.9761,1.97635,1.70,0.90
2008.04.16 12:45:57.414,1.9761,1.97635,1.70,0.90
2008.04.16 12:45:57.664,1.9761,1.97635,1.70,0.90
2008.04.16 12:45:57.946,1.9761,1.97635,0.90,0.90
2008.04.16 12:45:58.198,1.9761,1.97635,0.90,4.90
2008.04.16 12:45:58.504,1.9761,1.97635,4.90,4.90
2008.04.16 12:45:58.809,1.9761,1.97635,5.30,4.90
2008.04.16 12:45:59.115,1.9761,1.97635,5.40,2.50
2008.04.16 12:45:59.406,1.97615,1.97635,2.50,1.60
2008.04.16 12:45:59.676,1.97615,1.9764,0.90,0.90
2008.04.16 12:45:59.920,1.9762,1.97645,0.90,6.50
2008.04.16 12:46:00.166,1.9762,1.97645,0.90,6.50
2008.04.16 12:46:00.438,1.9762,1.97645,0.90,4.90
2008.04.16 12:46:00.710,1.9762,1.97645,0.90,4.90
2008.04.16 12:46:00.979,1.9762,1.97645,1.70,4.90
2008.04.16 12:46:01.301,1.9763,1.97645,0.90,1.60
2008.04.16 12:46:01.578,1.9763,1.97645,1.30,1.60
2008.04.16 12:46:01.869,1.9763,1.9765,1.40,0.80
2008.04.16 12:46:02.160,1.9763,1.97655,2.20,2.50
2008.04.16 12:46:02.451,1.9763,1.97655,4.70,2.50
2008.04.16 12:46:02.721,1.97635,1.97655,1.60,2.50
2008.04.16 12:46:03.013,1.9764,1.97665,1.70,7.30
2008.04.16 12:46:03.284,1.9764,1.97665,1.70,3.30
2008.04.16 12:46:03.542,1.9764,1.97665,1.70,3.30
2008.04.16 12:46:03.798,1.9764,1.97665,1.70,3.30
2008.04.16 12:46:04.053,1.9764,1.97665,1.70,3.30
2008.04.16 12:46:04.309,1.9764,1.97665,1.70,3.30
2008.04.16 12:46:04.653,1.9764,1.97665,1.70,3.30
2008.04.16 12:46:04.964,1.9764,1.97665,1.70,3.30
2008.04.16 12:46:05.275,1.9764,1.97665,1.70,3.30
2008.04.16 12:46:05.495,1.9764,1.97665,1.70,3.30
2008.04.16 12:46:05.716,1.9764,1.97665,1.70,3.30
2008.04.16 12:46:05.938,1.9764,1.97665,1.70,3.30
2008.04.16 12:46:06.157,1.9764,1.97665,1.70,3.30
2008.04.16 12:46:06.378,1.9764,1.97665,1.70,3.30
2008.04.16 12:46:06.664,1.9764,1.97665,1.70,5.70
2008.04.16 12:46:06.949,1.9764,1.9766,1.70,0.20
2008.04.16 12:46:07.234,1.9764,1.9766,1.70,0.20
2008.04.16 12:46:07.554,1.9764,1.9766,1.70,4.40
2008.04.16 12:46:07.830,1.97635,1.9766,5.70,6.10
2008.04.16 12:46:08.106,1.97635,1.9766,3.30,7.70
2008.04.16 12:46:08.380,1.9764,1.9766,0.90,6.60
2008.04.16 12:46:08.636,1.9764,1.9766,0.90,5.00
2008.04.16 12:46:08.891,1.9764,1.9766,0.90,5.00
2008.04.16 12:46:09.151,1.9764,1.9766,0.90,5.00
2008.04.16 12:46:09.407,1.9764,1.9766,0.90,5.00
2008.04.16 12:46:09.705,1.9764,1.9766,0.90,5.00
2008.04.16 12:46:10.015,1.9764,1.9766,0.90,5.00
2008.04.16 12:46:10.286,1.9764,1.9766,0.90,5.00
2008.04.16 12:46:10.557,1.9764,1.9766,0.90,5.20
2008.04.16 12:46:10.872,1.9764,1.9766,1.70,4.40
2008.04.16 12:46:11.154,1.9764,1.9766,1.70,1.00
2008.04.16 12:46:11.434,1.9764,1.9766,1.70,1.00
2008.04.16 12:46:11.692,1.9764,1.9766,1.70,1.00
2008.04.16 12:46:11.920,1.9764,1.9766,1.70,0.90
2008.04.16 12:46:12.147,1.9764,1.9766,1.70,0.90
2008.04.16 12:46:12.403,1.9764,1.9766,1.70,0.90
2008.04.16 12:46:12.729,1.9764,1.9766,1.70,1.20
2008.04.16 12:46:13.054,1.9764,1.9766,1.70,1.20
2008.04.16 12:46:13.352,1.9764,1.97665,1.70,7.30
2008.04.16 12:46:13.648,1.9764,1.97665,1.70,7.30
2008.04.16 12:46:13.904,1.97645,1.97665,0.90,6.40
2008.04.16 12:46:14.196,1.9765,1.97665,0.90,2.40
2008.04.16 12:46:14.452,1.9765,1.97665,0.90,2.40
2008.04.16 12:46:14.779,1.97645,1.9767,0.90,1.70
2008.04.16 12:46:15.007,1.97645,1.9767,0.90,1.70
2008.04.16 12:46:15.273,1.97645,1.9767,0.90,3.30
2008.04.16 12:46:15.536,1.97645,1.9767,0.90,3.30
2008.04.16 12:46:15.823,1.97645,1.9767,0.90,3.30
2008.04.16 12:46:16.108,1.97645,1.9767,0.90,3.30
2008.04.16 12:46:16.429,1.97645,1.9767,0.90,3.30
2008.04.16 12:46:16.719,1.97645,1.9767,0.90,3.30
2008.04.16 12:46:17.007,1.97655,1.9767,0.90,0.80
2008.04.16 12:46:17.325,1.97655,1.9767,0.90,1.20
2008.04.16 12:46:17.610,1.97655,1.9767,3.30,0.80
2008.04.16 12:46:17.871,1.9765,1.9767,0.80,3.30
2008.04.16 12:46:18.132,1.9765,1.9767,0.80,5.70
2008.04.16 12:46:18.404,1.9765,1.9767,1.70,3.20
2008.04.16 12:46:18.665,1.9765,1.9767,1.70,3.30
2008.04.16 12:46:18.957,1.97635,1.9766,1.70,0.90
2008.04.16 12:46:19.247,1.97635,1.97655,0.90,0.90
2008.04.16 12:46:19.572,1.97635,1.97655,0.90,2.50
2008.04.16 12:46:19.864,1.9763,1.97655,0.90,0.90
2008.04.16 12:46:20.131,1.9763,1.97655,0.90,2.50
2008.04.16 12:46:20.396,1.97625,1.9765,0.90,0.90
2008.04.16 12:46:20.662,1.97625,1.9765,0.90,0.90
2008.04.16 12:46:20.917,1.97625,1.9765,0.90,0.90
2008.04.16 12:46:21.203,1.97625,1.9765,0.90,0.90
2008.04.16 12:46:21.472,1.97625,1.9765,0.90,2.50
2008.04.16 12:46:21.762,1.97625,1.9765,0.90,2.50
2008.04.16 12:46:22.046,1.97625,1.9765,0.90,2.50
2008.04.16 12:46:22.326,1.97625,1.9765,0.90,2.50
2008.04.16 12:46:22.607,1.97625,1.9765,0.90,0.90
2008.04.16 12:46:22.872,1.97635,1.97655,0.90,0.90
2008.04.16 12:46:23.139,1.97635,1.97655,0.90,0.90
2008.04.16 12:46:23.438,1.9764,1.9766,1.10,0.80
2008.04.16 12:46:23.703,1.9764,1.97665,1.10,6.50
2008.04.16 12:46:23.978,1.9764,1.97665,1.10,4.90
2008.04.16 12:46:24.253,1.9764,1.97665,1.10,4.90
2008.04.16 12:46:24.536,1.9764,1.97665,1.10,4.90
2008.04.16 12:46:24.809,1.9764,1.97665,1.10,4.90
2008.04.16 12:46:25.065,1.9764,1.97665,1.10,4.90
2008.04.16 12:46:25.319,1.9764,1.97665,1.10,4.90
2008.04.16 12:46:25.577,1.9764,1.97665,1.10,4.90
2008.04.16 12:46:25.832,1.9764,1.97665,1.10,4.90
2008.04.16 12:46:26.105,1.9764,1.97665,1.10,4.90
2008.04.16 12:46:26.381,1.9764,1.97665,1.10,4.90
2008.04.16 12:46:26.654,1.9764,1.97665,1.10,4.90
2008.04.16 12:46:26.945,1.9764,1.97665,1.10,3.30
2008.04.16 12:46:27.262,1.97645,1.97665,0.90,2.40
2008.04.16 12:46:27.532,1.97645,1.97665,0.90,2.40
2008.04.16 12:46:27.837,1.97645,1.9767,0.90,2.50
2008.04.16 12:46:28.068,1.97645,1.9767,0.90,2.50
2008.04.16 12:46:29.492,1.97645,1.9767,0.90,2.50
2008.04.16 12:46:31.493,1.9765,1.9767,0.90,0.90
2008.04.16 12:46:31.626,1.9765,1.9767,0.90,0.90
2008.04.16 12:46:31.642,1.9765,1.9767,0.90,0.90
2008.04.16 12:46:31.714,1.9765,1.9767,0.90,0.90
2008.04.16 12:46:31.753,1.9765,1.9767,0.90,0.90
2008.04.16 12:46:31.814,1.9765,1.9767,0.90,0.90
2008.04.16 12:46:31.860,1.9765,1.9767,0.90,0.90
2008.04.16 12:46:31.924,1.9765,1.9767,0.90,0.90
2008.04.16 12:46:32.013,1.9765,1.9767,0.90,0.90
2008.04.16 12:46:32.102,1.9765,1.9767,0.90,0.90
2008.04.16 12:46:32.140,1.9765,1.9767,0.90,0.90
2008.04.16 12:46:32.201,1.9765,1.9767,0.90,0.90
2008.04.16 12:46:32.285,1.9765,1.9767,0.90,0.90
2008.04.16 12:46:32.333,1.9765,1.9767,0.90,0.90
2008.04.16 12:46:32.374,1.9765,1.9767,0.90,0.90
2008.04.16 12:46:32.414,1.9765,1.9767,0.90,0.90
2008.04.16 12:46:32.462,1.9765,1.9767,0.90,0.90
2008.04.16 12:46:32.505,1.9765,1.9767,0.90,0.90
2008.04.16 12:46:32.843,1.9765,1.9767,0.90,0.90
2008.04.16 12:46:33.215,1.9765,1.9767,1.40,0.90
2008.04.16 12:46:33.544,1.97655,1.97675,0.90,5.70
2008.04.16 12:46:33.797,1.97655,1.97675,0.90,3.30
2008.04.16 12:46:34.019,1.9766,1.9768,0.90,1.60
2008.04.16 12:46:34.242,1.9766,1.97685,1.10,10.50
2008.04.16 12:46:34.462,1.9766,1.97685,1.20,4.90
2008.04.16 12:46:34.683,1.9766,1.97685,1.50,4.90
2008.04.16 12:46:35.038,1.97675,1.9769,0.90,0.80
2008.04.16 12:46:35.356,1.97675,1.97695,0.90,5.70
2008.04.16 12:46:35.678,1.97675,1.97695,0.90,3.30
2008.04.16 12:46:35.951,1.97675,1.97695,0.90,3.30
2008.04.16 12:46:36.223,1.97675,1.97695,0.90,3.30
2008.04.16 12:46:36.464,1.97675,1.97695,0.90,3.30
2008.04.16 12:46:36.737,1.97675,1.97695,0.90,3.30
2008.04.16 12:46:37.000,1.97675,1.97695,0.90,3.30
2008.04.16 12:46:37.266,1.97675,1.97695,0.90,3.30
2008.04.16 12:46:39.298,1.97675,1.97695,0.90,3.30
2008.04.16 12:46:39.397,1.97675,1.97695,0.90,3.30
2008.04.16 12:46:39.490,1.97675,1.97695,0.90,3.30
2008.04.16 12:46:39.613,1.97675,1.97695,0.90,3.30
2008.04.16 12:46:39.707,1.97675,1.97695,0.90,3.30
2008.04.16 12:46:39.801,1.97675,1.97695,0.90,3.30
2008.04.16 12:46:39.900,1.97675,1.97695,0.90,3.30
2008.04.16 12:46:39.995,1.97675,1.97695,0.90,3.30
2008.04.16 12:46:40.089,1.97675,1.97695,0.90,3.30
2008.04.16 12:46:40.188,1.97675,1.97695,0.90,3.30
2008.04.16 12:46:40.311,1.97675,1.97695,0.90,3.30
2008.04.16 12:46:40.649,1.97675,1.97695,0.90,3.30
2008.04.16 12:46:40.984,1.97675,1.97695,0.90,3.30
2008.04.16 12:46:41.319,1.97675,1.97695,0.90,3.30
2008.04.16 12:46:41.538,1.97675,1.97695,0.90,3.30
2008.04.16 12:46:41.758,1.97675,1.97695,0.90,3.30
2008.04.16 12:46:42.013,1.97675,1.97695,0.90,3.30
2008.04.16 12:46:42.231,1.97675,1.97695,0.90,3.30
2008.04.16 12:46:42.452,1.97675,1.97695,0.90,3.30
2008.04.16 12:46:42.767,1.97675,1.97695,0.90,2.40
2008.04.16 12:46:43.079,1.9767,1.97695,1.70,3.30
2008.04.16 12:46:43.429,1.9767,1.97695,1.70,3.30
2008.04.16 12:46:43.649,1.9767,1.97695,1.70,3.30
2008.04.16 12:46:43.876,1.97675,1.97695,0.90,2.40
2008.04.16 12:46:44.102,1.97675,1.97695,0.90,2.40
2008.04.16 12:46:44.327,1.97675,1.97695,0.90,2.40
2008.04.16 12:46:44.552,1.97675,1.97695,0.90,2.40
2008.04.16 12:46:44.872,1.97675,1.97695,0.90,2.40
2008.04.16 12:46:45.193,1.97675,1.97695,0.90,2.40
2008.04.16 12:46:45.545,1.97675,1.97695,0.90,3.30
2008.04.16 12:46:45.745,1.97675,1.97695,0.90,3.30
2008.04.16 12:46:46.006,1.97675,1.97695,0.90,3.30
2008.04.16 12:46:46.237,1.97675,1.97695,0.90,3.30
2008.04.16 12:46:46.469,1.97675,1.97695,0.90,3.30
2008.04.16 12:46:46.784,1.97675,1.97695,0.90,3.30
2008.04.16 12:46:47.099,1.97675,1.97695,0.90,3.30
2008.04.16 12:46:47.416,1.97675,1.97695,0.90,2.40
2008.04.16 12:46:47.661,1.97675,1.977,0.90,4.10
2008.04.16 12:46:47.908,1.97675,1.977,0.90,4.10
2008.04.16 12:46:48.152,1.97675,1.977,0.90,4.10
2008.04.16 12:46:48.397,1.97675,1.977,0.90,4.10
2008.04.16 12:46:48.642,1.97675,1.977,0.90,4.10
2008.04.16 12:46:48.943,1.97685,1.977,0.90,3.20
2008.04.16 12:46:49.243,1.97685,1.97705,0.90,2.40
2008.04.16 12:46:49.543,1.97685,1.97705,0.90,2.40
2008.04.16 12:46:49.793,1.97685,1.97705,0.90,2.40
2008.04.16 12:46:50.042,1.97685,1.97705,0.90,2.40
2008.04.16 12:46:50.296,1.97685,1.97705,0.90,2.40
2008.04.16 12:46:50.564,1.97685,1.97705,0.90,2.40
2008.04.16 12:46:50.832,1.97685,1.97705,0.90,2.40
2008.04.16 12:46:51.103,1.97685,1.97705,0.90,2.40
2008.04.16 12:46:51.373,1.97685,1.97705,0.90,2.40
2008.04.16 12:46:51.644,1.97685,1.97705,0.90,2.40
2008.04.16 12:46:51.909,1.97685,1.97705,0.90,2.40
2008.04.16 12:46:52.175,1.97685,1.97705,0.90,2.40
2008.04.16 12:46:52.443,1.9768,1.977,0.80,0.90
2008.04.16 12:46:52.709,1.9768,1.977,0.80,1.70
2008.04.16 12:46:53.022,1.9768,1.977,0.80,0.90
2008.04.16 12:46:53.303,1.9768,1.977,1.70,2.40
2008.04.16 12:46:53.584,1.9768,1.977,1.70,0.80
2008.04.16 12:46:53.863,1.9768,1.977,1.70,0.80
2008.04.16 12:46:54.129,1.9768,1.97705,1.70,7.30
2008.04.16 12:46:54.419,1.9768,1.97705,1.70,7.30
2008.04.16 12:46:54.683,1.9768,1.97705,1.70,7.30
2008.04.16 12:46:54.975,1.9768,1.97705,1.70,7.30
2008.04.16 12:46:55.264,1.9768,1.97705,1.70,7.30
2008.04.16 12:46:55.555,1.9768,1.977,1.70,0.20
2008.04.16 12:46:55.847,1.9768,1.97705,1.70,7.30
2008.04.16 12:46:56.102,1.9768,1.97705,1.70,7.30
2008.04.16 12:46:56.367,1.9768,1.977,0.80,0.90
2008.04.16 12:46:56.624,1.9768,1.977,0.80,3.30
2008.04.16 12:46:56.883,1.9768,1.977,1.70,2.40
2008.04.16 12:46:57.170,1.9768,1.97705,1.70,7.30
2008.04.16 12:46:57.457,1.9768,1.97705,1.70,7.30
2008.04.16 12:46:57.744,1.9768,1.97705,1.70,7.30
2008.04.16 12:46:58.000,1.9768,1.97705,1.70,7.30
2008.04.16 12:46:58.287,1.9768,1.97705,1.70,7.30
2008.04.16 12:46:58.544,1.9768,1.97705,1.70,7.30
2008.04.16 12:46:58.800,1.9768,1.97705,1.70,7.30
2008.04.16 12:46:59.139,1.9768,1.97705,1.70,5.70
2008.04.16 12:46:59.437,1.97685,1.97705,0.90,5.70
2008.04.16 12:46:59.739,1.97685,1.97705,0.90,0.90
2008.04.16 12:46:59.990,1.97685,1.97705,0.90,0.90
2008.04.16 12:47:00.249,1.97685,1.97705,0.90,0.90
2008.04.16 12:47:00.503,1.977,1.9771,1.70,4.00
2008.04.16 12:47:00.752,1.977,1.97725,1.70,11.30
2008.04.16 12:47:01.003,1.977,1.97725,1.70,9.70
2008.04.16 12:47:01.319,1.977,1.97725,1.70,9.70
2008.04.16 12:47:01.635,1.977,1.97725,1.70,9.70
2008.04.16 12:47:01.951,1.977,1.97725,1.70,9.70
2008.04.16 12:47:02.196,1.977,1.97725,1.70,9.70
2008.04.16 12:47:02.442,1.977,1.97725,1.70,9.70
2008.04.16 12:47:02.686,1.977,1.97725,2.10,9.70
2008.04.16 12:47:02.931,1.97705,1.97725,0.90,4.80
2008.04.16 12:47:03.221,1.97705,1.9773,0.90,4.30
2008.04.16 12:47:03.512,1.9771,1.9773,1.70,2.60
2008.04.16 12:47:03.803,1.9771,1.9773,1.70,0.50
2008.04.16 12:47:04.093,1.9771,1.9773,1.70,0.50
2008.04.16 12:47:04.364,1.9771,1.9773,1.70,0.50
2008.04.16 12:47:04.634,1.9771,1.9773,1.70,0.50
2008.04.16 12:47:04.904,1.9771,1.9773,0.80,1.30
2008.04.16 12:47:05.164,1.9771,1.9773,0.80,3.70
2008.04.16 12:47:05.424,1.9771,1.9773,0.90,3.60
2008.04.16 12:47:05.705,1.9771,1.9773,1.70,0.50
2008.04.16 12:47:05.997,1.9771,1.9773,1.70,0.50
2008.04.16 12:47:06.242,1.9771,1.9773,1.70,0.50
2008.04.16 12:47:06.532,1.9771,1.9773,1.70,0.50
2008.04.16 12:47:06.778,1.9771,1.9773,1.70,0.60
2008.04.16 12:47:07.024,1.9771,1.9773,1.70,0.60
2008.04.16 12:47:07.320,1.9771,1.9773,1.70,0.60
2008.04.16 12:47:07.616,1.9771,1.9773,1.70,0.50
2008.04.16 12:47:07.941,1.9771,1.9773,0.80,3.90
2008.04.16 12:47:08.193,1.9771,1.9773,0.80,3.90
2008.04.16 12:47:08.444,1.97705,1.9773,3.30,4.70
2008.04.16 12:47:08.695,1.97705,1.9773,3.30,5.00
2008.04.16 12:47:08.945,1.97705,1.9773,3.30,7.20
2008.04.16 12:47:09.254,1.97705,1.9773,3.30,4.80
2008.04.16 12:47:09.566,1.97705,1.9773,3.30,4.80
2008.04.16 12:47:09.908,1.97705,1.9773,3.30,4.80
2008.04.16 12:47:10.199,1.97705,1.9773,3.30,4.10
2008.04.16 12:47:10.488,1.97705,1.9773,1.70,4.30
2008.04.16 12:47:10.773,1.97705,1.9773,0.90,4.30
2008.04.16 12:47:10.996,1.97705,1.9773,0.90,4.30
2008.04.16 12:47:11.291,1.97705,1.9773,0.90,4.10
2008.04.16 12:47:11.552,1.97715,1.97735,0.90,2.40
2008.04.16 12:47:11.812,1.97715,1.97735,0.90,2.40
2008.04.16 12:47:12.072,1.97715,1.97735,0.90,2.40
2008.04.16 12:47:12.363,1.97715,1.97735,0.90,2.40
2008.04.16 12:47:12.653,1.97715,1.97735,0.90,2.40
2008.04.16 12:47:12.943,1.9771,1.97735,1.70,3.30
2008.04.16 12:47:13.209,1.9771,1.97735,1.70,7.30
2008.04.16 12:47:13.475,1.9771,1.97735,1.70,7.30
2008.04.16 12:47:13.740,1.9771,1.97735,1.70,7.30
2008.04.16 12:47:14.039,1.9771,1.97735,1.70,7.30
2008.04.16 12:47:14.279,1.9771,1.97735,1.70,7.30
2008.04.16 12:47:14.557,1.9771,1.97735,1.70,7.30
2008.04.16 12:47:14.831,1.9771,1.97735,1.70,7.30
2008.04.16 12:47:15.148,1.9771,1.97735,1.70,7.30
2008.04.16 12:47:15.410,1.97715,1.97735,0.90,6.40
2008.04.16 12:47:15.671,1.97715,1.9774,0.90,4.70
2008.04.16 12:47:15.933,1.9772,1.9774,0.90,3.70
2008.04.16 12:47:16.194,1.9772,1.9774,0.90,1.20
2008.04.16 12:47:16.469,1.9772,1.9774,0.90,1.20
2008.04.16 12:47:16.744,1.9772,1.9774,0.90,1.20
2008.04.16 12:47:17.019,1.9772,1.9774,0.90,1.20
2008.04.16 12:47:17.295,1.9772,1.9774,0.90,1.20
2008.04.16 12:47:17.529,1.9772,1.9774,0.90,1.20
2008.04.16 12:47:17.764,1.9772,1.9774,0.90,1.20
2008.04.16 12:47:17.999,1.9772,1.9774,0.90,1.00
2008.04.16 12:47:18.235,1.9772,1.9774,0.90,0.90
2008.04.16 12:47:18.500,1.97715,1.9774,0.90,1.70
2008.04.16 12:47:18.766,1.97715,1.9774,0.90,3.30
2008.04.16 12:47:19.031,1.9772,1.9774,0.20,4.10
2008.04.16 12:47:19.296,1.9772,1.9774,0.20,4.10
2008.04.16 12:47:19.565,1.9772,1.9774,0.20,4.10
2008.04.16 12:47:19.834,1.9772,1.9774,0.20,4.10
2008.04.16 12:47:20.104,1.97715,1.9774,0.90,4.10
2008.04.16 12:47:20.350,1.97715,1.9774,0.90,4.10
2008.04.16 12:47:20.593,1.97715,1.9774,0.90,4.10
2008.04.16 12:47:20.845,1.97715,1.9774,0.90,4.10
2008.04.16 12:47:21.091,1.97715,1.9774,0.90,4.10
2008.04.16 12:47:21.373,1.97715,1.9774,0.90,4.10
2008.04.16 12:47:21.655,1.97715,1.9774,0.90,4.10
2008.04.16 12:47:21.938,1.97715,1.9774,0.90,4.10
2008.04.16 12:47:22.234,1.97715,1.9774,0.90,4.10
2008.04.16 12:47:22.496,1.97715,1.9774,0.90,4.30
2008.04.16 12:47:22.756,1.97715,1.9774,0.90,7.40
2008.04.16 12:47:23.021,1.97715,1.9774,0.90,7.90
2008.04.16 12:47:23.283,1.97715,1.97735,0.90,2.40
2008.04.16 12:47:23.604,1.9771,1.9773,0.90,0.80
2008.04.16 12:47:23.894,1.9771,1.9773,0.90,4.00
2008.04.16 12:47:24.187,1.9771,1.9773,0.90,0.80
2008.04.16 12:47:24.434,1.9771,1.9773,0.90,0.80
2008.04.16 12:47:24.718,1.9771,1.9773,0.90,0.80
2008.04.16 12:47:24.963,1.9771,1.9773,0.90,0.80
2008.04.16 12:47:25.209,1.9771,1.9773,0.90,0.80
2008.04.16 12:47:25.456,1.9771,1.9773,0.90,0.80
2008.04.16 12:47:25.761,1.9771,1.9773,0.90,0.80
2008.04.16 12:47:26.067,1.9771,1.9773,0.90,0.80
2008.04.16 12:47:26.373,1.9771,1.9773,0.90,0.80
2008.04.16 12:47:26.597,1.9771,1.9773,0.90,0.80
2008.04.16 12:47:26.822,1.9771,1.9773,0.90,0.80
2008.04.16 12:47:27.047,1.9771,1.9773,0.90,0.80
2008.04.16 12:47:27.273,1.9771,1.9773,0.90,0.80
2008.04.16 12:47:27.577,1.9771,1.9773,0.90,0.80
2008.04.16 12:47:27.882,1.9771,1.9773,0.90,0.80
2008.04.16 12:47:28.187,1.9771,1.9773,0.90,0.80
2008.04.16 12:47:28.491,1.9771,1.9773,0.90,0.80
2008.04.16 12:47:28.720,1.9771,1.9773,0.90,0.80
2008.04.16 12:47:28.950,1.9771,1.9773,0.90,0.80
2008.04.16 12:47:29.180,1.9771,1.9773,0.90,0.80
2008.04.16 12:47:29.413,1.9771,1.9773,0.90,0.80
2008.04.16 12:47:29.699,1.9771,1.9773,0.90,0.80
2008.04.16 12:47:29.985,1.9771,1.9773,0.90,0.80
2008.04.16 12:47:30.269,1.9771,1.9773,0.90,0.80
2008.04.16 12:47:30.555,1.9771,1.9773,0.90,0.80
2008.04.16 12:47:30.827,1.9771,1.9773,0.90,1.20
2008.04.16 12:47:31.096,1.9771,1.9773,0.90,2.00
2008.04.16 12:47:31.396,1.9771,1.9773,0.90,4.40
2008.04.16 12:47:31.677,1.9771,1.9773,0.90,1.20
2008.04.16 12:47:31.958,1.977,1.97725,6.80,0.90
2008.04.16 12:47:32.238,1.977,1.97725,1.70,5.70
2008.04.16 12:47:32.519,1.977,1.97725,1.70,4.60
2008.04.16 12:47:32.764,1.977,1.97725,1.70,4.60
2008.04.16 12:47:33.010,1.977,1.97725,1.90,4.60
2008.04.16 12:47:33.256,1.977,1.97725,1.90,3.80
2008.04.16 12:47:33.502,1.977,1.97725,1.70,3.80
2008.04.16 12:47:33.777,1.977,1.97725,1.70,3.80
2008.04.16 12:47:34.053,1.977,1.97725,1.70,3.80
2008.04.16 12:47:34.352,1.977,1.97725,1.90,3.80
2008.04.16 12:47:34.632,1.977,1.97725,1.90,3.80
2008.04.16 12:47:34.890,1.977,1.97725,1.70,3.80
2008.04.16 12:47:35.182,1.977,1.97725,1.70,3.80
2008.04.16 12:47:35.459,1.977,1.97725,1.70,3.80
2008.04.16 12:47:35.712,1.977,1.97725,1.70,3.80
2008.04.16 12:47:35.989,1.977,1.97725,1.90,3.80
2008.04.16 12:47:36.264,1.977,1.97725,1.90,3.80
2008.04.16 12:47:36.550,1.977,1.97725,1.90,3.80
2008.04.16 12:47:36.852,1.977,1.97725,1.90,3.80
2008.04.16 12:47:37.127,1.977,1.97725,1.70,3.80
2008.04.16 12:47:37.420,1.97705,1.97725,0.90,2.80
2008.04.16 12:47:37.721,1.97705,1.97725,0.90,2.40
2008.04.16 12:47:37.982,1.97705,1.97725,0.90,2.40
2008.04.16 12:47:38.260,1.97705,1.97725,0.90,2.40
2008.04.16 12:47:38.510,1.97705,1.9773,0.90,3.80
2008.04.16 12:47:38.769,1.97705,1.9773,0.90,3.80
2008.04.16 12:47:39.021,1.97705,1.9773,0.90,3.30
2008.04.16 12:47:39.277,1.97705,1.9773,0.90,3.30
2008.04.16 12:47:39.534,1.97705,1.9773,0.90,3.30
2008.04.16 12:47:39.841,1.97705,1.9773,0.90,3.30
2008.04.16 12:47:40.179,1.97705,1.9773,0.90,3.30
2008.04.16 12:47:40.489,1.9771,1.9773,0.90,2.40
2008.04.16 12:47:40.794,1.9771,1.9773,0.90,0.80
2008.04.16 12:47:41.079,1.9771,1.9773,0.90,0.80
2008.04.16 12:47:41.366,1.9771,1.9773,0.90,0.80
2008.04.16 12:47:41.683,1.9771,1.9773,0.90,0.80
2008.04.16 12:47:41.927,1.9771,1.9773,0.90,0.80
2008.04.16 12:47:42.105,1.9771,1.9773,0.90,0.80
2008.04.16 12:47:42.313,1.9771,1.9773,0.90,0.80
2008.04.16 12:47:42.524,1.97705,1.9773,0.90,2.20
2008.04.16 12:47:42.734,1.97705,1.9773,0.90,3.80
2008.04.16 12:47:43.023,1.97705,1.9773,0.90,3.80
2008.04.16 12:47:43.313,1.97705,1.9773,0.90,3.80
2008.04.16 12:47:43.605,1.97705,1.9773,0.90,3.80
2008.04.16 12:47:43.874,1.97705,1.9773,0.90,3.80
2008.04.16 12:47:44.144,1.97705,1.9773,0.90,3.80
2008.04.16 12:47:44.415,1.97705,1.9773,0.90,3.80
2008.04.16 12:47:44.690,1.97705,1.9773,0.90,3.80
2008.04.16 12:47:44.920,1.97705,1.9773,0.90,3.80
2008.04.16 12:47:45.150,1.97705,1.9773,0.90,3.80
2008.04.16 12:47:45.413,1.97705,1.9773,0.90,3.80
2008.04.16 12:47:45.638,1.977,1.97725,2.00,1.70
2008.04.16 12:47:45.974,1.977,1.97725,2.00,5.70
2008.04.16 12:47:46.310,1.977,1.97725,2.00,5.70
2008.04.16 12:47:46.644,1.977,1.97725,2.00,5.70
2008.04.16 12:47:46.881,1.977,1.97725,2.00,5.70
2008.04.16 12:47:47.052,1.977,1.97725,2.00,5.70
2008.04.16 12:47:47.258,1.977,1.97725,2.00,5.70
2008.04.16 12:47:47.462,1.977,1.97725,2.00,5.70
2008.04.16 12:47:47.667,1.977,1.97725,2.00,5.70
2008.04.16 12:47:47.968,1.977,1.97725,2.00,5.70
2008.04.16 12:47:48.281,1.977,1.97725,2.00,5.70
2008.04.16 12:47:48.597,1.977,1.97725,2.00,5.70
2008.04.16 12:47:48.841,1.977,1.97725,2.00,5.70
2008.04.16 12:47:49.092,1.977,1.97725,2.00,5.70
2008.04.16 12:47:49.343,1.977,1.97725,2.00,5.70
2008.04.16 12:47:49.592,1.977,1.97725,2.00,5.70
2008.04.16 12:47:49.843,1.977,1.97725,2.00,5.70
2008.04.16 12:47:50.058,1.977,1.97725,2.00,5.70
2008.04.16 12:47:50.273,1.977,1.97725,2.00,5.70
2008.04.16 12:47:50.515,1.977,1.97725,2.00,5.70
2008.04.16 12:47:50.762,1.977,1.97725,2.00,5.70
2008.04.16 12:47:51.116,1.977,1.97725,1.90,5.70
2008.04.16 12:47:51.437,1.977,1.97725,1.70,5.70
2008.04.16 12:47:51.758,1.977,1.97725,2.00,5.70
2008.04.16 12:47:52.005,1.977,1.9771,0.80,0.90
2008.04.16 12:47:52.249,1.9769,1.9771,0.20,3.30
2008.04.16 12:47:52.497,1.97695,1.9771,0.90,2.40
2008.04.16 12:47:52.745,1.97695,1.97715,0.90,2.40
2008.04.16 12:47:53.049,1.977,1.9772,0.90,3.30
2008.04.16 12:47:53.354,1.977,1.9772,0.90,1.70
2008.04.16 12:47:53.661,1.977,1.9772,0.90,0.80
2008.04.16 12:47:53.964,1.977,1.9772,0.90,0.80
2008.04.16 12:47:54.166,1.977,1.9772,0.90,0.80
2008.04.16 12:47:54.401,1.977,1.9772,0.90,0.80
2008.04.16 12:47:54.636,1.977,1.9772,0.90,0.80
2008.04.16 12:47:54.870,1.977,1.9772,0.90,0.80
2008.04.16 12:47:55.129,1.977,1.9772,0.90,0.80
2008.04.16 12:47:55.389,1.977,1.9772,0.90,0.80
2008.04.16 12:47:55.649,1.977,1.9772,0.90,0.80
2008.04.16 12:47:55.933,1.977,1.9772,4.10,0.80
2008.04.16 12:47:56.217,1.97715,1.9774,0.90,7.20
2008.04.16 12:47:56.462,1.97715,1.9774,0.90,7.40
2008.04.16 12:47:56.708,1.97715,1.9774,0.90,7.30
2008.04.16 12:47:56.954,1.97715,1.9774,0.90,7.30
2008.04.16 12:47:57.249,1.97715,1.9774,0.90,7.40
2008.04.16 12:47:57.573,1.97715,1.9774,0.90,6.80
2008.04.16 12:47:57.870,1.97715,1.9774,0.90,6.50
2008.04.16 12:47:58.166,1.97715,1.9774,0.90,4.10
2008.04.16 12:47:58.450,1.9772,1.9774,0.90,3.20
2008.04.16 12:47:58.725,1.9772,1.9774,0.90,0.80
2008.04.16 12:47:59.005,1.97725,1.9774,0.90,0.80
2008.04.16 12:47:59.226,1.97725,1.9774,0.90,0.80
2008.04.16 12:47:59.448,1.97725,1.9774,0.90,0.80
2008.04.16 12:47:59.670,1.97725,1.9775,0.90,8.10
2008.04.16 12:47:59.891,1.97725,1.9775,0.90,8.10
2008.04.16 12:48:00.112,1.9772,1.9774,0.90,1.70
2008.04.16 12:48:00.448,1.97715,1.9774,1.00,1.70
2008.04.16 12:48:00.815,1.97715,1.9774,0.90,3.30
2008.04.16 12:48:01.185,1.97715,1.9774,0.90,3.30
2008.04.16 12:48:01.367,1.97715,1.9774,0.90,3.30
2008.04.16 12:48:01.584,1.9771,1.97735,0.90,0.90
2008.04.16 12:48:01.802,1.9771,1.97735,1.20,0.90
2008.04.16 12:48:02.019,1.97725,1.9774,0.90,0.80
2008.04.16 12:48:02.280,1.97725,1.9774,0.90,0.80
2008.04.16 12:48:02.544,1.97725,1.9774,0.90,0.80
2008.04.16 12:48:02.838,1.97725,1.9775,0.90,8.60
2008.04.16 12:48:03.101,1.97725,1.9775,0.90,8.60
2008.04.16 12:48:03.392,1.97725,1.9775,0.90,8.60
2008.04.16 12:48:03.686,1.97735,1.9776,0.90,8.60
2008.04.16 12:48:03.977,1.9773,1.9774,0.80,0.90
2008.04.16 12:48:04.295,1.97715,1.9774,1.80,4.10
2008.04.16 12:48:04.551,1.97715,1.9774,0.90,4.10
2008.04.16 12:48:04.806,1.97715,1.9774,0.90,4.10
2008.04.16 12:48:05.063,1.9771,1.97735,2.00,0.90
2008.04.16 12:48:05.310,1.9771,1.97735,2.00,0.90
2008.04.16 12:48:05.556,1.9771,1.97735,2.10,0.90
2008.04.16 12:48:05.802,1.9771,1.97735,2.10,0.90
2008.04.16 12:48:06.047,1.9771,1.97735,2.20,0.90
2008.04.16 12:48:06.294,1.9771,1.97735,2.20,0.90
2008.04.16 12:48:06.606,1.9773,1.9774,0.90,5.60
2008.04.16 12:48:06.917,1.9773,1.9774,0.90,2.40
2008.04.16 12:48:07.229,1.9773,1.9774,1.70,2.40
2008.04.16 12:48:07.454,1.9773,1.9774,1.70,2.40
2008.04.16 12:48:07.724,1.9773,1.9774,1.70,2.40
2008.04.16 12:48:07.936,1.9773,1.9774,1.70,2.40
2008.04.16 12:48:08.164,1.9773,1.9774,0.80,2.40
2008.04.16 12:48:08.475,1.97735,1.9774,0.30,2.40
2008.04.16 12:48:08.784,1.97735,1.9774,0.30,2.40
2008.04.16 12:48:09.096,1.97735,1.9774,0.30,2.40
2008.04.16 12:48:09.362,1.97735,1.9774,0.30,2.40
2008.04.16 12:48:09.629,1.97735,1.9774,0.30,2.40
2008.04.16 12:48:09.862,1.97725,1.9775,0.90,6.50
2008.04.16 12:48:10.097,1.97725,1.9775,0.90,6.50
2008.04.16 12:48:10.377,1.97725,1.9775,0.90,6.50
2008.04.16 12:48:10.657,1.97725,1.9775,0.90,6.50
2008.04.16 12:48:10.938,1.97725,1.9775,0.90,6.50
2008.04.16 12:48:11.216,1.97725,1.9775,0.90,4.10
2008.04.16 12:48:11.500,1.97725,1.9775,0.90,4.10
2008.04.16 12:48:11.785,1.97725,1.9775,0.90,6.50
2008.04.16 12:48:12.070,1.9773,1.9775,0.40,4.10
2008.04.16 12:48:12.358,1.9773,1.9775,0.30,5.70
2008.04.16 12:48:12.634,1.97725,1.9775,0.90,5.70
2008.04.16 12:48:12.910,1.97725,1.9775,0.90,3.30
2008.04.16 12:48:13.184,1.97725,1.9775,0.90,5.70
2008.04.16 12:48:13.470,1.9773,1.9775,0.50,5.70
2008.04.16 12:48:13.757,1.9774,1.9775,0.90,2.40
2008.04.16 12:48:14.077,1.9774,1.9776,0.90,1.40
2008.04.16 12:48:14.363,1.9774,1.9776,0.90,1.20
2008.04.16 12:48:14.653,1.9774,1.9776,1.00,1.10
2008.04.16 12:48:14.943,1.9774,1.9776,1.00,0.80
2008.04.16 12:48:15.267,1.9774,1.97765,1.80,2.50
2008.04.16 12:48:15.558,1.9774,1.97765,1.80,2.50
2008.04.16 12:48:15.809,1.9774,1.97765,1.80,5.70
2008.04.16 12:48:16.059,1.9774,1.97765,1.80,5.70
2008.04.16 12:48:16.310,1.9774,1.97765,1.80,5.70
2008.04.16 12:48:16.593,1.97755,1.97765,0.90,4.80
2008.04.16 12:48:16.875,1.97755,1.9777,0.90,2.40
2008.04.16 12:48:17.156,1.97745,1.9777,1.00,1.70
2008.04.16 12:48:17.439,1.97745,1.9777,1.00,3.30
2008.04.16 12:48:17.720,1.9775,1.9777,0.90,2.40
2008.04.16 12:48:18.001,1.97745,1.97755,0.10,0.90
2008.04.16 12:48:18.282,1.9773,1.97755,6.00,3.30
2008.04.16 12:48:18.564,1.9773,1.97755,2.00,5.70
2008.04.16 12:48:18.849,1.9773,1.97755,1.80,5.70
2008.04.16 12:48:19.135,1.9773,1.97755,1.80,7.30
2008.04.16 12:48:19.420,1.9773,1.97755,1.70,7.30
2008.04.16 12:48:19.686,1.97725,1.9775,1.00,1.70
2008.04.16 12:48:19.951,1.97725,1.9775,1.00,3.30
2008.04.16 12:48:20.217,1.97725,1.9775,1.00,3.30
2008.04.16 12:48:20.481,1.97725,1.9775,1.00,3.30
2008.04.16 12:48:20.765,1.97725,1.9775,1.00,3.30
2008.04.16 12:48:21.050,1.97725,1.9775,1.00,3.30
2008.04.16 12:48:21.335,1.97725,1.9775,1.00,3.30
2008.04.16 12:48:21.619,1.97725,1.9775,1.00,3.30
2008.04.16 12:48:21.849,1.97725,1.9775,1.00,3.30
2008.04.16 12:48:22.079,1.97725,1.9775,1.00,3.30
2008.04.16 12:48:22.309,1.97725,1.9775,1.00,3.30
2008.04.16 12:48:22.564,1.97725,1.9775,1.00,3.30
2008.04.16 12:48:22.849,1.97725,1.9775,1.00,3.30
2008.04.16 12:48:23.133,1.97725,1.9775,1.00,3.30
2008.04.16 12:48:23.417,1.97725,1.9775,1.00,3.30
2008.04.16 12:48:23.643,1.97725,1.9775,1.00,3.30
2008.04.16 12:48:23.868,1.97725,1.9775,1.00,3.30
2008.04.16 12:48:24.122,1.97725,1.9775,1.00,3.30
2008.04.16 12:48:24.377,1.97725,1.9775,1.00,3.30
2008.04.16 12:48:24.633,1.97725,1.9775,1.00,3.30
2008.04.16 12:48:24.927,1.97725,1.9775,1.00,3.30
2008.04.16 12:48:25.221,1.97725,1.9775,1.00,3.30
2008.04.16 12:48:25.514,1.9773,1.9775,0.90,3.30
2008.04.16 12:48:25.725,1.9773,1.9775,0.90,1.70
2008.04.16 12:48:25.935,1.9773,1.9775,0.90,1.70
2008.04.16 12:48:26.146,1.9772,1.97745,2.40,3.30
2008.04.16 12:48:26.360,1.9772,1.97745,2.10,3.30
2008.04.16 12:48:26.600,1.9772,1.97745,2.10,5.70
2008.04.16 12:48:26.894,1.9772,1.97745,2.10,7.30
2008.04.16 12:48:27.190,1.9772,1.97745,2.10,7.30
2008.04.16 12:48:27.529,1.97725,1.97745,0.90,6.40
2008.04.16 12:48:27.764,1.97725,1.9775,0.90,4.10
2008.04.16 12:48:28.012,1.97725,1.9775,0.90,4.10
2008.04.16 12:48:28.258,1.97725,1.9775,0.90,4.10
2008.04.16 12:48:28.474,1.97725,1.9775,0.90,4.10
2008.04.16 12:48:28.688,1.97725,1.9775,0.90,4.10
2008.04.16 12:48:28.978,1.97725,1.9775,0.90,4.10
2008.04.16 12:48:29.268,1.97725,1.9775,0.90,4.10
2008.04.16 12:48:29.558,1.97725,1.9775,0.90,4.10
2008.04.16 12:48:29.819,1.97725,1.9775,0.90,4.10
2008.04.16 12:48:30.079,1.97725,1.9775,0.90,6.50
2008.04.16 12:48:30.339,1.97725,1.9775,0.90,6.50
2008.04.16 12:48:30.599,1.97725,1.9775,0.90,6.50
2008.04.16 12:48:30.928,1.97725,1.9775,0.90,4.10
2008.04.16 12:48:31.244,1.9773,1.9775,1.20,1.70
2008.04.16 12:48:31.540,1.9773,1.9775,0.90,1.70
2008.04.16 12:48:31.836,1.9773,1.9775,0.90,1.70
2008.04.16 12:48:32.091,1.9773,1.9775,0.90,1.70
2008.04.16 12:48:32.346,1.9773,1.9775,0.90,1.70
2008.04.16 12:48:32.601,1.9773,1.9775,0.90,1.70
2008.04.16 12:48:32.877,1.9773,1.9775,0.90,1.70
2008.04.16 12:48:33.185,1.9773,1.9775,0.90,1.70
2008.04.16 12:48:33.493,1.9773,1.9775,0.90,1.70
2008.04.16 12:48:33.737,1.9772,1.97745,2.30,3.30
2008.04.16 12:48:33.968,1.9772,1.97745,2.30,3.30
2008.04.16 12:48:34.199,1.9772,1.97745,2.30,3.30
2008.04.16 12:48:34.453,1.9772,1.97745,2.00,3.30
2008.04.16 12:48:34.715,1.9772,1.97745,2.00,3.30
2008.04.16 12:48:34.916,1.9772,1.97745,2.00,5.70
2008.04.16 12:48:35.169,1.9772,1.97745,2.00,5.70
2008.04.16 12:48:35.420,1.9772,1.97745,2.00,5.70
2008.04.16 12:48:35.670,1.9772,1.97745,2.00,5.70
2008.04.16 12:48:35.921,1.9772,1.97745,2.00,5.70
2008.04.16 12:48:36.184,1.97725,1.97745,0.90,4.80
2008.04.16 12:48:36.445,1.97725,1.9775,0.90,4.10
2008.04.16 12:48:36.706,1.97725,1.9775,0.90,4.10
2008.04.16 12:48:36.967,1.97725,1.9775,0.90,4.10
2008.04.16 12:48:37.230,1.97725,1.9775,0.90,4.10
2008.04.16 12:48:37.497,1.97725,1.9775,0.90,4.10
2008.04.16 12:48:37.764,1.97725,1.9775,0.90,4.10
2008.04.16 12:48:37.999,1.97725,1.9775,0.90,4.10
2008.04.16 12:48:38.258,1.97725,1.9775,0.90,4.10
2008.04.16 12:48:38.518,1.97725,1.9775,0.90,4.10
2008.04.16 12:48:38.785,1.97725,1.9775,0.90,4.10
2008.04.16 12:48:39.039,1.97725,1.9775,0.90,4.10
2008.04.16 12:48:39.308,1.97725,1.9775,0.90,4.10
2008.04.16 12:48:39.580,1.97725,1.9775,0.90,4.10
2008.04.16 12:48:39.848,1.97725,1.9775,0.90,4.10
2008.04.16 12:48:40.089,1.97725,1.9775,0.90,4.10
2008.04.16 12:48:40.327,1.97725,1.9775,0.90,4.10
2008.04.16 12:48:40.567,1.97725,1.9775,0.90,4.10
2008.04.16 12:48:40.807,1.97725,1.9775,0.90,4.10
2008.04.16 12:48:41.088,1.9772,1.9774,1.10,0.90
2008.04.16 12:48:41.368,1.9772,1.9774,0.30,4.10
2008.04.16 12:48:41.649,1.9772,1.9774,1.40,0.80
2008.04.16 12:48:41.929,1.9772,1.9774,1.40,0.80
2008.04.16 12:48:42.180,1.9772,1.9774,1.30,0.80
2008.04.16 12:48:42.463,1.9773,1.9774,0.30,0.80
2008.04.16 12:48:42.714,1.9773,1.9775,1.20,1.70
2008.04.16 12:48:42.964,1.9773,1.9775,1.20,1.70
2008.04.16 12:48:43.276,1.9773,1.9775,1.20,1.70
2008.04.16 12:48:43.559,1.97725,1.9775,1.00,1.70
2008.04.16 12:48:43.839,1.97725,1.9775,1.00,4.10
2008.04.16 12:48:44.121,1.97725,1.97745,0.10,0.90
2008.04.16 12:48:44.426,1.97725,1.97745,0.10,2.50
2008.04.16 12:48:44.730,1.9773,1.9775,0.90,1.70
2008.04.16 12:48:45.066,1.97725,1.97745,0.10,0.90
2008.04.16 12:48:45.287,1.9772,1.97745,2.00,2.50
2008.04.16 12:48:45.506,1.9772,1.97745,2.10,2.50
2008.04.16 12:48:45.727,1.97725,1.9775,1.00,3.30
2008.04.16 12:48:45.947,1.97725,1.9775,1.00,3.30
2008.04.16 12:48:46.282,1.97725,1.9775,1.00,3.30
2008.04.16 12:48:46.617,1.97725,1.9775,0.90,3.30
2008.04.16 12:48:46.952,1.97725,1.9775,0.90,3.30
2008.04.16 12:48:47.167,1.97725,1.9775,0.90,3.30
2008.04.16 12:48:47.389,1.97725,1.9775,0.90,3.30
2008.04.16 12:48:47.633,1.97725,1.9775,0.90,3.30
2008.04.16 12:48:47.858,1.97725,1.9775,0.90,3.30
2008.04.16 12:48:48.114,1.9773,1.9775,0.90,3.30
2008.04.16 12:48:48.414,1.9773,1.9775,0.90,1.70
2008.04.16 12:48:48.715,1.9773,1.9775,0.90,1.70
2008.04.16 12:48:49.016,1.9773,1.9775,0.90,1.70
2008.04.16 12:48:49.242,1.97725,1.9775,0.90,1.70
2008.04.16 12:48:49.507,1.97725,1.9775,0.90,3.30
2008.04.16 12:48:49.732,1.9773,1.9775,0.90,3.30
2008.04.16 12:48:49.957,1.9773,1.9775,0.90,1.70
2008.04.16 12:48:50.183,1.9773,1.9775,0.90,1.70
2008.04.16 12:48:50.521,1.9773,1.9775,0.90,1.70
2008.04.16 12:48:50.859,1.9773,1.9775,1.10,1.70
2008.04.16 12:48:51.194,1.9773,1.9775,1.10,1.70
2008.04.16 12:48:51.416,1.9773,1.9775,1.10,1.70
2008.04.16 12:48:51.639,1.9773,1.9775,1.10,0.80
2008.04.16 12:48:51.861,1.9773,1.9775,1.10,0.80
2008.04.16 12:48:52.115,1.9773,1.9775,0.90,0.80
2008.04.16 12:48:52.435,1.9773,1.9775,0.90,0.80
2008.04.16 12:48:52.754,1.97725,1.9775,1.00,1.70
2008.04.16 12:48:53.077,1.9773,1.9775,0.90,2.40
2008.04.16 12:48:53.320,1.9773,1.9775,0.90,0.80
2008.04.16 12:48:53.561,1.97735,1.9775,0.90,0.80
2008.04.16 12:48:53.804,1.97735,1.9775,0.90,0.80
2008.04.16 12:48:54.048,1.97735,1.9775,0.90,0.80
2008.04.16 12:48:54.324,1.9773,1.9775,1.00,0.80
2008.04.16 12:48:54.635,1.9773,1.9775,1.00,0.80
2008.04.16 12:48:54.945,1.9773,1.9775,1.00,0.80
2008.04.16 12:48:55.289,1.9773,1.9775,0.90,1.70
2008.04.16 12:48:55.523,1.9773,1.9775,0.90,1.70
2008.04.16 12:48:55.796,1.9773,1.9775,0.90,1.70
2008.04.16 12:48:56.057,1.97725,1.9775,1.00,1.70
2008.04.16 12:48:56.320,1.97725,1.9775,0.90,3.30
2008.04.16 12:48:56.576,1.9772,1.97745,1.80,0.90
2008.04.16 12:48:56.833,1.9772,1.97745,1.80,0.90
2008.04.16 12:48:57.089,1.9772,1.97745,1.80,0.90
2008.04.16 12:48:57.344,1.9772,1.97745,1.80,0.90
2008.04.16 12:48:57.620,1.9772,1.97745,1.80,0.90
2008.04.16 12:48:57.935,1.9772,1.97745,1.80,0.90
2008.04.16 12:48:58.237,1.9772,1.97745,1.80,0.90
2008.04.16 12:48:58.513,1.97725,1.97745,0.90,0.90
2008.04.16 12:48:58.740,1.97725,1.97745,0.90,0.90
2008.04.16 12:48:58.966,1.97725,1.97745,0.90,0.90
2008.04.16 12:48:59.193,1.97725,1.9775,0.90,3.30
2008.04.16 12:48:59.460,1.97725,1.9775,0.90,3.30
2008.04.16 12:48:59.692,1.9773,1.9775,0.90,3.30
2008.04.16 12:48:59.996,1.9773,1.9775,0.90,1.70
2008.04.16 12:49:00.324,1.9773,1.9775,0.90,1.70
2008.04.16 12:49:00.647,1.9773,1.9775,0.90,1.70
2008.04.16 12:49:00.886,1.9773,1.9775,0.90,1.70
2008.04.16 12:49:01.130,1.97725,1.9775,0.90,1.70
2008.04.16 12:49:01.409,1.97725,1.9775,0.90,3.30
2008.04.16 12:49:01.653,1.97725,1.9775,0.90,3.30
2008.04.16 12:49:01.959,1.97725,1.9775,0.90,3.30
2008.04.16 12:49:02.275,1.97725,1.9775,0.90,3.30
2008.04.16 12:49:02.585,1.97725,1.9775,0.90,3.30
2008.04.16 12:49:02.848,1.97725,1.9775,0.90,3.30
2008.04.16 12:49:03.120,1.97725,1.9775,0.90,3.30
2008.04.16 12:49:03.358,1.97725,1.9775,0.90,3.30
2008.04.16 12:49:03.606,1.9772,1.97745,1.80,0.90
2008.04.16 12:49:03.897,1.9772,1.97745,1.80,0.90
2008.04.16 12:49:04.213,1.9772,1.97745,1.80,0.90
2008.04.16 12:49:04.537,1.9772,1.97745,1.80,0.90
2008.04.16 12:49:04.829,1.9772,1.97745,1.70,0.90
2008.04.16 12:49:05.077,1.97725,1.9775,0.90,3.80
2008.04.16 12:49:05.322,1.97725,1.9775,0.90,3.30
2008.04.16 12:49:05.567,1.97725,1.9775,0.90,3.30
2008.04.16 12:49:05.814,1.97725,1.9775,0.90,3.30
2008.04.16 12:49:06.103,1.97725,1.9775,0.90,3.30
2008.04.16 12:49:06.388,1.97725,1.9775,0.90,3.30
2008.04.16 12:49:06.674,1.97725,1.9775,0.90,3.30
2008.04.16 12:49:06.923,1.97725,1.9775,0.90,3.30
2008.04.16 12:49:07.173,1.97725,1.9775,0.90,3.30
2008.04.16 12:49:07.424,1.97725,1.9775,0.90,3.30
2008.04.16 12:49:07.673,1.97725,1.9775,0.90,3.30
2008.04.16 12:49:07.953,1.97725,1.9775,0.90,3.30
2008.04.16 12:49:08.234,1.9772,1.97745,1.80,0.90
2008.04.16 12:49:08.515,1.9772,1.97745,1.80,0.90
2008.04.16 12:49:08.795,1.9772,1.97745,1.80,0.90
2008.04.16 12:49:09.009,1.9772,1.97745,1.80,0.90
2008.04.16 12:49:09.224,1.9772,1.97745,1.80,0.90
2008.04.16 12:49:09.439,1.9772,1.97745,1.80,0.90
2008.04.16 12:49:09.654,1.9772,1.97745,1.80,0.90
2008.04.16 12:49:09.869,1.9772,1.97745,1.70,0.90
2008.04.16 12:49:10.203,1.9772,1.97745,1.70,3.30
2008.04.16 12:49:10.582,1.9772,1.97745,1.70,3.30
2008.04.16 12:49:10.918,1.9772,1.97745,1.70,3.30
2008.04.16 12:49:11.129,1.9772,1.97745,1.70,0.90
2008.04.16 12:49:11.340,1.9772,1.97745,1.80,0.90
2008.04.16 12:49:11.553,1.9772,1.97745,1.70,0.90
2008.04.16 12:49:11.763,1.9772,1.97745,1.70,0.90
2008.04.16 12:49:11.973,1.9772,1.97745,1.70,0.90
2008.04.16 12:49:12.337,1.9772,1.97745,1.70,0.90
2008.04.16 12:49:12.673,1.9772,1.97745,1.70,0.90
2008.04.16 12:49:13.009,1.9772,1.97745,1.70,0.90
2008.04.16 12:49:13.219,1.9772,1.97745,1.70,0.90
2008.04.16 12:49:13.430,1.9772,1.97745,1.70,0.90
2008.04.16 12:49:13.640,1.9772,1.97745,1.70,0.90
2008.04.16 12:49:13.850,1.9772,1.97745,1.70,0.90
2008.04.16 12:49:14.059,1.9772,1.97745,1.70,0.90
2008.04.16 12:49:14.393,1.9772,1.97745,1.70,0.90
2008.04.16 12:49:14.728,1.9772,1.97745,1.70,0.90
2008.04.16 12:49:15.094,1.9772,1.97745,1.70,0.90
2008.04.16 12:49:15.288,1.9772,1.97745,1.70,0.90
2008.04.16 12:49:15.512,1.9772,1.97745,1.70,0.90
2008.04.16 12:49:15.737,1.9772,1.97745,1.70,0.90
2008.04.16 12:49:15.963,1.9772,1.97745,1.70,0.90
2008.04.16 12:49:16.192,1.9772,1.97745,2.00,0.90
2008.04.16 12:49:16.509,1.9772,1.97745,2.00,0.90
2008.04.16 12:49:16.825,1.9774,1.97745,0.80,0.90
2008.04.16 12:49:17.175,1.9774,1.9776,0.80,0.90
2008.04.16 12:49:17.407,1.97735,1.9776,0.90,1.70
2008.04.16 12:49:17.639,1.97735,1.9776,0.90,0.90
2008.04.16 12:49:17.871,1.97735,1.9776,0.90,0.90
2008.04.16 12:49:18.103,1.97735,1.9776,0.90,0.90
2008.04.16 12:49:18.389,1.97735,1.9776,0.90,3.00
2008.04.16 12:49:18.707,1.9773,1.97755,0.90,0.90
2008.04.16 12:49:18.993,1.9773,1.97755,0.90,6.50
2008.04.16 12:49:19.279,1.9773,1.97755,0.90,6.50
2008.04.16 12:49:19.489,1.9773,1.9775,0.90,0.90
2008.04.16 12:49:19.698,1.9773,1.9775,0.90,0.90
2008.04.16 12:49:19.909,1.9773,1.9775,0.90,0.90
2008.04.16 12:49:20.121,1.97735,1.97755,0.90,6.80
2008.04.16 12:49:20.436,1.97735,1.9775,0.90,0.80
2008.04.16 12:49:20.752,1.9774,1.9776,1.70,2.40
2008.04.16 12:49:21.067,1.9774,1.97765,1.70,11.80
2008.04.16 12:49:21.383,1.9774,1.97765,1.70,11.80
2008.04.16 12:49:21.612,1.9774,1.97765,1.70,11.80
2008.04.16 12:49:21.841,1.9774,1.97765,1.70,11.80
2008.04.16 12:49:22.071,1.9774,1.97765,1.70,11.80
2008.04.16 12:49:22.300,1.9774,1.97765,1.70,11.80
2008.04.16 12:49:22.550,1.9774,1.97765,1.70,7.80
2008.04.16 12:49:22.801,1.9774,1.97765,1.70,7.80
2008.04.16 12:49:23.050,1.9774,1.97765,1.70,7.80
2008.04.16 12:49:23.300,1.9774,1.97765,1.70,7.80
2008.04.16 12:49:23.537,1.9774,1.9776,1.70,0.20
2008.04.16 12:49:23.777,1.9774,1.9776,1.70,0.20
2008.04.16 12:49:24.044,1.9774,1.9776,1.70,0.20
2008.04.16 12:49:24.279,1.9774,1.9776,1.70,0.60
2008.04.16 12:49:24.565,1.9774,1.9776,1.70,0.60
2008.04.16 12:49:24.851,1.9774,1.9776,1.70,0.50
2008.04.16 12:49:25.137,1.9774,1.9776,1.70,0.60
2008.04.16 12:49:25.435,1.9774,1.9776,1.70,1.10
2008.04.16 12:49:25.700,1.9774,1.9776,0.80,2.00
2008.04.16 12:49:25.967,1.9774,1.9776,0.80,6.80
2008.04.16 12:49:26.234,1.97735,1.9776,0.90,7.60
2008.04.16 12:49:26.499,1.97735,1.9776,0.90,7.60
2008.04.16 12:49:26.775,1.97735,1.9776,0.90,7.70
2008.04.16 12:49:27.049,1.97735,1.9776,0.90,7.80
2008.04.16 12:49:27.355,1.9773,1.9775,1.70,0.90
2008.04.16 12:49:27.623,1.9773,1.9775,1.70,1.30
2008.04.16 12:49:27.895,1.9772,1.9774,4.80,3.30
2008.04.16 12:49:28.159,1.9772,1.97735,4.80,0.90
2008.04.16 12:49:28.460,1.9771,1.97735,1.80,0.90
2008.04.16 12:49:28.745,1.9771,1.97735,1.80,0.90
2008.04.16 12:49:29.030,1.9771,1.97735,1.80,0.90
2008.04.16 12:49:29.319,1.9771,1.97735,1.80,0.90
2008.04.16 12:49:29.604,1.9771,1.97735,1.80,0.90
2008.04.16 12:49:29.870,1.9771,1.97735,1.80,0.90
2008.04.16 12:49:30.135,1.9771,1.97735,1.70,0.90
2008.04.16 12:49:30.401,1.9771,1.97735,0.90,6.50
2008.04.16 12:49:30.666,1.977,1.97725,1.80,0.90
2008.04.16 12:49:30.930,1.977,1.97725,1.80,0.90
2008.04.16 12:49:31.196,1.977,1.97725,0.90,0.90
2008.04.16 12:49:31.461,1.977,1.97725,0.90,4.90
2008.04.16 12:49:31.697,1.97695,1.9772,0.90,0.90
2008.04.16 12:49:31.933,1.97695,1.9772,0.90,0.90
2008.04.16 12:49:32.179,1.97695,1.9772,0.90,0.90
2008.04.16 12:49:32.446,1.97695,1.9772,0.90,3.30
2008.04.16 12:49:32.726,1.977,1.9772,0.90,0.80
2008.04.16 12:49:32.982,1.977,1.9772,0.90,0.80
2008.04.16 12:49:33.228,1.977,1.9772,0.90,0.80
2008.04.16 12:49:33.473,1.977,1.9772,0.90,0.80
2008.04.16 12:49:33.711,1.977,1.9772,0.90,0.80
2008.04.16 12:49:33.945,1.977,1.9772,0.90,0.80
2008.04.16 12:49:34.180,1.977,1.9772,0.90,0.80
2008.04.16 12:49:34.418,1.977,1.9772,0.90,0.80
2008.04.16 12:49:34.670,1.977,1.9772,0.90,0.80
2008.04.16 12:49:34.973,1.977,1.9772,0.90,1.20
2008.04.16 12:49:35.308,1.977,1.9772,0.90,1.20
2008.04.16 12:49:35.616,1.977,1.9772,0.90,1.20
2008.04.16 12:49:35.835,1.977,1.9772,0.90,1.20
2008.04.16 12:49:36.066,1.977,1.9772,0.90,1.20
2008.04.16 12:49:36.218,1.977,1.9772,0.90,1.20
2008.04.16 12:49:36.434,1.977,1.9772,1.70,0.60
2008.04.16 12:49:36.662,1.977,1.9772,1.70,0.60
2008.04.16 12:49:36.997,1.977,1.97725,1.70,7.80
2008.04.16 12:49:37.334,1.977,1.97725,1.70,7.80
2008.04.16 12:49:37.669,1.977,1.97725,1.70,7.80
2008.04.16 12:49:37.898,1.977,1.97725,1.70,7.80
2008.04.16 12:49:38.121,1.977,1.97725,1.70,7.80
2008.04.16 12:49:38.346,1.977,1.97725,1.70,7.80
2008.04.16 12:49:38.570,1.977,1.97725,1.70,7.80
2008.04.16 12:49:38.795,1.977,1.97725,1.70,7.80
2008.04.16 12:49:39.090,1.977,1.97725,1.70,7.80
2008.04.16 12:49:39.386,1.977,1.97725,1.70,7.80
2008.04.16 12:49:39.620,1.977,1.97725,1.70,7.80
2008.04.16 12:49:39.885,1.977,1.97725,1.70,7.80
2008.04.16 12:49:40.109,1.977,1.97725,1.70,7.80
2008.04.16 12:49:40.333,1.977,1.97725,1.70,7.80
2008.04.16 12:49:40.558,1.977,1.97725,1.70,7.80
2008.04.16 12:49:40.815,1.977,1.97725,1.70,7.80
2008.04.16 12:49:41.053,1.977,1.97725,1.70,7.80
2008.04.16 12:49:41.323,1.977,1.97725,1.70,7.80
2008.04.16 12:49:41.593,1.977,1.97725,1.70,7.80
2008.04.16 12:49:41.863,1.977,1.97725,1.70,7.80
2008.04.16 12:49:42.117,1.977,1.97725,1.70,7.80
2008.04.16 12:49:42.391,1.977,1.97725,1.70,7.80
2008.04.16 12:49:42.649,1.977,1.97725,1.70,7.80
2008.04.16 12:49:42.935,1.977,1.97725,1.70,7.80
2008.04.16 12:49:43.190,1.977,1.97725,1.70,7.80
2008.04.16 12:49:43.444,1.977,1.97725,1.70,7.80
2008.04.16 12:49:43.698,1.977,1.97725,1.70,7.80
2008.04.16 12:49:43.953,1.977,1.97725,1.70,7.80
2008.04.16 12:49:44.218,1.977,1.97725,1.70,7.80
2008.04.16 12:49:44.422,1.977,1.97725,1.70,7.80
2008.04.16 12:49:44.657,1.977,1.97725,1.70,7.80
2008.04.16 12:49:44.892,1.977,1.97725,1.70,7.80
2008.04.16 12:49:45.106,1.977,1.97725,1.70,7.80
2008.04.16 12:49:45.356,1.977,1.97725,1.70,7.80
2008.04.16 12:49:45.610,1.977,1.97725,1.70,7.80
2008.04.16 12:49:45.858,1.977,1.97725,1.70,7.80
2008.04.16 12:49:46.134,1.977,1.97725,1.70,7.80
2008.04.16 12:49:46.413,1.9771,1.97725,1.80,1.60
2008.04.16 12:49:46.692,1.97715,1.9773,0.90,0.80
2008.04.16 12:49:47.000,1.97715,1.9774,0.90,7.00
2008.04.16 12:49:47.275,1.97705,1.9773,7.30,1.70
2008.04.16 12:49:47.544,1.97705,1.9773,3.30,1.70
2008.04.16 12:49:47.815,1.9771,1.9773,0.90,1.70
2008.04.16 12:49:48.086,1.9771,1.9773,0.90,1.70
2008.04.16 12:49:48.363,1.9771,1.9773,0.90,1.70
2008.04.16 12:49:48.638,1.9771,1.9773,0.90,1.70
2008.04.16 12:49:48.912,1.9771,1.9773,0.90,1.70
2008.04.16 12:49:49.139,1.9771,1.9773,0.90,1.70
2008.04.16 12:49:49.371,1.9771,1.9773,0.90,1.70
2008.04.16 12:49:49.571,1.9771,1.9773,0.90,0.80
2008.04.16 12:49:49.772,1.97705,1.9773,2.50,1.70
2008.04.16 12:49:49.973,1.97705,1.9773,0.90,0.90
2008.04.16 12:49:50.284,1.97705,1.9773,0.90,0.90
2008.04.16 12:49:50.595,1.97705,1.9773,0.90,0.90
2008.04.16 12:49:50.906,1.97705,1.9773,0.90,0.90
2008.04.16 12:49:51.152,1.97705,1.9773,0.90,0.90
2008.04.16 12:49:51.406,1.97705,1.9773,0.90,0.90
2008.04.16 12:49:51.580,1.97705,1.9773,0.90,0.90
2008.04.16 12:49:51.794,1.97705,1.9773,0.90,0.90
2008.04.16 12:49:52.009,1.97705,1.9773,0.90,0.90
2008.04.16 12:49:52.280,1.9771,1.97735,0.90,2.50
2008.04.16 12:49:52.550,1.9771,1.97735,0.90,2.50
2008.04.16 12:49:52.822,1.97715,1.97735,0.90,0.90
2008.04.16 12:49:53.092,1.97715,1.97735,0.90,0.90
2008.04.16 12:49:53.363,1.97715,1.9774,0.90,2.50
2008.04.16 12:49:53.634,1.9772,1.9774,0.90,1.60
2008.04.16 12:49:53.904,1.9772,1.97745,1.00,3.30
2008.04.16 12:49:54.175,1.9772,1.97745,1.80,3.30
2008.04.16 12:49:54.430,1.9772,1.97745,1.80,0.90
2008.04.16 12:49:54.686,1.9772,1.97745,1.80,0.90
2008.04.16 12:49:54.941,1.9772,1.97745,1.80,0.90
2008.04.16 12:49:55.197,1.9772,1.97745,1.80,0.90
2008.04.16 12:49:55.447,1.9772,1.97745,1.80,0.90
2008.04.16 12:49:55.699,1.9772,1.97745,1.80,7.30
2008.04.16 12:49:55.951,1.9772,1.9774,0.90,2.40
2008.04.16 12:49:56.203,1.97715,1.9774,2.60,2.50
2008.04.16 12:49:56.479,1.97715,1.9774,0.90,2.50
2008.04.16 12:49:56.754,1.97715,1.97735,0.90,0.90
2008.04.16 12:49:57.031,1.97715,1.97735,0.90,0.90
2008.04.16 12:49:57.292,1.9771,1.97735,0.90,0.90
2008.04.16 12:49:57.553,1.9771,1.97735,0.90,2.50
2008.04.16 12:49:57.812,1.9771,1.97735,0.90,2.50
2008.04.16 12:49:58.075,1.9771,1.97735,0.90,2.50
2008.04.16 12:49:58.320,1.9771,1.97735,1.70,2.50
2008.04.16 12:49:58.565,1.9771,1.97735,1.70,0.90
2008.04.16 12:49:58.810,1.9771,1.97735,1.70,0.90
2008.04.16 12:49:59.055,1.9771,1.97735,1.70,0.90
2008.04.16 12:49:59.299,1.9771,1.97735,1.70,0.90
2008.04.16 12:49:59.545,1.9771,1.97735,1.70,0.90
2008.04.16 12:49:59.817,1.97725,1.9774,0.90,2.80
2008.04.16 12:50:00.067,1.97725,1.9774,0.90,0.80
2008.04.16 12:50:00.325,1.97715,1.9774,1.70,2.20
2008.04.16 12:50:00.616,1.97715,1.9774,0.90,3.80
2008.04.16 12:50:00.875,1.97715,1.9774,0.90,3.80
2008.04.16 12:50:01.131,1.97715,1.9774,0.90,3.80
2008.04.16 12:50:01.440,1.9771,1.97735,1.80,0.90
2008.04.16 12:50:01.743,1.9771,1.97735,1.80,0.90
2008.04.16 12:50:02.086,1.9771,1.97735,1.70,0.90
2008.04.16 12:50:02.359,1.97715,1.9774,0.90,3.80
2008.04.16 12:50:02.620,1.97715,1.9774,0.90,3.30
2008.04.16 12:50:02.882,1.97715,1.9774,0.90,2.50
2008.04.16 12:50:03.145,1.9772,1.97745,0.90,4.10
2008.04.16 12:50:03.418,1.9772,1.97745,0.90,2.50
2008.04.16 12:50:03.668,1.97725,1.97745,0.90,1.60
2008.04.16 12:50:03.951,1.97725,1.97745,0.90,1.60
2008.04.16 12:50:04.235,1.97725,1.9775,0.90,2.50
2008.04.16 12:50:04.529,1.97725,1.9775,0.90,2.50
2008.04.16 12:50:04.825,1.97725,1.9775,0.90,2.50
2008.04.16 12:50:05.091,1.97725,1.9775,0.90,2.50
2008.04.16 12:50:05.390,1.97725,1.9775,0.90,2.50
2008.04.16 12:50:05.665,1.97725,1.97745,0.90,0.90
2008.04.16 12:50:05.913,1.97725,1.97745,0.90,0.90
2008.04.16 12:50:06.161,1.9772,1.97745,0.90,0.90
2008.04.16 12:50:06.421,1.9772,1.97745,0.90,0.90
2008.04.16 12:50:06.676,1.97715,1.9774,2.50,0.90
2008.04.16 12:50:06.933,1.97715,1.9774,0.90,0.90
2008.04.16 12:50:07.188,1.97715,1.9774,0.90,0.90
2008.04.16 12:50:07.459,1.97715,1.9774,0.90,2.50
2008.04.16 12:50:07.729,1.97715,1.9774,0.90,3.30
2008.04.16 12:50:08.000,1.97715,1.9774,0.90,3.30
2008.04.16 12:50:08.269,1.97715,1.9774,0.90,3.30
2008.04.16 12:50:08.481,1.97715,1.9774,0.90,3.30
2008.04.16 12:50:08.690,1.97715,1.9774,0.90,3.30
2008.04.16 12:50:08.900,1.97715,1.9774,0.90,3.30
2008.04.16 12:50:09.133,1.97715,1.9774,0.90,3.30
2008.04.16 12:50:09.375,1.97715,1.9774,0.90,3.30
2008.04.16 12:50:09.629,1.97715,1.9774,0.90,3.30
2008.04.16 12:50:09.883,1.97715,1.9774,0.90,3.30
2008.04.16 12:50:10.140,1.97715,1.9774,0.90,3.30
2008.04.16 12:50:10.395,1.97715,1.9774,0.90,3.30
2008.04.16 12:50:10.607,1.9771,1.9773,0.80,1.00
2008.04.16 12:50:10.818,1.9771,1.9773,0.80,1.00
2008.04.16 12:50:11.029,1.97705,1.9773,5.00,4.10
2008.04.16 12:50:11.258,1.9771,1.9773,0.90,3.20
2008.04.16 12:50:11.520,1.9771,1.97735,1.70,3.30
2008.04.16 12:50:11.780,1.9771,1.97735,1.70,0.90
2008.04.16 12:50:12.040,1.9771,1.97735,1.70,0.90
2008.04.16 12:50:12.302,1.9772,1.97735,0.90,2.40
2008.04.16 12:50:12.558,1.9772,1.97735,0.90,2.40
2008.04.16 12:50:12.815,1.97715,1.97735,0.90,2.40
2008.04.16 12:50:13.091,1.9772,1.9774,0.90,4.10
2008.04.16 12:50:13.379,1.9772,1.9774,0.90,3.60
2008.04.16 12:50:13.648,1.9772,1.9774,0.90,0.80
2008.04.16 12:50:13.917,1.9772,1.9774,0.90,1.20
2008.04.16 12:50:14.184,1.9772,1.9774,0.90,1.20
2008.04.16 12:50:14.462,1.9772,1.9774,0.90,0.80
2008.04.16 12:50:14.783,1.9772,1.9774,0.90,0.80
2008.04.16 12:50:15.110,1.9772,1.9774,0.90,0.80
2008.04.16 12:50:15.400,1.9772,1.9774,0.90,0.80
2008.04.16 12:50:15.651,1.9772,1.9774,0.90,0.80
2008.04.16 12:50:15.872,1.9772,1.9774,0.90,0.80
2008.04.16 12:50:16.093,1.9772,1.9774,0.90,0.80
2008.04.16 12:50:16.318,1.9772,1.9774,0.90,1.70
2008.04.16 12:50:16.662,1.9772,1.9774,0.90,1.70
2008.04.16 12:50:16.972,1.9772,1.9774,0.90,1.70
2008.04.16 12:50:17.282,1.9772,1.9774,0.90,1.70
2008.04.16 12:50:17.592,1.9772,1.9774,0.90,1.70
2008.04.16 12:50:17.860,1.9772,1.9774,0.90,0.80
2008.04.16 12:50:18.164,1.9772,1.9774,0.90,0.80
2008.04.16 12:50:18.433,1.97725,1.9775,0.90,3.80
2008.04.16 12:50:18.704,1.97725,1.9775,0.90,3.80
2008.04.16 12:50:18.977,1.97725,1.9775,2.50,0.90
2008.04.16 12:50:19.247,1.9772,1.97745,1.70,0.90
2008.04.16 12:50:19.518,1.9772,1.97745,0.90,0.90
2008.04.16 12:50:19.801,1.97735,1.97745,0.90,2.40
2008.04.16 12:50:20.083,1.97735,1.9775,0.90,0.80
2008.04.16 12:50:20.362,1.97735,1.97755,0.90,2.80
2008.04.16 12:50:20.643,1.97735,1.97755,0.90,0.60
2008.04.16 12:50:20.878,1.97725,1.9775,0.90,0.90
2008.04.16 12:50:21.113,1.97725,1.9775,0.90,0.90
2008.04.16 12:50:21.349,1.9772,1.97745,1.70,0.90
2008.04.16 12:50:21.598,1.9772,1.97745,1.80,0.90
2008.04.16 12:50:21.884,1.9772,1.9774,1.80,0.40
2008.04.16 12:50:22.170,1.9772,1.9774,1.80,0.40
2008.04.16 12:50:22.457,1.97735,1.9775,0.90,2.40
2008.04.16 12:50:22.779,1.97735,1.9775,0.90,0.80
2008.04.16 12:50:23.064,1.97735,1.97755,0.90,4.00
2008.04.16 12:50:23.355,1.9774,1.9776,0.90,0.80
2008.04.16 12:50:23.646,1.9774,1.9776,0.90,0.80
2008.04.16 12:50:23.887,1.9774,1.9776,0.90,0.80
2008.04.16 12:50:24.128,1.9774,1.9776,0.90,0.80
2008.04.16 12:50:24.367,1.9774,1.9776,0.90,0.80
2008.04.16 12:50:24.608,1.9774,1.9776,0.90,0.80
2008.04.16 12:50:24.892,1.9774,1.9776,0.90,0.80
2008.04.16 12:50:25.176,1.9774,1.9776,0.90,0.80
2008.04.16 12:50:25.460,1.9774,1.9776,0.90,0.80
2008.04.16 12:50:25.746,1.9774,1.9776,0.90,0.80
2008.04.16 12:50:26.025,1.9774,1.9776,0.90,0.80
2008.04.16 12:50:26.306,1.9774,1.9776,0.90,0.80
2008.04.16 12:50:26.585,1.9774,1.9776,0.90,0.80
2008.04.16 12:50:26.865,1.9774,1.9776,0.90,0.80
2008.04.16 12:50:27.132,1.9774,1.9776,0.90,0.80
2008.04.16 12:50:27.397,1.9774,1.9776,0.90,0.80
2008.04.16 12:50:27.662,1.9774,1.9776,0.90,0.80
2008.04.16 12:50:27.929,1.9774,1.9776,0.90,0.80
2008.04.16 12:50:28.201,1.9774,1.9776,0.90,0.80
2008.04.16 12:50:28.443,1.9774,1.9776,0.90,0.80
2008.04.16 12:50:28.684,1.9774,1.9776,0.90,0.90
2008.04.16 12:50:28.975,1.9774,1.9776,0.90,0.90
2008.04.16 12:50:29.267,1.9774,1.9776,0.90,0.90
2008.04.16 12:50:29.556,1.9774,1.9776,0.90,0.90
2008.04.16 12:50:29.846,1.9774,1.9776,0.90,0.90
2008.04.16 12:50:30.121,1.9774,1.9776,0.90,0.80
2008.04.16 12:50:30.397,1.9774,1.9776,0.90,0.80
2008.04.16 12:50:30.672,1.9774,1.9776,0.90,0.80
2008.04.16 12:50:30.970,1.9774,1.9776,0.90,0.80
2008.04.16 12:50:31.235,1.9774,1.9776,0.90,0.80
2008.04.16 12:50:31.500,1.9774,1.9776,0.90,0.80
2008.04.16 12:50:31.764,1.9774,1.9776,0.90,0.80
2008.04.16 12:50:32.048,1.9774,1.9776,0.90,0.80
2008.04.16 12:50:32.333,1.9774,1.9776,0.90,0.80
2008.04.16 12:50:32.618,1.9774,1.9776,0.90,0.80
2008.04.16 12:50:32.903,1.9774,1.9776,0.90,0.80
2008.04.16 12:50:33.162,1.9774,1.9776,0.90,0.80
2008.04.16 12:50:33.424,1.9774,1.9776,0.90,0.80
2008.04.16 12:50:33.683,1.9774,1.9776,0.90,0.80
2008.04.16 12:50:33.958,1.9774,1.9776,0.90,0.80
2008.04.16 12:50:34.233,1.9774,1.9776,0.90,0.80
2008.04.16 12:50:34.508,1.9774,1.9776,0.90,0.80
2008.04.16 12:50:34.784,1.9774,1.9776,0.90,0.80
2008.04.16 12:50:35.049,1.9774,1.9776,0.90,0.80
2008.04.16 12:50:35.314,1.9774,1.9776,0.90,0.80
2008.04.16 12:50:35.578,1.9774,1.9776,0.90,0.80
2008.04.16 12:50:35.843,1.9774,1.9776,0.90,0.80
2008.04.16 12:50:36.105,1.9774,1.9776,0.90,0.80
2008.04.16 12:50:36.366,1.9774,1.9776,0.90,0.80
2008.04.16 12:50:36.659,1.9774,1.9776,0.90,0.80
2008.04.16 12:50:36.887,1.9774,1.9776,0.90,0.80
2008.04.16 12:50:37.123,1.9774,1.9776,0.90,0.80
2008.04.16 12:50:37.358,1.9774,1.9776,0.90,0.80
2008.04.16 12:50:37.594,1.9774,1.9776,0.90,0.80
2008.04.16 12:50:37.829,1.9774,1.9776,0.90,0.80
2008.04.16 12:50:38.100,1.9774,1.9776,0.90,0.80
2008.04.16 12:50:38.392,1.9774,1.9776,0.90,0.80
2008.04.16 12:50:38.693,1.9774,1.9776,0.90,0.80
2008.04.16 12:50:38.996,1.9774,1.9776,0.90,0.80
2008.04.16 12:50:39.295,1.9774,1.9776,0.90,0.80
2008.04.16 12:50:39.600,1.9774,1.9776,0.90,0.80
2008.04.16 12:50:39.870,1.9774,1.9776,0.90,0.80
2008.04.16 12:50:40.100,1.9774,1.9776,0.90,0.80
2008.04.16 12:50:40.330,1.9774,1.9776,0.90,0.80
2008.04.16 12:50:40.595,1.9774,1.9776,0.90,0.80
2008.04.16 12:50:40.826,1.9774,1.9776,0.90,0.80
2008.04.16 12:50:41.125,1.9774,1.9776,0.90,0.80
2008.04.16 12:50:41.424,1.9774,1.9776,0.90,0.80
2008.04.16 12:50:41.725,1.9774,1.9776,0.90,0.80
2008.04.16 12:50:42.025,1.9774,1.9776,0.90,0.80
2008.04.16 12:50:42.285,1.9774,1.9776,0.90,0.80
2008.04.16 12:50:42.546,1.9774,1.9776,0.90,0.80
2008.04.16 12:50:42.806,1.9774,1.9776,0.90,0.80
2008.04.16 12:50:43.066,1.9774,1.9776,0.90,0.80
2008.04.16 12:50:43.315,1.9774,1.9776,0.90,0.80
2008.04.16 12:50:43.597,1.9774,1.9776,0.90,0.80
2008.04.16 12:50:43.814,1.9774,1.9776,0.90,0.80
2008.04.16 12:50:44.064,1.9774,1.9776,0.90,0.80
2008.04.16 12:50:44.304,1.9774,1.9776,0.90,0.80
2008.04.16 12:50:44.544,1.9774,1.9776,0.90,0.80
2008.04.16 12:50:44.784,1.9774,1.9776,0.90,0.80
2008.04.16 12:50:45.023,1.9774,1.9776,0.90,0.80
2008.04.16 12:50:45.287,1.9774,1.9776,0.90,0.80
2008.04.16 12:50:45.553,1.9774,1.97765,1.70,5.70
2008.04.16 12:50:45.817,1.9774,1.97765,1.70,5.70
2008.04.16 12:50:46.083,1.9774,1.97765,1.70,5.70
2008.04.16 12:50:46.361,1.9774,1.97765,1.70,5.70
2008.04.16 12:50:46.672,1.9774,1.97765,1.70,5.70
2008.04.16 12:50:46.977,1.9774,1.97765,1.70,5.70
2008.04.16 12:50:47.235,1.9774,1.97765,1.70,5.70
2008.04.16 12:50:47.488,1.9774,1.97765,1.70,5.70
2008.04.16 12:50:47.756,1.9774,1.97765,1.70,5.70
2008.04.16 12:50:48.019,1.9774,1.97765,1.70,5.70
2008.04.16 12:50:48.313,1.9774,1.97765,1.70,5.70
2008.04.16 12:50:48.604,1.9774,1.97765,1.70,5.70
2008.04.16 12:50:48.896,1.9774,1.97765,1.70,5.70
2008.04.16 12:50:49.186,1.9774,1.97765,1.70,5.70
2008.04.16 12:50:49.470,1.9774,1.97765,1.70,5.70
2008.04.16 12:50:49.755,1.9774,1.97765,1.70,5.70
2008.04.16 12:50:50.069,1.9774,1.97765,1.70,5.70
2008.04.16 12:50:50.290,1.9774,1.97765,1.70,5.70
2008.04.16 12:50:50.511,1.9774,1.97765,1.70,5.70
2008.04.16 12:50:50.734,1.9774,1.97765,1.70,5.70
2008.04.16 12:50:50.986,1.97745,1.97765,0.90,4.80
2008.04.16 12:50:51.237,1.97745,1.9777,0.90,3.30
2008.04.16 12:50:51.502,1.97755,1.9777,0.90,0.80
2008.04.16 12:50:51.765,1.97755,1.97775,0.90,2.40
2008.04.16 12:50:52.026,1.97755,1.97775,0.90,4.00
2008.04.16 12:50:52.289,1.97755,1.9778,0.90,5.40
2008.04.16 12:50:52.614,1.97755,1.9778,0.90,4.60
2008.04.16 12:50:52.903,1.97755,1.9778,0.90,4.60
2008.04.16 12:50:53.195,1.97755,1.9778,0.90,4.60
2008.04.16 12:50:53.457,1.97755,1.9778,0.90,4.10
2008.04.16 12:50:53.751,1.97755,1.9778,0.90,4.10
2008.04.16 12:50:54.012,1.97755,1.9778,0.90,4.10
2008.04.16 12:50:54.274,1.97755,1.9778,0.90,4.10
2008.04.16 12:50:54.575,1.9776,1.9778,0.60,4.10
2008.04.16 12:50:54.902,1.9776,1.9778,0.50,4.10
2008.04.16 12:50:55.204,1.9776,1.9778,0.50,4.10
2008.04.16 12:50:55.474,1.9776,1.9778,7.70,3.30
2008.04.16 12:50:55.737,1.9776,1.9778,8.70,1.60
2008.04.16 12:50:56.003,1.9776,1.9778,9.10,1.60
2008.04.16 12:50:56.299,1.9776,1.97785,9.10,5.70
2008.04.16 12:50:56.575,1.9776,1.97785,9.10,5.70
2008.04.16 12:50:56.849,1.9776,1.97785,9.10,5.70
2008.04.16 12:50:57.126,1.9776,1.97785,9.30,5.70
2008.04.16 12:50:57.433,1.9776,1.97785,9.20,5.70
2008.04.16 12:50:57.728,1.9776,1.97785,8.90,5.70
2008.04.16 12:50:58.024,1.9776,1.97785,9.20,5.70
2008.04.16 12:50:58.318,1.9776,1.97785,9.20,5.70
2008.04.16 12:50:58.589,1.9777,1.97785,0.30,5.70
2008.04.16 12:50:58.850,1.9777,1.97785,0.50,5.70
2008.04.16 12:50:59.145,1.9777,1.97785,0.60,5.70
2008.04.16 12:50:59.405,1.97765,1.97785,4.00,4.90
2008.04.16 12:50:59.691,1.9777,1.97785,0.50,5.70
2008.04.16 12:50:59.976,1.97765,1.97785,4.00,5.70
2008.04.16 12:51:00.261,1.97765,1.97785,4.00,5.70
2008.04.16 12:51:00.568,1.9776,1.97785,9.30,5.70
2008.04.16 12:51:00.837,1.9776,1.97785,9.30,5.70
2008.04.16 12:51:01.110,1.9776,1.97785,9.30,5.70
2008.04.16 12:51:01.380,1.9776,1.97785,9.30,5.70
2008.04.16 12:51:01.674,1.9776,1.97785,11.40,5.70
2008.04.16 12:51:02.000,1.9776,1.97785,11.00,5.70
2008.04.16 12:51:02.295,1.9776,1.97785,8.50,5.70
2008.04.16 12:51:02.592,1.9776,1.97785,8.40,5.70
2008.04.16 12:51:02.852,1.9776,1.97785,8.40,5.70
2008.04.16 12:51:03.112,1.9776,1.97785,8.10,5.70
2008.04.16 12:51:03.372,1.9776,1.97785,8.10,5.70
2008.04.16 12:51:03.633,1.9776,1.97785,8.30,5.70
2008.04.16 12:51:03.891,1.9776,1.97785,8.10,5.70
2008.04.16 12:51:04.185,1.9776,1.97785,8.10,5.70
2008.04.16 12:51:04.451,1.9777,1.97785,0.90,4.80
2008.04.16 12:51:04.741,1.9777,1.97795,1.70,11.80
2008.04.16 12:51:05.031,1.9777,1.97795,1.70,11.80
2008.04.16 12:51:05.324,1.9777,1.97795,1.70,11.80
2008.04.16 12:51:05.617,1.9777,1.97795,1.70,11.80
2008.04.16 12:51:05.908,1.9777,1.97785,0.80,0.90
2008.04.16 12:51:06.200,1.9776,1.97785,1.70,0.90
2008.04.16 12:51:06.490,1.9776,1.97785,1.70,0.90
2008.04.16 12:51:06.740,1.9776,1.97785,1.70,9.70
2008.04.16 12:51:07.026,1.9776,1.97785,1.70,11.80
2008.04.16 12:51:07.242,1.97775,1.97785,0.90,10.80
2008.04.16 12:51:07.493,1.97775,1.97785,0.90,4.80
2008.04.16 12:51:07.789,1.9778,1.97795,0.90,2.40
2008.04.16 12:51:08.085,1.9778,1.97805,1.70,9.70
2008.04.16 12:51:08.381,1.97785,1.97805,0.90,4.80
2008.04.16 12:51:08.714,1.9779,1.97805,0.20,2.40
2008.04.16 12:51:08.964,1.9779,1.9781,0.90,2.00
2008.04.16 12:51:09.213,1.9779,1.9781,0.90,0.60
2008.04.16 12:51:09.457,1.9779,1.97815,0.90,2.50
2008.04.16 12:51:09.743,1.9779,1.97815,0.90,2.50
2008.04.16 12:51:10.029,1.97795,1.97815,0.90,0.90
2008.04.16 12:51:10.314,1.97795,1.9782,0.90,2.50
2008.04.16 12:51:10.600,1.97795,1.9782,0.90,0.90
2008.04.16 12:51:10.847,1.978,1.97825,0.90,4.60
2008.04.16 12:51:11.124,1.978,1.97825,0.90,2.50
2008.04.16 12:51:11.363,1.97805,1.97825,0.90,1.60
2008.04.16 12:51:11.610,1.97805,1.9783,0.90,2.50
2008.04.16 12:51:11.902,1.97795,1.9781,1.60,0.90
2008.04.16 12:51:12.192,1.97785,1.9781,1.00,4.10
2008.04.16 12:51:12.513,1.97795,1.9781,0.90,2.40
2008.04.16 12:51:12.804,1.97795,1.9782,0.90,2.50
2008.04.16 12:51:13.049,1.97795,1.9782,0.90,2.50
2008.04.16 12:51:13.295,1.97795,1.9782,0.90,2.50
2008.04.16 12:51:13.540,1.97795,1.9782,0.90,2.50
2008.04.16 12:51:13.785,1.97795,1.97815,0.90,0.90
2008.04.16 12:51:14.117,1.97795,1.97815,0.90,0.90
2008.04.16 12:51:14.418,1.97795,1.9782,0.90,2.70
2008.04.16 12:51:14.717,1.9779,1.97815,1.00,0.90
2008.04.16 12:51:14.957,1.9779,1.97815,1.80,0.90
2008.04.16 12:51:15.197,1.9779,1.97815,1.80,0.90
2008.04.16 12:51:15.438,1.9779,1.97815,0.90,2.50
2008.04.16 12:51:15.678,1.9779,1.97815,0.90,4.10
2008.04.16 12:51:15.908,1.9779,1.97815,0.90,4.10
2008.04.16 12:51:16.139,1.9779,1.97815,0.90,4.10
2008.04.16 12:51:16.377,1.9779,1.97815,0.90,4.10
2008.04.16 12:51:16.611,1.9779,1.97815,4.80,4.10
2008.04.16 12:51:16.874,1.9779,1.97815,0.90,4.10
2008.04.16 12:51:17.135,1.9779,1.97815,0.90,4.10
2008.04.16 12:51:17.395,1.9779,1.97815,0.90,4.10
2008.04.16 12:51:17.655,1.9779,1.97815,0.90,4.10
2008.04.16 12:51:17.925,1.9779,1.97815,0.90,4.10
2008.04.16 12:51:18.206,1.9779,1.97815,0.90,4.10
2008.04.16 12:51:18.497,1.9779,1.97815,0.90,4.10
2008.04.16 12:51:18.769,1.9779,1.97815,0.90,4.10
2008.04.16 12:51:19.026,1.9779,1.97815,0.90,2.50
2008.04.16 12:51:19.306,1.9779,1.97815,0.90,2.50
2008.04.16 12:51:19.601,1.9779,1.97815,0.90,2.50
2008.04.16 12:51:19.888,1.9779,1.97815,0.90,2.50
2008.04.16 12:51:20.113,1.9779,1.97815,0.90,2.50
2008.04.16 12:51:20.368,1.9779,1.97815,0.90,2.50
2008.04.16 12:51:20.624,1.9779,1.97815,0.90,2.50
2008.04.16 12:51:20.915,1.9779,1.97815,0.90,2.50
2008.04.16 12:51:21.141,1.9779,1.97815,0.90,2.50
2008.04.16 12:51:21.398,1.9779,1.97815,0.90,2.50
2008.04.16 12:51:21.618,1.9779,1.97815,0.90,2.50
2008.04.16 12:51:21.839,1.9779,1.97815,0.90,2.50
2008.04.16 12:51:22.060,1.9779,1.97815,0.90,2.50
2008.04.16 12:51:22.373,1.9779,1.97815,0.90,2.50
2008.04.16 12:51:22.654,1.9779,1.97815,0.90,4.90
2008.04.16 12:51:22.934,1.97785,1.9781,0.90,0.90
2008.04.16 12:51:23.230,1.97785,1.9781,0.90,0.90
2008.04.16 12:51:23.524,1.97785,1.9781,0.90,3.00
2008.04.16 12:51:23.819,1.9778,1.97805,4.90,0.90
2008.04.16 12:51:24.116,1.9778,1.97805,1.70,0.90
2008.04.16 12:51:24.362,1.9778,1.97805,1.70,0.90
2008.04.16 12:51:24.606,1.9778,1.97805,1.70,0.90
2008.04.16 12:51:24.851,1.9778,1.97805,1.70,0.90
2008.04.16 12:51:25.096,1.9778,1.97805,1.70,0.90
2008.04.16 12:51:25.372,1.9778,1.97805,1.70,0.90
2008.04.16 12:51:25.646,1.9778,1.97805,1.70,0.90
2008.04.16 12:51:25.921,1.9778,1.97805,1.70,0.90
2008.04.16 12:51:26.196,1.9778,1.97805,1.70,0.90
2008.04.16 12:51:26.446,1.9778,1.97805,1.70,0.90
2008.04.16 12:51:26.695,1.9778,1.97805,1.70,0.90
2008.04.16 12:51:26.944,1.9778,1.97805,1.70,0.90
2008.04.16 12:51:27.216,1.9778,1.97805,1.70,0.90
2008.04.16 12:51:27.524,1.9778,1.97805,1.70,0.90
2008.04.16 12:51:27.798,1.9778,1.97805,1.70,0.90
2008.04.16 12:51:28.081,1.9778,1.97805,1.70,0.90
2008.04.16 12:51:28.297,1.9778,1.97805,1.70,0.90
2008.04.16 12:51:28.543,1.9778,1.97805,1.70,0.90
2008.04.16 12:51:28.760,1.9778,1.97805,1.70,0.90
2008.04.16 12:51:28.975,1.9778,1.97805,1.70,3.30
2008.04.16 12:51:29.285,1.9778,1.97805,1.70,3.30
2008.04.16 12:51:29.595,1.9778,1.97805,1.70,3.30
2008.04.16 12:51:29.907,1.9778,1.97805,1.70,3.30
2008.04.16 12:51:30.219,1.9778,1.97805,1.70,3.30
2008.04.16 12:51:30.478,1.9778,1.97805,1.70,3.30
2008.04.16 12:51:30.740,1.9778,1.97805,1.70,3.30
2008.04.16 12:51:31.001,1.9778,1.97805,1.70,3.30
2008.04.16 12:51:31.260,1.9778,1.97805,1.70,3.30
2008.04.16 12:51:31.536,1.9778,1.97805,1.70,5.40
2008.04.16 12:51:31.811,1.9778,1.97805,1.70,6.20
2008.04.16 12:51:32.087,1.9778,1.97805,1.70,6.20
2008.04.16 12:51:32.376,1.9778,1.97805,1.70,6.20
2008.04.16 12:51:32.666,1.9778,1.97805,1.70,4.60
2008.04.16 12:51:32.956,1.9778,1.97805,1.70,3.30
2008.04.16 12:51:33.246,1.9778,1.97805,1.70,3.30
2008.04.16 12:51:33.475,1.9778,1.97805,1.70,3.30
2008.04.16 12:51:33.704,1.9778,1.97805,1.70,3.30
2008.04.16 12:51:33.934,1.9778,1.97805,1.70,3.30
2008.04.16 12:51:34.164,1.9778,1.97805,1.70,3.30
2008.04.16 12:51:34.439,1.9778,1.97805,1.70,3.30
2008.04.16 12:51:34.709,1.9778,1.97805,1.70,3.30
2008.04.16 12:51:34.978,1.9778,1.97805,1.70,3.30
2008.04.16 12:51:35.248,1.9778,1.97805,1.70,3.30
2008.04.16 12:51:35.498,1.97785,1.97805,0.90,2.40
2008.04.16 12:51:35.747,1.97785,1.97805,0.90,2.40
2008.04.16 12:51:35.998,1.9778,1.97805,1.70,5.70
2008.04.16 12:51:36.266,1.9778,1.97805,1.70,5.70
2008.04.16 12:51:36.545,1.9778,1.97805,1.70,4.90
2008.04.16 12:51:36.825,1.9778,1.97805,1.70,4.90
2008.04.16 12:51:37.105,1.9778,1.97805,1.70,4.90
2008.04.16 12:51:37.386,1.9778,1.97805,1.70,5.70
2008.04.16 12:51:37.652,1.9778,1.97805,2.00,4.90
2008.04.16 12:51:37.917,1.9778,1.97805,2.30,4.90
2008.04.16 12:51:38.182,1.9778,1.97805,2.40,4.90
2008.04.16 12:51:38.453,1.9779,1.97805,0.90,1.60
2008.04.16 12:51:38.737,1.9779,1.9781,0.90,1.70
2008.04.16 12:51:39.009,1.9779,1.9781,0.90,1.70
2008.04.16 12:51:39.280,1.9779,1.9781,0.90,1.70
2008.04.16 12:51:39.562,1.9779,1.97815,0.90,2.50
2008.04.16 12:51:39.843,1.97785,1.9781,2.50,0.90
2008.04.16 12:51:40.153,1.97785,1.9781,0.90,0.90
2008.04.16 12:51:40.436,1.97785,1.9781,0.90,0.90
2008.04.16 12:51:40.724,1.97785,1.9781,0.90,2.50
2008.04.16 12:51:41.041,1.97785,1.9781,0.90,3.80
2008.04.16 12:51:41.323,1.97785,1.9781,0.90,3.80
2008.04.16 12:51:41.589,1.97785,1.9781,0.90,3.80
2008.04.16 12:51:41.853,1.97785,1.9781,0.90,3.80
2008.04.16 12:51:42.118,1.97785,1.9781,0.90,3.80
2008.04.16 12:51:42.384,1.9779,1.9781,0.90,3.80
2008.04.16 12:51:42.668,1.9779,1.9781,0.90,3.80
2008.04.16 12:51:42.953,1.9779,1.9781,0.90,2.20
2008.04.16 12:51:43.239,1.9779,1.9781,0.90,2.20
2008.04.16 12:51:43.540,1.97785,1.9781,0.90,2.20
2008.04.16 12:51:43.800,1.97785,1.9781,0.90,3.80
2008.04.16 12:51:44.060,1.97785,1.9781,0.90,3.80
2008.04.16 12:51:44.319,1.97785,1.9781,0.90,3.80
2008.04.16 12:51:44.589,1.97785,1.9781,0.90,3.80
2008.04.16 12:51:44.859,1.9779,1.9781,0.90,3.80
2008.04.16 12:51:45.129,1.9779,1.9781,0.90,1.70
2008.04.16 12:51:45.399,1.9779,1.9781,0.90,1.70
2008.04.16 12:51:45.669,1.9779,1.9781,0.90,1.70
2008.04.16 12:51:45.938,1.9779,1.9781,0.90,1.70
2008.04.16 12:51:46.224,1.9779,1.9781,0.90,1.70
2008.04.16 12:51:46.501,1.9779,1.9781,0.90,1.70
2008.04.16 12:51:46.762,1.9779,1.9781,0.90,1.70
2008.04.16 12:51:47.021,1.9779,1.9781,0.90,1.70
2008.04.16 12:51:47.281,1.9779,1.9781,0.90,1.70
2008.04.16 12:51:47.541,1.9779,1.9781,0.90,1.70
2008.04.16 12:51:47.788,1.9779,1.9781,0.90,1.70
2008.04.16 12:51:48.035,1.9779,1.9781,0.90,1.70
2008.04.16 12:51:48.280,1.9779,1.9781,0.90,1.70
2008.04.16 12:51:48.526,1.9779,1.9781,0.90,1.70
2008.04.16 12:51:48.806,1.9779,1.9781,0.90,1.70
2008.04.16 12:51:49.085,1.9779,1.9781,0.90,1.70
2008.04.16 12:51:49.366,1.9779,1.9781,0.90,1.70
2008.04.16 12:51:49.645,1.9779,1.9781,0.90,1.70
2008.04.16 12:51:49.910,1.9779,1.9781,0.90,1.70
2008.04.16 12:51:50.204,1.9779,1.9781,0.90,1.70
2008.04.16 12:51:50.467,1.9779,1.9781,0.90,1.70
2008.04.16 12:51:50.725,1.9779,1.9781,0.90,1.70
2008.04.16 12:51:51.011,1.9779,1.9781,0.90,1.70
2008.04.16 12:51:52.840,1.9779,1.9781,0.90,1.70
2008.04.16 12:51:52.866,1.97785,1.9781,0.90,1.70
2008.04.16 12:51:52.936,1.97785,1.9781,0.90,3.30
2008.04.16 12:51:53.033,1.97785,1.9781,0.90,3.30
2008.04.16 12:51:53.141,1.97785,1.9781,0.90,3.30
2008.04.16 12:51:53.177,1.97785,1.9781,0.90,3.30
2008.04.16 12:51:53.262,1.97785,1.9781,0.90,3.30
2008.04.16 12:51:53.372,1.97785,1.9781,0.90,3.30
2008.04.16 12:51:53.475,1.97785,1.9781,0.90,3.30
2008.04.16 12:51:53.546,1.97785,1.9781,0.90,3.30
2008.04.16 12:51:53.629,1.97785,1.9781,0.90,3.30
2008.04.16 12:51:53.719,1.97785,1.9781,0.90,3.30
2008.04.16 12:51:55.353,1.97785,1.9781,0.90,3.30
2008.04.16 12:51:55.632,1.97785,1.9781,0.90,3.30
2008.04.16 12:51:55.917,1.97785,1.9781,0.90,3.30
2008.04.16 12:51:56.203,1.97785,1.9781,0.90,3.30
2008.04.16 12:51:56.488,1.97785,1.9781,0.90,3.30
2008.04.16 12:51:56.768,1.97785,1.9781,0.90,3.30
2008.04.16 12:51:57.079,1.97785,1.9781,0.90,3.30
2008.04.16 12:51:57.372,1.97785,1.9781,0.90,3.30
2008.04.16 12:51:57.588,1.97785,1.9781,0.90,3.30
2008.04.16 12:51:57.804,1.97785,1.9781,0.90,3.30
2008.04.16 12:51:58.022,1.9779,1.9781,0.90,1.60
2008.04.16 12:51:58.237,1.9779,1.97815,0.90,4.90
2008.04.16 12:51:58.453,1.9779,1.97815,1.00,4.90
2008.04.16 12:51:58.758,1.9779,1.97815,0.90,3.30
2008.04.16 12:51:59.063,1.9779,1.97815,0.90,4.10
2008.04.16 12:51:59.368,1.9779,1.97815,0.90,4.10
2008.04.16 12:51:59.673,1.9779,1.97815,0.90,4.10
2008.04.16 12:51:59.879,1.9779,1.97815,0.90,2.50
2008.04.16 12:52:00.084,1.9779,1.97815,0.90,0.90
2008.04.16 12:52:00.290,1.9779,1.97815,0.90,0.90
2008.04.16 12:52:00.516,1.9779,1.97815,1.70,0.90
2008.04.16 12:52:00.802,1.9779,1.97815,1.80,0.90
2008.04.16 12:52:01.091,1.97795,1.9782,1.00,2.50
2008.04.16 12:52:01.378,1.97795,1.9782,1.00,2.50
2008.04.16 12:52:01.665,1.97795,1.9782,0.90,0.90
2008.04.16 12:52:01.927,1.978,1.97825,1.00,6.50
2008.04.16 12:52:02.189,1.978,1.97825,0.90,0.90
2008.04.16 12:52:02.449,1.978,1.97825,0.90,0.90
2008.04.16 12:52:02.711,1.978,1.97825,0.90,4.90
2008.04.16 12:52:02.965,1.978,1.97825,0.90,4.90
2008.04.16 12:52:03.221,1.978,1.97825,0.90,0.90
2008.04.16 12:52:03.478,1.978,1.97825,0.90,0.90
2008.04.16 12:52:03.749,1.978,1.97825,1.70,0.90
2008.04.16 12:52:04.024,1.97805,1.9783,0.90,3.80
2008.04.16 12:52:04.301,1.97805,1.9783,0.90,3.80
2008.04.16 12:52:04.552,1.97805,1.9783,0.90,3.80
2008.04.16 12:52:04.791,1.97805,1.9783,0.90,3.80
2008.04.16 12:52:05.088,1.97805,1.9783,0.90,3.80
2008.04.16 12:52:05.383,1.97805,1.9783,0.90,3.80
2008.04.16 12:52:05.688,1.97805,1.9783,0.90,3.80
2008.04.16 12:52:05.979,1.97805,1.9783,0.90,3.80
2008.04.16 12:52:06.209,1.97805,1.9783,0.90,3.80
2008.04.16 12:52:06.469,1.97805,1.9783,0.90,3.80
2008.04.16 12:52:06.731,1.97805,1.9783,0.90,3.80
2008.04.16 12:52:06.981,1.97805,1.9783,0.90,3.80
2008.04.16 12:52:07.231,1.97805,1.9783,0.90,3.80
2008.04.16 12:52:07.482,1.97805,1.9783,0.90,3.80
2008.04.16 12:52:07.733,1.97805,1.9783,0.90,3.80
2008.04.16 12:52:08.014,1.97805,1.9783,0.90,3.80
2008.04.16 12:52:08.296,1.97805,1.9783,0.90,3.30
2008.04.16 12:52:08.576,1.97805,1.9783,0.90,0.90
2008.04.16 12:52:08.858,1.97805,1.9783,0.90,0.90
2008.04.16 12:52:09.109,1.97805,1.9783,0.90,0.90
2008.04.16 12:52:09.358,1.97805,1.9783,0.90,0.90
2008.04.16 12:52:09.609,1.97805,1.9783,0.90,0.90
2008.04.16 12:52:09.859,1.97805,1.9783,0.90,0.90
2008.04.16 12:52:10.134,1.97805,1.9783,0.90,0.90
2008.04.16 12:52:10.409,1.97805,1.9783,0.90,0.90
2008.04.16 12:52:10.686,1.97805,1.9783,0.90,0.90
2008.04.16 12:52:10.960,1.97805,1.9783,0.90,0.90
2008.04.16 12:52:11.221,1.97805,1.9783,0.90,0.90
2008.04.16 12:52:11.481,1.9781,1.97835,0.90,10.50
2008.04.16 12:52:11.744,1.9781,1.97835,0.90,10.50
2008.04.16 12:52:12.004,1.9781,1.97835,0.90,6.50
2008.04.16 12:52:12.258,1.9781,1.97835,0.90,6.50
2008.04.16 12:52:12.502,1.9781,1.97835,0.90,6.50
2008.04.16 12:52:12.748,1.9781,1.97835,0.90,6.50
2008.04.16 12:52:12.994,1.97815,1.97835,0.90,1.60
2008.04.16 12:52:13.270,1.97815,1.9784,0.90,3.80
2008.04.16 12:52:13.547,1.97815,1.9784,0.90,2.50
2008.04.16 12:52:13.824,1.97815,1.9784,0.90,0.90
2008.04.16 12:52:14.061,1.97815,1.9784,0.90,0.90
2008.04.16 12:52:14.295,1.97815,1.9784,0.90,0.90
2008.04.16 12:52:14.531,1.97815,1.9784,0.90,0.90
2008.04.16 12:52:14.799,1.97815,1.9784,0.90,0.90
2008.04.16 12:52:15.003,1.97815,1.9784,0.90,0.90
2008.04.16 12:52:15.269,1.97815,1.9784,0.90,0.90
2008.04.16 12:52:15.534,1.97815,1.9784,0.90,0.90
2008.04.16 12:52:15.798,1.97815,1.9784,1.70,0.90
2008.04.16 12:52:16.065,1.9782,1.97845,0.90,6.50
2008.04.16 12:52:16.295,1.9782,1.97845,0.90,6.50
2008.04.16 12:52:16.526,1.97815,1.9784,1.70,0.90
2008.04.16 12:52:16.756,1.97815,1.9784,1.70,0.90
2008.04.16 12:52:16.988,1.97815,1.9784,1.70,0.90
2008.04.16 12:52:17.268,1.97815,1.9784,1.70,0.90
2008.04.16 12:52:17.550,1.97815,1.9784,1.70,1.40
2008.04.16 12:52:17.831,1.97815,1.9784,1.70,1.40
2008.04.16 12:52:18.112,1.9783,1.9784,0.60,3.80
2008.04.16 12:52:18.388,1.97835,1.9784,0.90,2.80
2008.04.16 12:52:18.665,1.97835,1.97845,0.90,2.40
2008.04.16 12:52:18.941,1.9783,1.9785,3.00,0.90
2008.04.16 12:52:19.158,1.97845,1.9785,0.90,3.30
2008.04.16 12:52:19.373,1.97845,1.9785,0.90,3.80
2008.04.16 12:52:19.605,1.97845,1.9785,0.90,3.30
2008.04.16 12:52:19.851,1.97845,1.9785,0.90,3.30
2008.04.16 12:52:20.099,1.9783,1.9785,0.60,3.30
2008.04.16 12:52:20.398,1.9783,1.9785,0.60,4.10
2008.04.16 12:52:20.735,1.9783,1.97845,0.60,5.70
2008.04.16 12:52:21.070,1.9783,1.97845,0.60,5.70
2008.04.16 12:52:21.311,1.9783,1.97845,0.60,5.70
2008.04.16 12:52:21.484,1.9783,1.97845,0.60,5.70
2008.04.16 12:52:21.693,1.9783,1.97845,0.60,5.70
2008.04.16 12:52:21.925,1.9783,1.97845,0.60,5.70
2008.04.16 12:52:22.164,1.9783,1.97845,0.60,5.70
2008.04.16 12:52:22.438,1.9783,1.97845,0.60,5.70
2008.04.16 12:52:22.709,1.9783,1.97845,0.60,5.70
2008.04.16 12:52:22.998,1.9783,1.97845,0.60,5.70
2008.04.16 12:52:23.270,1.9783,1.97845,0.60,5.70
2008.04.16 12:52:23.553,1.9782,1.97845,1.80,5.70
2008.04.16 12:52:23.832,1.9782,1.97845,1.80,5.70
2008.04.16 12:52:24.124,1.9782,1.97845,1.80,5.70
2008.04.16 12:52:24.385,1.9782,1.97845,1.80,5.70
2008.04.16 12:52:24.688,1.9782,1.97845,1.80,5.70
2008.04.16 12:52:24.959,1.9782,1.9784,0.80,1.70
2008.04.16 12:52:25.226,1.97815,1.9784,0.90,4.10
2008.04.16 12:52:25.523,1.9781,1.97835,1.80,0.90
2008.04.16 12:52:25.820,1.9781,1.97835,0.90,2.50
2008.04.16 12:52:26.115,1.9781,1.97835,0.90,4.90
2008.04.16 12:52:26.376,1.9781,1.97835,0.90,4.90
2008.04.16 12:52:26.636,1.9781,1.97835,0.90,4.90
2008.04.16 12:52:26.897,1.9781,1.97835,0.90,4.90
2008.04.16 12:52:27.158,1.9781,1.97835,0.90,4.90
2008.04.16 12:52:27.425,1.97805,1.9783,6.50,0.90
2008.04.16 12:52:27.691,1.97805,1.9783,4.90,0.90
2008.04.16 12:52:27.956,1.97805,1.9783,4.90,0.90
2008.04.16 12:52:28.220,1.97805,1.9783,0.90,0.90
2008.04.16 12:52:28.518,1.97805,1.9783,0.90,0.90
2008.04.16 12:52:28.777,1.97805,1.97825,0.90,1.60
2008.04.16 12:52:29.044,1.978,1.97825,0.90,3.30
2008.04.16 12:52:29.310,1.978,1.97825,0.90,6.50
2008.04.16 12:52:29.569,1.97795,1.9782,0.90,0.90
2008.04.16 12:52:29.829,1.97795,1.9782,0.90,0.90
2008.04.16 12:52:30.119,1.97795,1.9782,0.90,2.50
2008.04.16 12:52:30.396,1.97795,1.97815,0.90,2.40
2008.04.16 12:52:30.703,1.97795,1.97815,0.90,2.40
2008.04.16 12:52:30.973,1.97795,1.97815,0.90,2.40
2008.04.16 12:52:31.244,1.97795,1.97815,0.90,2.40
2008.04.16 12:52:31.464,1.9779,1.9781,0.90,0.90
2008.04.16 12:52:31.681,1.9779,1.9781,0.90,0.90
2008.04.16 12:52:31.897,1.9779,1.9781,0.90,0.90
2008.04.16 12:52:32.114,1.97785,1.9781,0.90,0.90
2008.04.16 12:52:32.340,1.97785,1.9781,0.90,0.90
2008.04.16 12:52:32.661,1.9779,1.9781,0.90,0.90
2008.04.16 12:52:32.970,1.9779,1.9781,0.90,1.70
2008.04.16 12:52:33.293,1.9779,1.9781,0.90,1.70
2008.04.16 12:52:33.584,1.9779,1.9781,0.90,1.70
2008.04.16 12:52:33.809,1.9779,1.9781,0.90,1.70
2008.04.16 12:52:34.034,1.9779,1.9781,0.90,1.70
2008.04.16 12:52:34.260,1.9779,1.9781,2.90,1.70
2008.04.16 12:52:34.489,1.978,1.9781,0.90,0.80
2008.04.16 12:52:34.749,1.9781,1.97825,2.40,3.30
2008.04.16 12:52:35.009,1.9781,1.97825,1.80,2.40
2008.04.16 12:52:35.296,1.9781,1.97825,0.90,0.80
2008.04.16 12:52:35.558,1.9781,1.97825,0.90,0.80
2008.04.16 12:52:35.850,1.9781,1.9783,0.90,1.60
2008.04.16 12:52:36.129,1.9781,1.9783,0.90,1.60
2008.04.16 12:52:36.417,1.9781,1.9783,0.90,1.60
2008.04.16 12:52:36.676,1.9781,1.9783,0.90,1.60
2008.04.16 12:52:36.869,1.9781,1.9783,0.90,1.60
2008.04.16 12:52:37.095,1.9781,1.9783,0.90,1.60
2008.04.16 12:52:37.329,1.9781,1.9783,0.90,1.60
2008.04.16 12:52:37.555,1.9781,1.9783,0.90,1.60
2008.04.16 12:52:37.806,1.9781,1.9783,0.90,1.60
2008.04.16 12:52:38.056,1.9781,1.9783,0.90,1.60
2008.04.16 12:52:38.307,1.9781,1.9783,0.90,1.60
2008.04.16 12:52:38.557,1.9781,1.9783,0.90,1.60
2008.04.16 12:52:38.807,1.9781,1.9783,0.90,1.60
2008.04.16 12:52:39.086,1.9781,1.9783,0.90,1.60
2008.04.16 12:52:39.340,1.9781,1.9783,0.90,1.60
2008.04.16 12:52:39.589,1.9781,1.9783,0.90,1.60
2008.04.16 12:52:39.843,1.9781,1.9783,0.90,0.80
2008.04.16 12:52:40.099,1.9781,1.97835,1.00,4.90
2008.04.16 12:52:40.356,1.9781,1.97835,1.00,0.90
2008.04.16 12:52:40.611,1.9781,1.97835,1.00,0.90
2008.04.16 12:52:40.837,1.9781,1.97835,1.00,0.90
2008.04.16 12:52:41.091,1.9781,1.97835,1.00,0.90
2008.04.16 12:52:41.350,1.9781,1.97835,1.00,0.90
2008.04.16 12:52:41.612,1.9781,1.97835,1.00,0.90
2008.04.16 12:52:41.855,1.9781,1.97835,1.00,0.90
2008.04.16 12:52:42.130,1.9781,1.97835,1.00,0.90
2008.04.16 12:52:42.405,1.9781,1.97835,1.00,0.90
2008.04.16 12:52:42.681,1.9781,1.97835,1.00,0.90
2008.04.16 12:52:42.915,1.9781,1.97835,1.00,0.90
2008.04.16 12:52:43.179,1.9781,1.97835,1.00,0.90
2008.04.16 12:52:43.445,1.9781,1.97835,1.00,0.90
2008.04.16 12:52:43.679,1.97805,1.9783,2.50,4.10
2008.04.16 12:52:43.970,1.97805,1.9783,0.90,5.70
2008.04.16 12:52:44.262,1.97805,1.9783,0.90,6.50
2008.04.16 12:52:44.554,1.978,1.97825,1.70,3.30
2008.04.16 12:52:44.796,1.978,1.97825,1.70,3.30
2008.04.16 12:52:45.053,1.978,1.97825,1.70,5.70
2008.04.16 12:52:45.278,1.978,1.97825,1.70,5.70
2008.04.16 12:52:45.502,1.978,1.97825,1.70,5.70
2008.04.16 12:52:45.727,1.978,1.97825,1.70,5.70
2008.04.16 12:52:45.992,1.978,1.97825,1.70,5.70
2008.04.16 12:52:46.256,1.978,1.97825,1.70,5.70
2008.04.16 12:52:46.554,1.978,1.97825,1.70,5.70
2008.04.16 12:52:46.818,1.978,1.97825,1.70,5.70
2008.04.16 12:52:47.092,1.978,1.97825,1.70,5.70
2008.04.16 12:52:47.367,1.978,1.97825,1.70,5.70
2008.04.16 12:52:47.643,1.978,1.97825,1.70,7.80
2008.04.16 12:52:47.918,1.978,1.97825,1.70,7.80
2008.04.16 12:52:48.195,1.978,1.97825,1.70,6.20
2008.04.16 12:52:48.470,1.978,1.97825,1.70,6.20
2008.04.16 12:52:48.744,1.978,1.97825,1.70,7.80
2008.04.16 12:52:49.007,1.978,1.97825,1.70,6.20
2008.04.16 12:52:49.267,1.978,1.97825,1.70,6.20
2008.04.16 12:52:49.527,1.978,1.97825,1.70,6.20
2008.04.16 12:52:49.790,1.978,1.97825,1.70,6.20
2008.04.16 12:52:50.077,1.978,1.97825,1.70,6.20
2008.04.16 12:52:50.366,1.978,1.97825,1.70,7.80
2008.04.16 12:52:50.653,1.978,1.97825,1.70,7.80
2008.04.16 12:52:50.876,1.978,1.97825,1.70,7.80
2008.04.16 12:52:51.112,1.978,1.97825,1.70,7.80
2008.04.16 12:52:51.347,1.978,1.97825,1.70,7.80
2008.04.16 12:52:51.581,1.978,1.97825,1.70,7.80
2008.04.16 12:52:51.847,1.978,1.97825,1.70,7.80
2008.04.16 12:52:52.143,1.978,1.97825,1.70,7.80
2008.04.16 12:52:52.437,1.978,1.97825,1.70,7.80
2008.04.16 12:52:52.729,1.978,1.97825,1.70,7.80
2008.04.16 12:52:52.984,1.97795,1.9782,3.30,1.70
2008.04.16 12:52:53.239,1.97795,1.9782,0.90,3.30
2008.04.16 12:52:53.494,1.97795,1.9782,0.90,3.30
2008.04.16 12:52:53.749,1.97795,1.9782,0.90,3.30
2008.04.16 12:52:54.003,1.97795,1.9782,0.90,3.30
2008.04.16 12:52:54.258,1.97795,1.9782,0.90,3.30
2008.04.16 12:52:54.515,1.9779,1.97815,2.20,0.90
2008.04.16 12:52:54.791,1.9779,1.97815,2.20,0.90
2008.04.16 12:52:55.070,1.97795,1.9782,0.90,3.30
2008.04.16 12:52:55.336,1.97795,1.9782,0.90,3.30
2008.04.16 12:52:55.602,1.97795,1.9782,0.90,3.30
2008.04.16 12:52:55.838,1.97795,1.9782,1.00,1.70
2008.04.16 12:52:56.114,1.97795,1.9782,1.00,1.70
2008.04.16 12:52:56.420,1.97795,1.9782,1.00,3.30
2008.04.16 12:52:56.698,1.9779,1.97815,1.30,0.90
2008.04.16 12:52:56.973,1.97795,1.97815,0.90,3.30
2008.04.16 12:52:57.229,1.97795,1.97815,0.90,3.30
2008.04.16 12:52:57.508,1.9779,1.97815,1.30,3.30
2008.04.16 12:52:57.769,1.9779,1.97815,1.30,3.30
2008.04.16 12:52:58.029,1.9779,1.97815,1.30,4.90
2008.04.16 12:52:58.292,1.9779,1.97815,1.30,5.70
2008.04.16 12:52:58.557,1.9779,1.97815,1.30,4.90
2008.04.16 12:52:58.818,1.9779,1.97815,1.30,4.90
2008.04.16 12:52:59.120,1.9779,1.97815,1.30,4.90
2008.04.16 12:52:59.355,1.9779,1.97815,1.30,4.90
2008.04.16 12:52:59.631,1.9779,1.97815,1.30,4.90
2008.04.16 12:52:59.908,1.9779,1.97815,1.30,4.90
2008.04.16 12:53:00.215,1.9779,1.97815,1.30,4.90
2008.04.16 12:53:00.480,1.97795,1.97815,0.90,4.00
2008.04.16 12:53:00.764,1.97795,1.9782,0.90,3.80
2008.04.16 12:53:01.058,1.9779,1.97815,1.30,0.90
2008.04.16 12:53:01.294,1.9779,1.97815,1.30,2.50
2008.04.16 12:53:01.529,1.9779,1.97815,1.30,2.50
2008.04.16 12:53:01.765,1.9779,1.97815,1.30,4.90
2008.04.16 12:53:02.000,1.9779,1.97815,1.30,4.90
2008.04.16 12:53:02.235,1.9779,1.97815,1.30,4.90
2008.04.16 12:53:02.511,1.97795,1.97815,0.90,4.90
2008.04.16 12:53:02.786,1.97795,1.97815,0.90,3.30
2008.04.16 12:53:03.084,1.97795,1.97815,0.90,3.30
2008.04.16 12:53:03.391,1.97795,1.97815,0.90,3.30
2008.04.16 12:53:03.649,1.9779,1.97815,1.30,0.90
2008.04.16 12:53:03.907,1.97795,1.9782,0.90,3.80
2008.04.16 12:53:04.163,1.97795,1.9782,0.90,3.30
2008.04.16 12:53:04.410,1.97795,1.9782,0.90,3.30
2008.04.16 12:53:04.653,1.9779,1.9781,1.20,3.30
2008.04.16 12:53:04.894,1.9779,1.9781,1.20,3.30
2008.04.16 12:53:05.136,1.9779,1.9781,0.50,4.10
2008.04.16 12:53:05.398,1.9779,1.9781,0.50,4.10
2008.04.16 12:53:05.658,1.9779,1.9781,0.50,4.10
2008.04.16 12:53:05.925,1.9779,1.9781,0.50,4.10
2008.04.16 12:53:06.219,1.9779,1.9781,0.50,6.50
2008.04.16 12:53:06.423,1.9779,1.9781,0.50,6.50
2008.04.16 12:53:06.659,1.9779,1.9781,0.50,6.50
2008.04.16 12:53:06.895,1.9779,1.9781,0.50,4.10
2008.04.16 12:53:07.130,1.9779,1.9781,0.50,4.10
2008.04.16 12:53:07.367,1.9779,1.9781,0.50,4.10
2008.04.16 12:53:07.636,1.9779,1.9781,0.50,4.10
2008.04.16 12:53:07.905,1.9779,1.9781,0.50,4.10
2008.04.16 12:53:08.174,1.9779,1.9781,0.50,4.10
2008.04.16 12:53:08.444,1.9779,1.9781,0.50,4.10
2008.04.16 12:53:08.705,1.9779,1.9781,0.50,4.10
2008.04.16 12:53:08.964,1.9779,1.9781,0.50,4.10
2008.04.16 12:53:09.224,1.9779,1.97805,0.40,0.80
2008.04.16 12:53:09.485,1.9779,1.97805,0.40,0.80
2008.04.16 12:53:09.726,1.9779,1.978,0.40,0.80
2008.04.16 12:53:09.987,1.9779,1.978,0.40,0.80
2008.04.16 12:53:10.228,1.9779,1.978,0.40,0.80
2008.04.16 12:53:10.468,1.9779,1.97805,0.40,5.70
2008.04.16 12:53:10.733,1.9779,1.97805,0.40,5.70
2008.04.16 12:53:10.997,1.9779,1.97805,0.40,5.70
2008.04.16 12:53:11.262,1.9779,1.97805,0.40,5.70
2008.04.16 12:53:11.528,1.9779,1.97805,0.40,5.70
2008.04.16 12:53:11.809,1.9779,1.978,0.40,0.80
2008.04.16 12:53:12.103,1.9779,1.978,0.40,0.80
2008.04.16 12:53:12.393,1.9779,1.97805,0.40,5.70
2008.04.16 12:53:12.599,1.9779,1.97805,0.40,5.70
2008.04.16 12:53:12.842,1.9779,1.978,0.40,0.80
2008.04.16 12:53:13.078,1.9779,1.978,0.40,0.80
2008.04.16 12:53:13.315,1.9779,1.97805,0.40,5.70
2008.04.16 12:53:13.551,1.9779,1.97805,1.20,4.80
2008.04.16 12:53:13.903,1.9779,1.978,0.40,0.80
2008.04.16 12:53:14.220,1.9779,1.978,1.20,0.80
2008.04.16 12:53:14.538,1.9779,1.9781,1.20,1.70
2008.04.16 12:53:14.720,1.9779,1.9781,1.20,1.70
2008.04.16 12:53:14.905,1.9779,1.9781,1.20,1.70
2008.04.16 12:53:15.091,1.9779,1.9781,0.40,1.70
2008.04.16 12:53:15.277,1.9779,1.9781,0.40,0.90
2008.04.16 12:53:15.462,1.9779,1.9781,0.40,0.90
2008.04.16 12:53:15.646,1.9779,1.97815,1.20,5.70
2008.04.16 12:53:15.990,1.9779,1.97815,1.20,5.70
2008.04.16 12:53:16.360,1.9779,1.97815,1.20,5.70
2008.04.16 12:53:16.697,1.9779,1.97815,1.20,5.70
2008.04.16 12:53:16.872,1.9779,1.97815,1.20,4.90
2008.04.16 12:53:17.047,1.9779,1.97815,1.20,4.90
2008.04.16 12:53:18.293,1.9779,1.97815,1.20,4.90
2008.04.16 12:53:18.407,1.9779,1.97815,1.20,7.30
2008.04.16 12:53:18.521,1.9779,1.97815,1.20,7.30
2008.04.16 12:53:18.638,1.9779,1.97815,0.90,7.30
2008.04.16 12:53:18.754,1.9779,1.97815,0.90,7.30
2008.04.16 12:53:18.870,1.9779,1.97815,0.90,7.30
2008.04.16 12:53:18.988,1.9779,1.97815,0.90,7.30
2008.04.16 12:53:19.139,1.9779,1.97815,0.90,7.30
2008.04.16 12:53:19.296,1.9779,1.97815,0.90,7.30
2008.04.16 12:53:19.637,1.9779,1.97815,0.90,6.50
2008.04.16 12:53:19.972,1.9779,1.97815,0.90,6.50
2008.04.16 12:53:20.308,1.9779,1.97815,0.90,6.50
2008.04.16 12:53:20.528,1.9779,1.97815,0.90,6.50
2008.04.16 12:53:20.748,1.9779,1.97815,0.90,7.30
2008.04.16 12:53:20.970,1.9779,1.97815,0.90,7.30
2008.04.16 12:53:21.192,1.9779,1.97815,0.90,5.70
2008.04.16 12:53:21.411,1.9779,1.97815,0.90,4.90
2008.04.16 12:53:21.781,1.9779,1.978,0.90,0.80
2008.04.16 12:53:22.119,1.9778,1.978,1.70,0.80
2008.04.16 12:53:22.457,1.9778,1.97805,1.80,5.70
2008.04.16 12:53:22.684,1.9778,1.97805,1.80,5.70
2008.04.16 12:53:22.910,1.9778,1.97805,1.70,5.70
2008.04.16 12:53:23.136,1.97785,1.97805,0.90,2.40
2008.04.16 12:53:23.361,1.97785,1.97805,0.90,2.40
2008.04.16 12:53:23.692,1.9778,1.97805,1.70,5.70
2008.04.16 12:53:23.991,1.9778,1.97805,1.70,5.70
2008.04.16 12:53:24.293,1.9778,1.97805,1.70,5.70
2008.04.16 12:53:24.593,1.9778,1.97805,1.70,5.70
2008.04.16 12:53:24.853,1.9778,1.97805,1.70,5.70
2008.04.16 12:53:25.111,1.9778,1.97805,1.70,5.70
2008.04.16 12:53:25.371,1.9778,1.97805,1.70,5.70
2008.04.16 12:53:25.632,1.9778,1.97805,1.70,5.70
2008.04.16 12:53:25.892,1.9778,1.97805,1.70,5.70
2008.04.16 12:53:26.153,1.9778,1.97805,1.70,5.70
2008.04.16 12:53:26.413,1.9778,1.97805,1.70,5.70
2008.04.16 12:53:26.663,1.9778,1.97805,1.70,5.70
2008.04.16 12:53:26.912,1.9778,1.97805,1.70,5.70
2008.04.16 12:53:27.163,1.9778,1.97805,1.70,5.70
2008.04.16 12:53:27.412,1.9778,1.97805,1.70,5.70
2008.04.16 12:53:27.697,1.9778,1.97805,1.70,5.70
2008.04.16 12:53:27.983,1.9778,1.97805,1.70,5.70
2008.04.16 12:53:28.269,1.9778,1.97805,1.70,5.70
2008.04.16 12:53:28.555,1.9778,1.978,1.70,0.80
2008.04.16 12:53:28.781,1.9778,1.97805,1.70,7.30
2008.04.16 12:53:29.016,1.9778,1.97805,1.70,7.30
2008.04.16 12:53:29.258,1.9778,1.97805,1.70,7.30
2008.04.16 12:53:29.481,1.9778,1.97805,1.70,7.30
2008.04.16 12:53:29.735,1.9778,1.97805,1.70,7.30
2008.04.16 12:53:30.046,1.9778,1.97805,1.70,7.80
2008.04.16 12:53:30.386,1.9778,1.97805,1.70,7.80
2008.04.16 12:53:30.666,1.9778,1.97805,1.70,7.80
2008.04.16 12:53:32.403,1.9778,1.97805,1.70,7.80
2008.04.16 12:53:32.610,1.9778,1.97805,1.70,6.20
2008.04.16 12:53:32.676,1.9778,1.97805,1.70,6.20
2008.04.16 12:53:32.769,1.9778,1.97805,1.70,6.20
2008.04.16 12:53:32.830,1.9778,1.97805,1.70,6.20
2008.04.16 12:53:32.893,1.9778,1.97805,1.70,6.20
2008.04.16 12:53:32.980,1.9778,1.97805,1.70,6.20
2008.04.16 12:53:33.073,1.9778,1.97805,1.70,6.20
2008.04.16 12:53:33.133,1.9778,1.97805,1.70,6.20
2008.04.16 12:53:33.193,1.9778,1.97805,1.70,6.20
2008.04.16 12:53:33.287,1.9778,1.97805,1.70,6.20
2008.04.16 12:53:33.384,1.9778,1.97805,1.70,6.20
2008.04.16 12:53:33.479,1.9778,1.97805,1.70,6.20
2008.04.16 12:53:33.811,1.9778,1.978,1.70,0.80
2008.04.16 12:53:34.146,1.9778,1.978,1.70,0.80
2008.04.16 12:53:34.483,1.9778,1.978,1.70,0.80
2008.04.16 12:53:34.748,1.9778,1.978,1.70,0.80
2008.04.16 12:53:35.006,1.9778,1.978,1.70,0.80
2008.04.16 12:53:35.265,1.9778,1.978,1.70,0.80
2008.04.16 12:53:35.558,1.9778,1.978,0.80,1.70
2008.04.16 12:53:35.850,1.9778,1.978,0.80,4.10
2008.04.16 12:53:36.141,1.9778,1.978,0.80,5.70
2008.04.16 12:53:36.431,1.9778,1.978,0.80,5.70
2008.04.16 12:53:36.721,1.9778,1.978,1.70,1.60
2008.04.16 12:53:36.997,1.9778,1.97805,1.90,5.70
2008.04.16 12:53:37.275,1.9779,1.97805,0.90,4.00
2008.04.16 12:53:37.550,1.97795,1.97815,0.90,4.90
2008.04.16 12:53:37.811,1.97795,1.97815,0.90,4.10
2008.04.16 12:53:38.070,1.9779,1.97815,0.90,4.10
2008.04.16 12:53:38.301,1.9779,1.97815,0.90,5.70
2008.04.16 12:53:38.527,1.9779,1.97815,0.90,5.70
2008.04.16 12:53:38.757,1.9779,1.97815,0.90,7.30
2008.04.16 12:53:39.011,1.9779,1.97815,0.90,7.30
2008.04.16 12:53:39.266,1.9779,1.97815,0.90,4.90
2008.04.16 12:53:39.523,1.9779,1.97815,0.90,4.90
2008.04.16 12:53:39.803,1.9779,1.97815,0.90,4.90
2008.04.16 12:53:40.110,1.9779,1.97815,0.90,4.90
2008.04.16 12:53:40.416,1.9779,1.97815,0.90,4.90
2008.04.16 12:53:40.722,1.9779,1.97815,0.90,4.90
2008.04.16 12:53:40.972,1.9779,1.97815,0.90,4.90
2008.04.16 12:53:41.222,1.9779,1.97815,0.90,4.90
2008.04.16 12:53:43.114,1.9779,1.97815,0.90,4.90
2008.04.16 12:53:43.194,1.9779,1.97815,0.90,4.90
2008.04.16 12:53:43.250,1.9779,1.97815,0.90,4.90
2008.04.16 12:53:43.257,1.9779,1.97815,0.90,4.90
2008.04.16 12:53:43.271,1.9779,1.97815,0.90,5.70
2008.04.16 12:53:43.343,1.9779,1.97815,0.90,5.70
2008.04.16 12:53:43.408,1.9779,1.97815,0.90,5.70
2008.04.16 12:53:43.468,1.9779,1.97815,0.90,5.70
2008.04.16 12:53:43.569,1.9779,1.97815,0.90,5.70
2008.04.16 12:53:43.674,1.9779,1.97815,0.90,5.70
2008.04.16 12:53:43.780,1.9779,1.97815,0.90,5.70
2008.04.16 12:53:43.847,1.9779,1.97815,0.90,5.70
2008.04.16 12:53:43.853,1.9779,1.97815,0.90,5.70
2008.04.16 12:53:43.900,1.9779,1.97815,0.90,5.70
2008.04.16 12:53:43.962,1.9779,1.97815,0.90,5.70
2008.04.16 12:53:43.976,1.9779,1.97815,0.90,5.70
2008.04.16 12:53:44.118,1.9779,1.97815,0.90,5.70
2008.04.16 12:53:44.451,1.9779,1.97815,0.90,4.90
2008.04.16 12:53:44.785,1.9779,1.97815,0.90,4.90
2008.04.16 12:53:45.122,1.9779,1.97815,0.90,4.90
2008.04.16 12:53:45.326,1.9779,1.97815,0.90,6.50
2008.04.16 12:53:45.570,1.9779,1.97815,0.90,6.50
2008.04.16 12:53:45.785,1.9779,1.97815,0.90,5.70
2008.04.16 12:53:45.981,1.9779,1.97815,0.90,5.70
2008.04.16 12:53:46.186,1.9779,1.97815,0.90,7.30
2008.04.16 12:53:46.517,1.9779,1.97815,0.90,6.50
2008.04.16 12:53:46.882,1.9779,1.97815,0.90,4.90
2008.04.16 12:53:47.201,1.9779,1.97815,0.90,4.90
2008.04.16 12:53:47.430,1.9779,1.97815,0.90,4.90
2008.04.16 12:53:47.660,1.9779,1.97815,0.90,4.90
2008.04.16 12:53:47.926,1.9779,1.97815,0.90,4.90
2008.04.16 12:53:48.154,1.9779,1.97815,0.90,4.90
2008.04.16 12:53:48.383,1.9779,1.97815,0.90,4.90
2008.04.16 12:53:48.688,1.9779,1.97815,4.30,4.90
2008.04.16 12:53:48.993,1.9779,1.97815,4.30,2.50
2008.04.16 12:53:49.298,1.97795,1.97815,0.90,1.60
2008.04.16 12:53:49.533,1.97795,1.9782,0.90,2.50
2008.04.16 12:53:49.768,1.97795,1.9782,0.90,2.50
2008.04.16 12:53:50.003,1.97795,1.9782,0.90,2.50
2008.04.16 12:53:50.238,1.978,1.9782,0.90,2.50
2008.04.16 12:53:50.523,1.978,1.9782,0.90,0.90
2008.04.16 12:53:50.809,1.97795,1.9782,0.90,0.90
2008.04.16 12:53:51.094,1.97795,1.9782,0.90,0.90
2008.04.16 12:53:51.379,1.97795,1.9782,0.90,0.90
2008.04.16 12:53:51.619,1.97795,1.9782,0.90,0.90
2008.04.16 12:53:51.859,1.97795,1.9782,0.90,0.90
2008.04.16 12:53:52.099,1.97795,1.9782,0.90,0.90
2008.04.16 12:53:52.343,1.97795,1.9782,0.90,0.90
2008.04.16 12:53:52.615,1.97795,1.9782,0.90,0.90
2008.04.16 12:53:52.885,1.97795,1.9782,0.90,0.90
2008.04.16 12:53:53.155,1.978,1.9782,0.90,0.30
2008.04.16 12:53:53.424,1.978,1.9782,0.90,0.30
2008.04.16 12:53:53.700,1.978,1.9782,0.90,0.30
2008.04.16 12:53:53.976,1.978,1.9782,0.90,0.60
2008.04.16 12:53:54.282,1.978,1.97815,0.90,2.40
2008.04.16 12:53:54.558,1.978,1.97815,0.90,2.40
2008.04.16 12:53:54.816,1.978,1.97815,0.90,2.40
2008.04.16 12:53:55.072,1.978,1.97815,0.90,2.40
2008.04.16 12:53:55.331,1.978,1.97815,0.90,2.40
2008.04.16 12:53:55.584,1.978,1.97815,0.90,2.40
2008.04.16 12:53:55.869,1.978,1.97815,0.90,2.40
2008.04.16 12:53:56.155,1.978,1.97815,0.90,2.40
2008.04.16 12:53:56.440,1.978,1.97815,0.90,2.40
2008.04.16 12:53:56.693,1.978,1.97815,0.90,2.40
2008.04.16 12:53:56.974,1.978,1.9782,0.90,1.10
2008.04.16 12:53:57.095,1.978,1.9782,0.90,1.10
2008.04.16 12:53:57.256,1.97795,1.9782,0.90,1.40
2008.04.16 12:53:57.473,1.97795,1.97815,0.90,2.40
2008.04.16 12:53:57.698,1.9779,1.97815,2.90,3.30
2008.04.16 12:53:57.923,1.9779,1.97815,1.10,3.30
2008.04.16 12:53:58.147,1.9779,1.97815,2.70,3.30
2008.04.16 12:53:58.371,1.9779,1.97815,2.20,3.30
2008.04.16 12:53:58.596,1.9779,1.97815,0.70,3.30
2008.04.16 12:53:58.862,1.9779,1.97815,1.20,3.30
2008.04.16 12:53:59.125,1.9779,1.97815,0.60,3.30
2008.04.16 12:53:59.390,1.9779,1.97815,1.40,3.30
2008.04.16 12:53:59.655,1.9779,1.97815,0.80,3.30
2008.04.16 12:53:59.866,1.9779,1.97815,3.00,3.30
2008.04.16 12:54:00.107,1.9779,1.97815,0.80,3.30
2008.04.16 12:54:00.351,1.9779,1.9781,1.00,1.20
2008.04.16 12:54:00.561,1.9779,1.9781,1.40,3.30
2008.04.16 12:54:00.871,1.9779,1.97805,1.00,2.40
2008.04.16 12:54:01.182,1.9779,1.97805,1.30,2.40
2008.04.16 12:54:01.492,1.9779,1.97805,1.70,2.40
2008.04.16 12:54:01.803,1.9779,1.978,0.70,4.10
2008.04.16 12:54:02.073,1.9779,1.978,1.00,4.10
2008.04.16 12:54:02.345,1.9779,1.97805,0.60,5.70
2008.04.16 12:54:02.615,1.9779,1.97805,1.00,4.80
2008.04.16 12:54:02.887,1.9779,1.97815,1.20,11.80
2008.04.16 12:54:03.147,1.97795,1.97815,0.90,10.80
2008.04.16 12:54:03.407,1.97795,1.97815,0.90,3.20
2008.04.16 12:54:03.669,1.97795,1.97815,0.90,2.40
2008.04.16 12:54:03.974,1.97795,1.97815,0.90,2.40
2008.04.16 12:54:04.280,1.97795,1.97815,0.90,2.40
2008.04.16 12:54:04.585,1.97795,1.97815,0.90,2.40
2008.04.16 12:54:04.890,1.97795,1.97815,0.90,2.40
2008.04.16 12:54:05.125,1.97795,1.97805,0.90,2.40
2008.04.16 12:54:05.363,1.9779,1.978,1.00,4.10
2008.04.16 12:54:05.598,1.9779,1.978,1.00,3.20
2008.04.16 12:54:05.835,1.97785,1.978,0.90,2.40
2008.04.16 12:54:06.101,1.97785,1.97805,0.90,2.40
2008.04.16 12:54:06.370,1.97785,1.97805,0.90,2.40
2008.04.16 12:54:06.634,1.9778,1.97805,0.80,3.30
2008.04.16 12:54:06.934,1.9778,1.97795,0.70,2.40
2008.04.16 12:54:07.209,1.9778,1.97805,1.20,5.70
2008.04.16 12:54:07.486,1.9778,1.97805,0.50,7.80
2008.04.16 12:54:07.759,1.9778,1.97805,0.70,7.80
2008.04.16 12:54:08.046,1.9778,1.97805,0.90,7.80
2008.04.16 12:54:08.324,1.9778,1.97805,0.80,7.80
2008.04.16 12:54:08.599,1.9778,1.97805,0.50,7.80
2008.04.16 12:54:08.813,1.9778,1.97805,0.80,7.80
2008.04.16 12:54:09.048,1.9778,1.97805,1.10,7.80
2008.04.16 12:54:09.316,1.9778,1.97805,1.10,7.80
2008.04.16 12:54:09.552,1.9778,1.97805,1.00,7.80
2008.04.16 12:54:09.804,1.9778,1.97805,0.50,7.80
2008.04.16 12:54:10.042,1.9778,1.97805,1.10,7.80
2008.04.16 12:54:10.284,1.9778,1.97805,0.80,7.80
2008.04.16 12:54:10.524,1.9778,1.97805,0.60,7.80
2008.04.16 12:54:10.763,1.9778,1.97805,0.80,7.80
2008.04.16 12:54:11.004,1.9778,1.97805,1.10,7.80
2008.04.16 12:54:11.346,1.9778,1.97805,0.60,7.80
2008.04.16 12:54:11.683,1.9778,1.97805,0.90,7.80
2008.04.16 12:54:11.990,1.9778,1.97805,1.20,7.80
2008.04.16 12:54:12.220,1.9778,1.97805,1.00,7.80
2008.04.16 12:54:12.449,1.9778,1.97805,0.70,7.80
2008.04.16 12:54:12.679,1.9778,1.97805,0.70,7.80
2008.04.16 12:54:12.909,1.9778,1.97805,0.70,7.80
2008.04.16 12:54:13.153,1.9778,1.97805,1.10,7.80
2008.04.16 12:54:13.398,1.9778,1.97805,0.90,7.80
2008.04.16 12:54:13.644,1.9778,1.97805,0.70,7.80
2008.04.16 12:54:13.889,1.9778,1.97805,0.80,7.80
2008.04.16 12:54:14.133,1.9778,1.97805,1.10,7.80
2008.04.16 12:54:14.378,1.9778,1.97805,0.90,7.80
2008.04.16 12:54:14.622,1.9778,1.97805,0.50,7.80
2008.04.16 12:54:14.866,1.9778,1.978,1.10,0.40
2008.04.16 12:54:15.111,1.9778,1.978,1.00,1.50
2008.04.16 12:54:15.444,1.9778,1.978,0.80,5.30
2008.04.16 12:54:15.746,1.9778,1.9779,0.80,1.70
2008.04.16 12:54:16.047,1.9777,1.9779,0.90,3.10
2008.04.16 12:54:16.337,1.97755,1.9778,0.90,0.90
2008.04.16 12:54:16.593,1.97755,1.9778,0.70,0.90
2008.04.16 12:54:16.851,1.97755,1.97775,0.80,0.80
2008.04.16 12:54:17.106,1.97755,1.9778,0.80,3.50
2008.04.16 12:54:17.412,1.97755,1.9778,0.90,3.70
2008.04.16 12:54:17.717,1.9775,1.97775,0.70,0.90
2008.04.16 12:54:18.023,1.9775,1.97775,0.90,4.90
2008.04.16 12:54:18.282,1.9775,1.9777,0.90,0.90
2008.04.16 12:54:18.538,1.9775,1.9777,0.90,0.90
2008.04.16 12:54:18.796,1.9775,1.97775,0.90,5.70
2008.04.16 12:54:19.051,1.9775,1.97775,0.90,4.90
2008.04.16 12:54:19.341,1.9775,1.97775,0.80,0.90
2008.04.16 12:54:19.632,1.9776,1.9778,0.90,3.30
2008.04.16 12:54:19.958,1.9776,1.9778,0.90,0.90
2008.04.16 12:54:20.243,1.9776,1.9778,0.90,1.70
2008.04.16 12:54:20.524,1.9776,1.9778,0.90,1.70
2008.04.16 12:54:20.805,1.9776,1.9778,0.90,1.70
2008.04.16 12:54:21.086,1.9776,1.9778,0.90,1.70
2008.04.16 12:54:21.371,1.97765,1.97785,0.90,4.80
2008.04.16 12:54:21.618,1.97765,1.9779,0.90,5.70
2008.04.16 12:54:21.867,1.97775,1.9779,0.90,4.00
2008.04.16 12:54:22.114,1.9777,1.9779,1.00,2.40
2008.04.16 12:54:22.450,1.9777,1.9779,0.70,2.40
2008.04.16 12:54:22.763,1.9778,1.978,0.90,4.10
2008.04.16 12:54:23.075,1.9778,1.97805,0.90,7.00
2008.04.16 12:54:23.373,1.97775,1.978,0.90,0.90
2008.04.16 12:54:24.655,1.9778,1.978,0.90,1.70
2008.04.16 12:54:24.763,1.97795,1.978,0.90,0.80
2008.04.16 12:54:24.868,1.97795,1.978,0.90,0.80
2008.04.16 12:54:24.982,1.97795,1.97805,0.90,2.40
2008.04.16 12:54:25.128,1.97795,1.97805,0.90,2.40
2008.04.16 12:54:25.229,1.97795,1.9781,0.90,0.80
2008.04.16 12:54:25.334,1.97795,1.9781,0.90,0.80
2008.04.16 12:54:25.439,1.97795,1.9781,0.90,0.80
2008.04.16 12:54:25.545,1.97795,1.9781,0.90,0.80
2008.04.16 12:54:25.691,1.97795,1.9782,0.90,6.50
2008.04.16 12:54:26.073,1.97795,1.9782,0.90,6.50
2008.04.16 12:54:26.413,1.97805,1.97825,0.90,1.60
2008.04.16 12:54:26.748,1.97805,1.97825,0.90,1.60
2008.04.16 12:54:26.999,1.97805,1.97825,0.90,4.80
2008.04.16 12:54:27.282,1.97805,1.97825,0.90,4.80
2008.04.16 12:54:27.531,1.97805,1.97825,0.90,4.80
2008.04.16 12:54:27.791,1.97805,1.97825,0.90,4.80
2008.04.16 12:54:28.098,1.97805,1.97825,0.90,4.80
2008.04.16 12:54:28.405,1.97805,1.97825,0.90,4.00
2008.04.16 12:54:28.709,1.97805,1.97825,0.90,2.40
2008.04.16 12:54:29.034,1.97805,1.97825,0.90,4.80
2008.04.16 12:54:29.292,1.97805,1.97825,0.90,4.80
2008.04.16 12:54:29.549,1.97805,1.97825,0.90,4.80
2008.04.16 12:54:29.835,1.97805,1.97825,0.90,1.60
2008.04.16 12:54:30.126,1.97805,1.97825,0.90,1.60
2008.04.16 12:54:30.417,1.97805,1.97825,0.90,1.60
2008.04.16 12:54:30.714,1.97805,1.97825,0.90,4.80
2008.04.16 12:54:31.003,1.97805,1.97825,0.90,5.60
2008.04.16 12:54:31.287,1.97805,1.97825,0.90,5.60
2008.04.16 12:54:31.575,1.97805,1.97825,0.90,5.60
2008.04.16 12:54:31.859,1.97805,1.97825,0.90,5.60
2008.04.16 12:54:32.109,1.97805,1.97825,0.90,5.60
2008.04.16 12:54:32.358,1.97805,1.97825,0.90,5.60
2008.04.16 12:54:32.609,1.97805,1.97825,0.90,5.60
2008.04.16 12:54:32.858,1.97805,1.97825,0.90,5.60
2008.04.16 12:54:33.163,1.97805,1.97825,0.90,5.60
2008.04.16 12:54:33.475,1.97805,1.97825,0.90,10.00
2008.04.16 12:54:33.779,1.97805,1.97825,0.90,10.00
2008.04.16 12:54:34.083,1.97805,1.97825,0.90,10.00
2008.04.16 12:54:34.352,1.97805,1.97825,0.90,10.00
2008.04.16 12:54:34.621,1.97805,1.97825,0.90,10.00
2008.04.16 12:54:34.892,1.97805,1.97825,0.90,10.00
2008.04.16 12:54:35.156,1.978,1.97825,1.00,11.00
2008.04.16 12:54:35.380,1.978,1.97825,0.60,12.60
2008.04.16 12:54:35.604,1.978,1.97825,0.90,12.60
2008.04.16 12:54:35.831,1.97795,1.9782,0.60,1.70
2008.04.16 12:54:36.145,1.97795,1.9782,0.90,3.30
2008.04.16 12:54:36.460,1.97795,1.9782,0.90,3.30
2008.04.16 12:54:36.785,1.97795,1.9782,0.90,3.30
2008.04.16 12:54:37.139,1.9779,1.97815,0.90,0.90
2008.04.16 12:54:37.424,1.9779,1.97815,0.90,2.50
2008.04.16 12:54:37.690,1.9779,1.9781,0.90,0.90
2008.04.16 12:54:37.962,1.9779,1.9781,0.90,0.90
2008.04.16 12:54:38.209,1.97795,1.97815,0.90,6.80
2008.04.16 12:54:38.456,1.97795,1.9782,0.90,7.00
2008.04.16 12:54:38.703,1.978,1.9782,0.90,6.00
2008.04.16 12:54:38.948,1.978,1.97825,0.60,12.60
2008.04.16 12:54:39.262,1.978,1.97825,0.80,12.60
2008.04.16 12:54:39.553,1.978,1.97825,0.60,12.60
2008.04.16 12:54:39.842,1.978,1.97825,0.70,12.60
2008.04.16 12:54:40.132,1.978,1.97825,0.60,12.60
2008.04.16 12:54:40.413,1.978,1.9782,0.70,0.80
2008.04.16 12:54:40.716,1.978,1.9782,1.20,1.20
2008.04.16 12:54:40.998,1.978,1.9782,0.50,1.20
2008.04.16 12:54:41.280,1.978,1.9782,0.60,1.20
2008.04.16 12:54:41.605,1.978,1.9782,1.10,1.50
2008.04.16 12:54:41.894,1.978,1.9782,0.80,5.30
2008.04.16 12:54:42.184,1.978,1.9782,0.80,6.90
2008.04.16 12:54:42.446,1.978,1.9782,0.80,6.90
2008.04.16 12:54:42.707,1.978,1.9782,0.80,6.90
2008.04.16 12:54:42.980,1.97795,1.9782,1.10,7.70
2008.04.16 12:54:43.259,1.97795,1.9782,0.90,7.70
2008.04.16 12:54:43.532,1.97795,1.9782,1.20,7.70
2008.04.16 12:54:43.801,1.97795,1.9782,1.00,7.70
2008.04.16 12:54:44.074,1.97795,1.9782,0.50,7.70
2008.04.16 12:54:44.348,1.97795,1.9782,0.60,7.70
2008.04.16 12:54:44.640,1.97795,1.9782,0.90,7.70
2008.04.16 12:54:44.945,1.97795,1.9782,0.70,7.50
2008.04.16 12:54:45.251,1.97795,1.9782,1.20,7.50
2008.04.16 12:54:45.499,1.97795,1.9782,0.60,7.30
2008.04.16 12:54:45.747,1.97795,1.9782,1.10,7.30
2008.04.16 12:54:45.962,1.97795,1.9782,0.80,7.30
2008.04.16 12:54:46.176,1.97795,1.9782,1.20,7.30
2008.04.16 12:54:46.391,1.97795,1.9782,1.10,7.20
2008.04.16 12:54:46.682,1.97795,1.9782,0.50,7.00
2008.04.16 12:54:46.971,1.97795,1.9782,0.60,7.00
2008.04.16 12:54:47.261,1.97795,1.9782,0.80,7.00
2008.04.16 12:54:47.507,1.97795,1.9782,1.20,7.00
2008.04.16 12:54:47.747,1.97795,1.9782,0.90,7.00
2008.04.16 12:54:48.012,1.97795,1.9782,1.20,7.00
2008.04.16 12:54:48.281,1.97795,1.9782,0.50,7.00
2008.04.16 12:54:48.528,1.97795,1.9782,0.90,7.00
2008.04.16 12:54:48.808,1.97795,1.9782,1.70,7.00
2008.04.16 12:54:49.088,1.97795,1.9782,1.70,7.00
2008.04.16 12:54:49.369,1.97795,1.9782,1.70,7.00
2008.04.16 12:54:49.662,1.97795,1.9782,1.70,7.00
2008.04.16 12:54:49.928,1.97795,1.9782,1.70,7.00
2008.04.16 12:54:50.194,1.97795,1.9782,1.70,7.00
2008.04.16 12:54:50.458,1.97795,1.9782,1.70,7.00
2008.04.16 12:54:50.748,1.97795,1.9782,1.70,7.00
2008.04.16 12:54:51.038,1.97795,1.9782,1.70,7.00
2008.04.16 12:54:51.329,1.97795,1.9782,1.70,7.00
2008.04.16 12:54:51.580,1.97795,1.9782,1.70,7.00
2008.04.16 12:54:51.828,1.97795,1.9782,1.70,7.00
2008.04.16 12:54:52.078,1.97795,1.9782,1.70,7.00
2008.04.16 12:54:52.328,1.97795,1.9782,1.70,7.00
2008.04.16 12:54:52.579,1.97795,1.9782,1.70,7.00
2008.04.16 12:54:54.909,1.97795,1.9782,1.70,7.00
2008.04.16 12:54:54.990,1.97795,1.9782,1.70,7.00
2008.04.16 12:54:55.009,1.97795,1.9782,1.70,7.00
2008.04.16 12:54:55.065,1.97795,1.9782,1.70,7.00
2008.04.16 12:54:55.164,1.97795,1.9782,1.70,7.00
2008.04.16 12:54:55.190,1.97795,1.9782,1.70,7.00
2008.04.16 12:54:55.242,1.97795,1.9782,1.70,7.00
2008.04.16 12:54:55.297,1.97795,1.9782,1.70,7.00
2008.04.16 12:54:55.320,1.97795,1.9782,1.70,7.00
2008.04.16 12:54:55.376,1.97795,1.9782,1.70,7.00
2008.04.16 12:54:55.429,1.97795,1.9782,1.70,7.00
2008.04.16 12:54:55.452,1.97795,1.9782,1.70,7.00
2008.04.16 12:54:55.537,1.97795,1.9782,1.70,7.00
2008.04.16 12:54:55.593,1.97795,1.9782,1.70,7.00
2008.04.16 12:54:55.617,1.97805,1.9782,0.80,7.00
2008.04.16 12:54:55.673,1.97805,1.9782,0.80,7.00
2008.04.16 12:54:55.695,1.97805,1.9782,0.80,7.00
2008.04.16 12:54:55.750,1.97805,1.9782,0.80,7.00
2008.04.16 12:54:55.812,1.97805,1.9782,0.80,7.00
2008.04.16 12:54:56.148,1.97805,1.9782,0.30,7.00
2008.04.16 12:54:56.483,1.97805,1.9782,0.30,7.00
2008.04.16 12:54:56.818,1.97805,1.9782,0.30,7.00
2008.04.16 12:54:56.989,1.97805,1.9782,0.30,7.00
2008.04.16 12:54:57.199,1.97805,1.9782,0.30,7.00
2008.04.16 12:54:57.402,1.97805,1.9782,0.30,7.00
2008.04.16 12:54:57.603,1.97805,1.9782,0.30,7.00
2008.04.16 12:54:57.807,1.97805,1.9782,0.30,7.00
2008.04.16 12:54:58.138,1.97805,1.9782,0.30,7.00
2008.04.16 12:54:58.472,1.97805,1.9782,0.30,7.00
2008.04.16 12:54:58.807,1.97805,1.9782,0.30,7.00
2008.04.16 12:54:59.142,1.97805,1.9782,0.30,7.00
2008.04.16 12:54:59.361,1.97805,1.9782,0.30,7.00
2008.04.16 12:54:59.587,1.97805,1.9782,0.30,7.00
2008.04.16 12:54:59.838,1.97805,1.9782,0.30,7.00
2008.04.16 12:55:00.058,1.97805,1.9782,0.30,7.00
2008.04.16 12:55:00.343,1.97805,1.9782,0.30,7.00
2008.04.16 12:55:00.629,1.97805,1.9782,0.30,7.00
2008.04.16 12:55:00.916,1.97805,1.9782,0.30,7.00
2008.04.16 12:55:01.155,1.97805,1.9782,0.30,7.00
2008.04.16 12:55:01.395,1.97805,1.9782,0.30,7.00
2008.04.16 12:55:01.634,1.97805,1.9782,0.30,7.00
2008.04.16 12:55:01.875,1.97805,1.9782,0.30,7.00
2008.04.16 12:55:02.115,1.97805,1.9782,0.30,7.00
2008.04.16 12:55:02.371,1.97805,1.9782,0.30,2.40
2008.04.16 12:55:02.658,1.97805,1.97825,0.30,4.10
2008.04.16 12:55:02.945,1.97805,1.97825,0.30,4.10
2008.04.16 12:55:03.200,1.97805,1.97825,0.30,4.60
2008.04.16 12:55:03.459,1.97805,1.97825,0.30,4.60
2008.04.16 12:55:03.727,1.97805,1.97825,0.30,4.60
2008.04.16 12:55:03.999,1.97805,1.97825,0.30,4.60
2008.04.16 12:55:04.315,1.97805,1.97825,0.30,7.00
2008.04.16 12:55:04.624,1.97805,1.97825,0.30,7.00
2008.04.16 12:55:04.873,1.97805,1.97825,0.30,7.00
2008.04.16 12:55:05.154,1.97805,1.97825,0.30,7.00
2008.04.16 12:55:05.369,1.97805,1.97825,0.30,6.50
2008.04.16 12:55:05.637,1.97805,1.97825,0.30,1.70
2008.04.16 12:55:05.885,1.97805,1.97825,0.30,1.70
2008.04.16 12:55:06.133,1.97805,1.97825,0.30,1.70
2008.04.16 12:55:06.467,1.97805,1.97825,0.30,1.70
2008.04.16 12:55:06.801,1.97805,1.97825,0.30,1.70
2008.04.16 12:55:07.136,1.97805,1.97825,0.30,1.70
2008.04.16 12:55:07.316,1.97805,1.97825,0.30,1.70
2008.04.16 12:55:07.497,1.97805,1.97825,0.30,5.70
2008.04.16 12:55:07.678,1.97805,1.97825,0.30,5.70
2008.04.16 12:55:07.859,1.97805,1.9782,0.30,0.90
2008.04.16 12:55:08.040,1.97805,1.9782,0.30,0.90
2008.04.16 12:55:08.220,1.97805,1.9782,0.30,0.90
2008.04.16 12:55:08.581,1.97805,1.9782,0.30,0.90
2008.04.16 12:55:08.918,1.97805,1.9782,0.30,0.90
2008.04.16 12:55:09.253,1.97805,1.9782,0.30,0.90
2008.04.16 12:55:09.489,1.97805,1.9782,0.30,0.90
2008.04.16 12:55:09.724,1.97805,1.9782,0.30,0.90
2008.04.16 12:55:09.958,1.97805,1.9782,0.30,0.90
2008.04.16 12:55:10.192,1.97805,1.9782,0.30,0.90
2008.04.16 12:55:10.522,1.97805,1.9782,0.30,0.90
2008.04.16 12:55:10.852,1.97805,1.97815,0.30,0.90
2008.04.16 12:55:11.183,1.97805,1.97815,0.30,3.30
2008.04.16 12:55:11.515,1.97805,1.97815,0.30,4.90
2008.04.16 12:55:11.766,1.97805,1.97815,0.30,2.50
2008.04.16 12:55:12.016,1.97805,1.97815,0.30,0.90
2008.04.16 12:55:12.266,1.97805,1.97815,0.30,0.90
2008.04.16 12:55:12.556,1.97805,1.97815,0.30,0.90
2008.04.16 12:55:12.847,1.97805,1.97815,0.30,0.90
2008.04.16 12:55:13.139,1.97805,1.97815,0.30,2.50
2008.04.16 12:55:13.429,1.97805,1.97815,0.30,2.50
2008.04.16 12:55:13.674,1.97805,1.97815,0.30,4.90
2008.04.16 12:55:13.951,1.97805,1.97815,0.30,4.00
2008.04.16 12:55:14.195,1.97805,1.9782,0.30,0.80
2008.04.16 12:55:14.441,1.97805,1.9782,0.30,0.80
2008.04.16 12:55:14.735,1.97805,1.9782,0.30,0.80
2008.04.16 12:55:15.032,1.97805,1.97825,0.30,15.00
2008.04.16 12:55:15.327,1.97805,1.97825,0.30,12.60
2008.04.16 12:55:15.654,1.97805,1.97825,0.30,8.60
2008.04.16 12:55:15.937,1.97805,1.97825,1.20,5.60
2008.04.16 12:55:16.218,1.97805,1.97825,1.20,3.20
2008.04.16 12:55:16.500,1.97805,1.97825,0.30,7.00
2008.04.16 12:55:16.810,1.97805,1.97825,0.30,7.00
2008.04.16 12:55:17.088,1.97805,1.97825,0.30,7.00
2008.04.16 12:55:17.365,1.97805,1.97825,1.20,6.00
2008.04.16 12:55:17.636,1.97805,1.97825,1.20,3.60
2008.04.16 12:55:17.897,1.97805,1.97825,0.30,4.60
2008.04.16 12:55:18.158,1.97805,1.97825,0.30,4.60
2008.04.16 12:55:18.420,1.97805,1.97825,1.20,0.80
2008.04.16 12:55:18.742,1.97805,1.97825,1.20,0.80
2008.04.16 12:55:19.032,1.97805,1.97825,1.20,0.80
2008.04.16 12:55:19.323,1.97805,1.97825,1.20,0.80
2008.04.16 12:55:19.613,1.9781,1.97825,0.30,0.80
2008.04.16 12:55:19.869,1.97815,1.97825,0.90,0.80
2008.04.16 12:55:20.126,1.97815,1.97825,0.90,0.80
2008.04.16 12:55:20.396,1.97815,1.97825,0.90,0.80
2008.04.16 12:55:20.650,1.97815,1.97825,0.90,0.80
2008.04.16 12:55:20.931,1.9781,1.97825,0.90,0.80
2008.04.16 12:55:21.212,1.9781,1.97825,0.90,0.80
2008.04.16 12:55:21.494,1.97815,1.97825,0.90,0.80
2008.04.16 12:55:21.787,1.97815,1.97825,0.90,0.80
2008.04.16 12:55:22.073,1.9781,1.97825,0.90,0.80
2008.04.16 12:55:22.358,1.9781,1.97825,0.90,0.80
2008.04.16 12:55:22.643,1.9781,1.97825,0.90,0.80
2008.04.16 12:55:22.913,1.9781,1.97825,0.90,0.80
2008.04.16 12:55:23.184,1.9781,1.97825,0.90,0.80
2008.04.16 12:55:23.488,1.9781,1.97825,0.90,0.80
2008.04.16 12:55:23.726,1.9781,1.97825,0.90,0.80
2008.04.16 12:55:23.996,1.9781,1.97825,0.90,0.80
2008.04.16 12:55:24.268,1.9781,1.97825,0.90,0.80
2008.04.16 12:55:24.538,1.9781,1.97825,0.90,0.80
2008.04.16 12:55:24.813,1.9781,1.97825,0.90,0.80
2008.04.16 12:55:25.088,1.9781,1.97825,0.90,0.80
2008.04.16 12:55:25.362,1.9781,1.97825,0.90,0.80
2008.04.16 12:55:25.638,1.9781,1.97825,0.90,0.80
2008.04.16 12:55:25.915,1.9781,1.97825,0.90,0.80
2008.04.16 12:55:26.192,1.9781,1.97825,0.90,0.80
2008.04.16 12:55:26.467,1.97805,1.97825,1.20,0.80
2008.04.16 12:55:26.742,1.97805,1.97825,1.20,0.80
2008.04.16 12:55:27.023,1.97815,1.97825,0.90,0.80
2008.04.16 12:55:27.307,1.9782,1.97825,0.90,0.80
2008.04.16 12:55:27.594,1.9782,1.9784,1.70,5.60
2008.04.16 12:55:27.873,1.9782,1.9784,1.70,5.60
2008.04.16 12:55:28.095,1.9782,1.9784,1.70,5.70
2008.04.16 12:55:28.316,1.9782,1.97835,0.80,0.80
2008.04.16 12:55:28.537,1.97815,1.9784,0.90,11.50
2008.04.16 12:55:28.759,1.9781,1.97835,3.30,0.90
2008.04.16 12:55:29.132,1.9781,1.97835,1.70,3.30
2008.04.16 12:55:29.468,1.9781,1.9783,0.90,1.70
2008.04.16 12:55:29.806,1.9781,1.9783,0.90,1.70
2008.04.16 12:55:30.055,1.9781,1.9783,0.90,1.70
2008.04.16 12:55:30.257,1.97805,1.9783,1.20,1.70
2008.04.16 12:55:30.465,1.97805,1.9783,1.20,2.20
2008.04.16 12:55:30.704,1.97805,1.9783,1.20,3.80
2008.04.16 12:55:31.021,1.97805,1.9783,1.20,3.80
2008.04.16 12:55:31.333,1.97805,1.9783,1.20,3.80
2008.04.16 12:55:31.673,1.97805,1.9783,1.20,3.80
2008.04.16 12:55:32.012,1.97805,1.9783,1.20,3.80
2008.04.16 12:55:32.181,1.97805,1.9783,1.20,3.80
2008.04.16 12:55:32.386,1.97805,1.9783,1.20,3.80
2008.04.16 12:55:32.591,1.97805,1.9783,1.20,3.80
2008.04.16 12:55:32.795,1.97805,1.9783,1.20,3.80
2008.04.16 12:55:33.079,1.97805,1.9783,1.20,3.80
2008.04.16 12:55:33.363,1.97805,1.9783,1.20,3.80
2008.04.16 12:55:33.648,1.97805,1.9783,1.20,3.80
2008.04.16 12:55:33.934,1.97805,1.9783,1.20,3.80
2008.04.16 12:55:34.138,1.97805,1.9783,1.20,3.80
2008.04.16 12:55:34.377,1.97805,1.9783,1.20,3.80
2008.04.16 12:55:34.614,1.9781,1.9783,0.30,3.80
2008.04.16 12:55:34.819,1.9781,1.9783,0.30,3.80
2008.04.16 12:55:35.129,1.9781,1.9783,0.30,3.80
2008.04.16 12:55:35.437,1.9781,1.9783,0.30,3.80
2008.04.16 12:55:35.756,1.9781,1.9783,0.30,3.80
2008.04.16 12:55:36.066,1.9781,1.9783,0.30,3.80
2008.04.16 12:55:36.290,1.9781,1.9783,0.30,3.80
2008.04.16 12:55:36.515,1.9781,1.9783,0.30,3.80
2008.04.16 12:55:36.742,1.9781,1.9782,0.30,4.00
2008.04.16 12:55:36.997,1.97805,1.9782,0.90,4.00
2008.04.16 12:55:37.300,1.97805,1.9782,0.90,4.00
2008.04.16 12:55:37.598,1.978,1.9782,1.70,4.00
2008.04.16 12:55:37.899,1.97805,1.9782,0.90,4.00
2008.04.16 12:55:38.184,1.97805,1.9782,0.90,4.00
2008.04.16 12:55:38.499,1.97805,1.9782,0.90,4.00
2008.04.16 12:55:38.785,1.97805,1.9782,0.90,4.00
2008.04.16 12:55:39.069,1.97805,1.9782,0.90,4.00
2008.04.16 12:55:39.309,1.97805,1.9782,0.90,4.00
2008.04.16 12:55:39.550,1.97805,1.9782,0.90,4.00
2008.04.16 12:55:39.800,1.97805,1.9782,0.90,4.00
2008.04.16 12:55:40.071,1.97805,1.9782,0.90,4.00
2008.04.16 12:55:40.343,1.97805,1.9782,0.90,4.00
2008.04.16 12:55:40.617,1.97805,1.9782,0.90,4.00
2008.04.16 12:55:40.887,1.97805,1.9782,0.90,4.00
2008.04.16 12:55:41.161,1.97805,1.9783,0.90,3.80
2008.04.16 12:55:41.420,1.9781,1.9783,0.90,1.70
2008.04.16 12:55:41.712,1.9781,1.9783,0.90,1.70
2008.04.16 12:55:41.987,1.9781,1.97835,0.90,8.60
2008.04.16 12:55:42.266,1.9781,1.97835,0.90,5.40
2008.04.16 12:55:42.548,1.9781,1.97835,0.90,4.90
2008.04.16 12:55:42.829,1.9781,1.97835,0.90,8.10
2008.04.16 12:55:43.110,1.9781,1.97835,0.90,7.00
2008.04.16 12:55:43.381,1.9781,1.97835,0.90,5.40
2008.04.16 12:55:43.652,1.9781,1.97835,1.70,5.40
2008.04.16 12:55:43.922,1.9781,1.97835,1.70,9.40
2008.04.16 12:55:44.224,1.9781,1.97835,1.70,11.80
2008.04.16 12:55:44.479,1.9781,1.9783,1.70,0.80
2008.04.16 12:55:44.735,1.9781,1.97835,1.70,11.00
2008.04.16 12:55:44.989,1.9781,1.97835,1.70,11.00
2008.04.16 12:55:45.280,1.9781,1.97835,1.70,8.60
2008.04.16 12:55:45.569,1.9781,1.97835,1.70,8.60
2008.04.16 12:55:45.858,1.9781,1.97835,1.70,8.60
2008.04.16 12:55:46.173,1.9781,1.97835,1.70,8.60
2008.04.16 12:55:46.448,1.9781,1.97835,1.70,8.60
2008.04.16 12:55:46.723,1.9781,1.97835,1.70,8.60
2008.04.16 12:55:46.998,1.9781,1.97835,1.70,8.60
2008.04.16 12:55:47.253,1.9781,1.97835,1.70,8.60
2008.04.16 12:55:47.508,1.9781,1.97835,1.70,9.40
2008.04.16 12:55:47.763,1.9781,1.97835,1.70,9.40
2008.04.16 12:55:48.018,1.9781,1.97835,1.70,9.40
2008.04.16 12:55:48.329,1.9781,1.97835,1.70,9.40
2008.04.16 12:55:48.603,1.9781,1.97835,1.70,9.40
2008.04.16 12:55:48.883,1.9781,1.97835,1.70,9.40
2008.04.16 12:55:49.194,1.9781,1.97835,1.70,9.40
2008.04.16 12:55:49.473,1.97805,1.9783,0.90,2.20
2008.04.16 12:55:49.748,1.97805,1.9783,0.90,3.80
2008.04.16 12:55:50.026,1.978,1.97825,1.70,3.30
2008.04.16 12:55:50.290,1.978,1.97825,1.70,3.30
2008.04.16 12:55:50.556,1.978,1.97825,1.70,3.30
2008.04.16 12:55:50.857,1.978,1.97825,1.70,3.30
2008.04.16 12:55:51.122,1.978,1.97825,1.70,3.30
2008.04.16 12:55:51.415,1.978,1.97825,1.70,3.30
2008.04.16 12:55:51.681,1.978,1.97825,1.70,3.30
2008.04.16 12:55:51.963,1.978,1.97825,1.70,3.30
2008.04.16 12:55:52.267,1.978,1.97825,1.70,4.10
2008.04.16 12:55:52.593,1.978,1.97825,1.70,4.10
2008.04.16 12:55:52.884,1.978,1.97825,1.70,4.10
2008.04.16 12:55:53.176,1.978,1.97825,1.70,3.30
2008.04.16 12:55:53.397,1.978,1.97825,1.70,4.10
2008.04.16 12:55:53.647,1.978,1.97825,1.70,4.10
2008.04.16 12:55:53.903,1.978,1.97825,1.70,4.10
2008.04.16 12:55:54.136,1.978,1.97825,1.70,4.10
2008.04.16 12:55:54.417,1.978,1.97825,1.70,4.10
2008.04.16 12:55:54.725,1.978,1.97825,1.70,4.10
2008.04.16 12:55:55.004,1.978,1.97825,1.70,4.10
2008.04.16 12:55:55.283,1.978,1.97825,1.70,4.10
2008.04.16 12:55:55.556,1.978,1.97825,1.70,4.10
2008.04.16 12:55:55.797,1.978,1.97825,1.70,3.30
2008.04.16 12:55:56.037,1.97805,1.97825,0.90,2.40
2008.04.16 12:55:56.279,1.97805,1.9783,0.90,3.80
2008.04.16 12:55:56.575,1.97805,1.97825,0.90,2.40
2008.04.16 12:55:56.870,1.97805,1.97825,0.90,2.40
2008.04.16 12:55:57.197,1.97805,1.9783,0.90,3.80
2008.04.16 12:55:57.452,1.97805,1.97825,0.90,0.80
2008.04.16 12:55:57.694,1.9781,1.97825,0.90,0.80
2008.04.16 12:55:57.934,1.9781,1.9783,0.90,1.20
2008.04.16 12:55:58.175,1.9781,1.9783,0.90,1.20
2008.04.16 12:55:58.449,1.9781,1.9783,0.90,1.20
2008.04.16 12:55:58.724,1.9781,1.97825,0.90,0.80
2008.04.16 12:55:59.000,1.97805,1.97825,0.90,0.80
2008.04.16 12:55:59.275,1.97805,1.97825,0.90,0.80
2008.04.16 12:55:59.560,1.978,1.9782,0.80,3.80
2008.04.16 12:55:59.845,1.978,1.9781,0.80,0.80
2008.04.16 12:56:00.131,1.9779,1.97805,1.70,0.80
2008.04.16 12:56:00.417,1.97785,1.97805,3.40,0.80
2008.04.16 12:56:00.684,1.97785,1.97805,1.00,0.80
2008.04.16 12:56:00.950,1.97785,1.97805,1.00,0.80
2008.04.16 12:56:01.216,1.97785,1.9781,0.90,0.90
2008.04.16 12:56:01.482,1.97785,1.9781,0.90,0.90
2008.04.16 12:56:01.791,1.97785,1.9781,0.90,0.90
2008.04.16 12:56:02.068,1.9779,1.97815,0.90,8.60
2008.04.16 12:56:02.344,1.97795,1.97815,0.90,7.60
2008.04.16 12:56:02.621,1.97795,1.97815,0.90,4.80
2008.04.16 12:56:02.897,1.978,1.97815,0.90,4.80
2008.04.16 12:56:03.172,1.978,1.97815,0.90,0.80
2008.04.16 12:56:03.481,1.978,1.97815,0.90,0.80
2008.04.16 12:56:03.761,1.97795,1.9782,0.90,3.30
2008.04.16 12:56:04.045,1.97795,1.9782,0.90,3.30
2008.04.16 12:56:04.330,1.97795,1.9782,0.90,3.30
2008.04.16 12:56:04.585,1.97795,1.9782,0.90,3.30
2008.04.16 12:56:04.840,1.97795,1.9782,0.90,3.30
2008.04.16 12:56:05.128,1.978,1.9782,0.90,1.70
2008.04.16 12:56:05.384,1.978,1.9782,0.90,1.70
2008.04.16 12:56:05.637,1.978,1.9782,0.90,1.70
2008.04.16 12:56:05.937,1.978,1.9782,0.90,1.70
2008.04.16 12:56:06.236,1.978,1.9782,0.90,1.70
2008.04.16 12:56:06.536,1.978,1.9782,0.90,1.70
2008.04.16 12:56:06.818,1.9779,1.97815,1.80,0.90
2008.04.16 12:56:07.097,1.97795,1.97815,0.10,0.90
2008.04.16 12:56:07.377,1.97795,1.9782,0.90,3.30
2008.04.16 12:56:07.657,1.97795,1.97815,0.90,0.80
2008.04.16 12:56:07.913,1.978,1.9782,0.90,2.40
2008.04.16 12:56:08.170,1.978,1.9782,0.90,0.80
2008.04.16 12:56:08.425,1.978,1.9782,0.90,0.80
2008.04.16 12:56:08.727,1.978,1.97825,1.70,8.10
2008.04.16 12:56:09.025,1.978,1.97825,1.70,8.10
2008.04.16 12:56:09.324,1.978,1.97825,1.70,8.10
2008.04.16 12:56:09.625,1.978,1.97825,1.70,8.10
2008.04.16 12:56:09.839,1.978,1.9782,1.70,0.80
2008.04.16 12:56:10.054,1.978,1.9782,1.70,0.80
2008.04.16 12:56:10.270,1.978,1.97825,1.70,10.20
2008.04.16 12:56:10.505,1.978,1.97825,1.70,10.20
2008.04.16 12:56:10.795,1.978,1.97825,1.70,10.20
2008.04.16 12:56:11.087,1.97805,1.97825,0.90,9.20
2008.04.16 12:56:11.378,1.978,1.97825,1.70,8.60
2008.04.16 12:56:11.668,1.978,1.97825,1.70,8.60
2008.04.16 12:56:11.929,1.978,1.97825,1.70,8.60
2008.04.16 12:56:12.190,1.978,1.97825,1.70,10.20
2008.04.16 12:56:12.451,1.97805,1.97825,0.90,4.40
2008.04.16 12:56:12.713,1.97805,1.97825,0.90,2.40
2008.04.16 12:56:12.962,1.97805,1.9783,0.90,3.80
2008.04.16 12:56:13.244,1.97805,1.9783,0.90,3.80
2008.04.16 12:56:13.494,1.97805,1.9783,0.90,3.80
2008.04.16 12:56:13.749,1.97805,1.9783,0.90,3.80
2008.04.16 12:56:14.030,1.97805,1.9783,0.90,3.30
2008.04.16 12:56:14.311,1.97805,1.9783,0.90,3.30
2008.04.16 12:56:14.622,1.97805,1.9783,0.90,3.30
2008.04.16 12:56:14.871,1.97805,1.9783,0.90,3.30
2008.04.16 12:56:15.122,1.97805,1.9783,0.90,3.80
2008.04.16 12:56:15.372,1.97805,1.9783,0.90,3.80
2008.04.16 12:56:15.623,1.97805,1.9783,0.90,3.80
2008.04.16 12:56:15.932,1.97805,1.9783,0.90,3.80
2008.04.16 12:56:16.243,1.97805,1.9783,0.90,3.80
2008.04.16 12:56:16.554,1.97805,1.9783,0.90,3.80
2008.04.16 12:56:16.894,1.97805,1.9783,0.90,3.80
2008.04.16 12:56:17.197,1.97805,1.9783,0.90,3.80
2008.04.16 12:56:17.498,1.97805,1.9783,0.90,3.80
2008.04.16 12:56:17.771,1.97805,1.9783,0.90,3.80
2008.04.16 12:56:18.037,1.978,1.97825,1.80,5.70
2008.04.16 12:56:18.305,1.978,1.97825,1.70,5.70
2008.04.16 12:56:18.573,1.978,1.97825,1.70,5.70
2008.04.16 12:56:18.776,1.978,1.97825,1.70,5.70
2008.04.16 12:56:19.041,1.978,1.97825,1.70,5.70
2008.04.16 12:56:19.307,1.978,1.97825,1.70,5.70
2008.04.16 12:56:19.572,1.978,1.97825,1.70,5.70
2008.04.16 12:56:19.837,1.978,1.97825,1.70,5.70
2008.04.16 12:56:20.128,1.978,1.97825,1.70,5.70
2008.04.16 12:56:20.382,1.978,1.97825,1.70,5.70
2008.04.16 12:56:20.637,1.978,1.97825,1.70,5.70
2008.04.16 12:56:20.904,1.978,1.97825,1.70,5.70
2008.04.16 12:56:21.201,1.978,1.97825,1.70,5.70
2008.04.16 12:56:21.531,1.978,1.97825,1.70,5.70
2008.04.16 12:56:21.826,1.978,1.97825,1.70,5.70
2008.04.16 12:56:22.071,1.978,1.97825,1.70,5.70
2008.04.16 12:56:22.317,1.978,1.97825,1.70,5.70
2008.04.16 12:56:22.579,1.978,1.97825,1.70,5.70
2008.04.16 12:56:22.823,1.978,1.97825,1.70,5.70
2008.04.16 12:56:23.137,1.978,1.97825,1.70,5.70
2008.04.16 12:56:23.424,1.978,1.97825,1.70,5.70
2008.04.16 12:56:23.703,1.978,1.97825,1.70,5.70
2008.04.16 12:56:23.984,1.978,1.9782,0.90,1.70
2008.04.16 12:56:24.260,1.978,1.9782,0.90,1.70
2008.04.16 12:56:24.535,1.9779,1.97815,1.80,0.90
2008.04.16 12:56:24.845,1.9779,1.97815,1.80,0.90
2008.04.16 12:56:25.139,1.9779,1.97815,1.80,0.90
2008.04.16 12:56:25.443,1.9779,1.97815,1.80,0.90
2008.04.16 12:56:25.687,1.9779,1.97815,1.80,0.90
2008.04.16 12:56:25.993,1.9779,1.97815,1.80,0.90
2008.04.16 12:56:26.242,1.9779,1.97815,1.80,0.90
2008.04.16 12:56:26.490,1.9779,1.97815,1.80,0.90
2008.04.16 12:56:26.741,1.9779,1.97815,1.80,0.90
2008.04.16 12:56:26.991,1.9779,1.97815,1.70,2.50
2008.04.16 12:56:27.261,1.9779,1.97815,0.90,2.50
2008.04.16 12:56:27.531,1.9779,1.97815,0.90,2.50
2008.04.16 12:56:27.801,1.9779,1.97815,0.90,4.10
2008.04.16 12:56:28.077,1.9779,1.97815,0.90,4.10
2008.04.16 12:56:28.351,1.9779,1.97815,0.90,4.10
2008.04.16 12:56:28.627,1.9779,1.97815,0.90,2.50
2008.04.16 12:56:28.901,1.9779,1.97815,0.90,2.50
2008.04.16 12:56:29.145,1.9779,1.97815,0.90,0.90
2008.04.16 12:56:29.390,1.9779,1.97815,0.90,0.90
2008.04.16 12:56:29.641,1.9779,1.97815,1.70,0.90
2008.04.16 12:56:29.916,1.9779,1.97815,1.70,0.90
2008.04.16 12:56:30.169,1.9779,1.97815,0.90,4.90
2008.04.16 12:56:30.419,1.9779,1.97815,0.90,4.90
2008.04.16 12:56:30.670,1.9779,1.97815,0.90,4.90
2008.04.16 12:56:30.920,1.9779,1.97815,0.90,4.90
2008.04.16 12:56:31.243,1.9779,1.97815,0.90,4.90
2008.04.16 12:56:31.568,1.9779,1.97815,0.90,4.90
2008.04.16 12:56:31.924,1.9779,1.97815,0.90,4.90
2008.04.16 12:56:32.249,1.9779,1.97815,0.90,4.90
2008.04.16 12:56:32.476,1.9779,1.97815,0.90,4.90
2008.04.16 12:56:32.703,1.9779,1.97815,0.90,4.90
2008.04.16 12:56:32.943,1.9779,1.97815,0.90,4.90
2008.04.16 12:56:33.235,1.9779,1.97815,0.90,4.90
2008.04.16 12:56:33.552,1.9779,1.97815,0.90,4.90
2008.04.16 12:56:33.843,1.9779,1.97815,0.90,4.90
2008.04.16 12:56:34.134,1.9779,1.97815,0.90,4.90
2008.04.16 12:56:34.376,1.9779,1.97815,0.90,4.90
2008.04.16 12:56:34.647,1.9779,1.97815,0.90,4.90
2008.04.16 12:56:34.889,1.9779,1.97815,0.90,4.90
2008.04.16 12:56:35.131,1.9779,1.9781,0.90,0.90
2008.04.16 12:56:35.426,1.9779,1.9781,0.90,0.90
2008.04.16 12:56:35.723,1.9779,1.9781,0.90,0.90
2008.04.16 12:56:36.017,1.9779,1.9781,0.90,0.90
2008.04.16 12:56:36.257,1.9779,1.9781,0.90,0.90
2008.04.16 12:56:36.529,1.9779,1.9781,0.90,0.90
2008.04.16 12:56:36.801,1.9779,1.9781,0.90,0.90
2008.04.16 12:56:37.040,1.9779,1.9781,0.90,0.90
2008.04.16 12:56:37.330,1.9779,1.9781,0.90,0.90
2008.04.16 12:56:37.620,1.9779,1.9781,0.90,0.90
2008.04.16 12:56:37.911,1.97795,1.97815,0.90,8.40
2008.04.16 12:56:38.202,1.978,1.9782,0.80,7.30
2008.04.16 12:56:38.467,1.978,1.9782,1.70,6.40
2008.04.16 12:56:38.734,1.978,1.97825,1.80,11.30
2008.04.16 12:56:39.025,1.978,1.97825,1.80,9.70
2008.04.16 12:56:39.292,1.978,1.97825,1.80,4.90
2008.04.16 12:56:39.549,1.9781,1.97825,0.80,1.60
2008.04.16 12:56:39.806,1.9781,1.9783,0.80,9.70
2008.04.16 12:56:40.061,1.9781,1.9783,0.80,9.70
2008.04.16 12:56:40.345,1.9781,1.9783,0.80,9.70
2008.04.16 12:56:40.631,1.9781,1.9783,0.80,9.70
2008.04.16 12:56:40.915,1.9781,1.9783,0.80,9.70
2008.04.16 12:56:41.200,1.9781,1.9783,0.80,9.70
2008.04.16 12:56:41.471,1.9781,1.9783,0.80,9.70
2008.04.16 12:56:41.740,1.9781,1.9783,0.80,9.70
2008.04.16 12:56:42.010,1.9781,1.9783,0.80,9.70
2008.04.16 12:56:42.280,1.9781,1.9783,0.80,9.70
2008.04.16 12:56:42.516,1.9781,1.9783,0.80,9.70
2008.04.16 12:56:42.752,1.9781,1.9783,0.80,9.70
2008.04.16 12:56:42.988,1.9781,1.9783,0.80,9.70
2008.04.16 12:56:43.224,1.9781,1.9783,0.80,9.70
2008.04.16 12:56:43.475,1.9781,1.9783,0.80,9.70
2008.04.16 12:56:43.725,1.9781,1.9783,0.80,9.70
2008.04.16 12:56:43.976,1.9781,1.9783,0.80,9.70
2008.04.16 12:56:44.227,1.9781,1.9783,0.80,5.70
2008.04.16 12:56:44.523,1.9781,1.9783,0.80,5.70
2008.04.16 12:56:44.801,1.9781,1.9783,0.80,3.30
2008.04.16 12:56:45.089,1.9781,1.9783,0.80,3.30
2008.04.16 12:56:45.376,1.9781,1.9783,0.80,3.30
2008.04.16 12:56:45.613,1.9781,1.9783,0.80,3.30
2008.04.16 12:56:45.884,1.9781,1.9783,0.80,3.30
2008.04.16 12:56:46.153,1.9781,1.9783,0.80,3.30
2008.04.16 12:56:46.363,1.9781,1.9783,0.80,3.30
2008.04.16 12:56:46.576,1.9782,1.9783,0.80,2.40
2008.04.16 12:56:46.788,1.9782,1.97835,0.80,0.10
2008.04.16 12:56:47.022,1.9782,1.97835,0.80,0.10
2008.04.16 12:56:47.234,1.9782,1.97835,0.80,0.10
2008.04.16 12:56:47.550,1.9782,1.97835,1.70,0.10
2008.04.16 12:56:47.872,1.9782,1.97835,1.70,0.10
2008.04.16 12:56:48.187,1.9782,1.97835,1.70,0.10
2008.04.16 12:56:48.417,1.9782,1.97835,1.70,0.10
2008.04.16 12:56:48.647,1.9782,1.97835,1.70,0.10
2008.04.16 12:56:48.877,1.9782,1.97835,1.70,0.10
2008.04.16 12:56:49.107,1.9782,1.97835,1.70,0.10
2008.04.16 12:56:49.360,1.9782,1.97835,1.70,0.10
2008.04.16 12:56:49.636,1.9782,1.97835,1.70,0.10
2008.04.16 12:56:49.913,1.9782,1.97835,1.70,0.10
2008.04.16 12:56:50.189,1.9782,1.97835,1.70,0.10
2008.04.16 12:56:50.445,1.9782,1.97835,1.70,0.10
2008.04.16 12:56:50.721,1.9782,1.97835,1.70,0.10
2008.04.16 12:56:50.998,1.9782,1.97835,1.70,0.10
2008.04.16 12:56:51.280,1.9782,1.97835,1.70,0.10
2008.04.16 12:56:51.546,1.9782,1.97835,1.70,0.10
2008.04.16 12:56:51.811,1.9782,1.97835,1.70,0.10
2008.04.16 12:56:52.111,1.9782,1.97835,1.70,0.10
2008.04.16 12:56:52.415,1.9782,1.97835,1.70,0.10
2008.04.16 12:56:52.713,1.9782,1.97835,1.70,0.10
2008.04.16 12:56:53.020,1.9782,1.97835,1.70,0.10
2008.04.16 12:56:53.280,1.9782,1.97835,1.70,0.10
2008.04.16 12:56:53.509,1.9782,1.97835,1.70,0.10
2008.04.16 12:56:53.745,1.9782,1.97835,1.70,0.10
2008.04.16 12:56:54.013,1.9782,1.97835,1.70,0.10
2008.04.16 12:56:54.233,1.9782,1.97835,1.70,0.10
2008.04.16 12:56:54.468,1.9782,1.97835,1.70,0.10
2008.04.16 12:56:54.753,1.9782,1.97835,1.70,0.10
2008.04.16 12:56:55.040,1.9782,1.97835,1.70,0.10
2008.04.16 12:56:55.325,1.9782,1.97835,1.70,0.10
2008.04.16 12:56:55.599,1.9782,1.97835,1.70,0.10
2008.04.16 12:56:55.867,1.9782,1.97835,1.70,0.10
2008.04.16 12:56:56.162,1.9782,1.97835,1.70,0.10
2008.04.16 12:56:56.454,1.9782,1.97835,1.70,0.10
2008.04.16 12:56:56.722,1.9782,1.97835,1.70,2.40
2008.04.16 12:56:56.955,1.9782,1.97835,1.70,2.40
2008.04.16 12:56:57.188,1.97815,1.97835,0.90,3.20
2008.04.16 12:56:57.417,1.97815,1.97835,0.90,3.20
2008.04.16 12:56:57.709,1.9781,1.97835,1.70,5.80
2008.04.16 12:56:57.999,1.9781,1.9783,0.80,0.90
2008.04.16 12:56:58.290,1.97805,1.9783,0.90,3.30
2008.04.16 12:56:58.580,1.978,1.97825,1.80,0.90
2008.04.16 12:56:58.835,1.978,1.97825,1.70,3.30
2008.04.16 12:56:59.142,1.978,1.97825,1.70,3.30
2008.04.16 12:56:59.382,1.978,1.97825,1.70,5.70
2008.04.16 12:56:59.636,1.97795,1.9782,1.00,1.70
2008.04.16 12:56:59.896,1.97795,1.9782,1.00,1.70
2008.04.16 12:57:00.157,1.978,1.9782,0.90,0.90
2008.04.16 12:57:00.417,1.978,1.9782,0.90,0.90
2008.04.16 12:57:00.678,1.978,1.9782,0.90,0.90
2008.04.16 12:57:00.976,1.978,1.9782,0.90,0.90
2008.04.16 12:57:01.276,1.978,1.9782,0.90,0.90
2008.04.16 12:57:01.554,1.978,1.9782,0.90,0.90
2008.04.16 12:57:01.787,1.978,1.9782,0.90,0.90
2008.04.16 12:57:02.026,1.978,1.9782,0.90,0.90
2008.04.16 12:57:02.260,1.978,1.9782,0.90,0.90
2008.04.16 12:57:02.494,1.97795,1.9782,1.00,0.90
2008.04.16 12:57:02.729,1.97795,1.9782,0.90,0.90
2008.04.16 12:57:03.059,1.97795,1.9782,0.90,0.90
2008.04.16 12:57:03.390,1.97795,1.9782,0.90,0.90
2008.04.16 12:57:03.718,1.97795,1.9782,0.90,0.90
2008.04.16 12:57:03.925,1.97795,1.9782,0.90,0.90
2008.04.16 12:57:04.133,1.97795,1.9782,0.90,0.90
2008.04.16 12:57:04.389,1.97795,1.9782,0.90,0.90
2008.04.16 12:57:04.594,1.97795,1.9782,0.90,0.90
2008.04.16 12:57:04.798,1.97795,1.9782,0.90,0.90
2008.04.16 12:57:05.117,1.97795,1.9782,0.90,0.90
2008.04.16 12:57:05.427,1.97795,1.9782,0.90,0.90
2008.04.16 12:57:05.741,1.97795,1.9782,0.90,0.90
2008.04.16 12:57:05.991,1.97795,1.9782,0.90,0.90
2008.04.16 12:57:06.240,1.97795,1.9782,0.90,0.90
2008.04.16 12:57:06.490,1.97795,1.9782,0.90,0.90
2008.04.16 12:57:06.740,1.97795,1.9782,0.90,0.90
2008.04.16 12:57:07.025,1.97795,1.9782,0.90,0.90
2008.04.16 12:57:07.309,1.97795,1.9782,0.90,0.90
2008.04.16 12:57:07.593,1.97795,1.9782,0.90,0.90
2008.04.16 12:57:07.921,1.97795,1.9782,0.90,0.90
2008.04.16 12:57:08.183,1.97795,1.9782,0.90,0.90
2008.04.16 12:57:08.442,1.97795,1.9782,0.90,0.90
2008.04.16 12:57:08.702,1.97795,1.9782,0.90,0.90
2008.04.16 12:57:08.913,1.97795,1.9782,0.90,0.90
2008.04.16 12:57:09.122,1.97795,1.9782,0.90,0.90
2008.04.16 12:57:09.332,1.97795,1.9782,0.90,0.90
2008.04.16 12:57:09.542,1.97795,1.9782,0.90,0.90
2008.04.16 12:57:09.751,1.97795,1.9782,0.90,0.90
2008.04.16 12:57:10.061,1.97795,1.9782,0.90,0.90
2008.04.16 12:57:10.373,1.97795,1.9782,0.90,0.90
2008.04.16 12:57:10.683,1.97795,1.9782,0.90,0.90
2008.04.16 12:57:10.993,1.97795,1.9782,0.90,0.90
2008.04.16 12:57:11.228,1.97795,1.9782,0.90,0.90
2008.04.16 12:57:11.466,1.978,1.9782,0.90,0.90
2008.04.16 12:57:11.741,1.978,1.9782,0.90,0.90
2008.04.16 12:57:12.028,1.97795,1.9781,0.10,0.90
2008.04.16 12:57:12.278,1.9779,1.9781,0.80,3.30
2008.04.16 12:57:12.532,1.9779,1.97805,0.80,0.90
2008.04.16 12:57:12.788,1.9778,1.97805,1.80,6.50
2008.04.16 12:57:13.070,1.9779,1.97805,0.90,5.60
2008.04.16 12:57:13.367,1.9779,1.97805,0.90,2.40
2008.04.16 12:57:13.681,1.9779,1.97815,0.90,6.50
2008.04.16 12:57:13.991,1.9779,1.97815,0.90,4.10
2008.04.16 12:57:14.258,1.9779,1.97815,0.90,0.90
2008.04.16 12:57:14.518,1.9779,1.97815,0.90,0.90
2008.04.16 12:57:14.783,1.9779,1.97815,1.80,0.90
2008.04.16 12:57:15.045,1.9779,1.97815,1.80,0.90
2008.04.16 12:57:15.263,1.9779,1.97815,1.80,0.90
2008.04.16 12:57:15.513,1.9779,1.97815,1.80,0.90
2008.04.16 12:57:15.763,1.9779,1.97815,1.80,0.90
2008.04.16 12:57:16.014,1.9779,1.97815,1.80,0.90
2008.04.16 12:57:16.279,1.9779,1.97815,1.80,0.90
2008.04.16 12:57:16.546,1.9779,1.97805,0.10,0.90
2008.04.16 12:57:16.813,1.9778,1.97805,1.80,4.10
2008.04.16 12:57:17.084,1.978,1.97805,0.90,3.20
2008.04.16 12:57:17.355,1.978,1.97805,0.90,2.40
2008.04.16 12:57:17.656,1.978,1.9782,0.90,1.20
2008.04.16 12:57:17.925,1.978,1.9782,0.90,1.20
2008.04.16 12:57:18.220,1.978,1.9782,0.90,0.80
2008.04.16 12:57:18.519,1.978,1.9782,0.90,0.80
2008.04.16 12:57:18.817,1.978,1.9782,0.90,0.80
2008.04.16 12:57:19.048,1.978,1.97825,1.70,14.20
2008.04.16 12:57:19.313,1.978,1.97825,1.70,11.80
2008.04.16 12:57:19.607,1.978,1.97825,1.70,11.80
2008.04.16 12:57:19.903,1.978,1.97825,1.70,11.80
2008.04.16 12:57:20.167,1.978,1.97825,1.70,11.80
2008.04.16 12:57:20.416,1.978,1.97825,1.70,11.80
2008.04.16 12:57:20.665,1.978,1.97825,1.70,11.80
2008.04.16 12:57:20.913,1.978,1.97825,1.70,11.80
2008.04.16 12:57:21.163,1.978,1.97825,1.70,11.80
2008.04.16 12:57:21.401,1.978,1.97825,1.70,11.80
2008.04.16 12:57:21.642,1.978,1.9782,0.90,0.80
2008.04.16 12:57:21.883,1.978,1.9782,0.90,0.80
2008.04.16 12:57:22.121,1.978,1.9782,0.90,0.80
2008.04.16 12:57:22.366,1.978,1.9782,0.90,0.80
2008.04.16 12:57:22.612,1.978,1.9782,0.90,0.80
2008.04.16 12:57:22.858,1.978,1.9782,0.90,0.80
2008.04.16 12:57:23.110,1.978,1.9782,0.90,0.80
2008.04.16 12:57:23.379,1.978,1.9782,0.90,0.80
2008.04.16 12:57:23.650,1.978,1.9782,0.90,0.80
2008.04.16 12:57:23.917,1.978,1.9782,0.90,0.80
2008.04.16 12:57:24.210,1.978,1.9782,0.90,0.80
2008.04.16 12:57:24.488,1.978,1.97815,0.90,2.40
2008.04.16 12:57:24.765,1.9779,1.97815,1.80,3.30
2008.04.16 12:57:25.039,1.9779,1.97805,1.80,2.40
2008.04.16 12:57:25.314,1.9779,1.97815,1.70,7.30
2008.04.16 12:57:25.594,1.97785,1.9781,1.00,0.90
2008.04.16 12:57:25.908,1.97785,1.9781,0.90,0.90
2008.04.16 12:57:26.220,1.97785,1.9781,0.90,2.50
2008.04.16 12:57:26.448,1.97785,1.9781,0.90,2.50
2008.04.16 12:57:26.647,1.97785,1.9781,0.90,3.30
2008.04.16 12:57:26.839,1.97785,1.9781,0.90,3.30
2008.04.16 12:57:27.033,1.97785,1.9781,0.90,3.30
2008.04.16 12:57:27.229,1.97785,1.9781,0.90,3.30
2008.04.16 12:57:27.539,1.97785,1.9781,0.90,3.30
2008.04.16 12:57:27.870,1.97785,1.9781,0.90,3.30
2008.04.16 12:57:28.185,1.97785,1.9781,0.90,3.30
2008.04.16 12:57:28.423,1.97785,1.9781,0.90,3.30
2008.04.16 12:57:28.633,1.97785,1.9781,0.90,3.30
2008.04.16 12:57:28.844,1.97785,1.9781,0.90,3.30
2008.04.16 12:57:29.054,1.97785,1.9781,0.90,3.30
2008.04.16 12:57:29.263,1.97785,1.9781,0.90,3.30
2008.04.16 12:57:29.522,1.97785,1.9781,0.90,3.30
2008.04.16 12:57:29.782,1.97785,1.9781,0.90,3.30
2008.04.16 12:57:30.044,1.97785,1.9781,0.90,3.30
2008.04.16 12:57:30.340,1.97785,1.9781,0.90,3.30
2008.04.16 12:57:30.624,1.97785,1.9781,0.90,3.30
2008.04.16 12:57:30.908,1.97785,1.9781,0.90,3.30
2008.04.16 12:57:31.193,1.97785,1.9781,0.90,3.30
2008.04.16 12:57:31.478,1.97785,1.9781,0.90,3.30
2008.04.16 12:57:31.733,1.97785,1.9781,0.90,3.30
2008.04.16 12:57:31.988,1.97785,1.9781,0.90,3.30
2008.04.16 12:57:32.243,1.97785,1.9781,0.90,3.30
2008.04.16 12:57:32.498,1.97785,1.9781,0.90,3.30
2008.04.16 12:57:32.757,1.97785,1.9781,0.90,3.30
2008.04.16 12:57:33.017,1.9778,1.97805,1.80,0.90
2008.04.16 12:57:33.277,1.9778,1.97805,1.70,6.50
2008.04.16 12:57:33.549,1.9778,1.97805,1.70,6.50
2008.04.16 12:57:33.851,1.9778,1.97805,1.70,8.10
2008.04.16 12:57:34.145,1.9778,1.97805,1.70,9.70
2008.04.16 12:57:34.449,1.9778,1.97805,1.70,9.70
2008.04.16 12:57:34.681,1.9778,1.97805,1.70,10.20
2008.04.16 12:57:34.947,1.9778,1.97805,1.70,11.00
2008.04.16 12:57:35.211,1.9778,1.97805,1.70,11.00
2008.04.16 12:57:35.475,1.9778,1.97805,1.70,11.00
2008.04.16 12:57:35.675,1.9778,1.97805,1.70,11.00
2008.04.16 12:57:35.904,1.9778,1.97805,1.70,11.00
2008.04.16 12:57:36.103,1.9778,1.97805,1.70,11.00
2008.04.16 12:57:36.303,1.9778,1.97805,1.70,11.00
2008.04.16 12:57:36.503,1.9778,1.97805,1.70,11.00
2008.04.16 12:57:36.805,1.9778,1.97805,1.70,11.00
2008.04.16 12:57:37.042,1.9778,1.97805,1.70,11.00
2008.04.16 12:57:37.311,1.9778,1.97805,1.70,11.00
2008.04.16 12:57:37.581,1.9778,1.97805,1.70,11.00
2008.04.16 12:57:37.810,1.9778,1.97805,1.70,11.00
2008.04.16 12:57:38.042,1.9778,1.97805,1.70,11.00
2008.04.16 12:57:38.272,1.9778,1.97805,1.70,11.00
2008.04.16 12:57:38.502,1.9778,1.97805,1.70,11.00
2008.04.16 12:57:38.705,1.9778,1.97805,1.70,11.00
2008.04.16 12:57:38.910,1.9778,1.97805,1.70,11.00
2008.04.16 12:57:39.115,1.9778,1.97805,1.70,11.00
2008.04.16 12:57:39.350,1.9778,1.97805,1.70,11.00
2008.04.16 12:57:39.554,1.9778,1.97805,1.70,11.00
2008.04.16 12:57:39.803,1.9778,1.97805,1.70,11.00
2008.04.16 12:57:40.064,1.9778,1.97805,1.70,11.00
2008.04.16 12:57:40.343,1.9778,1.97805,1.70,11.00
2008.04.16 12:57:40.610,1.9778,1.97805,1.70,11.00
2008.04.16 12:57:40.889,1.9778,1.97805,1.70,11.00
2008.04.16 12:57:41.169,1.9778,1.97805,1.70,11.00
2008.04.16 12:57:41.449,1.9778,1.97805,1.70,11.00
2008.04.16 12:57:41.729,1.9778,1.97805,1.70,11.00
2008.04.16 12:57:41.979,1.9778,1.97805,1.70,11.00
2008.04.16 12:57:42.229,1.9778,1.97805,1.70,11.00
2008.04.16 12:57:42.479,1.9778,1.97805,1.70,11.00
2008.04.16 12:57:42.728,1.9778,1.97805,1.70,11.00
2008.04.16 12:57:43.034,1.9778,1.97805,1.70,11.00
2008.04.16 12:57:43.276,1.9778,1.97805,1.70,11.00
2008.04.16 12:57:43.551,1.9778,1.97805,1.70,11.00
2008.04.16 12:57:43.831,1.9778,1.97805,1.70,11.00
2008.04.16 12:57:44.113,1.97775,1.97795,2.40,3.30
2008.04.16 12:57:44.394,1.9777,1.97795,1.70,3.30
2008.04.16 12:57:44.674,1.9777,1.9779,0.90,0.90
2008.04.16 12:57:44.900,1.9777,1.9779,0.90,0.90
2008.04.16 12:57:45.126,1.97765,1.9779,0.90,0.90
2008.04.16 12:57:45.351,1.97765,1.9779,0.90,2.50
2008.04.16 12:57:45.576,1.97765,1.9779,0.90,3.30
2008.04.16 12:57:45.911,1.97765,1.9779,0.90,3.30
2008.04.16 12:57:46.246,1.9776,1.97785,1.80,0.90
2008.04.16 12:57:46.582,1.9776,1.9778,1.80,0.90
2008.04.16 12:57:46.793,1.9776,1.9778,0.90,2.50
2008.04.16 12:57:47.003,1.97755,1.9778,0.90,2.50
2008.04.16 12:57:47.213,1.97755,1.9778,0.90,2.50
2008.04.16 12:57:47.424,1.97755,1.9778,0.90,2.50
2008.04.16 12:57:47.659,1.97755,1.9778,0.90,3.30
2008.04.16 12:57:47.908,1.97755,1.9778,0.90,3.30
2008.04.16 12:57:48.159,1.97755,1.9778,0.90,3.30
2008.04.16 12:57:48.407,1.97755,1.9778,0.90,3.30
2008.04.16 12:57:48.657,1.97755,1.9778,0.90,3.30
2008.04.16 12:57:48.908,1.97755,1.9778,0.90,3.30
2008.04.16 12:57:49.159,1.9776,1.9778,0.90,2.40
2008.04.16 12:57:49.410,1.9776,1.9778,0.90,0.80
2008.04.16 12:57:49.660,1.9776,1.97785,1.70,7.30
2008.04.16 12:57:49.993,1.9776,1.97785,1.70,7.30
2008.04.16 12:57:50.293,1.9776,1.97785,1.70,7.30
2008.04.16 12:57:50.625,1.9776,1.97785,1.70,7.30
2008.04.16 12:57:50.956,1.9776,1.97785,1.70,5.70
2008.04.16 12:57:51.169,1.9776,1.97785,1.70,5.70
2008.04.16 12:57:51.413,1.9776,1.97785,1.70,5.70
2008.04.16 12:57:51.658,1.9776,1.97785,1.70,5.70
2008.04.16 12:57:51.908,1.9776,1.97785,1.70,5.70
2008.04.16 12:57:52.158,1.9776,1.97785,1.70,5.70
2008.04.16 12:57:52.407,1.9776,1.97785,1.70,5.70
2008.04.16 12:57:52.658,1.9776,1.97785,1.70,5.70
2008.04.16 12:57:52.908,1.9776,1.97785,1.70,5.70
2008.04.16 12:57:53.133,1.9776,1.97785,1.70,5.70
2008.04.16 12:57:53.357,1.9776,1.97785,1.70,5.70
2008.04.16 12:57:53.594,1.9776,1.97785,1.70,5.70
2008.04.16 12:57:53.850,1.9776,1.97785,1.70,7.30
2008.04.16 12:57:54.090,1.9776,1.97785,1.70,7.30
2008.04.16 12:57:54.390,1.9776,1.97785,1.70,7.30
2008.04.16 12:57:54.646,1.9776,1.97785,1.70,7.30
2008.04.16 12:57:54.915,1.9776,1.97785,1.70,7.30
2008.04.16 12:57:55.164,1.9776,1.97785,1.70,7.30
2008.04.16 12:57:55.415,1.9776,1.97785,1.70,7.30
2008.04.16 12:57:55.664,1.9776,1.97785,1.70,7.30
2008.04.16 12:57:55.915,1.9776,1.97785,1.70,7.30
2008.04.16 12:57:56.146,1.9776,1.97785,1.70,4.10
2008.04.16 12:57:56.375,1.9776,1.97785,1.70,6.50
2008.04.16 12:57:56.605,1.9776,1.97785,1.70,8.90
2008.04.16 12:57:56.835,1.9776,1.97785,1.70,8.90
2008.04.16 12:57:57.154,1.9776,1.97785,1.70,8.90
2008.04.16 12:57:57.439,1.9776,1.97785,1.70,7.30
2008.04.16 12:57:57.724,1.9776,1.97785,1.70,7.30
2008.04.16 12:57:58.026,1.9776,1.97785,1.70,7.30
2008.04.16 12:57:58.306,1.9776,1.97785,1.70,7.30
2008.04.16 12:57:58.586,1.9776,1.97785,1.70,7.30
2008.04.16 12:57:58.865,1.9776,1.97785,1.70,7.30
2008.04.16 12:57:59.164,1.9776,1.97785,1.70,7.30
2008.04.16 12:57:59.433,1.9776,1.97785,1.70,7.30
2008.04.16 12:57:59.702,1.9776,1.97785,1.70,7.30
2008.04.16 12:57:59.973,1.9776,1.97785,1.70,7.30
2008.04.16 12:58:00.257,1.9776,1.97785,1.70,7.30
2008.04.16 12:58:00.542,1.9776,1.97785,1.70,7.30
2008.04.16 12:58:00.827,1.9776,1.97785,1.70,7.30
2008.04.16 12:58:01.083,1.9776,1.97785,1.70,7.30
2008.04.16 12:58:01.336,1.9776,1.97785,1.70,7.30
2008.04.16 12:58:01.592,1.9776,1.97785,1.70,7.30
2008.04.16 12:58:01.878,1.9776,1.97785,1.70,7.30
2008.04.16 12:58:02.132,1.9776,1.97785,1.70,7.30
2008.04.16 12:58:02.319,1.9776,1.97785,1.70,7.30
2008.04.16 12:58:02.538,1.9776,1.97785,1.70,7.30
2008.04.16 12:58:02.757,1.9776,1.97785,1.70,7.30
2008.04.16 12:58:02.977,1.9776,1.97785,1.70,7.30
2008.04.16 12:58:03.272,1.9776,1.97785,1.70,7.30
2008.04.16 12:58:03.568,1.9776,1.97785,1.70,7.30
2008.04.16 12:58:03.862,1.9776,1.97785,1.70,7.30
2008.04.16 12:58:04.115,1.9776,1.97785,1.70,7.30
2008.04.16 12:58:04.339,1.9776,1.97785,1.70,7.30
2008.04.16 12:58:04.568,1.9776,1.97785,1.70,7.30
2008.04.16 12:58:04.783,1.9776,1.97785,1.70,6.50
2008.04.16 12:58:05.005,1.9776,1.97785,1.70,6.50
2008.04.16 12:58:05.374,1.9776,1.97775,1.70,0.80
2008.04.16 12:58:05.714,1.97755,1.97775,2.40,1.70
2008.04.16 12:58:06.051,1.9775,1.97765,1.70,0.80
2008.04.16 12:58:06.315,1.97745,1.97765,0.90,3.20
2008.04.16 12:58:06.539,1.97745,1.97765,0.90,2.40
2008.04.16 12:58:06.777,1.9774,1.9776,1.10,1.60
2008.04.16 12:58:06.998,1.9774,1.9776,1.10,4.00
2008.04.16 12:58:07.309,1.9774,1.97755,0.20,0.90
2008.04.16 12:58:07.636,1.9773,1.9775,1.80,0.90
2008.04.16 12:58:07.948,1.9773,1.9775,0.90,3.30
2008.04.16 12:58:08.195,1.9773,1.9775,0.90,1.70
2008.04.16 12:58:08.441,1.9773,1.9775,0.90,1.70
2008.04.16 12:58:08.684,1.97725,1.9775,1.00,1.70
2008.04.16 12:58:08.930,1.97725,1.9775,0.90,3.30
2008.04.16 12:58:09.207,1.97725,1.9775,0.90,3.30
2008.04.16 12:58:09.502,1.97725,1.9775,0.90,3.30
2008.04.16 12:58:09.829,1.97725,1.9775,0.90,3.30
2008.04.16 12:58:10.156,1.97725,1.9775,0.90,3.30
2008.04.16 12:58:10.392,1.97725,1.9775,0.90,3.30
2008.04.16 12:58:10.631,1.97725,1.9775,0.90,3.30
2008.04.16 12:58:10.867,1.97725,1.9775,0.90,3.30
2008.04.16 12:58:11.101,1.97725,1.9775,0.90,3.30
2008.04.16 12:58:11.363,1.97725,1.9775,0.90,3.30
2008.04.16 12:58:11.649,1.97725,1.9775,0.90,3.30
2008.04.16 12:58:11.938,1.97725,1.9775,0.90,3.30
2008.04.16 12:58:12.227,1.97725,1.9775,0.90,3.30
2008.04.16 12:58:12.512,1.97725,1.9775,0.90,3.30
2008.04.16 12:58:12.827,1.97725,1.9775,0.90,3.30
2008.04.16 12:58:13.139,1.97725,1.9775,0.90,3.30
2008.04.16 12:58:13.384,1.97725,1.9775,0.90,3.30
2008.04.16 12:58:13.563,1.97725,1.9775,0.90,3.30
2008.04.16 12:58:13.778,1.9772,1.97745,1.70,3.30
2008.04.16 12:58:13.989,1.9772,1.97745,1.70,5.70
2008.04.16 12:58:14.200,1.9772,1.97745,1.70,5.70
2008.04.16 12:58:14.496,1.9772,1.97745,1.70,5.70
2008.04.16 12:58:14.800,1.9772,1.97745,1.70,7.30
2008.04.16 12:58:15.130,1.9772,1.97745,1.70,7.30
2008.04.16 12:58:15.420,1.9772,1.97745,1.70,7.30
2008.04.16 12:58:15.678,1.9772,1.97745,1.70,7.30
2008.04.16 12:58:15.929,1.9772,1.97745,1.70,7.30
2008.04.16 12:58:16.178,1.9772,1.97745,1.70,7.30
2008.04.16 12:58:16.427,1.9772,1.97745,1.70,8.90
2008.04.16 12:58:16.700,1.9772,1.97745,1.70,8.90
2008.04.16 12:58:16.969,1.9772,1.97745,1.70,8.90
2008.04.16 12:58:17.244,1.9772,1.97735,1.70,1.60
2008.04.16 12:58:17.515,1.9772,1.97735,1.70,1.60
2008.04.16 12:58:17.801,1.9772,1.97735,1.70,1.60
2008.04.16 12:58:18.071,1.9772,1.97735,1.70,1.60
2008.04.16 12:58:18.346,1.9772,1.97735,1.70,1.60
2008.04.16 12:58:18.628,1.9772,1.97735,1.70,1.60
2008.04.16 12:58:18.878,1.9772,1.97735,1.70,1.60
2008.04.16 12:58:19.128,1.9772,1.97735,1.70,1.60
2008.04.16 12:58:19.378,1.9772,1.97735,1.70,1.60
2008.04.16 12:58:19.623,1.9772,1.97735,1.70,1.60
2008.04.16 12:58:19.867,1.9772,1.97735,1.70,1.60
2008.04.16 12:58:20.111,1.9772,1.97735,1.70,1.60
2008.04.16 12:58:20.357,1.9772,1.97735,1.70,1.60
2008.04.16 12:58:20.627,1.9772,1.97735,1.70,1.60
2008.04.16 12:58:20.896,1.9772,1.97735,1.70,1.60
2008.04.16 12:58:21.221,1.9772,1.97735,1.70,1.60
2008.04.16 12:58:21.493,1.9772,1.97735,1.70,1.60
2008.04.16 12:58:21.733,1.9772,1.97735,0.80,1.60
2008.04.16 12:58:21.973,1.9772,1.97735,0.80,1.60
2008.04.16 12:58:22.214,1.9772,1.97735,1.70,1.60
2008.04.16 12:58:22.455,1.9772,1.97735,1.70,1.60
2008.04.16 12:58:22.751,1.9772,1.97735,1.70,1.60
2008.04.16 12:58:23.048,1.9772,1.97735,1.70,1.60
2008.04.16 12:58:23.344,1.9772,1.97735,1.70,1.60
2008.04.16 12:58:23.584,1.9772,1.97735,1.70,1.60
2008.04.16 12:58:23.824,1.9772,1.97735,1.70,1.60
2008.04.16 12:58:24.064,1.9772,1.97735,1.70,1.60
2008.04.16 12:58:24.305,1.9772,1.97735,1.70,1.60
2008.04.16 12:58:24.544,1.9772,1.97735,1.70,1.60
2008.04.16 12:58:24.836,1.9772,1.97735,1.70,1.60
2008.04.16 12:58:25.125,1.9772,1.97735,1.70,1.60
2008.04.16 12:58:25.415,1.9772,1.97735,1.70,1.60
2008.04.16 12:58:25.615,1.9772,1.97735,1.70,1.60
2008.04.16 12:58:25.824,1.9772,1.97735,1.70,1.60
2008.04.16 12:58:26.022,1.9772,1.97735,1.70,1.60
2008.04.16 12:58:26.222,1.9772,1.97735,1.70,1.60
2008.04.16 12:58:26.422,1.9772,1.97735,1.70,1.60
2008.04.16 12:58:26.707,1.9772,1.97735,1.70,1.60
2008.04.16 12:58:26.991,1.9772,1.97735,1.70,1.60
2008.04.16 12:58:27.276,1.9772,1.97735,1.70,1.60
2008.04.16 12:58:27.560,1.9772,1.97735,1.70,1.60
2008.04.16 12:58:27.803,1.9772,1.97735,1.70,1.60
2008.04.16 12:58:28.062,1.9772,1.97735,1.70,1.60
2008.04.16 12:58:28.320,1.9772,1.97735,1.70,1.60
2008.04.16 12:58:28.582,1.9772,1.97735,1.70,1.60
2008.04.16 12:58:28.898,1.9772,1.97735,1.70,1.60
2008.04.16 12:58:29.178,1.9772,1.97735,1.70,1.60
2008.04.16 12:58:29.457,1.9772,1.97735,1.70,1.60
2008.04.16 12:58:29.700,1.9772,1.97735,1.70,1.60
2008.04.16 12:58:29.856,1.9772,1.97735,1.70,1.60
2008.04.16 12:58:30.056,1.9772,1.97735,1.70,1.60
2008.04.16 12:58:30.257,1.9772,1.97735,1.70,1.60
2008.04.16 12:58:30.458,1.9772,1.97735,1.70,1.60
2008.04.16 12:58:30.657,1.9772,1.97735,1.70,1.60
2008.04.16 12:58:30.976,1.9772,1.97735,1.70,1.60
2008.04.16 12:58:31.269,1.97715,1.97735,2.60,1.60
2008.04.16 12:58:31.560,1.97715,1.97735,0.90,1.60
2008.04.16 12:58:31.832,1.9771,1.97735,1.70,2.50
2008.04.16 12:58:32.107,1.9771,1.97735,1.70,4.90
2008.04.16 12:58:32.313,1.977,1.9772,0.80,0.90
2008.04.16 12:58:32.554,1.977,1.9772,0.80,3.30
2008.04.16 12:58:32.799,1.97705,1.9772,0.90,2.40
2008.04.16 12:58:33.045,1.97705,1.97725,0.90,2.40
2008.04.16 12:58:33.291,1.97705,1.97725,0.90,2.40
2008.04.16 12:58:33.536,1.97705,1.9773,0.90,3.80
2008.04.16 12:58:33.817,1.977,1.97725,1.70,0.90
2008.04.16 12:58:34.097,1.977,1.97725,1.70,3.30
2008.04.16 12:58:34.385,1.977,1.97725,1.70,3.80
2008.04.16 12:58:34.666,1.977,1.97725,1.70,7.00
2008.04.16 12:58:34.918,1.977,1.97725,1.70,10.20
2008.04.16 12:58:35.167,1.977,1.97725,1.70,10.20
2008.04.16 12:58:35.454,1.9769,1.9771,0.80,0.90
2008.04.16 12:58:35.669,1.9769,1.97705,0.80,0.90
2008.04.16 12:58:35.949,1.9769,1.97705,0.80,2.50
2008.04.16 12:58:36.228,1.9769,1.97705,0.80,3.30
2008.04.16 12:58:36.509,1.9768,1.97705,3.40,3.20
2008.04.16 12:58:36.789,1.9768,1.97705,3.30,5.60
2008.04.16 12:58:37.086,1.9768,1.97705,3.30,5.60
2008.04.16 12:58:37.381,1.9768,1.97705,3.30,5.60
2008.04.16 12:58:37.675,1.9768,1.97705,3.30,5.60
2008.04.16 12:58:37.915,1.9768,1.97705,3.30,5.60
2008.04.16 12:58:38.156,1.9768,1.97705,3.30,5.60
2008.04.16 12:58:38.397,1.9768,1.97705,3.30,5.60
2008.04.16 12:58:38.636,1.9768,1.97705,3.30,5.60
2008.04.16 12:58:38.935,1.9768,1.97705,3.30,5.60
2008.04.16 12:58:39.269,1.9768,1.97705,3.30,5.60
2008.04.16 12:58:39.544,1.9768,1.97705,1.70,7.20
2008.04.16 12:58:39.846,1.9768,1.97705,1.70,7.20
2008.04.16 12:58:40.120,1.9768,1.97705,1.70,7.20
2008.04.16 12:58:40.401,1.9768,1.97705,1.70,7.20
2008.04.16 12:58:40.675,1.9768,1.97705,1.70,7.20
2008.04.16 12:58:40.931,1.9768,1.97705,1.70,7.20
2008.04.16 12:58:41.205,1.9768,1.977,0.80,0.90
2008.04.16 12:58:41.449,1.9768,1.977,0.80,1.70
2008.04.16 12:58:41.692,1.9768,1.977,0.90,3.10
2008.04.16 12:58:41.969,1.9768,1.977,0.90,0.80
2008.04.16 12:58:42.247,1.9768,1.977,0.90,0.80
2008.04.16 12:58:42.524,1.9768,1.977,0.90,0.80
2008.04.16 12:58:42.800,1.9768,1.977,0.90,0.80
2008.04.16 12:58:43.061,1.9768,1.977,0.90,0.80
2008.04.16 12:58:43.325,1.9768,1.97705,1.70,8.00
2008.04.16 12:58:43.585,1.9768,1.97705,1.70,8.00
2008.04.16 12:58:43.845,1.9768,1.97705,1.70,8.00
2008.04.16 12:58:44.116,1.9768,1.97705,1.70,8.80
2008.04.16 12:58:44.386,1.9768,1.97705,1.70,8.80
2008.04.16 12:58:44.657,1.9768,1.97705,1.70,8.80
2008.04.16 12:58:44.928,1.9768,1.97705,1.70,8.80
2008.04.16 12:58:45.203,1.9768,1.97705,1.70,8.80
2008.04.16 12:58:45.510,1.9768,1.97705,1.70,8.80
2008.04.16 12:58:45.792,1.9768,1.97705,1.70,8.80
2008.04.16 12:58:46.057,1.9768,1.97705,1.70,8.80
2008.04.16 12:58:46.324,1.9768,1.97705,1.70,10.90
2008.04.16 12:58:46.591,1.9768,1.97705,1.70,10.90
2008.04.16 12:58:46.860,1.9768,1.97705,1.70,10.20
2008.04.16 12:58:47.130,1.9768,1.97705,1.70,10.20
2008.04.16 12:58:47.400,1.9768,1.97705,1.70,8.60
2008.04.16 12:58:47.672,1.97685,1.97705,0.90,7.60
2008.04.16 12:58:47.943,1.97685,1.97705,0.90,4.00
2008.04.16 12:58:48.203,1.97685,1.97705,0.90,4.00
2008.04.16 12:58:48.464,1.97685,1.977,0.90,0.80
2008.04.16 12:58:48.755,1.97685,1.977,0.90,0.80
2008.04.16 12:58:49.016,1.97685,1.977,0.90,0.80
2008.04.16 12:58:49.306,1.97685,1.977,0.90,0.80
2008.04.16 12:58:49.593,1.97685,1.977,0.90,0.80
2008.04.16 12:58:49.880,1.97685,1.977,0.90,0.80
2008.04.16 12:58:50.149,1.97695,1.977,0.90,0.80
2008.04.16 12:58:50.403,1.97695,1.977,0.90,0.80
2008.04.16 12:58:50.655,1.97695,1.97705,0.90,1.60
2008.04.16 12:58:50.906,1.977,1.97705,0.90,1.60
2008.04.16 12:58:51.167,1.977,1.97705,0.90,1.60
2008.04.16 12:58:51.450,1.977,1.97705,0.90,1.60
2008.04.16 12:58:51.710,1.977,1.97705,0.90,1.60
2008.04.16 12:58:52.003,1.977,1.97705,0.90,1.60
2008.04.16 12:58:52.254,1.97705,1.97715,0.90,4.80
2008.04.16 12:58:52.506,1.977,1.97715,0.90,4.80
2008.04.16 12:58:52.758,1.97715,1.9772,0.90,0.80
2008.04.16 12:58:53.040,1.97715,1.9773,0.90,4.80
2008.04.16 12:58:53.271,1.97715,1.9773,0.90,4.80
2008.04.16 12:58:53.502,1.97715,1.9773,0.90,4.80
2008.04.16 12:58:53.673,1.97715,1.9773,0.90,4.80
2008.04.16 12:58:53.874,1.9771,1.9773,0.90,6.50
2008.04.16 12:58:54.075,1.9771,1.9772,0.90,0.80
2008.04.16 12:58:54.387,1.97705,1.9772,0.90,0.80
2008.04.16 12:58:54.729,1.97705,1.9772,0.90,0.80
2008.04.16 12:58:55.029,1.977,1.9772,2.00,0.80
2008.04.16 12:58:55.306,1.977,1.97715,2.00,0.80
2008.04.16 12:58:55.565,1.977,1.97715,2.10,0.80
2008.04.16 12:58:55.825,1.977,1.97715,2.10,0.80
2008.04.16 12:58:56.087,1.977,1.97715,2.10,0.80
2008.04.16 12:58:56.343,1.977,1.97725,1.80,9.70
2008.04.16 12:58:56.599,1.977,1.97725,1.70,9.70
2008.04.16 12:58:56.855,1.977,1.97725,1.70,11.30
2008.04.16 12:58:57.111,1.977,1.97725,1.70,11.30
2008.04.16 12:58:57.356,1.977,1.97725,1.70,11.30
2008.04.16 12:58:57.601,1.977,1.97725,1.70,11.30
2008.04.16 12:58:57.849,1.977,1.9772,0.90,1.70
2008.04.16 12:58:58.094,1.977,1.9772,0.90,1.70
2008.04.16 12:58:58.359,1.97695,1.9772,0.90,3.30
2008.04.16 12:58:58.625,1.9769,1.97715,1.80,0.90
2008.04.16 12:58:58.892,1.9769,1.97715,1.70,3.30
2008.04.16 12:58:59.158,1.9769,1.97715,1.70,3.30
2008.04.16 12:58:59.419,1.9769,1.97715,1.70,3.30
2008.04.16 12:58:59.679,1.9769,1.97715,1.70,3.30
2008.04.16 12:58:59.939,1.9769,1.97715,1.70,4.60
2008.04.16 12:59:00.200,1.9769,1.97715,1.70,4.60
2008.04.16 12:59:00.510,1.9769,1.97715,1.70,3.30
2008.04.16 12:59:00.820,1.97695,1.97715,0.90,2.40
2008.04.16 12:59:01.129,1.97695,1.97715,0.90,2.40
2008.04.16 12:59:01.365,1.9769,1.97715,1.70,3.30
2008.04.16 12:59:01.600,1.9769,1.97715,1.70,5.70
2008.04.16 12:59:01.836,1.9769,1.97715,1.70,5.70
2008.04.16 12:59:02.074,1.9769,1.97715,1.70,5.70
2008.04.16 12:59:02.312,1.9769,1.97715,1.70,5.70
2008.04.16 12:59:02.598,1.9769,1.97715,1.70,5.70
2008.04.16 12:59:02.888,1.9769,1.97715,1.70,5.70
2008.04.16 12:59:03.200,1.9769,1.97715,1.70,5.70
2008.04.16 12:59:03.480,1.9769,1.97715,1.70,5.70
2008.04.16 12:59:03.753,1.9769,1.97715,1.70,5.70
2008.04.16 12:59:03.998,1.9769,1.97715,1.70,5.70
2008.04.16 12:59:04.246,1.9769,1.97715,1.70,5.70
2008.04.16 12:59:04.537,1.9769,1.97715,1.70,5.70
2008.04.16 12:59:04.828,1.9769,1.97715,1.70,5.70
2008.04.16 12:59:05.118,1.9769,1.97715,1.70,5.70
2008.04.16 12:59:05.433,1.9769,1.97715,1.70,5.70
2008.04.16 12:59:05.718,1.9769,1.97715,1.70,5.70
2008.04.16 12:59:06.008,1.9769,1.97715,1.70,5.70
2008.04.16 12:59:06.264,1.9769,1.97715,1.70,5.70
2008.04.16 12:59:06.499,1.9769,1.97715,1.70,5.70
2008.04.16 12:59:06.765,1.9769,1.97715,1.70,5.70
2008.04.16 12:59:07.001,1.9769,1.97715,1.70,5.70
2008.04.16 12:59:07.273,1.9769,1.97715,1.70,5.70
2008.04.16 12:59:07.543,1.9769,1.97715,1.70,5.70
2008.04.16 12:59:07.814,1.9769,1.97715,1.90,5.70
2008.04.16 12:59:08.082,1.9769,1.97715,1.90,5.70
2008.04.16 12:59:08.352,1.9769,1.97715,2.00,5.70
2008.04.16 12:59:08.646,1.9769,1.97715,2.00,5.70
2008.04.16 12:59:08.941,1.97695,1.97715,0.90,4.80
2008.04.16 12:59:09.257,1.977,1.9772,0.80,7.30
2008.04.16 12:59:09.552,1.977,1.9772,0.80,7.30
2008.04.16 12:59:09.814,1.97705,1.9772,0.90,2.40
2008.04.16 12:59:10.075,1.97705,1.9773,0.90,3.30
2008.04.16 12:59:10.337,1.9771,1.9773,0.90,3.30
2008.04.16 12:59:10.597,1.9771,1.9773,0.90,1.70
2008.04.16 12:59:10.887,1.9771,1.9773,0.90,1.70
2008.04.16 12:59:11.177,1.9771,1.9773,0.90,1.70
2008.04.16 12:59:11.468,1.9771,1.97735,0.90,8.10
2008.04.16 12:59:11.734,1.9771,1.97735,0.90,4.10
2008.04.16 12:59:12.029,1.9771,1.97735,1.00,2.50
2008.04.16 12:59:12.294,1.9772,1.9774,0.90,3.30
2008.04.16 12:59:12.561,1.9772,1.9774,0.90,3.30
2008.04.16 12:59:12.855,1.9772,1.9774,0.90,1.70
2008.04.16 12:59:13.184,1.9772,1.9774,0.90,1.70
2008.04.16 12:59:13.480,1.97715,1.9774,1.00,4.10
2008.04.16 12:59:13.741,1.97715,1.9774,1.00,4.10
2008.04.16 12:59:14.026,1.97715,1.9773,1.00,0.80
2008.04.16 12:59:14.289,1.97715,1.9773,0.10,1.70
2008.04.16 12:59:14.550,1.9771,1.9773,0.80,5.70
2008.04.16 12:59:14.824,1.97705,1.97725,2.40,0.90
2008.04.16 12:59:15.130,1.97705,1.97725,0.10,5.70
2008.04.16 12:59:15.403,1.97715,1.97735,0.90,8.80
2008.04.16 12:59:15.677,1.97715,1.97735,0.90,4.80
2008.04.16 12:59:15.962,1.97715,1.97735,0.90,0.80
2008.04.16 12:59:16.250,1.9771,1.97735,1.00,1.70
2008.04.16 12:59:16.539,1.9771,1.97735,0.90,2.50
2008.04.16 12:59:16.790,1.9771,1.97735,0.90,4.10
2008.04.16 12:59:17.040,1.9771,1.97735,0.90,2.50
2008.04.16 12:59:17.321,1.9771,1.97735,0.90,2.50
2008.04.16 12:59:17.571,1.9771,1.97735,0.90,2.50
2008.04.16 12:59:17.871,1.9771,1.97735,1.00,2.50
2008.04.16 12:59:18.172,1.9771,1.97735,1.00,0.90
2008.04.16 12:59:18.473,1.9771,1.97735,1.80,0.90
2008.04.16 12:59:18.774,1.9771,1.9773,1.80,0.80
2008.04.16 12:59:19.083,1.9771,1.97735,1.70,5.70
2008.04.16 12:59:19.349,1.9771,1.9773,0.90,2.50
2008.04.16 12:59:19.608,1.9771,1.9773,0.90,1.70
2008.04.16 12:59:19.874,1.9771,1.9773,0.90,1.70
2008.04.16 12:59:20.138,1.9771,1.9773,0.90,1.70
2008.04.16 12:59:20.406,1.97705,1.9773,0.90,0.90
2008.04.16 12:59:20.670,1.97705,1.9773,0.90,0.90
2008.04.16 12:59:20.934,1.977,1.97705,0.90,0.80
2008.04.16 12:59:21.252,1.97705,1.9771,0.90,0.80
2008.04.16 12:59:21.543,1.9769,1.97715,1.80,3.30
2008.04.16 12:59:21.829,1.97695,1.97715,0.90,4.00
2008.04.16 12:59:22.090,1.97695,1.97715,0.90,2.40
2008.04.16 12:59:22.352,1.977,1.9772,0.90,1.60
2008.04.16 12:59:22.612,1.977,1.97725,0.90,8.10
2008.04.16 12:59:22.872,1.977,1.97725,0.90,6.50
2008.04.16 12:59:23.143,1.977,1.97725,0.90,6.50
2008.04.16 12:59:23.416,1.977,1.97725,0.90,4.90
2008.04.16 12:59:23.686,1.977,1.97725,0.90,4.90
2008.04.16 12:59:23.987,1.977,1.97725,0.90,4.90
2008.04.16 12:59:24.250,1.977,1.97725,0.90,4.90
2008.04.16 12:59:24.510,1.977,1.97725,0.90,3.30
2008.04.16 12:59:24.774,1.977,1.97725,0.90,3.30
2008.04.16 12:59:25.060,1.977,1.97725,1.70,0.90
2008.04.16 12:59:25.345,1.977,1.9772,1.70,0.80
2008.04.16 12:59:25.629,1.977,1.97725,1.70,0.90
2008.04.16 12:59:25.915,1.97705,1.97725,0.90,2.40
2008.04.16 12:59:26.215,1.97705,1.97725,0.90,2.40
2008.04.16 12:59:26.480,1.97705,1.97725,0.90,2.40
2008.04.16 12:59:26.747,1.97705,1.9773,0.90,3.80
2008.04.16 12:59:27.013,1.97705,1.9773,0.90,3.80
2008.04.16 12:59:27.289,1.977,1.97725,1.70,3.30
2008.04.16 12:59:27.565,1.977,1.97725,1.70,3.30
2008.04.16 12:59:27.839,1.977,1.97725,1.70,3.30
2008.04.16 12:59:28.114,1.977,1.97725,1.70,3.30
2008.04.16 12:59:28.388,1.977,1.97725,1.70,3.30
2008.04.16 12:59:28.663,1.977,1.97725,1.70,3.30
2008.04.16 12:59:28.938,1.977,1.97725,1.70,3.30
2008.04.16 12:59:29.144,1.977,1.97725,1.70,3.30
2008.04.16 12:59:29.349,1.97705,1.97725,0.90,2.40
2008.04.16 12:59:29.556,1.97705,1.97725,0.90,2.40
2008.04.16 12:59:29.760,1.97705,1.97725,0.90,2.40
2008.04.16 12:59:29.968,1.97705,1.97725,0.90,2.40
2008.04.16 12:59:30.287,1.97705,1.97725,0.90,2.40
2008.04.16 12:59:30.603,1.97705,1.97725,0.90,2.40
2008.04.16 12:59:30.918,1.97705,1.9773,0.90,3.80
2008.04.16 12:59:31.149,1.97705,1.9773,0.90,3.80
2008.04.16 12:59:31.382,1.97705,1.9773,0.90,3.80
2008.04.16 12:59:31.617,1.97705,1.9773,0.90,3.80
2008.04.16 12:59:31.848,1.97705,1.9773,0.90,3.80
2008.04.16 12:59:32.076,1.97705,1.9773,0.90,3.80
2008.04.16 12:59:32.407,1.97705,1.9773,0.90,3.80
2008.04.16 12:59:32.737,1.97705,1.9773,0.90,3.80
2008.04.16 12:59:33.068,1.97705,1.9773,0.90,3.80
2008.04.16 12:59:33.317,1.97705,1.9773,0.90,3.80
2008.04.16 12:59:33.562,1.97705,1.9773,0.90,3.80
2008.04.16 12:59:33.745,1.97705,1.9773,0.90,3.80
2008.04.16 12:59:33.960,1.97705,1.9773,0.90,3.80
2008.04.16 12:59:34.208,1.97705,1.9773,0.90,3.80
2008.04.16 12:59:34.458,1.97705,1.9773,0.90,3.80
2008.04.16 12:59:34.707,1.97705,1.9773,0.90,3.80
2008.04.16 12:59:34.968,1.97705,1.9773,0.90,3.80
2008.04.16 12:59:35.249,1.97705,1.9773,0.90,3.80
2008.04.16 12:59:35.537,1.97705,1.9773,0.90,3.80
2008.04.16 12:59:35.792,1.97705,1.9773,0.90,3.80
2008.04.16 12:59:36.048,1.97705,1.9773,0.90,3.80
2008.04.16 12:59:36.308,1.97705,1.9773,0.90,3.80
2008.04.16 12:59:36.602,1.97705,1.9773,0.90,3.80
2008.04.16 12:59:36.892,1.97705,1.9773,0.90,3.80
2008.04.16 12:59:37.149,1.97705,1.9773,0.90,3.80
2008.04.16 12:59:37.454,1.97705,1.9773,0.90,3.80
2008.04.16 12:59:37.770,1.97705,1.9773,0.90,3.80
2008.04.16 12:59:38.075,1.97705,1.9773,0.90,3.80
2008.04.16 12:59:38.274,1.97705,1.9773,0.90,3.80
2008.04.16 12:59:38.476,1.97705,1.9773,0.90,3.80
2008.04.16 12:59:38.677,1.97705,1.9773,0.90,3.80
2008.04.16 12:59:38.877,1.9771,1.9773,0.90,3.80
2008.04.16 12:59:39.078,1.9771,1.9773,0.90,2.20
2008.04.16 12:59:39.409,1.9771,1.9773,0.90,2.20
2008.04.16 12:59:39.740,1.9771,1.9773,0.90,1.70
2008.04.16 12:59:40.069,1.9771,1.9773,0.90,1.70
2008.04.16 12:59:40.430,1.9771,1.9773,0.90,1.70
2008.04.16 12:59:40.621,1.9771,1.9773,0.90,1.70
2008.04.16 12:59:40.836,1.9771,1.9773,0.90,1.70
2008.04.16 12:59:41.051,1.9771,1.9773,0.90,1.70
2008.04.16 12:59:41.298,1.9771,1.9773,0.90,1.70
2008.04.16 12:59:41.670,1.9771,1.9773,0.90,1.70
2008.04.16 12:59:42.005,1.9771,1.9773,0.90,1.70
2008.04.16 12:59:42.343,1.97705,1.9773,0.90,1.70
2008.04.16 12:59:42.549,1.97705,1.9773,0.90,3.30
2008.04.16 12:59:42.755,1.97705,1.9773,0.90,3.30
2008.04.16 12:59:42.961,1.97705,1.9773,0.90,3.80
2008.04.16 12:59:43.166,1.97705,1.9773,0.90,3.80
2008.04.16 12:59:43.373,1.97705,1.9773,0.90,3.80
2008.04.16 12:59:43.719,1.97705,1.9773,0.90,3.80
2008.04.16 12:59:44.083,1.977,1.97725,1.70,0.90
2008.04.16 12:59:44.419,1.977,1.97725,1.70,3.30
2008.04.16 12:59:44.610,1.977,1.97725,1.70,3.30
2008.04.16 12:59:44.814,1.97705,1.97725,0.90,2.40
2008.04.16 12:59:44.998,1.97705,1.97725,0.90,2.40
2008.04.16 12:59:45.188,1.97705,1.97725,0.90,2.40
2008.04.16 12:59:45.379,1.97705,1.97725,0.90,2.40
2008.04.16 12:59:45.711,1.977,1.97725,1.70,3.30
2008.04.16 12:59:46.042,1.977,1.97725,1.70,5.70
2008.04.16 12:59:46.372,1.977,1.97725,1.70,5.70
2008.04.16 12:59:46.595,1.977,1.97725,1.70,5.70
2008.04.16 12:59:46.800,1.977,1.97725,1.70,5.70
2008.04.16 12:59:47.005,1.977,1.97725,1.70,5.70
2008.04.16 12:59:47.211,1.977,1.97725,1.70,5.70
2008.04.16 12:59:47.416,1.977,1.97725,1.70,5.70
2008.04.16 12:59:47.722,1.977,1.97725,1.70,5.70
2008.04.16 12:59:48.006,1.977,1.97725,1.70,5.70
2008.04.16 12:59:48.294,1.977,1.97725,1.70,5.70
2008.04.16 12:59:48.569,1.977,1.97725,1.70,5.70
2008.04.16 12:59:48.853,1.977,1.97725,1.70,5.70
2008.04.16 12:59:49.120,1.977,1.97725,1.70,5.70
2008.04.16 12:59:49.385,1.977,1.9772,0.80,0.90
2008.04.16 12:59:49.621,1.977,1.9772,0.80,3.30
2008.04.16 12:59:49.897,1.97695,1.9772,3.30,4.10
2008.04.16 12:59:50.165,1.97695,1.9772,0.90,4.10
2008.04.16 12:59:50.427,1.97695,1.9772,0.90,4.10
2008.04.16 12:59:50.688,1.97695,1.9772,0.90,4.10
2008.04.16 12:59:50.947,1.97695,1.9772,0.90,4.10
2008.04.16 12:59:51.206,1.97695,1.9772,0.90,4.10
2008.04.16 12:59:51.485,1.97695,1.9772,0.90,4.10
2008.04.16 12:59:51.794,1.97695,1.9772,0.90,4.10
2008.04.16 12:59:52.072,1.977,1.9772,0.90,1.60
2008.04.16 12:59:52.384,1.97695,1.9771,1.60,0.90
2008.04.16 12:59:52.662,1.9769,1.9771,0.40,4.10
2008.04.16 12:59:52.966,1.9769,1.97705,0.40,2.40
2008.04.16 12:59:53.225,1.9769,1.97705,0.40,2.40
2008.04.16 12:59:53.492,1.9769,1.97705,0.40,2.40
2008.04.16 12:59:53.755,1.9769,1.97705,0.40,2.40
2008.04.16 12:59:54.028,1.9769,1.97705,0.40,2.40
2008.04.16 12:59:54.302,1.9769,1.97705,0.40,2.40
2008.04.16 12:59:54.563,1.9769,1.97705,0.40,2.40
2008.04.16 12:59:54.831,1.9769,1.97705,0.40,2.40
2008.04.16 12:59:55.096,1.9769,1.97705,0.40,2.40
2008.04.16 12:59:55.365,1.9769,1.97705,0.40,2.40
2008.04.16 12:59:55.631,1.9769,1.97705,0.40,2.40
2008.04.16 12:59:55.952,1.9768,1.977,3.20,0.90
2008.04.16 12:59:56.233,1.9768,1.977,0.10,3.30
2008.04.16 12:59:56.526,1.9768,1.977,0.10,3.30
2008.04.16 12:59:56.839,1.9768,1.977,1.00,1.60
2008.04.16 12:59:57.115,1.9768,1.97705,1.00,4.90
2008.04.16 12:59:57.392,1.9768,1.97705,1.00,4.90
2008.04.16 12:59:57.669,1.9768,1.97705,1.00,4.90
2008.04.16 12:59:57.945,1.9768,1.97705,1.00,4.90
2008.04.16 12:59:58.197,1.9768,1.97705,1.00,4.90
2008.04.16 12:59:58.449,1.9768,1.97705,1.10,4.90
2008.04.16 12:59:58.700,1.9768,1.97705,1.00,3.30
2008.04.16 12:59:58.997,1.9768,1.97705,1.80,3.30
2008.04.16 12:59:59.294,1.97685,1.97705,0.90,2.40
2008.04.16 12:59:59.599,1.97685,1.97705,0.90,2.40
2008.04.16 12:59:59.888,1.97685,1.97705,0.90,2.40
