2012.01.06 10:00:00.151,1.5497,1.54979,2.22,1.50
2012.01.06 10:00:00.233,1.54973,1.54984,1.50,1.50
2012.01.06 10:00:00.830,1.54971,1.54983,3.75,1.50
2012.01.06 10:00:01.398,1.54971,1.54983,1.50,1.50
2012.01.06 10:00:01.472,1.54971,1.54983,1.50,1.50
2012.01.06 10:00:02.228,1.54971,1.54983,1.50,1.50
2012.01.06 10:00:02.731,1.54971,1.54983,2.25,1.50
2012.01.06 10:00:03.705,1.54971,1.54983,1.50,1.50
2012.01.06 10:00:03.916,1.54973,1.54983,1.50,1.50
2012.01.06 10:00:04.393,1.54971,1.54985,2.25,3.00
2012.01.06 10:00:04.471,1.54971,1.54983,1.50,1.50
2012.01.06 10:00:05.046,1.54971,1.54983,1.50,1.50
2012.01.06 10:00:05.570,1.54971,1.54983,2.25,1.50
2012.01.06 10:00:06.108,1.54971,1.54983,2.25,2.25
2012.01.06 10:00:06.459,1.54964,1.54975,2.25,1.50
2012.01.06 10:00:06.526,1.54959,1.54972,3.00,1.50
2012.01.06 10:00:06.927,1.54957,1.54971,3.00,3.00
2012.01.06 10:00:07.543,1.54957,1.5497,2.25,3.00
2012.01.06 10:00:07.624,1.54953,1.54967,2.25,1.50
2012.01.06 10:00:09.228,1.54955,1.54968,2.25,1.50
2012.01.06 10:00:10.138,1.54955,1.54968,2.25,1.50
2012.01.06 10:00:10.755,1.54955,1.54969,2.25,2.25
2012.01.06 10:00:11.268,1.54953,1.54967,2.25,1.50
2012.01.06 10:00:11.478,1.54956,1.54969,3.00,2.25
2012.01.06 10:00:11.816,1.5496,1.54972,1.50,1.50
2012.01.06 10:00:12.015,1.54958,1.54972,2.25,3.00
2012.01.06 10:00:13.376,1.54958,1.54972,1.50,3.00
2012.01.06 10:00:13.591,1.54956,1.5497,1.50,5.25
2012.01.06 10:00:14.128,1.54951,1.54965,6.00,1.50
2012.01.06 10:00:14.454,1.54953,1.54967,2.25,2.25
2012.01.06 10:00:14.983,1.54957,1.5497,1.50,3.00
2012.01.06 10:00:15.525,1.54955,1.54969,2.25,2.25
2012.01.06 10:00:17.095,1.54955,1.54969,2.25,2.25
2012.01.06 10:00:18.958,1.54955,1.54969,3.00,2.25
2012.01.06 10:00:19.522,1.54956,1.54969,2.25,2.25
2012.01.06 10:00:20.267,1.54956,1.54969,2.25,1.50
2012.01.06 10:00:20.354,1.54961,1.54975,5.25,2.25
2012.01.06 10:00:20.572,1.54961,1.54975,6.00,1.50
2012.01.06 10:00:21.386,1.54963,1.54977,2.25,2.25
2012.01.06 10:00:23.350,1.54961,1.54974,4.50,1.50
2012.01.06 10:00:23.436,1.54961,1.54974,3.75,2.25
2012.01.06 10:00:23.989,1.54961,1.54974,3.75,1.50
2012.01.06 10:00:24.587,1.54961,1.54974,3.75,1.50
2012.01.06 10:00:26.816,1.54962,1.54976,2.25,3.75
2012.01.06 10:00:29.686,1.54961,1.54974,3.75,1.50
2012.01.06 10:00:30.326,1.54961,1.54974,3.75,1.50
2012.01.06 10:00:30.607,1.54964,1.54976,2.25,2.25
2012.01.06 10:00:31.864,1.54964,1.54978,1.50,3.00
2012.01.06 10:00:32.405,1.54961,1.54974,3.75,1.50
2012.01.06 10:00:33.198,1.54961,1.54974,3.75,2.25
2012.01.06 10:00:33.340,1.54961,1.54973,3.75,1.13
2012.01.06 10:00:33.836,1.54961,1.5497,2.25,1.50
2012.01.06 10:00:34.127,1.54957,1.5497,3.00,1.50
2012.01.06 10:00:34.202,1.54961,1.5497,2.25,2.25
2012.01.06 10:00:34.562,1.54958,1.5497,2.25,1.50
2012.01.06 10:00:34.778,1.54958,1.54969,1.50,1.50
2012.01.06 10:00:35.062,1.54956,1.54968,1.50,2.25
2012.01.06 10:00:35.682,1.54954,1.54968,3.75,2.25
2012.01.06 10:00:36.466,1.54956,1.5497,1.50,4.50
2012.01.06 10:00:40.640,1.54956,1.54969,1.50,1.50
2012.01.06 10:00:40.720,1.54958,1.5497,1.50,3.00
2012.01.06 10:00:41.135,1.54958,1.5497,1.50,3.00
2012.01.06 10:00:42.252,1.54958,1.54962,1.50,2.25
2012.01.06 10:00:42.399,1.54952,1.54966,2.25,3.00
2012.01.06 10:00:42.611,1.54952,1.54966,2.25,3.00
2012.01.06 10:00:43.164,1.54954,1.54968,2.25,3.00
2012.01.06 10:00:44.069,1.54952,1.54966,3.75,3.75
2012.01.06 10:00:44.357,1.54952,1.54966,2.25,3.75
2012.01.06 10:00:44.707,1.54949,1.54963,5.63,2.25
2012.01.06 10:00:45.296,1.5495,1.54963,1.50,2.25
2012.01.06 10:00:45.641,1.54949,1.54961,1.13,3.00
2012.01.06 10:00:46.162,1.54947,1.54961,4.50,2.25
2012.01.06 10:00:47.051,1.54947,1.54957,2.25,2.25
2012.01.06 10:00:47.130,1.54947,1.54957,1.50,3.00
2012.01.06 10:00:47.557,1.54945,1.54957,2.25,3.75
2012.01.06 10:00:47.909,1.54943,1.54954,1.50,4.50
2012.01.06 10:00:48.344,1.5494,1.54952,1.50,2.25
2012.01.06 10:00:48.429,1.54941,1.54954,1.50,4.50
2012.01.06 10:00:48.642,1.54942,1.54956,2.25,2.59
2012.01.06 10:00:49.177,1.54941,1.54954,3.75,1.50
2012.01.06 10:00:50.228,1.54941,1.54954,3.00,2.25
2012.01.06 10:00:50.876,1.5494,1.54954,2.25,6.00
2012.01.06 10:00:50.960,1.54938,1.54951,2.25,1.09
2012.01.06 10:00:51.495,1.54937,1.5495,3.00,1.50
2012.01.06 10:00:52.347,1.54937,1.54948,3.00,1.50
2012.01.06 10:00:53.420,1.54937,1.5495,3.00,2.25
2012.01.06 10:00:53.965,1.54937,1.5495,3.00,1.50
2012.01.06 10:00:54.158,1.5494,1.5495,1.50,1.50
2012.01.06 10:00:54.226,1.5494,1.54952,1.50,3.75
2012.01.06 10:00:54.372,1.54939,1.54952,1.13,2.25
2012.01.06 10:00:54.522,1.54938,1.54948,2.63,2.25
2012.01.06 10:00:54.671,1.54941,1.5495,1.50,3.00
2012.01.06 10:00:54.754,1.54938,1.5495,4.50,6.00
2012.01.06 10:00:55.333,1.54939,1.5495,1.13,6.00
2012.01.06 10:00:55.490,1.54941,1.54952,3.00,1.84
2012.01.06 10:00:55.643,1.5494,1.54953,1.50,3.00
2012.01.06 10:00:55.858,1.54941,1.54952,3.75,1.50
2012.01.06 10:00:56.578,1.54941,1.54952,3.75,1.50
2012.01.06 10:00:56.716,1.54941,1.54954,3.75,1.50
2012.01.06 10:00:57.121,1.54942,1.54956,3.75,1.50
2012.01.06 10:00:57.889,1.54944,1.54958,2.25,2.25
2012.01.06 10:00:58.806,1.54942,1.54956,2.25,2.25
2012.01.06 10:00:59.195,1.54942,1.54956,1.50,2.25
2012.01.06 10:00:59.713,1.54941,1.54951,1.50,2.25
2012.01.06 10:01:00.297,1.54941,1.54953,3.00,2.25
2012.01.06 10:01:01.118,1.54941,1.54953,3.00,3.00
2012.01.06 10:01:01.212,1.54936,1.54948,1.50,1.50
2012.01.06 10:01:01.722,1.54936,1.54945,1.50,1.50
2012.01.06 10:01:02.032,1.54936,1.54949,1.50,3.00
2012.01.06 10:01:02.111,1.54938,1.5495,2.25,1.09
2012.01.06 10:01:02.807,1.5494,1.54952,2.25,2.59
2012.01.06 10:01:02.892,1.54938,1.54952,2.25,1.50
2012.01.06 10:01:03.457,1.54941,1.54955,2.25,3.75
2012.01.06 10:01:04.334,1.54939,1.54953,2.25,2.25
2012.01.06 10:01:05.119,1.54939,1.54953,2.25,2.25
2012.01.06 10:01:05.654,1.54941,1.54955,2.25,2.25
2012.01.06 10:01:06.963,1.54941,1.54955,2.25,2.25
2012.01.06 10:01:07.778,1.54939,1.54953,2.25,1.50
2012.01.06 10:01:08.286,1.54939,1.54953,2.25,3.00
2012.01.06 10:01:08.640,1.54937,1.54951,2.25,1.50
2012.01.06 10:01:09.169,1.54937,1.54951,2.25,1.50
2012.01.06 10:01:09.765,1.54937,1.54951,3.75,1.50
2012.01.06 10:01:10.696,1.54937,1.54951,2.25,1.50
2012.01.06 10:01:11.246,1.54938,1.54952,2.25,1.50
2012.01.06 10:01:11.564,1.54936,1.5495,3.00,1.50
2012.01.06 10:01:12.956,1.54936,1.5495,3.00,1.50
2012.01.06 10:01:13.285,1.54938,1.54952,2.25,3.00
2012.01.06 10:01:13.835,1.54938,1.54952,2.25,1.50
2012.01.06 10:01:14.314,1.54939,1.54952,1.50,1.50
2012.01.06 10:01:14.389,1.54943,1.54954,2.25,1.50
2012.01.06 10:01:14.529,1.54943,1.54954,2.25,1.50
2012.01.06 10:01:14.736,1.54945,1.54954,2.25,1.50
2012.01.06 10:01:14.807,1.54945,1.54956,2.25,1.50
2012.01.06 10:01:14.877,1.54945,1.54959,2.25,2.25
2012.01.06 10:01:15.187,1.54943,1.54956,3.00,1.50
2012.01.06 10:01:15.508,1.54941,1.54954,5.25,1.50
2012.01.06 10:01:15.716,1.54943,1.54957,2.25,1.50
2012.01.06 10:01:15.856,1.54945,1.54959,2.25,2.25
2012.01.06 10:01:15.996,1.54945,1.54959,3.00,1.50
2012.01.06 10:01:16.549,1.54945,1.54959,3.00,1.50
2012.01.06 10:01:17.066,1.54945,1.54958,1.50,1.50
2012.01.06 10:01:17.547,1.54945,1.54956,1.50,1.50
2012.01.06 10:01:18.075,1.54944,1.54958,2.25,2.25
2012.01.06 10:01:18.672,1.54944,1.54958,2.25,1.50
2012.01.06 10:01:19.476,1.54946,1.5496,2.25,5.13
2012.01.06 10:01:19.675,1.54945,1.54958,1.50,1.50
2012.01.06 10:01:20.073,1.54947,1.5496,2.25,2.25
2012.01.06 10:01:20.713,1.54947,1.5496,2.25,2.25
2012.01.06 10:01:22.007,1.54947,1.5496,2.25,2.25
2012.01.06 10:01:22.515,1.54947,1.5496,2.25,2.25
2012.01.06 10:01:22.915,1.54947,1.54958,2.25,1.50
2012.01.06 10:01:22.988,1.54944,1.54956,1.50,3.75
2012.01.06 10:01:23.056,1.54943,1.54954,1.57,3.75
2012.01.06 10:01:23.385,1.54943,1.54954,1.50,1.50
2012.01.06 10:01:23.707,1.54944,1.54958,2.25,1.50
2012.01.06 10:01:23.777,1.54946,1.5496,2.25,3.75
2012.01.06 10:01:24.285,1.54946,1.5496,2.25,3.75
2012.01.06 10:01:25.026,1.54946,1.5496,2.25,4.50
2012.01.06 10:01:25.106,1.54944,1.54958,2.25,2.25
2012.01.06 10:01:25.534,1.54942,1.54953,2.25,1.50
2012.01.06 10:01:25.679,1.5494,1.54952,1.57,3.00
2012.01.06 10:01:25.749,1.54941,1.54952,1.57,2.25
2012.01.06 10:01:26.251,1.54941,1.54951,2.25,1.84
2012.01.06 10:01:26.536,1.54937,1.5495,2.25,3.75
2012.01.06 10:01:26.611,1.54937,1.5495,2.25,2.25
2012.01.06 10:01:27.354,1.54939,1.54952,2.25,1.50
2012.01.06 10:01:27.844,1.54937,1.54951,2.25,1.50
2012.01.06 10:01:28.378,1.54937,1.54951,2.25,3.00
2012.01.06 10:01:28.915,1.54937,1.54951,2.25,1.50
2012.01.06 10:01:29.446,1.54937,1.5495,2.25,1.50
2012.01.06 10:01:30.378,1.54935,1.54949,3.75,2.25
2012.01.06 10:01:30.458,1.5494,1.54954,2.25,1.50
2012.01.06 10:01:30.786,1.54942,1.54954,2.25,1.84
2012.01.06 10:01:31.684,1.54941,1.54954,3.75,1.50
2012.01.06 10:01:31.945,1.54942,1.54956,2.25,2.25
2012.01.06 10:01:32.454,1.54941,1.54954,3.75,1.50
2012.01.06 10:01:32.586,1.54941,1.54954,3.75,1.50
2012.01.06 10:01:33.503,1.54941,1.54952,3.75,1.50
2012.01.06 10:01:33.581,1.54941,1.54954,3.75,1.50
2012.01.06 10:01:34.054,1.54941,1.54954,3.00,2.25
2012.01.06 10:01:34.143,1.54941,1.54952,3.75,1.50
2012.01.06 10:01:34.345,1.54941,1.54954,3.75,2.25
2012.01.06 10:01:34.934,1.54941,1.54954,3.75,1.50
2012.01.06 10:01:35.305,1.54941,1.54954,3.75,3.00
2012.01.06 10:01:35.588,1.54937,1.5495,3.00,1.50
2012.01.06 10:01:36.105,1.54937,1.5495,3.00,1.84
2012.01.06 10:01:36.735,1.54937,1.5495,3.00,1.50
2012.01.06 10:01:37.424,1.54937,1.5495,3.00,2.25
2012.01.06 10:01:37.625,1.54934,1.54946,1.13,3.00
2012.01.06 10:01:37.711,1.54933,1.54944,1.50,1.50
2012.01.06 10:01:37.927,1.5493,1.54944,2.25,2.25
2012.01.06 10:01:38.330,1.54929,1.54942,1.50,1.50
2012.01.06 10:01:38.608,1.54926,1.5494,4.13,2.25
2012.01.06 10:01:39.628,1.54928,1.5494,1.50,1.50
2012.01.06 10:01:39.696,1.54926,1.54939,1.50,2.25
2012.01.06 10:01:40.015,1.54925,1.54939,3.75,3.00
2012.01.06 10:01:40.220,1.54927,1.54939,1.50,1.50
2012.01.06 10:01:40.756,1.54927,1.54939,2.25,1.50
2012.01.06 10:01:41.275,1.54927,1.54939,1.50,1.50
2012.01.06 10:01:41.345,1.54925,1.54939,3.75,3.00
2012.01.06 10:01:41.908,1.54925,1.54939,2.25,3.00
2012.01.06 10:01:42.684,1.54925,1.54939,2.25,3.00
2012.01.06 10:01:43.144,1.54927,1.54939,1.50,1.50
2012.01.06 10:01:44.534,1.54925,1.54939,3.75,3.00
2012.01.06 10:01:45.664,1.54925,1.54939,2.25,3.00
2012.01.06 10:01:46.567,1.54928,1.5494,1.50,3.00
2012.01.06 10:01:46.639,1.54931,1.54943,2.25,3.00
2012.01.06 10:01:46.836,1.54931,1.54945,6.75,2.88
2012.01.06 10:01:47.398,1.54933,1.54946,2.25,1.09
2012.01.06 10:01:47.975,1.54933,1.54947,3.00,2.25
2012.01.06 10:01:48.237,1.54936,1.54947,1.88,1.50
2012.01.06 10:01:48.807,1.54941,1.54954,2.25,1.88
2012.01.06 10:01:49.337,1.54939,1.54953,2.25,2.25
2012.01.06 10:01:49.406,1.54939,1.54953,2.25,1.50
2012.01.06 10:01:49.546,1.54939,1.54953,3.75,2.25
2012.01.06 10:01:49.689,1.54941,1.54953,3.00,2.25
2012.01.06 10:01:50.191,1.54943,1.54953,2.34,1.50
2012.01.06 10:01:50.267,1.54943,1.54955,2.34,1.50
2012.01.06 10:01:50.488,1.54943,1.54957,3.09,2.25
2012.01.06 10:01:50.922,1.54944,1.54957,1.50,1.50
2012.01.06 10:01:51.007,1.54944,1.54957,1.50,2.25
2012.01.06 10:01:51.207,1.54944,1.54955,1.50,1.50
2012.01.06 10:01:51.479,1.54944,1.54957,1.50,2.25
2012.01.06 10:01:56.033,1.54943,1.54957,3.10,2.25
2012.01.06 10:01:56.599,1.54943,1.54957,3.10,2.25
2012.01.06 10:01:57.104,1.54943,1.54957,3.10,1.50
2012.01.06 10:01:57.884,1.54945,1.54959,2.25,2.25
2012.01.06 10:01:58.556,1.54943,1.54956,1.60,2.25
2012.01.06 10:01:58.961,1.54948,1.54956,1.50,1.50
2012.01.06 10:01:59.341,1.54956,1.54962,3.38,1.50
2012.01.06 10:01:59.423,1.54957,1.54965,1.50,1.50
2012.01.06 10:02:00.105,1.54956,1.54965,4.88,1.50
2012.01.06 10:02:00.229,1.54963,1.54969,2.25,2.25
2012.01.06 10:02:00.727,1.54963,1.54967,1.50,1.50
2012.01.06 10:02:00.804,1.54963,1.54974,3.00,1.50
2012.01.06 10:02:01.368,1.54964,1.54976,1.50,3.00
2012.01.06 10:02:01.905,1.54962,1.54975,2.25,1.50
2012.01.06 10:02:02.186,1.54962,1.54974,1.50,1.50
2012.01.06 10:02:02.542,1.54961,1.54974,1.50,1.50
2012.01.06 10:02:02.621,1.54963,1.54974,1.50,1.50
2012.01.06 10:02:03.115,1.54959,1.5497,1.50,1.50
2012.01.06 10:02:03.260,1.54957,1.5497,1.50,1.50
2012.01.06 10:02:03.862,1.54956,1.54968,1.50,2.25
2012.01.06 10:02:03.947,1.54962,1.54974,1.50,1.50
2012.01.06 10:02:04.091,1.5496,1.54974,2.25,3.75
2012.01.06 10:02:04.171,1.54962,1.54974,1.50,2.25
2012.01.06 10:02:04.317,1.5496,1.54974,2.25,3.34
2012.01.06 10:02:04.867,1.54963,1.54974,1.50,1.50
2012.01.06 10:02:05.464,1.54963,1.54974,1.50,1.50
2012.01.06 10:02:06.002,1.54963,1.54974,1.50,1.50
2012.01.06 10:02:06.639,1.54963,1.54974,1.50,1.50
2012.01.06 10:02:07.324,1.54963,1.54974,1.50,1.50
2012.01.06 10:02:10.637,1.54961,1.54974,1.50,1.50
2012.01.06 10:02:12.787,1.54961,1.54974,1.50,1.50
2012.01.06 10:02:13.325,1.54961,1.54974,1.50,1.50
2012.01.06 10:02:15.285,1.54961,1.54974,1.50,1.50
2012.01.06 10:02:16.570,1.54961,1.54974,1.50,1.50
2012.01.06 10:02:17.585,1.54961,1.54974,1.50,1.50
2012.01.06 10:02:18.138,1.54961,1.54974,1.50,1.50
2012.01.06 10:02:21.355,1.54961,1.54974,1.50,1.50
2012.01.06 10:02:22.180,1.54961,1.54974,3.75,1.50
2012.01.06 10:02:22.255,1.54963,1.54974,1.50,1.50
2012.01.06 10:02:22.586,1.54965,1.54974,1.50,1.50
2012.01.06 10:02:22.656,1.54965,1.54978,1.50,1.09
2012.01.06 10:02:22.857,1.54965,1.54976,1.50,1.50
2012.01.06 10:02:22.996,1.54963,1.54974,3.00,1.50
2012.01.06 10:02:23.516,1.54963,1.54974,1.50,1.50
2012.01.06 10:02:23.586,1.54961,1.54974,3.00,1.50
2012.01.06 10:02:23.933,1.54967,1.54976,1.50,1.50
2012.01.06 10:02:24.217,1.54967,1.5498,1.50,1.50
2012.01.06 10:02:24.868,1.54966,1.54974,2.25,1.50
2012.01.06 10:02:24.956,1.54966,1.54979,1.50,1.50
2012.01.06 10:02:25.334,1.54964,1.54978,3.75,2.25
2012.01.06 10:02:25.837,1.54963,1.54975,1.50,1.50
2012.01.06 10:02:26.344,1.54963,1.54974,1.50,1.50
2012.01.06 10:02:26.905,1.54963,1.54976,1.50,2.25
2012.01.06 10:02:27.694,1.54962,1.54974,3.00,1.50
2012.01.06 10:02:27.775,1.54964,1.54975,1.50,1.50
2012.01.06 10:02:28.116,1.54966,1.54978,1.50,1.50
2012.01.06 10:02:28.455,1.54966,1.54974,1.50,1.50
2012.01.06 10:02:28.654,1.54963,1.54975,4.50,1.50
2012.01.06 10:02:28.985,1.54965,1.54975,1.50,1.50
2012.01.06 10:02:29.368,1.54969,1.54976,1.50,2.25
2012.01.06 10:02:29.906,1.54969,1.54978,1.50,1.50
2012.01.06 10:02:29.976,1.54969,1.54979,1.50,1.84
2012.01.06 10:02:30.045,1.54969,1.54979,1.50,1.84
2012.01.06 10:02:30.186,1.54969,1.54979,1.50,1.09
2012.01.06 10:02:30.468,1.54967,1.54981,3.75,2.25
2012.01.06 10:02:32.363,1.54969,1.54982,1.50,3.00
2012.01.06 10:02:32.705,1.54973,1.54982,1.50,3.00
2012.01.06 10:02:32.966,1.54971,1.54982,3.00,3.00
2012.01.06 10:02:33.157,1.54969,1.54982,3.75,3.00
2012.01.06 10:02:33.716,1.54969,1.54982,1.50,3.75
2012.01.06 10:02:34.782,1.54971,1.54982,1.50,3.00
2012.01.06 10:02:37.758,1.54971,1.54982,1.50,3.00
2012.01.06 10:02:38.086,1.54971,1.54985,3.00,4.50
2012.01.06 10:02:38.594,1.54973,1.54985,1.50,3.00
2012.01.06 10:02:41.582,1.54971,1.54985,3.00,4.50
2012.01.06 10:02:42.092,1.54971,1.54982,1.50,1.50
2012.01.06 10:02:42.639,1.5497,1.54984,3.38,2.25
2012.01.06 10:02:43.175,1.54972,1.54985,2.25,3.00
2012.01.06 10:02:45.435,1.54973,1.54985,1.50,3.00
2012.01.06 10:02:46.457,1.54975,1.54985,4.50,2.25
2012.01.06 10:02:46.808,1.54979,1.54993,2.25,2.40
2012.01.06 10:02:46.876,1.54979,1.54993,1.50,2.40
2012.01.06 10:02:47.268,1.5498,1.54994,2.25,3.38
2012.01.06 10:02:47.547,1.54982,1.54993,1.50,2.25
2012.01.06 10:02:47.762,1.54979,1.54993,2.25,2.25
2012.01.06 10:02:48.451,1.54982,1.54994,1.50,1.13
2012.01.06 10:02:48.977,1.5498,1.54992,1.50,2.25
2012.01.06 10:02:49.444,1.54983,1.54996,1.50,1.09
2012.01.06 10:02:49.993,1.54983,1.54996,1.50,1.09
2012.01.06 10:02:50.574,1.54985,1.54996,1.50,1.09
2012.01.06 10:02:51.094,1.54985,1.54996,1.50,1.09
2012.01.06 10:02:51.627,1.54985,1.54996,1.50,1.09
2012.01.06 10:02:51.701,1.54983,1.54996,3.75,1.09
2012.01.06 10:02:52.210,1.54985,1.54997,1.50,1.76
2012.01.06 10:02:52.507,1.54989,1.54997,1.50,2.25
2012.01.06 10:02:52.649,1.54983,1.54995,1.50,2.25
2012.01.06 10:02:52.920,1.54983,1.54987,1.50,2.25
2012.01.06 10:02:53.059,1.54981,1.54987,1.50,2.25
2012.01.06 10:02:53.131,1.54978,1.54984,3.00,2.25
2012.01.06 10:02:53.210,1.54978,1.54984,1.50,1.50
2012.01.06 10:02:53.358,1.54976,1.54986,2.25,1.50
2012.01.06 10:02:53.428,1.54976,1.54989,2.25,2.25
2012.01.06 10:02:53.636,1.54978,1.54991,1.50,2.25
2012.01.06 10:02:54.503,1.54979,1.54993,3.75,2.25
2012.01.06 10:02:55.039,1.54979,1.54993,2.25,2.25
2012.01.06 10:02:56.221,1.54978,1.54991,2.25,1.50
2012.01.06 10:02:56.526,1.54978,1.54989,2.25,1.50
2012.01.06 10:02:56.609,1.54978,1.54989,2.25,1.50
2012.01.06 10:02:56.748,1.54978,1.54991,2.25,3.75
2012.01.06 10:02:57.329,1.54978,1.54991,1.50,2.25
2012.01.06 10:02:57.863,1.54978,1.54989,1.50,1.50
2012.01.06 10:02:59.334,1.54976,1.54989,3.38,2.25
2012.01.06 10:02:59.849,1.54977,1.54989,1.50,2.25
2012.01.06 10:03:00.506,1.54976,1.54989,1.50,2.59
2012.01.06 10:03:00.584,1.54977,1.54985,1.50,2.25
2012.01.06 10:03:00.800,1.54973,1.54985,3.75,2.25
2012.01.06 10:03:01.088,1.54976,1.54985,1.13,1.50
2012.01.06 10:03:01.159,1.54976,1.54987,1.13,1.50
2012.01.06 10:03:01.299,1.54979,1.54989,1.50,2.25
2012.01.06 10:03:01.708,1.54979,1.54993,2.25,2.25
2012.01.06 10:03:08.025,1.54979,1.54993,2.25,2.25
2012.01.06 10:03:09.064,1.54979,1.54993,2.25,2.25
2012.01.06 10:03:10.055,1.54979,1.54993,2.25,2.25
2012.01.06 10:03:10.127,1.54982,1.54994,1.50,2.13
2012.01.06 10:03:10.193,1.54982,1.54994,2.25,2.13
2012.01.06 10:03:10.394,1.54982,1.54994,1.50,2.13
2012.01.06 10:03:10.846,1.54981,1.54994,1.50,3.63
2012.01.06 10:03:11.550,1.54981,1.54994,2.25,2.13
2012.01.06 10:03:12.099,1.54981,1.54993,1.50,2.25
2012.01.06 10:03:12.380,1.54982,1.54995,1.50,2.25
2012.01.06 10:03:12.669,1.54984,1.54997,1.50,3.00
2012.01.06 10:03:13.579,1.54983,1.54997,4.13,2.25
2012.01.06 10:03:14.091,1.54983,1.54997,4.13,2.25
2012.01.06 10:03:14.619,1.54985,1.54999,3.00,2.25
2012.01.06 10:03:15.126,1.54986,1.54997,1.50,1.50
2012.01.06 10:03:18.289,1.54986,1.54995,1.50,1.50
2012.01.06 10:03:19.166,1.54987,1.54997,1.50,1.50
2012.01.06 10:03:21.046,1.54986,1.54999,1.50,3.75
2012.01.06 10:03:21.590,1.54987,1.55001,5.25,3.00
2012.01.06 10:03:21.999,1.54989,1.55001,1.50,1.50
2012.01.06 10:03:23.468,1.54987,1.55001,3.00,3.00
2012.01.06 10:03:24.813,1.54985,1.54999,3.00,2.25
2012.01.06 10:03:25.383,1.54985,1.54999,3.00,2.25
2012.01.06 10:03:26.120,1.54985,1.54999,3.00,2.25
2012.01.06 10:03:26.717,1.54985,1.54999,3.00,2.25
2012.01.06 10:03:27.423,1.54985,1.54999,3.00,2.25
2012.01.06 10:03:27.943,1.54985,1.54999,3.00,2.25
2012.01.06 10:03:28.516,1.54985,1.54999,3.00,2.25
2012.01.06 10:03:29.072,1.54985,1.54999,3.00,2.25
2012.01.06 10:03:29.876,1.54984,1.54997,1.88,3.75
2012.01.06 10:03:30.312,1.54983,1.54995,2.25,2.25
2012.01.06 10:03:30.869,1.54983,1.54993,2.25,1.50
2012.01.06 10:03:31.470,1.54983,1.54993,2.25,2.25
2012.01.06 10:03:31.820,1.54987,1.54993,1.50,1.50
2012.01.06 10:03:32.181,1.54987,1.54995,3.75,1.50
2012.01.06 10:03:32.260,1.54987,1.54997,3.75,1.50
2012.01.06 10:03:33.379,1.54988,1.54997,1.50,1.50
2012.01.06 10:03:40.189,1.54988,1.54999,1.50,2.25
2012.01.06 10:03:42.924,1.54988,1.54999,1.50,2.25
2012.01.06 10:03:43.446,1.54988,1.54999,1.50,2.25
2012.01.06 10:03:45.309,1.54989,1.55001,1.50,2.25
2012.01.06 10:03:46.768,1.54988,1.55001,2.25,2.25
2012.01.06 10:03:47.277,1.54988,1.54999,2.25,1.50
2012.01.06 10:03:49.873,1.54989,1.54999,1.50,1.50
2012.01.06 10:03:50.774,1.54989,1.54999,1.50,1.50
2012.01.06 10:03:51.493,1.54989,1.54999,1.50,1.50
2012.01.06 10:03:52.206,1.54989,1.54999,1.50,1.50
2012.01.06 10:03:52.776,1.54989,1.54999,1.50,1.50
2012.01.06 10:03:53.167,1.5499,1.55001,1.50,3.00
2012.01.06 10:03:54.564,1.5499,1.55003,1.50,3.75
2012.01.06 10:04:00.844,1.54989,1.55001,1.50,1.50
2012.01.06 10:04:01.838,1.5499,1.55003,1.50,2.25
2012.01.06 10:04:02.463,1.54989,1.55003,3.00,2.25
2012.01.06 10:04:03.729,1.5499,1.55001,1.50,1.50
2012.01.06 10:04:04.240,1.5499,1.55003,3.00,2.25
2012.01.06 10:04:05.814,1.54991,1.55003,1.50,2.25
2012.01.06 10:04:06.158,1.54994,1.55005,1.50,1.50
2012.01.06 10:04:06.497,1.55,1.55013,2.25,1.13
2012.01.06 10:04:06.839,1.55004,1.55016,2.25,2.25
2012.01.06 10:04:07.389,1.55003,1.55016,1.50,2.25
2012.01.06 10:04:07.692,1.55003,1.55016,1.50,1.50
2012.01.06 10:04:08.713,1.55004,1.55018,2.25,3.75
2012.01.06 10:04:09.067,1.55007,1.5502,1.50,2.25
2012.01.06 10:04:09.140,1.55007,1.5502,2.25,2.25
2012.01.06 10:04:09.678,1.55008,1.55022,2.25,4.88
2012.01.06 10:04:10.548,1.55006,1.5502,2.25,1.50
2012.01.06 10:04:11.114,1.55006,1.5502,2.25,2.25
2012.01.06 10:04:11.913,1.55006,1.5502,2.25,1.50
2012.01.06 10:04:13.542,1.55006,1.5502,2.25,2.25
2012.01.06 10:04:18.123,1.55008,1.55022,2.25,2.63
2012.01.06 10:04:19.254,1.55008,1.55022,2.25,1.88
2012.01.06 10:04:19.396,1.55008,1.55022,2.25,2.63
2012.01.06 10:04:21.207,1.55008,1.55022,2.25,4.88
2012.01.06 10:04:21.645,1.55008,1.55022,1.50,5.63
2012.01.06 10:04:23.653,1.55008,1.55022,1.50,5.63
2012.01.06 10:04:24.326,1.55008,1.55022,1.50,5.63
2012.01.06 10:04:24.833,1.55008,1.55022,1.50,7.13
2012.01.06 10:04:25.349,1.55008,1.55022,2.25,5.63
2012.01.06 10:04:25.862,1.55005,1.55018,3.00,2.25
2012.01.06 10:04:26.209,1.55006,1.5502,2.25,2.25
2012.01.06 10:04:26.279,1.55006,1.5502,2.25,3.00
2012.01.06 10:04:26.848,1.55007,1.55021,1.50,2.25
2012.01.06 10:04:26.917,1.55009,1.55022,1.50,4.13
2012.01.06 10:04:27.499,1.55009,1.55022,1.50,4.13
2012.01.06 10:04:28.044,1.55007,1.55021,2.25,2.25
2012.01.06 10:04:28.705,1.55005,1.55019,4.50,1.50
2012.01.06 10:04:28.774,1.55005,1.55019,3.00,2.25
2012.01.06 10:04:29.284,1.55005,1.55019,3.00,2.25
2012.01.06 10:04:31.226,1.55005,1.55019,3.00,2.25
2012.01.06 10:04:31.616,1.55006,1.55019,2.25,1.50
2012.01.06 10:04:31.684,1.55008,1.55022,2.25,4.88
2012.01.06 10:04:32.260,1.55008,1.55022,2.25,4.88
2012.01.06 10:04:33.555,1.55008,1.55022,2.25,4.13
2012.01.06 10:04:34.118,1.55011,1.55022,1.50,3.38
2012.01.06 10:04:34.707,1.55011,1.55022,1.50,3.38
2012.01.06 10:04:39.430,1.55011,1.55024,2.25,1.13
2012.01.06 10:04:39.790,1.55017,1.5503,2.25,1.13
2012.01.06 10:04:40.218,1.55014,1.55027,2.25,1.50
2012.01.06 10:04:40.751,1.55024,1.55037,1.50,2.25
2012.01.06 10:04:40.885,1.55025,1.55037,2.25,2.25
2012.01.06 10:04:41.347,1.55028,1.55037,1.50,2.25
2012.01.06 10:04:42.117,1.5503,1.55039,1.50,2.25
2012.01.06 10:04:42.645,1.5503,1.55037,1.50,1.50
2012.01.06 10:04:44.758,1.55029,1.55035,1.50,1.50
2012.01.06 10:04:45.040,1.55027,1.55035,1.50,1.50
2012.01.06 10:04:45.107,1.55026,1.55035,1.50,1.50
2012.01.06 10:04:45.469,1.55022,1.55035,1.50,2.25
2012.01.06 10:04:45.729,1.55022,1.55033,1.50,1.50
2012.01.06 10:04:46.234,1.55022,1.55033,1.50,2.25
2012.01.06 10:04:46.775,1.55022,1.55032,1.50,1.50
2012.01.06 10:04:48.805,1.55022,1.55032,1.50,1.50
2012.01.06 10:04:49.055,1.55022,1.55035,3.00,1.50
2012.01.06 10:04:49.619,1.55022,1.55034,1.50,1.50
2012.01.06 10:04:50.655,1.55027,1.5504,2.25,2.13
2012.01.06 10:04:50.728,1.55028,1.5504,1.50,1.38
2012.01.06 10:04:51.099,1.55029,1.55043,3.00,3.00
2012.01.06 10:04:51.447,1.5503,1.55042,1.50,2.25
2012.01.06 10:04:51.938,1.55032,1.5504,1.50,1.50
2012.01.06 10:04:52.459,1.55033,1.55047,2.25,3.26
2012.01.06 10:04:52.886,1.55035,1.55049,2.25,2.63
2012.01.06 10:04:53.111,1.55037,1.55051,2.25,3.75
2012.01.06 10:04:53.404,1.55037,1.55051,2.25,1.50
2012.01.06 10:04:53.632,1.55037,1.55049,1.50,2.25
2012.01.06 10:04:54.198,1.55037,1.55049,1.50,1.50
2012.01.06 10:04:55.027,1.55037,1.55049,1.50,1.50
2012.01.06 10:04:55.545,1.55037,1.55049,1.50,1.50
2012.01.06 10:04:55.898,1.55037,1.55047,1.50,1.50
2012.01.06 10:04:56.453,1.55036,1.55047,1.50,1.50
2012.01.06 10:04:57.165,1.55037,1.55047,1.50,1.50
2012.01.06 10:04:57.412,1.55037,1.55049,1.50,2.25
2012.01.06 10:04:57.492,1.55037,1.55047,1.50,1.50
2012.01.06 10:04:58.057,1.55037,1.55049,1.50,1.84
2012.01.06 10:04:58.606,1.55036,1.55047,1.50,1.50
2012.01.06 10:05:06.897,1.55037,1.55047,1.50,1.50
2012.01.06 10:05:07.266,1.55049,1.55056,1.50,1.51
2012.01.06 10:05:07.652,1.55052,1.55059,1.50,3.00
2012.01.06 10:05:08.244,1.55053,1.55064,1.50,2.25
2012.01.06 10:05:08.332,1.55055,1.55064,1.50,2.25
2012.01.06 10:05:09.439,1.55055,1.55067,2.25,2.81
2012.01.06 10:05:09.520,1.5506,1.55067,1.50,2.18
2012.01.06 10:05:09.809,1.55063,1.55071,1.50,3.43
2012.01.06 10:05:10.139,1.55062,1.55068,1.50,1.50
2012.01.06 10:05:10.213,1.55062,1.55068,1.50,1.50
2012.01.06 10:05:10.698,1.55065,1.55077,2.25,2.88
2012.01.06 10:05:11.040,1.55069,1.55075,1.50,2.25
2012.01.06 10:05:11.262,1.55061,1.55073,2.63,2.25
2012.01.06 10:05:11.553,1.55063,1.55073,1.50,2.25
2012.01.06 10:05:12.248,1.55064,1.55071,1.50,3.00
2012.01.06 10:05:12.481,1.55062,1.55069,1.50,1.50
2012.01.06 10:05:12.636,1.55063,1.55071,1.50,2.25
2012.01.06 10:05:13.067,1.55064,1.55071,1.50,3.75
2012.01.06 10:05:14.150,1.55064,1.55069,1.50,1.50
2012.01.06 10:05:14.664,1.55062,1.55069,1.50,3.00
2012.01.06 10:05:15.318,1.55064,1.55069,1.50,4.50
2012.01.06 10:05:15.710,1.55062,1.55067,1.50,1.50
2012.01.06 10:05:16.405,1.5505,1.55063,1.88,3.38
2012.01.06 10:05:16.492,1.5505,1.55061,1.88,1.50
2012.01.06 10:05:16.571,1.55055,1.5506,1.50,1.50
2012.01.06 10:05:16.649,1.5505,1.55061,3.00,2.25
2012.01.06 10:05:17.185,1.5505,1.5506,1.50,1.50
2012.01.06 10:05:17.725,1.5505,1.55061,1.50,2.25
2012.01.06 10:05:18.275,1.5505,1.55061,1.50,2.25
2012.01.06 10:05:18.836,1.5505,1.55061,1.50,2.25
2012.01.06 10:05:25.815,1.5505,1.5506,1.50,2.25
2012.01.06 10:05:26.792,1.5505,1.5506,1.50,2.25
2012.01.06 10:05:27.343,1.5505,1.5506,1.50,2.25
2012.01.06 10:05:27.862,1.5505,1.5506,1.50,2.25
2012.01.06 10:05:28.438,1.5505,1.5506,1.50,2.25
2012.01.06 10:05:30.153,1.5505,1.5506,1.50,2.25
2012.01.06 10:05:30.908,1.55052,1.5506,1.50,2.25
2012.01.06 10:05:31.188,1.55055,1.55062,1.50,2.25
2012.01.06 10:05:31.258,1.55052,1.55062,1.50,3.75
2012.01.06 10:05:31.333,1.5505,1.55062,1.50,2.25
2012.01.06 10:05:31.551,1.55053,1.5506,1.50,1.50
2012.01.06 10:05:32.025,1.5505,1.55059,1.50,1.50
2012.01.06 10:05:34.468,1.5505,1.55061,1.50,3.75
2012.01.06 10:05:35.018,1.5505,1.55061,1.50,3.75
2012.01.06 10:05:35.406,1.55053,1.55061,1.50,2.25
2012.01.06 10:05:35.478,1.55053,1.55061,1.50,2.25
2012.01.06 10:05:35.548,1.55055,1.55061,1.50,1.50
2012.01.06 10:05:36.094,1.55055,1.55063,1.50,2.25
2012.01.06 10:05:36.316,1.55055,1.55065,1.50,3.26
2012.01.06 10:05:36.879,1.55055,1.55065,1.50,3.26
2012.01.06 10:05:37.636,1.55055,1.55065,1.50,3.26
2012.01.06 10:05:38.155,1.55055,1.55065,1.50,2.88
2012.01.06 10:05:38.705,1.55055,1.55065,1.50,2.25
2012.01.06 10:05:39.586,1.55055,1.55065,1.50,2.25
2012.01.06 10:05:40.256,1.55055,1.55065,1.50,2.25
2012.01.06 10:05:40.789,1.55055,1.55063,1.50,2.25
2012.01.06 10:05:41.384,1.55055,1.55061,1.50,1.50
2012.01.06 10:05:42.229,1.55055,1.55063,1.50,2.25
2012.01.06 10:05:42.686,1.55054,1.55063,1.50,2.25
2012.01.06 10:05:43.830,1.55055,1.55061,1.50,2.25
2012.01.06 10:05:43.977,1.55051,1.55059,3.38,2.25
2012.01.06 10:05:44.188,1.55053,1.55059,1.50,1.50
2012.01.06 10:05:44.528,1.55051,1.55061,2.25,2.25
2012.01.06 10:05:44.665,1.55052,1.55061,1.50,2.25
2012.01.06 10:05:45.215,1.5505,1.55061,1.50,2.25
2012.01.06 10:05:45.748,1.55047,1.55061,5.25,3.75
2012.01.06 10:05:46.517,1.55047,1.55061,5.25,2.25
2012.01.06 10:05:48.374,1.55047,1.55061,5.25,2.25
2012.01.06 10:05:49.203,1.55047,1.55061,5.25,2.25
2012.01.06 10:05:49.802,1.55047,1.55061,5.25,2.25
2012.01.06 10:05:50.348,1.55047,1.55061,5.25,2.25
2012.01.06 10:05:50.594,1.55048,1.55061,1.50,2.25
2012.01.06 10:05:51.132,1.5505,1.55061,1.50,2.25
2012.01.06 10:05:52.653,1.5505,1.55061,1.50,2.25
2012.01.06 10:05:53.711,1.5505,1.55059,1.50,2.25
2012.01.06 10:05:54.294,1.5505,1.55059,1.50,2.25
2012.01.06 10:05:56.633,1.5505,1.55059,1.50,2.25
2012.01.06 10:05:57.296,1.5505,1.55059,1.50,2.25
2012.01.06 10:06:02.508,1.5505,1.55059,1.50,2.25
2012.01.06 10:06:03.708,1.5505,1.55058,1.50,1.50
2012.01.06 10:06:04.622,1.55049,1.55057,1.50,2.25
2012.01.06 10:06:07.118,1.55049,1.55058,1.50,1.50
2012.01.06 10:06:09.264,1.55049,1.55059,1.50,2.25
2012.01.06 10:06:09.839,1.55051,1.55061,1.50,2.25
2012.01.06 10:06:10.177,1.55054,1.55063,1.50,2.25
2012.01.06 10:06:10.249,1.55051,1.55063,3.75,2.25
2012.01.06 10:06:10.319,1.55049,1.55061,1.50,2.25
2012.01.06 10:06:10.455,1.55049,1.55061,1.88,1.50
2012.01.06 10:06:11.058,1.55049,1.55062,1.50,1.50
2012.01.06 10:06:11.587,1.55049,1.55062,1.50,1.50
2012.01.06 10:06:12.263,1.55049,1.55062,1.50,1.50
2012.01.06 10:06:14.905,1.55049,1.55062,1.50,1.50
2012.01.06 10:06:15.463,1.55049,1.55062,1.50,1.50
2012.01.06 10:06:16.121,1.55049,1.55062,1.50,1.50
2012.01.06 10:06:16.682,1.55049,1.55062,1.50,1.50
2012.01.06 10:06:17.213,1.55051,1.55062,1.50,1.50
2012.01.06 10:06:17.288,1.55053,1.55062,1.50,1.50
2012.01.06 10:06:18.986,1.55054,1.55066,1.50,3.76
2012.01.06 10:06:19.526,1.55054,1.55066,1.50,4.51
2012.01.06 10:06:20.134,1.55054,1.55066,1.50,2.63
2012.01.06 10:06:20.714,1.55054,1.55066,1.50,1.13
2012.01.06 10:06:21.679,1.55054,1.55066,1.50,1.13
2012.01.06 10:06:21.771,1.55056,1.55067,1.50,2.13
2012.01.06 10:06:21.990,1.55058,1.55071,1.50,1.88
2012.01.06 10:06:22.187,1.55058,1.55071,3.00,1.88
2012.01.06 10:06:22.404,1.55059,1.55071,1.50,1.50
2012.01.06 10:06:22.548,1.55059,1.55072,3.00,3.00
2012.01.06 10:06:22.961,1.55061,1.55075,3.00,3.00
2012.01.06 10:06:23.178,1.55064,1.55075,1.50,1.50
2012.01.06 10:06:23.642,1.55063,1.55077,3.75,3.00
2012.01.06 10:06:23.736,1.55064,1.55077,1.50,2.25
2012.01.06 10:06:27.897,1.55064,1.55077,1.50,2.25
2012.01.06 10:06:28.496,1.55064,1.55076,1.50,2.25
2012.01.06 10:06:29.134,1.55064,1.55076,1.50,2.25
2012.01.06 10:06:29.966,1.55065,1.55078,1.50,2.25
2012.01.06 10:06:30.530,1.55064,1.55078,3.00,2.25
2012.01.06 10:06:34.608,1.55064,1.55076,2.25,3.75
2012.01.06 10:06:35.160,1.55067,1.5508,1.50,4.50
2012.01.06 10:06:35.587,1.55067,1.5508,2.25,1.50
2012.01.06 10:06:35.939,1.55067,1.55081,3.00,3.00
2012.01.06 10:06:36.517,1.55067,1.55081,2.25,2.25
2012.01.06 10:06:36.867,1.55065,1.55079,4.50,2.25
2012.01.06 10:06:37.145,1.55065,1.55079,3.00,2.25
2012.01.06 10:06:37.286,1.55068,1.55079,1.50,2.25
2012.01.06 10:06:37.427,1.55065,1.55079,3.00,2.25
2012.01.06 10:06:37.642,1.5507,1.5508,1.50,3.00
2012.01.06 10:06:37.719,1.55066,1.5508,1.50,4.50
2012.01.06 10:06:38.904,1.55066,1.5508,1.50,4.50
2012.01.06 10:06:39.454,1.55066,1.5508,1.50,4.50
2012.01.06 10:06:39.856,1.55066,1.5508,1.50,4.50
2012.01.06 10:06:40.829,1.55066,1.5508,1.50,5.13
2012.01.06 10:06:41.354,1.55066,1.55076,1.50,2.25
2012.01.06 10:06:43.104,1.55066,1.55077,1.50,2.25
2012.01.06 10:06:43.645,1.55066,1.55079,1.50,3.38
2012.01.06 10:06:44.473,1.55058,1.55066,1.50,3.00
2012.01.06 10:06:44.570,1.55056,1.55065,2.25,2.25
2012.01.06 10:06:45.116,1.55056,1.55065,1.50,3.00
2012.01.06 10:06:46.456,1.55053,1.55063,2.25,2.25
2012.01.06 10:06:46.530,1.55051,1.55061,3.00,1.50
2012.01.06 10:06:46.729,1.55051,1.55063,3.75,2.25
2012.01.06 10:06:47.286,1.55051,1.55063,3.00,2.25
2012.01.06 10:06:48.364,1.55051,1.55063,3.75,2.25
2012.01.06 10:06:49.677,1.55051,1.55063,3.00,2.25
2012.01.06 10:06:52.141,1.55051,1.55063,3.00,2.25
2012.01.06 10:06:52.666,1.55051,1.5506,3.00,2.25
2012.01.06 10:06:53.197,1.55051,1.5506,3.00,2.25
2012.01.06 10:06:54.750,1.5505,1.5506,3.00,2.25
2012.01.06 10:06:55.225,1.55051,1.5506,3.00,2.25
2012.01.06 10:06:57.016,1.55051,1.5506,3.00,2.25
2012.01.06 10:06:57.346,1.55049,1.5506,1.05,2.25
2012.01.06 10:06:58.347,1.55049,1.5506,1.05,2.25
2012.01.06 10:06:58.902,1.55051,1.5506,3.00,2.25
2012.01.06 10:06:59.457,1.5505,1.5506,2.25,2.25
2012.01.06 10:06:59.601,1.55047,1.55058,3.75,2.25
2012.01.06 10:07:00.108,1.55047,1.55058,3.00,2.25
2012.01.06 10:07:01.369,1.55047,1.55058,3.00,2.25
2012.01.06 10:07:01.649,1.55041,1.55055,2.25,1.50
2012.01.06 10:07:01.718,1.55041,1.55055,2.25,2.25
2012.01.06 10:07:02.459,1.55041,1.55052,3.00,2.25
2012.01.06 10:07:02.599,1.55039,1.5505,1.50,1.20
2012.01.06 10:07:02.749,1.55038,1.55045,1.50,3.79
2012.01.06 10:07:03.321,1.55034,1.5504,3.00,3.00
2012.01.06 10:07:03.441,1.55023,1.55037,1.50,2.25
2012.01.06 10:07:03.519,1.55023,1.55037,2.25,2.25
2012.01.06 10:07:03.801,1.55017,1.5503,2.03,2.25
2012.01.06 10:07:04.290,1.55016,1.5503,2.63,2.25
2012.01.06 10:07:04.837,1.55018,1.55032,1.50,2.25
2012.01.06 10:07:05.569,1.55017,1.55031,3.00,2.25
2012.01.06 10:07:05.841,1.55015,1.55029,3.00,2.25
2012.01.06 10:07:06.388,1.55015,1.55029,1.50,2.25
2012.01.06 10:07:08.148,1.55014,1.55026,2.25,1.50
2012.01.06 10:07:08.697,1.55015,1.55028,1.50,1.13
2012.01.06 10:07:09.042,1.55017,1.5503,1.50,3.00
2012.01.06 10:07:09.295,1.55015,1.55029,2.25,2.25
2012.01.06 10:07:09.948,1.55015,1.55029,2.25,2.25
2012.01.06 10:07:10.851,1.55017,1.5503,2.25,3.00
2012.01.06 10:07:11.213,1.55018,1.5503,1.50,3.00
2012.01.06 10:07:11.568,1.55018,1.5503,2.25,3.00
2012.01.06 10:07:11.641,1.55018,1.5503,1.50,3.00
2012.01.06 10:07:12.137,1.55019,1.55031,2.25,2.25
2012.01.06 10:07:12.352,1.55018,1.55031,1.50,2.25
2012.01.06 10:07:13.126,1.5502,1.55034,1.50,2.25
2012.01.06 10:07:13.343,1.55022,1.55036,1.50,4.88
2012.01.06 10:07:13.708,1.55025,1.55039,2.25,2.63
2012.01.06 10:07:13.865,1.55025,1.55039,3.00,2.25
2012.01.06 10:07:14.013,1.55025,1.55039,4.50,1.50
2012.01.06 10:07:14.368,1.5503,1.55038,1.50,1.09
2012.01.06 10:07:14.909,1.55032,1.55038,1.50,1.47
2012.01.06 10:07:15.005,1.55029,1.5504,1.50,1.50
2012.01.06 10:07:15.361,1.5503,1.55039,1.50,1.13
2012.01.06 10:07:15.582,1.55023,1.55034,1.50,1.50
2012.01.06 10:07:15.729,1.55021,1.55033,2.25,1.50
2012.01.06 10:07:17.085,1.55023,1.55033,1.50,1.50
2012.01.06 10:07:18.456,1.55021,1.55032,1.50,1.50
2012.01.06 10:07:19.779,1.55023,1.55033,1.50,1.50
2012.01.06 10:07:20.530,1.55021,1.55032,1.50,1.50
2012.01.06 10:07:22.157,1.55021,1.55034,2.25,1.13
2012.01.06 10:07:22.692,1.55021,1.55034,2.25,1.13
2012.01.06 10:07:23.169,1.55021,1.55035,3.75,5.63
2012.01.06 10:07:23.260,1.55024,1.55034,3.00,1.13
2012.01.06 10:07:24.006,1.5502,1.55033,1.50,1.50
2012.01.06 10:07:24.074,1.5502,1.55033,1.50,2.25
2012.01.06 10:07:24.642,1.55021,1.55033,3.00,2.25
2012.01.06 10:07:25.538,1.55021,1.55033,3.00,3.00
2012.01.06 10:07:25.612,1.55021,1.55031,3.00,1.50
2012.01.06 10:07:26.166,1.55021,1.55033,3.00,3.00
2012.01.06 10:07:26.776,1.55021,1.55031,3.00,1.50
2012.01.06 10:07:30.550,1.55021,1.55033,3.00,3.00
2012.01.06 10:07:36.061,1.55021,1.55033,3.00,3.75
2012.01.06 10:07:36.152,1.5502,1.55031,1.84,1.50
2012.01.06 10:07:36.651,1.55021,1.55033,3.00,1.50
2012.01.06 10:07:37.165,1.55021,1.55033,3.00,2.25
2012.01.06 10:07:37.242,1.55021,1.55031,3.00,1.50
2012.01.06 10:07:37.315,1.55021,1.55034,3.00,2.25
2012.01.06 10:07:37.826,1.55021,1.55034,3.00,2.25
2012.01.06 10:07:39.949,1.55024,1.55038,2.25,3.00
2012.01.06 10:07:40.756,1.55024,1.55038,2.25,3.00
2012.01.06 10:07:41.303,1.55024,1.55038,2.25,3.00
2012.01.06 10:07:41.891,1.55024,1.55038,2.25,3.00
2012.01.06 10:07:42.227,1.55021,1.55035,4.50,1.50
2012.01.06 10:07:42.762,1.55023,1.55037,2.25,3.75
2012.01.06 10:07:44.716,1.55023,1.55037,2.25,2.25
2012.01.06 10:07:45.239,1.55023,1.55037,2.25,2.25
2012.01.06 10:07:45.754,1.55025,1.55038,1.50,1.50
2012.01.06 10:07:47.103,1.55025,1.55037,2.25,1.50
2012.01.06 10:07:48.523,1.55025,1.55038,2.25,1.50
2012.01.06 10:07:48.836,1.55025,1.55039,2.25,3.00
2012.01.06 10:07:49.387,1.55025,1.55038,4.50,1.50
2012.01.06 10:07:54.713,1.55025,1.55039,4.50,2.25
2012.01.06 10:07:56.095,1.55026,1.55039,1.50,2.25
2012.01.06 10:07:57.915,1.55027,1.5504,2.25,1.13
2012.01.06 10:07:58.475,1.55027,1.5504,2.25,1.13
2012.01.06 10:07:58.749,1.55027,1.55041,2.63,4.88
2012.01.06 10:07:58.838,1.55031,1.55041,3.00,1.50
2012.01.06 10:07:58.987,1.55031,1.55044,2.25,3.00
2012.01.06 10:07:59.127,1.55031,1.55044,2.25,3.00
2012.01.06 10:07:59.753,1.55032,1.55043,3.00,1.50
2012.01.06 10:08:00.539,1.55032,1.55041,2.25,1.50
2012.01.06 10:08:00.945,1.55027,1.55041,2.25,1.50
2012.01.06 10:08:01.218,1.55026,1.55039,1.50,1.50
2012.01.06 10:08:01.965,1.55024,1.55035,1.50,1.50
2012.01.06 10:08:02.048,1.55023,1.55037,2.25,2.25
2012.01.06 10:08:02.598,1.55023,1.55037,2.25,2.25
2012.01.06 10:08:03.958,1.55021,1.55035,6.00,1.50
2012.01.06 10:08:04.753,1.55023,1.55037,2.25,3.75
2012.01.06 10:08:05.264,1.55023,1.55037,2.25,3.00
2012.01.06 10:08:05.337,1.55023,1.55037,1.50,3.00
2012.01.06 10:08:05.552,1.55021,1.55034,3.00,2.25
2012.01.06 10:08:05.631,1.55022,1.55036,2.25,1.50
2012.01.06 10:08:09.485,1.55022,1.55036,2.25,1.50
2012.01.06 10:08:11.143,1.55022,1.55036,2.25,1.50
2012.01.06 10:08:11.503,1.55021,1.5503,4.50,1.50
2012.01.06 10:08:11.862,1.55021,1.5503,3.00,2.25
2012.01.06 10:08:12.360,1.55021,1.55035,4.50,1.50
2012.01.06 10:08:12.428,1.55023,1.55037,2.25,2.25
2012.01.06 10:08:13.029,1.55023,1.55037,2.25,2.25
2012.01.06 10:08:13.113,1.55021,1.55035,4.50,1.50
2012.01.06 10:08:13.903,1.55021,1.55033,3.00,1.50
2012.01.06 10:08:14.191,1.55021,1.55035,2.25,3.00
2012.01.06 10:08:14.484,1.55021,1.55033,3.00,1.50
2012.01.06 10:08:15.328,1.55021,1.55033,3.00,1.50
2012.01.06 10:08:15.395,1.55021,1.55033,3.00,2.25
2012.01.06 10:08:15.806,1.55021,1.55031,3.00,1.50
2012.01.06 10:08:16.357,1.55021,1.55031,3.00,1.50
2012.01.06 10:08:16.428,1.55021,1.55033,3.00,2.25
2012.01.06 10:08:16.937,1.55021,1.55033,3.00,2.25
2012.01.06 10:08:18.545,1.55021,1.55033,3.00,1.50
2012.01.06 10:08:18.746,1.55021,1.55035,4.50,3.00
2012.01.06 10:08:18.958,1.55021,1.55035,4.88,1.50
2012.01.06 10:08:19.286,1.55027,1.5504,2.25,2.25
2012.01.06 10:08:19.827,1.5503,1.55041,1.50,1.50
2012.01.06 10:08:19.967,1.5503,1.55043,1.50,1.50
2012.01.06 10:08:20.568,1.55031,1.55043,3.34,1.50
2012.01.06 10:08:20.663,1.55035,1.55046,1.50,4.06
2012.01.06 10:08:20.743,1.55037,1.55047,1.09,1.50
2012.01.06 10:08:21.104,1.55045,1.55056,3.00,1.13
2012.01.06 10:08:21.177,1.55045,1.55057,3.00,1.13
2012.01.06 10:08:21.248,1.55045,1.55056,2.25,2.25
2012.01.06 10:08:21.602,1.55048,1.55056,2.25,2.25
2012.01.06 10:08:22.417,1.55048,1.55056,2.25,2.25
2012.01.06 10:08:22.951,1.55048,1.55056,2.25,2.25
2012.01.06 10:08:23.705,1.55048,1.55056,2.25,2.25
2012.01.06 10:08:24.266,1.55048,1.55056,2.25,2.25
2012.01.06 10:08:24.799,1.55048,1.55056,2.25,2.25
2012.01.06 10:08:25.846,1.55048,1.55056,2.25,2.25
2012.01.06 10:08:26.688,1.55048,1.55056,2.25,2.25
2012.01.06 10:08:27.966,1.55048,1.55056,2.25,2.25
2012.01.06 10:08:28.835,1.55048,1.55056,2.25,2.25
2012.01.06 10:08:29.629,1.55048,1.55056,2.25,2.25
2012.01.06 10:08:29.740,1.55042,1.55056,2.25,3.75
2012.01.06 10:08:29.831,1.55042,1.55055,2.25,1.58
2012.01.06 10:08:30.407,1.5504,1.55051,3.00,1.50
2012.01.06 10:08:31.088,1.5504,1.5505,2.25,2.25
2012.01.06 10:08:31.191,1.55044,1.55055,2.25,1.13
2012.01.06 10:08:31.344,1.55046,1.55056,1.50,1.50
2012.01.06 10:08:31.704,1.55046,1.55054,1.50,1.50
2012.01.06 10:08:31.784,1.55046,1.55054,2.25,1.13
2012.01.06 10:08:31.934,1.55046,1.55056,2.25,1.13
2012.01.06 10:08:32.669,1.5505,1.55056,1.50,1.50
2012.01.06 10:08:32.820,1.55052,1.55062,1.50,1.13
2012.01.06 10:08:33.028,1.55053,1.55062,3.00,1.13
2012.01.06 10:08:33.100,1.55055,1.55064,2.25,1.13
2012.01.06 10:08:33.169,1.55055,1.55067,3.00,1.13
2012.01.06 10:08:33.585,1.55057,1.55064,2.25,1.13
2012.01.06 10:08:33.940,1.55061,1.55068,4.50,1.50
2012.01.06 10:08:34.585,1.55061,1.5507,4.50,1.50
2012.01.06 10:08:34.660,1.55061,1.55075,4.50,3.75
2012.01.06 10:08:35.198,1.55061,1.55075,4.50,1.50
2012.01.06 10:08:35.387,1.55063,1.55077,2.25,2.25
2012.01.06 10:08:36.299,1.55061,1.55075,4.50,1.50
2012.01.06 10:08:36.576,1.55063,1.55077,2.25,2.25
2012.01.06 10:08:37.086,1.55064,1.55077,2.25,1.50
2012.01.06 10:08:37.971,1.55065,1.55079,2.25,2.25
2012.01.06 10:08:38.507,1.55065,1.55079,2.25,2.25
2012.01.06 10:08:39.299,1.55067,1.5508,2.25,2.25
2012.01.06 10:08:39.648,1.55069,1.5508,2.25,2.25
2012.01.06 10:08:40.288,1.55067,1.5508,2.25,2.25
2012.01.06 10:08:41.272,1.55067,1.5508,2.25,2.25
2012.01.06 10:08:41.857,1.55067,1.5508,2.25,2.25
2012.01.06 10:08:42.437,1.55065,1.55079,2.25,1.50
2012.01.06 10:08:43.375,1.55066,1.55079,1.50,1.50
2012.01.06 10:08:43.690,1.55066,1.55079,1.50,1.50
2012.01.06 10:08:43.832,1.55067,1.55081,2.25,1.50
2012.01.06 10:08:44.120,1.55065,1.55079,4.50,2.25
2012.01.06 10:08:44.255,1.55065,1.55077,1.50,1.50
2012.01.06 10:08:44.807,1.55064,1.55077,1.50,1.50
2012.01.06 10:08:45.249,1.55066,1.55079,1.50,1.50
2012.01.06 10:08:45.736,1.55068,1.55082,3.00,1.50
2012.01.06 10:08:46.277,1.55068,1.55082,3.00,1.50
2012.01.06 10:08:46.799,1.55068,1.55082,3.00,1.50
2012.01.06 10:08:47.125,1.55068,1.5508,1.50,1.50
2012.01.06 10:08:47.659,1.55068,1.55079,1.50,1.50
2012.01.06 10:08:47.731,1.55067,1.55077,1.50,1.50
2012.01.06 10:08:48.535,1.55065,1.55079,3.75,1.88
2012.01.06 10:08:48.657,1.55059,1.55069,1.50,1.50
2012.01.06 10:08:49.009,1.55056,1.55068,1.50,2.63
2012.01.06 10:08:49.358,1.55056,1.55066,2.25,2.25
2012.01.06 10:08:50.250,1.55058,1.55066,2.25,2.25
2012.01.06 10:08:51.718,1.55059,1.55066,1.50,2.25
2012.01.06 10:08:52.152,1.55059,1.55066,1.50,1.50
2012.01.06 10:08:52.368,1.55059,1.55073,3.00,2.25
2012.01.06 10:08:52.582,1.55061,1.55075,4.50,2.25
2012.01.06 10:08:53.050,1.55061,1.55075,4.50,1.50
2012.01.06 10:08:53.133,1.55067,1.55081,2.25,2.25
2012.01.06 10:08:53.655,1.55065,1.55079,2.25,1.50
2012.01.06 10:08:54.327,1.55065,1.55079,2.25,1.50
2012.01.06 10:08:54.859,1.55067,1.55081,2.25,1.50
2012.01.06 10:08:55.307,1.55065,1.55079,3.75,1.50
2012.01.06 10:08:55.649,1.55064,1.55076,1.50,1.50
2012.01.06 10:08:56.469,1.55062,1.55076,1.50,1.50
2012.01.06 10:08:56.758,1.55062,1.55076,3.00,1.50
2012.01.06 10:08:57.041,1.55062,1.55076,3.00,3.75
2012.01.06 10:08:57.118,1.55062,1.55076,2.25,4.50
2012.01.06 10:08:57.405,1.5506,1.55074,1.50,2.25
2012.01.06 10:08:57.899,1.5506,1.55074,3.00,2.25
2012.01.06 10:08:58.180,1.55062,1.55076,2.25,3.75
2012.01.06 10:08:59.001,1.55062,1.55076,1.50,3.00
2012.01.06 10:08:59.160,1.55062,1.55076,2.25,3.75
2012.01.06 10:08:59.431,1.5506,1.55076,3.00,3.75
2012.01.06 10:08:59.578,1.5506,1.55076,3.00,4.50
2012.01.06 10:09:00.320,1.5506,1.55076,3.00,5.25
2012.01.06 10:09:00.921,1.5506,1.55074,3.00,2.25
2012.01.06 10:09:01.008,1.5506,1.55074,2.25,3.00
2012.01.06 10:09:01.165,1.5506,1.55074,3.00,2.25
2012.01.06 10:09:01.486,1.55063,1.55076,3.00,3.75
2012.01.06 10:09:02.048,1.55064,1.55078,2.25,2.25
2012.01.06 10:09:02.116,1.55064,1.55078,2.25,1.50
2012.01.06 10:09:02.686,1.55066,1.55079,2.25,2.25
2012.01.06 10:09:02.758,1.55066,1.55079,3.75,3.00
2012.01.06 10:09:03.118,1.55066,1.55076,2.25,2.25
2012.01.06 10:09:03.196,1.55066,1.55076,2.25,1.50
2012.01.06 10:09:03.481,1.55064,1.55071,2.25,1.50
2012.01.06 10:09:03.844,1.5506,1.55067,2.25,1.50
2012.01.06 10:09:03.926,1.5506,1.55067,2.25,1.50
2012.01.06 10:09:04.667,1.5506,1.55069,2.25,1.50
2012.01.06 10:09:05.188,1.5506,1.55067,2.25,1.50
2012.01.06 10:09:05.335,1.55056,1.55067,2.25,1.50
2012.01.06 10:09:05.852,1.55056,1.55067,2.25,1.50
2012.01.06 10:09:06.804,1.55053,1.55066,2.25,1.50
2012.01.06 10:09:07.336,1.55056,1.55066,2.25,1.50
2012.01.06 10:09:07.747,1.55053,1.55064,2.25,4.13
2012.01.06 10:09:08.192,1.55051,1.55063,1.50,1.13
2012.01.06 10:09:08.966,1.55052,1.55062,2.25,1.09
2012.01.06 10:09:09.551,1.55049,1.55062,2.25,1.84
2012.01.06 10:09:09.633,1.55049,1.55059,2.25,2.25
2012.01.06 10:09:10.155,1.55045,1.55059,3.00,3.75
2012.01.06 10:09:10.742,1.55047,1.55059,2.25,2.25
2012.01.06 10:09:11.644,1.55045,1.55059,3.00,4.50
2012.01.06 10:09:12.298,1.55045,1.55059,2.25,3.75
2012.01.06 10:09:12.865,1.55045,1.55059,2.25,4.50
2012.01.06 10:09:14.466,1.55045,1.55059,2.25,4.50
2012.01.06 10:09:14.859,1.55045,1.55059,2.25,3.75
2012.01.06 10:09:15.614,1.55045,1.55059,2.25,3.75
2012.01.06 10:09:18.598,1.55043,1.55057,3.75,1.50
2012.01.06 10:09:18.784,1.55043,1.55057,2.25,1.50
2012.01.06 10:09:19.788,1.55042,1.55055,1.50,1.50
2012.01.06 10:09:20.070,1.5504,1.55053,1.50,1.84
2012.01.06 10:09:20.608,1.55037,1.55051,3.00,1.50
2012.01.06 10:09:21.256,1.55037,1.55051,3.00,1.50
2012.01.06 10:09:21.385,1.55039,1.55053,2.25,2.25
2012.01.06 10:09:21.929,1.55039,1.55053,2.25,1.50
2012.01.06 10:09:22.074,1.5504,1.55053,1.54,1.50
2012.01.06 10:09:22.154,1.55043,1.55055,2.25,1.50
2012.01.06 10:09:22.712,1.55049,1.55059,2.25,2.25
2012.01.06 10:09:23.220,1.55047,1.55059,3.75,2.25
2012.01.06 10:09:23.748,1.55047,1.55059,2.25,2.25
2012.01.06 10:09:24.962,1.55049,1.55059,2.29,2.25
2012.01.06 10:09:25.188,1.55049,1.55062,3.00,3.38
2012.01.06 10:09:25.265,1.55049,1.55062,3.00,3.38
2012.01.06 10:09:25.476,1.55049,1.55062,2.25,3.38
2012.01.06 10:09:25.551,1.55049,1.55059,2.25,2.25
2012.01.06 10:09:26.156,1.55049,1.55059,2.25,2.25
2012.01.06 10:09:26.234,1.55044,1.55056,2.25,1.50
2012.01.06 10:09:26.635,1.55044,1.55058,3.75,1.50
2012.01.06 10:09:27.262,1.55045,1.55059,2.25,3.75
2012.01.06 10:09:27.409,1.55044,1.55057,1.50,1.50
2012.01.06 10:09:28.259,1.55043,1.55056,2.25,1.50
2012.01.06 10:09:28.329,1.55042,1.55052,1.50,1.50
2012.01.06 10:09:28.667,1.5504,1.55052,3.75,1.50
2012.01.06 10:09:28.741,1.5504,1.55054,5.25,1.50
2012.01.06 10:09:28.817,1.55042,1.55056,2.25,1.50
2012.01.06 10:09:29.146,1.55044,1.55058,2.25,2.25
2012.01.06 10:09:29.216,1.55042,1.55056,2.25,1.50
2012.01.06 10:09:29.925,1.55041,1.55054,1.50,1.50
2012.01.06 10:09:29.994,1.55043,1.55057,2.25,1.50
2012.01.06 10:09:32.575,1.55041,1.55055,3.75,1.50
2012.01.06 10:09:33.114,1.55041,1.55055,2.25,1.50
2012.01.06 10:09:34.934,1.55041,1.55055,2.25,1.50
2012.01.06 10:09:37.127,1.55041,1.55055,2.25,1.50
2012.01.06 10:09:37.695,1.55041,1.55055,2.25,1.50
2012.01.06 10:09:39.229,1.55041,1.55055,2.25,1.50
2012.01.06 10:09:48.064,1.55041,1.55055,3.75,1.50
2012.01.06 10:09:48.136,1.55043,1.55057,2.25,2.25
2012.01.06 10:09:49.830,1.55041,1.55055,2.25,1.50
2012.01.06 10:09:50.337,1.5504,1.55053,3.00,1.50
2012.01.06 10:09:50.477,1.55039,1.55051,2.25,1.50
2012.01.06 10:09:50.623,1.55039,1.55051,2.25,2.25
2012.01.06 10:09:50.979,1.55032,1.55044,1.13,1.50
2012.01.06 10:09:51.260,1.5503,1.55044,4.50,2.25
2012.01.06 10:09:51.339,1.5503,1.55044,2.25,4.50
2012.01.06 10:09:51.481,1.55028,1.55042,2.25,3.00
2012.01.06 10:09:51.629,1.55026,1.5504,3.00,1.50
2012.01.06 10:09:52.164,1.55026,1.55038,1.50,1.50
2012.01.06 10:09:52.671,1.55026,1.55039,2.25,2.25
2012.01.06 10:09:52.890,1.55029,1.55043,2.25,2.88
2012.01.06 10:09:53.897,1.55027,1.55041,2.25,1.50
2012.01.06 10:09:54.779,1.55029,1.55043,2.25,3.75
2012.01.06 10:09:54.920,1.55031,1.55043,2.25,1.88
2012.01.06 10:09:55.058,1.55027,1.55039,2.25,3.00
2012.01.06 10:09:55.131,1.55027,1.55039,2.25,2.25
2012.01.06 10:09:55.350,1.55024,1.55038,3.00,2.25
2012.01.06 10:09:55.700,1.55026,1.55038,1.50,1.50
2012.01.06 10:09:56.052,1.55026,1.5504,3.00,2.25
2012.01.06 10:09:56.328,1.5503,1.55042,2.25,1.50
2012.01.06 10:09:56.912,1.55028,1.55039,2.25,2.25
2012.01.06 10:09:57.400,1.55028,1.55042,3.00,2.25
2012.01.06 10:09:57.955,1.55029,1.55042,2.25,1.50
2012.01.06 10:09:58.494,1.5503,1.55044,2.25,2.25
2012.01.06 10:09:58.880,1.55032,1.55046,2.25,5.25
2012.01.06 10:09:59.477,1.55032,1.55046,2.25,3.00
2012.01.06 10:10:00.056,1.55032,1.55046,2.25,3.00
2012.01.06 10:10:02.125,1.5503,1.55044,3.75,1.50
2012.01.06 10:10:02.316,1.55028,1.55042,2.25,1.50
2012.01.06 10:10:02.456,1.55026,1.5504,5.25,1.50
2012.01.06 10:10:02.706,1.55028,1.55042,2.25,3.00
2012.01.06 10:10:03.809,1.5503,1.55044,2.25,4.50
2012.01.06 10:10:03.958,1.55028,1.55041,2.25,1.50
2012.01.06 10:10:04.302,1.55026,1.55037,1.50,1.50
2012.01.06 10:10:04.448,1.55026,1.55037,1.50,1.50
2012.01.06 10:10:04.775,1.55023,1.55037,2.25,2.25
2012.01.06 10:10:05.529,1.55023,1.55037,2.25,2.25
2012.01.06 10:10:06.266,1.55023,1.55037,2.25,2.33
2012.01.06 10:10:06.798,1.55021,1.55035,3.00,2.33
2012.01.06 10:10:07.874,1.55021,1.55035,2.25,1.58
2012.01.06 10:10:08.234,1.55021,1.55035,2.25,2.25
2012.01.06 10:10:08.387,1.55021,1.55035,2.25,2.25
2012.01.06 10:10:08.738,1.55019,1.55033,2.25,6.00
2012.01.06 10:10:09.255,1.55019,1.55033,2.25,1.50
2012.01.06 10:10:09.798,1.55023,1.55036,1.50,3.00
2012.01.06 10:10:10.399,1.55019,1.55033,2.25,2.25
2012.01.06 10:10:11.376,1.5502,1.55033,1.50,2.25
2012.01.06 10:10:11.457,1.55022,1.55033,1.50,1.50
2012.01.06 10:10:11.825,1.55022,1.55029,2.25,2.25
2012.01.06 10:10:12.392,1.55022,1.55034,2.25,1.50
2012.01.06 10:10:12.896,1.55024,1.55036,1.50,1.50
2012.01.06 10:10:13.439,1.55022,1.55036,2.25,3.00
2012.01.06 10:10:14.619,1.55021,1.55035,3.00,1.50
2012.01.06 10:10:15.157,1.55021,1.55035,3.00,2.25
2012.01.06 10:10:15.849,1.55023,1.55036,1.50,1.50
2012.01.06 10:10:17.163,1.55023,1.55036,2.25,1.50
2012.01.06 10:10:19.371,1.55021,1.55035,2.25,2.25
2012.01.06 10:10:20.334,1.55016,1.5503,3.00,1.50
2012.01.06 10:10:21.016,1.55016,1.5503,3.00,1.50
2012.01.06 10:10:21.160,1.55018,1.55032,2.25,1.50
2012.01.06 10:10:21.300,1.55018,1.55032,1.50,2.25
2012.01.06 10:10:21.667,1.55012,1.55024,2.25,1.50
2012.01.06 10:10:21.880,1.55014,1.55026,2.25,1.50
2012.01.06 10:10:22.528,1.55014,1.55028,3.75,2.25
2012.01.06 10:10:22.668,1.55014,1.55026,2.25,1.50
2012.01.06 10:10:25.145,1.55014,1.55026,2.25,2.25
2012.01.06 10:10:25.754,1.55014,1.55026,2.25,1.50
2012.01.06 10:10:28.059,1.55012,1.55026,2.25,1.50
2012.01.06 10:10:28.629,1.55012,1.55026,2.25,1.50
2012.01.06 10:10:29.145,1.55014,1.55028,2.25,2.25
2012.01.06 10:10:29.665,1.55012,1.55026,2.25,1.50
2012.01.06 10:10:30.550,1.55014,1.55028,2.25,3.75
2012.01.06 10:10:30.707,1.55018,1.55028,1.09,1.50
2012.01.06 10:10:31.074,1.55021,1.55032,1.88,1.50
2012.01.06 10:10:31.149,1.55021,1.5503,1.88,1.50
2012.01.06 10:10:31.293,1.55021,1.55031,1.50,2.25
2012.01.06 10:10:31.657,1.55023,1.55032,3.00,2.25
2012.01.06 10:10:32.140,1.55025,1.55037,3.00,2.25
2012.01.06 10:10:32.249,1.55025,1.55039,2.25,2.25
2012.01.06 10:10:32.539,1.55027,1.55041,3.75,3.00
2012.01.06 10:10:32.960,1.55029,1.55043,2.25,3.75
2012.01.06 10:10:33.028,1.55029,1.55043,2.25,3.00
2012.01.06 10:10:33.098,1.55026,1.5504,3.00,1.50
2012.01.06 10:10:33.901,1.55026,1.5504,2.25,3.00
2012.01.06 10:10:34.040,1.55023,1.55037,2.25,1.50
2012.01.06 10:10:35.291,1.55023,1.55037,2.25,1.50
2012.01.06 10:10:35.636,1.55021,1.55035,2.25,1.50
2012.01.06 10:10:36.256,1.55023,1.55037,2.25,2.25
2012.01.06 10:10:36.386,1.55023,1.55037,2.25,1.50
2012.01.06 10:10:36.952,1.55021,1.55035,2.25,2.25
2012.01.06 10:10:37.491,1.55021,1.55035,2.25,1.50
2012.01.06 10:10:38.017,1.55021,1.55035,2.25,1.50
2012.01.06 10:10:39.152,1.55023,1.55037,2.25,2.25
2012.01.06 10:10:39.637,1.55021,1.55035,2.25,1.50
2012.01.06 10:10:40.167,1.55019,1.55033,2.63,1.50
2012.01.06 10:10:40.711,1.55019,1.55033,2.25,1.50
2012.01.06 10:10:41.477,1.55021,1.55035,2.25,1.50
2012.01.06 10:10:41.681,1.55023,1.55037,2.25,2.25
2012.01.06 10:10:44.221,1.55023,1.55037,4.50,1.50
2012.01.06 10:10:44.377,1.55025,1.55039,2.25,1.50
2012.01.06 10:10:44.946,1.55029,1.55042,2.25,1.50
2012.01.06 10:10:45.497,1.55029,1.55042,2.25,1.50
2012.01.06 10:10:46.345,1.55029,1.55042,2.25,1.50
2012.01.06 10:10:47.768,1.55031,1.55044,2.25,1.50
2012.01.06 10:10:47.976,1.55027,1.55041,2.25,1.50
2012.01.06 10:10:48.611,1.55027,1.55041,2.25,1.50
2012.01.06 10:10:49.096,1.55029,1.55042,2.25,1.50
2012.01.06 10:10:52.485,1.55029,1.55043,2.25,2.25
2012.01.06 10:10:52.557,1.55029,1.55043,2.25,1.50
2012.01.06 10:10:53.091,1.55029,1.55043,2.25,2.25
2012.01.06 10:10:55.998,1.55027,1.55041,2.25,1.50
2012.01.06 10:10:56.075,1.55027,1.55041,2.25,2.25
2012.01.06 10:10:56.156,1.55025,1.55039,3.00,1.50
2012.01.06 10:10:56.805,1.55027,1.55041,2.25,2.25
2012.01.06 10:10:58.052,1.55029,1.55043,2.25,3.00
2012.01.06 10:10:58.535,1.55026,1.5504,2.25,1.50
2012.01.06 10:10:59.323,1.55026,1.5504,2.25,1.50
2012.01.06 10:11:00.525,1.55026,1.5504,2.25,1.50
2012.01.06 10:11:00.926,1.55026,1.5504,2.25,2.25
2012.01.06 10:11:01.060,1.55024,1.55038,3.75,1.50
2012.01.06 10:11:01.338,1.55024,1.55038,2.25,2.25
2012.01.06 10:11:01.855,1.55022,1.55034,2.25,1.50
2012.01.06 10:11:02.548,1.55022,1.55036,2.25,1.50
2012.01.06 10:11:05.267,1.55022,1.55036,2.25,2.25
2012.01.06 10:11:05.338,1.5502,1.55034,2.63,1.50
2012.01.06 10:11:05.896,1.5502,1.55034,2.63,1.50
2012.01.06 10:11:07.275,1.55023,1.55037,2.25,2.25
2012.01.06 10:11:10.036,1.55021,1.55035,2.25,2.25
2012.01.06 10:11:10.595,1.55019,1.55033,2.25,1.50
2012.01.06 10:11:11.125,1.55021,1.55035,2.25,2.25
2012.01.06 10:11:11.646,1.55019,1.55033,2.25,2.25
2012.01.06 10:11:12.305,1.55019,1.55033,2.25,1.50
2012.01.06 10:11:13.616,1.55019,1.55033,2.25,2.25
2012.01.06 10:11:14.344,1.55017,1.55031,2.25,1.50
2012.01.06 10:11:14.487,1.55019,1.55033,2.25,2.25
2012.01.06 10:11:23.484,1.55019,1.55033,2.25,2.25
2012.01.06 10:11:24.042,1.55019,1.55033,2.25,2.25
2012.01.06 10:11:30.345,1.55021,1.55035,2.25,2.25
2012.01.06 10:11:30.919,1.55021,1.55035,2.25,2.25
2012.01.06 10:11:32.780,1.55019,1.55033,1.50,2.25
2012.01.06 10:11:33.436,1.55012,1.55026,2.25,3.00
2012.01.06 10:11:33.878,1.55014,1.55026,1.50,1.50
2012.01.06 10:11:34.019,1.55014,1.55028,3.00,1.50
2012.01.06 10:11:34.228,1.55016,1.5503,2.25,2.25
2012.01.06 10:11:34.444,1.55018,1.55032,2.25,2.25
2012.01.06 10:11:35.111,1.5502,1.55034,1.50,3.00
2012.01.06 10:11:35.440,1.55024,1.55036,1.50,2.25
2012.01.06 10:11:35.733,1.55025,1.55038,2.25,1.13
2012.01.06 10:11:36.287,1.55025,1.55039,3.75,2.25
2012.01.06 10:11:37.933,1.55027,1.5504,1.50,1.50
2012.01.06 10:11:38.292,1.55025,1.55033,2.25,1.50
2012.01.06 10:11:38.581,1.55026,1.55037,2.25,1.50
2012.01.06 10:11:38.657,1.55026,1.5504,2.25,3.00
2012.01.06 10:11:39.875,1.55025,1.55039,2.25,2.25
2012.01.06 10:11:40.147,1.55027,1.5504,2.25,1.50
2012.01.06 10:11:40.936,1.55025,1.55038,2.25,1.50
2012.01.06 10:11:41.275,1.55026,1.5504,2.25,4.50
2012.01.06 10:11:44.546,1.55025,1.55039,2.25,1.50
2012.01.06 10:11:45.097,1.55027,1.55041,2.25,3.00
2012.01.06 10:11:45.243,1.55027,1.55041,3.00,2.25
2012.01.06 10:11:45.690,1.55032,1.55044,2.25,1.50
2012.01.06 10:11:45.890,1.5503,1.55042,2.25,1.50
2012.01.06 10:11:46.626,1.55031,1.55044,2.25,1.50
2012.01.06 10:11:46.829,1.55031,1.55045,2.25,2.25
2012.01.06 10:11:48.378,1.55029,1.55043,2.25,1.50
2012.01.06 10:11:51.775,1.55028,1.55039,1.50,1.50
2012.01.06 10:11:52.458,1.55028,1.55042,2.25,3.75
2012.01.06 10:11:53.509,1.55026,1.5504,2.25,2.25
2012.01.06 10:11:53.848,1.55024,1.55038,3.00,1.50
2012.01.06 10:11:55.678,1.55024,1.55038,3.00,2.25
2012.01.06 10:11:55.753,1.55024,1.55035,2.25,1.50
2012.01.06 10:11:55.837,1.55021,1.55033,1.50,1.50
2012.01.06 10:11:56.193,1.55018,1.55032,2.25,3.00
2012.01.06 10:11:56.548,1.5502,1.55034,2.25,3.00
2012.01.06 10:11:56.619,1.55018,1.55032,2.25,1.50
2012.01.06 10:11:57.265,1.55018,1.55032,2.25,1.50
2012.01.06 10:11:57.768,1.55018,1.55032,2.25,1.50
2012.01.06 10:11:59.095,1.55018,1.55032,2.25,1.50
2012.01.06 10:11:59.429,1.55016,1.5503,3.00,1.50
2012.01.06 10:11:59.627,1.55018,1.55032,2.25,1.50
2012.01.06 10:11:59.759,1.55016,1.55029,1.50,1.50
2012.01.06 10:11:59.828,1.55016,1.55029,1.50,1.50
2012.01.06 10:11:59.956,1.55015,1.55029,3.00,2.25
2012.01.06 10:12:00.086,1.55013,1.55027,4.50,1.50
2012.01.06 10:12:00.366,1.55015,1.55029,2.25,1.50
2012.01.06 10:12:01.373,1.55017,1.55031,2.25,2.25
2012.01.06 10:12:01.936,1.55015,1.55029,2.25,1.50
2012.01.06 10:12:02.623,1.55015,1.55029,2.25,1.50
2012.01.06 10:12:03.217,1.55015,1.55029,3.00,1.50
2012.01.06 10:12:03.893,1.55015,1.55029,3.00,1.50
2012.01.06 10:12:05.452,1.55015,1.55029,3.00,1.50
2012.01.06 10:12:05.825,1.55015,1.55029,3.75,1.50
2012.01.06 10:12:06.111,1.55019,1.55031,1.50,1.50
2012.01.06 10:12:06.189,1.5502,1.55031,1.13,1.50
2012.01.06 10:12:06.546,1.55023,1.55033,1.50,1.50
2012.01.06 10:12:06.695,1.55024,1.55038,2.25,3.00
2012.01.06 10:12:09.235,1.55025,1.55038,1.50,1.50
2012.01.06 10:12:12.810,1.55025,1.55038,1.50,1.50
2012.01.06 10:12:12.880,1.55026,1.5504,2.25,2.25
2012.01.06 10:12:13.407,1.55027,1.5504,1.50,3.00
2012.01.06 10:12:15.936,1.55027,1.5504,1.50,2.25
2012.01.06 10:12:16.477,1.55029,1.5504,2.25,1.50
2012.01.06 10:12:16.855,1.55029,1.55042,2.25,2.25
2012.01.06 10:12:17.127,1.55029,1.55042,2.25,1.50
2012.01.06 10:12:17.667,1.55029,1.55042,1.50,1.50
2012.01.06 10:12:18.019,1.55027,1.5504,1.50,1.50
2012.01.06 10:12:18.975,1.55028,1.55042,2.25,3.75
2012.01.06 10:12:19.624,1.55028,1.55042,2.25,3.00
2012.01.06 10:12:21.047,1.55028,1.55042,2.25,3.75
2012.01.06 10:12:25.969,1.55028,1.55042,2.25,3.00
2012.01.06 10:12:26.732,1.55028,1.55042,2.25,3.75
2012.01.06 10:12:27.257,1.55028,1.55042,2.25,3.00
2012.01.06 10:12:27.776,1.5503,1.55043,2.25,2.25
2012.01.06 10:12:30.087,1.55027,1.5504,2.25,2.25
2012.01.06 10:12:30.436,1.55028,1.55042,2.25,3.00
2012.01.06 10:12:30.955,1.55028,1.55042,2.25,4.50
2012.01.06 10:12:31.985,1.55028,1.55042,2.25,2.25
2012.01.06 10:12:32.531,1.5503,1.55043,2.25,1.50
2012.01.06 10:12:33.058,1.5503,1.55043,2.25,1.50
2012.01.06 10:12:33.592,1.5503,1.55043,2.25,1.50
2012.01.06 10:12:34.947,1.5503,1.55043,2.25,1.50
2012.01.06 10:12:35.583,1.5503,1.55043,2.25,1.50
2012.01.06 10:12:36.142,1.5503,1.55043,2.25,1.50
2012.01.06 10:12:37.000,1.55034,1.55043,1.50,1.50
2012.01.06 10:12:37.363,1.55036,1.55043,1.50,1.50
2012.01.06 10:12:37.727,1.55041,1.55052,2.25,1.50
2012.01.06 10:12:37.833,1.55041,1.55055,2.25,3.38
2012.01.06 10:12:38.357,1.55035,1.55046,2.25,1.50
2012.01.06 10:12:38.456,1.55034,1.55046,2.63,1.50
2012.01.06 10:12:38.613,1.55034,1.55048,4.50,1.50
2012.01.06 10:12:38.965,1.55034,1.55046,2.25,1.50
2012.01.06 10:12:39.388,1.55032,1.55046,3.75,2.25
2012.01.06 10:12:40.077,1.55034,1.55048,2.25,2.25
2012.01.06 10:12:40.152,1.55034,1.55046,2.25,1.50
2012.01.06 10:12:40.444,1.55031,1.55045,4.50,2.25
2012.01.06 10:12:41.013,1.55031,1.55043,1.50,1.50
2012.01.06 10:12:41.497,1.55032,1.55046,2.25,3.00
2012.01.06 10:12:41.777,1.55034,1.55046,1.50,1.50
2012.01.06 10:12:41.907,1.55035,1.55048,1.50,1.50
2012.01.06 10:12:42.558,1.55035,1.55046,1.50,1.50
2012.01.06 10:12:42.904,1.55035,1.55046,1.50,1.50
2012.01.06 10:12:43.445,1.55035,1.55046,1.50,1.50
2012.01.06 10:12:43.697,1.55035,1.55049,3.00,1.50
2012.01.06 10:12:44.243,1.55035,1.55049,3.00,1.50
2012.01.06 10:12:46.013,1.55038,1.55049,1.13,1.50
2012.01.06 10:12:46.160,1.55039,1.55053,2.25,1.50
2012.01.06 10:12:46.311,1.55043,1.55053,1.50,1.50
2012.01.06 10:12:46.601,1.55045,1.55057,1.50,2.25
2012.01.06 10:12:46.739,1.55045,1.55059,3.00,6.00
2012.01.06 10:12:47.685,1.55045,1.55057,1.50,1.50
2012.01.06 10:12:48.840,1.55045,1.55057,1.50,1.50
2012.01.06 10:12:49.365,1.55043,1.55057,3.75,1.50
2012.01.06 10:12:49.925,1.55043,1.55057,3.75,1.50
2012.01.06 10:12:50.632,1.55043,1.55055,2.25,1.50
2012.01.06 10:12:52.438,1.55043,1.55055,2.25,1.50
2012.01.06 10:12:54.038,1.55043,1.55055,2.25,1.50
2012.01.06 10:12:54.545,1.55043,1.55055,2.25,1.50
2012.01.06 10:12:55.129,1.55043,1.55055,2.25,1.50
2012.01.06 10:12:55.206,1.55043,1.55057,3.75,1.50
2012.01.06 10:12:55.756,1.55043,1.55057,3.75,1.50
2012.01.06 10:12:56.314,1.55043,1.55057,3.75,1.50
2012.01.06 10:13:00.175,1.55043,1.55056,2.25,1.50
2012.01.06 10:13:00.253,1.55043,1.55056,1.50,1.50
2012.01.06 10:13:00.620,1.5504,1.55049,1.50,1.47
2012.01.06 10:13:01.199,1.55034,1.55044,3.00,1.50
2012.01.06 10:13:01.336,1.55028,1.5504,1.50,1.50
2012.01.06 10:13:01.499,1.55028,1.5504,3.00,1.50
2012.01.06 10:13:01.575,1.5503,1.55044,2.25,3.00
2012.01.06 10:13:01.800,1.55034,1.55045,1.50,1.50
2012.01.06 10:13:02.147,1.55034,1.55046,2.25,1.50
2012.01.06 10:13:02.862,1.55032,1.55044,1.50,2.25
2012.01.06 10:13:03.838,1.55034,1.55044,1.50,2.25
2012.01.06 10:13:05.597,1.55034,1.55044,1.50,1.50
2012.01.06 10:13:07.768,1.55034,1.55044,1.50,1.50
2012.01.06 10:13:10.367,1.55034,1.55044,1.50,1.50
2012.01.06 10:13:10.497,1.55034,1.55046,3.00,1.50
2012.01.06 10:13:10.749,1.55035,1.55048,1.50,1.50
2012.01.06 10:13:10.886,1.55036,1.5505,2.25,2.25
2012.01.06 10:13:11.360,1.55035,1.55048,1.50,1.50
2012.01.06 10:13:12.297,1.55035,1.55048,1.50,1.50
2012.01.06 10:13:13.939,1.55035,1.55048,1.50,1.50
2012.01.06 10:13:16.146,1.55037,1.55048,1.50,1.50
2012.01.06 10:13:17.185,1.55037,1.55048,1.50,1.50
2012.01.06 10:13:17.729,1.55035,1.55048,1.50,1.50
2012.01.06 10:13:18.262,1.55035,1.55048,1.50,2.25
2012.01.06 10:13:20.504,1.55036,1.55048,1.50,2.25
2012.01.06 10:13:29.766,1.55036,1.55046,1.50,1.50
2012.01.06 10:13:30.164,1.55035,1.55048,1.50,1.50
2012.01.06 10:13:31.001,1.55035,1.55048,1.50,1.50
2012.01.06 10:13:31.603,1.55035,1.55048,1.50,2.25
2012.01.06 10:13:32.989,1.55035,1.55048,1.50,2.25
2012.01.06 10:13:33.845,1.55035,1.55048,1.50,2.25
2012.01.06 10:13:35.014,1.55035,1.55046,1.50,1.50
2012.01.06 10:13:35.907,1.55035,1.55046,1.50,1.50
2012.01.06 10:13:36.101,1.55035,1.55048,1.50,2.25
2012.01.06 10:13:36.859,1.55035,1.55048,1.50,1.50
2012.01.06 10:13:37.798,1.55035,1.55048,1.50,1.50
2012.01.06 10:13:38.339,1.55035,1.55048,1.50,1.50
2012.01.06 10:13:38.481,1.55035,1.55048,1.50,1.50
2012.01.06 10:13:39.006,1.55035,1.55048,1.50,1.50
2012.01.06 10:13:39.387,1.55036,1.5505,2.25,3.00
2012.01.06 10:13:39.579,1.55036,1.5505,2.25,2.25
2012.01.06 10:13:40.108,1.55035,1.55048,1.50,1.50
2012.01.06 10:13:40.648,1.55035,1.55048,2.25,1.50
2012.01.06 10:13:41.559,1.55035,1.55048,1.50,1.50
2012.01.06 10:13:41.698,1.55035,1.55048,1.50,1.50
2012.01.06 10:13:41.900,1.55035,1.55048,1.50,1.50
2012.01.06 10:13:42.255,1.5503,1.55044,3.75,5.59
2012.01.06 10:13:42.762,1.5503,1.55041,1.50,2.88
2012.01.06 10:13:42.861,1.55024,1.55035,1.50,1.50
2012.01.06 10:13:43.074,1.5502,1.55035,1.13,1.88
2012.01.06 10:13:43.289,1.55019,1.55035,2.63,1.88
2012.01.06 10:13:43.573,1.55019,1.55031,1.13,1.50
2012.01.06 10:13:46.719,1.55019,1.55033,1.88,3.00
2012.01.06 10:13:47.277,1.55017,1.55031,2.25,1.50
2012.01.06 10:13:47.859,1.55017,1.55031,2.25,2.25
2012.01.06 10:13:48.425,1.55017,1.55031,2.25,1.50
2012.01.06 10:13:50.645,1.55015,1.55029,3.75,1.50
2012.01.06 10:13:51.232,1.55015,1.55029,2.25,1.50
2012.01.06 10:13:51.768,1.55017,1.55031,2.25,2.25
2012.01.06 10:13:58.436,1.55015,1.55029,4.50,1.50
2012.01.06 10:14:01.461,1.55017,1.55031,2.25,2.25
2012.01.06 10:14:01.987,1.55017,1.55031,2.25,1.50
2012.01.06 10:14:04.487,1.55015,1.55028,1.50,1.50
2012.01.06 10:14:04.998,1.55015,1.55028,1.50,1.50
2012.01.06 10:14:07.428,1.55017,1.5503,2.25,1.50
2012.01.06 10:14:07.928,1.55017,1.55031,2.25,1.50
2012.01.06 10:14:08.243,1.55015,1.55028,1.50,1.50
2012.01.06 10:14:08.556,1.55016,1.5503,2.25,1.50
2012.01.06 10:14:13.719,1.55015,1.55028,1.50,1.50
2012.01.06 10:14:13.866,1.55019,1.5503,1.50,1.50
2012.01.06 10:14:14.510,1.55019,1.55032,2.25,3.00
2012.01.06 10:14:14.599,1.55019,1.5503,2.25,1.50
2012.01.06 10:14:15.807,1.55019,1.5503,2.25,1.50
2012.01.06 10:14:16.329,1.55019,1.5503,2.25,1.50
2012.01.06 10:14:16.881,1.55019,1.55032,3.00,1.50
2012.01.06 10:14:17.395,1.55017,1.55031,3.00,1.50
2012.01.06 10:14:19.465,1.55017,1.55031,3.00,2.25
2012.01.06 10:14:19.548,1.55015,1.55029,4.50,2.25
2012.01.06 10:14:20.100,1.55015,1.55029,3.75,1.50
2012.01.06 10:14:20.646,1.55016,1.5503,2.25,2.25
2012.01.06 10:14:21.171,1.55016,1.5503,2.25,2.25
2012.01.06 10:14:21.778,1.55016,1.5503,2.25,2.25
2012.01.06 10:14:22.328,1.55017,1.55028,1.50,1.50
2012.01.06 10:14:23.311,1.55018,1.55028,1.50,1.50
2012.01.06 10:14:23.598,1.55018,1.5503,1.50,1.50
2012.01.06 10:14:24.115,1.55019,1.55031,2.25,2.25
2012.01.06 10:14:25.482,1.5502,1.55031,1.50,1.50
2012.01.06 10:14:25.564,1.5502,1.55031,1.50,1.50
2012.01.06 10:14:25.640,1.55021,1.55035,2.25,2.88
2012.01.06 10:14:26.182,1.55024,1.55035,2.25,1.50
2012.01.06 10:14:27.548,1.55024,1.55037,2.25,2.25
2012.01.06 10:14:28.501,1.55027,1.55039,2.25,3.00
2012.01.06 10:14:28.717,1.55029,1.55041,2.25,2.25
2012.01.06 10:14:28.928,1.5503,1.55041,4.50,1.50
2012.01.06 10:14:29.136,1.55032,1.55046,3.00,2.88
2012.01.06 10:14:29.266,1.55034,1.55046,1.50,2.25
2012.01.06 10:14:29.626,1.55034,1.55046,1.50,2.25
2012.01.06 10:14:29.708,1.55035,1.55046,1.50,1.50
2012.01.06 10:14:30.460,1.55036,1.55044,1.50,1.50
2012.01.06 10:14:30.548,1.55037,1.55047,1.50,1.50
2012.01.06 10:14:31.487,1.55037,1.55047,1.50,1.50
2012.01.06 10:14:31.560,1.55037,1.55049,1.50,5.25
2012.01.06 10:14:32.787,1.55035,1.55049,3.00,4.50
2012.01.06 10:14:33.670,1.55035,1.55049,3.00,3.75
2012.01.06 10:14:34.207,1.55035,1.55049,3.00,4.50
2012.01.06 10:14:34.746,1.55035,1.55049,3.00,3.75
2012.01.06 10:14:35.510,1.55035,1.55049,3.00,4.50
2012.01.06 10:14:36.070,1.55035,1.55049,4.13,3.75
2012.01.06 10:14:36.837,1.55035,1.55049,4.13,3.75
2012.01.06 10:14:37.074,1.55035,1.55049,4.13,4.50
2012.01.06 10:14:37.773,1.55035,1.55049,4.13,3.75
2012.01.06 10:14:38.296,1.55035,1.55049,4.13,6.00
2012.01.06 10:14:38.370,1.55035,1.55047,2.63,1.50
2012.01.06 10:14:39.474,1.55035,1.55047,1.88,1.50
2012.01.06 10:14:40.005,1.55035,1.55047,1.88,1.50
2012.01.06 10:14:40.548,1.55035,1.55047,1.88,1.50
2012.01.06 10:14:41.059,1.55035,1.55047,1.88,1.50
2012.01.06 10:14:41.962,1.55035,1.55047,1.88,1.50
2012.01.06 10:14:43.035,1.55035,1.55047,2.63,1.50
2012.01.06 10:14:43.584,1.55035,1.55047,2.63,1.50
2012.01.06 10:14:44.766,1.55035,1.55047,2.63,1.50
2012.01.06 10:14:44.980,1.55035,1.55049,3.38,4.50
2012.01.06 10:14:45.607,1.55036,1.55049,1.50,3.75
2012.01.06 10:14:46.299,1.55037,1.55049,2.25,2.25
2012.01.06 10:14:49.188,1.55036,1.55047,2.25,1.50
2012.01.06 10:14:49.566,1.55036,1.55047,1.50,1.50
2012.01.06 10:14:49.761,1.55035,1.55043,1.13,1.50
2012.01.06 10:14:49.829,1.55033,1.5504,1.50,1.50
2012.01.06 10:14:49.970,1.5503,1.55042,1.50,4.50
2012.01.06 10:14:50.037,1.5503,1.5504,1.50,1.50
2012.01.06 10:14:50.107,1.55027,1.5504,1.50,1.50
2012.01.06 10:14:50.377,1.55027,1.55038,1.50,1.50
2012.01.06 10:14:50.727,1.55023,1.55037,2.25,1.50
2012.01.06 10:14:50.797,1.55022,1.55035,2.25,1.50
2012.01.06 10:14:51.514,1.55024,1.55038,2.25,2.63
2012.01.06 10:14:51.677,1.55028,1.55039,2.25,6.38
2012.01.06 10:14:52.226,1.55026,1.55039,2.25,6.38
2012.01.06 10:14:54.225,1.55025,1.55038,2.25,1.13
2012.01.06 10:14:54.835,1.55025,1.55038,2.25,1.13
2012.01.06 10:14:57.657,1.55027,1.55038,2.25,1.13
2012.01.06 10:14:58.248,1.55025,1.55038,2.25,1.13
2012.01.06 10:14:58.458,1.55028,1.55039,2.25,6.38
2012.01.06 10:14:58.739,1.55028,1.55039,2.25,2.25
2012.01.06 10:14:59.531,1.5503,1.55039,2.25,2.25
2012.01.06 10:14:59.747,1.5503,1.55042,2.25,3.00
2012.01.06 10:15:00.329,1.55028,1.55039,2.25,3.00
2012.01.06 10:15:00.398,1.55028,1.55039,1.50,3.75
2012.01.06 10:15:00.608,1.55028,1.55041,1.50,1.50
2012.01.06 10:15:00.877,1.5503,1.55043,3.00,2.25
2012.01.06 10:15:01.251,1.55032,1.55044,2.25,1.50
2012.01.06 10:15:01.330,1.55034,1.55046,1.50,1.50
2012.01.06 10:15:01.541,1.55036,1.55046,1.50,1.50
2012.01.06 10:15:01.890,1.55036,1.55049,3.00,2.25
2012.01.06 10:15:02.427,1.55036,1.55049,3.00,2.25
2012.01.06 10:15:02.936,1.55036,1.55049,3.00,2.25
2012.01.06 10:15:06.883,1.55044,1.55049,1.09,2.25
2012.01.06 10:15:07.175,1.55048,1.55056,2.25,1.50
2012.01.06 10:15:07.459,1.55047,1.5506,3.75,3.75
2012.01.06 10:15:07.600,1.55047,1.55058,3.75,1.50
2012.01.06 10:15:08.157,1.55048,1.55058,1.50,1.50
2012.01.06 10:15:08.775,1.55048,1.55058,1.50,1.50
2012.01.06 10:15:09.538,1.55047,1.55058,3.75,1.50
2012.01.06 10:15:09.747,1.55048,1.5506,1.50,3.00
2012.01.06 10:15:09.817,1.55048,1.5506,1.50,1.50
2012.01.06 10:15:10.019,1.55048,1.55062,3.75,1.50
2012.01.06 10:15:10.289,1.55049,1.55062,1.50,1.50
2012.01.06 10:15:10.499,1.55051,1.55063,1.50,2.25
2012.01.06 10:15:10.570,1.55051,1.55059,2.25,1.50
2012.01.06 10:15:11.167,1.55054,1.55068,2.25,1.50
2012.01.06 10:15:11.495,1.55053,1.55066,1.50,1.50
2012.01.06 10:15:12.215,1.55053,1.55066,1.50,1.50
2012.01.06 10:15:12.767,1.55053,1.55066,1.50,1.50
2012.01.06 10:15:14.421,1.55054,1.55068,2.25,3.00
2012.01.06 10:15:15.348,1.55054,1.55068,2.25,1.50
2012.01.06 10:15:15.910,1.55056,1.55069,2.25,2.25
2012.01.06 10:15:17.510,1.55056,1.55069,2.25,2.25
2012.01.06 10:15:17.791,1.55056,1.55069,2.25,3.75
2012.01.06 10:15:18.126,1.55051,1.55065,3.00,1.50
2012.01.06 10:15:18.690,1.55051,1.55065,3.00,1.50
2012.01.06 10:15:19.026,1.55053,1.55065,1.50,1.50
2012.01.06 10:15:20.406,1.55053,1.55065,1.50,1.50
2012.01.06 10:15:20.619,1.55053,1.55067,3.00,1.50
2012.01.06 10:15:21.122,1.55055,1.55069,2.25,4.50
2012.01.06 10:15:21.205,1.55055,1.55067,1.50,1.50
2012.01.06 10:15:21.704,1.55055,1.55067,1.50,1.50
2012.01.06 10:15:23.089,1.55054,1.55067,1.50,1.50
2012.01.06 10:15:23.558,1.55053,1.55067,3.00,1.50
2012.01.06 10:15:24.530,1.55053,1.55067,2.25,2.25
2012.01.06 10:15:24.600,1.55053,1.55059,1.50,1.50
2012.01.06 10:15:24.954,1.55043,1.55049,2.25,1.09
2012.01.06 10:15:25.319,1.55041,1.55046,1.50,2.34
2012.01.06 10:15:25.806,1.55031,1.5504,2.25,1.50
2012.01.06 10:15:25.896,1.55029,1.55039,2.25,4.50
2012.01.06 10:15:26.041,1.55028,1.55039,3.00,2.63
2012.01.06 10:15:26.391,1.55027,1.55037,2.25,1.13
2012.01.06 10:15:26.949,1.55029,1.55037,2.25,1.13
2012.01.06 10:15:28.283,1.55027,1.55036,2.25,1.50
2012.01.06 10:15:28.639,1.55023,1.55035,2.25,3.07
2012.01.06 10:15:28.713,1.55023,1.55035,2.25,2.32
2012.01.06 10:15:28.788,1.55021,1.55034,1.50,1.13
2012.01.06 10:15:28.929,1.55021,1.55031,1.50,2.25
2012.01.06 10:15:29.141,1.55021,1.55031,1.50,1.50
2012.01.06 10:15:29.336,1.55019,1.55032,2.25,1.50
2012.01.06 10:15:29.906,1.55019,1.55032,2.25,1.50
2012.01.06 10:15:31.307,1.55019,1.55033,2.25,2.25
2012.01.06 10:15:31.817,1.55019,1.55033,2.25,2.25
2012.01.06 10:15:32.326,1.55019,1.55033,2.25,2.25
2012.01.06 10:15:33.685,1.55019,1.55033,2.25,2.25
2012.01.06 10:15:34.208,1.55019,1.55033,2.25,2.25
2012.01.06 10:15:34.670,1.55021,1.55035,2.25,3.71
2012.01.06 10:15:35.257,1.55021,1.55035,2.25,3.63
2012.01.06 10:15:35.853,1.55023,1.55035,1.50,1.50
2012.01.06 10:15:36.367,1.55023,1.55035,2.25,1.50
2012.01.06 10:15:36.675,1.55025,1.55039,1.50,5.13
2012.01.06 10:15:36.747,1.55023,1.55037,2.25,2.25
2012.01.06 10:15:36.996,1.55025,1.55039,1.50,6.63
2012.01.06 10:15:37.496,1.55025,1.55039,1.50,5.13
2012.01.06 10:15:37.816,1.55027,1.55039,1.50,3.00
2012.01.06 10:15:40.866,1.55025,1.55039,2.25,4.50
2012.01.06 10:15:42.896,1.55025,1.55039,1.50,4.50
2012.01.06 10:15:43.146,1.55027,1.55039,1.50,3.00
2012.01.06 10:15:43.671,1.55025,1.55039,2.25,4.50
2012.01.06 10:15:44.266,1.55025,1.55039,2.25,4.50
2012.01.06 10:15:44.825,1.55023,1.55037,2.25,2.25
2012.01.06 10:15:45.419,1.55025,1.55039,1.50,4.50
2012.01.06 10:15:50.792,1.55027,1.55039,1.50,3.00
2012.01.06 10:15:50.880,1.55027,1.55039,2.25,3.00
2012.01.06 10:15:50.956,1.55029,1.55039,1.50,3.00
2012.01.06 10:15:51.317,1.55032,1.55039,1.09,2.25
2012.01.06 10:15:51.393,1.55034,1.55045,1.50,1.88
2012.01.06 10:15:51.546,1.55033,1.55047,3.00,4.13
2012.01.06 10:15:52.020,1.55035,1.55049,2.25,2.63
2012.01.06 10:15:52.671,1.55037,1.55051,2.25,1.88
2012.01.06 10:15:52.817,1.55037,1.55051,2.25,1.88
2012.01.06 10:15:55.324,1.5504,1.55054,3.00,2.63
2012.01.06 10:15:55.682,1.55045,1.55059,1.50,6.00
2012.01.06 10:15:55.902,1.55044,1.55057,3.00,1.50
2012.01.06 10:15:56.402,1.55043,1.55057,3.00,2.25
2012.01.06 10:15:56.919,1.55043,1.55057,3.00,2.25
2012.01.06 10:15:57.416,1.55043,1.55057,3.00,2.25
2012.01.06 10:15:57.914,1.55047,1.55059,1.50,3.00
2012.01.06 10:15:58.274,1.55051,1.55061,2.25,1.50
2012.01.06 10:15:58.350,1.55051,1.55063,3.00,1.50
2012.01.06 10:15:58.419,1.55051,1.55065,3.00,3.75
2012.01.06 10:15:59.034,1.55055,1.55063,2.25,1.50
2012.01.06 10:15:59.116,1.55055,1.55065,3.00,2.25
2012.01.06 10:15:59.671,1.55056,1.55067,2.25,1.13
2012.01.06 10:15:59.737,1.55056,1.55067,2.25,1.13
2012.01.06 10:16:00.277,1.55055,1.55067,3.00,1.13
2012.01.06 10:16:01.242,1.55054,1.55068,4.50,5.97
2012.01.06 10:16:01.346,1.55059,1.5507,3.00,3.75
2012.01.06 10:16:01.566,1.55059,1.55068,2.25,1.50
2012.01.06 10:16:01.710,1.55059,1.5507,2.25,3.75
2012.01.06 10:16:01.780,1.55059,1.5507,2.25,3.00
2012.01.06 10:16:02.328,1.55059,1.55071,2.25,3.00
2012.01.06 10:16:03.309,1.5506,1.55073,1.50,4.88
2012.01.06 10:16:03.450,1.55061,1.55073,2.25,7.50
2012.01.06 10:16:04.013,1.55057,1.55071,3.00,4.50
2012.01.06 10:16:04.232,1.5506,1.55071,3.00,2.25
2012.01.06 10:16:04.665,1.55058,1.55069,2.25,2.25
2012.01.06 10:16:04.750,1.55056,1.55069,2.25,3.00
2012.01.06 10:16:05.278,1.55053,1.55059,1.50,1.50
2012.01.06 10:16:05.643,1.55044,1.55053,1.50,1.09
2012.01.06 10:16:05.931,1.55043,1.55053,2.25,1.09
2012.01.06 10:16:06.142,1.55041,1.55055,3.75,3.00
2012.01.06 10:16:06.222,1.55043,1.55055,1.50,1.50
2012.01.06 10:16:06.906,1.55043,1.55056,2.25,1.50
2012.01.06 10:16:07.690,1.55041,1.55055,4.50,2.25
2012.01.06 10:16:08.043,1.55043,1.55055,3.00,2.25
2012.01.06 10:16:08.827,1.55045,1.55057,4.50,1.13
2012.01.06 10:16:09.381,1.55045,1.55057,4.50,1.13
2012.01.06 10:16:09.658,1.55043,1.55057,2.25,2.63
2012.01.06 10:16:11.404,1.55043,1.55057,2.25,4.13
2012.01.06 10:16:12.137,1.55042,1.55055,3.00,2.25
2012.01.06 10:16:12.627,1.5504,1.55053,1.88,1.50
2012.01.06 10:16:12.767,1.55041,1.55055,2.25,2.25
2012.01.06 10:16:13.118,1.55042,1.55055,3.00,1.50
2012.01.06 10:16:13.784,1.55044,1.55055,1.50,1.50
2012.01.06 10:16:13.880,1.55049,1.55062,3.00,1.50
2012.01.06 10:16:14.229,1.55049,1.55063,3.38,2.25
2012.01.06 10:16:14.444,1.55049,1.55063,5.63,1.50
2012.01.06 10:16:15.008,1.55051,1.55065,5.63,2.25
2012.01.06 10:16:15.559,1.55051,1.55065,4.50,3.00
2012.01.06 10:16:16.195,1.55049,1.55063,5.25,1.50
2012.01.06 10:16:16.735,1.55053,1.55065,2.25,1.50
2012.01.06 10:16:18.880,1.55051,1.55065,2.25,3.00
2012.01.06 10:16:19.228,1.55055,1.55066,2.25,1.50
2012.01.06 10:16:19.300,1.55056,1.55068,3.00,1.13
2012.01.06 10:16:19.442,1.55055,1.55066,4.50,1.50
2012.01.06 10:16:19.790,1.5506,1.5507,2.25,3.00
2012.01.06 10:16:19.859,1.5506,1.55071,4.50,1.50
2012.01.06 10:16:20.584,1.55057,1.5507,2.25,2.25
2012.01.06 10:16:22.288,1.55057,1.5507,2.25,2.25
2012.01.06 10:16:22.908,1.55057,1.55071,2.25,4.50
2012.01.06 10:16:23.418,1.55057,1.55071,2.25,4.50
2012.01.06 10:16:24.027,1.55061,1.55071,1.50,1.50
2012.01.06 10:16:24.570,1.5506,1.55071,2.25,1.50
2012.01.06 10:16:24.640,1.5506,1.55073,3.00,3.38
2012.01.06 10:16:24.776,1.55057,1.55071,2.25,3.00
2012.01.06 10:16:24.911,1.55056,1.55068,4.13,1.50
2012.01.06 10:16:25.228,1.55056,1.55066,3.00,1.50
2012.01.06 10:16:25.498,1.55054,1.55068,2.25,3.75
2012.01.06 10:16:26.253,1.55054,1.55068,2.25,2.25
2012.01.06 10:16:26.399,1.55054,1.55068,2.25,3.00
2012.01.06 10:16:31.694,1.55056,1.55068,3.04,1.50
2012.01.06 10:16:31.770,1.55059,1.55071,2.25,1.50
2012.01.06 10:16:32.028,1.5506,1.55071,3.00,1.50
2012.01.06 10:16:33.347,1.5506,1.55071,3.00,3.00
2012.01.06 10:16:34.154,1.5506,1.55071,3.00,3.00
2012.01.06 10:16:34.505,1.5506,1.55069,3.00,1.50
2012.01.06 10:16:35.917,1.5506,1.55069,3.00,1.50
2012.01.06 10:16:36.237,1.5506,1.55072,3.00,2.25
2012.01.06 10:16:37.688,1.5506,1.55069,3.00,1.50
2012.01.06 10:16:38.187,1.5506,1.55071,3.00,2.25
2012.01.06 10:16:38.568,1.5506,1.55069,2.25,1.50
2012.01.06 10:16:38.968,1.55057,1.55069,3.00,1.50
2012.01.06 10:16:39.252,1.55057,1.55067,3.00,1.50
2012.01.06 10:16:39.471,1.55055,1.55065,3.00,1.50
2012.01.06 10:16:39.558,1.55057,1.55065,2.25,1.50
2012.01.06 10:16:40.279,1.55051,1.55056,1.50,1.13
2012.01.06 10:16:40.368,1.5504,1.55054,2.25,1.50
2012.01.06 10:16:40.445,1.5504,1.55052,2.25,1.13
2012.01.06 10:16:40.590,1.55038,1.55052,3.75,2.63
2012.01.06 10:16:40.661,1.55038,1.5505,2.25,2.63
2012.01.06 10:16:40.736,1.55038,1.55046,2.25,1.50
2012.01.06 10:16:40.880,1.55033,1.55046,1.13,1.50
2012.01.06 10:16:41.092,1.55034,1.55048,2.25,2.25
2012.01.06 10:16:41.764,1.55034,1.55048,4.50,2.63
2012.01.06 10:16:41.862,1.55031,1.55044,1.13,1.50
2012.01.06 10:16:41.944,1.55032,1.55046,2.25,2.25
2012.01.06 10:16:42.500,1.55032,1.55046,2.25,1.50
2012.01.06 10:16:42.775,1.55032,1.55046,2.25,1.50
2012.01.06 10:16:42.991,1.55034,1.55048,3.41,1.50
2012.01.06 10:16:43.147,1.55038,1.55052,2.25,3.75
2012.01.06 10:16:43.557,1.5504,1.55052,2.25,1.50
2012.01.06 10:16:43.637,1.55036,1.5505,4.50,1.50
2012.01.06 10:16:43.978,1.55045,1.55054,3.00,2.25
2012.01.06 10:16:44.250,1.55045,1.55057,3.00,3.00
2012.01.06 10:16:44.737,1.55045,1.55059,4.50,2.25
2012.01.06 10:16:45.297,1.55045,1.55057,3.00,1.50
2012.01.06 10:16:45.430,1.55045,1.55059,4.54,1.50
2012.01.06 10:16:45.897,1.55045,1.55057,3.04,1.50
2012.01.06 10:16:46.399,1.55045,1.55057,3.04,1.50
2012.01.06 10:16:46.669,1.5505,1.5506,3.00,2.25
2012.01.06 10:16:47.187,1.5505,1.55061,3.00,1.50
2012.01.06 10:16:47.637,1.5505,1.5506,3.00,1.50
2012.01.06 10:16:48.395,1.5505,1.55063,3.00,3.00
2012.01.06 10:16:49.965,1.5505,1.55063,3.00,3.00
2012.01.06 10:16:50.821,1.5505,1.55061,3.00,2.25
2012.01.06 10:16:50.961,1.55047,1.55061,3.00,3.00
2012.01.06 10:16:51.029,1.55047,1.55061,2.25,2.25
2012.01.06 10:16:51.242,1.55057,1.55063,3.00,1.88
2012.01.06 10:16:51.529,1.55057,1.55066,2.25,2.25
2012.01.06 10:16:52.069,1.5505,1.55064,2.25,1.50
2012.01.06 10:16:52.447,1.55052,1.55066,2.25,3.75
2012.01.06 10:16:52.590,1.55049,1.55063,2.25,1.50
2012.01.06 10:16:52.907,1.55048,1.55061,3.00,1.50
2012.01.06 10:16:53.587,1.55049,1.55063,2.25,1.50
2012.01.06 10:16:53.729,1.55048,1.5506,3.00,1.50
2012.01.06 10:16:54.066,1.55048,1.55062,4.50,3.00
2012.01.06 10:16:54.876,1.55048,1.55062,4.50,1.50
2012.01.06 10:16:56.029,1.55048,1.55062,4.50,1.50
2012.01.06 10:16:56.591,1.55048,1.55062,4.50,1.50
2012.01.06 10:16:57.086,1.55048,1.5506,3.00,1.50
2012.01.06 10:16:57.228,1.55048,1.5506,3.00,1.50
2012.01.06 10:17:00.087,1.55048,1.55062,4.50,1.50
2012.01.06 10:17:02.387,1.55048,1.55062,4.50,2.25
2012.01.06 10:17:02.659,1.55048,1.5506,3.00,1.50
2012.01.06 10:17:02.917,1.55048,1.5506,3.00,2.25
2012.01.06 10:17:03.129,1.55046,1.55057,3.00,1.50
2012.01.06 10:17:03.407,1.55044,1.55057,3.00,1.50
2012.01.06 10:17:03.620,1.55045,1.55057,3.00,1.50
2012.01.06 10:17:03.692,1.55046,1.5506,2.25,1.50
2012.01.06 10:17:03.771,1.55046,1.5506,4.50,1.50
2012.01.06 10:17:04.252,1.55043,1.55056,3.00,2.25
2012.01.06 10:17:04.678,1.55042,1.55056,2.25,3.00
2012.01.06 10:17:05.196,1.55042,1.55056,2.25,2.25
2012.01.06 10:17:05.660,1.55045,1.55054,3.00,1.50
2012.01.06 10:17:05.941,1.55045,1.55056,3.00,3.75
2012.01.06 10:17:06.076,1.55042,1.55056,3.00,3.00
2012.01.06 10:17:06.873,1.55045,1.55056,3.00,2.25
2012.01.06 10:17:07.018,1.55046,1.55058,3.00,4.13
2012.01.06 10:17:07.148,1.55046,1.55058,3.00,3.00
2012.01.06 10:17:07.338,1.55045,1.55056,3.00,2.25
2012.01.06 10:17:07.476,1.55045,1.55056,3.00,2.25
2012.01.06 10:17:08.035,1.55045,1.55056,3.00,2.25
2012.01.06 10:17:08.469,1.55045,1.55056,3.00,2.25
2012.01.06 10:17:08.540,1.55045,1.55056,3.00,2.25
2012.01.06 10:17:08.753,1.55043,1.55056,3.00,2.25
2012.01.06 10:17:09.168,1.55042,1.55056,2.25,3.75
2012.01.06 10:17:09.682,1.55039,1.55052,3.00,1.50
2012.01.06 10:17:10.538,1.55038,1.5505,3.00,1.50
2012.01.06 10:17:10.818,1.55038,1.55048,2.25,1.50
2012.01.06 10:17:10.891,1.55036,1.55045,3.04,1.50
2012.01.06 10:17:11.715,1.55034,1.55045,2.25,3.00
2012.01.06 10:17:12.006,1.55032,1.55043,1.50,1.50
2012.01.06 10:17:12.468,1.55031,1.55045,2.25,3.75
2012.01.06 10:17:12.748,1.55035,1.55046,2.25,2.25
2012.01.06 10:17:12.959,1.55033,1.55046,1.50,2.25
2012.01.06 10:17:13.469,1.55033,1.55046,2.25,1.50
2012.01.06 10:17:14.362,1.55033,1.55047,3.75,3.00
2012.01.06 10:17:14.860,1.55036,1.55048,3.00,1.13
2012.01.06 10:17:15.071,1.55036,1.55049,2.25,3.38
2012.01.06 10:17:15.282,1.55034,1.55048,2.25,1.50
2012.01.06 10:17:16.161,1.55034,1.55048,2.25,2.25
2012.01.06 10:17:16.664,1.55034,1.55048,2.25,1.50
2012.01.06 10:17:17.340,1.55032,1.55046,3.75,1.50
2012.01.06 10:17:17.857,1.55034,1.55048,2.25,1.50
2012.01.06 10:17:18.646,1.55034,1.55048,2.25,1.50
2012.01.06 10:17:18.863,1.55033,1.55047,2.25,1.50
2012.01.06 10:17:19.078,1.55035,1.55049,2.25,3.75
2012.01.06 10:17:20.282,1.55036,1.55049,2.25,2.25
2012.01.06 10:17:23.325,1.55036,1.55049,2.25,2.25
2012.01.06 10:17:23.885,1.55036,1.55049,2.25,2.25
2012.01.06 10:17:25.357,1.55036,1.55049,2.25,2.25
2012.01.06 10:17:26.331,1.55036,1.55049,2.25,2.25
2012.01.06 10:17:27.015,1.55036,1.55049,2.25,2.25
2012.01.06 10:17:27.725,1.55036,1.55049,2.25,2.25
2012.01.06 10:17:32.007,1.55036,1.55049,2.25,2.25
2012.01.06 10:17:33.324,1.55036,1.55049,2.25,2.25
2012.01.06 10:17:34.064,1.55036,1.55049,2.25,2.25
2012.01.06 10:17:34.585,1.55036,1.55049,2.25,2.25
2012.01.06 10:17:35.934,1.55036,1.55049,2.25,2.25
2012.01.06 10:17:36.475,1.55036,1.5505,2.25,3.75
2012.01.06 10:17:41.435,1.55036,1.5505,2.25,3.75
2012.01.06 10:17:41.752,1.55036,1.5505,2.25,3.75
2012.01.06 10:17:41.901,1.55038,1.55052,2.25,2.25
2012.01.06 10:17:42.425,1.55038,1.55052,2.25,1.50
2012.01.06 10:17:43.336,1.55036,1.5505,3.75,1.50
2012.01.06 10:17:45.056,1.55038,1.55052,2.25,3.00
2012.01.06 10:17:45.608,1.55038,1.55052,2.25,1.50
2012.01.06 10:17:46.470,1.5504,1.55054,2.25,2.25
2012.01.06 10:17:47.816,1.5504,1.55054,2.25,1.50
2012.01.06 10:17:48.326,1.55043,1.55056,2.25,2.25
2012.01.06 10:17:48.875,1.55039,1.55052,2.25,1.50
2012.01.06 10:17:49.328,1.55038,1.55052,4.50,1.50
2012.01.06 10:17:49.526,1.55038,1.55052,4.50,1.50
2012.01.06 10:17:49.596,1.55038,1.55052,4.50,1.50
2012.01.06 10:17:49.740,1.5504,1.55054,2.25,3.75
2012.01.06 10:17:50.267,1.5504,1.55054,2.25,1.50
2012.01.06 10:17:51.026,1.55049,1.55056,1.50,1.50
2012.01.06 10:17:51.108,1.55049,1.55063,2.25,4.84
2012.01.06 10:17:51.393,1.55051,1.55061,3.00,1.50
2012.01.06 10:17:51.819,1.55051,1.55063,3.00,1.50
2012.01.06 10:17:52.021,1.55051,1.55063,3.00,1.50
2012.01.06 10:17:52.529,1.55051,1.55063,3.00,1.50
2012.01.06 10:17:53.341,1.55051,1.55063,3.00,1.50
2012.01.06 10:17:53.480,1.55052,1.55065,3.00,3.83
2012.01.06 10:17:53.677,1.55052,1.55063,3.00,1.50
2012.01.06 10:17:54.365,1.55052,1.55063,3.00,1.50
2012.01.06 10:17:54.573,1.55054,1.55065,2.25,3.08
2012.01.06 10:17:54.731,1.55054,1.55067,3.00,3.38
2012.01.06 10:17:54.805,1.55054,1.55067,3.00,2.25
2012.01.06 10:17:55.089,1.55056,1.55069,3.00,6.00
2012.01.06 10:17:55.612,1.55055,1.55069,4.50,2.25
2012.01.06 10:17:55.695,1.55055,1.55067,3.00,1.50
2012.01.06 10:17:56.259,1.55054,1.55067,3.00,1.50
2012.01.06 10:17:58.691,1.55055,1.55069,3.75,1.50
2012.01.06 10:17:59.217,1.55054,1.55067,3.00,1.50
2012.01.06 10:17:59.837,1.55056,1.5507,2.25,4.09
2012.01.06 10:18:00.346,1.55056,1.5507,2.25,4.50
2012.01.06 10:18:00.608,1.55054,1.55068,6.00,1.50
2012.01.06 10:18:00.936,1.55054,1.55065,3.00,1.50
2012.01.06 10:18:01.337,1.55054,1.55067,3.00,3.00
2012.01.06 10:18:02.264,1.55054,1.55067,3.00,1.50
2012.01.06 10:18:03.714,1.55054,1.55067,3.00,1.50
2012.01.06 10:18:03.785,1.55055,1.55069,2.25,1.50
2012.01.06 10:18:04.345,1.55057,1.5507,2.25,3.75
2012.01.06 10:18:04.597,1.55054,1.55066,4.50,1.50
2012.01.06 10:18:05.104,1.55055,1.55069,2.25,2.25
2012.01.06 10:18:08.702,1.55055,1.55068,2.25,1.09
2012.01.06 10:18:08.852,1.55054,1.55062,2.25,1.50
2012.01.06 10:18:09.071,1.55055,1.55064,3.00,3.00
2012.01.06 10:18:09.352,1.55055,1.55062,2.25,1.50
2012.01.06 10:18:09.428,1.55048,1.55062,2.25,2.25
2012.01.06 10:18:09.497,1.55048,1.55062,3.00,1.50
2012.01.06 10:18:10.162,1.55055,1.55062,2.25,3.00
2012.01.06 10:18:10.523,1.55046,1.5506,6.75,2.25
2012.01.06 10:18:10.741,1.55046,1.55056,4.50,1.50
2012.01.06 10:18:11.099,1.55043,1.55052,3.00,1.50
2012.01.06 10:18:11.168,1.55045,1.55052,2.25,1.50
2012.01.06 10:18:11.241,1.55045,1.5505,3.00,1.50
2012.01.06 10:18:11.439,1.55045,1.55052,2.25,3.00
2012.01.06 10:18:11.911,1.55045,1.55055,3.00,1.50
2012.01.06 10:18:12.458,1.55045,1.55055,3.00,1.50
2012.01.06 10:18:12.966,1.55045,1.55055,3.00,1.50
2012.01.06 10:18:13.515,1.55045,1.55055,3.00,1.50
2012.01.06 10:18:13.717,1.55045,1.55055,3.00,1.50
2012.01.06 10:18:16.092,1.55045,1.55055,3.00,1.50
2012.01.06 10:18:16.415,1.55045,1.55053,3.00,1.50
2012.01.06 10:18:17.507,1.55045,1.55055,3.00,1.50
2012.01.06 10:18:19.645,1.55039,1.55053,2.25,1.50
2012.01.06 10:18:19.791,1.55039,1.55053,2.25,2.63
2012.01.06 10:18:19.944,1.55036,1.55048,1.84,1.50
2012.01.06 10:18:20.304,1.55038,1.55052,2.25,3.00
2012.01.06 10:18:20.802,1.55037,1.55048,1.09,1.50
2012.01.06 10:18:21.713,1.55036,1.55048,1.50,1.50
2012.01.06 10:18:21.792,1.55035,1.55048,1.50,2.25
2012.01.06 10:18:21.867,1.55035,1.55045,1.50,1.50
2012.01.06 10:18:22.056,1.55035,1.55047,1.50,2.25
2012.01.06 10:18:22.590,1.55033,1.55047,4.50,2.25
2012.01.06 10:18:22.729,1.55033,1.55045,3.00,1.50
2012.01.06 10:18:23.067,1.55033,1.55041,3.00,1.50
2012.01.06 10:18:23.518,1.55033,1.55043,3.00,1.13
2012.01.06 10:18:23.589,1.55033,1.55039,3.00,1.50
2012.01.06 10:18:23.986,1.55033,1.55041,3.00,1.50
2012.01.06 10:18:27.743,1.55029,1.55041,4.50,1.13
2012.01.06 10:18:28.886,1.5503,1.55044,2.25,3.00
2012.01.06 10:18:28.962,1.55032,1.55046,2.25,5.26
2012.01.06 10:18:29.320,1.55032,1.55046,2.25,3.75
2012.01.06 10:18:29.656,1.55037,1.55048,2.25,1.50
2012.01.06 10:18:30.478,1.55037,1.55048,2.25,1.50
2012.01.06 10:18:31.013,1.55035,1.55048,2.25,2.25
2012.01.06 10:18:31.547,1.55037,1.55048,2.25,1.50
2012.01.06 10:18:32.079,1.55035,1.55048,2.25,1.50
2012.01.06 10:18:32.337,1.55037,1.55049,2.25,4.50
2012.01.06 10:18:32.866,1.55039,1.55051,2.25,3.75
2012.01.06 10:18:33.621,1.55039,1.55052,2.25,3.75
2012.01.06 10:18:33.968,1.55036,1.55048,3.00,1.84
2012.01.06 10:18:34.306,1.55036,1.55048,3.00,1.09
2012.01.06 10:18:34.980,1.55036,1.55048,3.00,1.47
2012.01.06 10:18:35.119,1.55036,1.55048,3.00,1.88
2012.01.06 10:18:35.636,1.55036,1.55048,3.00,1.50
2012.01.06 10:18:35.947,1.55037,1.55051,2.25,3.00
2012.01.06 10:18:36.595,1.55036,1.55049,3.00,1.50
2012.01.06 10:18:37.126,1.55036,1.55047,3.00,1.50
2012.01.06 10:18:38.067,1.55036,1.55049,3.00,1.50
2012.01.06 10:18:38.598,1.55036,1.55049,3.00,2.25
2012.01.06 10:18:39.868,1.55034,1.55047,3.00,1.50
2012.01.06 10:18:39.997,1.55035,1.55049,2.25,3.75
2012.01.06 10:18:40.398,1.55033,1.55047,5.25,1.50
2012.01.06 10:18:40.609,1.55035,1.55049,2.25,3.75
2012.01.06 10:18:40.976,1.55035,1.55049,4.50,2.25
2012.01.06 10:18:41.532,1.55033,1.55047,2.25,1.50
2012.01.06 10:18:42.006,1.55034,1.55047,3.00,1.50
2012.01.06 10:18:43.136,1.55034,1.55047,3.00,1.50
2012.01.06 10:18:43.458,1.55039,1.55047,1.50,1.50
2012.01.06 10:18:43.808,1.5504,1.55049,3.00,1.50
2012.01.06 10:18:44.007,1.5504,1.55054,2.25,2.25
2012.01.06 10:18:44.149,1.55037,1.55049,1.13,1.50
2012.01.06 10:18:44.596,1.55037,1.55051,2.25,1.50
2012.01.06 10:18:45.496,1.55037,1.55051,2.25,2.25
2012.01.06 10:18:46.015,1.55037,1.55051,2.25,1.50
2012.01.06 10:18:46.088,1.55036,1.55049,1.88,1.50
2012.01.06 10:18:46.896,1.55037,1.55051,2.25,1.50
2012.01.06 10:18:48.946,1.5504,1.55054,2.25,2.25
2012.01.06 10:18:50.706,1.55038,1.5505,2.25,1.50
2012.01.06 10:18:51.025,1.55037,1.55048,1.50,1.50
2012.01.06 10:18:51.655,1.55037,1.5505,1.50,2.25
2012.01.06 10:18:52.966,1.55037,1.5505,1.50,1.50
2012.01.06 10:18:53.512,1.55037,1.55049,1.50,1.50
2012.01.06 10:19:01.316,1.55037,1.55049,1.50,1.50
2012.01.06 10:19:03.025,1.55038,1.55049,1.50,1.50
2012.01.06 10:19:03.602,1.55039,1.55049,1.50,1.50
2012.01.06 10:19:03.751,1.55041,1.55052,2.25,2.25
2012.01.06 10:19:05.998,1.55041,1.5505,3.00,1.50
2012.01.06 10:19:06.208,1.55037,1.55048,4.50,1.50
2012.01.06 10:19:06.619,1.55035,1.55046,4.50,1.50
2012.01.06 10:19:07.178,1.55034,1.55047,3.00,3.00
2012.01.06 10:19:07.695,1.55034,1.55047,3.00,2.25
2012.01.06 10:19:08.677,1.55034,1.55047,3.00,3.00
2012.01.06 10:19:09.246,1.55034,1.55045,3.00,1.50
2012.01.06 10:19:09.882,1.55034,1.55048,4.50,3.38
2012.01.06 10:19:10.435,1.55034,1.55047,4.50,1.50
2012.01.06 10:19:11.015,1.55034,1.55048,4.50,3.38
2012.01.06 10:19:11.605,1.55034,1.55046,3.00,2.25
2012.01.06 10:19:12.056,1.55037,1.55049,2.25,1.13
2012.01.06 10:19:13.578,1.55035,1.55048,1.50,1.50
2012.01.06 10:19:14.138,1.55035,1.55048,1.50,1.50
2012.01.06 10:19:15.198,1.55035,1.55048,1.50,1.50
2012.01.06 10:19:15.735,1.55034,1.55048,2.63,1.50
2012.01.06 10:19:16.097,1.55034,1.55046,1.13,1.50
2012.01.06 10:19:16.296,1.55034,1.55048,2.63,3.00
2012.01.06 10:19:16.500,1.55034,1.55048,2.25,2.25
2012.01.06 10:19:17.017,1.55034,1.55048,2.25,2.25
2012.01.06 10:19:17.295,1.55033,1.55046,4.13,1.50
2012.01.06 10:19:17.601,1.55033,1.55046,3.75,3.00
2012.01.06 10:19:17.740,1.55033,1.55043,1.50,1.50
2012.01.06 10:19:18.253,1.55029,1.55043,4.13,1.50
2012.01.06 10:19:18.550,1.55028,1.55042,2.25,2.25
2012.01.06 10:19:18.940,1.55028,1.55042,1.50,2.25
2012.01.06 10:19:19.069,1.55026,1.5504,4.50,2.25
2012.01.06 10:19:19.216,1.55026,1.55036,1.50,1.50
2012.01.06 10:19:19.980,1.55026,1.55036,1.50,1.50
2012.01.06 10:19:20.049,1.55026,1.55038,1.50,1.50
2012.01.06 10:19:21.931,1.55025,1.55036,3.00,1.50
2012.01.06 10:19:26.376,1.55026,1.55036,7.50,1.50
2012.01.06 10:19:26.710,1.55031,1.5504,2.25,1.50
2012.01.06 10:19:27.180,1.55034,1.55042,2.25,1.50
2012.01.06 10:19:27.512,1.55031,1.55042,3.00,1.50
2012.01.06 10:19:28.048,1.55031,1.55043,3.00,2.25
2012.01.06 10:19:30.585,1.55031,1.55043,2.25,2.25
2012.01.06 10:19:31.106,1.55027,1.55041,3.00,1.50
2012.01.06 10:19:31.665,1.55027,1.55041,3.00,1.50
2012.01.06 10:19:32.176,1.55027,1.55041,3.00,1.50
2012.01.06 10:19:32.589,1.55027,1.55039,1.50,1.50
2012.01.06 10:19:33.096,1.55027,1.55041,3.00,1.50
2012.01.06 10:19:33.621,1.55027,1.55041,3.00,1.50
2012.01.06 10:19:33.758,1.55034,1.55047,1.50,3.01
2012.01.06 10:19:34.168,1.55033,1.55047,2.25,3.00
2012.01.06 10:19:34.308,1.55034,1.55044,3.00,1.50
2012.01.06 10:19:34.568,1.55032,1.55046,2.25,4.50
2012.01.06 10:19:35.454,1.55032,1.55044,3.00,1.50
2012.01.06 10:19:35.870,1.55037,1.55048,2.25,3.38
2012.01.06 10:19:36.084,1.55037,1.55048,2.25,1.13
2012.01.06 10:19:36.586,1.55038,1.55052,1.50,2.25
2012.01.06 10:19:37.145,1.55037,1.5505,3.00,2.25
2012.01.06 10:19:37.720,1.55037,1.5505,3.00,2.25
2012.01.06 10:19:39.165,1.55037,1.5505,3.00,1.50
2012.01.06 10:19:39.693,1.55037,1.5505,3.00,2.25
2012.01.06 10:19:40.266,1.55037,1.5505,3.75,1.50
2012.01.06 10:19:41.295,1.55037,1.5505,3.75,2.25
2012.01.06 10:19:41.697,1.55037,1.55048,3.75,1.50
2012.01.06 10:19:43.037,1.55037,1.55048,3.75,2.25
2012.01.06 10:19:43.555,1.55036,1.55048,2.25,1.13
2012.01.06 10:19:45.965,1.55036,1.55048,2.25,1.13
2012.01.06 10:19:46.824,1.55036,1.55048,2.25,1.13
2012.01.06 10:19:47.367,1.55034,1.55048,3.75,2.63
2012.01.06 10:19:47.915,1.55034,1.55048,3.75,3.38
2012.01.06 10:19:48.488,1.55034,1.55048,3.75,2.63
2012.01.06 10:19:49.046,1.55033,1.55046,3.00,2.25
2012.01.06 10:19:52.185,1.55034,1.55048,2.25,2.63
2012.01.06 10:19:54.465,1.55034,1.55048,2.25,3.38
2012.01.06 10:19:55.526,1.55034,1.55048,2.25,2.63
2012.01.06 10:20:00.278,1.55036,1.55048,2.25,1.13
2012.01.06 10:20:01.292,1.55036,1.55048,2.25,1.13
2012.01.06 10:20:02.378,1.55034,1.55048,2.25,2.63
2012.01.06 10:20:02.588,1.55034,1.55047,2.25,1.50
2012.01.06 10:20:02.659,1.55034,1.55047,1.50,1.50
2012.01.06 10:20:02.859,1.55031,1.55044,1.88,2.25
2012.01.06 10:20:03.518,1.55032,1.55046,2.25,2.25
2012.01.06 10:20:04.945,1.55032,1.55046,2.25,1.50
2012.01.06 10:20:05.485,1.55035,1.55047,2.25,1.50
2012.01.06 10:20:08.178,1.55035,1.55049,2.25,2.63
2012.01.06 10:20:08.392,1.55037,1.5505,2.25,4.47
2012.01.06 10:20:08.686,1.55037,1.55051,2.25,4.50
2012.01.06 10:20:09.042,1.55041,1.55051,3.00,1.50
2012.01.06 10:20:09.473,1.5504,1.55051,1.13,1.50
2012.01.06 10:20:09.550,1.55042,1.55051,3.00,1.50
2012.01.06 10:20:10.019,1.55042,1.55054,3.00,3.00
2012.01.06 10:20:10.104,1.55046,1.55057,1.50,1.50
2012.01.06 10:20:10.672,1.55045,1.55058,1.50,2.25
2012.01.06 10:20:11.287,1.55045,1.55058,4.88,1.50
2012.01.06 10:20:11.846,1.55047,1.5506,3.38,1.50
2012.01.06 10:20:12.552,1.55047,1.55057,1.50,1.50
2012.01.06 10:20:12.899,1.55047,1.55057,1.50,1.50
2012.01.06 10:20:13.350,1.55047,1.55059,1.88,1.50
2012.01.06 10:20:13.538,1.55048,1.55062,2.25,4.50
2012.01.06 10:20:14.056,1.55047,1.5506,1.88,1.50
2012.01.06 10:20:14.329,1.55048,1.55062,2.25,1.50
2012.01.06 10:20:14.907,1.55048,1.55062,3.38,1.50
2012.01.06 10:20:14.977,1.55048,1.5506,1.88,1.50
2012.01.06 10:20:15.635,1.55048,1.5506,1.88,1.50
2012.01.06 10:20:16.914,1.55048,1.5506,1.88,1.50
2012.01.06 10:20:17.275,1.55045,1.55058,1.50,1.50
2012.01.06 10:20:19.070,1.55045,1.55056,2.25,1.50
2012.01.06 10:20:19.627,1.55045,1.55056,2.25,1.50
2012.01.06 10:20:20.248,1.55045,1.55054,2.25,1.50
2012.01.06 10:20:20.974,1.55045,1.55054,2.25,1.50
2012.01.06 10:20:21.053,1.55045,1.55056,2.25,1.50
2012.01.06 10:20:21.310,1.55045,1.55056,2.25,3.00
2012.01.06 10:20:21.380,1.55045,1.55054,1.50,1.50
2012.01.06 10:20:21.451,1.55045,1.55054,1.50,1.50
2012.01.06 10:20:21.733,1.55042,1.55052,1.50,1.50
2012.01.06 10:20:22.148,1.55039,1.55048,1.50,1.50
2012.01.06 10:20:22.681,1.55036,1.5505,2.25,1.50
2012.01.06 10:20:22.999,1.55035,1.55048,1.50,1.50
2012.01.06 10:20:23.487,1.55036,1.5505,2.25,1.50
2012.01.06 10:20:24.857,1.55035,1.55048,1.50,1.50
2012.01.06 10:20:25.389,1.55038,1.55052,2.25,2.25
2012.01.06 10:20:26.086,1.55038,1.55052,2.25,2.25
2012.01.06 10:20:27.818,1.55036,1.5505,2.25,1.50
2012.01.06 10:20:28.496,1.55036,1.5505,2.25,1.50
2012.01.06 10:20:28.619,1.55039,1.55053,2.25,2.63
2012.01.06 10:20:29.157,1.55039,1.55053,2.25,2.25
2012.01.06 10:20:29.924,1.55039,1.55053,2.25,2.25
2012.01.06 10:20:30.417,1.55037,1.5505,2.25,1.50
2012.01.06 10:20:32.306,1.55038,1.55052,2.25,1.50
2012.01.06 10:20:33.004,1.5504,1.55054,2.25,3.00
2012.01.06 10:20:33.288,1.5504,1.55054,2.25,1.50
2012.01.06 10:20:33.627,1.55044,1.55056,1.50,2.25
2012.01.06 10:20:33.909,1.55045,1.55058,1.50,2.25
2012.01.06 10:20:34.117,1.55045,1.55058,1.50,1.50
2012.01.06 10:20:34.692,1.55045,1.55056,1.50,1.50
2012.01.06 10:20:35.307,1.55045,1.55056,1.50,1.50
2012.01.06 10:20:35.845,1.55045,1.55056,1.50,1.50
2012.01.06 10:20:37.895,1.55045,1.55056,1.50,1.50
2012.01.06 10:20:38.218,1.55045,1.55054,1.50,1.50
2012.01.06 10:20:40.144,1.55045,1.55054,1.50,1.50
2012.01.06 10:20:40.679,1.55045,1.55054,1.50,1.50
2012.01.06 10:20:40.806,1.55045,1.55056,1.50,1.50
2012.01.06 10:20:43.856,1.55045,1.55056,1.50,1.50
2012.01.06 10:20:44.117,1.55045,1.55058,1.50,1.50
2012.01.06 10:20:44.629,1.55045,1.55058,1.50,1.50
2012.01.06 10:20:44.762,1.55044,1.55058,2.25,2.25
2012.01.06 10:20:44.968,1.55042,1.55054,3.75,1.50
2012.01.06 10:20:45.728,1.55042,1.55056,5.25,2.25
2012.01.06 10:20:46.168,1.55042,1.55053,3.00,1.50
2012.01.06 10:20:46.496,1.55035,1.55049,4.84,1.50
2012.01.06 10:20:46.630,1.55035,1.55047,1.50,1.50
2012.01.06 10:20:46.697,1.55035,1.55047,1.50,1.50
2012.01.06 10:20:46.768,1.55034,1.55045,1.13,2.25
2012.01.06 10:20:50.655,1.55034,1.55045,1.13,2.25
2012.01.06 10:20:51.176,1.55034,1.55045,1.13,2.25
2012.01.06 10:20:51.786,1.55034,1.55045,1.13,2.25
2012.01.06 10:20:51.932,1.55034,1.55045,1.88,1.50
2012.01.06 10:20:52.154,1.55035,1.55048,1.50,2.25
2012.01.06 10:20:55.376,1.55036,1.5505,2.25,2.25
2012.01.06 10:20:55.566,1.55039,1.55053,1.50,2.25
2012.01.06 10:20:56.184,1.55039,1.55053,1.50,2.25
2012.01.06 10:20:57.015,1.55039,1.55053,2.25,2.25
2012.01.06 10:20:57.357,1.55042,1.55054,1.50,1.50
2012.01.06 10:20:58.025,1.5504,1.55054,2.25,3.00
2012.01.06 10:21:04.935,1.55042,1.55054,1.50,1.50
2012.01.06 10:21:05.006,1.55039,1.55053,2.25,2.25
2012.01.06 10:21:05.524,1.55039,1.55053,2.25,2.25
2012.01.06 10:21:06.350,1.55042,1.55054,1.50,1.50
2012.01.06 10:21:06.975,1.5504,1.55054,2.25,3.00
2012.01.06 10:21:07.507,1.55041,1.55054,1.50,3.00
2012.01.06 10:21:07.577,1.55043,1.55054,1.50,1.50
2012.01.06 10:21:08.145,1.55041,1.55054,1.50,1.50
2012.01.06 10:21:13.463,1.55041,1.55054,2.25,1.50
2012.01.06 10:21:14.225,1.55044,1.55055,1.50,1.84
2012.01.06 10:21:14.849,1.55042,1.55054,2.25,1.50
2012.01.06 10:21:17.441,1.55042,1.55054,1.50,1.50
2012.01.06 10:21:18.245,1.5504,1.55054,4.50,3.00
2012.01.06 10:21:21.266,1.5504,1.55054,4.50,3.00
2012.01.06 10:21:21.876,1.55042,1.55054,1.50,1.50
2012.01.06 10:21:22.466,1.55042,1.55054,1.50,1.50
2012.01.06 10:21:23.093,1.5504,1.55054,4.50,3.00
2012.01.06 10:21:24.945,1.5504,1.55051,3.00,1.50
2012.01.06 10:21:25.288,1.5504,1.55053,3.00,2.25
2012.01.06 10:21:26.158,1.5504,1.55053,3.00,1.50
2012.01.06 10:21:26.923,1.5504,1.55053,3.00,1.50
2012.01.06 10:21:27.595,1.5504,1.55053,3.00,1.50
2012.01.06 10:21:28.194,1.5504,1.55053,3.00,1.50
2012.01.06 10:21:28.726,1.5504,1.55053,3.00,2.25
2012.01.06 10:21:29.275,1.5504,1.55052,3.00,1.50
2012.01.06 10:21:29.766,1.5504,1.55054,4.50,3.00
2012.01.06 10:21:30.046,1.5504,1.55051,3.00,1.50
2012.01.06 10:21:30.606,1.5504,1.55053,3.00,2.25
2012.01.06 10:21:31.259,1.5504,1.55053,3.00,1.50
2012.01.06 10:21:31.766,1.5504,1.55053,3.00,2.25
2012.01.06 10:21:32.315,1.5504,1.55053,3.00,1.50
2012.01.06 10:21:32.857,1.55041,1.55054,2.25,1.50
2012.01.06 10:21:33.405,1.5504,1.55053,3.00,1.50
2012.01.06 10:21:33.917,1.5504,1.55053,3.00,2.25
2012.01.06 10:21:36.055,1.5504,1.55053,3.00,1.50
2012.01.06 10:21:36.977,1.55041,1.55054,4.50,1.50
2012.01.06 10:21:37.188,1.55041,1.55055,4.50,2.25
2012.01.06 10:21:37.670,1.55044,1.55058,2.25,3.00
2012.01.06 10:21:38.556,1.55043,1.55056,3.00,1.50
2012.01.06 10:21:39.127,1.55044,1.55058,2.25,2.25
2012.01.06 10:21:41.567,1.55043,1.55056,3.75,1.50
2012.01.06 10:21:41.901,1.55045,1.55058,2.25,2.25
2012.01.06 10:21:42.040,1.55049,1.5506,1.50,2.25
2012.01.06 10:21:42.605,1.5505,1.55061,2.25,1.88
2012.01.06 10:21:42.755,1.55049,1.5506,2.25,3.00
2012.01.06 10:21:43.280,1.55049,1.55059,1.50,2.25
2012.01.06 10:21:43.810,1.55047,1.55059,2.25,3.00
2012.01.06 10:21:44.337,1.55046,1.55059,1.50,3.75
2012.01.06 10:21:46.646,1.55046,1.55059,1.50,4.50
2012.01.06 10:21:47.166,1.55047,1.55059,2.25,2.25
2012.01.06 10:21:47.727,1.55047,1.5506,2.25,3.75
2012.01.06 10:21:51.907,1.55045,1.55057,3.00,1.50
2012.01.06 10:21:52.447,1.55045,1.55059,4.50,3.75
2012.01.06 10:21:53.065,1.55047,1.5506,1.50,1.50
2012.01.06 10:21:53.349,1.55045,1.55057,3.00,2.25
2012.01.06 10:21:53.908,1.55045,1.55057,2.25,1.88
2012.01.06 10:21:54.777,1.55045,1.55057,4.50,1.13
2012.01.06 10:21:55.407,1.55045,1.55057,4.50,1.88
2012.01.06 10:21:55.923,1.55045,1.55057,4.50,1.13
2012.01.06 10:21:57.656,1.55045,1.55057,4.50,1.88
2012.01.06 10:21:58.175,1.55045,1.55057,4.50,1.13
2012.01.06 10:22:00.357,1.55045,1.55057,4.50,1.88
2012.01.06 10:22:00.881,1.55044,1.55057,3.00,3.00
2012.01.06 10:22:01.455,1.55044,1.55057,3.00,3.75
2012.01.06 10:22:02.420,1.55043,1.55056,4.50,1.50
2012.01.06 10:22:04.199,1.55043,1.55054,3.00,1.50
2012.01.06 10:22:04.761,1.55044,1.55056,3.00,3.00
2012.01.06 10:22:05.121,1.55036,1.55046,3.00,1.50
2012.01.06 10:22:05.266,1.55035,1.55046,1.50,2.25
2012.01.06 10:22:05.810,1.55033,1.55046,1.54,1.50
2012.01.06 10:22:06.511,1.55035,1.55048,2.25,1.50
2012.01.06 10:22:06.593,1.5504,1.5505,3.00,1.50
2012.01.06 10:22:07.068,1.55036,1.5505,2.25,3.38
2012.01.06 10:22:07.141,1.55034,1.55048,2.29,6.00
2012.01.06 10:22:07.338,1.55035,1.55043,2.25,1.50
2012.01.06 10:22:07.409,1.55031,1.55043,3.00,1.50
2012.01.06 10:22:07.609,1.55035,1.55043,3.00,1.50
2012.01.06 10:22:07.677,1.55035,1.55043,2.25,1.50
2012.01.06 10:22:07.747,1.55035,1.55045,2.25,3.00
2012.01.06 10:22:07.818,1.55031,1.55045,4.50,3.00
2012.01.06 10:22:08.017,1.55031,1.55042,3.00,1.50
2012.01.06 10:22:08.806,1.55031,1.55042,3.00,1.50
2012.01.06 10:22:09.317,1.55031,1.55044,3.00,1.50
2012.01.06 10:22:10.985,1.55032,1.55046,2.25,3.00
2012.01.06 10:22:11.200,1.55035,1.55047,1.50,1.50
2012.01.06 10:22:11.546,1.55037,1.55049,2.25,4.01
2012.01.06 10:22:11.689,1.55035,1.55048,2.25,1.13
2012.01.06 10:22:14.806,1.55033,1.55047,2.25,1.50
2012.01.06 10:22:15.336,1.55033,1.55047,2.25,2.25
2012.01.06 10:22:18.327,1.55033,1.55047,1.50,2.25
2012.01.06 10:22:18.660,1.5503,1.55042,3.00,2.25
2012.01.06 10:22:19.267,1.5503,1.55044,4.50,4.13
2012.01.06 10:22:19.825,1.5503,1.55044,4.50,2.25
2012.01.06 10:22:20.386,1.5503,1.55042,3.00,1.50
2012.01.06 10:22:20.978,1.5503,1.55044,4.50,2.25
2012.01.06 10:22:24.006,1.5503,1.55042,3.00,1.50
2012.01.06 10:22:24.655,1.5503,1.55042,3.00,1.50
2012.01.06 10:22:24.786,1.5503,1.55044,4.50,2.25
2012.01.06 10:22:25.295,1.5503,1.55044,4.50,2.25
2012.01.06 10:22:25.837,1.5503,1.55044,4.50,2.25
2012.01.06 10:22:29.241,1.5503,1.55044,2.25,2.25
2012.01.06 10:22:30.648,1.55031,1.55044,1.88,2.25
2012.01.06 10:22:30.993,1.55037,1.55042,2.25,1.13
2012.01.06 10:22:31.073,1.55034,1.55041,2.25,3.00
2012.01.06 10:22:31.218,1.55026,1.5504,2.25,3.00
2012.01.06 10:22:31.487,1.55025,1.55038,3.00,1.50
2012.01.06 10:22:32.176,1.55025,1.55038,3.00,1.50
2012.01.06 10:22:32.529,1.55027,1.5504,2.25,2.25
2012.01.06 10:22:33.330,1.55029,1.55043,1.50,6.26
2012.01.06 10:22:33.879,1.55029,1.55043,2.25,5.13
2012.01.06 10:22:34.430,1.55025,1.55038,3.00,1.50
2012.01.06 10:22:34.940,1.55025,1.55038,3.00,1.50
2012.01.06 10:22:35.530,1.55025,1.55038,3.00,1.50
2012.01.06 10:22:36.066,1.55026,1.5504,2.25,3.75
2012.01.06 10:22:37.687,1.55029,1.5504,1.09,2.25
2012.01.06 10:22:38.041,1.55033,1.55047,2.25,1.50
2012.01.06 10:22:38.177,1.55037,1.55049,3.00,1.50
2012.01.06 10:22:38.723,1.55037,1.55048,2.25,3.00
2012.01.06 10:22:39.266,1.55037,1.55048,2.25,3.38
2012.01.06 10:22:40.124,1.55037,1.55047,2.25,1.88
2012.01.06 10:22:40.280,1.55024,1.55038,1.50,2.25
2012.01.06 10:22:40.418,1.55022,1.55035,2.25,2.25
2012.01.06 10:22:41.008,1.55023,1.55037,1.50,2.25
2012.01.06 10:22:41.526,1.55023,1.55036,1.50,1.50
2012.01.06 10:22:42.829,1.55021,1.55035,2.25,2.25
2012.01.06 10:22:43.298,1.55022,1.55035,1.50,1.88
2012.01.06 10:22:43.443,1.55026,1.55037,2.25,2.25
2012.01.06 10:22:44.208,1.55026,1.55039,2.25,4.38
2012.01.06 10:22:45.924,1.55026,1.55039,1.50,3.75
2012.01.06 10:22:46.435,1.55024,1.55038,4.50,2.25
2012.01.06 10:22:49.157,1.55026,1.55039,1.50,1.50
2012.01.06 10:22:49.705,1.55024,1.55038,4.50,2.25
2012.01.06 10:22:50.912,1.55024,1.55038,4.50,2.25
2012.01.06 10:22:51.425,1.55024,1.55038,4.50,1.50
2012.01.06 10:22:52.286,1.55026,1.5504,2.25,3.00
2012.01.06 10:22:52.760,1.55026,1.5504,2.25,2.25
2012.01.06 10:22:53.039,1.55028,1.55039,2.25,3.00
2012.01.06 10:22:53.297,1.55026,1.55039,1.50,3.75
2012.01.06 10:22:53.366,1.55024,1.55038,2.25,2.25
2012.01.06 10:22:54.713,1.55024,1.55038,4.50,2.25
2012.01.06 10:22:55.047,1.55022,1.55036,3.34,1.50
2012.01.06 10:22:55.556,1.55022,1.55036,3.00,2.25
2012.01.06 10:22:58.315,1.55022,1.55036,3.00,2.25
2012.01.06 10:22:58.875,1.55022,1.55036,3.00,2.25
2012.01.06 10:23:00.307,1.55022,1.55036,3.00,1.50
2012.01.06 10:23:00.767,1.55026,1.55039,2.25,3.75
2012.01.06 10:23:01.284,1.55026,1.5504,2.25,3.00
2012.01.06 10:23:01.374,1.55028,1.55042,4.50,1.50
2012.01.06 10:23:01.997,1.5503,1.55044,2.25,3.38
2012.01.06 10:23:02.515,1.5503,1.55044,2.25,3.00
2012.01.06 10:23:02.874,1.55028,1.5504,2.25,1.20
2012.01.06 10:23:03.359,1.55025,1.55038,1.50,1.50
2012.01.06 10:23:03.438,1.55027,1.55041,2.25,2.25
2012.01.06 10:23:03.970,1.55027,1.55041,2.25,2.25
2012.01.06 10:23:06.201,1.55025,1.55039,3.00,2.25
2012.01.06 10:23:06.742,1.55025,1.55039,3.00,2.25
2012.01.06 10:23:09.251,1.55025,1.55037,1.50,1.50
2012.01.06 10:23:09.741,1.55027,1.55039,2.25,2.25
2012.01.06 10:23:09.827,1.55029,1.55042,1.50,1.38
2012.01.06 10:23:10.394,1.55027,1.55041,2.25,2.25
2012.01.06 10:23:11.927,1.5503,1.55043,1.50,2.25
2012.01.06 10:23:12.005,1.5503,1.55044,2.25,3.63
2012.01.06 10:23:12.447,1.5503,1.55044,1.50,3.63
2012.01.06 10:23:12.970,1.55028,1.55042,2.25,2.25
2012.01.06 10:23:13.706,1.55028,1.55042,2.25,2.25
2012.01.06 10:23:14.257,1.5503,1.55044,2.25,3.63
2012.01.06 10:23:15.981,1.5503,1.55044,2.25,5.13
2012.01.06 10:23:16.545,1.55032,1.55044,2.25,2.88
2012.01.06 10:23:17.099,1.55032,1.55046,2.25,2.88
2012.01.06 10:23:19.491,1.5503,1.55044,2.25,2.25
2012.01.06 10:23:20.029,1.55031,1.55044,2.25,1.50
2012.01.06 10:23:20.337,1.55029,1.55043,2.25,2.25
2012.01.06 10:23:21.662,1.55029,1.55043,2.25,2.25
2012.01.06 10:23:23.348,1.55029,1.55043,2.25,2.25
2012.01.06 10:23:24.983,1.55029,1.55043,2.25,2.25
2012.01.06 10:23:25.507,1.55029,1.55043,2.25,2.25
2012.01.06 10:23:26.900,1.55029,1.55043,2.25,1.50
2012.01.06 10:23:27.452,1.55029,1.55043,2.25,1.50
2012.01.06 10:23:28.683,1.55029,1.55043,3.04,1.50
2012.01.06 10:23:28.761,1.55029,1.55043,3.04,1.50
2012.01.06 10:23:28.907,1.55033,1.55045,3.00,2.25
2012.01.06 10:23:28.980,1.55031,1.55044,2.25,1.50
2012.01.06 10:23:29.538,1.55029,1.55043,2.25,1.50
2012.01.06 10:23:29.848,1.55027,1.55041,2.25,1.50
2012.01.06 10:23:30.076,1.55029,1.55043,2.25,1.50
2012.01.06 10:23:30.600,1.55029,1.55043,2.25,2.25
2012.01.06 10:23:30.787,1.55026,1.5504,2.25,1.50
2012.01.06 10:23:31.335,1.55026,1.5504,2.25,1.50
2012.01.06 10:23:31.840,1.55026,1.5504,2.25,1.50
2012.01.06 10:23:32.048,1.55028,1.55042,3.75,1.50
2012.01.06 10:23:32.698,1.5503,1.55044,2.25,3.26
2012.01.06 10:23:33.205,1.55029,1.55042,3.00,1.50
2012.01.06 10:23:36.706,1.55029,1.55042,3.00,1.50
2012.01.06 10:23:37.668,1.55029,1.55042,3.00,1.50
2012.01.06 10:23:38.048,1.5503,1.55044,2.25,3.75
2012.01.06 10:23:38.553,1.55032,1.55046,2.25,2.25
2012.01.06 10:23:39.546,1.55032,1.55046,3.75,1.50
2012.01.06 10:23:39.901,1.55032,1.55046,3.00,1.50
2012.01.06 10:23:41.124,1.55042,1.5505,1.50,4.50
2012.01.06 10:23:41.426,1.55045,1.55056,3.00,1.50
2012.01.06 10:23:41.647,1.55045,1.55054,2.25,1.50
2012.01.06 10:23:41.859,1.55041,1.55054,2.25,2.25
2012.01.06 10:23:42.769,1.5504,1.55054,2.25,3.00
2012.01.06 10:23:43.787,1.55038,1.55052,2.25,1.50
2012.01.06 10:23:44.387,1.55038,1.55052,2.25,6.75
2012.01.06 10:23:45.155,1.55034,1.55048,2.25,1.50
2012.01.06 10:23:45.245,1.55034,1.55046,1.50,1.50
2012.01.06 10:23:45.330,1.55034,1.55044,1.50,1.50
2012.01.06 10:23:45.880,1.55033,1.55047,2.25,2.51
2012.01.06 10:23:45.946,1.55032,1.55045,3.00,1.50
2012.01.06 10:23:46.360,1.5503,1.55043,1.50,1.50
2012.01.06 10:23:47.524,1.55031,1.55045,2.25,2.25
2012.01.06 10:23:48.081,1.55031,1.55045,2.25,2.25
2012.01.06 10:23:48.352,1.55031,1.55045,2.25,2.25
2012.01.06 10:23:49.580,1.55029,1.55043,2.25,2.25
2012.01.06 10:23:50.006,1.55027,1.55041,5.25,1.50
2012.01.06 10:23:50.287,1.55027,1.55041,2.25,3.00
2012.01.06 10:23:51.529,1.55026,1.55039,1.50,1.50
2012.01.06 10:23:52.037,1.55028,1.55042,2.25,3.63
2012.01.06 10:23:52.740,1.55026,1.5504,3.00,1.50
2012.01.06 10:23:53.371,1.55026,1.55037,1.50,1.50
2012.01.06 10:23:53.509,1.55026,1.5504,3.00,1.50
2012.01.06 10:23:53.990,1.55026,1.5504,3.00,1.50
2012.01.06 10:23:54.538,1.55029,1.5504,3.00,1.50
2012.01.06 10:23:55.785,1.55029,1.55043,4.50,2.51
2012.01.06 10:23:56.306,1.55029,1.55041,3.00,1.50
2012.01.06 10:23:57.155,1.55027,1.55041,2.25,1.50
2012.01.06 10:23:57.685,1.55027,1.55041,2.25,1.50
2012.01.06 10:23:58.709,1.55029,1.55043,4.50,2.51
2012.01.06 10:23:58.780,1.55031,1.55043,2.25,1.01
2012.01.06 10:23:59.049,1.55031,1.55045,4.50,2.88
2012.01.06 10:23:59.827,1.55031,1.55045,2.25,2.88
2012.01.06 10:24:00.331,1.55029,1.55043,4.50,1.50
2012.01.06 10:24:01.147,1.5503,1.55043,3.00,1.50
2012.01.06 10:24:01.776,1.5503,1.55043,3.00,1.50
2012.01.06 10:24:04.668,1.5503,1.55043,3.00,1.50
2012.01.06 10:24:05.226,1.55029,1.55043,4.50,1.50
2012.01.06 10:24:06.888,1.55029,1.55043,4.50,1.50
2012.01.06 10:24:08.367,1.55029,1.55043,4.50,2.25
2012.01.06 10:24:08.583,1.55029,1.55042,4.50,2.63
2012.01.06 10:24:08.737,1.55026,1.55038,1.50,3.75
2012.01.06 10:24:08.809,1.55026,1.55036,1.50,1.50
2012.01.06 10:24:09.499,1.55022,1.55036,2.25,2.25
2012.01.06 10:24:10.045,1.55024,1.55034,1.50,1.50
2012.01.06 10:24:10.258,1.55024,1.55036,1.50,4.50
2012.01.06 10:24:10.330,1.55023,1.55034,1.50,1.50
2012.01.06 10:24:10.527,1.55022,1.55036,2.25,3.00
2012.01.06 10:24:10.600,1.55022,1.55036,2.25,4.50
2012.01.06 10:24:10.952,1.55025,1.55036,3.00,1.50
2012.01.06 10:24:11.493,1.55022,1.55036,2.25,1.50
2012.01.06 10:24:11.566,1.55024,1.55038,2.25,2.25
2012.01.06 10:24:12.954,1.55024,1.55038,2.25,2.25
2012.01.06 10:24:13.520,1.55024,1.55038,2.25,2.25
2012.01.06 10:24:16.895,1.55024,1.55036,2.25,1.50
2012.01.06 10:24:17.088,1.5502,1.55034,2.25,3.00
2012.01.06 10:24:19.996,1.5502,1.55034,3.75,2.25
2012.01.06 10:24:21.022,1.55026,1.5504,2.25,5.88
2012.01.06 10:24:21.517,1.55026,1.55039,2.25,3.00
2012.01.06 10:24:22.047,1.55026,1.55039,2.25,3.00
2012.01.06 10:24:22.589,1.55026,1.55039,3.75,3.00
2012.01.06 10:24:23.485,1.55026,1.55039,2.25,3.00
2012.01.06 10:24:24.016,1.55026,1.55039,2.25,3.00
2012.01.06 10:24:24.091,1.55024,1.55038,3.75,2.25
2012.01.06 10:24:24.596,1.55022,1.55036,2.25,1.50
2012.01.06 10:24:25.156,1.55022,1.55036,2.25,2.25
2012.01.06 10:24:27.227,1.55022,1.55036,2.25,1.50
2012.01.06 10:24:27.745,1.55022,1.55036,2.25,2.25
2012.01.06 10:24:28.257,1.55022,1.55036,2.25,1.50
2012.01.06 10:24:28.816,1.55022,1.55036,2.25,2.25
2012.01.06 10:24:30.130,1.55022,1.55036,2.25,2.25
2012.01.06 10:24:30.469,1.55022,1.55034,1.50,1.50
2012.01.06 10:24:31.017,1.55018,1.55032,2.25,2.25
2012.01.06 10:24:31.164,1.55016,1.55028,3.00,1.50
2012.01.06 10:24:31.519,1.55014,1.55026,3.00,1.13
2012.01.06 10:24:31.661,1.55014,1.55027,2.25,1.13
2012.01.06 10:24:31.730,1.55012,1.55026,2.25,1.88
2012.01.06 10:24:32.249,1.55014,1.55027,2.25,1.50
2012.01.06 10:24:32.776,1.55014,1.55027,2.25,1.50
2012.01.06 10:24:33.277,1.55014,1.55028,2.25,3.38
2012.01.06 10:24:33.883,1.55014,1.55027,2.25,1.50
2012.01.06 10:24:34.896,1.55014,1.55028,2.25,3.38
2012.01.06 10:24:35.428,1.55014,1.55027,2.25,1.50
2012.01.06 10:24:35.791,1.55011,1.55025,2.25,1.50
2012.01.06 10:24:36.297,1.55013,1.55027,2.25,3.00
2012.01.06 10:24:36.486,1.55011,1.55025,2.25,1.50
2012.01.06 10:24:36.995,1.55011,1.55025,2.25,1.50
2012.01.06 10:24:37.066,1.55011,1.55025,2.25,2.25
2012.01.06 10:24:39.505,1.55011,1.55025,2.25,2.25
2012.01.06 10:24:40.102,1.55011,1.55025,2.25,2.25
2012.01.06 10:24:42.496,1.55011,1.55025,2.25,2.25
2012.01.06 10:24:43.102,1.55011,1.55025,2.25,2.25
2012.01.06 10:24:44.251,1.55011,1.55024,1.50,1.50
2012.01.06 10:24:44.779,1.55007,1.55017,2.25,6.00
2012.01.06 10:24:44.863,1.55,1.55017,1.50,6.75
2012.01.06 10:24:44.944,1.55006,1.55017,1.50,1.50
2012.01.06 10:24:45.568,1.55005,1.55019,2.25,6.75
2012.01.06 10:24:46.099,1.55002,1.55016,2.25,1.50
2012.01.06 10:24:50.378,1.55004,1.55018,2.25,2.25
2012.01.06 10:24:50.828,1.55002,1.55016,2.25,2.25
2012.01.06 10:24:51.460,1.55,1.55014,3.00,1.50
2012.01.06 10:24:53.587,1.55,1.55014,2.25,1.50
2012.01.06 10:24:53.895,1.54998,1.55012,6.38,1.50
2012.01.06 10:24:54.506,1.55,1.55014,2.25,3.00
2012.01.06 10:24:56.008,1.55,1.55014,2.25,2.25
2012.01.06 10:24:56.527,1.55004,1.55014,1.50,1.50
2012.01.06 10:24:57.046,1.55004,1.55014,1.50,1.50
2012.01.06 10:25:09.033,1.55006,1.55016,1.50,1.50
2012.01.06 10:25:09.122,1.55006,1.55018,3.75,2.25
2012.01.06 10:25:09.822,1.55005,1.55018,1.50,2.25
2012.01.06 10:25:10.351,1.55006,1.55016,1.50,1.50
2012.01.06 10:25:12.715,1.55006,1.55019,1.50,1.50
2012.01.06 10:25:13.228,1.55006,1.55019,1.50,2.25
2012.01.06 10:25:13.441,1.55006,1.55019,1.50,1.50
2012.01.06 10:25:13.510,1.55006,1.55019,1.50,2.25
2012.01.06 10:25:15.588,1.55006,1.55019,1.50,1.50
2012.01.06 10:25:16.149,1.55006,1.55019,1.50,2.25
2012.01.06 10:25:17.307,1.55006,1.55019,1.50,2.25
2012.01.06 10:25:17.841,1.55006,1.55019,1.50,2.25
2012.01.06 10:25:18.912,1.55008,1.55017,3.00,1.50
2012.01.06 10:25:19.047,1.55008,1.55019,3.00,1.50
2012.01.06 10:25:19.510,1.55008,1.55021,3.00,2.25
2012.01.06 10:25:19.843,1.55006,1.55019,1.50,1.50
2012.01.06 10:25:20.268,1.55006,1.55019,1.50,2.25
2012.01.06 10:25:20.769,1.55003,1.55017,2.25,1.50
2012.01.06 10:25:21.557,1.55005,1.55019,2.25,3.00
2012.01.06 10:25:22.348,1.55005,1.55019,2.25,3.00
2012.01.06 10:25:22.887,1.55008,1.55019,3.00,2.25
2012.01.06 10:25:23.021,1.55003,1.55017,3.75,1.50
2012.01.06 10:25:23.087,1.55003,1.55017,2.25,1.50
2012.01.06 10:25:23.916,1.55003,1.55017,2.25,1.50
2012.01.06 10:25:26.716,1.55005,1.55019,2.25,6.75
2012.01.06 10:25:26.919,1.55003,1.55017,2.25,1.50
2012.01.06 10:25:29.875,1.55003,1.55017,2.25,1.50
2012.01.06 10:25:29.946,1.55005,1.55019,2.25,6.39
2012.01.06 10:25:30.583,1.55005,1.55019,2.25,4.89
2012.01.06 10:25:30.789,1.55005,1.55017,3.00,1.50
2012.01.06 10:25:31.060,1.55005,1.55019,4.50,3.00
2012.01.06 10:25:32.138,1.55007,1.5502,2.25,1.05
2012.01.06 10:25:32.860,1.55007,1.55021,2.25,3.75
2012.01.06 10:25:33.402,1.55007,1.5502,2.25,1.05
2012.01.06 10:25:33.642,1.55009,1.55022,2.25,1.13
2012.01.06 10:25:33.994,1.55013,1.55022,2.25,1.88
2012.01.06 10:25:34.073,1.55009,1.55022,2.25,1.13
2012.01.06 10:25:34.610,1.55009,1.55023,2.25,2.78
2012.01.06 10:25:34.751,1.55008,1.55021,3.75,1.50
2012.01.06 10:25:35.957,1.55009,1.55021,3.00,1.50
2012.01.06 10:25:36.035,1.55009,1.55023,4.50,1.50
2012.01.06 10:25:36.678,1.55009,1.55023,4.50,1.50
2012.01.06 10:25:36.824,1.55011,1.55025,2.25,4.13
2012.01.06 10:25:37.366,1.55012,1.55025,3.00,2.63
2012.01.06 10:25:37.896,1.55012,1.55025,3.00,2.63
2012.01.06 10:25:38.982,1.55012,1.55025,3.00,2.63
2012.01.06 10:25:39.128,1.55011,1.55025,1.50,4.88
2012.01.06 10:25:39.417,1.55008,1.55021,3.00,2.25
2012.01.06 10:25:41.009,1.55006,1.55017,1.50,1.50
2012.01.06 10:25:41.499,1.55006,1.55019,1.50,1.50
2012.01.06 10:25:42.055,1.55005,1.55019,4.50,1.50
2012.01.06 10:25:42.201,1.55007,1.55021,2.25,2.25
2012.01.06 10:25:47.493,1.55007,1.55021,2.25,2.25
2012.01.06 10:25:49.149,1.55007,1.55021,2.25,2.25
2012.01.06 10:25:50.737,1.55007,1.55021,2.25,2.25
2012.01.06 10:25:51.780,1.55008,1.55021,3.00,1.50
2012.01.06 10:25:52.117,1.55008,1.55019,3.00,1.50
2012.01.06 10:25:54.219,1.55008,1.55019,3.00,1.50
2012.01.06 10:25:54.804,1.55008,1.55019,3.00,1.50
2012.01.06 10:25:55.326,1.55008,1.55019,3.00,1.50
2012.01.06 10:25:56.598,1.55007,1.55019,1.88,1.50
2012.01.06 10:25:56.858,1.55008,1.55019,3.00,1.50
2012.01.06 10:25:57.050,1.55008,1.55021,3.00,2.25
2012.01.06 10:26:02.311,1.55009,1.55023,2.25,2.25
2012.01.06 10:26:02.979,1.55009,1.55023,2.25,2.25
2012.01.06 10:26:17.530,1.55011,1.55025,4.50,3.75
2012.01.06 10:26:18.398,1.55012,1.55025,3.00,3.00
2012.01.06 10:26:20.280,1.55012,1.55025,3.00,3.00
2012.01.06 10:26:24.071,1.55014,1.55025,3.00,3.00
2012.01.06 10:26:24.626,1.55014,1.55025,3.00,3.00
2012.01.06 10:26:26.235,1.55014,1.55025,3.00,2.25
2012.01.06 10:26:31.750,1.55014,1.55025,3.00,2.25
2012.01.06 10:26:32.759,1.55018,1.55027,2.25,1.50
2012.01.06 10:26:33.668,1.5502,1.55031,1.50,2.33
2012.01.06 10:26:33.747,1.55022,1.55032,2.25,4.21
2012.01.06 10:26:33.965,1.55024,1.55033,1.50,1.13
2012.01.06 10:26:34.114,1.55026,1.55036,1.50,1.58
2012.01.06 10:26:34.193,1.5503,1.55037,1.50,2.33
2012.01.06 10:26:34.764,1.55029,1.55042,1.50,1.50
2012.01.06 10:26:35.111,1.5503,1.55044,3.75,2.25
2012.01.06 10:26:35.450,1.5503,1.55043,2.25,2.25
2012.01.06 10:26:35.800,1.55027,1.55041,2.25,2.25
2012.01.06 10:26:36.149,1.55026,1.55038,1.50,1.50
2012.01.06 10:26:36.809,1.55025,1.55035,1.50,1.50
2012.01.06 10:26:37.018,1.55025,1.55037,1.50,3.75
2012.01.06 10:26:37.538,1.55026,1.55039,2.25,1.50
2012.01.06 10:26:38.100,1.55026,1.5504,2.25,2.25
2012.01.06 10:26:38.438,1.55025,1.55038,1.50,1.50
2012.01.06 10:26:39.235,1.55028,1.55042,2.25,2.25
2012.01.06 10:26:39.776,1.55026,1.5504,2.25,1.50
2012.01.06 10:26:40.357,1.55026,1.5504,2.25,2.25
2012.01.06 10:26:43.398,1.55026,1.5504,3.00,1.50
2012.01.06 10:26:45.586,1.55028,1.55042,2.25,2.25
2012.01.06 10:26:48.387,1.55026,1.5504,3.00,1.50
2012.01.06 10:26:57.466,1.55026,1.5504,3.00,2.25
2012.01.06 10:26:59.035,1.55026,1.5504,3.00,1.50
2012.01.06 10:26:59.538,1.55028,1.55042,2.25,2.25
2012.01.06 10:27:01.043,1.55028,1.55042,2.25,2.25
2012.01.06 10:27:01.406,1.5503,1.55043,2.25,1.50
2012.01.06 10:27:01.961,1.55032,1.55043,2.25,1.50
2012.01.06 10:27:02.828,1.55034,1.55043,2.25,1.50
2012.01.06 10:27:03.383,1.55032,1.55043,2.25,1.50
2012.01.06 10:27:04.248,1.55032,1.55043,2.25,1.50
2012.01.06 10:27:05.406,1.55034,1.55043,1.50,1.50
2012.01.06 10:27:05.753,1.55042,1.55049,2.22,2.25
2012.01.06 10:27:06.046,1.55048,1.55058,3.00,1.50
2012.01.06 10:27:06.119,1.55048,1.5506,3.00,2.25
2012.01.06 10:27:06.677,1.55048,1.5506,3.00,1.50
2012.01.06 10:27:07.212,1.55042,1.55053,1.50,1.50
2012.01.06 10:27:07.479,1.55039,1.55053,4.09,2.25
2012.01.06 10:27:08.019,1.55039,1.55053,4.09,1.50
2012.01.06 10:27:08.799,1.55039,1.55053,4.09,2.25
2012.01.06 10:27:10.218,1.55039,1.55053,3.34,2.25
2012.01.06 10:27:10.736,1.55039,1.55053,2.59,2.25
2012.01.06 10:27:11.509,1.55039,1.55052,1.50,1.14
2012.01.06 10:27:11.652,1.55037,1.55051,2.25,2.25
2012.01.06 10:27:11.731,1.55036,1.55047,1.50,1.50
2012.01.06 10:27:12.082,1.55034,1.55044,1.50,1.14
2012.01.06 10:27:12.750,1.55031,1.5504,1.50,3.00
2012.01.06 10:27:12.837,1.55025,1.55039,2.25,2.25
2012.01.06 10:27:12.913,1.55023,1.55036,2.25,2.25
2012.01.06 10:27:12.997,1.55022,1.55033,1.50,1.50
2012.01.06 10:27:13.144,1.55019,1.55033,3.75,2.25
2012.01.06 10:27:13.294,1.55017,1.55029,2.25,1.14
2012.01.06 10:27:13.582,1.55015,1.55027,1.13,2.64
2012.01.06 10:27:14.396,1.55015,1.55027,3.00,1.14
2012.01.06 10:27:14.877,1.55016,1.55029,1.50,2.64
2012.01.06 10:27:15.398,1.55015,1.55029,3.00,2.64
2012.01.06 10:27:15.756,1.55014,1.55027,2.29,2.64
2012.01.06 10:27:16.300,1.55014,1.55027,3.04,2.64
2012.01.06 10:27:16.905,1.55015,1.55027,1.50,2.64
2012.01.06 10:27:25.550,1.55016,1.55029,1.50,2.64
2012.01.06 10:27:27.378,1.55015,1.55029,3.34,2.64
2012.01.06 10:27:30.979,1.55016,1.55029,1.50,1.89
2012.01.06 10:27:31.237,1.55017,1.5503,4.50,1.14
2012.01.06 10:27:31.754,1.55017,1.55031,4.50,3.02
2012.01.06 10:27:33.736,1.55017,1.55031,4.50,3.77
2012.01.06 10:27:36.108,1.55017,1.5503,4.50,1.14
2012.01.06 10:27:37.862,1.55017,1.55029,4.50,1.14
2012.01.06 10:27:38.921,1.55016,1.55028,1.50,1.14
2012.01.06 10:27:39.439,1.55015,1.55026,1.50,1.50
2012.01.06 10:27:41.848,1.55018,1.55026,1.50,1.50
2012.01.06 10:27:42.453,1.55021,1.55031,1.47,1.50
2012.01.06 10:27:42.532,1.55021,1.55035,3.38,2.64
2012.01.06 10:27:42.607,1.55021,1.55032,1.88,1.50
2012.01.06 10:27:42.810,1.55021,1.55034,1.88,3.00
2012.01.06 10:27:48.376,1.55023,1.55037,2.25,2.64
2012.01.06 10:27:49.630,1.55022,1.55035,1.13,1.50
2012.01.06 10:27:49.916,1.55021,1.55035,3.04,2.25
2012.01.06 10:27:50.475,1.55018,1.55032,2.29,1.50
2012.01.06 10:27:51.027,1.5502,1.55033,2.25,1.14
2012.01.06 10:27:51.504,1.55016,1.55029,3.00,2.25
2012.01.06 10:27:51.796,1.55004,1.55017,2.25,1.50
2012.01.06 10:27:51.874,1.55005,1.55016,1.50,1.52
2012.01.06 10:27:52.510,1.55007,1.55016,1.50,2.26
2012.01.06 10:27:52.852,1.55009,1.55016,1.50,2.64
2012.01.06 10:27:53.273,1.55007,1.55014,1.50,1.14
2012.01.06 10:27:53.355,1.55002,1.55012,1.50,1.51
2012.01.06 10:27:53.500,1.55002,1.55012,1.50,2.26
2012.01.06 10:27:54.190,1.55004,1.55012,1.50,1.88
2012.01.06 10:27:56.044,1.55002,1.5501,1.50,1.51
2012.01.06 10:27:56.604,1.55,1.5501,2.25,1.13
2012.01.06 10:27:56.679,1.55,1.5501,2.25,1.51
2012.01.06 10:27:57.668,1.55,1.55012,2.25,2.64
2012.01.06 10:28:02.136,1.55002,1.55012,1.50,2.64
2012.01.06 10:28:05.528,1.55004,1.55012,1.50,1.52
2012.01.06 10:28:05.896,1.55007,1.55018,2.25,1.13
2012.01.06 10:28:06.114,1.5501,1.55019,3.00,1.13
2012.01.06 10:28:06.709,1.5501,1.55021,3.00,1.13
2012.01.06 10:28:07.121,1.5501,1.55023,3.00,1.88
2012.01.06 10:28:07.192,1.55013,1.55023,3.00,1.50
2012.01.06 10:28:07.711,1.55013,1.55026,4.50,3.02
2012.01.06 10:28:08.060,1.55015,1.55026,1.50,3.02
2012.01.06 10:28:16.021,1.55015,1.55027,2.25,1.14
2012.01.06 10:28:16.612,1.55024,1.55031,2.25,2.25
2012.01.06 10:28:16.769,1.55026,1.55034,2.25,3.00
2012.01.06 10:28:17.055,1.55028,1.55036,1.50,1.50
2012.01.06 10:28:18.217,1.55028,1.55036,2.25,1.50
2012.01.06 10:28:18.293,1.55028,1.55039,2.25,2.25
2012.01.06 10:28:19.030,1.55028,1.55039,2.25,2.25
2012.01.06 10:28:19.769,1.55028,1.55039,2.25,2.25
2012.01.06 10:28:20.282,1.55028,1.55039,2.25,2.25
2012.01.06 10:28:21.307,1.55026,1.55039,2.25,3.00
2012.01.06 10:28:23.019,1.55026,1.55039,2.25,3.00
2012.01.06 10:28:23.529,1.55026,1.55039,2.25,3.00
2012.01.06 10:28:24.117,1.55026,1.55039,2.25,3.00
2012.01.06 10:28:24.333,1.5503,1.55043,1.50,1.14
2012.01.06 10:28:24.759,1.55028,1.5504,2.25,1.50
2012.01.06 10:28:24.831,1.5503,1.55039,1.50,3.39
2012.01.06 10:28:25.103,1.55025,1.55036,1.50,1.14
2012.01.06 10:28:25.378,1.55027,1.55037,1.50,1.52
2012.01.06 10:28:25.709,1.55025,1.55036,3.00,1.52
2012.01.06 10:28:29.383,1.55025,1.55036,1.50,1.52
2012.01.06 10:28:34.888,1.55023,1.55036,3.75,1.52
2012.01.06 10:28:40.498,1.55023,1.55036,2.25,1.52
2012.01.06 10:28:42.115,1.55023,1.55036,2.25,1.52
2012.01.06 10:28:42.626,1.55025,1.55036,1.50,1.52
2012.01.06 10:28:46.066,1.55025,1.55038,1.50,1.14
2012.01.06 10:28:46.136,1.55027,1.55038,1.50,1.14
2012.01.06 10:28:46.596,1.55024,1.55038,2.25,2.64
2012.01.06 10:28:47.151,1.55024,1.55038,1.50,2.64
2012.01.06 10:28:47.942,1.55024,1.55038,2.25,1.89
2012.01.06 10:28:48.547,1.55029,1.5504,2.25,1.50
2012.01.06 10:28:48.899,1.5503,1.55044,2.25,2.63
2012.01.06 10:28:49.261,1.55034,1.55046,2.25,2.25
2012.01.06 10:28:50.209,1.55038,1.55046,1.50,2.25
2012.01.06 10:28:50.298,1.55036,1.55046,1.50,1.50
2012.01.06 10:28:50.388,1.55036,1.55046,2.25,1.50
2012.01.06 10:28:50.886,1.55036,1.55049,2.25,2.25
2012.01.06 10:28:52.798,1.55036,1.55049,1.50,3.38
2012.01.06 10:28:53.294,1.55036,1.55047,1.50,1.14
2012.01.06 10:28:53.499,1.55034,1.55047,2.25,1.14
2012.01.06 10:28:54.021,1.55034,1.55046,2.25,1.52
2012.01.06 10:28:54.529,1.55032,1.55045,2.25,1.14
2012.01.06 10:28:55.142,1.55032,1.55046,2.25,3.02
2012.01.06 10:28:55.696,1.55032,1.55045,2.25,1.14
2012.01.06 10:28:56.469,1.55032,1.55045,2.25,1.14
2012.01.06 10:28:57.009,1.55032,1.55045,2.25,1.14
2012.01.06 10:28:59.077,1.55034,1.55045,1.50,1.14
2012.01.06 10:29:01.927,1.55032,1.55046,2.25,2.25
2012.01.06 10:29:04.288,1.55036,1.55047,1.50,1.14
2012.01.06 10:29:04.930,1.55034,1.55047,3.75,1.14
2012.01.06 10:29:06.987,1.55034,1.55047,2.25,1.14
2012.01.06 10:29:07.546,1.55034,1.55047,2.25,1.14
2012.01.06 10:29:09.022,1.55036,1.55047,2.25,1.14
2012.01.06 10:29:09.158,1.55037,1.55049,3.00,1.13
2012.01.06 10:29:09.362,1.55036,1.55049,1.50,3.38
2012.01.06 10:29:10.064,1.55036,1.55049,2.25,3.76
2012.01.06 10:29:10.461,1.55034,1.55048,2.25,2.25
2012.01.06 10:29:10.999,1.55036,1.55049,2.25,3.38
2012.01.06 10:29:11.339,1.55036,1.55049,1.50,3.76
2012.01.06 10:29:11.411,1.55034,1.55048,3.00,2.25
2012.01.06 10:29:12.590,1.55032,1.55046,3.75,2.25
2012.01.06 10:29:13.481,1.55031,1.55044,1.50,2.25
2012.01.06 10:29:14.147,1.55031,1.55044,1.50,2.25
2012.01.06 10:29:17.751,1.5503,1.55044,5.25,1.50
2012.01.06 10:29:18.269,1.5503,1.55044,5.25,2.25
2012.01.06 10:29:18.478,1.5503,1.55042,3.75,1.50
2012.01.06 10:29:18.618,1.55033,1.55045,2.25,1.14
2012.01.06 10:29:19.199,1.55033,1.55046,2.25,1.52
2012.01.06 10:29:19.589,1.55033,1.55047,2.25,3.39
2012.01.06 10:29:22.277,1.55033,1.55047,2.25,2.64
2012.01.06 10:29:23.058,1.5503,1.55044,5.25,1.50
2012.01.06 10:29:26.568,1.5503,1.55044,5.25,2.25
2012.01.06 10:29:27.256,1.5503,1.55044,3.00,1.50
2012.01.06 10:29:28.562,1.55032,1.55046,2.25,2.25
2012.01.06 10:29:31.883,1.55031,1.55044,1.54,1.50
2012.01.06 10:29:32.469,1.55032,1.55046,2.25,2.25
2012.01.06 10:29:33.936,1.55033,1.55046,1.50,2.25
2012.01.06 10:29:34.272,1.55038,1.55048,1.50,1.14
2012.01.06 10:29:34.798,1.55038,1.55049,2.25,3.00
2012.01.06 10:29:35.392,1.55034,1.55046,2.25,1.50
2012.01.06 10:29:35.659,1.55035,1.55049,2.25,4.50
2012.01.06 10:29:36.186,1.55035,1.55049,2.25,4.50
2012.01.06 10:29:36.757,1.55035,1.55049,2.25,5.25
2012.01.06 10:29:37.316,1.55035,1.55049,2.25,4.50
2012.01.06 10:29:37.841,1.55035,1.55049,2.25,4.50
2012.01.06 10:29:38.958,1.55037,1.55049,2.25,3.00
2012.01.06 10:29:39.619,1.55035,1.55049,2.25,4.50
2012.01.06 10:29:40.167,1.55037,1.55049,2.25,3.00
2012.01.06 10:29:40.698,1.55035,1.55049,2.25,4.50
2012.01.06 10:29:41.310,1.55035,1.55049,2.25,4.50
2012.01.06 10:29:41.866,1.55035,1.55049,2.25,4.50
2012.01.06 10:29:42.642,1.55037,1.55049,2.25,2.25
2012.01.06 10:29:42.998,1.55039,1.55053,2.25,3.75
2012.01.06 10:29:43.142,1.55039,1.55052,2.25,1.50
2012.01.06 10:29:43.214,1.55039,1.55049,2.25,3.00
2012.01.06 10:29:43.736,1.55039,1.55049,4.50,2.25
2012.01.06 10:29:43.813,1.55039,1.55049,4.50,3.00
2012.01.06 10:29:44.101,1.55039,1.55051,1.50,1.50
2012.01.06 10:29:44.309,1.55036,1.55049,1.50,1.50
2012.01.06 10:29:44.510,1.55037,1.55051,2.25,3.00
2012.01.06 10:29:44.719,1.55036,1.55048,2.25,1.50
2012.01.06 10:29:44.793,1.55036,1.5505,3.75,3.00
2012.01.06 10:29:44.999,1.55039,1.55052,2.25,2.25
2012.01.06 10:29:45.907,1.55035,1.55049,6.00,1.50
2012.01.06 10:29:46.203,1.55036,1.55049,2.25,4.14
2012.01.06 10:29:46.421,1.55036,1.55049,1.50,3.39
2012.01.06 10:29:46.829,1.55034,1.55048,3.75,2.25
2012.01.06 10:29:47.230,1.55036,1.55049,1.50,3.39
2012.01.06 10:29:47.630,1.55034,1.55048,3.75,3.75
2012.01.06 10:29:49.090,1.55036,1.55048,1.50,1.50
2012.01.06 10:29:50.469,1.55034,1.55048,3.00,3.00
2012.01.06 10:29:52.731,1.55036,1.55048,2.25,1.50
2012.01.06 10:29:54.063,1.55036,1.55048,2.25,1.50
2012.01.06 10:29:55.689,1.55034,1.55048,3.00,3.75
2012.01.06 10:29:56.257,1.55034,1.55048,2.25,3.75
2012.01.06 10:29:57.481,1.55034,1.55044,1.50,1.14
2012.01.06 10:29:57.555,1.55032,1.55044,1.50,1.14
2012.01.06 10:29:57.630,1.55029,1.55041,2.25,1.50
2012.01.06 10:29:58.164,1.55029,1.55039,1.50,1.50
2012.01.06 10:29:58.247,1.55031,1.55044,2.25,1.14
2012.01.06 10:30:00.079,1.55031,1.55045,2.25,3.39
2012.01.06 10:30:02.298,1.55033,1.55046,2.25,1.52
2012.01.06 10:30:07.157,1.55031,1.55045,2.25,2.64
2012.01.06 10:30:07.583,1.55031,1.55045,2.25,2.64
2012.01.06 10:30:07.801,1.55031,1.55042,1.50,1.14
2012.01.06 10:30:08.481,1.55031,1.55044,2.25,1.14
2012.01.06 10:30:08.835,1.55029,1.55042,2.25,1.14
2012.01.06 10:30:09.538,1.55027,1.55041,6.00,3.02
2012.01.06 10:30:11.979,1.55027,1.55041,4.50,3.77
2012.01.06 10:30:12.528,1.55028,1.55038,1.50,1.14
2012.01.06 10:30:12.598,1.55026,1.55038,3.75,1.14
2012.01.06 10:30:12.733,1.55026,1.55039,3.75,2.64
2012.01.06 10:30:13.772,1.55025,1.55038,1.50,2.64
2012.01.06 10:30:15.197,1.55025,1.55038,1.50,1.89
2012.01.06 10:30:15.667,1.55026,1.55038,3.00,1.14
2012.01.06 10:30:15.809,1.55025,1.55037,1.50,2.64
2012.01.06 10:30:16.081,1.55026,1.55039,2.25,3.63
2012.01.06 10:30:16.154,1.55028,1.5504,2.25,5.14
2012.01.06 10:30:16.946,1.5503,1.5504,1.50,2.63
2012.01.06 10:30:18.457,1.55033,1.5504,1.50,2.25
2012.01.06 10:30:19.028,1.55028,1.5504,3.00,2.25
2012.01.06 10:30:19.378,1.55031,1.5504,1.50,2.25
2012.01.06 10:30:20.268,1.55031,1.55041,1.50,4.50
2012.01.06 10:30:20.820,1.55031,1.5504,1.50,2.25
2012.01.06 10:30:22.537,1.55029,1.5504,2.25,2.25
2012.01.06 10:30:22.668,1.55032,1.5504,1.50,3.00
2012.01.06 10:30:22.987,1.55026,1.5504,2.25,4.50
2012.01.06 10:30:23.117,1.55026,1.5504,2.25,3.75
2012.01.06 10:30:23.676,1.55028,1.5504,2.25,2.25
2012.01.06 10:30:25.238,1.5503,1.5504,1.50,2.25
2012.01.06 10:30:25.509,1.55028,1.5504,3.75,3.75
2012.01.06 10:30:25.710,1.55032,1.5504,1.50,3.00
2012.01.06 10:30:25.960,1.5503,1.5504,1.50,3.00
2012.01.06 10:30:26.517,1.55029,1.5504,2.25,3.00
2012.01.06 10:30:27.941,1.55029,1.5504,2.25,3.00
2012.01.06 10:30:28.084,1.55032,1.5504,1.50,3.00
2012.01.06 10:30:28.511,1.55027,1.5504,2.25,2.25
2012.01.06 10:30:29.100,1.55027,1.55041,2.25,5.25
2012.01.06 10:30:29.618,1.5503,1.5504,2.25,2.25
2012.01.06 10:30:29.820,1.5503,1.5504,2.25,2.25
2012.01.06 10:30:30.358,1.55032,1.55044,2.25,2.14
2012.01.06 10:30:30.526,1.55032,1.55044,2.25,3.00
2012.01.06 10:30:30.674,1.55032,1.55044,2.25,2.25
2012.01.06 10:30:30.889,1.55032,1.55045,2.25,2.25
2012.01.06 10:30:31.230,1.55032,1.55045,2.25,3.00
2012.01.06 10:30:31.759,1.55032,1.55045,2.25,2.25
2012.01.06 10:30:32.700,1.55032,1.55044,2.25,2.25
2012.01.06 10:30:32.967,1.55032,1.55044,2.25,3.00
2012.01.06 10:30:33.633,1.55032,1.55044,2.25,3.00
2012.01.06 10:30:34.335,1.55032,1.55045,2.25,3.75
2012.01.06 10:30:34.621,1.55032,1.55043,2.25,2.25
2012.01.06 10:30:35.040,1.55032,1.55045,2.25,3.00
2012.01.06 10:30:35.597,1.55032,1.55045,2.25,2.25
2012.01.06 10:30:37.551,1.55032,1.55044,2.25,3.00
2012.01.06 10:30:38.098,1.55032,1.55043,2.25,3.00
2012.01.06 10:30:38.380,1.55032,1.55043,2.25,2.25
2012.01.06 10:30:38.465,1.55034,1.55048,2.25,4.88
2012.01.06 10:30:38.612,1.55034,1.55047,2.25,2.51
2012.01.06 10:30:39.169,1.55036,1.55045,1.50,1.50
2012.01.06 10:30:39.659,1.55036,1.55045,1.50,1.50
2012.01.06 10:30:39.731,1.55032,1.55045,2.25,1.50
2012.01.06 10:30:40.059,1.55034,1.55046,1.50,2.25
2012.01.06 10:30:43.545,1.55034,1.55047,2.25,1.76
2012.01.06 10:30:44.402,1.55036,1.55048,2.25,1.50
2012.01.06 10:30:44.476,1.55038,1.55048,1.50,1.50
2012.01.06 10:30:45.322,1.55038,1.5505,1.50,3.00
2012.01.06 10:30:46.157,1.55036,1.55049,3.75,1.09
2012.01.06 10:30:46.564,1.55036,1.5505,2.25,4.09
2012.01.06 10:30:46.853,1.5504,1.55051,1.50,1.50
2012.01.06 10:30:47.379,1.5504,1.55053,2.25,4.88
2012.01.06 10:30:49.618,1.55041,1.55053,3.00,1.88
2012.01.06 10:30:50.254,1.55041,1.55053,3.00,2.63
2012.01.06 10:30:51.741,1.55041,1.55053,3.00,1.88
2012.01.06 10:30:52.487,1.55041,1.55053,3.00,2.63
2012.01.06 10:30:52.935,1.55041,1.55052,3.00,2.25
2012.01.06 10:30:53.141,1.55038,1.55051,2.25,3.00
2012.01.06 10:30:53.271,1.55041,1.55053,2.25,3.75
2012.01.06 10:30:53.690,1.55043,1.55053,1.50,3.00
2012.01.06 10:30:54.471,1.55041,1.55053,3.75,3.00
2012.01.06 10:30:54.681,1.55043,1.55053,1.50,3.00
2012.01.06 10:30:56.259,1.55042,1.55053,1.50,3.00
2012.01.06 10:30:58.113,1.55042,1.55053,1.50,3.00
2012.01.06 10:30:58.270,1.55039,1.55053,2.25,4.50
2012.01.06 10:30:58.809,1.55039,1.55053,2.25,4.50
2012.01.06 10:31:00.784,1.55042,1.55053,1.50,3.39
2012.01.06 10:31:01.347,1.55042,1.55053,1.50,3.39
2012.01.06 10:31:02.301,1.55042,1.55053,2.25,2.25
2012.01.06 10:31:03.879,1.5504,1.55053,2.25,4.50
2012.01.06 10:31:04.567,1.55039,1.55053,2.25,4.50
2012.01.06 10:31:06.185,1.55037,1.55051,4.50,1.50
2012.01.06 10:31:06.535,1.55037,1.55049,3.00,1.50
2012.01.06 10:31:06.727,1.55038,1.55052,2.25,2.25
2012.01.06 10:31:07.245,1.55038,1.55052,2.25,2.25
2012.01.06 10:31:07.807,1.55038,1.55052,2.25,2.25
2012.01.06 10:31:08.300,1.55042,1.55053,1.50,3.00
2012.01.06 10:31:08.648,1.55043,1.55053,1.50,3.00
2012.01.06 10:31:08.906,1.55041,1.55053,2.25,3.00
2012.01.06 10:31:10.317,1.55041,1.55053,2.25,2.25
2012.01.06 10:31:10.827,1.55041,1.55053,2.25,3.00
2012.01.06 10:31:11.390,1.55041,1.55053,2.25,2.25
2012.01.06 10:31:11.909,1.55039,1.55053,2.25,4.50
2012.01.06 10:31:12.468,1.55042,1.55053,1.50,3.00
2012.01.06 10:31:13.953,1.55042,1.55054,1.50,3.39
2012.01.06 10:31:14.466,1.55042,1.55053,1.50,3.00
2012.01.06 10:31:17.470,1.55042,1.55053,1.50,3.00
2012.01.06 10:31:18.274,1.55042,1.55053,1.50,3.00
2012.01.06 10:31:18.796,1.55042,1.55053,1.50,3.00
2012.01.06 10:31:22.618,1.55042,1.55053,1.50,3.00
2012.01.06 10:31:23.310,1.55042,1.55052,1.50,2.25
2012.01.06 10:31:24.090,1.55039,1.55052,4.50,2.25
2012.01.06 10:31:24.188,1.55044,1.55054,1.50,1.50
2012.01.06 10:31:24.545,1.55047,1.55056,3.00,2.25
2012.01.06 10:31:24.622,1.55047,1.55056,3.00,2.25
2012.01.06 10:31:24.692,1.55052,1.55058,1.50,3.00
2012.01.06 10:31:24.770,1.55052,1.55058,1.50,3.00
2012.01.06 10:31:24.985,1.5505,1.5506,1.50,1.50
2012.01.06 10:31:25.709,1.55048,1.5506,2.25,2.25
2012.01.06 10:31:25.789,1.55046,1.5506,2.25,5.25
2012.01.06 10:31:27.090,1.55046,1.5506,2.25,5.25
2012.01.06 10:31:27.419,1.55048,1.55058,2.25,1.50
2012.01.06 10:31:27.951,1.55046,1.55058,2.25,1.50
2012.01.06 10:31:28.856,1.55048,1.55058,2.25,1.50
2012.01.06 10:31:29.247,1.55048,1.55059,2.25,1.50
2012.01.06 10:31:29.879,1.55046,1.55058,2.25,1.50
2012.01.06 10:31:30.441,1.55046,1.55058,2.25,1.50
2012.01.06 10:31:31.305,1.55044,1.55054,2.25,1.50
2012.01.06 10:31:31.384,1.55042,1.55053,2.25,1.51
2012.01.06 10:31:31.602,1.55041,1.55052,3.00,1.50
2012.01.06 10:31:32.607,1.55041,1.5505,2.25,1.50
2012.01.06 10:31:32.809,1.55037,1.5505,4.50,1.50
2012.01.06 10:31:33.293,1.55037,1.55051,4.50,3.00
2012.01.06 10:31:33.989,1.5504,1.55051,1.50,1.50
2012.01.06 10:31:34.858,1.5504,1.55051,1.50,2.25
2012.01.06 10:31:39.457,1.5504,1.55051,1.50,2.25
2012.01.06 10:31:41.839,1.5504,1.55051,1.50,1.50
2012.01.06 10:31:42.346,1.55038,1.55051,2.25,2.25
2012.01.06 10:31:43.158,1.55037,1.5505,3.00,3.00
2012.01.06 10:31:44.521,1.55038,1.5505,2.25,3.75
2012.01.06 10:31:45.145,1.55038,1.5505,2.25,4.50
2012.01.06 10:31:46.368,1.55038,1.5505,2.25,3.75
2012.01.06 10:31:47.307,1.55038,1.5505,2.25,4.50
2012.01.06 10:31:47.829,1.55038,1.5505,2.25,3.75
2012.01.06 10:31:48.447,1.55038,1.5505,2.25,4.50
2012.01.06 10:31:48.976,1.55038,1.5505,2.25,3.75
2012.01.06 10:31:50.516,1.55038,1.5505,2.25,3.75
2012.01.06 10:31:51.071,1.55038,1.55044,1.50,1.13
2012.01.06 10:31:51.153,1.55034,1.55044,1.50,2.63
2012.01.06 10:31:51.233,1.5503,1.55043,2.25,2.25
2012.01.06 10:31:51.313,1.5503,1.55042,2.25,1.50
2012.01.06 10:31:51.465,1.55028,1.55041,3.75,4.50
2012.01.06 10:31:51.970,1.55027,1.55041,2.25,4.50
2012.01.06 10:31:52.248,1.55027,1.55039,2.25,1.50
2012.01.06 10:31:52.318,1.55027,1.55041,2.25,6.00
2012.01.06 10:31:53.408,1.55027,1.5504,3.75,3.75
2012.01.06 10:31:53.927,1.55027,1.55039,2.25,1.50
2012.01.06 10:31:54.430,1.55025,1.55039,2.25,3.00
2012.01.06 10:31:54.958,1.55027,1.55039,1.50,1.50
2012.01.06 10:31:55.477,1.55025,1.55039,3.75,3.00
2012.01.06 10:31:56.017,1.55025,1.55037,2.25,1.50
2012.01.06 10:31:59.035,1.55021,1.55035,4.50,1.50
2012.01.06 10:31:59.577,1.55024,1.55037,2.25,1.50
2012.01.06 10:32:08.109,1.55026,1.55037,1.50,1.50
2012.01.06 10:32:08.625,1.55024,1.55037,2.25,1.50
2012.01.06 10:32:09.660,1.55024,1.55036,1.50,1.50
2012.01.06 10:32:10.214,1.55024,1.55032,1.50,1.50
2012.01.06 10:32:10.290,1.55021,1.55032,1.50,2.25
2012.01.06 10:32:11.926,1.55023,1.55032,1.50,1.50
2012.01.06 10:32:12.138,1.55021,1.55032,3.00,1.50
2012.01.06 10:32:13.954,1.55019,1.55031,2.25,3.00
2012.01.06 10:32:14.028,1.55017,1.55031,5.63,3.00
2012.01.06 10:32:15.088,1.55017,1.5503,4.50,2.25
2012.01.06 10:32:15.419,1.55017,1.55027,3.00,2.25
2012.01.06 10:32:15.962,1.55019,1.55031,2.25,3.00
2012.01.06 10:32:16.478,1.55019,1.55031,2.25,2.25
2012.01.06 10:32:19.472,1.55021,1.55031,3.00,1.50
2012.01.06 10:32:19.969,1.55019,1.55031,2.25,1.50
2012.01.06 10:32:21.156,1.55019,1.55031,2.25,1.50
2012.01.06 10:32:21.699,1.55019,1.55031,2.25,2.59
2012.01.06 10:32:22.314,1.55018,1.55029,3.00,2.13
2012.01.06 10:32:22.639,1.55018,1.55025,3.00,1.50
2012.01.06 10:32:22.838,1.55013,1.55023,1.50,1.50
2012.01.06 10:32:22.982,1.55011,1.55021,2.25,1.50
2012.01.06 10:32:23.119,1.5501,1.55021,3.00,3.00
2012.01.06 10:32:23.626,1.5501,1.55021,3.00,3.00
2012.01.06 10:32:24.667,1.5501,1.55021,3.00,3.34
2012.01.06 10:32:24.858,1.5501,1.5502,2.25,1.09
2012.01.06 10:32:24.932,1.5501,1.55017,2.25,1.50
2012.01.06 10:32:26.947,1.5501,1.55018,2.25,1.50
2012.01.06 10:32:27.476,1.5501,1.55019,2.25,1.76
2012.01.06 10:32:28.152,1.5501,1.55019,2.25,2.51
2012.01.06 10:32:33.767,1.5501,1.55019,4.50,2.51
2012.01.06 10:32:33.980,1.5501,1.5502,4.50,1.13
2012.01.06 10:32:34.483,1.5501,1.55022,4.50,1.50
2012.01.06 10:32:35.785,1.5501,1.55022,4.50,1.50
2012.01.06 10:32:36.398,1.55009,1.55022,3.00,3.34
2012.01.06 10:32:37.006,1.5501,1.55022,3.00,3.34
2012.01.06 10:32:37.805,1.5501,1.55022,3.00,3.34
2012.01.06 10:32:38.377,1.5501,1.55022,3.00,3.34
2012.01.06 10:32:38.888,1.5501,1.5502,3.00,2.25
2012.01.06 10:32:39.217,1.5501,1.55019,3.00,2.25
2012.01.06 10:32:41.100,1.5501,1.55019,3.00,2.25
2012.01.06 10:32:41.647,1.5501,1.55019,3.00,2.25
2012.01.06 10:32:46.105,1.5501,1.55019,3.00,2.25
2012.01.06 10:32:46.182,1.5501,1.55018,2.25,1.50
2012.01.06 10:32:46.323,1.5501,1.55019,2.25,1.50
2012.01.06 10:32:46.487,1.55013,1.55021,1.50,3.00
2012.01.06 10:32:46.911,1.55013,1.55025,2.25,1.50
2012.01.06 10:32:47.052,1.55013,1.55023,2.25,2.25
2012.01.06 10:32:47.193,1.55016,1.55025,3.00,2.25
2012.01.06 10:32:47.805,1.55015,1.55025,2.25,1.50
2012.01.06 10:32:48.010,1.55013,1.55027,2.25,3.75
2012.01.06 10:32:48.627,1.55013,1.55027,2.25,3.00
2012.01.06 10:32:49.146,1.55013,1.55027,2.25,2.25
2012.01.06 10:32:49.697,1.55013,1.55027,2.25,3.00
2012.01.06 10:32:52.038,1.55013,1.55027,2.25,2.25
2012.01.06 10:32:55.170,1.55015,1.55027,2.25,1.50
2012.01.06 10:32:55.687,1.55015,1.55028,2.25,1.50
2012.01.06 10:32:56.268,1.55015,1.55027,2.25,1.50
2012.01.06 10:32:56.588,1.55015,1.55029,2.25,3.76
2012.01.06 10:32:57.329,1.55015,1.55027,2.25,1.50
2012.01.06 10:32:57.867,1.55015,1.55028,2.25,1.50
2012.01.06 10:32:58.520,1.55015,1.55027,2.25,1.50
2012.01.06 10:32:58.727,1.55013,1.55026,1.50,2.59
2012.01.06 10:32:59.088,1.55007,1.5502,2.25,3.75
2012.01.06 10:32:59.653,1.55005,1.55016,2.25,1.50
2012.01.06 10:33:00.070,1.55007,1.55018,1.50,1.50
2012.01.06 10:33:00.698,1.55007,1.5502,2.25,3.75
2012.01.06 10:33:00.767,1.55007,1.5502,2.25,3.00
2012.01.06 10:33:01.309,1.55007,1.5502,2.25,3.75
2012.01.06 10:33:03.183,1.55005,1.55019,3.75,1.50
2012.01.06 10:33:03.463,1.55005,1.55018,2.25,1.50
2012.01.06 10:33:03.816,1.55005,1.55015,1.50,2.25
2012.01.06 10:33:04.370,1.55001,1.55015,2.25,3.75
2012.01.06 10:33:05.157,1.55001,1.55015,2.25,1.50
2012.01.06 10:33:06.730,1.55004,1.55013,2.25,1.50
2012.01.06 10:33:07.261,1.55001,1.55015,2.25,1.50
2012.01.06 10:33:07.329,1.55,1.55013,3.38,1.50
2012.01.06 10:33:07.589,1.55001,1.55015,2.25,1.50
2012.01.06 10:33:09.020,1.55001,1.55015,2.25,2.97
2012.01.06 10:33:09.299,1.55001,1.55014,2.25,1.88
2012.01.06 10:33:09.882,1.55,1.55013,1.13,2.25
2012.01.06 10:33:10.229,1.54998,1.5501,2.25,2.25
2012.01.06 10:33:10.360,1.54998,1.55012,2.25,1.50
2012.01.06 10:33:10.842,1.55001,1.55012,2.25,1.50
2012.01.06 10:33:11.380,1.55001,1.55013,2.25,2.25
2012.01.06 10:33:11.651,1.55003,1.55013,2.25,2.25
2012.01.06 10:33:14.731,1.55001,1.55013,2.25,2.25
2012.01.06 10:33:15.438,1.55001,1.55013,2.25,3.00
2012.01.06 10:33:15.568,1.55001,1.55009,2.25,1.84
2012.01.06 10:33:15.912,1.54996,1.55004,1.50,3.00
2012.01.06 10:33:16.055,1.54989,1.55003,3.04,1.50
2012.01.06 10:33:16.203,1.54989,1.55001,1.50,1.50
2012.01.06 10:33:16.731,1.54991,1.55003,1.50,1.50
2012.01.06 10:33:23.001,1.54989,1.55003,3.75,3.00
2012.01.06 10:33:25.137,1.54988,1.55,3.00,1.50
2012.01.06 10:33:25.548,1.54987,1.55,3.00,2.25
2012.01.06 10:33:25.764,1.54991,1.54999,2.25,1.50
2012.01.06 10:33:25.985,1.54987,1.54998,2.25,2.25
2012.01.06 10:33:26.344,1.54991,1.55001,2.25,4.01
2012.01.06 10:33:26.945,1.54991,1.55001,2.25,3.63
2012.01.06 10:33:27.203,1.54986,1.55,2.25,1.50
2012.01.06 10:33:27.283,1.54986,1.55,2.25,2.25
2012.01.06 10:33:28.188,1.54988,1.55,1.50,1.50
2012.01.06 10:33:28.697,1.54986,1.55,2.25,3.00
2012.01.06 10:33:31.807,1.54986,1.55,2.25,3.00
2012.01.06 10:33:35.536,1.54986,1.55,3.00,2.25
2012.01.06 10:33:36.096,1.54986,1.55,3.00,2.25
2012.01.06 10:33:37.382,1.54991,1.55,2.25,1.50
2012.01.06 10:33:37.729,1.54991,1.55,3.00,1.50
2012.01.06 10:33:37.868,1.54991,1.55,3.00,1.50
2012.01.06 10:33:39.428,1.54991,1.55,3.00,1.50
2012.01.06 10:33:39.977,1.54991,1.55,3.00,1.50
2012.01.06 10:33:43.965,1.54991,1.55001,3.00,1.89
2012.01.06 10:33:45.498,1.54991,1.55001,3.00,1.89
2012.01.06 10:33:46.322,1.54991,1.55,3.00,1.50
2012.01.06 10:33:46.857,1.54991,1.55001,3.00,2.25
2012.01.06 10:33:48.503,1.54991,1.55002,3.00,2.64
2012.01.06 10:33:48.999,1.54988,1.55001,3.75,3.75
2012.01.06 10:33:49.090,1.54988,1.54999,1.50,1.50
2012.01.06 10:33:50.038,1.54986,1.54999,3.75,2.26
2012.01.06 10:33:51.108,1.54986,1.54998,2.25,1.50
2012.01.06 10:33:51.788,1.54985,1.54996,2.25,3.75
2012.01.06 10:33:52.006,1.54981,1.54993,2.25,3.00
2012.01.06 10:33:52.086,1.54978,1.54992,3.79,1.50
2012.01.06 10:33:52.301,1.54979,1.54992,1.50,2.25
2012.01.06 10:33:52.513,1.54981,1.54994,3.00,3.00
2012.01.06 10:33:53.053,1.54982,1.54995,1.50,1.50
2012.01.06 10:33:53.189,1.54981,1.54986,2.25,1.09
2012.01.06 10:33:53.749,1.54974,1.54985,1.50,3.34
2012.01.06 10:33:54.654,1.54973,1.54985,2.25,2.59
2012.01.06 10:33:55.016,1.54981,1.54987,2.25,2.25
2012.01.06 10:33:55.606,1.54981,1.54993,3.00,4.50
2012.01.06 10:33:55.702,1.54981,1.54993,3.00,2.25
2012.01.06 10:33:55.971,1.54981,1.54993,2.25,2.25
2012.01.06 10:33:56.041,1.54979,1.54993,2.25,2.25
2012.01.06 10:33:56.109,1.54979,1.54993,2.25,2.25
2012.01.06 10:33:56.588,1.54977,1.54991,2.25,1.50
2012.01.06 10:33:56.980,1.54981,1.54994,2.25,2.26
2012.01.06 10:33:57.107,1.54981,1.54994,1.50,2.26
2012.01.06 10:33:57.818,1.54981,1.54994,1.50,1.88
2012.01.06 10:33:57.890,1.54979,1.54993,2.25,2.25
2012.01.06 10:33:58.737,1.54979,1.54993,2.25,2.25
2012.01.06 10:33:59.820,1.54977,1.54991,4.50,2.25
2012.01.06 10:33:59.959,1.54979,1.54988,1.50,1.50
2012.01.06 10:34:00.030,1.54977,1.54988,2.25,1.50
2012.01.06 10:34:00.588,1.54975,1.54988,2.25,1.50
2012.01.06 10:34:00.805,1.54977,1.54988,1.50,1.50
2012.01.06 10:34:01.335,1.54975,1.54985,1.50,1.50
2012.01.06 10:34:01.421,1.54971,1.54985,2.25,3.00
2012.01.06 10:34:01.970,1.54971,1.54985,2.25,2.25
2012.01.06 10:34:02.173,1.54971,1.54975,1.50,3.00
2012.01.06 10:34:02.325,1.54967,1.54975,2.63,2.59
2012.01.06 10:34:02.541,1.54965,1.54975,2.25,2.25
2012.01.06 10:34:02.613,1.54965,1.54979,4.50,2.25
2012.01.06 10:34:02.762,1.54968,1.54981,2.25,3.00
2012.01.06 10:34:03.978,1.5497,1.54982,1.50,1.50
2012.01.06 10:34:04.252,1.54968,1.5498,1.50,1.09
2012.01.06 10:34:04.578,1.54968,1.54976,1.50,1.50
2012.01.06 10:34:05.111,1.54969,1.5498,1.50,4.51
2012.01.06 10:34:05.255,1.54969,1.5498,2.25,1.13
2012.01.06 10:34:05.990,1.54969,1.5498,1.50,1.88
2012.01.06 10:34:06.398,1.54969,1.54982,2.25,1.50
2012.01.06 10:34:06.472,1.54971,1.54982,1.50,1.50
2012.01.06 10:34:06.828,1.54973,1.54983,1.50,2.25
2012.01.06 10:34:07.360,1.54973,1.54983,1.50,1.50
2012.01.06 10:34:07.917,1.54973,1.54983,1.50,1.50
2012.01.06 10:34:08.252,1.54973,1.54985,1.50,1.50
2012.01.06 10:34:09.386,1.54971,1.54984,2.25,1.50
2012.01.06 10:34:10.458,1.54971,1.54985,2.25,2.25
2012.01.06 10:34:10.739,1.54975,1.54986,2.25,1.50
2012.01.06 10:34:11.021,1.54978,1.54987,1.50,2.25
2012.01.06 10:34:11.641,1.54974,1.54986,2.25,1.50
2012.01.06 10:34:12.184,1.54976,1.54986,1.50,2.25
2012.01.06 10:34:15.483,1.54976,1.54987,2.25,2.25
2012.01.06 10:34:17.059,1.54976,1.54987,2.25,1.50
2012.01.06 10:34:18.897,1.54976,1.54986,1.50,2.25
2012.01.06 10:34:18.970,1.54976,1.54984,1.50,4.50
2012.01.06 10:34:20.194,1.54972,1.54984,2.25,1.88
2012.01.06 10:34:20.599,1.54974,1.54986,3.00,3.98
2012.01.06 10:34:20.867,1.54975,1.54986,2.25,2.48
2012.01.06 10:34:21.217,1.54975,1.54989,2.25,3.39
2012.01.06 10:34:21.298,1.5498,1.54989,2.25,1.51
2012.01.06 10:34:21.374,1.5498,1.5499,2.25,2.25
2012.01.06 10:34:21.459,1.5499,1.54994,2.25,3.38
2012.01.06 10:34:22.008,1.54991,1.55001,2.25,2.25
2012.01.06 10:34:22.064,1.54993,1.55004,1.50,1.88
2012.01.06 10:34:22.611,1.54993,1.55004,1.50,6.00
2012.01.06 10:34:23.129,1.54988,1.55001,2.25,3.00
2012.01.06 10:34:23.729,1.54988,1.55001,2.25,3.00
2012.01.06 10:34:24.284,1.5499,1.55001,2.25,3.00
2012.01.06 10:34:25.116,1.5499,1.55,1.50,1.09
2012.01.06 10:34:25.192,1.54985,1.54999,4.50,1.50
2012.01.06 10:34:25.700,1.54987,1.55,2.25,1.09
2012.01.06 10:34:25.843,1.5499,1.55001,2.25,3.34
2012.01.06 10:34:26.268,1.54988,1.55001,2.25,5.25
2012.01.06 10:34:26.817,1.54988,1.55,2.25,1.50
2012.01.06 10:34:27.369,1.54987,1.55001,2.25,6.75
2012.01.06 10:34:29.607,1.54987,1.55,2.25,1.50
2012.01.06 10:34:29.819,1.54985,1.54995,2.63,1.72
2012.01.06 10:34:29.950,1.54985,1.54994,2.25,1.50
2012.01.06 10:34:30.148,1.54985,1.54997,4.13,1.50
2012.01.06 10:34:30.365,1.54989,1.55001,2.25,3.00
2012.01.06 10:34:30.692,1.54988,1.54997,1.50,1.50
2012.01.06 10:34:31.247,1.54991,1.54999,2.25,1.50
2012.01.06 10:34:31.811,1.54991,1.55004,2.25,1.50
2012.01.06 10:34:34.677,1.54991,1.55003,2.25,1.88
2012.01.06 10:34:35.239,1.54989,1.55002,2.25,3.00
2012.01.06 10:34:36.151,1.54989,1.55002,2.25,3.00
2012.01.06 10:34:36.687,1.54991,1.55003,2.25,1.13
2012.01.06 10:34:37.288,1.54991,1.55003,2.25,1.13
2012.01.06 10:34:38.037,1.54991,1.55004,2.25,1.13
2012.01.06 10:34:38.820,1.54991,1.55005,2.25,5.22
2012.01.06 10:34:40.536,1.54991,1.55004,2.25,1.50
2012.01.06 10:34:41.437,1.54991,1.55005,2.25,5.22
2012.01.06 10:34:42.030,1.54991,1.55005,2.25,4.47
2012.01.06 10:34:42.647,1.54991,1.55005,2.25,5.22
2012.01.06 10:34:43.281,1.54991,1.55005,2.25,4.47
2012.01.06 10:34:44.230,1.5499,1.55003,3.00,1.50
2012.01.06 10:34:44.306,1.54993,1.55006,2.25,1.50
2012.01.06 10:34:44.839,1.54995,1.55007,2.25,3.00
2012.01.06 10:34:45.039,1.54994,1.55007,3.00,3.00
2012.01.06 10:34:45.582,1.54995,1.55007,2.25,3.00
2012.01.06 10:34:45.724,1.54995,1.55003,4.50,2.25
2012.01.06 10:34:45.944,1.54996,1.55007,1.13,2.25
2012.01.06 10:34:46.517,1.54996,1.55005,1.13,2.25
2012.01.06 10:34:47.181,1.54996,1.55007,1.13,2.25
2012.01.06 10:34:47.390,1.54996,1.55009,1.88,3.00
2012.01.06 10:34:47.815,1.54998,1.55012,3.00,2.25
2012.01.06 10:34:48.018,1.54998,1.5501,1.50,1.50
2012.01.06 10:34:48.089,1.54999,1.55013,2.25,3.00
2012.01.06 10:34:48.617,1.54999,1.55013,2.25,3.00
2012.01.06 10:34:49.689,1.54997,1.55011,1.50,2.25
2012.01.06 10:34:49.818,1.54997,1.55011,2.25,3.75
2012.01.06 10:34:50.328,1.54995,1.55009,2.63,3.75
2012.01.06 10:34:52.162,1.54997,1.55007,2.25,1.50
2012.01.06 10:34:53.220,1.54995,1.55007,2.25,1.50
2012.01.06 10:34:53.503,1.54993,1.55006,3.00,1.50
2012.01.06 10:34:54.060,1.54993,1.55005,2.25,2.25
2012.01.06 10:34:54.130,1.54991,1.55004,1.50,1.50
2012.01.06 10:34:55.118,1.54991,1.55004,2.25,1.50
2012.01.06 10:34:55.797,1.54991,1.55004,1.50,1.50
2012.01.06 10:34:56.409,1.54991,1.55004,2.25,1.50
2012.01.06 10:35:00.423,1.54989,1.55003,2.25,2.63
2012.01.06 10:35:00.780,1.54983,1.54996,3.00,1.50
2012.01.06 10:35:02.060,1.54983,1.54995,1.50,1.50
2012.01.06 10:35:02.607,1.54983,1.54997,3.00,3.75
2012.01.06 10:35:03.301,1.54983,1.54995,1.50,2.25
2012.01.06 10:35:04.116,1.54985,1.54996,1.50,1.50
2012.01.06 10:35:05.686,1.54985,1.54999,2.25,5.25
2012.01.06 10:35:05.760,1.54985,1.54998,2.25,1.50
2012.01.06 10:35:06.175,1.54989,1.54999,1.50,3.00
2012.01.06 10:35:06.394,1.54989,1.55,2.25,2.25
2012.01.06 10:35:06.914,1.54989,1.55001,2.25,2.25
2012.01.06 10:35:07.058,1.54989,1.54999,2.25,2.25
2012.01.06 10:35:07.188,1.54989,1.54999,2.25,2.25
2012.01.06 10:35:07.848,1.54987,1.54999,2.25,2.25
2012.01.06 10:35:08.591,1.54987,1.54999,2.25,2.25
2012.01.06 10:35:10.458,1.54989,1.54999,2.25,2.25
2012.01.06 10:35:11.011,1.54989,1.55,2.25,2.25
2012.01.06 10:35:11.527,1.54989,1.55,2.25,2.25
2012.01.06 10:35:12.078,1.54989,1.55,2.25,2.25
2012.01.06 10:35:12.586,1.54989,1.54999,2.25,2.25
2012.01.06 10:35:13.217,1.54989,1.54999,1.50,2.59
2012.01.06 10:35:13.353,1.54986,1.54999,2.25,3.34
2012.01.06 10:35:13.995,1.54984,1.54998,2.25,2.25
2012.01.06 10:35:14.506,1.54984,1.54998,3.75,2.25
2012.01.06 10:35:15.087,1.54986,1.54999,1.50,5.22
2012.01.06 10:35:15.645,1.54984,1.54998,2.25,2.25
2012.01.06 10:35:16.182,1.54986,1.54999,1.50,5.22
2012.01.06 10:35:16.690,1.54986,1.54999,2.25,1.09
2012.01.06 10:35:17.386,1.54986,1.55,2.25,4.01
2012.01.06 10:35:17.637,1.54988,1.55,2.25,1.76
2012.01.06 10:35:18.961,1.54988,1.55,2.25,2.25
2012.01.06 10:35:19.489,1.54988,1.55,2.29,2.25
2012.01.06 10:35:20.036,1.54992,1.55003,1.50,3.75
2012.01.06 10:35:20.847,1.5501,1.55015,1.13,1.50
2012.01.06 10:35:20.957,1.5501,1.55022,2.63,1.13
2012.01.06 10:35:21.103,1.55011,1.55024,1.13,3.00
2012.01.06 10:35:21.188,1.55013,1.55025,1.09,1.88
2012.01.06 10:35:21.543,1.55016,1.55026,2.25,1.50
2012.01.06 10:35:22.030,1.55018,1.5503,1.50,2.25
2012.01.06 10:35:22.628,1.55018,1.5503,1.50,1.50
2012.01.06 10:35:24.509,1.55018,1.55032,3.00,2.25
2012.01.06 10:35:24.719,1.55018,1.55032,1.88,3.00
2012.01.06 10:35:25.396,1.55017,1.55028,1.50,1.50
2012.01.06 10:35:28.997,1.55015,1.55028,1.50,2.25
2012.01.06 10:35:29.339,1.55015,1.55027,1.50,1.88
2012.01.06 10:35:29.413,1.55015,1.55026,1.50,3.00
2012.01.06 10:35:29.498,1.55012,1.55025,3.38,1.50
2012.01.06 10:35:29.571,1.55011,1.55022,1.50,1.50
2012.01.06 10:35:29.710,1.55009,1.55022,1.50,2.25
2012.01.06 10:35:30.267,1.55009,1.55022,1.50,2.25
2012.01.06 10:35:30.925,1.55005,1.55018,1.50,2.25
2012.01.06 10:35:31.447,1.55004,1.55017,2.25,1.50
2012.01.06 10:35:34.882,1.55004,1.55016,2.25,1.50
2012.01.06 10:35:35.217,1.55001,1.55014,1.88,2.25
2012.01.06 10:35:36.228,1.55003,1.55015,1.50,2.25
2012.01.06 10:35:36.759,1.55002,1.55015,3.00,2.25
2012.01.06 10:35:39.057,1.55002,1.55014,3.00,1.50
2012.01.06 10:35:39.876,1.55,1.55009,7.50,1.13
2012.01.06 10:35:40.486,1.55003,1.55016,1.50,3.00
2012.01.06 10:35:41.055,1.55002,1.55016,3.00,2.25
2012.01.06 10:35:41.616,1.55003,1.55016,1.50,2.25
2012.01.06 10:35:42.149,1.55004,1.55017,1.50,2.25
2012.01.06 10:35:42.735,1.55002,1.55016,3.00,2.25
2012.01.06 10:35:44.337,1.55003,1.55016,1.50,2.25
2012.01.06 10:35:44.877,1.55003,1.55016,1.50,2.25
2012.01.06 10:35:45.387,1.55003,1.55016,1.50,2.25
2012.01.06 10:35:45.896,1.55002,1.55016,3.00,2.25
2012.01.06 10:35:47.187,1.55003,1.55016,1.50,2.25
2012.01.06 10:35:47.747,1.55004,1.55016,1.50,1.50
2012.01.06 10:35:48.148,1.55,1.55012,1.50,2.25
2012.01.06 10:35:48.804,1.55,1.55013,3.00,3.00
2012.01.06 10:35:48.885,1.55,1.55013,3.00,3.75
2012.01.06 10:35:49.278,1.55002,1.55013,1.50,3.00
2012.01.06 10:35:49.419,1.55,1.55013,3.00,3.00
2012.01.06 10:35:50.072,1.54999,1.55012,1.50,3.75
2012.01.06 10:35:50.629,1.55,1.55012,1.50,2.25
2012.01.06 10:35:51.037,1.55005,1.55012,2.25,1.50
2012.01.06 10:35:51.395,1.55015,1.55023,4.50,1.50
2012.01.06 10:35:51.820,1.55014,1.55023,1.88,2.63
2012.01.06 10:35:52.257,1.55016,1.55022,2.25,2.25
2012.01.06 10:35:52.344,1.55018,1.5503,3.00,1.50
2012.01.06 10:35:52.699,1.55018,1.5503,1.50,2.25
2012.01.06 10:35:53.882,1.55015,1.55028,2.25,1.50
2012.01.06 10:35:54.225,1.55016,1.55026,2.25,1.50
2012.01.06 10:35:56.047,1.55013,1.55024,2.25,1.50
2012.01.06 10:35:57.260,1.55014,1.55024,1.50,2.25
2012.01.06 10:35:57.801,1.55013,1.55024,2.25,1.50
2012.01.06 10:35:57.941,1.55013,1.55024,3.00,1.50
2012.01.06 10:35:58.293,1.55019,1.55027,3.00,1.50
2012.01.06 10:35:59.058,1.55019,1.55029,3.00,1.50
2012.01.06 10:35:59.961,1.55018,1.55028,3.00,1.50
2012.01.06 10:36:01.449,1.55018,1.55028,2.25,1.50
2012.01.06 10:36:02.140,1.55009,1.55019,2.25,1.13
2012.01.06 10:36:02.219,1.55008,1.55019,2.25,1.88
2012.01.06 10:36:02.756,1.55006,1.55018,4.50,1.50
2012.01.06 10:36:03.309,1.55005,1.55017,3.00,1.50
2012.01.06 10:36:03.899,1.55006,1.55015,1.50,1.50
2012.01.06 10:36:04.046,1.55004,1.55015,1.50,1.50
2012.01.06 10:36:04.571,1.55004,1.55016,1.50,2.25
2012.01.06 10:36:04.783,1.55004,1.55016,1.50,1.50
2012.01.06 10:36:04.989,1.55004,1.55016,1.50,1.50
2012.01.06 10:36:05.132,1.55004,1.55017,2.25,3.00
2012.01.06 10:36:05.482,1.55006,1.55018,2.25,2.25
2012.01.06 10:36:05.621,1.55008,1.55018,1.50,1.50
2012.01.06 10:36:05.701,1.55008,1.5502,2.25,1.13
2012.01.06 10:36:08.713,1.5501,1.5502,2.25,2.63
2012.01.06 10:36:09.309,1.5501,1.5502,3.00,1.13
2012.01.06 10:36:10.716,1.5501,1.5502,3.00,1.13
2012.01.06 10:36:12.509,1.5501,1.55019,3.00,1.13
2012.01.06 10:36:13.042,1.5501,1.5502,3.00,1.13
2012.01.06 10:36:13.680,1.5501,1.55019,2.25,1.13
2012.01.06 10:36:13.961,1.55004,1.55018,2.25,3.75
2012.01.06 10:36:14.239,1.55004,1.55016,2.25,1.50
2012.01.06 10:36:14.930,1.55004,1.55015,1.50,1.50
2012.01.06 10:36:19.776,1.55006,1.55015,1.50,1.50
2012.01.06 10:36:22.269,1.55006,1.55014,1.50,1.13
2012.01.06 10:36:22.612,1.55004,1.55013,2.25,2.25
2012.01.06 10:36:23.207,1.55003,1.55012,3.75,1.50
2012.01.06 10:36:23.360,1.55001,1.55011,3.00,3.00
2012.01.06 10:36:23.432,1.54999,1.55011,2.25,3.00
2012.01.06 10:36:24.047,1.55001,1.55011,1.50,3.00
2012.01.06 10:36:26.210,1.55001,1.55009,1.50,1.13
2012.01.06 10:36:28.217,1.55001,1.5501,1.50,1.13
2012.01.06 10:36:32.707,1.54998,1.55009,1.50,1.50
2012.01.06 10:36:35.020,1.54998,1.55011,2.25,4.51
2012.01.06 10:36:35.537,1.54998,1.55009,4.50,1.13
2012.01.06 10:36:39.567,1.54999,1.55009,3.00,1.13
2012.01.06 10:36:40.199,1.55001,1.55009,1.50,1.13
2012.01.06 10:36:40.271,1.55003,1.55009,1.50,1.13
2012.01.06 10:36:40.589,1.55003,1.55014,1.50,3.00
2012.01.06 10:36:40.899,1.55003,1.55016,5.25,1.50
2012.01.06 10:36:40.970,1.55005,1.55017,4.50,2.25
2012.01.06 10:36:41.108,1.55006,1.55018,1.88,1.50
2012.01.06 10:36:41.248,1.55006,1.55018,1.88,1.50
2012.01.06 10:36:41.320,1.55004,1.55018,2.25,3.00
2012.01.06 10:36:42.389,1.55006,1.55019,1.50,4.50
2012.01.06 10:36:43.019,1.55006,1.55019,1.50,4.84
2012.01.06 10:36:43.586,1.55006,1.55019,1.50,4.84
2012.01.06 10:36:44.118,1.55006,1.55019,1.50,4.84
2012.01.06 10:36:44.517,1.55004,1.55018,2.25,3.75
2012.01.06 10:36:44.777,1.55004,1.55018,1.50,3.75
2012.01.06 10:36:47.777,1.55004,1.55016,1.50,2.25
2012.01.06 10:36:48.277,1.55004,1.55016,1.50,2.25
2012.01.06 10:36:50.390,1.55003,1.55016,3.00,3.75
2012.01.06 10:36:50.959,1.55002,1.55016,5.25,3.75
2012.01.06 10:36:54.576,1.55003,1.55016,1.50,4.50
2012.01.06 10:36:55.086,1.55004,1.55016,1.50,2.25
2012.01.06 10:36:56.800,1.55004,1.55016,1.50,2.25
2012.01.06 10:36:57.362,1.55003,1.55016,1.50,3.75
2012.01.06 10:36:57.712,1.55008,1.55018,2.25,1.50
2012.01.06 10:36:57.782,1.5501,1.55024,1.50,2.25
2012.01.06 10:36:57.920,1.5501,1.55024,9.00,2.25
2012.01.06 10:36:58.516,1.55015,1.55027,4.50,2.25
2012.01.06 10:36:58.720,1.55015,1.55028,1.88,1.50
2012.01.06 10:36:59.111,1.55011,1.55025,1.50,2.25
2012.01.06 10:36:59.638,1.55011,1.55025,1.50,3.00
2012.01.06 10:37:00.147,1.55011,1.55025,1.50,3.00
2012.01.06 10:37:00.677,1.55011,1.55025,1.50,2.25
2012.01.06 10:37:01.185,1.55011,1.55025,1.50,2.25
2012.01.06 10:37:02.473,1.55011,1.55025,1.50,3.75
2012.01.06 10:37:02.541,1.55009,1.55023,1.50,2.25
2012.01.06 10:37:03.160,1.55009,1.55019,1.50,3.00
2012.01.06 10:37:03.686,1.55009,1.55019,1.50,3.00
2012.01.06 10:37:14.857,1.55006,1.55019,2.25,3.00
2012.01.06 10:37:15.353,1.55006,1.55019,2.25,3.00
2012.01.06 10:37:21.579,1.55004,1.55018,2.25,1.50
2012.01.06 10:37:22.490,1.55006,1.55019,2.25,3.00
2012.01.06 10:37:23.309,1.55004,1.55018,2.25,1.50
2012.01.06 10:37:24.356,1.55006,1.55019,2.25,3.00
2012.01.06 10:37:24.888,1.55008,1.55021,2.25,3.00
2012.01.06 10:37:27.339,1.55006,1.5502,2.25,2.25
2012.01.06 10:37:27.850,1.55008,1.55021,2.25,3.00
2012.01.06 10:37:29.888,1.55008,1.55021,1.50,3.00
2012.01.06 10:37:30.615,1.55008,1.55021,2.25,3.00
2012.01.06 10:37:31.257,1.55008,1.55021,1.50,3.00
2012.01.06 10:37:32.094,1.55008,1.55021,2.25,3.00
2012.01.06 10:37:32.426,1.55008,1.55021,2.25,2.25
2012.01.06 10:37:32.936,1.55011,1.55021,1.50,3.00
2012.01.06 10:37:33.094,1.55009,1.55021,2.25,3.00
2012.01.06 10:37:33.928,1.55006,1.5502,1.50,1.50
2012.01.06 10:37:34.060,1.55005,1.55017,4.13,2.25
2012.01.06 10:37:34.129,1.55005,1.55019,9.00,1.50
2012.01.06 10:37:34.271,1.55007,1.55017,1.50,1.50
2012.01.06 10:37:34.340,1.55008,1.5502,1.50,2.25
2012.01.06 10:37:34.868,1.55009,1.55023,1.50,4.50
2012.01.06 10:37:35.398,1.55009,1.55021,2.25,3.00
2012.01.06 10:37:35.992,1.55009,1.55021,1.50,3.00
2012.01.06 10:37:37.198,1.55009,1.55021,2.25,3.00
2012.01.06 10:37:38.055,1.55009,1.55021,1.50,3.00
2012.01.06 10:37:38.349,1.55005,1.55019,2.25,4.50
2012.01.06 10:37:38.427,1.55005,1.55019,2.25,4.50
2012.01.06 10:37:38.784,1.55002,1.55012,2.25,1.50
2012.01.06 10:37:38.862,1.55001,1.55012,2.63,1.50
2012.01.06 10:37:39.355,1.54997,1.5501,3.75,2.25
2012.01.06 10:37:41.327,1.54998,1.55012,3.00,3.75
2012.01.06 10:37:44.618,1.55005,1.55012,2.25,3.75
2012.01.06 10:37:45.390,1.5501,1.55014,3.75,2.25
2012.01.06 10:37:45.478,1.55014,1.55024,1.50,2.25
2012.01.06 10:37:45.555,1.55014,1.55025,1.50,1.50
2012.01.06 10:37:45.840,1.55012,1.55026,2.25,2.25
2012.01.06 10:37:46.361,1.55014,1.55028,2.25,3.75
2012.01.06 10:37:48.369,1.55016,1.5503,6.00,2.25
2012.01.06 10:37:48.732,1.55027,1.55035,1.50,1.88
2012.01.06 10:37:49.078,1.55029,1.55036,1.50,1.50
2012.01.06 10:37:49.223,1.55027,1.55039,3.00,3.00
2012.01.06 10:37:49.771,1.55025,1.55039,2.25,6.00
2012.01.06 10:37:49.839,1.55024,1.55037,2.21,1.50
2012.01.06 10:37:50.377,1.55024,1.55037,1.50,1.50
2012.01.06 10:37:50.734,1.55023,1.55036,2.25,2.25
2012.01.06 10:37:51.290,1.55021,1.55034,1.88,3.00
2012.01.06 10:37:54.490,1.55021,1.55034,1.13,2.25
2012.01.06 10:37:55.240,1.55021,1.55032,1.13,3.00
2012.01.06 10:37:55.953,1.5502,1.55032,2.63,3.75
2012.01.06 10:37:56.104,1.55018,1.55028,1.13,1.50
2012.01.06 10:37:56.180,1.55016,1.55028,1.50,2.25
2012.01.06 10:37:56.249,1.55015,1.55028,1.50,3.00
2012.01.06 10:37:56.390,1.55014,1.55028,2.25,3.75
2012.01.06 10:37:56.951,1.55012,1.55026,3.38,2.25
2012.01.06 10:37:59.049,1.55013,1.55027,1.50,2.25
2012.01.06 10:37:59.598,1.55013,1.55027,2.25,3.00
2012.01.06 10:37:59.672,1.55013,1.55027,2.25,3.00
2012.01.06 10:38:00.183,1.55014,1.55027,3.00,3.00
2012.01.06 10:38:00.740,1.55015,1.55027,1.50,1.50
2012.01.06 10:38:02.290,1.55014,1.55027,3.00,3.00
2012.01.06 10:38:02.669,1.55015,1.55029,3.38,3.00
2012.01.06 10:38:03.028,1.55021,1.55029,1.50,1.50
2012.01.06 10:38:03.581,1.5502,1.55029,3.00,1.50
2012.01.06 10:38:03.671,1.55019,1.55029,2.25,2.25
2012.01.06 10:38:04.020,1.55019,1.55031,2.25,2.25
2012.01.06 10:38:04.231,1.55019,1.55029,2.25,2.25
2012.01.06 10:38:05.298,1.55019,1.55029,2.25,2.25
2012.01.06 10:38:06.174,1.55019,1.55029,2.25,2.25
2012.01.06 10:38:06.686,1.55019,1.55029,2.25,2.25
2012.01.06 10:38:06.818,1.55019,1.55029,2.25,2.25
2012.01.06 10:38:06.957,1.55019,1.55033,2.25,5.25
2012.01.06 10:38:07.410,1.55021,1.55033,1.50,3.75
2012.01.06 10:38:08.090,1.55019,1.55033,2.25,5.25
2012.01.06 10:38:09.138,1.55019,1.55033,3.00,4.50
2012.01.06 10:38:09.493,1.55034,1.55042,1.84,1.50
2012.01.06 10:38:09.640,1.55043,1.55053,1.13,3.00
2012.01.06 10:38:10.173,1.55046,1.55059,1.50,3.75
2012.01.06 10:38:10.698,1.55047,1.55059,2.25,2.25
2012.01.06 10:38:11.291,1.55046,1.55059,1.50,3.75
2012.01.06 10:38:13.139,1.55046,1.55059,1.50,3.75
2012.01.06 10:38:13.917,1.55045,1.55059,3.00,3.75
2012.01.06 10:38:16.738,1.55044,1.55057,1.50,1.50
2012.01.06 10:38:16.867,1.55043,1.55057,2.25,1.50
2012.01.06 10:38:19.213,1.55043,1.55057,2.25,2.25
2012.01.06 10:38:19.350,1.55042,1.55055,1.50,2.25
2012.01.06 10:38:19.420,1.55042,1.55053,1.50,3.75
2012.01.06 10:38:19.618,1.55035,1.55052,3.00,1.50
2012.01.06 10:38:19.689,1.55035,1.55051,5.25,2.25
2012.01.06 10:38:20.008,1.5504,1.55053,1.50,3.00
2012.01.06 10:38:20.078,1.55038,1.55052,2.25,2.25
2012.01.06 10:38:21.111,1.5504,1.55053,1.50,3.00
2012.01.06 10:38:21.320,1.55038,1.55051,2.25,2.25
2012.01.06 10:38:21.452,1.55037,1.55051,3.75,2.25
2012.01.06 10:38:21.967,1.55037,1.55051,3.75,2.25
2012.01.06 10:38:22.890,1.55037,1.55049,2.25,2.25
2012.01.06 10:38:23.103,1.55033,1.55046,2.63,2.25
2012.01.06 10:38:23.636,1.55033,1.55046,1.13,1.50
2012.01.06 10:38:24.188,1.55033,1.55046,1.13,2.25
2012.01.06 10:38:24.720,1.55033,1.55046,1.13,1.50
2012.01.06 10:38:25.059,1.55036,1.55049,2.25,3.75
2012.01.06 10:38:25.586,1.55036,1.55049,2.25,3.75
2012.01.06 10:38:26.472,1.55034,1.55048,2.25,3.75
2012.01.06 10:38:26.545,1.55032,1.55046,3.72,1.50
2012.01.06 10:38:26.828,1.55033,1.55047,2.25,3.75
2012.01.06 10:38:27.252,1.55032,1.55045,1.13,1.50
2012.01.06 10:38:27.535,1.55033,1.55047,2.59,3.00
2012.01.06 10:38:28.237,1.55033,1.55047,2.25,3.00
2012.01.06 10:38:30.369,1.55033,1.55047,2.25,1.50
2012.01.06 10:38:30.996,1.55033,1.55047,2.25,2.25
2012.01.06 10:38:31.497,1.55033,1.55047,2.25,1.50
2012.01.06 10:38:31.928,1.55033,1.55047,2.25,3.00
2012.01.06 10:38:32.766,1.55031,1.55044,2.25,1.50
2012.01.06 10:38:32.848,1.55029,1.55041,1.50,2.25
2012.01.06 10:38:33.763,1.55029,1.55041,1.50,2.25
2012.01.06 10:38:33.841,1.55027,1.55041,2.25,3.75
2012.01.06 10:38:34.810,1.55027,1.55041,1.50,5.25
2012.01.06 10:38:35.500,1.55026,1.55039,1.50,3.00
2012.01.06 10:38:36.020,1.55026,1.55039,1.50,1.50
2012.01.06 10:38:36.581,1.55027,1.55041,3.75,2.25
2012.01.06 10:38:36.727,1.55029,1.55043,2.25,2.25
2012.01.06 10:38:37.080,1.55034,1.55043,2.25,1.50
2012.01.06 10:38:37.563,1.55037,1.55051,2.25,3.00
2012.01.06 10:38:37.666,1.55042,1.55055,2.25,1.88
2012.01.06 10:38:38.012,1.55046,1.55058,2.25,2.25
2012.01.06 10:38:38.559,1.55046,1.55058,2.25,1.50
2012.01.06 10:38:38.770,1.55044,1.55055,2.25,1.50
2012.01.06 10:38:38.977,1.55041,1.55054,2.25,1.88
2012.01.06 10:38:39.107,1.55041,1.55053,2.25,1.88
2012.01.06 10:38:40.239,1.5504,1.55053,3.00,2.63
2012.01.06 10:38:40.770,1.5504,1.55053,3.00,3.38
2012.01.06 10:38:41.326,1.5504,1.55052,3.00,1.50
2012.01.06 10:38:47.260,1.5504,1.55051,2.25,1.50
2012.01.06 10:38:47.400,1.55037,1.5505,2.25,3.00
2012.01.06 10:38:47.689,1.55037,1.55046,2.25,2.25
2012.01.06 10:38:47.974,1.55034,1.55046,1.50,1.50
2012.01.06 10:38:48.483,1.55032,1.55046,2.25,3.00
2012.01.06 10:38:49.289,1.55034,1.55048,2.25,3.75
2012.01.06 10:38:49.362,1.55034,1.55048,2.25,3.00
2012.01.06 10:38:49.910,1.55034,1.55048,3.00,1.50
2012.01.06 10:38:50.578,1.55036,1.5505,2.25,3.75
2012.01.06 10:38:51.203,1.55038,1.55052,1.50,3.75
2012.01.06 10:38:51.619,1.55038,1.55051,2.25,1.50
2012.01.06 10:38:51.751,1.55038,1.55049,2.25,2.25
2012.01.06 10:38:52.270,1.55038,1.55049,1.50,3.00
2012.01.06 10:38:52.836,1.55036,1.55049,2.25,3.00
2012.01.06 10:39:03.142,1.55036,1.55049,2.25,7.50
2012.01.06 10:39:03.345,1.55034,1.55048,3.75,1.88
2012.01.06 10:39:03.425,1.55032,1.55046,3.75,1.50
2012.01.06 10:39:03.990,1.55033,1.55046,2.25,1.50
2012.01.06 10:39:04.061,1.55033,1.55047,2.25,3.75
2012.01.06 10:39:04.750,1.55033,1.55047,2.25,2.25
2012.01.06 10:39:05.268,1.55035,1.55049,3.00,3.00
2012.01.06 10:39:05.399,1.55037,1.55051,2.25,2.25
2012.01.06 10:39:05.471,1.55037,1.55051,2.25,2.25
2012.01.06 10:39:05.810,1.55037,1.55048,2.25,1.13
2012.01.06 10:39:05.879,1.55037,1.55049,2.25,3.38
2012.01.06 10:39:06.399,1.55037,1.55049,2.25,3.00
2012.01.06 10:39:07.327,1.55037,1.55049,2.25,2.25
2012.01.06 10:39:07.927,1.55037,1.55051,2.25,5.25
2012.01.06 10:39:08.807,1.55037,1.55051,2.25,5.25
2012.01.06 10:39:09.837,1.55037,1.55051,2.25,5.25
2012.01.06 10:39:13.369,1.55037,1.55051,2.25,5.25
2012.01.06 10:39:13.565,1.5504,1.55051,2.25,3.00
2012.01.06 10:39:13.780,1.55037,1.55051,2.25,3.00
2012.01.06 10:39:14.753,1.55037,1.55048,3.00,1.50
2012.01.06 10:39:15.270,1.55038,1.5505,1.50,1.09
2012.01.06 10:39:15.808,1.55036,1.5505,4.50,3.34
2012.01.06 10:39:16.353,1.55036,1.55048,2.25,2.25
2012.01.06 10:39:17.050,1.55033,1.55046,3.00,3.00
2012.01.06 10:39:17.448,1.55035,1.55046,1.50,1.50
2012.01.06 10:39:18.132,1.55035,1.55048,1.50,1.50
2012.01.06 10:39:18.349,1.55033,1.55046,2.25,2.25
2012.01.06 10:39:19.199,1.55033,1.55046,3.00,2.25
2012.01.06 10:39:19.932,1.55033,1.55046,3.00,2.25
2012.01.06 10:39:20.672,1.55033,1.55044,3.00,4.50
2012.01.06 10:39:20.882,1.5503,1.55043,3.00,3.38
2012.01.06 10:39:21.849,1.5503,1.55043,3.00,2.63
2012.01.06 10:39:22.138,1.5503,1.55043,3.00,2.63
2012.01.06 10:39:22.801,1.55031,1.55041,1.50,1.50
2012.01.06 10:39:22.888,1.55044,1.55049,2.25,2.25
2012.01.06 10:39:23.041,1.5504,1.55047,3.00,2.25
2012.01.06 10:39:23.120,1.5504,1.55047,3.38,1.50
2012.01.06 10:39:23.194,1.55041,1.55054,2.25,1.50
2012.01.06 10:39:23.341,1.55043,1.55056,2.25,2.25
2012.01.06 10:39:23.830,1.55042,1.55056,2.25,3.75
2012.01.06 10:39:24.598,1.55042,1.55056,2.25,3.75
2012.01.06 10:39:24.677,1.5504,1.55054,3.38,1.50
2012.01.06 10:39:25.218,1.5504,1.55054,3.38,2.25
2012.01.06 10:39:25.637,1.55042,1.55056,2.25,3.75
2012.01.06 10:39:26.194,1.55045,1.55056,2.25,1.50
2012.01.06 10:39:26.762,1.55045,1.55056,2.25,1.50
2012.01.06 10:39:28.848,1.55045,1.55053,2.25,1.13
2012.01.06 10:39:28.993,1.55038,1.55052,2.25,4.50
2012.01.06 10:39:29.554,1.5504,1.55052,2.25,3.75
2012.01.06 10:39:36.970,1.55038,1.55051,2.25,1.50
2012.01.06 10:39:37.497,1.55038,1.55052,2.25,6.00
2012.01.06 10:39:38.067,1.55038,1.55051,2.25,1.50
2012.01.06 10:39:38.686,1.55038,1.55052,2.25,6.00
2012.01.06 10:39:39.266,1.55038,1.55051,2.25,1.50
2012.01.06 10:39:39.777,1.55038,1.55052,2.25,6.00
2012.01.06 10:39:40.388,1.55038,1.55051,2.25,1.50
2012.01.06 10:39:50.647,1.55038,1.55051,2.25,1.50
2012.01.06 10:39:50.968,1.5504,1.55051,1.50,1.50
2012.01.06 10:39:51.558,1.55037,1.55051,2.25,3.00
2012.01.06 10:39:59.944,1.55036,1.55047,1.50,1.50
2012.01.06 10:40:00.284,1.55037,1.55047,2.25,1.50
2012.01.06 10:40:00.371,1.55041,1.55052,4.50,2.25
2012.01.06 10:40:00.585,1.55044,1.55052,1.84,1.50
2012.01.06 10:40:00.666,1.55044,1.55054,2.59,2.25
2012.01.06 10:40:00.813,1.55045,1.55052,3.00,1.50
2012.01.06 10:40:00.883,1.55045,1.55055,3.00,2.25
2012.01.06 10:40:01.091,1.55048,1.55062,2.25,3.00
2012.01.06 10:40:01.915,1.55046,1.55059,2.25,3.00
2012.01.06 10:40:02.436,1.55044,1.55058,2.25,1.50
2012.01.06 10:40:03.527,1.55046,1.55059,2.25,3.00
2012.01.06 10:40:04.936,1.55046,1.55059,2.25,2.25
2012.01.06 10:40:05.128,1.55046,1.55059,2.25,3.00
2012.01.06 10:40:07.877,1.55046,1.55059,2.25,2.25
2012.01.06 10:40:08.070,1.55048,1.55062,2.25,2.25
2012.01.06 10:40:08.142,1.55048,1.55062,1.50,2.25
2012.01.06 10:40:09.500,1.55048,1.55062,1.50,2.25
2012.01.06 10:40:10.158,1.55048,1.55062,1.50,2.25
2012.01.06 10:40:11.061,1.55048,1.55059,1.50,3.00
2012.01.06 10:40:11.397,1.55044,1.55058,2.25,2.25
2012.01.06 10:40:14.007,1.55046,1.55059,1.50,3.00
2012.01.06 10:40:14.546,1.55044,1.55058,2.25,2.25
2012.01.06 10:40:15.407,1.55045,1.55058,2.25,1.50
2012.01.06 10:40:16.490,1.55047,1.55059,2.25,3.00
2012.01.06 10:40:18.766,1.55047,1.55059,1.50,3.00
2012.01.06 10:40:19.346,1.55044,1.55058,2.25,2.25
2012.01.06 10:40:20.326,1.55044,1.55058,2.25,2.25
2012.01.06 10:40:23.442,1.55044,1.55057,2.25,1.50
2012.01.06 10:40:23.655,1.55042,1.55054,2.25,1.50
2012.01.06 10:40:23.733,1.55042,1.55054,1.50,2.25
2012.01.06 10:40:23.871,1.5504,1.55054,2.25,2.25
2012.01.06 10:40:24.009,1.55042,1.55055,1.50,2.25
2012.01.06 10:40:25.056,1.5504,1.55054,2.25,2.25
2012.01.06 10:40:26.368,1.5504,1.55054,1.50,2.25
2012.01.06 10:40:26.729,1.5504,1.55054,1.50,2.25
2012.01.06 10:40:26.803,1.5504,1.55053,1.50,3.00
2012.01.06 10:40:26.940,1.55038,1.55052,4.50,2.25
2012.01.06 10:40:27.500,1.5504,1.55053,1.50,3.00
2012.01.06 10:40:28.186,1.5504,1.55054,1.50,4.50
2012.01.06 10:40:28.747,1.5504,1.55054,1.50,4.50
2012.01.06 10:40:31.281,1.5504,1.55054,2.25,4.50
2012.01.06 10:40:31.909,1.55042,1.55054,1.50,3.00
2012.01.06 10:40:31.995,1.55042,1.55056,2.25,2.25
2012.01.06 10:40:32.552,1.55043,1.55057,3.75,2.25
2012.01.06 10:40:33.039,1.55046,1.55059,2.25,1.50
2012.01.06 10:40:33.569,1.55046,1.5506,2.25,2.25
2012.01.06 10:40:34.168,1.55044,1.55058,3.75,1.50
2012.01.06 10:40:34.299,1.55046,1.5506,2.25,3.75
2012.01.06 10:40:34.428,1.55044,1.55058,4.13,1.50
2012.01.06 10:40:34.559,1.55048,1.5506,2.25,1.50
2012.01.06 10:40:34.810,1.55046,1.5506,2.25,2.25
2012.01.06 10:40:35.007,1.55044,1.55058,3.75,1.50
2012.01.06 10:40:35.548,1.55044,1.55058,2.25,2.25
2012.01.06 10:40:35.798,1.55044,1.55057,2.25,1.50
2012.01.06 10:40:35.869,1.55043,1.55056,3.00,3.00
2012.01.06 10:40:36.978,1.55044,1.55056,1.50,3.00
2012.01.06 10:40:37.331,1.55043,1.55056,1.50,1.50
2012.01.06 10:40:37.401,1.55043,1.55057,2.25,3.00
2012.01.06 10:40:37.473,1.55041,1.55053,1.50,1.50
2012.01.06 10:40:38.017,1.55043,1.55053,3.00,1.50
2012.01.06 10:40:38.105,1.55045,1.55057,3.00,2.25
2012.01.06 10:40:38.185,1.55045,1.55057,3.00,1.50
2012.01.06 10:40:38.262,1.55044,1.55053,3.00,1.50
2012.01.06 10:40:38.403,1.55044,1.55053,3.00,1.50
2012.01.06 10:40:38.481,1.55043,1.55056,3.00,2.25
2012.01.06 10:40:39.036,1.55043,1.55056,3.00,2.25
2012.01.06 10:40:39.854,1.55043,1.55056,3.00,2.25
2012.01.06 10:40:40.437,1.55043,1.55056,3.00,2.25
2012.01.06 10:40:40.572,1.55042,1.55055,4.50,1.50
2012.01.06 10:40:41.231,1.5504,1.55051,1.50,1.50
2012.01.06 10:40:41.325,1.55034,1.55044,1.50,1.50
2012.01.06 10:40:41.406,1.55032,1.55043,1.50,2.25
2012.01.06 10:40:41.963,1.55033,1.55044,1.50,1.50
2012.01.06 10:40:42.033,1.55035,1.55044,1.50,1.50
2012.01.06 10:40:42.099,1.55035,1.55044,1.50,1.50
2012.01.06 10:40:42.230,1.55033,1.55044,1.50,1.50
2012.01.06 10:40:43.389,1.55033,1.55047,1.50,2.25
2012.01.06 10:40:43.592,1.5503,1.55044,1.50,2.25
2012.01.06 10:40:44.541,1.55032,1.55046,1.50,5.25
2012.01.06 10:40:44.616,1.5503,1.55044,1.50,2.25
2012.01.06 10:40:45.238,1.55032,1.55046,1.50,6.75
2012.01.06 10:40:45.701,1.55028,1.55041,2.25,1.50
2012.01.06 10:40:45.841,1.55028,1.55041,1.50,3.75
2012.01.06 10:40:45.909,1.55028,1.55041,2.25,3.75
2012.01.06 10:40:46.830,1.55028,1.55041,2.25,3.75
2012.01.06 10:40:47.752,1.55028,1.55041,1.50,3.75
2012.01.06 10:40:49.388,1.55028,1.55041,2.25,3.75
2012.01.06 10:40:49.946,1.55028,1.55041,1.50,3.75
2012.01.06 10:40:51.538,1.55026,1.5504,2.25,2.25
2012.01.06 10:40:55.458,1.55028,1.55041,1.50,3.75
2012.01.06 10:40:57.388,1.55028,1.55041,1.50,4.13
2012.01.06 10:40:58.027,1.55028,1.55041,1.50,3.75
2012.01.06 10:40:59.837,1.55028,1.55041,2.25,3.00
2012.01.06 10:41:00.157,1.55028,1.55041,4.50,1.50
2012.01.06 10:41:00.527,1.55028,1.55041,4.50,3.00
2012.01.06 10:41:06.877,1.55028,1.55041,6.00,1.50
2012.01.06 10:41:06.960,1.55028,1.55041,4.50,2.64
2012.01.06 10:41:07.247,1.55026,1.55037,3.75,1.50
2012.01.06 10:41:07.674,1.55026,1.55036,1.50,2.25
2012.01.06 10:41:07.809,1.55024,1.55036,1.50,2.25
2012.01.06 10:41:08.712,1.55022,1.55034,2.25,1.50
2012.01.06 10:41:08.852,1.55022,1.55034,1.50,1.50
2012.01.06 10:41:08.995,1.55019,1.55033,3.00,2.25
2012.01.06 10:41:09.493,1.55017,1.55031,2.25,3.75
2012.01.06 10:41:09.638,1.55015,1.55029,6.75,2.25
2012.01.06 10:41:09.782,1.55016,1.55029,1.50,2.97
2012.01.06 10:41:09.994,1.55012,1.55026,4.50,2.25
2012.01.06 10:41:10.263,1.55017,1.55026,3.00,1.50
2012.01.06 10:41:10.748,1.55018,1.55029,2.25,1.50
2012.01.06 10:41:11.079,1.55018,1.5503,2.25,1.14
2012.01.06 10:41:11.150,1.55018,1.55032,2.25,3.00
2012.01.06 10:41:11.681,1.55018,1.55032,4.50,1.50
2012.01.06 10:41:12.231,1.55022,1.55034,2.25,2.25
2012.01.06 10:41:12.304,1.55022,1.55034,2.25,1.50
2012.01.06 10:41:12.454,1.55023,1.55035,2.25,1.50
2012.01.06 10:41:13.226,1.55024,1.55036,2.25,1.50
2012.01.06 10:41:13.893,1.55024,1.55034,2.25,4.50
2012.01.06 10:41:13.960,1.55022,1.55033,3.75,1.13
2012.01.06 10:41:14.098,1.55021,1.55031,3.00,2.25
2012.01.06 10:41:14.914,1.55019,1.55032,2.25,1.09
2012.01.06 10:41:15.133,1.55019,1.55031,2.25,1.50
2012.01.06 10:41:15.272,1.55019,1.55031,2.25,1.50
2012.01.06 10:41:15.793,1.55019,1.55031,2.25,4.88
2012.01.06 10:41:15.870,1.55017,1.55029,2.25,4.50
2012.01.06 10:41:16.399,1.55017,1.55029,2.25,2.25
2012.01.06 10:41:16.973,1.55013,1.55027,2.25,2.25
2012.01.06 10:41:17.194,1.55013,1.55024,2.25,4.50
2012.01.06 10:41:17.557,1.55008,1.55021,4.50,1.50
2012.01.06 10:41:18.047,1.55008,1.55016,3.75,1.50
2012.01.06 10:41:18.133,1.55004,1.55016,3.75,1.50
2012.01.06 10:41:19.569,1.55006,1.55018,2.25,2.25
2012.01.06 10:41:20.090,1.55006,1.55018,2.25,1.50
2012.01.06 10:41:20.639,1.55002,1.55016,2.25,3.00
2012.01.06 10:41:20.784,1.55002,1.55016,2.25,3.75
2012.01.06 10:41:21.283,1.55,1.55014,3.75,2.25
2012.01.06 10:41:21.355,1.55,1.55014,3.75,3.00
2012.01.06 10:41:21.433,1.55,1.55012,2.25,1.50
2012.01.06 10:41:22.971,1.55001,1.55012,1.50,1.50
2012.01.06 10:41:23.472,1.55001,1.55012,1.50,1.50
2012.01.06 10:41:23.688,1.55001,1.55008,1.50,1.13
2012.01.06 10:41:23.979,1.54999,1.55006,1.50,2.25
2012.01.06 10:41:24.066,1.54994,1.55006,2.25,3.00
2012.01.06 10:41:24.628,1.54994,1.55006,1.50,2.25
2012.01.06 10:41:24.740,1.54997,1.55006,1.50,2.25
2012.01.06 10:41:24.816,1.54995,1.55006,1.50,1.50
2012.01.06 10:41:24.958,1.54993,1.55006,2.25,2.25
2012.01.06 10:41:25.500,1.54992,1.55006,2.25,2.25
2012.01.06 10:41:25.921,1.54992,1.55006,1.50,2.25
2012.01.06 10:41:26.571,1.54994,1.55007,1.50,1.50
2012.01.06 10:41:27.097,1.54994,1.55007,1.50,1.50
2012.01.06 10:41:28.170,1.54994,1.55007,1.50,1.50
2012.01.06 10:41:28.638,1.54994,1.55007,2.25,1.50
2012.01.06 10:41:29.278,1.54994,1.55008,2.25,3.00
2012.01.06 10:41:29.488,1.54994,1.55008,4.50,3.00
2012.01.06 10:41:30.632,1.54996,1.55008,1.50,2.25
2012.01.06 10:41:30.699,1.54994,1.55008,2.25,3.75
2012.01.06 10:41:31.044,1.54996,1.55008,1.50,1.50
2012.01.06 10:41:31.721,1.54998,1.55011,1.50,2.25
2012.01.06 10:41:32.853,1.54998,1.55011,2.25,1.50
2012.01.06 10:41:33.380,1.54998,1.55011,2.25,1.50
2012.01.06 10:41:33.907,1.54998,1.55011,2.25,1.50
2012.01.06 10:41:34.647,1.54998,1.55012,2.25,3.00
2012.01.06 10:41:35.823,1.54998,1.55012,2.25,5.25
2012.01.06 10:41:36.159,1.54996,1.55008,2.25,1.50
2012.01.06 10:41:36.361,1.54996,1.5501,2.25,3.00
2012.01.06 10:41:37.228,1.54996,1.5501,2.25,1.50
2012.01.06 10:41:37.787,1.54996,1.5501,2.25,1.50
2012.01.06 10:41:39.205,1.54996,1.5501,2.25,2.25
2012.01.06 10:41:39.555,1.54994,1.55006,2.25,2.25
2012.01.06 10:41:39.771,1.54992,1.55006,2.25,2.25
2012.01.06 10:41:40.291,1.54994,1.55007,1.50,2.63
2012.01.06 10:41:40.431,1.54992,1.54999,1.50,4.50
2012.01.06 10:41:40.574,1.54987,1.54996,1.88,1.50
2012.01.06 10:41:40.656,1.54986,1.54996,1.50,1.50
2012.01.06 10:41:40.731,1.54984,1.54996,1.84,1.50
2012.01.06 10:41:40.872,1.54991,1.54998,1.50,1.50
2012.01.06 10:41:40.941,1.54991,1.55003,1.50,3.00
2012.01.06 10:41:41.353,1.54991,1.55003,2.25,3.00
2012.01.06 10:41:41.429,1.5499,1.55003,2.25,3.00
2012.01.06 10:41:41.840,1.5499,1.55003,2.25,4.13
2012.01.06 10:41:42.548,1.54988,1.55002,2.25,3.00
2012.01.06 10:41:43.305,1.54988,1.55001,4.50,1.09
2012.01.06 10:41:43.933,1.54988,1.55001,3.75,1.84
2012.01.06 10:41:44.209,1.54986,1.54998,3.75,1.50
2012.01.06 10:41:45.881,1.54986,1.54998,4.50,1.50
2012.01.06 10:41:46.428,1.54988,1.55001,4.50,1.72
2012.01.06 10:41:47.802,1.5499,1.55001,1.50,3.75
2012.01.06 10:41:48.149,1.5499,1.54999,1.50,3.00
2012.01.06 10:41:48.360,1.54985,1.54999,2.25,4.50
2012.01.06 10:41:48.912,1.54987,1.54999,1.50,3.00
2012.01.06 10:41:48.980,1.54987,1.54999,1.50,3.00
2012.01.06 10:41:49.334,1.54993,1.54999,2.25,2.25
2012.01.06 10:41:49.410,1.54993,1.55004,2.25,3.63
2012.01.06 10:41:49.555,1.54991,1.55003,2.25,1.76
2012.01.06 10:41:49.979,1.54991,1.55002,1.50,1.50
2012.01.06 10:41:50.123,1.54991,1.55003,2.25,1.76
2012.01.06 10:41:51.362,1.54991,1.55004,1.50,3.00
2012.01.06 10:41:51.898,1.54991,1.55004,3.75,3.00
2012.01.06 10:41:52.277,1.54993,1.55004,1.50,3.00
2012.01.06 10:41:52.469,1.54991,1.55004,2.25,3.00
2012.01.06 10:41:54.565,1.54991,1.55,1.50,1.84
2012.01.06 10:41:54.638,1.54987,1.54998,1.50,1.50
2012.01.06 10:41:54.727,1.54983,1.54996,3.00,1.50
2012.01.06 10:41:55.001,1.54985,1.54996,1.50,1.50
2012.01.06 10:41:55.559,1.54985,1.54996,1.50,1.50
2012.01.06 10:41:55.968,1.54985,1.54998,2.25,1.88
2012.01.06 10:41:56.102,1.54987,1.54998,1.50,1.50
2012.01.06 10:41:56.545,1.54987,1.54998,1.50,2.25
2012.01.06 10:41:56.630,1.54984,1.54998,2.25,3.00
2012.01.06 10:41:57.042,1.54988,1.54999,2.25,2.25
2012.01.06 10:41:57.395,1.54988,1.55002,4.50,3.00
2012.01.06 10:41:57.907,1.54988,1.55002,4.50,2.25
2012.01.06 10:41:58.278,1.54988,1.55,3.00,1.50
2012.01.06 10:41:58.459,1.54988,1.55002,4.50,3.75
2012.01.06 10:41:59.062,1.54988,1.55002,4.50,1.50
2012.01.06 10:41:59.870,1.5499,1.55003,2.25,1.47
2012.01.06 10:42:00.401,1.5499,1.55003,2.25,3.35
2012.01.06 10:42:00.729,1.54988,1.55001,4.50,3.01
2012.01.06 10:42:01.258,1.54988,1.55,4.50,1.13
2012.01.06 10:42:01.719,1.54988,1.55,4.50,1.13
2012.01.06 10:42:02.793,1.54988,1.54999,4.50,1.13
2012.01.06 10:42:03.252,1.5499,1.54999,2.48,1.13
2012.01.06 10:42:03.460,1.54988,1.54999,4.73,1.13
2012.01.06 10:42:04.693,1.54988,1.54999,4.50,1.47
2012.01.06 10:42:05.309,1.54988,1.54999,3.00,1.47
2012.01.06 10:42:05.913,1.54988,1.54999,3.00,1.47
2012.01.06 10:42:07.152,1.54988,1.54998,3.00,1.50
2012.01.06 10:42:08.440,1.54982,1.54996,3.75,3.00
2012.01.06 10:42:08.811,1.54982,1.54996,3.75,3.15
2012.01.06 10:42:08.893,1.5498,1.54994,2.25,3.08
2012.01.06 10:42:09.329,1.5498,1.54994,2.25,2.25
2012.01.06 10:42:09.406,1.54987,1.54992,2.25,1.50
2012.01.06 10:42:10.038,1.54978,1.54992,4.50,1.50
2012.01.06 10:42:10.123,1.54978,1.54992,4.50,1.50
2012.01.06 10:42:10.215,1.54978,1.54992,4.50,1.50
2012.01.06 10:42:10.770,1.54978,1.54992,4.50,1.50
2012.01.06 10:42:11.429,1.54983,1.54995,1.50,2.25
2012.01.06 10:42:12.257,1.54983,1.54995,1.50,1.50
2012.01.06 10:42:12.473,1.54983,1.54995,1.50,1.50
2012.01.06 10:42:13.642,1.54983,1.54995,1.50,1.50
2012.01.06 10:42:14.167,1.54981,1.54995,4.50,1.50
2012.01.06 10:42:14.314,1.54979,1.54993,2.25,1.50
2012.01.06 10:42:14.793,1.54978,1.54991,3.00,1.50
2012.01.06 10:42:14.990,1.54978,1.54989,1.50,1.50
2012.01.06 10:42:15.542,1.54978,1.5499,1.50,1.88
2012.01.06 10:42:15.955,1.54979,1.54991,2.25,3.00
2012.01.06 10:42:16.923,1.54978,1.54991,3.00,2.25
2012.01.06 10:42:18.858,1.54976,1.54989,2.25,1.50
2012.01.06 10:42:18.932,1.54978,1.5499,1.50,2.25
2012.01.06 10:42:19.480,1.54978,1.5499,1.50,1.50
2012.01.06 10:42:22.480,1.54978,1.5499,1.50,2.25
2012.01.06 10:42:23.065,1.54978,1.5499,1.50,2.63
2012.01.06 10:42:25.256,1.54978,1.54992,3.00,2.63
2012.01.06 10:42:25.479,1.5498,1.54994,3.75,2.25
2012.01.06 10:42:26.088,1.54986,1.54995,3.00,1.38
2012.01.06 10:42:26.253,1.5499,1.54998,2.25,1.50
2012.01.06 10:42:26.461,1.5499,1.55002,3.00,3.00
2012.01.06 10:42:26.989,1.5499,1.55001,3.00,2.25
2012.01.06 10:42:28.211,1.5499,1.55001,3.00,2.25
2012.01.06 10:42:28.760,1.54991,1.55001,3.00,2.25
2012.01.06 10:42:29.778,1.54988,1.55001,3.00,2.25
2012.01.06 10:42:29.922,1.54988,1.54999,2.25,1.13
2012.01.06 10:42:30.065,1.5499,1.55001,1.50,1.50
2012.01.06 10:42:30.738,1.54988,1.55001,4.50,1.50
2012.01.06 10:42:31.070,1.54988,1.55002,4.50,3.75
2012.01.06 10:42:31.579,1.54988,1.55002,4.50,3.75
2012.01.06 10:42:32.299,1.54988,1.55002,4.50,3.00
2012.01.06 10:42:35.267,1.54988,1.55002,4.50,3.00
2012.01.06 10:42:35.790,1.54988,1.55002,4.50,3.75
2012.01.06 10:42:36.360,1.5499,1.55,1.50,1.13
2012.01.06 10:42:40.057,1.54986,1.54999,2.25,1.13
2012.01.06 10:42:40.275,1.54988,1.54999,3.00,1.13
2012.01.06 10:42:40.350,1.54988,1.54998,3.00,3.00
2012.01.06 10:42:40.981,1.54988,1.54996,3.00,1.50
2012.01.06 10:42:41.543,1.54987,1.54994,2.25,2.63
2012.01.06 10:42:41.829,1.5498,1.54991,2.25,1.50
2012.01.06 10:42:41.972,1.54983,1.54994,1.50,4.50
2012.01.06 10:42:42.116,1.54983,1.54992,1.50,1.50
2012.01.06 10:42:42.263,1.54983,1.54996,3.00,1.50
2012.01.06 10:42:42.800,1.54983,1.54995,1.50,1.50
2012.01.06 10:42:42.883,1.54987,1.54999,4.50,1.13
2012.01.06 10:42:43.240,1.54983,1.54996,1.50,1.50
2012.01.06 10:42:43.852,1.54984,1.54998,2.25,3.75
2012.01.06 10:42:44.519,1.54984,1.54998,2.25,3.00
2012.01.06 10:42:49.968,1.54984,1.54991,2.25,1.50
2012.01.06 10:42:50.320,1.54979,1.54987,1.13,1.50
2012.01.06 10:42:50.459,1.54978,1.54987,1.50,1.50
2012.01.06 10:42:50.908,1.54978,1.54989,1.50,3.00
2012.01.06 10:42:51.507,1.54978,1.54989,1.50,1.50
2012.01.06 10:42:52.058,1.54978,1.54989,1.50,1.50
2012.01.06 10:42:53.671,1.54978,1.54991,1.50,2.25
2012.01.06 10:42:54.970,1.54978,1.54991,1.50,2.25
2012.01.06 10:42:55.302,1.54978,1.54987,1.50,1.50
2012.01.06 10:42:55.584,1.54976,1.54987,1.13,2.25
2012.01.06 10:42:55.924,1.54974,1.54986,1.50,1.50
2012.01.06 10:42:56.541,1.54974,1.54986,1.50,1.50
2012.01.06 10:42:58.070,1.54973,1.54986,3.00,1.88
2012.01.06 10:42:58.339,1.54973,1.54986,3.00,2.25
2012.01.06 10:42:58.899,1.54973,1.54986,3.00,2.25
2012.01.06 10:43:04.809,1.54973,1.54986,3.75,1.50
2012.01.06 10:43:05.608,1.54973,1.54986,3.75,2.25
2012.01.06 10:43:06.187,1.54973,1.54986,3.75,1.50
2012.01.06 10:43:06.739,1.54973,1.54986,3.75,2.25
2012.01.06 10:43:07.297,1.54973,1.54986,3.75,1.50
2012.01.06 10:43:08.373,1.54973,1.54987,3.00,2.25
2012.01.06 10:43:08.918,1.54974,1.54987,1.50,1.50
2012.01.06 10:43:12.559,1.54973,1.54987,3.00,2.25
2012.01.06 10:43:13.187,1.54973,1.54986,3.00,1.50
2012.01.06 10:43:13.709,1.54973,1.54986,3.00,1.50
2012.01.06 10:43:14.498,1.54973,1.54987,3.00,1.50
2012.01.06 10:43:15.379,1.54975,1.54989,2.25,7.13
2012.01.06 10:43:16.487,1.54975,1.54988,3.75,1.50
2012.01.06 10:43:17.978,1.54975,1.54988,2.25,1.50
2012.01.06 10:43:18.329,1.54975,1.54988,2.25,1.50
2012.01.06 10:43:19.190,1.54974,1.54987,1.50,1.50
2012.01.06 10:43:19.800,1.54974,1.54987,1.50,2.25
2012.01.06 10:43:20.324,1.54973,1.54985,3.00,3.98
2012.01.06 10:43:20.405,1.54973,1.54983,2.25,1.50
2012.01.06 10:43:20.492,1.54969,1.54981,4.13,1.50
2012.01.06 10:43:20.634,1.54968,1.54979,2.25,3.75
2012.01.06 10:43:20.717,1.54968,1.54975,1.50,1.50
2012.01.06 10:43:21.232,1.54961,1.54976,2.25,3.75
2012.01.06 10:43:21.302,1.5496,1.54974,3.00,1.50
2012.01.06 10:43:21.649,1.5496,1.54972,1.50,1.50
2012.01.06 10:43:21.778,1.54961,1.54975,2.25,1.50
2012.01.06 10:43:22.407,1.54961,1.54975,2.25,2.25
2012.01.06 10:43:22.718,1.54961,1.54973,1.50,3.00
2012.01.06 10:43:23.250,1.54958,1.54972,2.25,1.50
2012.01.06 10:43:23.983,1.54958,1.54972,3.75,1.50
2012.01.06 10:43:24.509,1.54962,1.54973,2.25,2.25
2012.01.06 10:43:25.210,1.54962,1.54973,2.25,2.25
2012.01.06 10:43:25.715,1.5496,1.54973,2.25,2.25
2012.01.06 10:43:26.294,1.5496,1.54973,2.25,2.25
2012.01.06 10:43:26.806,1.5496,1.54973,2.25,2.25
2012.01.06 10:43:28.059,1.54963,1.54973,1.50,2.25
2012.01.06 10:43:28.394,1.54966,1.54979,2.25,1.13
2012.01.06 10:43:28.675,1.54962,1.54976,2.25,1.50
2012.01.06 10:43:28.753,1.54962,1.54976,2.25,2.25
2012.01.06 10:43:29.016,1.5496,1.54974,3.75,1.50
2012.01.06 10:43:29.160,1.54963,1.54977,2.25,2.25
2012.01.06 10:43:29.969,1.54965,1.54979,1.50,4.88
2012.01.06 10:43:30.710,1.54965,1.54979,2.25,4.88
2012.01.06 10:43:31.777,1.54965,1.54979,2.25,4.50
2012.01.06 10:43:33.738,1.54967,1.54979,1.50,3.00
2012.01.06 10:43:34.258,1.54967,1.54979,2.25,3.00
2012.01.06 10:43:37.309,1.54963,1.54977,4.50,1.50
2012.01.06 10:43:37.838,1.54965,1.54979,2.25,4.50
2012.01.06 10:43:38.775,1.54963,1.54977,3.00,1.50
2012.01.06 10:43:42.840,1.54965,1.54979,2.25,4.50
2012.01.06 10:43:43.565,1.54962,1.54976,2.25,2.25
2012.01.06 10:43:46.607,1.54964,1.54978,1.50,2.25
2012.01.06 10:43:46.880,1.54962,1.54973,1.50,3.00
2012.01.06 10:43:47.408,1.54962,1.54973,1.50,3.00
2012.01.06 10:43:52.230,1.5496,1.54972,2.25,1.50
2012.01.06 10:43:52.418,1.54958,1.54972,2.25,2.25
2012.01.06 10:43:53.068,1.54958,1.54972,2.25,2.25
2012.01.06 10:43:53.610,1.54958,1.54972,2.25,2.25
2012.01.06 10:43:54.127,1.54958,1.54972,2.25,2.25
2012.01.06 10:43:54.679,1.5496,1.54973,1.50,3.00
2012.01.06 10:43:55.715,1.5496,1.54973,2.25,3.00
2012.01.06 10:43:56.370,1.5496,1.54973,1.50,3.00
2012.01.06 10:43:56.927,1.5496,1.54973,2.25,3.00
2012.01.06 10:43:56.997,1.54963,1.54973,1.50,3.00
2012.01.06 10:43:57.529,1.54963,1.54977,2.25,3.00
2012.01.06 10:43:57.599,1.54963,1.54977,2.25,2.25
2012.01.06 10:43:57.800,1.54965,1.54979,2.25,4.50
2012.01.06 10:43:58.008,1.54966,1.54979,1.84,1.50
2012.01.06 10:43:58.084,1.54969,1.54983,2.25,2.25
2012.01.06 10:43:58.897,1.54967,1.54981,2.25,1.50
2012.01.06 10:43:59.912,1.54967,1.54981,3.00,2.25
2012.01.06 10:44:00.310,1.54967,1.54979,1.50,1.50
2012.01.06 10:44:01.059,1.54965,1.54979,2.25,3.75
2012.01.06 10:44:01.646,1.54965,1.54979,2.25,3.75
2012.01.06 10:44:02.751,1.54969,1.54979,2.25,2.25
2012.01.06 10:44:02.822,1.54969,1.54982,2.25,1.50
2012.01.06 10:44:03.394,1.54969,1.54982,3.00,1.50
2012.01.06 10:44:03.950,1.54967,1.54981,3.00,1.50
2012.01.06 10:44:04.272,1.54967,1.54978,1.50,1.50
2012.01.06 10:44:04.482,1.54967,1.5498,1.50,3.00
2012.01.06 10:44:05.011,1.54967,1.5498,1.50,1.50
2012.01.06 10:44:07.819,1.54967,1.5498,1.50,1.50
2012.01.06 10:44:08.327,1.54967,1.5498,1.50,1.50
2012.01.06 10:44:08.532,1.54966,1.54977,1.50,1.50
2012.01.06 10:44:08.723,1.54965,1.54979,4.50,2.25
2012.01.06 10:44:09.462,1.54965,1.54979,3.00,6.75
2012.01.06 10:44:09.534,1.54962,1.54974,1.50,3.00
2012.01.06 10:44:09.868,1.54962,1.54974,1.50,2.25
2012.01.06 10:44:10.209,1.54966,1.54977,1.50,1.50
2012.01.06 10:44:10.350,1.54968,1.54979,2.25,3.75
2012.01.06 10:44:10.701,1.54968,1.54981,2.25,2.63
2012.01.06 10:44:11.258,1.54967,1.5498,1.50,2.25
2012.01.06 10:44:11.400,1.54968,1.54977,1.50,2.59
2012.01.06 10:44:11.602,1.54966,1.54977,1.50,4.09
2012.01.06 10:44:12.128,1.54962,1.54975,3.75,1.50
2012.01.06 10:44:12.861,1.54967,1.54977,1.50,1.50
2012.01.06 10:44:13.000,1.54967,1.54979,1.50,2.25
2012.01.06 10:44:13.510,1.54968,1.54981,2.25,4.13
2012.01.06 10:44:14.142,1.54968,1.54982,3.75,3.00
2012.01.06 10:44:14.490,1.54966,1.54977,2.25,1.50
2012.01.06 10:44:14.700,1.54968,1.5498,2.25,4.13
2012.01.06 10:44:14.909,1.54968,1.54981,2.25,4.51
2012.01.06 10:44:14.980,1.54967,1.54979,3.00,1.50
2012.01.06 10:44:16.630,1.54967,1.54979,3.00,1.50
2012.01.06 10:44:17.240,1.54967,1.54979,1.50,2.63
2012.01.06 10:44:17.750,1.54971,1.54983,3.00,1.38
2012.01.06 10:44:18.116,1.54972,1.54986,2.25,4.68
2012.01.06 10:44:18.195,1.54968,1.54977,3.75,1.50
2012.01.06 10:44:18.341,1.54968,1.54977,1.50,1.50
2012.01.06 10:44:18.552,1.5497,1.54983,1.50,2.25
2012.01.06 10:44:18.623,1.5497,1.54984,1.50,5.64
2012.01.06 10:44:19.109,1.54971,1.54985,2.25,1.50
2012.01.06 10:44:19.500,1.5497,1.54983,1.50,1.50
2012.01.06 10:44:19.828,1.5497,1.54981,1.50,1.50
2012.01.06 10:44:21.031,1.5497,1.54981,1.50,1.50
2012.01.06 10:44:21.100,1.54969,1.54981,1.50,2.25
2012.01.06 10:44:21.999,1.54969,1.54983,2.25,2.25
2012.01.06 10:44:22.409,1.54969,1.54983,2.25,2.25
2012.01.06 10:44:22.727,1.54967,1.54981,2.25,1.50
2012.01.06 10:44:23.279,1.54969,1.54983,2.25,2.25
2012.01.06 10:44:23.530,1.54967,1.54981,2.25,1.50
2012.01.06 10:44:23.800,1.54967,1.54981,2.25,3.72
2012.01.06 10:44:23.872,1.54967,1.54979,2.25,3.00
2012.01.06 10:44:24.388,1.54967,1.54979,1.50,5.25
2012.01.06 10:44:24.718,1.54963,1.54977,2.25,1.50
2012.01.06 10:44:24.863,1.54963,1.54973,1.50,3.00
2012.01.06 10:44:25.524,1.54966,1.54973,1.50,3.00
2012.01.06 10:44:26.028,1.54964,1.54973,1.50,3.00
2012.01.06 10:44:26.629,1.54964,1.54973,1.50,3.00
2012.01.06 10:44:27.619,1.54961,1.54973,2.25,3.00
2012.01.06 10:44:28.160,1.54963,1.54973,1.50,3.00
2012.01.06 10:44:28.744,1.54963,1.54973,2.25,2.25
2012.01.06 10:44:29.359,1.54961,1.54973,3.00,3.00
2012.01.06 10:44:29.447,1.54961,1.54973,2.25,3.00
2012.01.06 10:44:29.942,1.5496,1.54973,3.00,3.75
2012.01.06 10:44:31.218,1.5496,1.54972,1.50,2.25
2012.01.06 10:44:32.479,1.5496,1.54972,1.50,2.25
2012.01.06 10:44:33.560,1.5496,1.54972,1.50,2.25
2012.01.06 10:44:35.079,1.5496,1.54973,3.00,3.00
2012.01.06 10:44:35.610,1.5496,1.54973,3.00,3.00
2012.01.06 10:44:36.122,1.5496,1.54972,1.50,2.25
2012.01.06 10:44:37.051,1.5496,1.54972,1.50,2.25
2012.01.06 10:44:38.207,1.5496,1.54973,3.75,3.00
2012.01.06 10:44:41.940,1.5496,1.54972,1.50,3.00
2012.01.06 10:44:42.133,1.54958,1.54969,1.50,3.38
2012.01.06 10:44:42.203,1.54957,1.54969,1.50,4.13
2012.01.06 10:44:42.732,1.54958,1.54969,1.50,3.00
2012.01.06 10:44:43.009,1.54958,1.54969,2.25,3.00
2012.01.06 10:44:43.851,1.5496,1.54973,3.00,3.75
2012.01.06 10:44:46.518,1.5496,1.54972,1.50,2.25
2012.01.06 10:44:46.838,1.5496,1.54972,1.50,2.25
2012.01.06 10:44:47.931,1.54962,1.54972,1.50,1.50
2012.01.06 10:44:48.143,1.5496,1.54973,3.00,3.00
2012.01.06 10:44:48.704,1.5496,1.54971,1.50,2.25
2012.01.06 10:44:49.334,1.54961,1.54974,2.25,4.01
2012.01.06 10:44:49.903,1.54961,1.54974,1.50,3.00
2012.01.06 10:44:50.922,1.54961,1.54974,1.50,3.00
2012.01.06 10:44:52.352,1.54959,1.54973,2.25,4.50
2012.01.06 10:44:52.701,1.54959,1.54973,2.25,4.88
2012.01.06 10:44:53.043,1.5496,1.54969,1.50,3.00
2012.01.06 10:44:53.324,1.54955,1.54969,3.00,5.63
2012.01.06 10:44:53.394,1.54955,1.54969,2.25,5.63
2012.01.06 10:44:53.467,1.54956,1.54969,1.88,4.88
2012.01.06 10:44:53.815,1.54957,1.54969,2.25,3.38
2012.01.06 10:44:54.336,1.54958,1.54969,2.25,2.25
2012.01.06 10:44:54.679,1.54958,1.54969,1.50,3.75
2012.01.06 10:44:54.749,1.54957,1.54969,1.50,3.75
2012.01.06 10:44:55.068,1.54955,1.54969,2.25,5.25
2012.01.06 10:44:56.623,1.54955,1.54969,1.50,5.25
2012.01.06 10:44:56.692,1.54955,1.54969,2.25,3.38
2012.01.06 10:44:57.044,1.54955,1.54969,2.25,5.63
2012.01.06 10:44:57.573,1.54955,1.54969,1.50,5.63
2012.01.06 10:44:58.077,1.54953,1.54967,2.25,3.00
2012.01.06 10:44:58.628,1.54953,1.54967,2.25,3.00
2012.01.06 10:44:59.373,1.54953,1.54967,4.50,2.25
2012.01.06 10:44:59.877,1.54955,1.54967,2.25,2.25
2012.01.06 10:45:00.985,1.54953,1.54965,3.00,1.50
2012.01.06 10:45:01.521,1.54954,1.54965,3.00,1.50
2012.01.06 10:45:01.720,1.54954,1.54967,3.00,2.25
2012.01.06 10:45:01.789,1.54954,1.54967,3.00,3.00
2012.01.06 10:45:02.317,1.54954,1.54967,3.00,2.25
2012.01.06 10:45:02.620,1.54954,1.54967,3.00,3.00
2012.01.06 10:45:02.761,1.54954,1.54965,2.25,3.34
2012.01.06 10:45:02.832,1.5495,1.54962,3.00,1.88
2012.01.06 10:45:03.172,1.5495,1.54962,3.00,2.88
2012.01.06 10:45:03.734,1.54952,1.54964,2.25,2.25
2012.01.06 10:45:04.010,1.54954,1.54968,2.25,3.00
2012.01.06 10:45:05.730,1.54954,1.54968,2.25,3.75
2012.01.06 10:45:07.943,1.54952,1.54966,2.25,1.50
2012.01.06 10:45:08.890,1.54953,1.54966,3.00,1.50
2012.01.06 10:45:09.880,1.54954,1.54968,2.25,3.00
2012.01.06 10:45:10.543,1.54953,1.54966,3.00,1.50
2012.01.06 10:45:11.665,1.54954,1.54968,2.25,1.50
2012.01.06 10:45:12.192,1.54954,1.54968,2.25,2.25
2012.01.06 10:45:12.530,1.54954,1.54968,2.25,1.50
2012.01.06 10:45:12.885,1.54958,1.5497,3.00,2.97
2012.01.06 10:45:13.457,1.54961,1.54972,2.59,1.50
2012.01.06 10:45:14.103,1.54964,1.54976,2.63,2.25
2012.01.06 10:45:14.198,1.54961,1.54972,1.50,3.39
2012.01.06 10:45:14.555,1.54958,1.54972,2.25,3.39
2012.01.06 10:45:15.094,1.54959,1.5497,1.50,1.50
2012.01.06 10:45:16.190,1.54957,1.5497,3.75,1.50
2012.01.06 10:45:16.742,1.54957,1.5497,2.25,3.00
2012.01.06 10:45:17.224,1.54957,1.54969,1.50,4.47
2012.01.06 10:45:17.791,1.54957,1.54968,1.50,1.50
2012.01.06 10:45:19.032,1.54955,1.54967,3.75,1.50
2012.01.06 10:45:21.131,1.54955,1.54967,1.50,1.50
2012.01.06 10:45:22.026,1.54953,1.54967,3.00,3.00
2012.01.06 10:45:22.325,1.54953,1.54963,3.00,2.97
2012.01.06 10:45:22.685,1.54949,1.54963,2.25,4.47
2012.01.06 10:45:23.039,1.54949,1.54963,2.25,3.75
2012.01.06 10:45:24.322,1.54951,1.54965,2.25,3.00
2012.01.06 10:45:24.860,1.54951,1.54965,2.25,3.00
2012.01.06 10:45:25.382,1.54951,1.54965,2.25,2.25
2012.01.06 10:45:27.190,1.54951,1.54965,1.50,3.00
2012.01.06 10:45:27.519,1.54949,1.54959,2.25,2.25
2012.01.06 10:45:27.829,1.54949,1.54963,2.25,3.00
2012.01.06 10:45:28.165,1.54951,1.54963,1.50,1.50
2012.01.06 10:45:31.060,1.54949,1.54961,2.25,2.25
2012.01.06 10:45:31.129,1.54949,1.54959,2.25,2.25
2012.01.06 10:45:31.318,1.54949,1.54961,2.25,2.25
2012.01.06 10:45:32.490,1.54951,1.54961,1.50,2.25
2012.01.06 10:45:33.692,1.54951,1.54961,1.50,2.25
2012.01.06 10:45:33.793,1.54949,1.54956,1.50,1.50
2012.01.06 10:45:33.873,1.54944,1.54956,1.50,2.25
2012.01.06 10:45:34.154,1.54943,1.54956,1.50,2.25
2012.01.06 10:45:34.511,1.54945,1.54956,1.50,2.25
2012.01.06 10:45:35.321,1.54943,1.54956,3.75,2.25
2012.01.06 10:45:38.818,1.54946,1.54956,1.50,2.25
2012.01.06 10:45:39.558,1.54944,1.54956,3.00,2.25
2012.01.06 10:45:40.608,1.54944,1.54956,1.50,2.25
2012.01.06 10:45:40.744,1.54944,1.54954,1.50,1.50
2012.01.06 10:45:40.827,1.5494,1.54951,4.50,2.25
2012.01.06 10:45:41.325,1.54937,1.54948,1.88,1.50
2012.01.06 10:45:41.546,1.54935,1.54947,2.25,3.00
2012.01.06 10:45:41.697,1.54937,1.54947,1.50,2.25
2012.01.06 10:45:41.844,1.54935,1.54947,2.25,2.25
2012.01.06 10:45:41.997,1.54937,1.54949,1.50,2.25
2012.01.06 10:45:43.283,1.54939,1.54949,1.50,1.13
2012.01.06 10:45:43.552,1.54937,1.54949,3.00,1.13
2012.01.06 10:45:45.426,1.54937,1.54945,1.50,1.50
2012.01.06 10:45:45.929,1.54933,1.54947,2.25,3.00
2012.01.06 10:45:46.675,1.54933,1.54947,1.50,3.00
2012.01.06 10:45:47.195,1.54933,1.54947,1.50,3.00
2012.01.06 10:45:47.726,1.54933,1.54947,1.50,3.00
2012.01.06 10:45:48.521,1.54936,1.54947,1.50,1.50
2012.01.06 10:45:48.720,1.54934,1.54947,1.50,1.50
2012.01.06 10:45:49.239,1.54934,1.54947,1.50,1.50
2012.01.06 10:45:49.583,1.54937,1.54951,1.50,3.63
2012.01.06 10:45:49.651,1.54935,1.54949,2.25,2.25
2012.01.06 10:45:50.399,1.54934,1.54947,1.50,1.50
2012.01.06 10:45:50.610,1.5493,1.54944,4.50,2.25
2012.01.06 10:45:50.683,1.5493,1.54942,2.25,1.50
2012.01.06 10:45:51.096,1.54929,1.54941,2.25,4.84
2012.01.06 10:45:51.866,1.54929,1.54935,1.50,1.50
2012.01.06 10:45:51.958,1.5492,1.5493,2.25,3.00
2012.01.06 10:45:52.041,1.5492,1.5493,2.25,3.75
2012.01.06 10:45:52.120,1.54915,1.54927,1.50,2.25
2012.01.06 10:45:52.199,1.54916,1.54929,1.50,2.25
2012.01.06 10:45:52.344,1.54919,1.5493,1.50,1.50
2012.01.06 10:45:52.773,1.54917,1.54929,1.50,2.63
2012.01.06 10:45:52.987,1.54917,1.54929,2.25,2.25
2012.01.06 10:45:53.492,1.54919,1.5493,1.50,2.25
2012.01.06 10:45:53.569,1.54919,1.54933,1.50,3.75
2012.01.06 10:45:53.784,1.54919,1.5493,1.50,2.25
2012.01.06 10:45:54.139,1.54916,1.5493,1.50,3.75
2012.01.06 10:45:54.495,1.54918,1.54929,1.50,3.38
2012.01.06 10:45:54.851,1.54916,1.54929,2.25,4.13
2012.01.06 10:45:55.299,1.54918,1.54928,1.50,1.50
2012.01.06 10:45:55.381,1.54916,1.54928,2.25,1.50
2012.01.06 10:45:56.002,1.54916,1.54926,2.25,1.65
2012.01.06 10:45:56.551,1.54915,1.54927,3.00,1.65
2012.01.06 10:45:56.688,1.54916,1.54928,1.50,1.89
2012.01.06 10:45:57.008,1.54916,1.54929,2.25,1.88
2012.01.06 10:45:57.659,1.54918,1.5493,2.25,1.50
2012.01.06 10:45:58.003,1.54918,1.54932,2.25,6.00
2012.01.06 10:45:58.520,1.54918,1.54932,2.25,3.75
2012.01.06 10:45:58.731,1.54921,1.54935,2.25,3.98
2012.01.06 10:45:59.011,1.54925,1.54937,2.25,2.63
2012.01.06 10:45:59.410,1.54925,1.54937,1.50,1.50
2012.01.06 10:45:59.912,1.54925,1.54938,2.25,1.09
2012.01.06 10:46:02.428,1.54923,1.54937,2.25,2.25
2012.01.06 10:46:03.460,1.54923,1.54937,2.25,2.25
2012.01.06 10:46:03.789,1.54921,1.54935,3.75,2.25
2012.01.06 10:46:04.321,1.54921,1.54935,2.25,2.25
2012.01.06 10:46:04.870,1.54921,1.54935,2.25,2.25
2012.01.06 10:46:05.343,1.54919,1.54933,2.25,2.25
2012.01.06 10:46:05.869,1.54921,1.54935,1.50,3.00
2012.01.06 10:46:06.200,1.54921,1.54935,1.50,3.00
2012.01.06 10:46:06.344,1.54919,1.54932,1.50,2.22
2012.01.06 10:46:06.496,1.54914,1.54926,4.54,1.50
2012.01.06 10:46:07.008,1.54914,1.54926,3.00,1.50
2012.01.06 10:46:07.584,1.54914,1.54928,4.50,2.25
2012.01.06 10:46:08.138,1.54914,1.54928,4.50,2.25
2012.01.06 10:46:08.644,1.54914,1.54928,3.75,3.00
2012.01.06 10:46:09.149,1.54914,1.54928,4.50,3.00
2012.01.06 10:46:09.700,1.54913,1.54927,2.25,2.25
2012.01.06 10:46:11.282,1.54914,1.54926,2.25,2.25
2012.01.06 10:46:11.599,1.54914,1.54926,3.00,1.50
2012.01.06 10:46:11.798,1.54918,1.54928,3.00,1.13
2012.01.06 10:46:12.308,1.54918,1.54929,3.00,2.51
2012.01.06 10:46:13.032,1.54915,1.54929,2.25,3.26
2012.01.06 10:46:13.558,1.54915,1.54929,2.25,2.51
2012.01.06 10:46:14.281,1.54915,1.54929,2.25,2.51
2012.01.06 10:46:14.798,1.54918,1.54929,3.00,1.88
2012.01.06 10:46:15.188,1.54918,1.54929,3.00,1.88
2012.01.06 10:46:15.449,1.54918,1.54929,3.00,1.88
2012.01.06 10:46:16.031,1.54918,1.54929,3.00,1.88
2012.01.06 10:46:17.817,1.54918,1.54929,3.00,1.88
2012.01.06 10:46:18.163,1.5492,1.54932,3.00,2.88
2012.01.06 10:46:18.511,1.5492,1.54932,3.00,2.25
2012.01.06 10:46:18.581,1.54923,1.54937,2.25,5.09
2012.01.06 10:46:19.119,1.54923,1.54937,2.25,5.09
2012.01.06 10:46:19.660,1.54923,1.54937,2.25,5.09
2012.01.06 10:46:22.014,1.54923,1.54937,2.25,1.84
2012.01.06 10:46:22.092,1.54925,1.54937,1.50,1.09
2012.01.06 10:46:22.830,1.54925,1.54939,2.25,2.63
2012.01.06 10:46:23.340,1.54928,1.54941,2.25,2.25
2012.01.06 10:46:23.420,1.54928,1.54942,4.50,3.34
2012.01.06 10:46:23.623,1.54928,1.54942,4.50,2.97
2012.01.06 10:46:23.749,1.54928,1.5494,3.00,1.50
2012.01.06 10:46:23.882,1.54928,1.54942,4.50,2.97
2012.01.06 10:46:24.091,1.54928,1.5494,3.00,1.88
2012.01.06 10:46:24.598,1.54928,1.5494,3.00,1.88
2012.01.06 10:46:28.070,1.54928,1.54939,2.25,1.13
2012.01.06 10:46:28.261,1.54928,1.5494,3.00,2.63
2012.01.06 10:46:28.811,1.54928,1.54942,2.25,7.47
2012.01.06 10:46:29.496,1.54925,1.54939,2.25,2.22
2012.01.06 10:46:29.861,1.54924,1.54937,3.00,1.50
2012.01.06 10:46:33.247,1.54924,1.54937,3.04,1.50
2012.01.06 10:46:33.780,1.54926,1.54939,2.25,1.88
2012.01.06 10:46:33.849,1.54926,1.54939,2.25,1.13
2012.01.06 10:46:33.991,1.54929,1.54941,2.25,3.34
2012.01.06 10:46:34.340,1.54925,1.54939,3.75,2.63
2012.01.06 10:46:34.939,1.54925,1.54937,1.50,1.50
2012.01.06 10:46:35.011,1.54927,1.54939,2.25,1.88
2012.01.06 10:46:35.267,1.54925,1.54936,4.54,1.50
2012.01.06 10:46:35.540,1.54928,1.54939,1.50,1.13
2012.01.06 10:46:35.755,1.54924,1.54937,3.04,1.50
2012.01.06 10:46:35.829,1.54928,1.54939,2.25,2.63
2012.01.06 10:46:35.903,1.54928,1.54939,3.00,1.88
2012.01.06 10:46:35.969,1.54928,1.54939,2.25,2.63
2012.01.06 10:46:36.158,1.54927,1.54939,2.29,1.88
2012.01.06 10:46:36.667,1.54933,1.54942,2.25,3.00
2012.01.06 10:46:37.775,1.54926,1.5494,2.29,2.63
2012.01.06 10:46:38.492,1.54926,1.54939,2.29,1.13
2012.01.06 10:46:39.160,1.54926,1.5494,2.29,2.63
2012.01.06 10:46:39.699,1.54928,1.54941,2.25,1.50
2012.01.06 10:46:40.211,1.54928,1.5494,2.25,1.13
2012.01.06 10:46:40.728,1.54928,1.54942,2.25,2.25
2012.01.06 10:46:40.874,1.54926,1.5494,3.04,1.50
2012.01.06 10:46:41.356,1.54926,1.5494,3.04,2.63
2012.01.06 10:46:41.980,1.54928,1.54939,3.00,1.88
2012.01.06 10:46:42.557,1.54928,1.54939,2.25,1.13
2012.01.06 10:46:43.050,1.54928,1.54939,2.25,1.13
2012.01.06 10:46:43.369,1.5493,1.54939,1.50,1.13
2012.01.06 10:46:43.440,1.54928,1.54939,3.75,1.13
2012.01.06 10:46:43.576,1.54933,1.54942,2.25,1.50
2012.01.06 10:46:44.592,1.5493,1.5494,1.50,1.13
2012.01.06 10:46:44.719,1.54928,1.5494,5.25,1.13
2012.01.06 10:46:45.890,1.54928,1.54941,4.50,1.50
2012.01.06 10:46:45.961,1.54928,1.54939,3.75,1.13
2012.01.06 10:46:46.171,1.54928,1.54939,3.75,1.13
2012.01.06 10:46:46.632,1.54929,1.54939,1.50,1.13
2012.01.06 10:46:47.072,1.54928,1.54941,3.00,3.00
2012.01.06 10:46:47.910,1.54932,1.54941,4.50,2.63
2012.01.06 10:46:48.192,1.54938,1.54947,1.50,1.89
2012.01.06 10:46:48.262,1.54935,1.54947,2.25,1.89
2012.01.06 10:46:48.337,1.54934,1.54946,1.50,1.50
2012.01.06 10:46:48.531,1.54932,1.54942,2.25,2.25
2012.01.06 10:46:49.332,1.54932,1.54944,2.25,2.25
2012.01.06 10:46:49.801,1.54932,1.54941,2.25,1.50
2012.01.06 10:46:49.875,1.5493,1.54941,3.00,1.50
2012.01.06 10:46:50.969,1.5493,1.54941,3.00,1.50
2012.01.06 10:46:51.477,1.5493,1.54941,3.00,1.50
2012.01.06 10:46:52.252,1.5493,1.54943,3.00,2.25
2012.01.06 10:46:53.641,1.5493,1.54943,2.25,2.25
2012.01.06 10:46:53.710,1.5493,1.54941,2.25,2.25
2012.01.06 10:46:53.842,1.54927,1.54941,2.25,2.25
2012.01.06 10:46:54.559,1.54927,1.54941,2.25,2.25
2012.01.06 10:46:55.067,1.54927,1.54941,2.25,2.25
2012.01.06 10:46:55.898,1.54927,1.54941,2.25,2.25
2012.01.06 10:46:59.630,1.54927,1.54941,2.25,2.25
2012.01.06 10:47:00.304,1.54927,1.54941,2.25,1.50
2012.01.06 10:47:00.399,1.54929,1.54943,2.25,3.00
2012.01.06 10:47:00.920,1.54929,1.54943,2.25,3.00
2012.01.06 10:47:02.149,1.54929,1.54943,2.25,2.25
2012.01.06 10:47:03.382,1.5493,1.54943,1.50,1.50
2012.01.06 10:47:03.799,1.54932,1.54945,3.00,1.50
2012.01.06 10:47:04.210,1.54933,1.54947,2.25,3.00
2012.01.06 10:47:04.618,1.54932,1.54945,3.00,6.00
2012.01.06 10:47:04.762,1.54932,1.54942,3.00,2.25
2012.01.06 10:47:04.948,1.54928,1.54942,4.50,2.25
2012.01.06 10:47:05.560,1.54929,1.54942,2.25,2.25
2012.01.06 10:47:06.080,1.54933,1.54945,1.50,3.75
2012.01.06 10:47:06.152,1.54933,1.54944,1.50,1.50
2012.01.06 10:47:06.497,1.54931,1.54942,1.50,3.75
2012.01.06 10:47:06.712,1.54931,1.54944,2.25,4.13
2012.01.06 10:47:07.131,1.54931,1.54944,2.25,4.09
2012.01.06 10:47:07.581,1.54933,1.54944,2.25,2.22
2012.01.06 10:47:07.959,1.54929,1.54943,3.00,2.25
2012.01.06 10:47:08.159,1.54933,1.54945,2.25,3.75
2012.01.06 10:47:08.812,1.54933,1.54947,2.25,2.25
2012.01.06 10:47:09.162,1.54941,1.54954,2.25,4.50
2012.01.06 10:47:09.700,1.54941,1.54953,2.25,2.25
2012.01.06 10:47:10.209,1.54941,1.5495,2.25,1.50
2012.01.06 10:47:10.711,1.54936,1.5495,2.25,1.50
2012.01.06 10:47:10.779,1.54938,1.54952,2.25,3.75
2012.01.06 10:47:10.849,1.54938,1.54952,1.50,2.25
2012.01.06 10:47:11.350,1.54938,1.54952,3.00,2.25
2012.01.06 10:47:11.424,1.5494,1.54954,3.00,2.25
2012.01.06 10:47:11.637,1.54941,1.54954,1.50,1.50
2012.01.06 10:47:12.327,1.54941,1.54955,1.50,2.25
2012.01.06 10:47:12.833,1.5494,1.54953,2.25,2.25
2012.01.06 10:47:13.169,1.5494,1.54953,6.00,2.25
2012.01.06 10:47:13.454,1.54942,1.54955,2.25,3.75
2012.01.06 10:47:14.218,1.54943,1.54957,6.75,3.38
2012.01.06 10:47:14.351,1.54945,1.54959,1.88,3.00
2012.01.06 10:47:14.692,1.54951,1.54961,1.50,3.00
2012.01.06 10:47:15.320,1.54949,1.54961,3.00,3.00
2012.01.06 10:47:15.590,1.54949,1.5496,1.50,1.50
2012.01.06 10:47:15.854,1.54947,1.54957,1.50,1.50
2012.01.06 10:47:15.934,1.54946,1.54958,1.50,3.00
2012.01.06 10:47:16.470,1.54949,1.54958,2.25,1.50
2012.01.06 10:47:16.610,1.54949,1.54963,3.75,4.50
2012.01.06 10:47:17.761,1.54949,1.54963,1.50,4.50
2012.01.06 10:47:19.740,1.54949,1.54963,1.50,4.50
2012.01.06 10:47:20.189,1.54946,1.5496,2.25,4.50
2012.01.06 10:47:20.714,1.54946,1.54958,1.50,1.50
2012.01.06 10:47:21.077,1.54942,1.54955,2.25,1.50
2012.01.06 10:47:21.879,1.54944,1.54955,1.50,1.50
2012.01.06 10:47:22.409,1.54941,1.54955,3.38,3.00
2012.01.06 10:47:22.728,1.54943,1.54955,1.50,2.25
2012.01.06 10:47:23.930,1.54945,1.54959,1.50,5.47
2012.01.06 10:47:24.676,1.54943,1.54957,3.00,2.25
2012.01.06 10:47:25.398,1.54943,1.54957,2.25,2.25
2012.01.06 10:47:26.651,1.54943,1.54957,3.00,2.25
2012.01.06 10:47:27.171,1.54943,1.54957,2.25,2.25
2012.01.06 10:47:27.705,1.54943,1.54957,2.25,2.25
2012.01.06 10:47:28.294,1.54943,1.54957,2.25,2.25
2012.01.06 10:47:30.167,1.54943,1.54957,3.75,2.25
2012.01.06 10:47:30.698,1.54945,1.54959,1.50,5.13
2012.01.06 10:47:31.042,1.54943,1.54953,3.00,3.00
2012.01.06 10:47:31.109,1.54943,1.54953,3.00,3.00
2012.01.06 10:47:31.884,1.54939,1.54953,3.75,4.50
2012.01.06 10:47:41.319,1.54941,1.54953,1.50,3.00
2012.01.06 10:47:42.827,1.54939,1.54953,2.25,4.50
2012.01.06 10:47:43.810,1.54941,1.54953,1.50,3.00
2012.01.06 10:47:44.338,1.54941,1.54953,1.50,3.00
2012.01.06 10:47:44.927,1.54941,1.54953,1.50,3.00
2012.01.06 10:47:48.109,1.54941,1.54953,1.50,3.00
2012.01.06 10:47:49.109,1.54941,1.54953,2.25,3.00
2012.01.06 10:47:49.660,1.54941,1.54953,1.50,3.00
2012.01.06 10:47:50.704,1.54941,1.54953,1.50,3.00
2012.01.06 10:47:51.268,1.54941,1.54953,1.50,3.00
2012.01.06 10:47:52.268,1.54941,1.54953,1.50,3.00
2012.01.06 10:47:53.092,1.54939,1.54953,2.25,4.50
2012.01.06 10:47:53.791,1.54941,1.54953,1.50,3.00
2012.01.06 10:47:54.492,1.54941,1.54953,2.25,2.25
2012.01.06 10:47:55.037,1.54941,1.54955,2.25,4.50
2012.01.06 10:47:55.394,1.54943,1.54955,3.00,1.50
2012.01.06 10:47:55.822,1.54943,1.54955,3.00,1.50
2012.01.06 10:47:56.319,1.54946,1.54957,2.25,1.50
2012.01.06 10:47:56.392,1.54948,1.54961,1.50,3.75
2012.01.06 10:47:56.908,1.54946,1.5496,2.25,2.25
2012.01.06 10:47:59.880,1.54946,1.5496,2.25,4.50
2012.01.06 10:48:01.018,1.54946,1.5496,2.25,4.50
2012.01.06 10:48:01.840,1.54946,1.5496,2.25,4.50
2012.01.06 10:48:03.437,1.54946,1.5496,2.25,4.50
2012.01.06 10:48:03.961,1.54946,1.5496,2.25,4.50
2012.01.06 10:48:04.463,1.54946,1.54959,1.50,1.50
2012.01.06 10:48:05.287,1.54944,1.54957,1.50,1.50
2012.01.06 10:48:05.512,1.5494,1.54952,2.25,2.25
2012.01.06 10:48:05.656,1.5494,1.54949,2.25,2.25
2012.01.06 10:48:05.944,1.54936,1.54948,3.00,1.50
2012.01.06 10:48:06.027,1.54936,1.54949,2.25,3.00
2012.01.06 10:48:07.312,1.54936,1.54948,2.25,1.50
2012.01.06 10:48:07.667,1.54938,1.54948,1.50,1.50
2012.01.06 10:48:08.889,1.54936,1.54948,3.75,1.50
2012.01.06 10:48:10.012,1.54934,1.54947,3.86,1.50
2012.01.06 10:48:10.561,1.54934,1.54947,2.36,1.50
2012.01.06 10:48:11.374,1.54934,1.54947,2.36,1.50
2012.01.06 10:48:11.900,1.54934,1.54947,2.36,1.50
2012.01.06 10:48:13.170,1.54937,1.54947,1.50,1.50
2012.01.06 10:48:13.450,1.54937,1.54949,1.50,3.38
2012.01.06 10:48:13.523,1.54939,1.54951,2.25,2.02
2012.01.06 10:48:14.162,1.54941,1.54954,1.50,1.64
2012.01.06 10:48:14.242,1.54943,1.54956,1.50,2.25
2012.01.06 10:48:14.959,1.54941,1.54955,1.50,2.25
2012.01.06 10:48:15.280,1.54943,1.54956,1.50,2.25
2012.01.06 10:48:15.631,1.54945,1.54957,1.50,2.25
2012.01.06 10:48:15.973,1.54949,1.54959,1.54,1.13
2012.01.06 10:48:16.499,1.54949,1.5496,2.29,1.13
2012.01.06 10:48:16.587,1.54953,1.54965,2.25,1.13
2012.01.06 10:48:17.007,1.54956,1.54964,1.50,1.13
2012.01.06 10:48:17.363,1.54943,1.54951,2.25,1.50
2012.01.06 10:48:18.051,1.54936,1.54947,4.09,1.50
2012.01.06 10:48:18.203,1.54936,1.54947,1.50,1.50
2012.01.06 10:48:18.490,1.54934,1.54943,1.65,2.25
2012.01.06 10:48:18.843,1.54934,1.5494,1.50,1.50
2012.01.06 10:48:18.982,1.5493,1.5494,1.50,1.50
2012.01.06 10:48:19.183,1.54927,1.5494,2.25,2.25
2012.01.06 10:48:19.253,1.54927,1.5494,1.50,2.25
2012.01.06 10:48:19.814,1.54926,1.5494,2.25,2.25
2012.01.06 10:48:20.034,1.54924,1.54938,3.75,2.25
2012.01.06 10:48:20.173,1.54925,1.54938,1.50,2.25
2012.01.06 10:48:20.731,1.54926,1.5494,1.50,2.25
2012.01.06 10:48:20.861,1.54924,1.54938,2.25,2.25
2012.01.06 10:48:20.992,1.54924,1.54938,2.25,3.00
2012.01.06 10:48:21.062,1.54924,1.54937,2.25,1.50
2012.01.06 10:48:21.321,1.54924,1.54938,1.50,2.25
2012.01.06 10:48:21.843,1.54924,1.54938,1.50,2.25
2012.01.06 10:48:22.485,1.54927,1.54939,1.50,3.00
2012.01.06 10:48:22.560,1.54925,1.54939,3.00,4.50
2012.01.06 10:48:23.329,1.54925,1.54939,1.50,4.50
2012.01.06 10:48:26.520,1.54927,1.54939,1.50,3.00
2012.01.06 10:48:28.108,1.54927,1.54939,1.50,3.00
2012.01.06 10:48:28.698,1.54927,1.54939,2.25,3.00
2012.01.06 10:48:29.193,1.54929,1.54939,1.50,2.25
2012.01.06 10:48:29.728,1.54927,1.5494,2.25,3.00
2012.01.06 10:48:30.271,1.54927,1.5494,2.25,3.00
2012.01.06 10:48:30.880,1.54929,1.5494,1.50,3.00
2012.01.06 10:48:31.229,1.54931,1.5494,1.50,3.00
2012.01.06 10:48:31.500,1.54929,1.5494,3.00,3.00
2012.01.06 10:48:32.050,1.54929,1.54939,1.50,3.00
2012.01.06 10:48:32.577,1.54929,1.54939,1.50,3.00
2012.01.06 10:48:32.863,1.54927,1.54939,3.75,3.00
2012.01.06 10:48:32.930,1.54929,1.54939,1.50,3.00
2012.01.06 10:48:33.773,1.54929,1.5494,1.50,3.00
2012.01.06 10:48:33.964,1.54929,1.54943,2.25,2.25
2012.01.06 10:48:34.514,1.54929,1.54943,1.50,2.25
2012.01.06 10:48:34.997,1.54931,1.54945,1.50,3.00
2012.01.06 10:48:35.077,1.54929,1.54943,1.50,2.25
2012.01.06 10:48:35.153,1.54927,1.54941,2.25,2.25
2012.01.06 10:48:35.769,1.54926,1.54937,3.00,1.50
2012.01.06 10:48:36.122,1.54925,1.54935,1.50,1.50
2012.01.06 10:48:36.477,1.54923,1.54933,3.00,1.13
2012.01.06 10:48:37.221,1.54915,1.54929,2.25,5.25
2012.01.06 10:48:37.293,1.54916,1.54929,1.50,5.25
2012.01.06 10:48:37.550,1.54918,1.54929,1.50,4.13
2012.01.06 10:48:38.231,1.54918,1.54929,1.50,1.13
2012.01.06 10:48:40.135,1.54916,1.54929,2.25,1.13
2012.01.06 10:48:40.761,1.54918,1.54929,3.00,1.13
2012.01.06 10:48:41.045,1.5492,1.54932,3.75,1.50
2012.01.06 10:48:41.120,1.54922,1.54932,1.50,1.50
2012.01.06 10:48:42.320,1.5492,1.54932,3.00,1.50
2012.01.06 10:48:42.471,1.54922,1.54932,1.50,1.50
2012.01.06 10:48:42.542,1.5492,1.54932,1.50,1.50
2012.01.06 10:48:42.688,1.54922,1.54933,2.25,1.50
2012.01.06 10:48:43.044,1.54926,1.54933,1.50,1.50
2012.01.06 10:48:44.033,1.54928,1.54934,1.50,1.13
2012.01.06 10:48:44.112,1.54926,1.54934,3.00,1.13
2012.01.06 10:48:44.464,1.54928,1.54934,1.50,1.88
2012.01.06 10:48:45.564,1.5493,1.54935,1.50,4.13
2012.01.06 10:48:46.244,1.54928,1.54934,2.25,1.13
2012.01.06 10:48:49.492,1.5493,1.54937,1.50,1.50
2012.01.06 10:48:49.684,1.5493,1.54938,1.50,1.13
2012.01.06 10:48:49.823,1.54928,1.54939,1.50,1.13
2012.01.06 10:48:49.962,1.54928,1.54938,1.50,4.50
2012.01.06 10:48:51.109,1.5493,1.54937,1.50,1.13
2012.01.06 10:48:52.420,1.5493,1.54939,1.50,2.25
2012.01.06 10:48:52.800,1.5493,1.54941,3.00,1.50
2012.01.06 10:48:52.870,1.54932,1.54943,3.00,2.25
2012.01.06 10:48:53.220,1.54936,1.54945,1.50,3.00
2012.01.06 10:48:53.420,1.54936,1.54945,1.50,2.25
2012.01.06 10:48:53.977,1.54936,1.54945,2.25,1.50
2012.01.06 10:48:54.920,1.54936,1.54945,2.25,1.50
2012.01.06 10:48:55.061,1.54936,1.54945,2.25,1.50
2012.01.06 10:48:55.273,1.5494,1.54945,1.50,1.50
2012.01.06 10:48:55.752,1.54938,1.54947,1.50,2.63
2012.01.06 10:48:56.102,1.54938,1.54945,1.50,1.50
2012.01.06 10:48:56.710,1.54933,1.54945,1.50,1.50
2012.01.06 10:48:56.799,1.54934,1.54941,1.50,1.50
2012.01.06 10:48:56.959,1.54932,1.54936,1.50,2.25
2012.01.06 10:48:57.034,1.54932,1.54942,1.50,1.50
2012.01.06 10:48:57.189,1.54932,1.54937,1.50,1.50
2012.01.06 10:48:57.470,1.54927,1.54936,1.50,1.50
2012.01.06 10:48:58.491,1.54924,1.54934,1.50,2.25
2012.01.06 10:48:58.683,1.5492,1.5493,3.00,2.59
2012.01.06 10:48:58.852,1.54918,1.54925,1.50,2.97
2012.01.06 10:48:58.944,1.54916,1.54923,1.50,1.09
2012.01.06 10:48:59.107,1.54914,1.54922,1.50,1.50
2012.01.06 10:48:59.743,1.54913,1.54918,1.50,2.25
2012.01.06 10:49:00.094,1.54904,1.54915,3.00,1.58
2012.01.06 10:49:00.447,1.54905,1.54916,1.50,2.90
2012.01.06 10:49:00.528,1.54905,1.54916,3.00,1.88
2012.01.06 10:49:00.746,1.54907,1.54915,1.50,1.50
2012.01.06 10:49:00.890,1.54905,1.54915,1.50,1.50
2012.01.06 10:49:01.161,1.54903,1.54914,2.25,1.50
2012.01.06 10:49:01.711,1.54904,1.54916,1.50,3.75
2012.01.06 10:49:01.780,1.54903,1.54914,2.25,1.50
2012.01.06 10:49:01.995,1.54904,1.54914,1.50,1.50
2012.01.06 10:49:02.351,1.54906,1.54917,1.50,1.13
2012.01.06 10:49:02.693,1.54906,1.54916,1.50,2.63
2012.01.06 10:49:03.253,1.54905,1.54918,2.25,2.25
2012.01.06 10:49:03.325,1.54906,1.54919,3.00,4.50
2012.01.06 10:49:03.402,1.54908,1.5492,2.25,3.41
2012.01.06 10:49:04.166,1.54908,1.5492,2.25,1.88
2012.01.06 10:49:04.406,1.54908,1.54921,3.75,1.50
2012.01.06 10:49:04.626,1.5491,1.54924,3.00,5.64
2012.01.06 10:49:04.774,1.5491,1.54922,1.50,1.50
2012.01.06 10:49:04.845,1.54913,1.54924,1.50,1.50
2012.01.06 10:49:05.211,1.54913,1.54924,1.50,1.50
2012.01.06 10:49:06.036,1.5491,1.54923,1.50,2.25
2012.01.06 10:49:06.329,1.54912,1.54923,1.50,2.25
2012.01.06 10:49:06.629,1.54914,1.54923,1.50,1.50
2012.01.06 10:49:06.780,1.54912,1.54923,1.50,1.50
2012.01.06 10:49:06.925,1.54912,1.5492,1.50,1.50
2012.01.06 10:49:07.005,1.5491,1.5492,1.50,1.50
2012.01.06 10:49:07.722,1.54916,1.54924,1.50,1.50
2012.01.06 10:49:07.862,1.54914,1.54924,1.50,1.50
2012.01.06 10:49:07.938,1.54911,1.54925,2.25,3.75
2012.01.06 10:49:08.282,1.54913,1.54925,1.50,2.25
2012.01.06 10:49:08.423,1.54913,1.54925,2.25,1.50
2012.01.06 10:49:08.966,1.54913,1.54925,1.50,1.50
2012.01.06 10:49:09.839,1.54913,1.54926,2.25,1.88
2012.01.06 10:49:10.343,1.54915,1.54926,1.50,1.88
2012.01.06 10:49:11.175,1.54915,1.54927,2.25,1.88
2012.01.06 10:49:11.675,1.54913,1.54926,3.00,1.50
2012.01.06 10:49:12.207,1.54913,1.54927,3.00,4.13
2012.01.06 10:49:12.428,1.54915,1.54925,1.50,3.15
2012.01.06 10:49:12.530,1.54913,1.54922,1.50,3.38
2012.01.06 10:49:12.625,1.54909,1.5492,1.50,2.25
2012.01.06 10:49:12.773,1.54907,1.5492,2.25,3.00
2012.01.06 10:49:13.277,1.54908,1.5492,1.13,1.88
2012.01.06 10:49:13.356,1.54908,1.5492,1.13,1.88
2012.01.06 10:49:13.897,1.54912,1.54924,1.50,1.50
2012.01.06 10:49:14.443,1.5491,1.54924,3.00,3.00
2012.01.06 10:49:15.223,1.54912,1.54924,2.25,3.00
2012.01.06 10:49:15.745,1.5491,1.54924,3.00,3.00
2012.01.06 10:49:16.871,1.5491,1.54924,3.00,2.25
2012.01.06 10:49:17.383,1.54913,1.54925,1.50,2.67
2012.01.06 10:49:17.766,1.54915,1.54925,1.50,1.58
2012.01.06 10:49:18.121,1.54917,1.54927,1.50,1.50
2012.01.06 10:49:18.662,1.54917,1.54927,1.50,1.50
2012.01.06 10:49:19.269,1.54914,1.54927,2.25,1.50
2012.01.06 10:49:19.347,1.54916,1.54928,1.50,2.33
2012.01.06 10:49:19.853,1.54915,1.54928,2.25,1.50
2012.01.06 10:49:20.402,1.54915,1.54928,3.00,1.50
2012.01.06 10:49:20.708,1.54918,1.54928,1.50,1.50
2012.01.06 10:49:21.020,1.54915,1.54928,2.25,1.50
2012.01.06 10:49:21.587,1.54914,1.54922,1.50,2.25
2012.01.06 10:49:21.809,1.54913,1.54926,1.50,2.25
2012.01.06 10:49:22.359,1.54914,1.54923,1.50,2.25
2012.01.06 10:49:22.880,1.54913,1.54923,2.25,2.25
2012.01.06 10:49:23.401,1.54913,1.54923,2.25,6.75
2012.01.06 10:49:23.960,1.54913,1.54919,1.50,2.25
2012.01.06 10:49:24.507,1.54913,1.54919,1.50,2.25
2012.01.06 10:49:25.012,1.54911,1.54919,1.50,2.25
2012.01.06 10:49:25.095,1.54911,1.54923,1.50,1.50
2012.01.06 10:49:25.630,1.54911,1.54921,1.50,1.50
2012.01.06 10:49:25.711,1.54912,1.54923,1.50,3.75
2012.01.06 10:49:26.139,1.54916,1.54924,1.50,1.50
2012.01.06 10:49:26.441,1.5492,1.54925,1.50,1.50
2012.01.06 10:49:26.730,1.54916,1.54924,2.25,3.00
2012.01.06 10:49:27.347,1.54914,1.54919,1.50,2.25
2012.01.06 10:49:27.421,1.54913,1.54921,1.50,2.25
2012.01.06 10:49:27.494,1.54913,1.54923,1.50,2.25
2012.01.06 10:49:28.128,1.54913,1.54923,1.50,6.75
2012.01.06 10:49:28.848,1.54911,1.54919,3.00,2.25
2012.01.06 10:49:28.938,1.54911,1.54919,2.25,2.25
2012.01.06 10:49:29.179,1.54908,1.54919,1.50,3.00
2012.01.06 10:49:29.271,1.54907,1.54919,3.00,3.00
2012.01.06 10:49:29.526,1.54907,1.54919,2.25,3.00
2012.01.06 10:49:30.427,1.54905,1.54918,1.50,3.00
2012.01.06 10:49:30.579,1.54908,1.54919,1.50,3.38
2012.01.06 10:49:31.098,1.54908,1.54919,1.50,3.38
2012.01.06 10:49:31.884,1.54908,1.54919,1.50,3.38
2012.01.06 10:49:31.969,1.5491,1.54919,1.50,3.38
2012.01.06 10:49:32.324,1.54916,1.54921,1.50,1.50
2012.01.06 10:49:32.491,1.54914,1.54921,2.25,1.50
2012.01.06 10:49:32.832,1.54916,1.54922,1.50,1.50
2012.01.06 10:49:32.973,1.54914,1.54921,2.25,1.50
2012.01.06 10:49:33.116,1.54916,1.54922,2.25,1.50
2012.01.06 10:49:33.672,1.54916,1.54922,2.25,1.50
2012.01.06 10:49:33.752,1.54913,1.54926,1.50,1.50
2012.01.06 10:49:34.319,1.54914,1.54928,2.25,3.00
2012.01.06 10:49:34.871,1.54914,1.54928,2.25,2.25
2012.01.06 10:49:35.465,1.54914,1.54928,2.25,3.00
2012.01.06 10:49:36.017,1.54916,1.54929,2.25,3.75
2012.01.06 10:49:36.232,1.54914,1.54928,2.25,2.25
2012.01.06 10:49:37.224,1.54914,1.54928,3.75,3.00
2012.01.06 10:49:38.203,1.54914,1.54927,2.25,2.25
2012.01.06 10:49:39.271,1.54914,1.54927,2.25,2.25
2012.01.06 10:49:39.970,1.54914,1.54927,2.25,1.50
2012.01.06 10:49:40.472,1.54914,1.54927,2.25,2.25
2012.01.06 10:49:41.277,1.54914,1.54927,2.25,1.50
2012.01.06 10:49:41.809,1.54915,1.54927,2.25,2.25
2012.01.06 10:49:42.189,1.54918,1.54927,1.50,2.25
2012.01.06 10:49:42.812,1.54917,1.54927,2.25,1.50
2012.01.06 10:49:43.626,1.54917,1.54924,2.25,1.50
2012.01.06 10:49:43.702,1.54911,1.54924,3.00,1.50
2012.01.06 10:49:43.841,1.54911,1.54925,3.00,2.25
2012.01.06 10:49:44.403,1.54911,1.54925,4.50,3.75
2012.01.06 10:49:44.732,1.54913,1.54921,1.50,1.50
2012.01.06 10:49:44.872,1.5491,1.54919,2.25,2.25
2012.01.06 10:49:45.419,1.54908,1.54919,3.00,2.25
2012.01.06 10:49:46.388,1.54908,1.54918,3.00,4.50
2012.01.06 10:49:46.673,1.54905,1.54913,1.50,2.25
2012.01.06 10:49:46.745,1.54905,1.54915,1.50,1.50
2012.01.06 10:49:46.824,1.549,1.54913,4.50,2.25
2012.01.06 10:49:46.908,1.54903,1.54913,2.25,1.50
2012.01.06 10:49:46.985,1.54903,1.54915,2.25,2.25
2012.01.06 10:49:47.464,1.54908,1.54919,1.50,3.75
2012.01.06 10:49:47.968,1.54908,1.54921,2.25,1.88
2012.01.06 10:49:48.469,1.54908,1.54919,2.25,2.25
2012.01.06 10:49:49.082,1.54906,1.54919,3.75,2.25
2012.01.06 10:49:49.432,1.54906,1.54919,1.50,3.75
2012.01.06 10:49:49.574,1.54908,1.54922,2.25,2.25
2012.01.06 10:49:49.646,1.54908,1.54921,2.25,1.50
2012.01.06 10:49:50.295,1.5491,1.54921,1.50,1.50
2012.01.06 10:49:50.783,1.54911,1.54923,2.25,4.50
2012.01.06 10:49:53.014,1.54909,1.54923,2.25,5.25
2012.01.06 10:49:53.549,1.54911,1.54923,1.50,4.50
2012.01.06 10:49:54.473,1.54909,1.54923,3.75,3.75
2012.01.06 10:49:54.683,1.54911,1.54925,3.75,2.25
2012.01.06 10:49:54.826,1.54913,1.54927,2.25,3.00
2012.01.06 10:49:55.490,1.54915,1.54929,2.25,6.00
2012.01.06 10:49:55.571,1.54915,1.54927,2.25,1.50
2012.01.06 10:49:55.644,1.54915,1.54922,2.25,1.84
2012.01.06 10:49:55.979,1.54913,1.54918,2.25,3.75
2012.01.06 10:49:56.071,1.5491,1.54918,2.25,1.64
2012.01.06 10:49:56.144,1.5491,1.54919,2.25,1.50
2012.01.06 10:49:56.216,1.5491,1.5492,3.00,1.50
2012.01.06 10:49:56.368,1.54906,1.54918,1.50,1.50
2012.01.06 10:49:56.518,1.54906,1.5492,2.25,2.25
2012.01.06 10:49:56.737,1.54904,1.54918,4.50,1.50
2012.01.06 10:49:57.382,1.54904,1.54918,3.75,1.50
2012.01.06 10:49:57.733,1.54902,1.54916,7.50,3.00
2012.01.06 10:49:58.090,1.54904,1.54914,3.00,2.25
2012.01.06 10:49:58.443,1.54907,1.54916,4.13,1.50
2012.01.06 10:49:59.085,1.54904,1.54913,3.00,2.25
2012.01.06 10:49:59.171,1.549,1.54913,1.50,3.75
2012.01.06 10:49:59.720,1.54903,1.54913,2.25,2.25
2012.01.06 10:50:00.880,1.549,1.54913,3.00,2.25
2012.01.06 10:50:04.791,1.549,1.54913,5.25,3.00
2012.01.06 10:50:10.253,1.54902,1.54913,1.50,3.00
2012.01.06 10:50:10.595,1.54903,1.54916,1.50,2.25
2012.01.06 10:50:11.050,1.54905,1.54918,1.50,1.50
2012.01.06 10:50:11.348,1.54905,1.54918,1.50,2.25
2012.01.06 10:50:14.782,1.54908,1.54919,1.50,1.50
2012.01.06 10:50:14.894,1.54912,1.54925,2.25,1.13
2012.01.06 10:50:14.970,1.54912,1.54924,2.25,5.25
2012.01.06 10:50:15.531,1.54909,1.54922,2.25,3.00
2012.01.06 10:50:16.451,1.54909,1.5492,2.25,2.25
2012.01.06 10:50:17.097,1.54909,1.54922,2.25,3.00
2012.01.06 10:50:17.611,1.54909,1.54922,2.25,4.50
2012.01.06 10:50:18.825,1.54909,1.54922,2.25,3.75
2012.01.06 10:50:18.924,1.54907,1.54921,2.25,3.00
2012.01.06 10:50:19.463,1.54909,1.54921,1.50,1.50
2012.01.06 10:50:20.000,1.54909,1.5492,1.50,1.50
2012.01.06 10:50:20.521,1.54909,1.54919,1.50,2.25
2012.01.06 10:50:21.083,1.54907,1.54919,2.25,3.75
2012.01.06 10:50:21.154,1.54907,1.54917,2.25,1.50
2012.01.06 10:50:21.493,1.54905,1.54917,1.50,6.00
2012.01.06 10:50:21.631,1.54904,1.54915,1.50,1.50
2012.01.06 10:50:22.378,1.54903,1.54913,1.50,2.25
2012.01.06 10:50:22.665,1.54903,1.54913,1.50,3.75
2012.01.06 10:50:22.812,1.54901,1.54915,1.50,3.00
2012.01.06 10:50:23.345,1.54901,1.54915,2.25,2.25
2012.01.06 10:50:23.820,1.54905,1.54917,1.50,1.50
2012.01.06 10:50:24.503,1.54905,1.54917,1.50,1.50
2012.01.06 10:50:25.010,1.54902,1.54916,5.25,2.25
2012.01.06 10:50:25.564,1.54905,1.54917,1.50,1.50
2012.01.06 10:50:26.751,1.54906,1.54916,2.25,1.50
2012.01.06 10:50:26.895,1.54901,1.54915,6.38,1.50
2012.01.06 10:50:27.849,1.54901,1.54915,5.63,2.25
2012.01.06 10:50:29.009,1.54901,1.54913,1.50,4.50
2012.01.06 10:50:29.733,1.54901,1.54913,2.25,3.00
2012.01.06 10:50:30.259,1.54901,1.54913,3.00,3.75
2012.01.06 10:50:30.970,1.54899,1.54913,3.38,5.25
2012.01.06 10:50:31.700,1.54899,1.54913,3.38,5.25
2012.01.06 10:50:32.340,1.54899,1.54913,3.38,5.25
2012.01.06 10:50:33.070,1.54899,1.54913,3.38,5.25
2012.01.06 10:50:33.749,1.54899,1.54913,3.38,5.25
2012.01.06 10:50:34.381,1.54899,1.54913,3.38,5.25
2012.01.06 10:50:41.239,1.549,1.54913,1.84,5.25
2012.01.06 10:50:41.752,1.549,1.54913,4.09,3.00
2012.01.06 10:50:42.051,1.549,1.54913,4.47,2.25
2012.01.06 10:50:42.404,1.549,1.54911,1.09,1.50
2012.01.06 10:50:42.752,1.54896,1.54907,2.63,1.50
2012.01.06 10:50:42.964,1.54896,1.54909,3.75,1.13
2012.01.06 10:50:43.649,1.54896,1.54908,2.25,2.25
2012.01.06 10:50:46.311,1.54896,1.54908,1.50,2.25
2012.01.06 10:50:46.848,1.54896,1.54908,1.50,2.25
2012.01.06 10:50:47.771,1.54895,1.54908,3.00,1.50
2012.01.06 10:50:48.300,1.54896,1.54909,2.25,1.13
2012.01.06 10:50:51.207,1.54895,1.54908,3.00,2.25
2012.01.06 10:50:51.496,1.54894,1.54906,2.33,1.13
2012.01.06 10:50:51.858,1.54892,1.549,1.50,2.25
2012.01.06 10:50:51.941,1.54887,1.54899,1.13,1.50
2012.01.06 10:50:52.021,1.54886,1.54898,1.13,3.75
2012.01.06 10:50:52.598,1.54888,1.54901,2.25,2.25
2012.01.06 10:50:52.747,1.5489,1.54902,1.50,1.38
2012.01.06 10:50:53.171,1.5489,1.54902,1.50,1.38
2012.01.06 10:50:53.457,1.5489,1.54903,2.25,1.35
2012.01.06 10:50:53.607,1.54891,1.54904,1.50,2.13
2012.01.06 10:50:54.116,1.54894,1.54904,1.50,1.38
2012.01.06 10:50:54.663,1.54894,1.54906,1.50,2.25
2012.01.06 10:50:55.000,1.54894,1.54907,3.00,1.38
2012.01.06 10:50:55.682,1.54894,1.54904,2.25,5.25
2012.01.06 10:50:55.827,1.54894,1.54903,2.25,1.13
2012.01.06 10:50:56.373,1.5489,1.54903,2.25,1.13
2012.01.06 10:50:56.862,1.5489,1.54903,2.25,1.13
2012.01.06 10:50:57.204,1.54893,1.54904,3.00,2.25
2012.01.06 10:50:57.353,1.54893,1.54904,3.00,2.25
2012.01.06 10:50:57.561,1.54895,1.54906,2.25,2.25
2012.01.06 10:50:57.771,1.54897,1.54906,1.50,2.25
2012.01.06 10:50:58.317,1.54898,1.54909,2.25,1.76
2012.01.06 10:50:58.684,1.54895,1.54909,3.00,3.26
2012.01.06 10:50:58.769,1.54895,1.54908,2.25,1.50
2012.01.06 10:50:59.336,1.54895,1.54906,1.50,1.50
2012.01.06 10:51:00.176,1.54893,1.54906,2.25,1.50
2012.01.06 10:51:00.749,1.54891,1.54905,3.00,2.25
2012.01.06 10:51:01.299,1.54891,1.54905,2.25,2.25
2012.01.06 10:51:01.859,1.54893,1.54906,1.50,1.50
2012.01.06 10:51:02.460,1.54893,1.54906,1.50,1.50
2012.01.06 10:51:03.014,1.54893,1.54906,1.50,1.50
2012.01.06 10:51:03.532,1.54893,1.54906,1.50,1.50
2012.01.06 10:51:04.130,1.54893,1.54906,2.25,1.50
2012.01.06 10:51:04.450,1.54893,1.54906,1.50,1.88
2012.01.06 10:51:04.519,1.54891,1.54905,2.25,2.25
2012.01.06 10:51:06.349,1.54891,1.54905,1.50,3.00
2012.01.06 10:51:06.493,1.54889,1.54903,2.25,2.25
2012.01.06 10:51:09.124,1.54889,1.54903,2.25,2.25
2012.01.06 10:51:09.261,1.54892,1.54906,1.50,4.38
2012.01.06 10:51:10.328,1.5489,1.54904,2.25,2.25
2012.01.06 10:51:10.709,1.5489,1.54904,2.25,2.25
2012.01.06 10:51:12.742,1.54892,1.54901,1.50,1.50
2012.01.06 10:51:13.270,1.54889,1.54902,2.25,3.00
2012.01.06 10:51:14.501,1.54889,1.54901,1.54,1.50
2012.01.06 10:51:14.860,1.54893,1.54904,3.00,1.50
2012.01.06 10:51:15.370,1.54893,1.54905,4.50,2.63
2012.01.06 10:51:15.876,1.54896,1.54906,2.25,1.88
2012.01.06 10:51:16.443,1.54896,1.54906,2.25,1.13
2012.01.06 10:51:16.979,1.54894,1.54908,2.25,4.09
2012.01.06 10:51:17.480,1.54894,1.54906,2.25,1.50
2012.01.06 10:51:17.631,1.54894,1.54906,1.50,1.50
2012.01.06 10:51:17.829,1.54892,1.54906,2.25,3.00
2012.01.06 10:51:18.904,1.5489,1.54904,2.25,2.25
2012.01.06 10:51:19.685,1.54892,1.54904,1.50,1.38
2012.01.06 10:51:20.231,1.54888,1.54902,2.25,1.50
2012.01.06 10:51:21.925,1.54888,1.54902,2.25,2.25
2012.01.06 10:51:22.010,1.54888,1.54902,2.25,2.88
2012.01.06 10:51:22.736,1.54888,1.54902,2.25,2.88
2012.01.06 10:51:23.271,1.54888,1.54902,2.25,3.63
2012.01.06 10:51:24.259,1.54888,1.54902,1.50,3.63
2012.01.06 10:51:25.857,1.54888,1.54902,1.50,3.63
2012.01.06 10:51:26.382,1.54888,1.54902,1.50,3.63
2012.01.06 10:51:26.451,1.54888,1.54902,2.25,3.63
2012.01.06 10:51:26.592,1.54889,1.54902,3.00,2.88
2012.01.06 10:51:26.932,1.54888,1.54902,2.25,3.00
2012.01.06 10:51:27.359,1.54888,1.54902,3.00,2.25
2012.01.06 10:51:28.152,1.54889,1.54902,1.50,2.25
2012.01.06 10:51:31.097,1.5489,1.54904,2.25,2.88
2012.01.06 10:51:32.578,1.5489,1.54903,2.25,1.50
2012.01.06 10:51:35.039,1.54889,1.54902,1.50,4.50
2012.01.06 10:51:35.598,1.54889,1.54902,1.50,4.50
2012.01.06 10:51:36.845,1.54888,1.54902,4.50,3.00
2012.01.06 10:51:37.240,1.54888,1.54902,4.50,3.00
2012.01.06 10:51:37.863,1.5489,1.54903,2.25,1.13
2012.01.06 10:51:38.345,1.54888,1.54901,5.25,1.50
2012.01.06 10:51:38.560,1.54888,1.54901,5.25,1.50
2012.01.06 10:51:39.359,1.54888,1.549,3.00,1.88
2012.01.06 10:51:39.499,1.54888,1.549,3.00,1.88
2012.01.06 10:51:40.001,1.54888,1.549,3.00,1.88
2012.01.06 10:51:40.579,1.54888,1.549,3.00,1.88
2012.01.06 10:51:40.862,1.54888,1.549,3.00,1.88
2012.01.06 10:51:41.136,1.54887,1.549,1.50,1.88
2012.01.06 10:51:41.743,1.54888,1.549,3.00,1.88
2012.01.06 10:51:42.239,1.54888,1.549,3.00,1.88
2012.01.06 10:51:42.786,1.54888,1.549,3.00,1.88
2012.01.06 10:51:43.226,1.54888,1.54899,2.25,1.13
2012.01.06 10:51:43.441,1.54888,1.54898,1.50,1.13
2012.01.06 10:51:43.927,1.54881,1.54895,2.25,2.25
2012.01.06 10:51:44.070,1.54881,1.54895,1.50,2.25
2012.01.06 10:51:44.472,1.54877,1.54891,3.34,2.25
2012.01.06 10:51:44.806,1.54879,1.54893,2.25,1.50
2012.01.06 10:51:45.333,1.54883,1.54897,1.50,2.25
2012.01.06 10:51:45.721,1.54883,1.54897,2.25,1.50
2012.01.06 10:51:46.514,1.54885,1.54899,2.25,2.25
2012.01.06 10:51:47.729,1.54884,1.54898,2.25,1.50
2012.01.06 10:51:52.759,1.54884,1.54898,2.25,1.50
2012.01.06 10:51:53.609,1.54884,1.54898,2.25,1.50
2012.01.06 10:51:54.158,1.54884,1.54898,2.25,1.50
2012.01.06 10:51:54.485,1.54886,1.549,2.25,1.50
2012.01.06 10:51:55.958,1.54886,1.549,2.25,1.50
2012.01.06 10:51:57.293,1.54886,1.549,2.25,3.75
2012.01.06 10:51:57.829,1.54886,1.549,2.25,3.75
2012.01.06 10:52:00.038,1.54886,1.549,2.25,3.75
2012.01.06 10:52:00.328,1.54886,1.549,2.25,3.75
2012.01.06 10:52:00.593,1.54884,1.54898,2.25,1.50
2012.01.06 10:52:01.324,1.54884,1.54898,2.25,1.50
2012.01.06 10:52:03.233,1.54883,1.54896,1.50,3.00
2012.01.06 10:52:03.306,1.54882,1.54892,2.25,1.50
2012.01.06 10:52:03.382,1.5488,1.54892,1.50,1.50
2012.01.06 10:52:03.451,1.5488,1.54894,3.00,3.00
2012.01.06 10:52:03.523,1.5488,1.54894,2.25,3.75
2012.01.06 10:52:03.593,1.54878,1.54892,3.75,1.50
2012.01.06 10:52:03.946,1.54878,1.54892,3.38,1.50
2012.01.06 10:52:04.492,1.5488,1.54894,2.25,3.00
2012.01.06 10:52:04.567,1.54883,1.54896,2.25,1.50
2012.01.06 10:52:06.519,1.54883,1.54897,2.25,2.25
2012.01.06 10:52:07.026,1.54883,1.54896,2.25,1.50
2012.01.06 10:52:09.579,1.54883,1.54897,2.25,2.25
2012.01.06 10:52:10.308,1.54883,1.54897,2.25,2.25
2012.01.06 10:52:10.897,1.54883,1.54897,2.25,2.25
2012.01.06 10:52:11.514,1.54883,1.54897,2.25,2.25
2012.01.06 10:52:12.059,1.54883,1.54897,2.25,2.25
2012.01.06 10:52:12.371,1.54881,1.54895,2.25,1.50
2012.01.06 10:52:13.058,1.54883,1.54897,2.25,2.25
2012.01.06 10:52:13.394,1.54883,1.54897,2.25,1.50
2012.01.06 10:52:14.509,1.54883,1.54897,2.25,2.25
2012.01.06 10:52:15.049,1.54883,1.54897,2.25,1.50
2012.01.06 10:52:16.070,1.54885,1.54899,2.25,5.63
2012.01.06 10:52:16.651,1.54885,1.54899,2.25,4.88
2012.01.06 10:52:17.832,1.54888,1.54899,3.00,1.88
2012.01.06 10:52:19.409,1.54888,1.54899,3.00,1.88
2012.01.06 10:52:20.208,1.54888,1.54899,3.00,1.50
2012.01.06 10:52:20.291,1.54889,1.54903,2.25,2.63
2012.01.06 10:52:20.424,1.54889,1.54903,2.25,1.88
2012.01.06 10:52:20.918,1.54893,1.54905,3.00,2.33
2012.01.06 10:52:21.483,1.54893,1.54905,3.00,1.58
2012.01.06 10:52:22.014,1.54893,1.54905,3.00,1.50
2012.01.06 10:52:22.586,1.54893,1.54905,3.00,1.50
2012.01.06 10:52:23.113,1.54895,1.54908,2.25,1.88
2012.01.06 10:52:23.241,1.54895,1.54908,2.25,1.88
2012.01.06 10:52:23.790,1.54895,1.54908,2.25,2.63
2012.01.06 10:52:26.141,1.54897,1.54908,2.25,1.88
2012.01.06 10:52:26.670,1.54897,1.54906,2.25,1.50
2012.01.06 10:52:27.339,1.54897,1.54906,2.25,1.50
2012.01.06 10:52:29.652,1.54897,1.54908,2.25,1.88
2012.01.06 10:52:29.723,1.54897,1.54908,2.25,1.50
2012.01.06 10:52:29.797,1.54897,1.54909,2.25,1.01
2012.01.06 10:52:30.364,1.54897,1.54911,2.25,4.09
2012.01.06 10:52:31.399,1.54897,1.5491,2.25,1.88
2012.01.06 10:52:33.778,1.54895,1.54909,3.00,2.63
2012.01.06 10:52:35.480,1.54895,1.54909,3.00,1.88
2012.01.06 10:52:36.644,1.54895,1.54909,3.00,2.63
2012.01.06 10:52:36.710,1.54894,1.54907,1.50,1.50
2012.01.06 10:52:36.840,1.54893,1.54907,2.25,2.25
2012.01.06 10:52:36.908,1.54893,1.54907,2.25,1.50
2012.01.06 10:52:37.231,1.54895,1.54909,2.25,4.13
2012.01.06 10:52:38.048,1.54893,1.54907,2.25,1.50
2012.01.06 10:52:39.696,1.54893,1.54907,2.25,2.25
2012.01.06 10:52:40.339,1.54893,1.54907,2.25,2.25
2012.01.06 10:52:40.881,1.54893,1.54907,2.25,2.25
2012.01.06 10:52:41.809,1.54895,1.54907,1.50,1.50
2012.01.06 10:52:42.465,1.54898,1.54909,3.00,1.88
2012.01.06 10:52:42.739,1.54898,1.54909,2.25,1.13
2012.01.06 10:52:43.021,1.54895,1.54908,2.25,2.25
2012.01.06 10:52:43.091,1.54895,1.54904,2.25,1.50
2012.01.06 10:52:43.539,1.54893,1.54906,1.50,1.50
2012.01.06 10:52:43.879,1.54893,1.54906,1.50,1.50
2012.01.06 10:52:44.089,1.54895,1.54908,4.50,1.50
2012.01.06 10:52:44.422,1.54897,1.54907,3.00,1.50
2012.01.06 10:52:44.692,1.54897,1.54909,3.00,1.88
2012.01.06 10:52:44.763,1.54902,1.54911,3.00,4.84
2012.01.06 10:52:45.239,1.54894,1.54908,3.00,1.50
2012.01.06 10:52:45.774,1.54894,1.54907,1.50,1.50
2012.01.06 10:52:46.302,1.54895,1.54907,1.50,1.50
2012.01.06 10:52:46.583,1.54895,1.54905,1.50,1.50
2012.01.06 10:52:47.290,1.54895,1.54907,1.50,2.25
2012.01.06 10:52:47.828,1.54895,1.54907,1.50,1.50
2012.01.06 10:52:49.799,1.54895,1.54907,1.50,1.50
2012.01.06 10:52:49.996,1.54895,1.54909,3.00,4.13
2012.01.06 10:52:50.249,1.54893,1.54907,3.75,1.50
2012.01.06 10:52:50.532,1.54893,1.54905,1.50,1.50
2012.01.06 10:52:50.604,1.54893,1.54905,1.50,1.50
2012.01.06 10:52:51.416,1.54896,1.5491,2.25,5.97
2012.01.06 10:52:51.699,1.54894,1.54908,2.25,2.25
2012.01.06 10:52:51.774,1.54892,1.54905,4.50,1.50
2012.01.06 10:52:52.310,1.54892,1.54906,2.25,2.25
2012.01.06 10:52:52.891,1.54892,1.54906,2.25,2.25
2012.01.06 10:52:54.613,1.54894,1.54908,2.25,4.13
2012.01.06 10:52:54.967,1.5489,1.54904,2.25,2.25
2012.01.06 10:52:55.039,1.5489,1.54904,2.25,3.00
2012.01.06 10:52:55.569,1.5489,1.54904,2.25,2.25
2012.01.06 10:52:56.370,1.54888,1.54902,3.00,1.50
2012.01.06 10:52:57.268,1.54888,1.54902,3.00,1.50
2012.01.06 10:52:57.810,1.5489,1.54903,2.25,1.50
2012.01.06 10:52:58.569,1.54888,1.54902,5.25,1.50
2012.01.06 10:53:00.476,1.54888,1.54902,5.25,3.00
2012.01.06 10:53:00.693,1.54888,1.549,1.50,1.50
2012.01.06 10:53:01.593,1.54886,1.549,2.25,1.88
2012.01.06 10:53:01.730,1.54886,1.549,2.25,1.88
2012.01.06 10:53:04.549,1.54886,1.549,2.25,2.63
2012.01.06 10:53:05.110,1.54886,1.549,2.25,1.88
2012.01.06 10:53:05.628,1.54886,1.54899,2.25,1.13
2012.01.06 10:53:06.418,1.54886,1.54899,2.25,1.13
2012.01.06 10:53:06.873,1.54886,1.54899,2.25,1.13
2012.01.06 10:53:07.223,1.54894,1.54902,3.00,1.88
2012.01.06 10:53:07.433,1.54894,1.54906,4.50,1.13
2012.01.06 10:53:07.855,1.54896,1.54908,2.25,1.50
2012.01.06 10:53:08.567,1.54896,1.54908,2.25,1.50
2012.01.06 10:53:08.646,1.54892,1.54906,2.25,2.59
2012.01.06 10:53:08.920,1.54892,1.54906,2.25,2.59
2012.01.06 10:53:09.930,1.54892,1.54906,2.25,2.59
2012.01.06 10:53:10.500,1.54892,1.54906,2.25,2.59
2012.01.06 10:53:11.730,1.54892,1.54906,2.25,2.59
2012.01.06 10:53:12.285,1.54892,1.54906,2.25,2.59
2012.01.06 10:53:13.073,1.54892,1.54906,2.25,2.59
2012.01.06 10:53:15.489,1.54894,1.54906,2.25,1.09
2012.01.06 10:53:16.021,1.54894,1.54906,2.25,1.09
2012.01.06 10:53:16.978,1.54894,1.54906,2.25,1.09
2012.01.06 10:53:17.601,1.54894,1.54906,3.75,1.09
2012.01.06 10:53:18.508,1.54894,1.54906,2.25,1.09
2012.01.06 10:53:19.010,1.54892,1.54906,3.00,2.25
2012.01.06 10:53:22.692,1.54894,1.54908,2.25,3.38
2012.01.06 10:53:23.220,1.54894,1.54908,2.25,4.47
2012.01.06 10:53:23.423,1.54894,1.54906,2.25,1.50
2012.01.06 10:53:23.935,1.54894,1.54906,1.50,1.50
2012.01.06 10:53:24.590,1.54892,1.54905,2.25,1.50
2012.01.06 10:53:24.870,1.54889,1.54901,1.50,1.50
2012.01.06 10:53:25.224,1.54886,1.54899,1.50,1.50
2012.01.06 10:53:25.771,1.54885,1.54899,2.25,1.50
2012.01.06 10:53:25.840,1.54885,1.54899,2.25,2.25
2012.01.06 10:53:25.913,1.54885,1.54899,2.25,6.75
2012.01.06 10:53:26.125,1.54881,1.54895,2.25,1.50
2012.01.06 10:53:26.854,1.54886,1.54896,1.50,1.50
2012.01.06 10:53:27.390,1.54884,1.54896,2.25,1.50
2012.01.06 10:53:28.519,1.54884,1.54896,2.25,2.25
2012.01.06 10:53:28.854,1.54886,1.54899,2.25,3.00
2012.01.06 10:53:29.181,1.54884,1.54897,1.50,1.50
2012.01.06 10:53:29.323,1.54886,1.54899,2.25,3.75
2012.01.06 10:53:29.831,1.54888,1.54899,2.25,2.25
2012.01.06 10:53:29.905,1.5489,1.54899,2.25,2.25
2012.01.06 10:53:30.408,1.54888,1.549,2.25,2.59
2012.01.06 10:53:30.973,1.5489,1.549,2.25,1.09
2012.01.06 10:53:31.452,1.54885,1.54899,2.25,3.75
2012.01.06 10:53:31.985,1.54888,1.549,2.25,1.09
2012.01.06 10:53:35.418,1.54888,1.54901,2.25,1.84
2012.01.06 10:53:37.541,1.54888,1.54901,2.25,1.50
2012.01.06 10:53:38.224,1.54886,1.549,4.50,1.50
2012.01.06 10:53:38.590,1.54886,1.549,6.00,2.25
2012.01.06 10:53:39.137,1.54888,1.54899,2.25,2.25
2012.01.06 10:53:39.658,1.54886,1.54899,2.25,3.00
2012.01.06 10:53:40.202,1.54887,1.54899,2.25,2.25
2012.01.06 10:53:40.274,1.54889,1.54899,2.25,2.25
2012.01.06 10:53:41.163,1.54889,1.54899,2.25,2.25
2012.01.06 10:53:41.906,1.54885,1.54898,1.50,1.50
2012.01.06 10:53:42.452,1.54886,1.54899,2.25,3.63
2012.01.06 10:53:43.268,1.54886,1.54899,2.29,3.63
2012.01.06 10:53:43.724,1.54888,1.549,2.25,2.25
2012.01.06 10:53:44.250,1.54886,1.549,2.25,4.50
2012.01.06 10:53:46.145,1.54888,1.549,2.29,2.25
2012.01.06 10:53:46.570,1.54888,1.54901,5.25,1.38
2012.01.06 10:53:47.110,1.5489,1.54904,3.00,3.63
2012.01.06 10:53:48.900,1.5489,1.54902,1.50,1.50
2012.01.06 10:53:49.444,1.5489,1.54902,1.50,1.50
2012.01.06 10:53:49.796,1.54891,1.54904,3.00,2.13
2012.01.06 10:53:49.943,1.54895,1.54904,2.25,1.50
2012.01.06 10:53:50.087,1.54895,1.54904,3.00,1.50
2012.01.06 10:53:50.167,1.54895,1.54906,3.00,3.63
2012.01.06 10:53:50.318,1.54898,1.54908,2.25,2.13
2012.01.06 10:53:51.034,1.54896,1.5491,4.50,3.34
2012.01.06 10:53:51.453,1.54896,1.5491,4.50,2.59
2012.01.06 10:53:52.489,1.54896,1.5491,4.50,2.59
2012.01.06 10:53:53.011,1.54896,1.54908,3.00,1.50
2012.01.06 10:53:53.788,1.54896,1.54909,3.00,2.13
2012.01.06 10:53:54.121,1.54897,1.54906,3.00,1.50
2012.01.06 10:53:54.701,1.54897,1.54908,4.50,1.50
2012.01.06 10:53:54.840,1.54899,1.54911,1.50,2.13
2012.01.06 10:53:55.192,1.54897,1.54911,6.00,3.63
2012.01.06 10:53:55.880,1.54897,1.54911,3.00,3.63
2012.01.06 10:53:56.430,1.54897,1.54911,5.25,2.88
2012.01.06 10:53:56.960,1.54897,1.54911,5.25,2.88
2012.01.06 10:53:57.950,1.54897,1.54911,5.25,2.88
2012.01.06 10:53:58.639,1.54897,1.54911,5.25,2.88
2012.01.06 10:53:59.992,1.54897,1.54909,3.75,1.50
2012.01.06 10:54:00.547,1.54897,1.54911,5.25,2.88
2012.01.06 10:54:01.060,1.54897,1.54911,5.25,2.88
2012.01.06 10:54:03.759,1.54897,1.54911,5.25,2.88
2012.01.06 10:54:07.929,1.54902,1.54911,1.50,1.38
2012.01.06 10:54:08.640,1.54902,1.54913,1.50,3.00
2012.01.06 10:54:08.719,1.54899,1.54913,2.25,4.50
2012.01.06 10:54:10.629,1.54899,1.54913,2.25,4.50
2012.01.06 10:54:11.188,1.54899,1.54913,2.25,3.75
2012.01.06 10:54:12.774,1.54903,1.54913,1.50,2.25
2012.01.06 10:54:13.350,1.54909,1.54915,1.84,2.25
2012.01.06 10:54:13.645,1.54922,1.54928,2.25,4.50
2012.01.06 10:54:13.732,1.54922,1.54933,2.63,1.50
2012.01.06 10:54:13.823,1.54928,1.54935,1.50,2.25
2012.01.06 10:54:13.901,1.54928,1.54936,2.25,1.50
2012.01.06 10:54:14.663,1.5493,1.54934,3.00,1.50
2012.01.06 10:54:14.891,1.54922,1.54934,1.88,1.50
2012.01.06 10:54:14.974,1.54923,1.54934,1.50,1.50
2012.01.06 10:54:15.606,1.54922,1.54932,1.50,1.50
2012.01.06 10:54:15.683,1.54923,1.54934,2.25,2.25
2012.01.06 10:54:15.823,1.54923,1.54934,1.50,1.38
2012.01.06 10:54:16.484,1.5492,1.54934,2.63,2.25
2012.01.06 10:54:16.624,1.5492,1.54934,4.13,1.50
2012.01.06 10:54:17.174,1.54922,1.54936,1.50,2.25
2012.01.06 10:54:17.509,1.54924,1.54937,1.50,2.89
2012.01.06 10:54:19.182,1.54924,1.54935,1.50,1.38
2012.01.06 10:54:19.521,1.54921,1.54933,2.25,1.13
2012.01.06 10:54:20.044,1.54919,1.54933,2.25,2.25
2012.01.06 10:54:20.570,1.54921,1.54935,1.50,3.76
2012.01.06 10:54:21.667,1.54921,1.54935,2.25,3.76
2012.01.06 10:54:22.186,1.54923,1.54935,1.50,2.26
2012.01.06 10:54:22.406,1.54921,1.54935,3.00,3.76
2012.01.06 10:54:22.968,1.54921,1.54935,2.25,3.76
2012.01.06 10:54:25.595,1.54919,1.54933,2.25,3.00
2012.01.06 10:54:26.949,1.54921,1.54933,1.50,1.50
2012.01.06 10:54:27.470,1.54919,1.54933,2.25,3.00
2012.01.06 10:54:28.359,1.54919,1.54933,2.25,3.00
2012.01.06 10:54:28.884,1.54919,1.54933,2.25,3.00
2012.01.06 10:54:29.441,1.54917,1.54931,3.38,2.25
2012.01.06 10:54:29.984,1.54917,1.54929,2.25,2.25
2012.01.06 10:54:30.937,1.54917,1.54931,1.13,3.00
2012.01.06 10:54:31.020,1.54917,1.54929,1.13,3.75
2012.01.06 10:54:31.098,1.5492,1.54933,3.00,1.50
2012.01.06 10:54:31.242,1.54926,1.54933,2.25,1.50
2012.01.06 10:54:31.788,1.54921,1.54934,2.25,1.50
2012.01.06 10:54:32.349,1.54923,1.54935,1.50,1.89
2012.01.06 10:54:32.912,1.54923,1.54935,1.50,1.89
2012.01.06 10:54:33.161,1.54925,1.54936,1.50,2.64
2012.01.06 10:54:33.547,1.54923,1.54936,2.25,2.64
2012.01.06 10:54:33.764,1.54925,1.54936,1.50,1.89
2012.01.06 10:54:34.307,1.54925,1.54939,2.25,1.50
2012.01.06 10:54:34.387,1.54927,1.54941,2.25,3.00
2012.01.06 10:54:34.673,1.54925,1.54939,6.00,1.50
2012.01.06 10:54:34.814,1.54927,1.54941,2.25,3.00
2012.01.06 10:54:35.371,1.54931,1.54943,2.25,2.25
2012.01.06 10:54:36.161,1.54931,1.54941,2.25,1.50
2012.01.06 10:54:36.239,1.54931,1.54939,2.25,1.50
2012.01.06 10:54:37.081,1.54931,1.54944,2.25,3.00
2012.01.06 10:54:37.812,1.54931,1.54939,2.25,1.50
2012.01.06 10:54:37.951,1.54931,1.54941,2.25,2.25
2012.01.06 10:54:38.611,1.54937,1.54941,2.25,1.50
2012.01.06 10:54:38.690,1.54937,1.54949,3.00,1.50
2012.01.06 10:54:39.232,1.54936,1.5495,2.25,2.63
2012.01.06 10:54:39.633,1.54939,1.54952,1.50,1.88
2012.01.06 10:54:39.985,1.54949,1.54955,2.59,2.25
2012.01.06 10:54:40.205,1.54956,1.54967,1.50,1.50
2012.01.06 10:54:40.354,1.54959,1.54969,1.50,1.50
2012.01.06 10:54:40.421,1.5496,1.54973,1.09,2.64
2012.01.06 10:54:40.492,1.54963,1.54973,1.50,2.64
2012.01.06 10:54:41.023,1.54968,1.54978,1.50,1.50
2012.01.06 10:54:41.099,1.54968,1.54981,1.50,2.64
2012.01.06 10:54:41.570,1.54968,1.54982,2.25,5.25
2012.01.06 10:54:41.976,1.5497,1.54982,2.25,2.25
2012.01.06 10:54:42.609,1.54972,1.54985,2.25,3.75
2012.01.06 10:54:43.219,1.54972,1.54985,2.25,2.25
2012.01.06 10:54:43.570,1.54976,1.54986,1.50,1.50
2012.01.06 10:54:43.773,1.5498,1.54988,2.25,1.50
2012.01.06 10:54:43.844,1.54978,1.54989,3.75,4.50
2012.01.06 10:54:43.984,1.54978,1.54989,1.50,5.25
2012.01.06 10:54:44.267,1.54974,1.54987,1.50,2.25
2012.01.06 10:54:44.344,1.54974,1.54987,4.13,2.25
2012.01.06 10:54:44.482,1.54978,1.54992,2.25,4.50
2012.01.06 10:54:44.999,1.54978,1.54992,3.75,4.50
2012.01.06 10:54:47.399,1.5498,1.54992,2.25,3.00
2012.01.06 10:54:48.275,1.5498,1.54992,2.25,3.00
2012.01.06 10:54:48.941,1.54978,1.54991,2.25,1.50
2012.01.06 10:54:49.010,1.54978,1.54991,2.25,2.25
2012.01.06 10:54:50.848,1.54978,1.5499,1.50,1.50
2012.01.06 10:54:53.078,1.54976,1.54989,2.25,1.50
2012.01.06 10:54:53.399,1.54972,1.54985,3.00,2.25
2012.01.06 10:54:53.531,1.54972,1.54985,2.25,2.33
2012.01.06 10:54:54.060,1.54971,1.54984,1.50,2.25
2012.01.06 10:54:54.407,1.54968,1.54982,3.75,1.50
2012.01.06 10:54:54.953,1.5497,1.54984,2.25,3.39
2012.01.06 10:54:55.657,1.54971,1.54982,4.09,1.50
2012.01.06 10:54:55.742,1.54976,1.54989,1.50,1.89
2012.01.06 10:54:55.817,1.54974,1.54988,1.50,2.25
2012.01.06 10:54:57.621,1.54974,1.54988,2.25,2.25
2012.01.06 10:54:58.302,1.5498,1.5499,2.25,1.14
2012.01.06 10:54:58.570,1.5498,1.54992,2.25,3.00
2012.01.06 10:54:58.712,1.5498,1.54994,2.25,4.50
2012.01.06 10:54:59.058,1.54982,1.54995,1.50,3.75
2012.01.06 10:55:00.175,1.54982,1.54995,1.50,4.14
2012.01.06 10:55:00.253,1.54983,1.54995,1.50,2.25
2012.01.06 10:55:00.966,1.54982,1.54996,3.00,1.50
2012.01.06 10:55:01.059,1.54988,1.55005,1.50,2.64
2012.01.06 10:55:01.612,1.54988,1.55001,2.25,1.50
2012.01.06 10:55:02.143,1.54988,1.55001,1.50,3.00
2012.01.06 10:55:02.211,1.5499,1.55001,1.50,3.00
2012.01.06 10:55:02.411,1.54988,1.55001,1.50,3.00
2012.01.06 10:55:03.515,1.54986,1.55,2.25,2.25
2012.01.06 10:55:04.046,1.54986,1.55,2.25,2.25
2012.01.06 10:55:04.840,1.54986,1.55,2.25,2.25
2012.01.06 10:55:05.569,1.54986,1.54999,2.25,1.50
2012.01.06 10:55:06.132,1.54984,1.54998,2.25,3.00
2012.01.06 10:55:06.647,1.54984,1.54997,2.25,1.50
2012.01.06 10:55:07.158,1.54986,1.54996,1.50,1.50
2012.01.06 10:55:08.466,1.54986,1.54995,1.50,1.50
2012.01.06 10:55:08.548,1.54984,1.54995,1.50,1.58
2012.01.06 10:55:08.625,1.54986,1.54993,1.50,1.50
2012.01.06 10:55:08.705,1.54984,1.54993,1.50,1.50
2012.01.06 10:55:08.851,1.54983,1.54996,2.25,2.25
2012.01.06 10:55:09.134,1.54986,1.54996,1.50,2.25
2012.01.06 10:55:10.720,1.54984,1.54997,2.25,1.50
2012.01.06 10:55:10.852,1.54986,1.54997,1.50,1.50
2012.01.06 10:55:11.417,1.54986,1.54997,1.50,1.50
2012.01.06 10:55:12.822,1.54986,1.54999,2.25,1.50
2012.01.06 10:55:15.867,1.54986,1.54998,2.25,1.50
2012.01.06 10:55:17.760,1.54984,1.54997,2.25,1.50
2012.01.06 10:55:18.390,1.54982,1.54996,2.25,1.50
2012.01.06 10:55:19.027,1.54986,1.54998,2.25,1.50
2012.01.06 10:55:19.359,1.54988,1.54997,1.50,1.50
2012.01.06 10:55:19.803,1.54986,1.54997,3.00,1.50
2012.01.06 10:55:21.789,1.54984,1.54997,3.75,1.50
2012.01.06 10:55:22.377,1.54986,1.54997,1.50,1.50
2012.01.06 10:55:23.072,1.54984,1.54997,2.25,1.50
2012.01.06 10:55:23.632,1.54984,1.54998,2.25,3.00
2012.01.06 10:55:25.149,1.54986,1.54998,2.25,1.58
2012.01.06 10:55:25.766,1.54984,1.54996,3.75,2.25
2012.01.06 10:55:26.122,1.54984,1.54991,1.50,1.50
2012.01.06 10:55:26.263,1.54982,1.54991,1.50,1.50
2012.01.06 10:55:26.402,1.54982,1.54993,1.50,1.50
2012.01.06 10:55:26.868,1.54982,1.54995,3.00,1.14
2012.01.06 10:55:26.948,1.54982,1.54996,3.00,3.39
2012.01.06 10:55:27.023,1.54987,1.54996,1.50,1.14
2012.01.06 10:55:27.481,1.54985,1.54998,2.25,1.50
2012.01.06 10:55:28.039,1.54985,1.54996,2.25,1.50
2012.01.06 10:55:29.091,1.54983,1.54996,2.25,2.25
2012.01.06 10:55:29.608,1.54983,1.54996,2.25,1.50
2012.01.06 10:55:31.308,1.54983,1.54996,2.25,2.25
2012.01.06 10:55:31.838,1.54983,1.54996,2.25,1.50
2012.01.06 10:55:35.348,1.54983,1.54995,2.25,1.50
2012.01.06 10:55:35.558,1.5498,1.54993,1.50,2.25
2012.01.06 10:55:35.706,1.5498,1.54993,1.50,2.25
2012.01.06 10:55:36.213,1.54977,1.54991,7.50,1.50
2012.01.06 10:55:36.285,1.54977,1.54991,7.50,1.50
2012.01.06 10:55:36.430,1.54977,1.54989,4.50,1.50
2012.01.06 10:55:36.578,1.54977,1.54989,3.75,2.25
2012.01.06 10:55:37.182,1.54977,1.54987,3.75,1.50
2012.01.06 10:55:37.392,1.54974,1.54985,1.50,1.50
2012.01.06 10:55:37.606,1.54972,1.54985,1.50,1.95
2012.01.06 10:55:37.822,1.54971,1.5498,2.25,1.13
2012.01.06 10:55:38.371,1.54971,1.54983,3.00,2.25
2012.01.06 10:55:38.443,1.54973,1.54983,1.50,1.50
2012.01.06 10:55:39.314,1.54973,1.54985,1.50,1.58
2012.01.06 10:55:39.468,1.54975,1.54989,2.25,2.25
2012.01.06 10:55:39.944,1.54975,1.54986,1.50,1.50
2012.01.06 10:55:40.082,1.54972,1.54986,2.25,3.00
2012.01.06 10:55:40.441,1.54969,1.54983,2.25,2.25
2012.01.06 10:55:40.971,1.54973,1.54985,1.50,4.14
2012.01.06 10:55:44.254,1.54973,1.54985,2.25,4.14
2012.01.06 10:55:44.461,1.54975,1.54986,1.50,1.89
2012.01.06 10:55:44.670,1.54978,1.5499,2.25,3.39
2012.01.06 10:55:44.871,1.54976,1.54991,3.75,3.38
2012.01.06 10:55:45.312,1.54978,1.54991,1.50,3.38
2012.01.06 10:55:45.386,1.54978,1.54992,2.25,1.50
2012.01.06 10:55:46.524,1.54978,1.54993,2.25,4.50
2012.01.06 10:55:47.603,1.54981,1.54993,3.00,1.50
2012.01.06 10:55:47.756,1.54982,1.54994,1.50,1.50
2012.01.06 10:55:48.361,1.54988,1.54996,2.25,1.50
2012.01.06 10:55:48.442,1.54986,1.54999,3.00,2.25
2012.01.06 10:55:48.862,1.54991,1.55001,2.25,1.88
2012.01.06 10:55:49.382,1.54991,1.55002,2.25,2.25
2012.01.06 10:55:49.909,1.54991,1.55002,2.25,2.25
2012.01.06 10:55:50.303,1.54988,1.55002,2.25,2.25
2012.01.06 10:55:50.378,1.54991,1.55004,1.13,2.25
2012.01.06 10:55:51.023,1.54998,1.55006,2.25,1.50
2012.01.06 10:55:51.176,1.54999,1.55011,1.09,1.13
2012.01.06 10:55:51.384,1.55001,1.55013,2.25,1.89
2012.01.06 10:55:51.940,1.55001,1.55014,2.25,3.00
2012.01.06 10:55:52.471,1.54997,1.55009,1.13,1.50
2012.01.06 10:55:52.734,1.54999,1.55011,1.50,3.75
2012.01.06 10:55:52.801,1.54999,1.55009,1.50,1.50
2012.01.06 10:55:53.276,1.55001,1.55011,2.25,2.25
2012.01.06 10:55:53.360,1.54997,1.5501,1.88,2.25
2012.01.06 10:55:53.631,1.54998,1.5501,1.50,2.25
2012.01.06 10:55:53.950,1.55001,1.5501,2.25,1.50
2012.01.06 10:55:55.121,1.55001,1.55012,2.25,2.25
2012.01.06 10:55:56.066,1.55001,1.5501,2.25,1.50
2012.01.06 10:55:56.142,1.54997,1.5501,3.00,3.00
2012.01.06 10:55:56.275,1.54997,1.55009,3.00,1.50
2012.01.06 10:55:56.764,1.54994,1.55006,3.00,3.00
2012.01.06 10:55:57.384,1.54992,1.55006,2.25,5.64
2012.01.06 10:55:57.964,1.5499,1.55004,3.75,2.25
2012.01.06 10:55:58.504,1.5499,1.55002,2.25,1.13
2012.01.06 10:55:59.029,1.54991,1.55004,2.25,2.25
2012.01.06 10:55:59.548,1.5499,1.55004,1.50,2.25
2012.01.06 10:56:00.087,1.5499,1.55004,1.50,2.25
2012.01.06 10:56:00.649,1.5499,1.55004,1.50,2.25
2012.01.06 10:56:01.219,1.5499,1.55004,1.50,2.25
2012.01.06 10:56:01.729,1.5499,1.55004,1.50,3.00
2012.01.06 10:56:03.338,1.5499,1.55004,2.25,3.00
2012.01.06 10:56:03.529,1.54992,1.55005,1.50,2.71
2012.01.06 10:56:05.429,1.54994,1.55005,1.50,1.96
2012.01.06 10:56:05.941,1.54994,1.55008,1.50,3.00
2012.01.06 10:56:06.129,1.54994,1.55008,2.25,3.00
2012.01.06 10:56:08.771,1.54997,1.5501,1.50,1.89
2012.01.06 10:56:08.847,1.54995,1.55009,2.25,2.25
2012.01.06 10:56:15.256,1.54997,1.55008,3.75,1.50
2012.01.06 10:56:15.613,1.54997,1.55009,4.50,1.09
2012.01.06 10:56:16.168,1.54997,1.55009,1.50,1.09
2012.01.06 10:56:16.989,1.54997,1.55009,1.50,1.09
2012.01.06 10:56:17.441,1.54995,1.55007,4.50,1.20
2012.01.06 10:56:17.808,1.54992,1.55001,2.25,1.13
2012.01.06 10:56:18.564,1.54991,1.55,2.25,1.50
2012.01.06 10:56:19.099,1.54992,1.55001,2.25,1.13
2012.01.06 10:56:24.060,1.54993,1.55003,1.50,1.13
2012.01.06 10:56:24.136,1.54993,1.55006,3.75,1.65
2012.01.06 10:56:24.669,1.54994,1.55007,2.25,2.40
2012.01.06 10:56:26.270,1.54995,1.55008,1.50,1.65
2012.01.06 10:56:30.074,1.54994,1.55006,2.25,2.40
2012.01.06 10:56:31.275,1.54995,1.55007,3.00,1.65
2012.01.06 10:56:31.912,1.55005,1.5501,1.50,1.14
2012.01.06 10:56:32.011,1.55007,1.55016,2.25,2.93
2012.01.06 10:56:32.153,1.55007,1.55016,2.25,1.43
2012.01.06 10:56:32.493,1.55003,1.55016,1.50,2.18
2012.01.06 10:56:33.001,1.55003,1.55016,1.50,2.18
2012.01.06 10:56:33.264,1.55001,1.55013,2.25,2.25
2012.01.06 10:56:34.184,1.55007,1.55016,2.25,3.68
2012.01.06 10:56:34.413,1.55007,1.55016,2.25,2.18
2012.01.06 10:56:34.502,1.55002,1.55016,5.63,2.93
2012.01.06 10:56:35.062,1.55002,1.55016,2.25,2.93
2012.01.06 10:56:36.123,1.55002,1.55012,3.00,1.50
2012.01.06 10:56:36.414,1.55001,1.55014,3.00,2.25
2012.01.06 10:56:36.614,1.55001,1.55012,3.00,1.50
2012.01.06 10:56:36.822,1.55002,1.55014,3.00,3.75
2012.01.06 10:56:37.079,1.55002,1.55012,3.00,1.50
2012.01.06 10:56:37.420,1.55002,1.55014,3.00,3.75
2012.01.06 10:56:41.638,1.55002,1.55014,2.25,2.25
2012.01.06 10:56:42.550,1.55002,1.55014,3.00,1.50
2012.01.06 10:56:42.893,1.55001,1.55014,3.00,2.25
2012.01.06 10:56:43.411,1.55001,1.55014,2.25,2.25
2012.01.06 10:56:44.942,1.55001,1.55014,2.25,3.04
2012.01.06 10:56:45.443,1.54997,1.5501,3.00,2.25
2012.01.06 10:56:45.587,1.54997,1.55008,3.00,1.50
2012.01.06 10:56:46.172,1.54993,1.55006,3.00,2.25
2012.01.06 10:56:46.525,1.54996,1.55006,1.50,2.25
2012.01.06 10:56:46.601,1.54994,1.55008,1.50,3.00
2012.01.06 10:56:47.120,1.54994,1.55006,1.50,1.50
2012.01.06 10:56:47.250,1.54992,1.55006,2.25,3.00
2012.01.06 10:56:47.701,1.54994,1.55006,1.50,3.00
2012.01.06 10:56:47.914,1.5499,1.55001,1.50,2.25
2012.01.06 10:56:48.195,1.54992,1.55005,1.50,1.73
2012.01.06 10:56:48.655,1.54992,1.55005,1.50,1.50
2012.01.06 10:56:48.728,1.54994,1.55006,1.50,1.50
2012.01.06 10:56:48.803,1.54994,1.55006,1.50,1.58
2012.01.06 10:56:48.875,1.54994,1.55005,1.50,1.58
2012.01.06 10:56:49.233,1.54994,1.55003,1.50,1.50
2012.01.06 10:56:49.373,1.54989,1.55003,1.50,3.00
2012.01.06 10:56:49.759,1.54991,1.55003,1.50,1.50
2012.01.06 10:56:50.072,1.54991,1.55005,1.50,3.46
2012.01.06 10:56:50.140,1.54993,1.55005,1.50,1.96
2012.01.06 10:56:50.329,1.54993,1.55006,1.50,1.96
2012.01.06 10:56:50.520,1.54996,1.55007,1.50,1.50
2012.01.06 10:56:50.719,1.54996,1.55006,1.50,1.50
2012.01.06 10:56:50.910,1.54996,1.55004,1.50,1.89
2012.01.06 10:56:50.982,1.54994,1.55004,1.50,1.89
2012.01.06 10:56:51.121,1.54992,1.55002,1.50,1.50
2012.01.06 10:56:51.189,1.5499,1.55002,3.00,1.50
2012.01.06 10:56:51.719,1.54991,1.55004,3.75,1.50
2012.01.06 10:56:51.790,1.54993,1.55004,1.50,1.50
2012.01.06 10:56:52.301,1.54988,1.55002,3.75,3.00
2012.01.06 10:56:52.380,1.54991,1.55002,2.25,1.50
2012.01.06 10:56:52.891,1.5499,1.55002,1.50,1.50
2012.01.06 10:56:52.961,1.54988,1.55002,3.00,3.00
2012.01.06 10:56:53.481,1.54986,1.55,4.13,3.00
2012.01.06 10:56:53.554,1.54992,1.55002,1.50,2.25
2012.01.06 10:56:53.623,1.54992,1.55003,1.50,1.13
2012.01.06 10:56:53.693,1.54992,1.55003,1.50,1.18
2012.01.06 10:56:54.062,1.54991,1.55,2.25,2.25
2012.01.06 10:56:54.854,1.5499,1.55,1.50,1.50
2012.01.06 10:56:54.942,1.54985,1.54998,1.88,2.25
2012.01.06 10:56:55.957,1.54984,1.54998,4.13,2.25
2012.01.06 10:56:56.302,1.54984,1.54996,2.25,1.50
2012.01.06 10:56:57.282,1.54985,1.54995,1.50,1.50
2012.01.06 10:56:57.489,1.54985,1.54995,1.50,1.50
2012.01.06 10:56:57.842,1.54987,1.54993,1.50,1.50
2012.01.06 10:56:58.099,1.54987,1.54995,1.50,1.50
2012.01.06 10:56:58.171,1.54987,1.54996,1.50,1.50
2012.01.06 10:56:58.989,1.54985,1.54996,2.25,1.50
2012.01.06 10:56:59.369,1.54985,1.54996,1.50,2.25
2012.01.06 10:57:00.223,1.54985,1.54996,1.50,1.50
2012.01.06 10:57:00.844,1.54985,1.54996,1.50,2.25
2012.01.06 10:57:01.490,1.54985,1.54995,1.50,2.25
2012.01.06 10:57:01.562,1.54985,1.54995,1.50,1.50
2012.01.06 10:57:02.170,1.54985,1.54995,1.50,1.50
2012.01.06 10:57:02.491,1.54987,1.54993,1.50,1.50
2012.01.06 10:57:03.170,1.54987,1.54995,1.50,1.50
2012.01.06 10:57:03.241,1.54987,1.54996,1.50,1.50
2012.01.06 10:57:04.031,1.54991,1.54999,2.25,1.50
2012.01.06 10:57:04.862,1.54991,1.55001,2.25,1.50
2012.01.06 10:57:05.410,1.54991,1.55001,2.25,1.50
2012.01.06 10:57:06.782,1.54991,1.55002,2.25,1.50
2012.01.06 10:57:06.983,1.54992,1.55004,2.25,1.13
2012.01.06 10:57:07.051,1.54992,1.55006,2.25,3.53
2012.01.06 10:57:07.121,1.54992,1.55006,5.25,2.78
2012.01.06 10:57:07.475,1.54999,1.55011,1.50,1.92
2012.01.06 10:57:07.762,1.54996,1.55008,3.00,1.50
2012.01.06 10:57:08.340,1.54996,1.5501,4.50,3.75
2012.01.06 10:57:09.193,1.54996,1.55008,3.00,1.50
2012.01.06 10:57:10.861,1.54996,1.5501,4.50,2.25
2012.01.06 10:57:12.767,1.54995,1.55008,3.00,1.50
2012.01.06 10:57:13.309,1.54995,1.55008,3.00,3.00
2012.01.06 10:57:13.532,1.54996,1.55006,1.50,1.50
2012.01.06 10:57:14.059,1.54995,1.55007,2.25,1.50
2012.01.06 10:57:14.400,1.54999,1.55008,2.25,2.25
2012.01.06 10:57:14.542,1.54997,1.55009,1.50,1.50
2012.01.06 10:57:14.614,1.54995,1.55009,5.25,3.00
2012.01.06 10:57:21.143,1.54995,1.55009,4.50,2.25
2012.01.06 10:57:21.388,1.54995,1.55009,4.50,2.25
2012.01.06 10:57:21.713,1.54997,1.55011,3.75,4.40
2012.01.06 10:57:21.993,1.54995,1.55008,2.25,3.75
2012.01.06 10:57:25.908,1.54995,1.55007,2.25,1.50
2012.01.06 10:57:26.098,1.54995,1.55007,2.25,1.50
2012.01.06 10:57:26.812,1.54995,1.55008,2.25,2.25
2012.01.06 10:57:31.772,1.54996,1.55009,2.25,1.38
2012.01.06 10:57:31.849,1.54996,1.5501,1.50,3.39
2012.01.06 10:57:32.598,1.55002,1.55011,2.25,2.29
2012.01.06 10:57:33.102,1.55001,1.55012,3.00,2.29
2012.01.06 10:57:33.462,1.55006,1.55012,2.25,2.29
2012.01.06 10:57:33.589,1.55001,1.55012,3.00,2.29
2012.01.06 10:57:33.660,1.55001,1.55011,2.25,1.54
2012.01.06 10:57:33.947,1.55001,1.55013,4.50,1.16
2012.01.06 10:57:34.097,1.55005,1.55014,2.25,1.39
2012.01.06 10:57:34.910,1.55001,1.55011,3.00,1.54
2012.01.06 10:57:36.294,1.55,1.55013,3.00,2.29
2012.01.06 10:57:36.840,1.55,1.55013,3.00,1.54
2012.01.06 10:57:37.675,1.55004,1.55013,2.25,2.29
2012.01.06 10:57:37.894,1.55001,1.55013,3.00,3.79
2012.01.06 10:57:40.840,1.54999,1.55012,2.25,1.54
2012.01.06 10:57:41.915,1.54999,1.55012,2.25,1.54
2012.01.06 10:57:41.996,1.54997,1.55011,6.00,2.59
2012.01.06 10:57:42.363,1.54997,1.55001,1.50,2.25
2012.01.06 10:57:42.510,1.54988,1.55001,2.25,4.13
2012.01.06 10:57:42.661,1.54988,1.54996,2.25,2.25
2012.01.06 10:57:43.742,1.5498,1.54991,1.28,4.88
2012.01.06 10:57:43.838,1.54982,1.54991,2.25,4.76
2012.01.06 10:57:44.055,1.54982,1.54989,2.25,1.50
2012.01.06 10:57:44.591,1.54982,1.54989,2.25,1.50
2012.01.06 10:57:44.802,1.54977,1.54991,1.50,4.38
2012.01.06 10:57:44.945,1.54986,1.54991,2.25,3.63
2012.01.06 10:57:45.656,1.5498,1.54993,2.25,2.13
2012.01.06 10:57:45.751,1.54976,1.5499,3.00,3.00
2012.01.06 10:57:46.260,1.54976,1.5499,2.25,3.00
2012.01.06 10:57:46.770,1.54976,1.5499,3.00,3.00
2012.01.06 10:57:47.111,1.54979,1.5499,1.50,1.50
2012.01.06 10:57:47.511,1.54977,1.5499,1.50,3.00
2012.01.06 10:57:48.112,1.54976,1.5499,2.25,3.00
2012.01.06 10:57:49.108,1.54976,1.5499,2.25,3.00
2012.01.06 10:57:51.723,1.54974,1.54986,3.00,1.50
2012.01.06 10:57:51.820,1.54973,1.5498,1.50,3.00
2012.01.06 10:57:51.967,1.54964,1.54976,2.25,2.25
2012.01.06 10:57:52.043,1.54963,1.54976,2.25,2.25
2012.01.06 10:57:52.185,1.54963,1.54976,3.00,1.50
2012.01.06 10:57:52.266,1.54964,1.54977,1.50,2.25
2012.01.06 10:57:52.694,1.54965,1.54978,2.25,1.50
2012.01.06 10:57:53.242,1.54965,1.54976,3.00,1.50
2012.01.06 10:57:53.864,1.54967,1.54976,1.50,1.50
2012.01.06 10:57:54.403,1.54965,1.54976,3.00,1.50
2012.01.06 10:57:54.685,1.54966,1.54977,3.00,1.38
2012.01.06 10:57:56.120,1.54966,1.54977,3.00,1.38
2012.01.06 10:57:56.443,1.54966,1.54971,2.25,1.13
2012.01.06 10:57:56.997,1.54962,1.54971,2.25,1.13
2012.01.06 10:57:58.229,1.54962,1.54971,2.25,4.13
2012.01.06 10:57:58.836,1.54962,1.5497,2.25,1.50
2012.01.06 10:57:58.924,1.54953,1.54968,1.50,1.50
2012.01.06 10:57:59.203,1.54955,1.54968,3.00,1.50
2012.01.06 10:57:59.867,1.54955,1.54966,1.50,2.25
2012.01.06 10:58:00.036,1.54948,1.54961,3.00,2.63
2012.01.06 10:58:00.112,1.54951,1.54962,2.25,1.88
2012.01.06 10:58:00.815,1.54951,1.54962,2.25,1.50
2012.01.06 10:58:01.241,1.54951,1.54962,2.25,1.84
2012.01.06 10:58:01.311,1.54951,1.54962,3.00,1.09
2012.01.06 10:58:01.900,1.54951,1.54962,3.00,1.50
2012.01.06 10:58:02.208,1.54957,1.54963,1.65,1.50
2012.01.06 10:58:02.455,1.54963,1.54974,1.50,2.63
2012.01.06 10:58:02.664,1.54965,1.5497,1.50,1.50
2012.01.06 10:58:03.028,1.54964,1.5497,3.00,1.50
2012.01.06 10:58:03.564,1.54974,1.54981,1.50,1.14
2012.01.06 10:58:03.644,1.54982,1.54988,1.50,2.25
2012.01.06 10:58:03.718,1.54981,1.54986,1.50,1.14
2012.01.06 10:58:03.801,1.54982,1.54989,1.50,3.01
2012.01.06 10:58:03.878,1.54973,1.54978,1.09,1.50
2012.01.06 10:58:04.022,1.54976,1.54987,1.50,1.50
2012.01.06 10:58:04.096,1.54978,1.54988,1.09,1.50
2012.01.06 10:58:04.311,1.54978,1.5499,1.09,1.50
2012.01.06 10:58:04.511,1.54976,1.54988,2.25,1.50
2012.01.06 10:58:05.532,1.54977,1.54991,2.25,1.50
2012.01.06 10:58:06.063,1.54977,1.54991,2.25,2.25
2012.01.06 10:58:06.414,1.54976,1.54989,1.50,1.50
2012.01.06 10:58:06.963,1.54981,1.54992,1.50,1.50
2012.01.06 10:58:07.031,1.54981,1.54992,1.50,1.50
2012.01.06 10:58:07.915,1.54979,1.54993,2.25,2.25
2012.01.06 10:58:11.813,1.54979,1.54993,2.25,2.25
2012.01.06 10:58:12.340,1.54979,1.54993,2.25,2.25
2012.01.06 10:58:12.960,1.54979,1.54993,2.25,1.50
2012.01.06 10:58:13.030,1.54981,1.54995,2.25,3.46
2012.01.06 10:58:13.241,1.54986,1.54995,2.25,1.96
2012.01.06 10:58:13.749,1.54985,1.54996,2.25,1.50
2012.01.06 10:58:14.311,1.54986,1.54997,3.75,1.88
2012.01.06 10:58:14.999,1.54986,1.54999,4.50,1.50
2012.01.06 10:58:15.353,1.54986,1.54996,2.25,1.50
2012.01.06 10:58:15.966,1.54985,1.54996,3.00,1.50
2012.01.06 10:58:16.499,1.54985,1.54997,3.00,1.50
2012.01.06 10:58:17.252,1.54985,1.54998,3.00,3.00
2012.01.06 10:58:21.872,1.54986,1.54999,2.25,1.88
2012.01.06 10:58:22.019,1.54988,1.55,2.25,1.88
2012.01.06 10:58:22.093,1.54988,1.55001,2.25,1.09
2012.01.06 10:58:22.311,1.54993,1.55004,2.25,1.50
2012.01.06 10:58:22.462,1.54997,1.55004,2.25,1.13
2012.01.06 10:58:23.093,1.54994,1.55001,2.25,1.50
2012.01.06 10:58:23.187,1.54986,1.54994,1.05,1.09
2012.01.06 10:58:23.417,1.54985,1.54991,2.63,1.50
2012.01.06 10:58:23.779,1.54985,1.5499,1.88,1.84
2012.01.06 10:58:24.636,1.54984,1.54989,1.13,1.76
2012.01.06 10:58:24.810,1.54981,1.5499,1.50,1.50
2012.01.06 10:58:24.964,1.54981,1.54992,3.00,1.14
2012.01.06 10:58:25.103,1.54983,1.54995,1.50,3.39
2012.01.06 10:58:25.652,1.54984,1.54997,1.50,4.51
2012.01.06 10:58:26.489,1.54985,1.54996,2.25,1.89
2012.01.06 10:58:27.005,1.54983,1.54996,2.25,1.89
2012.01.06 10:58:27.531,1.54983,1.54997,3.00,4.51
2012.01.06 10:58:28.449,1.54983,1.54997,2.25,4.51
2012.01.06 10:58:29.484,1.54983,1.54996,3.00,1.89
2012.01.06 10:58:30.047,1.54983,1.54996,2.25,1.89
2012.01.06 10:58:30.559,1.54983,1.54996,3.00,1.89
2012.01.06 10:58:36.754,1.54985,1.54996,1.50,1.14
2012.01.06 10:58:36.967,1.54994,1.54999,1.09,3.26
2012.01.06 10:58:37.182,1.54997,1.55006,6.75,2.25
2012.01.06 10:58:37.321,1.55001,1.55008,2.25,2.25
2012.01.06 10:58:37.529,1.54997,1.5501,3.00,2.25
2012.01.06 10:58:37.677,1.54999,1.55008,1.09,1.50
2012.01.06 10:58:38.071,1.55001,1.5501,2.25,3.75
2012.01.06 10:58:38.530,1.55001,1.55008,2.25,1.50
2012.01.06 10:58:38.911,1.55001,1.5501,2.25,1.50
2012.01.06 10:58:39.511,1.54997,1.5501,3.00,4.13
2012.01.06 10:58:39.582,1.54997,1.55008,3.00,1.50
2012.01.06 10:58:40.165,1.54997,1.55007,7.65,2.13
2012.01.06 10:58:40.308,1.55001,1.55007,2.25,1.50
2012.01.06 10:58:40.596,1.54997,1.55007,3.00,1.50
2012.01.06 10:58:40.674,1.54999,1.55009,1.84,3.00
2012.01.06 10:58:40.952,1.55001,1.55011,2.25,3.04
2012.01.06 10:58:44.856,1.55001,1.55011,2.25,2.66
2012.01.06 10:58:45.002,1.54998,1.5501,1.13,1.76
2012.01.06 10:58:45.889,1.55001,1.5501,2.25,1.76
2012.01.06 10:58:46.443,1.55001,1.55011,2.59,1.54
2012.01.06 10:58:46.573,1.54999,1.55011,3.00,1.54
2012.01.06 10:58:46.959,1.54999,1.55011,3.00,1.54
2012.01.06 10:58:47.289,1.54999,1.55009,3.00,1.50
2012.01.06 10:58:47.600,1.54999,1.55011,3.00,1.54
2012.01.06 10:58:48.109,1.54999,1.55011,3.00,1.54
2012.01.06 10:58:48.240,1.54999,1.55009,3.00,1.50
2012.01.06 10:58:48.712,1.54999,1.55011,3.00,1.54
2012.01.06 10:58:49.020,1.54997,1.55009,3.00,1.50
2012.01.06 10:58:51.310,1.55004,1.55011,1.50,2.29
2012.01.06 10:58:51.875,1.55006,1.55013,2.25,1.54
2012.01.06 10:58:57.049,1.55007,1.55013,2.25,1.54
2012.01.06 10:58:58.811,1.55005,1.55013,2.25,1.54
2012.01.06 10:58:59.561,1.55005,1.55009,2.25,1.50
2012.01.06 10:58:59.720,1.55,1.55007,2.25,1.50
2012.01.06 10:58:59.798,1.54995,1.55007,1.50,1.50
2012.01.06 10:58:59.943,1.54995,1.55009,2.25,1.50
2012.01.06 10:59:01.010,1.54997,1.5501,2.25,3.00
2012.01.06 10:59:03.280,1.54997,1.55011,4.50,4.17
2012.01.06 10:59:03.840,1.54997,1.55011,4.50,2.29
2012.01.06 10:59:08.521,1.54997,1.55009,3.00,1.50
2012.01.06 10:59:12.220,1.54997,1.55008,2.25,1.50
2012.01.06 10:59:13.151,1.54997,1.55006,2.25,1.50
2012.01.06 10:59:14.100,1.54997,1.55008,2.25,2.25
2012.01.06 10:59:16.022,1.54997,1.55007,2.25,3.00
2012.01.06 10:59:16.161,1.54991,1.55005,4.50,1.50
2012.01.06 10:59:16.233,1.54991,1.55005,4.50,2.25
2012.01.06 10:59:17.231,1.54991,1.55004,4.50,1.50
2012.01.06 10:59:17.305,1.54991,1.55002,3.00,1.50
2012.01.06 10:59:17.439,1.54991,1.55002,2.25,2.25
2012.01.06 10:59:18.090,1.54991,1.55002,2.25,2.25
2012.01.06 10:59:18.178,1.54987,1.55,3.38,3.00
2012.01.06 10:59:19.329,1.54987,1.55,1.13,2.25
2012.01.06 10:59:19.882,1.54987,1.55,1.13,3.00
2012.01.06 10:59:20.500,1.54987,1.55,1.13,2.25
2012.01.06 10:59:26.032,1.54987,1.55,1.13,2.25
2012.01.06 10:59:26.961,1.54986,1.55,2.63,4.50
2012.01.06 10:59:28.405,1.54986,1.54996,1.13,1.50
2012.01.06 10:59:30.636,1.54983,1.54996,1.50,4.50
2012.01.06 10:59:30.991,1.5498,1.54994,3.00,3.00
2012.01.06 10:59:31.499,1.54982,1.54994,2.25,1.50
2012.01.06 10:59:32.713,1.54987,1.54995,1.13,1.14
2012.01.06 10:59:32.856,1.54987,1.54997,1.88,1.89
2012.01.06 10:59:33.394,1.54987,1.55,1.88,2.13
2012.01.06 10:59:33.932,1.54988,1.55,1.50,1.50
2012.01.06 10:59:34.333,1.54987,1.55,1.88,3.00
2012.01.06 10:59:34.683,1.54996,1.55007,1.47,2.18
2012.01.06 10:59:34.821,1.54996,1.55007,1.47,1.43
2012.01.06 10:59:35.090,1.54996,1.55007,1.47,1.43
2012.01.06 10:59:35.642,1.54996,1.55007,2.03,1.43
2012.01.06 10:59:38.894,1.54995,1.55007,1.65,3.45
2012.01.06 10:59:38.966,1.54994,1.55006,1.50,1.20
2012.01.06 10:59:39.178,1.54993,1.55006,2.25,1.58
2012.01.06 10:59:39.924,1.54991,1.54997,1.50,2.25
2012.01.06 10:59:40.085,1.54987,1.54996,1.88,3.00
2012.01.06 10:59:40.171,1.54985,1.54996,3.00,2.63
2012.01.06 10:59:40.730,1.54987,1.54996,1.88,1.89
2012.01.06 10:59:44.966,1.54985,1.54999,2.25,2.25
2012.01.06 10:59:45.279,1.54985,1.54999,2.25,2.25
2012.01.06 10:59:45.823,1.54987,1.55,2.63,2.64
2012.01.06 10:59:45.950,1.54989,1.55002,1.50,1.89
2012.01.06 10:59:46.542,1.54987,1.55001,2.63,2.25
2012.01.06 10:59:47.399,1.54987,1.55001,1.88,2.25
2012.01.06 10:59:47.740,1.54984,1.54997,2.25,3.00
2012.01.06 10:59:47.811,1.54985,1.54997,2.03,2.25
2012.01.06 10:59:48.011,1.54989,1.55002,1.50,1.89
2012.01.06 10:59:48.460,1.54987,1.55001,1.50,2.25
2012.01.06 10:59:48.863,1.54989,1.55003,1.50,3.39
2012.01.06 10:59:49.071,1.54987,1.55001,2.63,2.25
2012.01.06 10:59:49.961,1.54987,1.55001,2.25,2.25
2012.01.06 10:59:54.670,1.54987,1.55001,1.50,2.25
2012.01.06 10:59:55.944,1.54987,1.55001,1.50,2.25
2012.01.06 10:59:56.504,1.54989,1.55003,1.50,3.39
2012.01.06 10:59:56.924,1.54987,1.55001,1.50,3.00
2012.01.06 10:59:57.133,1.54989,1.54999,1.50,1.50
2012.01.06 10:59:57.332,1.54983,1.54996,1.50,2.25
2012.01.06 10:59:57.543,1.54986,1.54997,2.25,1.50
2012.01.06 10:59:57.680,1.54987,1.54999,2.25,1.50
2012.01.06 10:59:57.753,1.54989,1.54999,1.50,1.50
2012.01.06 10:59:58.480,1.54987,1.54999,1.50,1.50
2012.01.06 10:59:58.989,1.54987,1.54999,2.25,1.50
2012.01.06 10:59:59.192,1.54989,1.54999,1.50,1.50
2012.01.06 10:59:59.444,1.54987,1.54999,2.25,1.50
2012.01.06 10:59:59.650,1.54987,1.54999,3.75,2.13
