2009.04.28 05:00:02.216,1.45625,1.4567,3.20,4.80
2009.04.28 05:00:02.336,1.45625,1.45675,3.20,5.80
2009.04.28 05:00:02.746,1.45625,1.45675,3.20,4.80
2009.04.28 05:00:08.974,1.45625,1.4568,3.20,9.60
2009.04.28 05:00:09.204,1.45625,1.4568,3.20,4.80
2009.04.28 05:00:13.473,1.45625,1.4568,8.00,4.80
2009.04.28 05:00:13.883,1.45625,1.45685,8.00,8.00
2009.04.28 05:00:14.403,1.4563,1.45685,4.80,3.20
2009.04.28 05:00:16.933,1.4563,1.45685,6.40,8.00
2009.04.28 05:00:17.043,1.4563,1.4568,6.40,12.80
2009.04.28 05:00:17.153,1.4563,1.4568,1.60,17.60
2009.04.28 05:00:49.065,1.45635,1.4568,1.60,17.60
2009.04.28 05:00:49.295,1.45635,1.4568,4.80,14.40
2009.04.28 05:00:49.405,1.45635,1.4568,4.80,9.60
2009.04.28 05:00:53.334,1.45635,1.4568,3.20,9.60
2009.04.28 05:00:53.743,1.45635,1.4568,4.80,9.60
2009.04.28 05:00:56.353,1.45625,1.4568,6.80,17.60
2009.04.28 05:00:56.693,1.45625,1.4568,7.80,17.60
2009.04.28 05:00:56.973,1.45625,1.4568,6.80,17.60
2009.04.28 05:00:57.093,1.45625,1.4568,7.80,17.60
2009.04.28 05:00:57.323,1.45625,1.4568,6.80,17.60
2009.04.28 05:00:57.792,1.45625,1.4568,7.80,17.60
2009.04.28 05:01:02.351,1.4565,1.4568,7.20,4.80
2009.04.28 05:01:02.521,1.4565,1.45675,7.20,1.80
2009.04.28 05:01:02.751,1.4565,1.4568,7.20,1.80
2009.04.28 05:01:03.022,1.4568,1.457,1.20,4.30
2009.04.28 05:01:03.262,1.4568,1.457,1.20,4.80
2009.04.28 05:01:03.501,1.4566,1.45685,1.60,3.20
2009.04.28 05:01:04.091,1.4565,1.45685,1.00,3.20
2009.04.28 05:01:05.181,1.4565,1.457,1.00,6.60
2009.04.28 05:01:05.301,1.45645,1.457,4.20,5.80
2009.04.28 05:01:05.531,1.45655,1.457,4.80,1.40
2009.04.28 05:01:05.761,1.45655,1.45705,4.80,3.80
2009.04.28 05:01:05.871,1.4565,1.45705,4.80,3.80
2009.04.28 05:01:06.281,1.45655,1.457,4.80,1.00
2009.04.28 05:01:06.631,1.4565,1.457,4.80,1.00
2009.04.28 05:01:09.320,1.4565,1.457,4.80,1.00
2009.04.28 05:01:09.550,1.45655,1.457,4.80,1.00
2009.04.28 05:01:09.730,1.4566,1.457,4.80,1.60
2009.04.28 05:01:09.950,1.4565,1.4569,1.20,4.80
2009.04.28 05:01:10.180,1.4564,1.4569,4.20,4.80
2009.04.28 05:01:10.459,1.4564,1.45695,3.20,4.80
2009.04.28 05:01:12.279,1.4565,1.45695,1.00,4.80
2009.04.28 05:01:14.049,1.4564,1.45695,3.20,4.80
2009.04.28 05:01:17.038,1.4566,1.45695,1.00,4.80
2009.04.28 05:01:17.218,1.45655,1.45695,1.00,4.80
2009.04.28 05:01:17.558,1.4565,1.457,1.00,8.00
2009.04.28 05:01:17.738,1.4566,1.457,1.00,8.00
2009.04.28 05:01:18.648,1.4566,1.457,1.00,4.80
2009.04.28 05:01:19.387,1.4565,1.457,1.20,4.80
2009.04.28 05:01:19.567,1.4566,1.457,1.00,4.80
2009.04.28 05:01:20.037,1.4565,1.457,1.20,4.80
2009.04.28 05:01:21.647,1.4565,1.457,1.00,4.80
2009.04.28 05:01:23.477,1.45645,1.457,8.00,4.80
2009.04.28 05:01:23.827,1.45645,1.457,7.20,4.80
2009.04.28 05:01:23.886,1.45645,1.457,9.60,4.80
2009.04.28 05:01:25.116,1.45645,1.457,6.40,4.80
2009.04.28 05:01:35.024,1.45665,1.457,3.20,4.80
2009.04.28 05:01:35.084,1.4569,1.457,1.60,4.80
2009.04.28 05:01:35.304,1.4569,1.457,4.80,4.80
2009.04.28 05:01:35.364,1.45695,1.45705,4.80,5.00
2009.04.28 05:01:35.544,1.45695,1.4571,4.80,1.80
2009.04.28 05:01:35.714,1.45705,1.4571,3.20,1.80
2009.04.28 05:01:36.193,1.45705,1.45765,3.20,8.00
2009.04.28 05:01:36.533,1.45705,1.45765,4.20,8.00
2009.04.28 05:01:36.933,1.45705,1.45765,3.20,8.00
2009.04.28 05:01:40.273,1.45725,1.45755,1.60,6.60
2009.04.28 05:01:41.142,1.4573,1.45755,1.60,6.60
2009.04.28 05:01:41.932,1.45725,1.45755,4.20,6.60
2009.04.28 05:01:41.982,1.45725,1.4575,4.60,8.00
2009.04.28 05:01:42.102,1.45725,1.4575,3.80,8.00
2009.04.28 05:01:42.392,1.45725,1.4575,2.60,8.00
2009.04.28 05:01:42.572,1.4572,1.4575,1.20,8.00
2009.04.28 05:01:42.862,1.45705,1.4575,3.20,8.00
2009.04.28 05:01:46.451,1.4573,1.4575,1.60,3.20
2009.04.28 05:01:46.841,1.45745,1.45755,1.20,6.60
2009.04.28 05:01:47.651,1.45745,1.45755,1.20,8.20
2009.04.28 05:01:47.831,1.45725,1.4573,4.60,4.80
2009.04.28 05:01:47.941,1.45725,1.4573,3.80,4.80
2009.04.28 05:01:48.120,1.4572,1.4573,1.20,4.80
2009.04.28 05:01:48.521,1.4572,1.4574,1.20,1.60
2009.04.28 05:01:48.700,1.4572,1.4575,1.20,9.00
2009.04.28 05:01:49.160,1.4572,1.4575,1.20,8.00
2009.04.28 05:02:11.825,1.4571,1.4575,1.20,8.00
2009.04.28 05:02:11.995,1.4571,1.4575,1.20,12.80
2009.04.28 05:02:12.054,1.4571,1.45745,1.20,3.20
2009.04.28 05:02:12.515,1.45695,1.45745,1.20,8.00
2009.04.28 05:02:12.915,1.4569,1.45745,2.00,8.00
2009.04.28 05:02:13.324,1.45685,1.45745,9.80,8.00
2009.04.28 05:02:15.384,1.45685,1.45745,9.00,8.00
2009.04.28 05:02:15.564,1.45685,1.4574,9.80,3.20
2009.04.28 05:02:18.243,1.45685,1.45745,13.00,4.80
2009.04.28 05:02:18.483,1.45705,1.4575,3.20,9.60
2009.04.28 05:02:18.933,1.4571,1.4575,1.60,8.00
2009.04.28 05:02:21.912,1.4571,1.4575,2.80,8.00
2009.04.28 05:02:26.101,1.457,1.45745,1.20,8.00
2009.04.28 05:02:26.921,1.457,1.45745,1.20,4.80
2009.04.28 05:02:48.866,1.45695,1.4575,5.80,14.40
2009.04.28 05:02:48.926,1.45695,1.4573,5.80,4.80
2009.04.28 05:02:49.205,1.45695,1.4573,5.80,9.60
2009.04.28 05:02:49.856,1.45695,1.4573,4.80,9.60
2009.04.28 05:02:53.764,1.45695,1.4573,3.20,9.60
2009.04.28 05:02:53.935,1.457,1.4573,3.20,9.60
2009.04.28 05:02:54.794,1.457,1.4573,3.20,4.80
2009.04.28 05:03:00.993,1.4572,1.4573,1.20,4.80
2009.04.28 05:03:01.613,1.4572,1.45725,1.20,1.80
2009.04.28 05:03:01.723,1.4572,1.45735,1.20,1.60
2009.04.28 05:03:01.843,1.4572,1.45745,1.20,3.00
2009.04.28 05:03:01.953,1.4572,1.4575,1.20,5.80
2009.04.28 05:03:02.182,1.4572,1.4575,1.20,4.80
2009.04.28 05:03:07.721,1.4573,1.4575,1.20,4.80
2009.04.28 05:03:21.538,1.45745,1.45755,1.20,6.60
2009.04.28 05:03:26.667,1.45735,1.45745,2.80,1.80
2009.04.28 05:03:26.886,1.4575,1.4577,1.20,4.80
2009.04.28 05:03:26.997,1.4575,1.4578,1.20,4.80
2009.04.28 05:03:27.686,1.4574,1.4578,1.20,4.80
2009.04.28 05:03:28.036,1.4574,1.4578,1.20,6.40
2009.04.28 05:03:28.436,1.45725,1.4578,9.00,6.40
2009.04.28 05:03:28.836,1.45725,1.4578,8.00,6.40
2009.04.28 05:03:36.144,1.45725,1.4578,8.00,8.20
2009.04.28 05:03:36.444,1.45725,1.4578,8.00,6.40
2009.04.28 05:03:37.594,1.4573,1.4578,1.20,6.40
2009.04.28 05:03:46.002,1.4573,1.4577,1.20,4.80
2009.04.28 05:03:48.821,1.4574,1.4577,1.20,4.80
2009.04.28 05:03:49.991,1.4573,1.4577,2.80,4.80
2009.04.28 05:03:50.211,1.45735,1.4577,3.20,4.80
2009.04.28 05:03:50.441,1.4575,1.4577,1.20,4.80
2009.04.28 05:03:52.430,1.4576,1.4577,1.20,4.80
2009.04.28 05:03:53.470,1.45735,1.4577,4.60,4.80
2009.04.28 05:03:53.530,1.45735,1.4577,3.80,4.80
2009.04.28 05:03:53.760,1.45735,1.4577,2.60,4.80
2009.04.28 05:03:53.920,1.4573,1.4577,1.20,4.80
2009.04.28 05:03:54.030,1.4574,1.4577,1.20,4.80
2009.04.28 05:03:55.569,1.4575,1.4577,1.20,4.80
2009.04.28 05:03:57.059,1.4576,1.4577,1.20,4.80
2009.04.28 05:03:58.099,1.45765,1.45775,1.20,6.60
2009.04.28 05:04:24.872,1.45745,1.4578,4.40,6.40
2009.04.28 05:04:25.093,1.45755,1.45785,3.20,6.60
2009.04.28 05:04:26.012,1.45755,1.45785,3.20,9.80
2009.04.28 05:04:26.352,1.45755,1.4578,2.80,6.40
2009.04.28 05:04:26.642,1.4573,1.4578,6.00,6.40
2009.04.28 05:04:27.282,1.45735,1.4578,4.80,6.40
2009.04.28 05:04:29.491,1.4574,1.4578,1.20,6.40
2009.04.28 05:04:30.301,1.45735,1.4578,4.80,6.40
2009.04.28 05:04:30.681,1.4574,1.4578,1.20,6.40
2009.04.28 05:04:31.131,1.45735,1.4578,4.80,6.40
2009.04.28 05:04:31.531,1.4576,1.4578,1.20,6.40
2009.04.28 05:04:31.641,1.4576,1.4578,1.20,4.80
2009.04.28 05:04:32.661,1.4577,1.4578,1.20,4.80
2009.04.28 05:04:38.569,1.4577,1.4579,1.20,6.60
2009.04.28 05:04:39.029,1.4576,1.4579,6.00,6.60
2009.04.28 05:04:39.199,1.4576,1.4579,1.20,6.60
2009.04.28 05:04:39.499,1.4577,1.4579,1.20,6.60
2009.04.28 05:04:40.429,1.4577,1.4578,1.20,1.80
2009.04.28 05:04:40.539,1.4577,1.45805,1.20,1.80
2009.04.28 05:04:41.119,1.4578,1.4582,1.20,11.20
2009.04.28 05:04:41.289,1.4578,1.45795,1.20,4.80
2009.04.28 05:04:42.658,1.4579,1.458,1.20,4.80
2009.04.28 05:04:43.858,1.4579,1.45805,1.20,6.60
2009.04.28 05:04:44.188,1.45795,1.45805,1.20,6.60
2009.04.28 05:04:44.298,1.45775,1.4579,3.00,1.80
2009.04.28 05:04:44.777,1.45795,1.458,1.20,6.60
2009.04.28 05:04:45.058,1.4579,1.458,1.20,6.60
2009.04.28 05:04:45.117,1.4576,1.4579,1.80,4.80
2009.04.28 05:04:45.348,1.4575,1.4579,2.20,4.80
2009.04.28 05:04:45.637,1.4576,1.4579,1.20,4.80
2009.04.28 05:04:47.167,1.4577,1.45795,1.20,6.60
2009.04.28 05:04:47.447,1.4578,1.45795,1.20,6.60
2009.04.28 05:04:47.737,1.4576,1.4578,2.80,1.80
2009.04.28 05:04:48.777,1.45765,1.4578,2.80,1.80
2009.04.28 05:04:49.127,1.45765,1.45785,4.60,1.80
2009.04.28 05:04:49.706,1.4575,1.4579,6.20,4.80
2009.04.28 05:04:49.816,1.4575,1.4579,5.40,4.80
2009.04.28 05:04:50.036,1.4575,1.4579,1.20,4.80
2009.04.28 05:04:50.147,1.4576,1.4579,1.20,4.80
2009.04.28 05:04:50.386,1.4576,1.4579,1.20,6.60
2009.04.28 05:04:51.756,1.4576,1.4579,1.20,6.60
2009.04.28 05:05:12.791,1.4576,1.458,4.00,16.00
2009.04.28 05:05:13.031,1.4576,1.458,1.20,16.00
2009.04.28 05:05:13.301,1.45755,1.458,1.20,17.80
2009.04.28 05:05:13.541,1.4575,1.458,3.20,17.80
2009.04.28 05:05:13.831,1.45745,1.458,12.60,17.80
2009.04.28 05:05:14.161,1.45745,1.458,9.40,17.80
2009.04.28 05:05:20.699,1.45745,1.458,11.00,16.20
2009.04.28 05:05:20.939,1.4575,1.458,2.00,11.40
2009.04.28 05:05:21.159,1.4575,1.458,4.80,11.40
2009.04.28 05:05:21.389,1.45755,1.458,3.20,11.40
2009.04.28 05:05:22.808,1.45765,1.458,3.20,11.40
2009.04.28 05:05:24.168,1.4577,1.458,3.20,6.60
2009.04.28 05:05:26.947,1.4577,1.458,4.40,6.60
2009.04.28 05:05:27.297,1.4577,1.458,3.20,6.60
2009.04.28 05:05:28.287,1.4577,1.458,3.20,8.20
2009.04.28 05:05:28.397,1.45765,1.458,3.60,13.00
2009.04.28 05:05:28.637,1.4576,1.458,2.60,16.20
2009.04.28 05:05:28.917,1.45775,1.45805,3.20,12.60
2009.04.28 05:05:29.037,1.45775,1.45805,3.20,11.40
2009.04.28 05:05:29.567,1.4577,1.458,7.20,4.80
2009.04.28 05:05:29.897,1.4577,1.458,3.20,4.80
2009.04.28 05:05:30.307,1.45775,1.45805,3.20,11.40
2009.04.28 05:05:30.667,1.4577,1.458,7.20,4.80
2009.04.28 05:05:30.956,1.4577,1.458,3.20,4.80
2009.04.28 05:05:31.126,1.45765,1.458,2.80,9.60
2009.04.28 05:05:31.356,1.4576,1.458,1.20,14.40
2009.04.28 05:05:31.576,1.4575,1.458,3.20,14.40
2009.04.28 05:05:32.096,1.45745,1.458,8.40,14.40
2009.04.28 05:05:32.326,1.45745,1.458,9.40,16.00
2009.04.28 05:05:33.076,1.45745,1.458,12.60,16.00
2009.04.28 05:05:33.226,1.45745,1.458,12.60,14.40
2009.04.28 05:05:33.686,1.45745,1.45805,17.40,5.80
2009.04.28 05:05:34.036,1.4577,1.4581,1.20,8.00
2009.04.28 05:05:35.635,1.4577,1.4581,1.00,8.00
2009.04.28 05:05:39.884,1.4577,1.4581,1.00,4.80
2009.04.28 05:05:42.564,1.4577,1.45815,1.00,12.80
2009.04.28 05:05:42.794,1.4577,1.45805,1.00,4.80
2009.04.28 05:05:43.074,1.4576,1.45805,4.80,4.80
2009.04.28 05:05:43.413,1.4576,1.458,4.80,11.20
2009.04.28 05:05:43.763,1.4575,1.458,8.00,11.20
2009.04.28 05:05:47.222,1.4575,1.458,4.80,11.20
2009.04.28 05:05:47.452,1.45745,1.458,8.40,16.00
2009.04.28 05:05:47.952,1.45745,1.458,8.80,16.00
2009.04.28 05:05:48.822,1.4575,1.458,4.80,1.80
2009.04.28 05:05:49.182,1.4575,1.4581,8.00,4.80
2009.04.28 05:05:49.832,1.45755,1.45815,4.80,8.00
2009.04.28 05:05:51.741,1.4577,1.45815,1.00,8.00
2009.04.28 05:05:51.912,1.45755,1.45815,4.80,8.00
2009.04.28 05:05:52.181,1.4577,1.45815,1.00,8.00
2009.04.28 05:05:52.351,1.45755,1.458,4.80,4.80
2009.04.28 05:05:52.521,1.4575,1.458,8.00,11.20
2009.04.28 05:05:53.801,1.4575,1.458,8.00,9.60
2009.04.28 05:05:58.210,1.4576,1.4579,3.20,4.80
2009.04.28 05:05:58.880,1.45765,1.458,3.20,10.40
2009.04.28 05:05:59.170,1.45765,1.458,3.20,9.60
2009.04.28 05:05:59.520,1.45765,1.4581,8.00,10.60
2009.04.28 05:05:59.810,1.45765,1.4581,8.00,9.60
2009.04.28 05:06:01.359,1.4577,1.45805,4.80,1.80
2009.04.28 05:06:04.578,1.4577,1.45815,1.20,3.20
2009.04.28 05:06:05.158,1.4577,1.45815,1.00,3.20
2009.04.28 05:06:08.347,1.4579,1.4583,1.20,4.20
2009.04.28 05:06:08.687,1.4579,1.4583,1.20,3.20
2009.04.28 05:06:23.384,1.4579,1.45835,1.20,4.80
2009.04.28 05:06:23.494,1.4581,1.4584,1.00,4.80
2009.04.28 05:06:23.944,1.45785,1.45845,6.00,4.80
2009.04.28 05:06:24.284,1.45805,1.45855,4.80,3.80
2009.04.28 05:06:24.584,1.45815,1.4585,4.80,1.00
2009.04.28 05:06:24.823,1.45825,1.4585,4.80,1.00
2009.04.28 05:06:25.163,1.4584,1.45875,4.80,3.80
2009.04.28 05:06:25.503,1.45845,1.4587,4.80,1.00
2009.04.28 05:06:28.602,1.45845,1.4585,4.80,1.00
2009.04.28 05:06:29.002,1.4585,1.45855,4.80,1.00
2009.04.28 05:06:29.182,1.4585,1.4587,4.80,1.00
2009.04.28 05:06:29.742,1.45855,1.4587,4.80,1.00
2009.04.28 05:06:31.842,1.45855,1.4587,4.80,1.00
2009.04.28 05:06:32.192,1.4585,1.4587,4.80,1.00
2009.04.28 05:06:32.752,1.45855,1.4587,4.80,1.00
2009.04.28 05:06:34.571,1.45855,1.4587,4.80,1.00
2009.04.28 05:06:34.681,1.45845,1.4587,4.80,1.00
2009.04.28 05:06:34.861,1.45845,1.4587,4.80,4.80
2009.04.28 05:06:34.971,1.4584,1.4587,8.00,4.80
2009.04.28 05:06:35.201,1.4584,1.4587,4.80,1.00
2009.04.28 05:06:35.371,1.4584,1.4587,4.80,1.00
2009.04.28 05:06:38.530,1.45835,1.4585,4.40,4.80
2009.04.28 05:06:38.770,1.4583,1.4585,3.20,3.20
2009.04.28 05:06:39.110,1.45835,1.4585,4.80,3.20
2009.04.28 05:06:39.280,1.45835,1.45865,4.80,1.20
2009.04.28 05:06:39.450,1.45835,1.4587,4.80,1.00
2009.04.28 05:06:39.920,1.4583,1.4587,8.00,1.00
2009.04.28 05:06:40.430,1.4583,1.4587,3.20,1.00
2009.04.28 05:06:40.849,1.4583,1.4587,3.20,1.00
2009.04.28 05:06:41.249,1.4583,1.4587,3.20,1.00
2009.04.28 05:06:41.539,1.4583,1.4586,3.20,14.40
2009.04.28 05:06:41.699,1.45815,1.4586,5.00,14.40
2009.04.28 05:06:41.859,1.45825,1.4586,3.20,14.40
2009.04.28 05:06:42.159,1.45825,1.4586,3.20,4.80
2009.04.28 05:06:42.210,1.45835,1.4587,3.20,4.80
2009.04.28 05:06:43.149,1.4583,1.4587,8.00,4.80
2009.04.28 05:06:43.499,1.45825,1.45865,12.20,1.80
2009.04.28 05:06:44.069,1.45825,1.4587,4.20,9.60
2009.04.28 05:06:44.699,1.45825,1.4587,3.20,9.60
2009.04.28 05:06:45.168,1.4582,1.4585,5.40,4.80
2009.04.28 05:06:45.409,1.4582,1.4585,4.40,4.80
2009.04.28 05:06:45.628,1.45825,1.4586,3.20,8.80
2009.04.28 05:06:45.808,1.45825,1.45855,4.00,1.20
2009.04.28 05:06:45.968,1.45825,1.4587,3.20,10.60
2009.04.28 05:06:46.188,1.45825,1.4587,3.20,9.60
2009.04.28 05:06:54.136,1.45845,1.45875,3.20,7.00
2009.04.28 05:06:54.426,1.45845,1.45875,3.20,7.40
2009.04.28 05:06:54.836,1.45845,1.45875,3.20,6.60
2009.04.28 05:06:55.236,1.4584,1.4587,4.00,4.80
2009.04.28 05:06:55.416,1.4584,1.4587,3.20,9.60
2009.04.28 05:06:56.816,1.4584,1.4587,3.20,4.80
2009.04.28 05:06:57.995,1.4584,1.45865,3.20,3.20
2009.04.28 05:06:58.235,1.4584,1.4587,3.20,16.00
2009.04.28 05:06:58.525,1.4584,1.45855,3.20,4.80
2009.04.28 05:06:58.765,1.4584,1.4586,3.20,4.80
2009.04.28 05:06:59.055,1.4584,1.4587,3.20,11.20
2009.04.28 05:06:59.515,1.4584,1.45865,3.20,4.80
2009.04.28 05:06:59.745,1.45825,1.4587,3.20,16.00
2009.04.28 05:07:00.085,1.45825,1.45865,3.20,4.80
2009.04.28 05:07:00.425,1.45825,1.4587,3.20,11.20
2009.04.28 05:07:01.525,1.45825,1.45865,3.20,3.20
2009.04.28 05:07:01.695,1.45815,1.45865,3.20,8.00
2009.04.28 05:07:02.234,1.45815,1.45855,3.20,4.80
2009.04.28 05:07:02.414,1.45825,1.4586,3.20,4.80
2009.04.28 05:07:02.884,1.45825,1.4587,3.20,4.80
2009.04.28 05:07:03.294,1.45825,1.45875,4.80,8.00
2009.04.28 05:07:03.684,1.45825,1.45875,4.80,4.00
2009.04.28 05:07:04.904,1.4582,1.45875,4.80,4.00
2009.04.28 05:07:13.072,1.4582,1.4587,4.80,1.00
2009.04.28 05:07:14.341,1.45825,1.4587,4.80,1.00
2009.04.28 05:07:14.691,1.45825,1.4587,4.80,1.00
2009.04.28 05:07:27.338,1.45825,1.4587,4.80,1.00
2009.04.28 05:07:35.466,1.4582,1.4587,4.80,1.00
2009.04.28 05:07:35.646,1.4582,1.4586,4.80,3.20
2009.04.28 05:07:36.906,1.4582,1.45855,4.80,3.20
2009.04.28 05:07:37.666,1.4582,1.4585,4.80,3.20
2009.04.28 05:07:37.786,1.4582,1.45855,4.80,3.20
2009.04.28 05:07:38.186,1.4582,1.4584,4.80,3.20
2009.04.28 05:07:38.305,1.4582,1.45835,4.80,3.20
2009.04.28 05:07:38.595,1.4582,1.4585,4.80,3.20
2009.04.28 05:07:38.775,1.4582,1.45855,4.80,3.20
2009.04.28 05:07:39.305,1.4582,1.4585,4.80,3.20
2009.04.28 05:07:39.475,1.4582,1.45855,4.80,3.20
2009.04.28 05:07:40.295,1.4582,1.4586,4.80,3.20
2009.04.28 05:07:41.245,1.4582,1.45835,4.80,3.20
2009.04.28 05:07:41.745,1.4582,1.45855,4.80,3.20
2009.04.28 05:07:42.035,1.4582,1.4586,4.80,3.20
2009.04.28 05:07:43.004,1.4582,1.4586,4.80,4.00
2009.04.28 05:07:43.114,1.4582,1.45835,4.80,3.20
2009.04.28 05:07:43.275,1.4582,1.45855,4.80,3.20
2009.04.28 05:07:43.554,1.4582,1.4585,4.80,3.20
2009.04.28 05:07:43.904,1.4582,1.4584,4.80,3.20
2009.04.28 05:07:44.294,1.4582,1.45855,4.80,3.20
2009.04.28 05:07:45.114,1.4582,1.4586,4.80,3.20
2009.04.28 05:07:49.253,1.458,1.45825,4.80,3.20
2009.04.28 05:07:49.703,1.45815,1.45845,3.20,1.00
2009.04.28 05:07:49.923,1.4582,1.4587,4.80,1.00
2009.04.28 05:07:51.353,1.45825,1.4587,4.80,1.00
2009.04.28 05:07:51.582,1.45825,1.4587,8.00,1.00
2009.04.28 05:07:53.142,1.45825,1.4587,8.00,1.00
2009.04.28 05:07:54.502,1.45825,1.45875,3.20,5.60
2009.04.28 05:07:54.892,1.45825,1.45875,3.20,5.60
2009.04.28 05:07:55.241,1.45825,1.4587,8.00,1.00
2009.04.28 05:07:55.361,1.45825,1.4587,8.00,1.00
2009.04.28 05:07:55.592,1.45825,1.45885,8.00,5.00
2009.04.28 05:07:55.931,1.45825,1.45885,8.00,4.80
2009.04.28 05:07:56.381,1.45825,1.45885,8.60,4.80
2009.04.28 05:07:56.721,1.45825,1.4586,8.00,1.20
2009.04.28 05:07:57.011,1.45825,1.45895,8.00,5.40
2009.04.28 05:07:57.301,1.45825,1.45895,8.00,5.60
2009.04.28 05:07:57.581,1.4583,1.4589,4.80,1.00
2009.04.28 05:07:58.771,1.4583,1.4588,4.80,3.20
2009.04.28 05:07:59.111,1.45825,1.4588,8.00,3.20
2009.04.28 05:07:59.460,1.4583,1.45885,4.80,4.00
2009.04.28 05:07:59.790,1.4584,1.45885,1.20,4.00
2009.04.28 05:08:05.929,1.4584,1.45885,1.20,4.80
2009.04.28 05:08:05.989,1.4584,1.4586,1.20,3.20
2009.04.28 05:08:10.848,1.4584,1.4585,1.20,4.80
2009.04.28 05:08:11.927,1.4584,1.4585,1.20,3.20
2009.04.28 05:08:12.227,1.4584,1.4585,1.20,2.60
2009.04.28 05:08:13.897,1.4584,1.4585,1.20,2.20
2009.04.28 05:08:17.366,1.4585,1.4588,4.80,2.50
2009.04.28 05:08:17.656,1.45865,1.4588,1.00,2.40
2009.04.28 05:08:17.886,1.45865,1.4588,2.00,1.20
2009.04.28 05:08:18.236,1.45865,1.45895,3.60,1.80
2009.04.28 05:08:18.616,1.4587,1.45895,3.20,1.80
2009.04.28 05:08:18.796,1.4587,1.459,7.20,1.80
2009.04.28 05:08:20.645,1.45875,1.459,3.60,6.60
2009.04.28 05:08:20.696,1.45875,1.459,2.80,6.60
2009.04.28 05:08:20.865,1.4587,1.459,3.20,6.60
2009.04.28 05:08:20.925,1.4587,1.459,1.60,6.60
2009.04.28 05:08:21.155,1.4587,1.459,6.40,6.60
2009.04.28 05:08:21.555,1.4587,1.459,9.60,6.60
2009.04.28 05:08:21.735,1.45875,1.459,4.80,6.60
2009.04.28 05:08:21.845,1.45875,1.4589,4.80,4.80
2009.04.28 05:08:22.175,1.45865,1.4589,1.20,4.80
2009.04.28 05:08:22.355,1.45865,1.4588,1.20,1.00
2009.04.28 05:08:22.465,1.45845,1.4588,6.40,1.00
2009.04.28 05:08:22.695,1.45845,1.4588,11.20,1.00
2009.04.28 05:08:22.935,1.45845,1.4588,8.00,1.00
2009.04.28 05:08:23.055,1.45845,1.4588,8.00,1.00
2009.04.28 05:08:23.395,1.45845,1.4588,8.00,1.00
2009.04.28 05:08:24.155,1.45845,1.4589,8.00,4.80
2009.04.28 05:08:24.385,1.45845,1.4588,8.00,1.00
2009.04.28 05:08:24.844,1.45845,1.4588,4.80,1.00
2009.04.28 05:08:26.324,1.45845,1.45885,4.80,1.00
2009.04.28 05:08:26.384,1.45845,1.4589,4.80,4.80
2009.04.28 05:08:26.664,1.45845,1.4589,4.80,1.20
2009.04.28 05:08:28.564,1.4585,1.4589,6.00,1.00
2009.04.28 05:08:29.043,1.4587,1.4589,4.80,1.20
2009.04.28 05:08:29.443,1.45875,1.4591,4.80,1.20
2009.04.28 05:08:30.533,1.45875,1.4591,4.80,1.00
2009.04.28 05:08:30.833,1.45875,1.4591,4.80,1.00
2009.04.28 05:08:31.113,1.45875,1.4591,4.80,1.00
2009.04.28 05:08:36.181,1.45875,1.4591,4.80,1.20
2009.04.28 05:08:36.561,1.45875,1.45915,4.80,6.60
2009.04.28 05:08:36.792,1.45875,1.45915,4.80,7.20
2009.04.28 05:08:37.012,1.45865,1.45915,4.80,7.40
2009.04.28 05:08:37.241,1.45865,1.45915,4.80,7.80
2009.04.28 05:08:37.411,1.4586,1.45915,9.20,7.20
2009.04.28 05:08:37.701,1.4586,1.45915,9.20,6.60
2009.04.28 05:08:41.830,1.4586,1.459,6.00,4.80
2009.04.28 05:08:41.940,1.4586,1.45895,6.00,1.00
2009.04.28 05:08:42.180,1.4586,1.4589,1.20,1.00
2009.04.28 05:08:44.240,1.4586,1.4589,1.20,1.20
2009.04.28 05:08:45.709,1.4586,1.4589,1.20,1.00
2009.04.28 05:08:49.758,1.4585,1.45895,1.20,6.60
2009.04.28 05:08:50.388,1.4585,1.4587,1.20,1.00
2009.04.28 05:08:51.828,1.4585,1.4587,1.20,1.20
2009.04.28 05:08:52.179,1.4586,1.4587,1.20,1.00
2009.04.28 05:08:55.207,1.4586,1.45875,1.20,6.40
2009.04.28 05:09:01.865,1.4586,1.45875,1.20,5.60
2009.04.28 05:09:02.105,1.4586,1.45875,1.20,4.80
2009.04.28 05:09:02.965,1.4584,1.45875,4.40,4.80
2009.04.28 05:09:05.354,1.4584,1.4587,4.40,4.80
2009.04.28 05:09:05.465,1.4584,1.4587,3.20,9.60
2009.04.28 05:09:05.644,1.4584,1.4587,4.40,4.80
2009.04.28 05:09:05.934,1.45835,1.4587,3.20,9.60
2009.04.28 05:09:09.223,1.45835,1.4587,3.20,11.20
2009.04.28 05:09:09.343,1.4583,1.45865,4.00,3.20
2009.04.28 05:09:09.454,1.4582,1.45865,9.40,3.20
2009.04.28 05:09:09.624,1.45815,1.45865,1.20,8.00
2009.04.28 05:09:09.903,1.4581,1.45865,11.80,8.00
2009.04.28 05:09:10.083,1.4581,1.45865,10.80,8.00
2009.04.28 05:09:11.183,1.4581,1.4585,10.80,1.00
2009.04.28 05:09:11.473,1.45815,1.4585,3.20,9.60
2009.04.28 05:09:17.052,1.4581,1.4585,1.20,9.60
2009.04.28 05:09:17.162,1.45805,1.4585,3.20,9.60
2009.04.28 05:09:17.272,1.45805,1.4585,3.20,12.80
2009.04.28 05:09:17.492,1.45805,1.4584,3.20,4.80
2009.04.28 05:09:17.601,1.45805,1.4584,3.20,9.60
2009.04.28 05:09:23.310,1.45805,1.4583,3.20,4.80
2009.04.28 05:09:23.610,1.458,1.4583,3.20,9.60
2009.04.28 05:09:30.388,1.45785,1.4583,4.20,12.80
2009.04.28 05:09:30.858,1.45785,1.4583,3.20,12.80
2009.04.28 05:09:31.438,1.45785,1.4582,3.20,4.80
2009.04.28 05:09:31.738,1.45785,1.4582,3.20,9.60
2009.04.28 05:09:32.848,1.45785,1.4582,3.20,11.20
2009.04.28 05:09:32.968,1.45785,1.4581,3.20,3.20
2009.04.28 05:09:33.078,1.4577,1.4581,6.60,3.20
2009.04.28 05:09:33.258,1.45775,1.4581,1.60,3.20
2009.04.28 05:09:33.368,1.45765,1.4581,1.20,3.20
2009.04.28 05:09:33.428,1.45755,1.4581,8.00,3.20
2009.04.28 05:09:36.677,1.4576,1.4581,1.60,3.20
2009.04.28 05:09:36.857,1.4576,1.45815,6.00,14.00
2009.04.28 05:09:36.977,1.45765,1.45815,3.20,3.20
2009.04.28 05:09:37.667,1.45765,1.458,3.20,4.80
2009.04.28 05:09:37.787,1.45765,1.458,3.20,9.60
2009.04.28 05:09:38.936,1.4577,1.458,3.20,4.80
2009.04.28 05:09:39.926,1.4577,1.458,3.20,9.60
2009.04.28 05:09:43.195,1.4577,1.458,4.40,4.80
2009.04.28 05:09:43.306,1.4577,1.4581,6.00,12.20
2009.04.28 05:09:43.365,1.45785,1.4581,4.80,12.20
2009.04.28 05:09:43.425,1.45785,1.458,4.80,1.80
2009.04.28 05:09:43.595,1.45785,1.4581,4.80,1.20
2009.04.28 05:09:43.765,1.45785,1.45815,4.80,1.00
2009.04.28 05:09:43.885,1.45785,1.45835,8.00,13.00
2009.04.28 05:09:44.125,1.4579,1.45835,4.80,6.60
2009.04.28 05:09:44.305,1.45795,1.45835,4.80,6.60
2009.04.28 05:09:44.915,1.4579,1.45835,4.80,6.60
2009.04.28 05:09:46.305,1.4579,1.4583,4.80,1.60
2009.04.28 05:09:46.425,1.4579,1.4583,4.80,11.20
2009.04.28 05:09:46.535,1.45775,1.4583,7.60,16.00
2009.04.28 05:09:46.714,1.45775,1.4583,6.40,16.00
2009.04.28 05:09:46.944,1.45775,1.4583,6.40,17.00
2009.04.28 05:10:19.037,1.45775,1.4583,8.00,15.40
2009.04.28 05:10:19.277,1.45785,1.4583,3.20,10.60
2009.04.28 05:10:19.736,1.45785,1.4583,3.20,9.60
2009.04.28 05:10:38.242,1.45775,1.45805,7.40,1.00
2009.04.28 05:10:38.352,1.45775,1.45805,6.40,1.00
2009.04.28 05:10:38.592,1.45775,1.45805,3.20,1.00
2009.04.28 05:10:55.188,1.45775,1.45805,6.40,1.00
2009.04.28 05:10:55.518,1.45785,1.45805,4.80,1.00
2009.04.28 05:10:55.798,1.4579,1.4581,4.80,5.20
2009.04.28 05:10:55.908,1.45775,1.4581,3.20,5.20
2009.04.28 05:11:00.586,1.45775,1.45805,3.20,1.00
2009.04.28 05:11:00.697,1.45785,1.45805,4.80,1.00
2009.04.28 05:11:01.316,1.4581,1.4582,4.80,1.00
2009.04.28 05:11:14.524,1.45775,1.4581,3.20,10.00
2009.04.28 05:11:18.193,1.45775,1.4581,3.20,11.60
2009.04.28 05:11:18.363,1.4576,1.4581,5.80,11.60
2009.04.28 05:11:18.482,1.4576,1.4581,1.20,16.40
2009.04.28 05:11:18.772,1.45755,1.4581,6.40,17.60
2009.04.28 05:11:20.642,1.45755,1.4579,3.20,4.80
2009.04.28 05:11:21.102,1.45755,1.4579,3.20,9.60
2009.04.28 05:11:22.391,1.4575,1.4578,4.40,4.80
2009.04.28 05:11:22.632,1.4575,1.4578,6.00,4.80
2009.04.28 05:11:23.821,1.4575,1.4578,4.40,4.80
2009.04.28 05:11:24.111,1.4575,1.4578,3.20,4.80
2009.04.28 05:11:24.871,1.45745,1.45775,3.20,4.80
2009.04.28 05:11:25.051,1.4576,1.45775,1.60,4.80
2009.04.28 05:11:25.511,1.45755,1.45775,3.60,4.80
2009.04.28 05:11:26.330,1.45775,1.45785,1.00,6.40
2009.04.28 05:11:26.550,1.4576,1.45775,1.60,4.80
2009.04.28 05:11:26.960,1.45765,1.45775,4.80,4.80
2009.04.28 05:11:27.350,1.4576,1.45775,7.60,4.80
2009.04.28 05:11:28.340,1.4576,1.45775,6.00,4.80
2009.04.28 05:11:28.620,1.4576,1.45775,1.20,4.80
2009.04.28 05:11:29.240,1.4576,1.45775,4.00,4.80
2009.04.28 05:11:29.350,1.45755,1.45775,6.40,4.80
2009.04.28 05:11:29.470,1.45755,1.45775,4.80,4.80
2009.04.28 05:11:29.590,1.4575,1.45775,11.00,4.80
2009.04.28 05:11:29.710,1.4576,1.45775,2.80,4.80
2009.04.28 05:11:30.119,1.45755,1.45775,1.00,4.80
2009.04.28 05:11:30.359,1.45755,1.45775,3.60,4.80
2009.04.28 05:11:31.249,1.45745,1.45775,6.40,4.80
2009.04.28 05:11:32.659,1.45745,1.45775,6.00,4.80
2009.04.28 05:11:32.839,1.45745,1.45775,10.80,4.80
2009.04.28 05:11:32.999,1.4575,1.45775,1.20,4.80
2009.04.28 05:11:35.488,1.45745,1.45775,6.40,4.80
2009.04.28 05:11:35.668,1.45745,1.45775,4.40,4.80
2009.04.28 05:11:35.788,1.4575,1.45775,3.20,4.80
2009.04.28 05:11:35.958,1.45755,1.45775,1.00,4.80
2009.04.28 05:11:37.958,1.4574,1.4577,11.20,12.00
2009.04.28 05:11:38.187,1.4574,1.4577,9.60,12.00
2009.04.28 05:11:39.227,1.4574,1.4576,9.60,1.00
2009.04.28 05:11:41.357,1.45745,1.45755,4.40,6.40
2009.04.28 05:11:41.637,1.45745,1.45755,1.20,6.40
2009.04.28 05:11:41.747,1.45725,1.45755,4.40,6.40
2009.04.28 05:11:42.286,1.4573,1.4575,1.00,4.80
2009.04.28 05:11:43.106,1.45725,1.4575,1.00,4.80
2009.04.28 05:11:43.286,1.4574,1.4576,1.20,4.80
2009.04.28 05:11:43.626,1.45725,1.4576,2.80,9.60
2009.04.28 05:11:43.866,1.4572,1.4577,1.00,28.60
2009.04.28 05:11:44.046,1.4572,1.4577,4.80,5.80
2009.04.28 05:11:44.216,1.4572,1.4577,4.80,4.80
2009.04.28 05:11:45.476,1.4573,1.4576,9.20,4.80
2009.04.28 05:11:45.696,1.4573,1.4576,4.40,4.80
2009.04.28 05:11:48.405,1.4574,1.4577,3.20,13.60
2009.04.28 05:11:48.685,1.4574,1.4577,7.20,8.80
2009.04.28 05:11:51.554,1.45745,1.45775,3.20,6.40
2009.04.28 05:11:51.674,1.4575,1.4578,1.20,7.80
2009.04.28 05:11:52.184,1.4575,1.4578,1.20,6.60
2009.04.28 05:11:54.164,1.4575,1.45775,1.20,4.80
2009.04.28 05:11:54.443,1.45745,1.45775,3.20,4.80
2009.04.28 05:11:57.893,1.45745,1.4577,3.60,9.60
2009.04.28 05:11:58.013,1.45735,1.4577,3.20,9.60
2009.04.28 05:11:59.872,1.4573,1.45765,4.40,4.80
2009.04.28 05:12:00.382,1.4573,1.45755,1.20,4.80
2009.04.28 05:12:01.132,1.45725,1.45755,4.40,4.80
2009.04.28 05:12:06.511,1.45725,1.4575,2.00,4.80
2009.04.28 05:12:07.850,1.4572,1.4575,8.40,4.80
2009.04.28 05:12:11.540,1.4572,1.45745,5.20,4.80
2009.04.28 05:12:12.509,1.45725,1.45745,1.00,4.80
2009.04.28 05:12:17.138,1.4573,1.45745,2.80,4.80
2009.04.28 05:12:19.337,1.4573,1.45745,1.20,4.80
2009.04.28 05:12:19.508,1.45725,1.45745,4.80,4.80
2009.04.28 05:12:19.688,1.4572,1.4575,7.20,10.60
2009.04.28 05:12:21.617,1.45725,1.45745,1.00,4.80
2009.04.28 05:12:25.836,1.4572,1.4574,6.00,5.60
2009.04.28 05:12:26.256,1.4571,1.4574,11.20,8.80
2009.04.28 05:12:27.176,1.4571,1.4574,11.20,4.80
2009.04.28 05:12:28.316,1.4571,1.4574,12.40,4.80
2009.04.28 05:12:29.065,1.4572,1.4574,2.80,4.80
2009.04.28 05:12:29.295,1.4572,1.4574,7.60,4.80
2009.04.28 05:12:32.684,1.4572,1.4574,6.00,4.80
2009.04.28 05:12:37.373,1.4573,1.45775,4.80,4.80
2009.04.28 05:12:37.553,1.4573,1.45765,4.80,4.80
2009.04.28 05:12:37.673,1.4572,1.45765,4.40,4.80
2009.04.28 05:12:42.492,1.4572,1.45765,9.20,4.80
2009.04.28 05:12:42.652,1.45725,1.4577,3.20,4.80
2009.04.28 05:12:42.712,1.45725,1.4576,3.20,9.60
2009.04.28 05:12:48.381,1.4572,1.4575,4.40,4.80
2009.04.28 05:12:54.329,1.45725,1.45755,8.00,5.00
2009.04.28 05:12:54.509,1.45725,1.45765,8.00,1.20
2009.04.28 05:12:54.689,1.4573,1.45765,4.80,1.20
2009.04.28 05:12:54.869,1.4573,1.4578,4.80,3.20
2009.04.28 05:12:57.158,1.4573,1.45775,4.80,1.60
2009.04.28 05:12:57.218,1.4573,1.4577,4.80,4.80
2009.04.28 05:12:57.278,1.4573,1.4577,4.80,9.60
2009.04.28 05:12:57.398,1.4572,1.45765,7.60,4.80
2009.04.28 05:13:09.196,1.45725,1.4576,3.20,4.80
2009.04.28 05:13:09.255,1.4572,1.4576,6.00,7.20
2009.04.28 05:13:09.316,1.4572,1.4577,9.20,9.00
2009.04.28 05:13:09.375,1.4572,1.4577,9.20,7.40
2009.04.28 05:13:09.426,1.45725,1.4577,3.20,7.40
2009.04.28 05:13:09.606,1.4573,1.4577,4.80,1.20
2009.04.28 05:13:10.005,1.4573,1.45785,4.80,3.20
2009.04.28 05:13:11.715,1.4574,1.45785,1.60,3.20
2009.04.28 05:13:11.775,1.4574,1.45785,4.80,3.20
2009.04.28 05:13:11.895,1.45745,1.45785,3.20,3.20
2009.04.28 05:13:12.125,1.45745,1.45795,3.20,3.20
2009.04.28 05:13:12.355,1.45745,1.4578,3.20,4.80
2009.04.28 05:13:12.475,1.45745,1.4578,3.20,9.60
2009.04.28 05:13:18.343,1.45745,1.45775,3.20,4.80
2009.04.28 05:13:18.403,1.4574,1.4577,3.20,4.80
2009.04.28 05:13:19.913,1.45735,1.45765,4.00,4.80
2009.04.28 05:13:20.193,1.45725,1.45765,1.20,4.80
2009.04.28 05:13:20.783,1.4572,1.45765,7.60,4.80
2009.04.28 05:13:26.741,1.45725,1.4577,3.20,9.60
2009.04.28 05:13:27.031,1.4572,1.45765,7.60,4.80
2009.04.28 05:13:27.961,1.4573,1.45765,3.20,4.80
2009.04.28 05:13:28.431,1.4573,1.4577,3.20,4.80
2009.04.28 05:13:28.661,1.4573,1.4577,8.00,1.80
2009.04.28 05:13:28.821,1.4573,1.45775,8.00,1.20
2009.04.28 05:13:29.161,1.4573,1.4579,11.20,4.80
2009.04.28 05:13:31.230,1.4573,1.4578,11.20,1.60
2009.04.28 05:13:31.470,1.4573,1.4578,3.20,6.40
2009.04.28 05:13:31.520,1.4573,1.4578,3.20,11.20
2009.04.28 05:13:31.860,1.4573,1.4578,3.20,16.00
2009.04.28 05:13:32.270,1.4573,1.4578,3.20,17.00
2009.04.28 05:13:36.309,1.4573,1.4578,3.20,15.40
2009.04.28 05:13:37.499,1.4573,1.4576,3.20,9.60
2009.04.28 05:13:40.628,1.4573,1.4576,4.40,4.80
2009.04.28 05:13:44.067,1.4574,1.4578,4.80,1.20
2009.04.28 05:13:44.477,1.4575,1.458,4.80,3.20
2009.04.28 05:13:44.757,1.45755,1.45805,4.80,3.20
2009.04.28 05:13:46.297,1.45765,1.45805,4.80,3.20
2009.04.28 05:13:46.696,1.4577,1.45805,4.80,3.20
2009.04.28 05:13:47.286,1.45775,1.45805,4.80,3.20
2009.04.28 05:13:47.916,1.45775,1.4582,4.80,3.20
2009.04.28 05:13:48.376,1.4577,1.4582,4.80,3.20
2009.04.28 05:13:48.486,1.45765,1.4582,4.80,3.20
2009.04.28 05:13:48.786,1.45765,1.45825,4.80,8.00
2009.04.28 05:13:49.596,1.45765,1.45795,4.80,1.60
2009.04.28 05:13:49.836,1.45765,1.45785,4.80,4.80
2009.04.28 05:13:50.016,1.4576,1.45785,1.20,4.80
2009.04.28 05:13:50.245,1.4572,1.45785,3.20,4.80
2009.04.28 05:13:59.903,1.4573,1.4577,3.20,9.60
2009.04.28 05:14:01.343,1.4573,1.4577,3.20,4.80
2009.04.28 05:14:01.453,1.4574,1.45775,3.20,1.60
2009.04.28 05:14:01.753,1.4575,1.45775,4.80,1.60
2009.04.28 05:14:02.273,1.45755,1.45775,4.80,1.60
2009.04.28 05:14:02.433,1.45755,1.4582,4.80,3.20
2009.04.28 05:14:02.553,1.45765,1.4582,4.80,3.20
2009.04.28 05:14:03.423,1.45765,1.4579,4.80,4.80
2009.04.28 05:14:04.472,1.45755,1.4578,4.80,4.80
2009.04.28 05:14:04.752,1.4575,1.4578,4.80,4.80
2009.04.28 05:14:04.982,1.4575,1.45805,4.80,3.20
2009.04.28 05:14:05.162,1.45755,1.4581,4.80,3.20
2009.04.28 05:14:14.600,1.45755,1.45815,4.80,12.80
2009.04.28 05:14:14.770,1.4575,1.45805,3.20,4.80
2009.04.28 05:14:26.477,1.45755,1.45805,3.20,4.80
2009.04.28 05:14:26.837,1.4576,1.45815,4.80,3.20
2009.04.28 05:14:27.227,1.4576,1.4582,4.80,8.00
2009.04.28 05:14:28.256,1.4577,1.45815,1.20,3.20
2009.04.28 05:14:31.765,1.4577,1.45805,1.20,4.80
2009.04.28 05:14:42.333,1.4577,1.45805,1.00,4.80
2009.04.28 05:14:42.573,1.4575,1.45805,3.20,4.80
2009.04.28 05:14:48.331,1.4575,1.4579,3.20,1.60
2009.04.28 05:14:48.381,1.4575,1.4579,3.20,6.40
2009.04.28 05:14:48.541,1.4575,1.4579,3.20,11.20
2009.04.28 05:14:48.711,1.45745,1.4579,6.40,11.20
2009.04.28 05:14:48.771,1.4575,1.45785,1.00,4.80
2009.04.28 05:14:48.831,1.4573,1.45785,3.20,4.80
2009.04.28 05:14:52.101,1.45735,1.4579,6.40,15.40
2009.04.28 05:15:01.308,1.45745,1.4579,8.00,1.20
2009.04.28 05:15:01.648,1.4575,1.45795,3.20,1.20
2009.04.28 05:15:01.818,1.4575,1.45795,8.00,1.20
2009.04.28 05:15:02.058,1.4575,1.4581,8.00,4.80
2009.04.28 05:15:07.627,1.4576,1.4581,1.00,4.80
2009.04.28 05:15:08.846,1.4576,1.45805,1.00,4.80
2009.04.28 05:15:10.596,1.4576,1.45805,1.20,4.80
2009.04.28 05:15:40.679,1.45755,1.45805,1.20,4.80
2009.04.28 05:15:41.029,1.4576,1.45805,1.20,4.80
2009.04.28 05:15:46.558,1.4576,1.45805,1.20,8.00
2009.04.28 05:15:54.325,1.4576,1.45805,1.00,8.00
2009.04.28 05:15:54.545,1.45755,1.45805,1.00,8.00
2009.04.28 05:15:54.775,1.4576,1.45805,1.00,8.00
2009.04.28 05:15:56.615,1.45745,1.45805,4.80,8.00
2009.04.28 05:16:00.265,1.45755,1.4581,4.80,3.20
2009.04.28 05:16:01.324,1.45755,1.45815,4.80,8.00
2009.04.28 05:16:01.444,1.4577,1.45815,1.00,3.20
2009.04.28 05:16:03.804,1.45765,1.4582,9.20,3.20
2009.04.28 05:16:04.443,1.4578,1.4582,1.00,3.20
2009.04.28 05:16:04.843,1.45775,1.4582,2.80,3.20
2009.04.28 05:16:05.073,1.45775,1.45825,2.80,12.80
2009.04.28 05:16:05.533,1.45775,1.45825,2.80,8.00
2009.04.28 05:16:07.962,1.4578,1.45805,1.00,4.80
2009.04.28 05:16:08.142,1.45765,1.45805,5.60,4.80
2009.04.28 05:16:09.932,1.45765,1.45795,4.40,4.80
2009.04.28 05:16:10.172,1.45775,1.45795,3.20,1.60
2009.04.28 05:16:10.392,1.4578,1.4581,4.80,1.80
2009.04.28 05:16:10.562,1.45785,1.4581,1.20,1.80
2009.04.28 05:16:10.732,1.4579,1.45835,1.20,4.80
2009.04.28 05:16:10.791,1.45785,1.45835,9.80,4.80
2009.04.28 05:16:11.811,1.45795,1.45835,3.20,4.80
2009.04.28 05:16:13.051,1.45795,1.45835,4.80,4.80
2009.04.28 05:16:18.430,1.458,1.45835,3.20,4.80
2009.04.28 05:16:18.709,1.458,1.45835,3.20,6.60
2009.04.28 05:16:19.509,1.45805,1.45825,4.80,1.80
2009.04.28 05:16:19.739,1.45805,1.4584,4.80,11.40
2009.04.28 05:16:20.669,1.4581,1.4584,3.20,11.40
2009.04.28 05:16:20.899,1.4581,1.4584,3.20,6.60
2009.04.28 05:16:21.189,1.4581,1.4584,3.20,8.20
2009.04.28 05:16:21.539,1.45805,1.4584,3.20,11.40
2009.04.28 05:16:21.759,1.458,1.4583,6.40,5.00
2009.04.28 05:16:21.989,1.458,1.45825,7.20,2.60
2009.04.28 05:16:22.379,1.45805,1.45825,3.60,4.80
2009.04.28 05:16:22.739,1.45805,1.4582,1.60,1.60
2009.04.28 05:16:23.089,1.458,1.45825,1.60,6.40
2009.04.28 05:16:23.359,1.458,1.4583,5.60,10.60
2009.04.28 05:16:23.659,1.458,1.4583,8.80,10.60
2009.04.28 05:16:24.108,1.45825,1.4583,1.60,3.10
2009.04.28 05:16:24.388,1.45825,1.45835,1.60,6.60
2009.04.28 05:16:24.788,1.45815,1.45825,4.00,1.80
2009.04.28 05:16:24.958,1.4581,1.45825,3.20,1.80
2009.04.28 05:16:25.238,1.4581,1.45825,4.80,1.80
2009.04.28 05:16:25.698,1.4581,1.45845,4.80,6.60
2009.04.28 05:16:26.148,1.45805,1.45845,4.20,6.60
2009.04.28 05:16:26.388,1.45805,1.45845,3.20,6.60
2009.04.28 05:16:27.587,1.4583,1.4585,1.00,9.60
2009.04.28 05:16:29.797,1.4583,1.4585,1.20,9.60
2009.04.28 05:16:30.717,1.4583,1.45855,1.20,4.80
2009.04.28 05:16:30.947,1.4583,1.45865,1.20,5.80
2009.04.28 05:16:31.347,1.4583,1.45865,1.20,4.80
2009.04.28 05:16:31.976,1.4585,1.45875,1.00,3.20
2009.04.28 05:16:32.376,1.4585,1.45875,1.20,3.20
2009.04.28 05:16:32.726,1.4585,1.45875,1.00,3.20
2009.04.28 05:16:33.066,1.4585,1.4587,1.00,4.80
2009.04.28 05:16:34.736,1.4585,1.4588,1.00,9.60
2009.04.28 05:16:39.414,1.4585,1.4588,1.00,4.80
2009.04.28 05:16:41.264,1.4585,1.4588,1.00,4.80
2009.04.28 05:16:41.774,1.4585,1.4588,1.00,6.40
2009.04.28 05:16:41.894,1.4585,1.4588,1.00,4.80
2009.04.28 05:16:42.014,1.4585,1.45875,1.00,4.80
2009.04.28 05:16:47.413,1.4585,1.45875,1.00,9.60
2009.04.28 05:16:47.583,1.4585,1.4587,1.00,4.80
2009.04.28 05:16:49.272,1.4585,1.45865,1.00,4.80
2009.04.28 05:16:56.031,1.4585,1.45855,1.00,4.80
2009.04.28 05:17:07.268,1.45835,1.45845,1.00,4.80
2009.04.28 05:17:08.458,1.4585,1.4587,1.00,7.70
2009.04.28 05:17:08.688,1.4581,1.45835,4.60,4.80
2009.04.28 05:17:09.338,1.4585,1.45855,1.00,8.80
2009.04.28 05:17:10.497,1.458,1.45835,4.80,4.80
2009.04.28 05:17:10.987,1.4585,1.45855,1.00,16.50
2009.04.28 05:17:15.256,1.45815,1.4585,1.80,9.60
2009.04.28 05:17:16.326,1.4585,1.4586,1.00,11.60
2009.04.28 05:17:19.235,1.45815,1.4584,3.00,5.60
2009.04.28 05:17:19.355,1.4585,1.45855,1.00,19.40
2009.04.28 05:17:20.045,1.45805,1.4585,6.40,9.60
2009.04.28 05:17:20.265,1.45805,1.4585,3.20,9.60
2009.04.28 05:17:21.164,1.45815,1.4585,3.20,11.20
2009.04.28 05:17:22.134,1.458,1.4585,20.20,11.20
2009.04.28 05:17:22.484,1.4579,1.45835,1.20,4.80
2009.04.28 05:17:22.764,1.45785,1.45825,3.20,4.80
2009.04.28 05:17:23.104,1.45785,1.4582,3.20,4.80
2009.04.28 05:17:23.404,1.4578,1.4582,3.20,4.80
2009.04.28 05:17:23.644,1.4578,1.45815,3.20,4.80
2009.04.28 05:17:23.864,1.4578,1.4581,3.20,4.80
2009.04.28 05:17:24.144,1.45775,1.4581,3.20,4.80
2009.04.28 05:17:25.463,1.45785,1.4581,3.20,4.80
2009.04.28 05:17:25.704,1.45785,1.4585,3.20,8.00
2009.04.28 05:17:25.873,1.45785,1.4585,8.00,3.20
2009.04.28 05:17:30.702,1.45785,1.4584,9.20,3.20
2009.04.28 05:17:35.641,1.45785,1.4584,8.60,3.20
2009.04.28 05:17:35.761,1.45785,1.4584,8.00,3.20
2009.04.28 05:17:36.571,1.45785,1.4584,9.20,3.20
2009.04.28 05:17:44.329,1.45785,1.45835,9.20,1.60
2009.04.28 05:17:44.449,1.45785,1.4583,9.20,4.80
2009.04.28 05:17:44.499,1.45785,1.4583,4.40,12.80
2009.04.28 05:17:45.149,1.45785,1.4583,4.40,17.60
2009.04.28 05:17:46.598,1.45785,1.4583,3.20,17.60
2009.04.28 05:17:49.108,1.45785,1.4582,3.20,1.60
2009.04.28 05:17:49.288,1.4578,1.45805,4.00,9.20
2009.04.28 05:17:49.458,1.45775,1.45805,5.40,9.20
2009.04.28 05:17:49.637,1.45775,1.45805,4.20,9.20
2009.04.28 05:17:49.798,1.45775,1.45805,3.20,9.20
2009.04.28 05:17:53.157,1.45775,1.458,3.20,4.80
2009.04.28 05:17:53.267,1.45775,1.4579,3.60,8.00
2009.04.28 05:17:53.387,1.45775,1.4579,2.80,3.20
2009.04.28 05:17:53.507,1.45775,1.4579,1.60,3.20
2009.04.28 05:17:53.627,1.45755,1.4579,3.20,3.20
2009.04.28 05:17:53.746,1.45755,1.45785,3.20,3.20
2009.04.28 05:17:54.356,1.45755,1.4579,3.20,3.20
2009.04.28 05:17:55.686,1.45755,1.45795,3.20,4.80
2009.04.28 05:18:00.245,1.45755,1.4579,3.20,4.80
2009.04.28 05:18:00.815,1.45755,1.458,3.20,19.20
2009.04.28 05:18:01.265,1.45755,1.458,3.20,14.40
2009.04.28 05:18:01.724,1.45755,1.458,3.20,15.40
2009.04.28 05:18:05.994,1.4577,1.458,3.20,15.40
2009.04.28 05:18:06.154,1.4577,1.458,3.20,10.60
2009.04.28 05:18:06.264,1.4577,1.458,3.20,5.80
2009.04.28 05:18:06.383,1.4577,1.458,3.20,9.00
2009.04.28 05:18:06.443,1.45775,1.458,3.20,3.40
2009.04.28 05:18:06.553,1.45775,1.45805,3.20,1.20
2009.04.28 05:18:06.613,1.45775,1.4581,3.20,10.60
2009.04.28 05:18:06.793,1.45775,1.4581,3.20,9.60
2009.04.28 05:18:09.493,1.4577,1.458,3.20,4.80
2009.04.28 05:18:09.773,1.4577,1.458,3.20,9.60
2009.04.28 05:18:11.312,1.4577,1.458,3.20,4.80
2009.04.28 05:18:12.292,1.4577,1.458,3.20,9.60
2009.04.28 05:18:26.639,1.4577,1.458,3.20,4.80
2009.04.28 05:18:26.748,1.4577,1.458,4.40,4.80
2009.04.28 05:18:30.528,1.4577,1.4581,6.00,10.80
2009.04.28 05:18:30.768,1.4578,1.45805,4.80,1.80
2009.04.28 05:18:30.948,1.45775,1.45815,8.00,1.20
2009.04.28 05:18:31.178,1.4578,1.45815,4.80,1.20
2009.04.28 05:18:31.358,1.4578,1.45825,4.80,1.20
2009.04.28 05:18:31.587,1.4578,1.45835,4.80,3.20
2009.04.28 05:19:00.800,1.4579,1.45835,4.80,3.20
2009.04.28 05:19:08.618,1.45795,1.45835,4.80,3.20
2009.04.28 05:19:10.228,1.4579,1.45835,4.80,3.20
2009.04.28 05:19:19.526,1.45795,1.45835,2.80,3.20
2009.04.28 05:19:19.756,1.4579,1.45835,4.80,3.20
2009.04.28 05:19:46.389,1.45795,1.45835,1.20,3.20
2009.04.28 05:19:46.439,1.4579,1.45835,4.80,3.20
2009.04.28 05:19:46.669,1.4579,1.4581,4.80,4.80
2009.04.28 05:19:46.779,1.4579,1.4581,4.80,9.60
2009.04.28 05:19:46.959,1.45795,1.4581,1.20,9.60
2009.04.28 05:19:49.679,1.45795,1.4581,1.20,4.80
2009.04.28 05:19:55.027,1.4579,1.4581,1.60,4.80
2009.04.28 05:19:55.327,1.458,1.4582,1.20,7.20
2009.04.28 05:19:56.367,1.4579,1.4582,6.00,7.20
2009.04.28 05:19:57.986,1.45795,1.4582,4.60,7.20
2009.04.28 05:19:59.606,1.45795,1.4582,4.00,7.20
2009.04.28 05:20:00.606,1.4579,1.4582,8.00,7.20
2009.04.28 05:20:00.836,1.458,1.45815,4.40,4.20
2009.04.28 05:20:00.996,1.458,1.45815,4.40,3.40
2009.04.28 05:20:01.116,1.458,1.45835,4.40,4.80
2009.04.28 05:20:08.274,1.458,1.45845,4.40,5.00
2009.04.28 05:20:08.334,1.45805,1.4584,3.20,2.00
2009.04.28 05:20:08.504,1.45805,1.4584,3.20,1.00
2009.04.28 05:20:12.043,1.45805,1.4584,3.20,2.00
2009.04.28 05:20:17.032,1.4583,1.4584,1.20,1.80
2009.04.28 05:20:17.092,1.4583,1.4585,1.20,11.40
2009.04.28 05:20:17.152,1.45825,1.4585,1.20,11.40
2009.04.28 05:20:17.262,1.4581,1.4585,1.20,11.40
2009.04.28 05:20:19.241,1.4582,1.45845,1.20,4.80
2009.04.28 05:20:19.991,1.45815,1.45845,1.20,4.80
2009.04.28 05:20:20.161,1.45805,1.45845,3.20,4.80
2009.04.28 05:20:20.861,1.45805,1.45845,3.20,6.60
2009.04.28 05:20:21.031,1.458,1.45835,4.40,4.80
2009.04.28 05:20:29.679,1.458,1.45835,3.20,4.80
2009.04.28 05:20:29.859,1.458,1.45815,1.00,1.80
2009.04.28 05:20:30.329,1.458,1.45815,1.20,1.80
2009.04.28 05:20:30.449,1.458,1.4583,1.20,6.60
2009.04.28 05:20:30.619,1.458,1.4581,1.20,4.80
2009.04.28 05:20:30.859,1.4578,1.4581,1.60,9.60
2009.04.28 05:20:31.088,1.45775,1.4581,8.00,4.80
2009.04.28 05:20:31.268,1.45775,1.45815,8.00,4.80
2009.04.28 05:20:32.938,1.45775,1.45805,9.20,4.80
2009.04.28 05:20:35.307,1.4578,1.4581,4.40,4.80
2009.04.28 05:20:36.557,1.45795,1.4581,1.20,4.80
2009.04.28 05:20:36.617,1.458,1.4581,1.20,4.80
2009.04.28 05:20:37.127,1.458,1.45815,1.20,6.60
2009.04.28 05:20:37.427,1.45795,1.45805,5.00,1.80
2009.04.28 05:20:37.707,1.45795,1.4583,5.00,10.60
2009.04.28 05:20:38.177,1.45795,1.4583,5.00,9.60
2009.04.28 05:20:38.347,1.458,1.4583,1.20,9.60
2009.04.28 05:20:39.506,1.458,1.45835,1.20,7.80
2009.04.28 05:20:39.966,1.458,1.45835,1.20,6.60
2009.04.28 05:20:40.246,1.45805,1.45825,3.20,1.80
2009.04.28 05:20:40.946,1.45805,1.45825,4.40,1.80
2009.04.28 05:20:41.816,1.4581,1.45825,3.20,1.80
2009.04.28 05:20:52.093,1.4582,1.45845,1.00,8.00
2009.04.28 05:20:54.963,1.45815,1.45845,1.00,8.00
2009.04.28 05:20:55.203,1.458,1.45845,1.20,8.00
2009.04.28 05:21:18.097,1.45795,1.45845,3.40,8.00
2009.04.28 05:21:18.397,1.45815,1.4585,3.20,15.80
2009.04.28 05:21:18.637,1.45815,1.4585,3.20,9.80
2009.04.28 05:21:23.696,1.45815,1.4585,3.20,11.40
2009.04.28 05:21:23.756,1.45805,1.4585,3.20,11.40
2009.04.28 05:21:24.036,1.45805,1.4584,3.20,4.80
2009.04.28 05:21:24.096,1.45805,1.4584,3.20,9.60
2009.04.28 05:21:25.065,1.458,1.4584,4.80,9.60
2009.04.28 05:21:25.185,1.458,1.4584,3.60,14.40
2009.04.28 05:21:25.466,1.458,1.4584,1.20,14.40
2009.04.28 05:21:25.805,1.458,1.4584,1.20,17.60
2009.04.28 05:21:34.113,1.458,1.45835,1.20,8.00
2009.04.28 05:21:34.343,1.458,1.4584,1.20,13.80
2009.04.28 05:21:36.982,1.458,1.4584,1.20,18.60
2009.04.28 05:21:40.012,1.458,1.4584,1.00,18.60
2009.04.28 05:21:40.182,1.458,1.4584,1.20,18.60
2009.04.28 05:21:48.200,1.458,1.4584,1.20,20.20
2009.04.28 05:21:48.550,1.45795,1.4584,4.80,20.20
2009.04.28 05:21:48.660,1.45795,1.4584,4.80,15.40
2009.04.28 05:21:48.839,1.45795,1.4584,5.00,14.40
2009.04.28 05:21:49.579,1.45795,1.4584,5.00,11.20
2009.04.28 05:21:58.737,1.45795,1.4584,4.20,11.20
2009.04.28 05:21:58.787,1.45795,1.4584,3.20,11.20
2009.04.28 05:22:01.416,1.45785,1.4584,9.00,11.20
2009.04.28 05:22:01.477,1.45785,1.4584,9.00,12.80
2009.04.28 05:22:01.586,1.45785,1.4584,4.20,17.60
2009.04.28 05:22:01.637,1.458,1.4584,1.00,17.60
2009.04.28 05:22:01.757,1.45795,1.4584,1.00,17.60
2009.04.28 05:22:02.036,1.45785,1.4584,3.20,18.60
2009.04.28 05:22:02.217,1.45785,1.4584,3.20,17.60
2009.04.28 05:22:02.866,1.45785,1.4584,3.20,18.60
2009.04.28 05:22:06.765,1.45785,1.4584,3.20,15.40
2009.04.28 05:22:09.964,1.45785,1.4584,3.20,18.60
2009.04.28 05:22:10.365,1.45795,1.4584,3.20,13.80
2009.04.28 05:22:10.424,1.45795,1.4584,3.20,10.60
2009.04.28 05:22:10.654,1.45795,1.4584,3.20,12.20
2009.04.28 05:22:10.824,1.45795,1.4584,3.20,11.20
2009.04.28 05:22:11.164,1.45795,1.4584,3.20,12.20
2009.04.28 05:22:11.334,1.45795,1.4584,3.20,11.20
2009.04.28 05:22:16.113,1.45795,1.4584,3.20,9.60
2009.04.28 05:22:20.982,1.45815,1.4582,1.00,4.80
2009.04.28 05:22:22.962,1.45815,1.4583,1.00,8.80
2009.04.28 05:22:23.192,1.45815,1.4583,1.00,10.60
2009.04.28 05:22:23.771,1.45815,1.4582,1.00,1.80
2009.04.28 05:22:24.111,1.45815,1.4584,1.00,4.80
2009.04.28 05:22:26.011,1.4581,1.4584,3.20,4.80
2009.04.28 05:22:42.857,1.45795,1.4584,7.00,9.60
2009.04.28 05:22:43.207,1.45795,1.4584,3.20,9.60
2009.04.28 05:22:52.044,1.458,1.4584,2.80,9.60
2009.04.28 05:22:52.164,1.458,1.45835,6.00,4.80
2009.04.28 05:23:00.932,1.4581,1.4584,3.20,4.80
2009.04.28 05:23:01.562,1.4581,1.4584,4.80,4.80
2009.04.28 05:23:01.732,1.4581,1.4584,6.00,4.80
2009.04.28 05:23:02.702,1.4581,1.4584,3.20,4.80
2009.04.28 05:23:03.211,1.4582,1.45845,1.60,5.80
2009.04.28 05:23:03.451,1.4582,1.45845,1.60,4.80
2009.04.28 05:23:04.431,1.4584,1.45845,4.40,2.40
2009.04.28 05:23:04.671,1.4584,1.45845,6.00,1.20
2009.04.28 05:23:04.791,1.4584,1.45865,6.00,1.20
2009.04.28 05:23:04.901,1.4584,1.45885,6.00,5.80
2009.04.28 05:23:05.371,1.4584,1.45885,6.00,4.80
2009.04.28 05:23:07.061,1.4584,1.4587,6.00,3.20
2009.04.28 05:23:07.241,1.4584,1.45845,1.80,4.80
2009.04.28 05:23:07.421,1.45835,1.4584,2.60,4.80
2009.04.28 05:23:07.590,1.45835,1.4584,1.60,4.80
2009.04.28 05:23:08.041,1.4582,1.4584,1.00,6.40
2009.04.28 05:23:10.130,1.4582,1.4584,1.00,4.80
2009.04.28 05:23:10.180,1.4582,1.45845,3.20,6.60
2009.04.28 05:23:10.410,1.4582,1.4584,4.80,1.60
2009.04.28 05:23:10.880,1.4582,1.4585,4.80,18.40
2009.04.28 05:23:11.300,1.4582,1.4585,4.80,18.60
2009.04.28 05:23:13.839,1.4582,1.4585,8.00,18.60
2009.04.28 05:23:13.899,1.4583,1.4584,6.00,1.80
2009.04.28 05:23:14.009,1.4584,1.45845,1.20,2.60
2009.04.28 05:23:14.359,1.45835,1.45865,1.20,3.00
2009.04.28 05:23:14.469,1.4583,1.45885,10.80,9.00
2009.04.28 05:23:14.639,1.4584,1.45885,1.20,9.00
2009.04.28 05:23:14.749,1.4584,1.45885,1.20,8.00
2009.04.28 05:23:14.809,1.45835,1.45885,1.20,8.00
2009.04.28 05:23:15.039,1.4583,1.45885,10.80,8.00
2009.04.28 05:23:17.058,1.45835,1.45885,1.20,8.00
2009.04.28 05:23:17.118,1.4584,1.45885,1.20,8.00
2009.04.28 05:23:17.598,1.4583,1.45885,4.80,3.20
2009.04.28 05:23:17.888,1.4584,1.4588,1.20,4.80
2009.04.28 05:23:23.097,1.4584,1.45845,1.20,1.60
2009.04.28 05:23:23.377,1.4582,1.45845,3.80,1.60
2009.04.28 05:23:23.677,1.4582,1.45845,1.00,1.60
2009.04.28 05:23:23.907,1.45805,1.45835,5.60,1.60
2009.04.28 05:23:25.116,1.4582,1.4583,1.00,4.80
2009.04.28 05:23:26.976,1.4581,1.4582,2.80,1.60
2009.04.28 05:23:27.206,1.45785,1.4582,3.20,1.60
2009.04.28 05:23:27.266,1.45785,1.4583,3.20,11.20
2009.04.28 05:23:27.386,1.4578,1.45825,3.20,4.80
2009.04.28 05:23:28.276,1.4577,1.45825,3.20,4.80
2009.04.28 05:23:28.775,1.45775,1.4583,3.20,4.80
2009.04.28 05:23:31.715,1.458,1.4583,1.00,4.80
2009.04.28 05:23:31.885,1.45805,1.4583,1.00,4.80
2009.04.28 05:23:35.374,1.4582,1.45835,1.00,4.80
2009.04.28 05:23:36.414,1.4581,1.45835,1.00,4.80
2009.04.28 05:23:43.002,1.4581,1.45815,1.00,1.60
2009.04.28 05:23:43.582,1.458,1.45815,1.20,1.60
2009.04.28 05:23:47.861,1.458,1.45815,1.20,4.80
2009.04.28 05:23:49.240,1.458,1.45805,1.00,4.80
2009.04.28 05:23:49.401,1.45795,1.45805,1.00,4.80
2009.04.28 05:23:53.180,1.45795,1.4581,1.00,9.60
2009.04.28 05:23:53.530,1.45795,1.45815,1.00,14.20
2009.04.28 05:23:53.830,1.45795,1.4582,1.00,18.60
2009.04.28 05:23:54.059,1.45795,1.4582,1.00,13.80
2009.04.28 05:23:54.289,1.45775,1.4582,7.20,13.80
2009.04.28 05:23:54.569,1.45775,1.4582,7.40,12.80
2009.04.28 05:23:55.569,1.4579,1.4582,1.00,12.80
2009.04.28 05:23:55.799,1.4579,1.4582,1.00,9.60
2009.04.28 05:23:57.009,1.4579,1.458,1.00,4.80
2009.04.28 05:23:57.349,1.4578,1.458,1.40,4.80
2009.04.28 05:23:57.758,1.4578,1.458,1.40,9.60
2009.04.28 05:23:58.098,1.45765,1.458,3.20,9.60
2009.04.28 05:23:59.648,1.45765,1.4581,3.20,7.80
2009.04.28 05:23:59.768,1.45765,1.4581,3.20,1.20
2009.04.28 05:24:00.178,1.45765,1.45815,3.20,3.00
2009.04.28 05:24:00.408,1.45765,1.4582,3.20,20.20
2009.04.28 05:24:00.798,1.4576,1.4582,10.80,13.80
2009.04.28 05:24:01.078,1.4577,1.4582,8.00,5.80
2009.04.28 05:24:01.258,1.45775,1.4582,6.60,4.20
2009.04.28 05:24:01.378,1.4578,1.4582,4.80,1.20
2009.04.28 05:24:01.548,1.4578,1.4583,4.80,1.20
2009.04.28 05:24:01.718,1.4578,1.45835,4.80,3.20
2009.04.28 05:24:02.288,1.4578,1.4584,4.80,8.00
2009.04.28 05:24:04.507,1.4578,1.4584,6.40,8.00
2009.04.28 05:24:04.677,1.4579,1.4584,3.20,4.80
2009.04.28 05:24:04.797,1.458,1.4584,1.00,4.80
2009.04.28 05:24:04.907,1.458,1.4585,1.00,8.00
2009.04.28 05:24:05.187,1.458,1.4585,1.00,9.60
2009.04.28 05:24:05.477,1.4579,1.45845,3.20,4.80
2009.04.28 05:24:12.545,1.45785,1.4584,3.20,14.40
2009.04.28 05:24:13.015,1.45785,1.4582,3.20,1.00
2009.04.28 05:24:14.954,1.45785,1.45825,3.20,1.00
2009.04.28 05:24:15.124,1.45785,1.4584,3.20,15.40
2009.04.28 05:24:15.864,1.458,1.4584,6.00,15.40
2009.04.28 05:24:20.263,1.458,1.4583,6.00,4.80
2009.04.28 05:24:20.503,1.458,1.4583,6.00,9.60
2009.04.28 05:24:20.783,1.458,1.4583,6.00,4.80
2009.04.28 05:24:22.543,1.458,1.45825,6.00,4.80
2009.04.28 05:24:25.392,1.458,1.4583,6.00,6.60
2009.04.28 05:24:26.422,1.458,1.45815,6.00,1.80
2009.04.28 05:24:27.331,1.4579,1.45815,7.60,1.80
2009.04.28 05:24:27.511,1.458,1.45815,3.20,1.80
2009.04.28 05:24:27.731,1.458,1.45815,4.40,1.80
2009.04.28 05:24:34.410,1.458,1.45815,4.40,1.80
2009.04.28 05:24:55.734,1.458,1.45825,7.20,6.60
2009.04.28 05:24:57.984,1.458,1.4582,7.20,4.80
2009.04.28 05:24:58.484,1.458,1.4582,7.20,6.60
2009.04.28 05:25:00.623,1.458,1.4582,7.80,6.60
2009.04.28 05:25:03.073,1.458,1.4582,1.80,6.60
2009.04.28 05:25:06.792,1.458,1.4583,4.40,4.80
2009.04.28 05:25:10.351,1.458,1.45825,1.80,4.80
2009.04.28 05:25:10.761,1.458,1.4581,1.20,1.80
2009.04.28 05:25:13.360,1.458,1.45825,1.20,4.80
2009.04.28 05:25:13.880,1.45795,1.45825,3.20,4.80
2009.04.28 05:25:14.090,1.45795,1.45825,4.40,4.80
2009.04.28 05:25:16.169,1.45795,1.45825,5.00,4.80
2009.04.28 05:25:16.499,1.45795,1.4582,2.40,4.80
2009.04.28 05:25:17.359,1.45795,1.45825,2.40,4.80
2009.04.28 05:25:18.399,1.45795,1.4581,2.40,1.60
2009.04.28 05:25:19.079,1.45795,1.45825,5.60,4.80
2009.04.28 05:25:21.068,1.458,1.4582,1.00,8.00
2009.04.28 05:25:21.348,1.458,1.4582,1.00,8.80
2009.04.28 05:25:21.588,1.45795,1.4582,5.00,8.80
2009.04.28 05:25:21.868,1.4579,1.4582,11.20,8.80
2009.04.28 05:25:22.338,1.458,1.4582,1.20,8.80
2009.04.28 05:25:23.088,1.458,1.4582,1.20,10.40
2009.04.28 05:25:23.258,1.45795,1.4581,4.40,4.80
2009.04.28 05:25:23.498,1.45795,1.4581,1.60,4.80
2009.04.28 05:25:23.738,1.4578,1.4581,1.20,9.60
2009.04.28 05:25:24.388,1.4578,1.4581,1.20,11.20
2009.04.28 05:25:24.557,1.45765,1.4581,3.20,12.80
2009.04.28 05:25:24.798,1.45765,1.45805,3.20,4.80
2009.04.28 05:25:25.887,1.45765,1.45815,3.20,10.60
2009.04.28 05:25:26.247,1.4577,1.45815,3.20,5.80
2009.04.28 05:25:26.607,1.45775,1.4582,3.20,12.80
2009.04.28 05:25:26.957,1.45775,1.4582,3.20,9.60
2009.04.28 05:25:27.187,1.4577,1.45825,4.40,5.80
2009.04.28 05:25:27.457,1.45775,1.4582,9.20,3.20
2009.04.28 05:25:27.687,1.45775,1.45825,9.20,1.20
2009.04.28 05:25:27.977,1.45775,1.4583,9.80,3.20
2009.04.28 05:25:30.016,1.4579,1.4583,3.20,3.20
2009.04.28 05:25:30.776,1.4579,1.45835,3.20,12.80
2009.04.28 05:25:31.756,1.4579,1.45835,3.20,4.80
2009.04.28 05:25:31.986,1.458,1.4584,1.00,8.00
2009.04.28 05:25:32.096,1.458,1.4584,1.00,3.20
2009.04.28 05:25:32.156,1.458,1.45845,1.00,5.80
2009.04.28 05:25:32.436,1.458,1.45845,1.20,3.20
2009.04.28 05:25:32.495,1.4581,1.45845,1.00,3.20
2009.04.28 05:25:33.125,1.4581,1.4585,1.00,3.20
2009.04.28 05:25:33.365,1.45815,1.4585,1.00,3.20
2009.04.28 05:25:33.645,1.4581,1.4585,4.80,3.20
2009.04.28 05:25:33.935,1.4581,1.4585,6.00,3.20
2009.04.28 05:25:34.055,1.45815,1.4585,4.80,3.20
2009.04.28 05:25:34.225,1.45815,1.45855,4.80,3.20
2009.04.28 05:25:34.635,1.4582,1.45855,4.40,8.00
2009.04.28 05:25:34.925,1.4578,1.4585,8.00,8.00
2009.04.28 05:25:35.795,1.4578,1.4585,11.20,4.80
2009.04.28 05:25:35.965,1.458,1.45855,4.80,3.20
2009.04.28 05:25:36.535,1.458,1.4585,4.80,9.60
2009.04.28 05:25:36.645,1.45795,1.4584,4.80,3.20
2009.04.28 05:25:38.484,1.45795,1.4584,7.00,3.20
2009.04.28 05:25:46.422,1.458,1.4583,1.20,9.60
2009.04.28 05:25:46.532,1.458,1.4582,1.20,9.60
2009.04.28 05:25:46.942,1.458,1.4582,1.00,9.60
2009.04.28 05:25:50.581,1.458,1.4583,1.00,19.40
2009.04.28 05:25:50.811,1.458,1.4583,1.00,15.40
2009.04.28 05:25:51.341,1.458,1.45835,1.00,6.20
2009.04.28 05:25:51.691,1.458,1.45835,1.00,4.20
2009.04.28 05:25:52.051,1.458,1.45835,1.00,3.20
2009.04.28 05:25:52.441,1.458,1.4583,1.00,14.40
2009.04.28 05:25:52.841,1.458,1.4583,1.20,14.40
2009.04.28 05:25:56.630,1.458,1.4583,1.00,14.40
2009.04.28 05:25:56.800,1.45785,1.4583,3.20,14.40
2009.04.28 05:25:57.259,1.45785,1.4582,3.20,4.80
2009.04.28 05:25:57.549,1.45785,1.4582,3.20,9.60
2009.04.28 05:25:58.869,1.4578,1.4582,4.40,12.80
2009.04.28 05:25:59.149,1.45775,1.45825,6.40,4.20
2009.04.28 05:25:59.419,1.45775,1.45825,11.20,3.20
2009.04.28 05:25:59.979,1.45775,1.45825,6.40,3.20
2009.04.28 05:26:00.479,1.45775,1.45825,8.00,3.20
2009.04.28 05:26:00.959,1.4578,1.4583,4.80,3.20
2009.04.28 05:26:03.728,1.45775,1.4583,8.00,3.20
2009.04.28 05:26:06.827,1.45775,1.4583,8.00,8.00
2009.04.28 05:26:07.057,1.45775,1.4583,8.00,12.80
2009.04.28 05:26:07.337,1.45775,1.4583,3.20,17.60
2009.04.28 05:26:08.657,1.45775,1.4581,3.20,9.60
2009.04.28 05:26:11.936,1.45765,1.4581,4.80,9.60
2009.04.28 05:26:12.096,1.45765,1.4581,3.20,9.60
2009.04.28 05:26:12.446,1.45775,1.4581,3.20,9.60
2009.04.28 05:26:18.045,1.4577,1.4581,8.00,9.60
2009.04.28 05:26:20.924,1.45775,1.4581,3.20,9.60
2009.04.28 05:26:21.374,1.45775,1.4581,3.20,4.80
2009.04.28 05:26:21.664,1.45775,1.45815,8.00,3.20
2009.04.28 05:26:21.994,1.4578,1.45825,4.80,4.20
2009.04.28 05:26:22.404,1.4578,1.45825,4.80,3.20
2009.04.28 05:26:28.852,1.4579,1.45825,8.00,3.20
2009.04.28 05:26:29.792,1.4579,1.4581,4.80,4.80
2009.04.28 05:26:30.072,1.4579,1.4581,4.40,8.80
2009.04.28 05:26:30.132,1.4579,1.458,4.40,4.80
2009.04.28 05:26:30.182,1.4579,1.458,1.20,4.80
2009.04.28 05:26:30.301,1.45775,1.458,4.40,4.80
2009.04.28 05:26:31.891,1.4578,1.458,3.20,4.80
2009.04.28 05:26:31.951,1.4578,1.4581,3.20,5.60
2009.04.28 05:26:33.971,1.4579,1.4581,8.00,1.80
2009.04.28 05:26:34.201,1.4579,1.45825,8.00,3.20
2009.04.28 05:26:34.620,1.4579,1.4583,8.00,12.80
2009.04.28 05:26:39.029,1.45785,1.4581,4.80,4.80
2009.04.28 05:26:39.149,1.4579,1.458,1.20,4.80
2009.04.28 05:26:39.270,1.45775,1.458,6.40,4.80
2009.04.28 05:26:39.390,1.45775,1.458,3.20,4.80
2009.04.28 05:26:39.679,1.4577,1.45805,10.40,4.80
2009.04.28 05:26:39.799,1.4577,1.45805,5.60,4.80
2009.04.28 05:26:39.909,1.4577,1.45805,4.40,4.80
2009.04.28 05:26:40.509,1.4577,1.458,4.40,4.80
2009.04.28 05:26:42.179,1.45765,1.458,3.20,9.60
2009.04.28 05:26:42.819,1.4577,1.458,3.20,4.80
2009.04.28 05:26:45.068,1.4577,1.458,3.20,9.60
2009.04.28 05:26:46.088,1.4577,1.458,3.20,4.80
2009.04.28 05:26:52.306,1.4577,1.45805,3.20,11.40
2009.04.28 05:26:59.484,1.45775,1.4581,3.20,10.60
2009.04.28 05:26:59.544,1.45775,1.45805,3.20,1.80
2009.04.28 05:26:59.894,1.45775,1.4582,3.20,1.20
2009.04.28 05:26:59.944,1.45775,1.4582,8.00,1.20
2009.04.28 05:27:00.244,1.45775,1.45825,8.00,3.20
2009.04.28 05:27:00.764,1.4578,1.45825,4.80,3.20
2009.04.28 05:27:01.784,1.45775,1.45825,8.00,3.20
2009.04.28 05:27:03.124,1.4578,1.45825,4.80,3.20
2009.04.28 05:27:11.482,1.4579,1.45825,3.20,3.20
2009.04.28 05:27:11.831,1.4579,1.4583,3.20,12.80
2009.04.28 05:27:13.401,1.458,1.4583,3.20,12.80
2009.04.28 05:27:13.631,1.4579,1.4583,8.00,12.80
2009.04.28 05:27:13.991,1.4579,1.4583,3.20,17.60
2009.04.28 05:27:14.291,1.4579,1.4583,3.20,12.80
2009.04.28 05:27:15.141,1.458,1.4583,3.20,12.80
2009.04.28 05:27:15.531,1.458,1.4583,3.20,9.60
2009.04.28 05:27:16.690,1.458,1.4583,3.20,14.40
2009.04.28 05:27:18.230,1.45805,1.4583,3.20,9.60
2009.04.28 05:27:18.450,1.45805,1.4583,3.20,12.80
2009.04.28 05:27:18.690,1.45805,1.4583,3.20,8.00
2009.04.28 05:27:22.069,1.45805,1.45835,3.20,4.80
2009.04.28 05:27:23.329,1.4581,1.4583,3.20,1.80
2009.04.28 05:27:23.439,1.4582,1.4583,3.20,1.80
2009.04.28 05:27:23.609,1.4582,1.45845,3.20,1.20
2009.04.28 05:27:23.719,1.4582,1.4585,3.20,1.80
2009.04.28 05:27:23.939,1.45835,1.45865,3.20,6.20
2009.04.28 05:27:24.109,1.45835,1.4586,3.20,5.60
2009.04.28 05:27:24.399,1.4582,1.4587,3.20,3.20
2009.04.28 05:27:24.800,1.4582,1.45875,3.20,8.00
2009.04.28 05:27:25.088,1.4582,1.45875,8.00,3.20
2009.04.28 05:27:30.987,1.4581,1.4585,4.80,4.80
2009.04.28 05:27:31.197,1.45805,1.4585,3.80,9.60
2009.04.28 05:27:33.336,1.45805,1.4585,3.20,11.20
2009.04.28 05:27:33.456,1.458,1.4585,4.40,11.20
2009.04.28 05:27:33.856,1.45795,1.45845,5.80,3.20
2009.04.28 05:27:34.146,1.45795,1.45845,4.80,3.20
2009.04.28 05:27:39.525,1.458,1.45845,4.80,3.20
2009.04.28 05:27:39.985,1.458,1.45845,8.00,3.20
2009.04.28 05:27:40.535,1.45805,1.45845,4.80,3.20
2009.04.28 05:27:40.934,1.458,1.45845,8.00,3.20
2009.04.28 05:27:46.213,1.45825,1.45845,3.20,3.20
2009.04.28 05:27:46.383,1.45825,1.45845,3.20,4.80
2009.04.28 05:27:46.663,1.45825,1.45845,3.20,8.00
2009.04.28 05:27:46.783,1.45825,1.4584,3.20,4.80
2009.04.28 05:27:47.353,1.45825,1.45835,3.20,4.80
2009.04.28 05:27:47.473,1.45825,1.45835,3.20,5.00
2009.04.28 05:27:47.593,1.45825,1.4585,3.20,8.00
2009.04.28 05:28:01.729,1.4583,1.4585,3.20,8.00
2009.04.28 05:28:02.299,1.4583,1.4585,3.20,4.80
2009.04.28 05:28:02.519,1.45825,1.4585,3.20,4.80
2009.04.28 05:28:12.127,1.4584,1.45865,3.20,7.80
2009.04.28 05:28:12.407,1.45845,1.45865,3.20,3.20
2009.04.28 05:28:12.847,1.45845,1.4587,3.20,8.00
2009.04.28 05:28:15.316,1.4585,1.4587,3.20,8.00
2009.04.28 05:28:16.066,1.4584,1.4587,8.00,8.00
2009.04.28 05:28:16.336,1.4584,1.4587,1.20,12.80
2009.04.28 05:28:16.616,1.45825,1.4587,4.60,12.80
2009.04.28 05:28:16.856,1.45825,1.4587,3.80,12.80
2009.04.28 05:28:18.066,1.45835,1.4586,3.20,1.60
2009.04.28 05:28:18.366,1.4583,1.4586,3.20,11.20
2009.04.28 05:28:28.573,1.4582,1.45855,6.00,4.80
2009.04.28 05:28:29.143,1.4582,1.4583,1.20,1.60
2009.04.28 05:28:29.253,1.45815,1.4583,5.20,1.60
2009.04.28 05:28:29.603,1.45805,1.45825,5.80,1.60
2009.04.28 05:28:29.723,1.45805,1.45825,4.60,1.60
2009.04.28 05:28:29.902,1.458,1.45825,3.20,1.60
2009.04.28 05:28:30.073,1.458,1.4583,3.20,1.60
2009.04.28 05:28:30.532,1.4581,1.4582,1.00,1.60
2009.04.28 05:28:30.762,1.4582,1.45825,3.20,2.40
2009.04.28 05:28:31.062,1.4582,1.45835,3.20,1.60
2009.04.28 05:28:31.352,1.4582,1.4584,3.20,8.00
2009.04.28 05:28:33.052,1.4582,1.45835,3.20,8.00
2009.04.28 05:28:34.541,1.4582,1.4584,3.20,8.00
2009.04.28 05:28:39.150,1.45815,1.4584,3.20,8.00
2009.04.28 05:28:39.910,1.45815,1.4583,3.20,4.80
2009.04.28 05:28:40.610,1.458,1.4583,3.20,4.80
2009.04.28 05:28:41.030,1.458,1.45835,3.20,8.00
2009.04.28 05:28:41.320,1.458,1.4583,3.20,4.80
2009.04.28 05:28:41.650,1.458,1.4583,3.20,8.00
2009.04.28 05:28:44.919,1.4581,1.4583,3.20,8.00
2009.04.28 05:28:48.358,1.4581,1.4584,3.20,8.00
2009.04.28 05:28:57.926,1.45815,1.4583,3.20,1.60
2009.04.28 05:29:00.675,1.4581,1.4583,3.20,1.60
2009.04.28 05:29:05.384,1.45815,1.4583,3.20,1.60
2009.04.28 05:29:15.032,1.45815,1.4582,3.20,1.00
2009.04.28 05:29:15.152,1.45815,1.4582,3.20,1.00
2009.04.28 05:29:20.811,1.45795,1.4582,3.20,1.00
2009.04.28 05:29:21.610,1.45795,1.4582,8.00,1.00
2009.04.28 05:29:22.850,1.45795,1.4582,3.20,1.00
2009.04.28 05:29:30.718,1.45795,1.4582,8.00,1.00
2009.04.28 05:29:37.446,1.45805,1.4582,3.20,1.00
2009.04.28 05:29:50.793,1.4581,1.4582,3.20,1.00
2009.04.28 05:29:50.963,1.45805,1.4582,3.20,1.00
2009.04.28 05:29:51.253,1.4581,1.4582,3.20,1.00
2009.04.28 05:29:51.423,1.45815,1.4582,3.20,1.00
2009.04.28 05:29:51.773,1.4581,1.4582,3.20,1.00
2009.04.28 05:29:55.802,1.45815,1.4582,3.20,1.00
2009.04.28 05:29:58.691,1.45815,1.4582,3.20,1.00
2009.04.28 05:29:59.081,1.45825,1.45835,3.20,2.10
2009.04.28 05:29:59.261,1.45815,1.4582,3.20,1.00
2009.04.28 05:30:01.001,1.45815,1.4584,3.20,6.40
2009.04.28 05:30:02.801,1.4581,1.4584,3.20,6.40
2009.04.28 05:30:04.380,1.4581,1.4584,3.20,4.80
2009.04.28 05:30:06.629,1.45805,1.4584,3.20,9.60
2009.04.28 05:30:10.598,1.4581,1.4584,3.20,4.80
2009.04.28 05:30:11.178,1.45805,1.4584,3.20,9.60
2009.04.28 05:30:12.428,1.45805,1.4584,8.00,9.60
2009.04.28 05:30:13.827,1.45805,1.4584,3.20,9.60
2009.04.28 05:30:14.228,1.458,1.4583,3.20,4.80
2009.04.28 05:30:16.647,1.45795,1.45825,3.20,4.80
2009.04.28 05:30:17.547,1.458,1.4583,1.20,5.60
2009.04.28 05:30:17.717,1.45805,1.45825,3.20,3.20
2009.04.28 05:30:17.956,1.45805,1.4584,3.20,10.60
2009.04.28 05:30:18.346,1.45805,1.4584,3.20,12.80
2009.04.28 05:30:18.567,1.4581,1.4584,3.20,8.00
2009.04.28 05:30:19.216,1.4581,1.4584,3.20,9.60
2009.04.28 05:30:19.786,1.4581,1.45835,3.20,3.20
2009.04.28 05:30:20.426,1.45805,1.45835,3.20,3.20
2009.04.28 05:30:21.635,1.45805,1.4583,3.20,3.20
2009.04.28 05:30:23.405,1.45795,1.4583,3.20,3.20
2009.04.28 05:30:25.145,1.45795,1.45825,3.20,1.60
2009.04.28 05:30:25.485,1.4579,1.45815,3.20,3.20
2009.04.28 05:30:26.454,1.45785,1.45815,3.20,3.20
2009.04.28 05:30:26.954,1.45775,1.45815,4.80,3.20
2009.04.28 05:30:27.474,1.45765,1.45815,9.20,3.20
2009.04.28 05:30:27.644,1.45765,1.458,8.00,1.00
2009.04.28 05:30:28.454,1.45765,1.45805,8.00,3.60
2009.04.28 05:30:28.864,1.45765,1.4578,3.20,1.00
2009.04.28 05:30:37.442,1.4576,1.4578,3.00,1.00
2009.04.28 05:30:37.682,1.45755,1.4578,5.80,1.00
2009.04.28 05:30:37.861,1.45755,1.45785,4.80,4.00
2009.04.28 05:30:38.651,1.4576,1.45785,3.20,4.00
2009.04.28 05:30:38.921,1.4576,1.45785,8.00,4.00
2009.04.28 05:30:39.491,1.45775,1.4578,3.20,1.00
2009.04.28 05:30:39.671,1.45765,1.4578,3.20,1.00
2009.04.28 05:30:39.911,1.45765,1.45805,3.20,4.00
2009.04.28 05:30:40.131,1.45765,1.4579,3.20,1.00
2009.04.28 05:30:41.301,1.4576,1.4579,3.20,3.20
2009.04.28 05:30:41.651,1.4576,1.4577,3.20,1.00
2009.04.28 05:30:44.820,1.4577,1.45775,3.20,1.00
2009.04.28 05:30:44.991,1.4577,1.45785,3.20,3.20
2009.04.28 05:30:45.210,1.4577,1.4579,3.20,3.20
2009.04.28 05:30:45.730,1.4577,1.45795,3.20,3.20
2009.04.28 05:30:46.949,1.4578,1.45795,3.20,3.20
2009.04.28 05:30:47.239,1.45775,1.45795,3.20,3.20
2009.04.28 05:30:47.529,1.45775,1.45795,3.20,4.80
2009.04.28 05:30:47.939,1.45775,1.45795,3.20,3.20
2009.04.28 05:30:48.170,1.45775,1.4579,3.20,3.20
2009.04.28 05:30:49.789,1.4577,1.4579,3.20,3.20
2009.04.28 05:30:53.598,1.4577,1.45785,3.20,3.20
2009.04.28 05:30:53.758,1.45765,1.45785,3.20,3.20
2009.04.28 05:30:55.088,1.4577,1.45785,3.20,3.20
2009.04.28 05:30:55.488,1.45765,1.45785,3.20,3.20
2009.04.28 05:31:02.106,1.45755,1.45785,3.20,8.00
2009.04.28 05:31:02.286,1.45755,1.45775,3.20,3.20
2009.04.28 05:31:02.645,1.45755,1.45775,3.20,8.00
2009.04.28 05:31:11.394,1.4575,1.45775,3.20,8.00
2009.04.28 05:31:11.734,1.45755,1.45775,3.20,8.00
2009.04.28 05:31:16.932,1.4575,1.4577,3.20,3.20
2009.04.28 05:31:17.442,1.4575,1.45765,3.20,3.20
2009.04.28 05:31:22.801,1.4575,1.4577,3.20,8.00
2009.04.28 05:31:23.301,1.4575,1.4577,3.20,9.60
2009.04.28 05:31:23.411,1.4575,1.45765,3.20,3.20
2009.04.28 05:31:24.630,1.4576,1.4577,3.20,8.00
2009.04.28 05:31:24.750,1.4576,1.4577,3.20,3.20
2009.04.28 05:31:24.810,1.4576,1.45775,3.20,4.20
2009.04.28 05:31:25.100,1.4576,1.45775,3.20,6.20
2009.04.28 05:31:25.280,1.4576,1.45775,3.20,4.20
2009.04.28 05:31:25.400,1.4576,1.4578,3.20,3.20
2009.04.28 05:31:26.210,1.4576,1.45775,3.20,3.20
2009.04.28 05:31:35.028,1.4576,1.4579,3.20,4.00
2009.04.28 05:31:35.208,1.4576,1.4579,3.20,3.20
2009.04.28 05:31:36.657,1.4576,1.45795,3.20,3.20
2009.04.28 05:31:38.677,1.45755,1.45795,3.20,3.20
2009.04.28 05:31:39.707,1.45755,1.4579,3.20,3.20
2009.04.28 05:31:42.386,1.4575,1.4578,3.20,4.80
2009.04.28 05:31:42.566,1.4575,1.4578,3.20,8.00
2009.04.28 05:31:42.736,1.4575,1.4578,3.20,12.80
2009.04.28 05:31:43.356,1.4575,1.45775,3.20,3.20
2009.04.28 05:31:43.756,1.4575,1.45765,3.20,3.20
2009.04.28 05:31:45.475,1.4575,1.4577,3.20,3.20
2009.04.28 05:31:45.895,1.4575,1.45775,3.20,3.20
2009.04.28 05:32:02.761,1.4575,1.4577,3.20,3.20
2009.04.28 05:32:02.941,1.4575,1.4577,3.20,8.00
2009.04.28 05:32:03.541,1.4575,1.45765,3.20,3.20
2009.04.28 05:32:16.938,1.4573,1.45765,3.20,8.00
2009.04.28 05:32:17.057,1.4573,1.4576,3.20,3.20
2009.04.28 05:32:29.205,1.4574,1.45755,3.20,3.20
2009.04.28 05:32:36.843,1.45735,1.45755,3.20,3.20
2009.04.28 05:32:37.123,1.45715,1.45755,3.20,3.20
2009.04.28 05:32:45.071,1.4573,1.45755,3.20,3.20
2009.04.28 05:32:53.339,1.4573,1.4576,3.20,3.20
2009.04.28 05:32:56.928,1.45715,1.4576,3.20,3.20
2009.04.28 05:32:57.218,1.45715,1.45755,3.20,4.80
2009.04.28 05:32:57.398,1.45715,1.45755,3.20,8.00
2009.04.28 05:33:04.086,1.4571,1.45745,4.40,5.40
2009.04.28 05:33:04.586,1.4571,1.45745,4.40,5.60
2009.04.28 05:33:04.696,1.4571,1.45745,3.20,5.60
2009.04.28 05:33:04.966,1.4571,1.45745,4.40,5.60
2009.04.28 05:33:05.186,1.4571,1.45745,4.40,5.40
2009.04.28 05:33:05.356,1.4571,1.4573,4.40,1.80
2009.04.28 05:33:05.526,1.4571,1.4574,1.20,6.60
2009.04.28 05:33:05.816,1.4571,1.4574,6.00,6.60
2009.04.28 05:33:06.046,1.45705,1.4574,8.00,6.60
2009.04.28 05:33:08.295,1.457,1.45735,12.60,4.80
2009.04.28 05:33:08.415,1.457,1.45735,11.80,4.80
2009.04.28 05:33:08.535,1.457,1.4572,11.80,1.80
2009.04.28 05:33:08.655,1.457,1.4572,10.80,1.80
2009.04.28 05:33:09.715,1.457,1.45725,10.80,1.80
2009.04.28 05:33:09.835,1.457,1.4574,10.80,6.60
2009.04.28 05:33:09.955,1.45705,1.4574,3.20,6.60
2009.04.28 05:33:10.865,1.457,1.4573,10.80,1.80
2009.04.28 05:33:11.045,1.457,1.4574,10.80,1.00
2009.04.28 05:33:11.724,1.45705,1.45755,3.20,3.20
2009.04.28 05:33:12.064,1.45705,1.45755,8.00,3.20
2009.04.28 05:33:12.124,1.45705,1.45755,3.20,3.20
2009.04.28 05:33:13.774,1.4571,1.45755,3.20,3.20
2009.04.28 05:33:14.724,1.45705,1.45755,3.20,3.20
2009.04.28 05:33:22.582,1.4572,1.45755,3.20,3.20
2009.04.28 05:33:22.802,1.4572,1.4576,3.20,3.20
2009.04.28 05:33:29.310,1.45735,1.4576,3.20,3.20
2009.04.28 05:33:29.650,1.45715,1.4576,3.20,3.20
2009.04.28 05:33:30.790,1.45715,1.45765,3.20,3.20
2009.04.28 05:33:31.140,1.4572,1.45765,4.80,3.20
2009.04.28 05:33:31.670,1.4572,1.4577,4.80,3.20
2009.04.28 05:33:36.019,1.4574,1.4579,10.80,3.20
2009.04.28 05:33:37.349,1.4574,1.45795,10.80,9.20
2009.04.28 05:33:37.458,1.4574,1.45795,10.80,6.00
2009.04.28 05:33:42.857,1.4574,1.45795,10.80,4.00
2009.04.28 05:33:43.207,1.4574,1.45795,10.80,8.00
2009.04.28 05:33:43.997,1.45745,1.45795,4.80,3.20
2009.04.28 05:33:44.287,1.45745,1.458,4.80,3.20
2009.04.28 05:33:45.786,1.45745,1.4578,8.00,4.80
2009.04.28 05:33:46.306,1.45745,1.4578,3.20,4.80
2009.04.28 05:33:46.536,1.45735,1.4578,1.20,14.40
2009.04.28 05:33:46.706,1.4573,1.4577,4.20,3.20
2009.04.28 05:33:47.206,1.4573,1.4577,3.20,3.20
2009.04.28 05:33:47.436,1.4573,1.4577,3.20,8.00
2009.04.28 05:33:48.876,1.4573,1.45765,3.20,4.80
2009.04.28 05:33:48.935,1.4573,1.45765,3.20,8.00
2009.04.28 05:33:56.494,1.45735,1.45765,3.20,8.00
2009.04.28 05:34:01.992,1.45735,1.45765,3.20,9.80
2009.04.28 05:34:02.152,1.45715,1.45765,3.20,9.80
2009.04.28 05:34:03.192,1.45715,1.45765,3.20,16.20
2009.04.28 05:34:03.472,1.45715,1.45765,3.20,11.40
2009.04.28 05:34:04.212,1.45715,1.45765,3.20,9.80
2009.04.28 05:34:27.886,1.45735,1.45765,3.20,5.00
2009.04.28 05:34:37.144,1.4574,1.45765,3.20,3.20
2009.04.28 05:34:40.393,1.4575,1.45765,3.20,3.20
2009.04.28 05:34:41.663,1.4575,1.4577,3.20,13.80
2009.04.28 05:34:41.993,1.45755,1.4577,3.20,3.20
2009.04.28 05:34:42.263,1.45755,1.45775,3.20,9.00
2009.04.28 05:34:42.592,1.45765,1.45775,3.20,8.00
2009.04.28 05:34:42.952,1.45765,1.4578,3.20,8.00
2009.04.28 05:34:43.542,1.45765,1.4578,3.20,3.20
2009.04.28 05:34:43.942,1.45765,1.45785,3.20,8.00
2009.04.28 05:34:44.622,1.4577,1.45785,3.20,3.20
2009.04.28 05:34:44.842,1.45775,1.45785,3.20,3.20
2009.04.28 05:34:45.132,1.45775,1.45795,3.20,4.80
2009.04.28 05:34:45.422,1.45785,1.45795,3.20,3.00
2009.04.28 05:34:45.771,1.45795,1.45805,3.20,3.20
2009.04.28 05:34:46.162,1.45795,1.4581,3.20,3.20
2009.04.28 05:34:46.972,1.45795,1.45815,3.20,3.20
2009.04.28 05:34:47.771,1.45785,1.4581,3.20,3.20
2009.04.28 05:34:48.061,1.45785,1.4582,3.20,9.80
2009.04.28 05:34:48.461,1.45785,1.4582,3.20,8.00
2009.04.28 05:34:48.691,1.45785,1.4581,3.20,1.00
2009.04.28 05:34:49.151,1.45785,1.4581,3.20,3.20
2009.04.28 05:34:49.951,1.45775,1.45805,3.20,3.20
2009.04.28 05:34:50.341,1.45775,1.4581,3.20,3.20
2009.04.28 05:34:50.571,1.45775,1.458,3.20,3.20
2009.04.28 05:34:51.030,1.45775,1.45805,3.20,3.20
2009.04.28 05:34:51.830,1.45795,1.45805,3.20,3.20
2009.04.28 05:34:52.170,1.45775,1.45805,3.20,3.20
2009.04.28 05:34:55.770,1.4577,1.45805,4.80,3.20
2009.04.28 05:34:56.339,1.4577,1.458,4.80,3.20
2009.04.28 05:34:57.329,1.45765,1.45795,4.80,3.20
2009.04.28 05:34:58.149,1.45765,1.458,4.80,3.20
2009.04.28 05:34:58.958,1.45765,1.45795,4.80,3.20
2009.04.28 05:34:59.349,1.4576,1.45795,4.80,3.20
2009.04.28 05:34:59.458,1.45755,1.45795,9.20,3.20
2009.04.28 05:34:59.689,1.45755,1.45785,4.80,3.20
2009.04.28 05:34:59.849,1.45755,1.45785,4.40,8.00
2009.04.28 05:35:00.078,1.4573,1.45785,3.20,8.00
2009.04.28 05:35:00.938,1.4573,1.4578,3.20,3.20
2009.04.28 05:35:01.268,1.4574,1.4578,3.20,3.20
2009.04.28 05:35:01.658,1.4573,1.4578,3.20,3.20
2009.04.28 05:35:12.265,1.4574,1.4578,3.20,8.00
2009.04.28 05:35:12.825,1.4575,1.4578,3.20,8.00
2009.04.28 05:35:12.945,1.4575,1.4578,3.20,3.20
2009.04.28 05:35:14.005,1.4575,1.45785,3.20,8.00
2009.04.28 05:35:14.285,1.4575,1.45785,3.20,3.20
2009.04.28 05:35:14.985,1.4575,1.4578,3.20,3.20
2009.04.28 05:35:33.330,1.4576,1.4578,3.20,3.20
2009.04.28 05:35:34.120,1.4576,1.45775,3.20,1.80
2009.04.28 05:35:34.850,1.4576,1.45775,4.40,1.80
2009.04.28 05:35:35.130,1.4576,1.45795,4.40,9.80
2009.04.28 05:35:37.519,1.4576,1.4579,3.20,3.20
2009.04.28 05:35:37.759,1.4576,1.4579,3.20,8.00
2009.04.28 05:35:37.989,1.4576,1.4579,3.20,12.80
2009.04.28 05:35:39.879,1.4576,1.4579,3.20,14.40
2009.04.28 05:35:40.058,1.4576,1.4579,3.20,16.20
2009.04.28 05:35:40.408,1.4576,1.45785,3.20,3.20
2009.04.28 05:35:41.918,1.4576,1.4578,3.20,3.20
2009.04.28 05:35:43.408,1.4576,1.45785,3.20,3.20
2009.04.28 05:35:44.398,1.4577,1.45785,3.20,3.20
2009.04.28 05:35:45.647,1.4577,1.4579,3.20,3.20
2009.04.28 05:35:47.227,1.4576,1.4579,8.00,9.60
2009.04.28 05:35:47.287,1.4576,1.4578,3.20,4.80
2009.04.28 05:35:49.137,1.4575,1.4578,8.00,9.60
2009.04.28 05:35:49.317,1.45765,1.4578,3.20,4.80
2009.04.28 05:35:49.546,1.45755,1.4578,3.20,4.80
2009.04.28 05:35:49.896,1.45765,1.4578,1.40,4.80
2009.04.28 05:35:50.296,1.4578,1.45785,3.20,4.80
2009.04.28 05:35:50.706,1.4577,1.45795,6.40,9.80
2009.04.28 05:35:51.166,1.4575,1.4579,1.20,12.80
2009.04.28 05:35:51.636,1.45735,1.4578,3.20,4.80
2009.04.28 05:35:52.026,1.4572,1.4578,8.00,4.80
2009.04.28 05:35:53.025,1.4572,1.4578,8.00,8.00
2009.04.28 05:35:53.435,1.4572,1.4577,8.00,1.00
2009.04.28 05:35:53.895,1.4573,1.4577,3.20,1.00
2009.04.28 05:35:56.025,1.4573,1.4578,3.20,3.20
2009.04.28 05:35:57.864,1.45725,1.4578,4.80,3.20
2009.04.28 05:35:59.964,1.45725,1.4577,4.80,1.00
2009.04.28 05:36:00.354,1.45725,1.4578,4.80,3.20
2009.04.28 05:36:07.002,1.4573,1.4578,3.20,3.20
2009.04.28 05:36:09.662,1.45745,1.4578,3.20,3.20
2009.04.28 05:36:12.841,1.45725,1.45775,4.80,3.20
2009.04.28 05:36:13.710,1.45725,1.4578,4.80,3.20
2009.04.28 05:36:20.978,1.45745,1.4578,3.20,3.20
2009.04.28 05:36:23.358,1.45725,1.4578,8.00,3.20
2009.04.28 05:36:23.478,1.45725,1.4578,4.80,3.20
2009.04.28 05:36:33.056,1.45745,1.45785,3.20,8.00
2009.04.28 05:36:41.684,1.45735,1.4578,3.20,3.20
2009.04.28 05:36:41.914,1.4573,1.4578,3.20,3.20
2009.04.28 05:36:42.263,1.45725,1.45775,4.80,3.20
2009.04.28 05:36:43.863,1.45725,1.45775,4.80,4.00
2009.04.28 05:36:44.373,1.45745,1.45775,3.20,3.60
2009.04.28 05:36:44.653,1.45745,1.45775,3.20,3.20
2009.04.28 05:36:45.233,1.45735,1.45775,3.20,3.20
2009.04.28 05:36:47.572,1.45745,1.45775,3.20,3.20
2009.04.28 05:36:56.920,1.45745,1.4578,3.20,4.80
2009.04.28 05:36:57.430,1.45735,1.4578,3.20,4.80
2009.04.28 05:37:13.536,1.45745,1.4578,3.20,4.80
2009.04.28 05:37:26.493,1.45735,1.4578,3.20,4.80
2009.04.28 05:37:26.603,1.45735,1.45775,3.20,5.60
2009.04.28 05:37:26.713,1.45735,1.45775,3.20,1.00
2009.04.28 05:37:26.823,1.45735,1.4577,3.20,1.00
2009.04.28 05:37:30.172,1.45735,1.4577,3.20,1.00
2009.04.28 05:37:30.982,1.45735,1.45775,3.20,5.60
2009.04.28 05:37:35.081,1.45735,1.45775,3.20,5.60
2009.04.28 05:37:36.331,1.45745,1.4577,3.20,1.00
2009.04.28 05:37:36.661,1.45745,1.45775,3.20,1.00
2009.04.28 05:37:36.841,1.45745,1.45785,3.20,8.00
2009.04.28 05:37:37.070,1.45735,1.4577,3.20,1.00
2009.04.28 05:37:39.330,1.4573,1.4577,3.20,1.00
2009.04.28 05:37:41.669,1.45735,1.4577,3.20,1.00
2009.04.28 05:37:47.008,1.45735,1.45775,3.20,1.00
2009.04.28 05:37:47.308,1.45735,1.45785,3.20,8.00
2009.04.28 05:37:54.376,1.45735,1.4577,4.80,1.00
2009.04.28 05:38:02.164,1.45735,1.4577,4.80,1.00
2009.04.28 05:38:03.094,1.45735,1.4577,8.00,1.00
2009.04.28 05:38:04.763,1.45735,1.4577,3.20,1.00
2009.04.28 05:38:07.343,1.45735,1.4577,3.20,2.40
2009.04.28 05:38:11.772,1.45735,1.4577,3.20,1.80
2009.04.28 05:38:34.136,1.45735,1.4577,3.20,2.40
2009.04.28 05:38:34.247,1.45735,1.45775,3.20,5.60
2009.04.28 05:38:34.576,1.45735,1.45775,3.20,7.60
2009.04.28 05:38:35.796,1.45735,1.45775,3.20,8.80
2009.04.28 05:38:36.716,1.4573,1.45765,10.80,4.80
2009.04.28 05:38:37.396,1.4573,1.45765,6.00,6.60
2009.04.28 05:38:37.666,1.4573,1.45765,6.00,7.20
2009.04.28 05:38:38.016,1.4573,1.4575,9.20,1.80
2009.04.28 05:38:40.155,1.4573,1.4575,4.40,1.80
2009.04.28 05:38:52.442,1.45735,1.45775,3.20,3.00
2009.04.28 05:38:52.782,1.4573,1.4577,10.80,1.00
2009.04.28 05:38:53.012,1.45735,1.4577,4.80,1.00
2009.04.28 05:38:53.372,1.45735,1.4576,4.80,1.00
2009.04.28 05:38:53.482,1.45735,1.4577,4.80,1.00
2009.04.28 05:39:08.538,1.45735,1.4576,3.20,1.00
2009.04.28 05:39:08.708,1.45735,1.4577,3.20,9.60
2009.04.28 05:39:13.897,1.45735,1.4576,3.20,1.00
2009.04.28 05:39:14.077,1.45735,1.4577,3.20,9.60
2009.04.28 05:39:15.337,1.45735,1.45765,3.20,1.00
2009.04.28 05:39:15.576,1.45735,1.4577,3.20,9.60
2009.04.28 05:39:20.185,1.45735,1.4577,3.20,9.60
2009.04.28 05:39:20.535,1.45735,1.4576,3.20,1.00
2009.04.28 05:39:22.705,1.45735,1.45765,3.20,1.00
2009.04.28 05:39:22.935,1.45735,1.4577,3.20,9.60
2009.04.28 05:39:25.944,1.4574,1.4577,3.20,9.60
2009.04.28 05:39:26.294,1.4574,1.4577,3.20,11.40
2009.04.28 05:39:27.254,1.45735,1.4577,3.20,11.40
2009.04.28 05:39:34.562,1.4573,1.45765,4.40,4.80
2009.04.28 05:39:34.682,1.4573,1.45765,4.40,5.20
2009.04.28 05:39:34.862,1.4573,1.45765,4.40,7.60
2009.04.28 05:39:38.461,1.4573,1.45765,9.20,7.60
2009.04.28 05:39:44.619,1.4573,1.45765,9.20,7.20
2009.04.28 05:39:44.729,1.4573,1.45765,9.20,6.60
2009.04.28 05:39:45.499,1.4573,1.45765,4.40,6.60
2009.04.28 05:39:51.908,1.4573,1.45765,4.40,7.20
2009.04.28 05:39:52.268,1.4573,1.45765,4.40,7.60
2009.04.28 05:39:52.968,1.4573,1.4574,4.40,1.80
2009.04.28 05:40:00.706,1.4573,1.45735,4.40,1.80
2009.04.28 05:40:01.825,1.4573,1.45735,1.20,1.80
2009.04.28 05:40:02.185,1.4573,1.45755,1.20,5.40
2009.04.28 05:40:03.675,1.4573,1.45755,1.20,7.00
2009.04.28 05:40:03.855,1.4573,1.45755,1.20,10.20
2009.04.28 05:40:05.204,1.4573,1.45755,1.20,8.60
2009.04.28 05:40:05.324,1.4573,1.45755,1.20,5.40
2009.04.28 05:40:06.414,1.4573,1.4575,1.20,4.80
2009.04.28 05:40:07.004,1.4573,1.45745,1.20,1.60
2009.04.28 05:40:07.344,1.45725,1.4573,2.80,4.80
2009.04.28 05:40:07.564,1.4571,1.4573,1.20,4.80
2009.04.28 05:40:07.804,1.45705,1.4573,1.20,4.80
2009.04.28 05:40:08.044,1.457,1.4573,4.40,4.80
2009.04.28 05:40:08.494,1.457,1.45715,4.40,1.80
2009.04.28 05:40:09.244,1.45705,1.45715,3.20,1.80
2009.04.28 05:40:09.413,1.45705,1.4572,3.20,1.80
2009.04.28 05:40:09.983,1.457,1.4572,6.00,1.80
2009.04.28 05:40:10.213,1.457,1.4572,4.40,1.80
2009.04.28 05:40:10.383,1.457,1.4573,3.20,6.60
2009.04.28 05:40:11.593,1.457,1.4572,4.40,1.80
2009.04.28 05:40:11.763,1.457,1.4573,3.20,6.60
2009.04.28 05:40:11.993,1.457,1.4572,3.20,1.80
2009.04.28 05:40:12.503,1.457,1.4573,3.20,6.60
2009.04.28 05:40:13.413,1.457,1.4572,3.20,1.80
2009.04.28 05:40:13.712,1.45695,1.45725,4.40,4.80
2009.04.28 05:40:14.622,1.45695,1.45725,4.40,6.60
2009.04.28 05:40:15.242,1.457,1.45715,3.20,1.80
2009.04.28 05:40:17.032,1.457,1.4573,3.20,6.60
2009.04.28 05:40:26.790,1.45695,1.45725,3.20,4.80
2009.04.28 05:40:26.909,1.45695,1.45725,4.40,4.80
2009.04.28 05:40:29.289,1.45695,1.45725,3.20,4.80
2009.04.28 05:40:30.259,1.45695,1.45725,4.40,4.80
2009.04.28 05:40:42.926,1.45695,1.45725,3.20,4.80
2009.04.28 05:40:43.155,1.457,1.4573,3.20,6.60
2009.04.28 05:40:44.195,1.457,1.4573,3.20,4.80
2009.04.28 05:40:54.363,1.457,1.4573,3.20,6.60
2009.04.28 05:40:55.942,1.457,1.4573,3.20,11.40
2009.04.28 05:40:57.832,1.457,1.4573,3.20,13.00
2009.04.28 05:40:57.892,1.457,1.4572,3.20,4.20
2009.04.28 05:40:58.052,1.45695,1.4571,3.20,1.60
2009.04.28 05:40:58.462,1.45695,1.45715,4.40,9.60
2009.04.28 05:40:58.572,1.4568,1.45715,5.40,9.80
2009.04.28 05:40:58.871,1.4568,1.45715,4.40,9.80
2009.04.28 05:41:00.071,1.4568,1.4571,3.20,9.60
2009.04.28 05:41:00.231,1.4568,1.4569,3.20,1.60
2009.04.28 05:41:00.641,1.4568,1.4569,4.40,1.60
2009.04.28 05:41:00.911,1.4568,1.45695,4.40,2.60
2009.04.28 05:41:01.141,1.4568,1.457,4.40,1.60
2009.04.28 05:41:01.381,1.4568,1.4571,4.40,4.80
2009.04.28 05:41:05.120,1.45685,1.45705,3.20,1.80
2009.04.28 05:41:05.350,1.45685,1.4571,3.20,4.80
2009.04.28 05:41:06.680,1.45695,1.4571,3.20,4.80
2009.04.28 05:41:07.029,1.45685,1.4571,3.20,4.80
2009.04.28 05:41:07.319,1.45685,1.4571,3.20,5.00
2009.04.28 05:41:07.669,1.4569,1.4571,3.20,2.60
2009.04.28 05:41:08.579,1.45685,1.4571,3.20,2.60
2009.04.28 05:41:08.859,1.45685,1.4571,3.20,4.80
2009.04.28 05:41:08.979,1.45685,1.45705,3.20,5.00
2009.04.28 05:41:09.099,1.45685,1.457,3.20,1.60
2009.04.28 05:41:11.699,1.4568,1.457,3.20,1.60
2009.04.28 05:41:12.158,1.45685,1.457,3.20,3.40
2009.04.28 05:41:13.528,1.4568,1.4569,3.20,1.60
2009.04.28 05:41:16.647,1.45675,1.45695,3.60,10.40
2009.04.28 05:41:16.997,1.4566,1.4568,1.20,1.80
2009.04.28 05:41:17.397,1.45655,1.45685,3.20,10.20
2009.04.28 05:41:19.127,1.45655,1.4568,3.20,1.80
2009.04.28 05:41:28.514,1.4566,1.4568,4.40,1.80
2009.04.28 05:41:31.964,1.4566,1.4568,4.40,1.60
2009.04.28 05:41:33.743,1.4566,1.4568,3.20,1.60
2009.04.28 05:41:33.973,1.4566,1.4568,3.20,1.80
2009.04.28 05:41:34.194,1.4566,1.4567,3.20,1.60
2009.04.28 05:41:52.429,1.4566,1.4568,3.20,4.80
2009.04.28 05:41:53.079,1.45665,1.4568,3.20,4.80
2009.04.28 05:41:59.957,1.4567,1.4568,3.20,4.80
2009.04.28 05:42:10.414,1.4567,1.4568,3.20,4.80
2009.04.28 05:42:11.874,1.45665,1.4567,3.80,4.80
2009.04.28 05:42:12.104,1.45665,1.4567,3.40,4.80
2009.04.28 05:42:12.284,1.45665,1.4567,3.20,4.80
2009.04.28 05:42:14.253,1.4567,1.45685,3.20,6.10
2009.04.28 05:42:14.553,1.4567,1.4568,3.20,4.80
2009.04.28 05:42:15.073,1.45665,1.4568,3.20,4.80
2009.04.28 05:42:15.293,1.45665,1.4567,3.20,4.80
2009.04.28 05:42:36.588,1.4566,1.4567,3.20,4.80
2009.04.28 05:42:54.464,1.45655,1.4567,3.20,4.80
2009.04.28 05:42:54.634,1.45655,1.45665,3.20,4.80
2009.04.28 05:42:54.794,1.45655,1.4568,3.20,4.80
2009.04.28 05:42:55.563,1.45655,1.45665,3.20,4.80
2009.04.28 05:42:56.303,1.4565,1.45665,7.20,4.80
2009.04.28 05:42:57.733,1.4565,1.4567,7.20,3.40
2009.04.28 05:42:57.913,1.4565,1.4568,7.20,15.40
2009.04.28 05:42:58.243,1.4565,1.45665,7.20,4.80
2009.04.28 05:42:58.353,1.4565,1.45655,4.10,4.80
2009.04.28 05:42:58.413,1.45645,1.45655,6.00,4.80
2009.04.28 05:42:58.623,1.45645,1.4565,1.00,4.80
2009.04.28 05:42:58.863,1.45635,1.4565,4.40,4.80
2009.04.28 05:42:58.973,1.4563,1.4565,1.20,4.80
2009.04.28 05:42:59.093,1.45625,1.4565,9.00,4.80
2009.04.28 05:42:59.332,1.45625,1.4565,8.00,4.80
2009.04.28 05:42:59.613,1.45625,1.4564,8.00,4.80
2009.04.28 05:42:59.842,1.45625,1.4564,3.20,4.80
2009.04.28 05:43:04.112,1.4562,1.4563,8.00,4.80
2009.04.28 05:43:04.282,1.45625,1.4563,1.00,4.80
2009.04.28 05:43:04.461,1.4563,1.4565,1.00,7.20
2009.04.28 05:43:04.681,1.4563,1.4565,1.20,7.20
2009.04.28 05:43:08.220,1.4563,1.4565,1.00,7.20
2009.04.28 05:43:14.019,1.4562,1.45625,4.50,4.80
2009.04.28 05:43:15.379,1.45635,1.45645,2.40,7.20
2009.04.28 05:43:15.499,1.45635,1.4564,2.40,4.80
2009.04.28 05:43:15.839,1.45635,1.45645,2.40,9.60
2009.04.28 05:43:15.959,1.4563,1.45645,10.40,9.60
2009.04.28 05:43:16.239,1.4563,1.45645,4.00,8.00
2009.04.28 05:43:16.479,1.4563,1.4565,1.00,7.20
2009.04.28 05:43:17.008,1.4563,1.45645,1.00,7.20
2009.04.28 05:43:17.818,1.45625,1.4563,1.50,4.80
2009.04.28 05:43:18.288,1.45625,1.4563,5.00,4.80
2009.04.28 05:43:21.807,1.45625,1.45655,5.00,11.40
2009.04.28 05:43:23.537,1.45625,1.45655,5.00,6.60
2009.04.28 05:43:23.707,1.4563,1.45645,6.40,1.80
2009.04.28 05:43:23.817,1.4563,1.45645,8.00,1.80
2009.04.28 05:43:29.215,1.4564,1.45645,1.20,1.80
2009.04.28 05:43:29.515,1.4564,1.4565,1.20,1.80
2009.04.28 05:43:30.765,1.4564,1.4565,2.80,1.80
2009.04.28 05:43:30.885,1.4564,1.4565,1.20,1.80
2009.04.28 05:43:34.514,1.45635,1.4565,6.00,1.80
2009.04.28 05:43:34.864,1.45635,1.4565,5.60,1.80
2009.04.28 05:43:34.984,1.45635,1.4566,5.60,6.60
2009.04.28 05:43:35.224,1.45635,1.45645,5.60,1.80
2009.04.28 05:43:35.454,1.45635,1.45645,9.20,1.80
2009.04.28 05:43:35.564,1.4565,1.45665,1.20,4.20
2009.04.28 05:43:36.034,1.4564,1.45645,5.20,1.80
2009.04.28 05:43:36.654,1.4564,1.45645,8.40,1.80
2009.04.28 05:43:36.884,1.4564,1.4565,8.40,1.80
2009.04.28 05:43:39.213,1.4564,1.4565,1.20,1.80
2009.04.28 05:43:41.762,1.4564,1.4565,4.40,1.80
2009.04.28 05:43:42.122,1.4564,1.4567,4.40,3.00
2009.04.28 05:43:42.642,1.4564,1.45675,4.40,4.80
2009.04.28 05:43:43.472,1.4564,1.4567,4.40,4.80
2009.04.28 05:43:43.642,1.4564,1.4567,1.20,4.80
2009.04.28 05:43:44.452,1.45635,1.4567,4.40,4.80
2009.04.28 05:43:44.752,1.45635,1.4567,4.40,5.80
2009.04.28 05:43:57.229,1.4564,1.4567,1.20,5.80
2009.04.28 05:43:57.399,1.4564,1.4567,1.20,4.80
2009.04.28 05:44:02.887,1.4563,1.4567,1.00,9.60
2009.04.28 05:44:03.007,1.4563,1.4567,1.00,12.60
2009.04.28 05:44:03.237,1.4563,1.4567,1.00,17.40
2009.04.28 05:44:20.633,1.4563,1.45665,1.00,4.80
2009.04.28 05:44:20.863,1.45625,1.4567,5.00,12.60
2009.04.28 05:44:21.443,1.45625,1.4567,5.00,11.40
2009.04.28 05:44:22.333,1.45625,1.4566,5.00,4.80
2009.04.28 05:44:26.342,1.45625,1.45635,5.00,1.80
2009.04.28 05:44:27.372,1.4563,1.45635,1.00,1.80
2009.04.28 05:44:27.592,1.4563,1.4564,4.40,1.80
2009.04.28 05:44:27.832,1.4564,1.45655,1.60,1.80
2009.04.28 05:44:28.011,1.45655,1.45665,4.80,2.40
2009.04.28 05:44:28.342,1.45665,1.4567,1.00,1.80
2009.04.28 05:44:28.791,1.45665,1.4568,3.20,1.80
2009.04.28 05:44:29.211,1.4565,1.4568,4.80,1.80
2009.04.28 05:44:29.541,1.4565,1.4568,1.00,1.80
2009.04.28 05:44:29.881,1.4567,1.4568,1.60,1.80
2009.04.28 05:44:30.111,1.45685,1.4569,3.20,1.80
2009.04.28 05:44:30.571,1.45685,1.4569,1.00,1.80
2009.04.28 05:44:30.801,1.45685,1.45695,4.80,4.80
2009.04.28 05:44:31.021,1.4568,1.45695,4.40,4.80
2009.04.28 05:44:31.260,1.45655,1.45695,4.80,6.60
2009.04.28 05:44:31.600,1.4565,1.45695,4.80,6.60
2009.04.28 05:44:31.941,1.4565,1.45695,4.80,9.80
2009.04.28 05:44:32.240,1.45645,1.45695,5.40,9.80
2009.04.28 05:44:32.580,1.45655,1.45695,4.80,11.40
2009.04.28 05:44:32.940,1.45655,1.45675,4.80,1.80
2009.04.28 05:44:34.480,1.45655,1.4568,4.80,1.80
2009.04.28 05:44:35.220,1.4565,1.4568,4.40,1.80
2009.04.28 05:44:38.629,1.4567,1.4571,4.40,9.60
2009.04.28 05:44:38.809,1.4567,1.4571,4.40,3.00
2009.04.28 05:44:38.929,1.4567,1.4572,4.40,7.80
2009.04.28 05:44:39.099,1.45675,1.4572,3.20,15.80
2009.04.28 05:44:39.499,1.45675,1.4572,3.20,14.60
2009.04.28 05:44:39.779,1.4567,1.45705,1.00,3.20
2009.04.28 05:44:40.428,1.4567,1.45705,1.00,8.00
2009.04.28 05:44:42.688,1.4567,1.457,1.00,4.80
2009.04.28 05:44:43.088,1.4567,1.45695,1.00,4.80
2009.04.28 05:44:43.377,1.4567,1.45695,1.00,8.00
2009.04.28 05:44:43.848,1.4567,1.4569,1.00,4.80
2009.04.28 05:44:44.717,1.4567,1.4569,1.00,8.00
2009.04.28 05:44:45.067,1.4567,1.45685,1.00,4.80
2009.04.28 05:44:45.637,1.4567,1.4568,1.00,4.80
2009.04.28 05:44:45.877,1.4567,1.45685,1.00,4.80
2009.04.28 05:44:48.046,1.4567,1.4569,1.00,4.80
2009.04.28 05:44:48.497,1.4569,1.45695,1.00,8.00
2009.04.28 05:44:48.777,1.45685,1.457,1.00,19.00
2009.04.28 05:44:48.936,1.45645,1.457,4.80,9.00
2009.04.28 05:44:49.056,1.4564,1.457,4.80,8.00
2009.04.28 05:44:49.406,1.45635,1.457,4.80,3.20
2009.04.28 05:44:49.966,1.4567,1.457,1.00,3.20
2009.04.28 05:44:50.756,1.4567,1.45695,1.00,3.20
2009.04.28 05:44:52.575,1.45695,1.45705,4.80,1.20
2009.04.28 05:44:52.865,1.4569,1.45705,4.80,4.20
2009.04.28 05:44:53.045,1.4569,1.45705,4.80,3.20
2009.04.28 05:44:53.385,1.45685,1.457,4.40,3.20
2009.04.28 05:44:53.675,1.45685,1.457,1.20,3.20
2009.04.28 05:44:53.855,1.4566,1.45705,4.80,3.20
2009.04.28 05:44:54.335,1.4566,1.457,4.80,3.20
2009.04.28 05:44:54.505,1.4566,1.457,1.00,3.20
2009.04.28 05:44:54.895,1.4566,1.45695,1.00,3.20
2009.04.28 05:44:55.125,1.4566,1.45695,1.00,3.20
2009.04.28 05:44:58.044,1.45645,1.4568,4.80,1.00
2009.04.28 05:44:58.374,1.45645,1.4568,4.80,1.00
2009.04.28 05:44:59.074,1.4564,1.4568,4.80,1.00
2009.04.28 05:45:01.263,1.4564,1.45665,4.80,4.80
2009.04.28 05:45:01.433,1.45635,1.45665,6.40,4.80
2009.04.28 05:45:01.613,1.45635,1.4566,3.20,4.80
2009.04.28 05:45:02.113,1.45635,1.45675,6.40,4.80
2009.04.28 05:45:02.403,1.45635,1.4567,11.20,3.20
2009.04.28 05:45:02.573,1.4564,1.4568,4.80,1.00
2009.04.28 05:45:03.723,1.4564,1.4568,8.00,1.00
2009.04.28 05:45:05.832,1.45645,1.4568,4.80,1.00
2009.04.28 05:45:06.572,1.45655,1.4568,4.80,1.00
2009.04.28 05:45:06.853,1.45655,1.45705,4.80,8.80
2009.04.28 05:45:06.962,1.45655,1.45705,4.80,9.20
2009.04.28 05:45:07.252,1.4566,1.457,4.80,1.00
2009.04.28 05:45:07.602,1.45655,1.457,8.00,9.60
2009.04.28 05:45:07.902,1.45655,1.45685,4.80,4.80
2009.04.28 05:45:08.581,1.4566,1.4569,1.20,4.80
2009.04.28 05:45:08.761,1.4566,1.4569,6.00,6.60
2009.04.28 05:45:10.711,1.4566,1.4569,6.00,4.80
2009.04.28 05:45:10.991,1.4566,1.45685,6.00,4.80
2009.04.28 05:45:11.271,1.4566,1.4567,6.00,1.80
2009.04.28 05:45:11.741,1.4566,1.4567,1.20,1.80
2009.04.28 05:45:13.010,1.4566,1.4567,2.80,1.80
2009.04.28 05:45:13.120,1.45665,1.4567,4.80,1.80
2009.04.28 05:45:13.360,1.4566,1.4567,2.80,1.80
2009.04.28 05:45:13.711,1.45665,1.4567,4.80,1.80
2009.04.28 05:45:20.219,1.4566,1.45675,10.80,1.80
2009.04.28 05:45:22.448,1.4566,1.45685,2.80,6.60
2009.04.28 05:45:23.188,1.4566,1.45675,6.00,1.80
2009.04.28 05:45:24.828,1.4566,1.4568,6.00,1.80
2009.04.28 05:45:25.008,1.4566,1.4568,10.80,1.80
2009.04.28 05:45:32.136,1.4566,1.4568,9.20,1.80
2009.04.28 05:45:32.426,1.4566,1.4568,4.40,1.80
2009.04.28 05:45:32.996,1.4566,1.4568,1.20,4.80
2009.04.28 05:45:43.973,1.45655,1.4568,4.80,4.80
2009.04.28 05:45:44.843,1.4565,1.4568,6.80,4.80
2009.04.28 05:45:45.003,1.4565,1.4567,6.80,1.00
2009.04.28 05:45:45.183,1.4565,1.45675,6.80,1.00
2009.04.28 05:45:45.473,1.4565,1.4568,6.80,4.80
2009.04.28 05:45:50.222,1.4565,1.4568,5.20,4.80
2009.04.28 05:45:50.841,1.4565,1.4567,5.20,1.00
2009.04.28 05:45:51.651,1.4565,1.45675,5.20,6.40
2009.04.28 05:45:51.771,1.45655,1.4568,3.60,4.80
2009.04.28 05:45:52.061,1.4565,1.4568,5.20,4.80
2009.04.28 05:45:52.361,1.4565,1.4568,6.80,4.80
2009.04.28 05:45:52.481,1.45655,1.4568,3.60,4.80
2009.04.28 05:45:52.781,1.45655,1.4568,3.60,5.60
2009.04.28 05:45:53.241,1.4565,1.45675,2.00,4.80
2009.04.28 05:45:53.542,1.45645,1.45665,1.20,6.60
2009.04.28 05:45:53.821,1.45625,1.45665,5.00,6.60
2009.04.28 05:45:55.470,1.45625,1.45665,5.00,4.80
2009.04.28 05:45:56.300,1.45625,1.45675,5.00,7.80
2009.04.28 05:45:56.470,1.45625,1.4566,5.20,4.80
2009.04.28 05:45:56.520,1.45625,1.4566,10.40,9.60
2009.04.28 05:45:56.580,1.45625,1.4566,5.20,9.60
2009.04.28 05:45:57.050,1.45625,1.4566,5.00,9.60
2009.04.28 05:45:58.240,1.4563,1.45655,1.00,4.80
2009.04.28 05:46:00.089,1.45625,1.4566,5.00,9.60
2009.04.28 05:46:00.909,1.4563,1.45665,1.00,4.80
2009.04.28 05:46:02.798,1.4563,1.45675,1.00,12.60
2009.04.28 05:46:03.138,1.4563,1.45655,1.00,4.80
2009.04.28 05:46:04.588,1.45625,1.4566,5.00,9.60
2009.04.28 05:46:06.408,1.4563,1.45655,1.00,4.80
2009.04.28 05:46:11.386,1.45625,1.4566,5.00,4.80
2009.04.28 05:46:14.016,1.4563,1.45665,3.20,6.60
2009.04.28 05:46:15.955,1.45625,1.4566,5.00,4.80
2009.04.28 05:46:16.125,1.4563,1.45665,3.20,6.60
2009.04.28 05:46:16.345,1.45625,1.4566,5.00,4.80
2009.04.28 05:46:19.924,1.4563,1.45665,3.20,6.60
2009.04.28 05:46:20.334,1.4563,1.45665,3.20,8.60
2009.04.28 05:46:23.153,1.45625,1.4566,5.00,4.80
2009.04.28 05:46:27.023,1.4563,1.45665,3.20,8.60
2009.04.28 05:46:27.353,1.45625,1.4566,5.00,4.80
2009.04.28 05:46:29.082,1.4563,1.45655,1.00,4.80
2009.04.28 05:46:31.911,1.45625,1.4566,5.00,9.60
2009.04.28 05:46:32.122,1.45625,1.4566,5.00,4.80
2009.04.28 05:46:32.471,1.4563,1.45655,1.00,4.80
2009.04.28 05:46:33.751,1.45625,1.4566,5.00,9.60
2009.04.28 05:46:33.991,1.4563,1.45655,1.00,4.80
2009.04.28 05:46:34.901,1.45625,1.4566,5.00,8.80
2009.04.28 05:46:35.071,1.45625,1.4566,5.00,5.60
2009.04.28 05:46:35.191,1.45625,1.4566,5.00,4.80
2009.04.28 05:46:35.361,1.45625,1.4566,5.00,9.60
2009.04.28 05:46:35.470,1.4563,1.45655,1.00,4.80
2009.04.28 05:46:35.921,1.45625,1.4566,5.00,12.20
2009.04.28 05:46:36.460,1.45625,1.4566,5.00,14.20
2009.04.28 05:46:36.910,1.45625,1.4565,5.00,3.20
2009.04.28 05:46:38.210,1.45625,1.45655,5.00,7.40
2009.04.28 05:46:38.800,1.45625,1.4565,5.00,3.20
2009.04.28 05:46:39.140,1.45625,1.4565,5.00,4.00
2009.04.28 05:46:39.650,1.45625,1.45655,5.00,7.40
2009.04.28 05:46:39.769,1.45625,1.45645,5.00,1.00
2009.04.28 05:46:40.069,1.45625,1.45645,5.00,2.40
2009.04.28 05:46:40.180,1.45625,1.45645,5.00,4.00
2009.04.28 05:46:40.699,1.45625,1.45655,5.00,10.60
2009.04.28 05:46:40.930,1.45625,1.45645,5.00,3.20
2009.04.28 05:46:41.099,1.45625,1.4565,5.00,5.60
2009.04.28 05:46:41.319,1.45625,1.45655,5.00,7.40
2009.04.28 05:46:41.489,1.4563,1.4565,1.00,4.80
2009.04.28 05:46:43.999,1.4563,1.45645,1.00,4.80
2009.04.28 05:46:48.108,1.4563,1.4565,1.00,6.60
2009.04.28 05:46:48.518,1.4563,1.4565,1.00,4.80
2009.04.28 05:46:48.747,1.4563,1.45645,1.00,4.80
2009.04.28 05:46:50.797,1.4563,1.45645,1.00,6.60
2009.04.28 05:46:51.087,1.4563,1.45635,1.00,1.80
2009.04.28 05:46:51.427,1.4563,1.4565,1.00,9.60
2009.04.28 05:46:52.247,1.4563,1.45645,1.00,4.80
2009.04.28 05:46:59.115,1.4563,1.45645,1.00,6.60
2009.04.28 05:46:59.235,1.4563,1.45635,1.00,1.80
2009.04.28 05:46:59.525,1.4563,1.4565,1.00,4.80
2009.04.28 05:47:03.144,1.45625,1.45655,5.00,8.20
2009.04.28 05:47:03.254,1.4563,1.45655,2.00,8.20
2009.04.28 05:47:03.484,1.4563,1.45655,2.00,9.00
2009.04.28 05:47:03.904,1.4563,1.4565,2.00,4.80
2009.04.28 05:47:04.134,1.4563,1.4565,2.00,5.60
2009.04.28 05:47:04.364,1.4563,1.4565,1.00,9.00
2009.04.28 05:47:04.584,1.4563,1.4564,2.00,1.80
2009.04.28 05:47:08.153,1.4563,1.4565,2.00,6.60
2009.04.28 05:47:08.332,1.4563,1.45635,2.00,1.80
2009.04.28 05:47:08.493,1.4563,1.45635,1.00,1.80
2009.04.28 05:47:08.893,1.4563,1.45645,1.00,6.60
2009.04.28 05:47:09.003,1.4563,1.4564,1.00,4.80
2009.04.28 05:47:09.282,1.4561,1.4564,3.20,4.80
2009.04.28 05:47:11.072,1.4561,1.4564,3.20,6.60
2009.04.28 05:47:12.692,1.4563,1.45635,1.20,1.80
2009.04.28 05:47:13.152,1.4563,1.45645,1.20,1.80
2009.04.28 05:47:13.391,1.4563,1.4565,1.20,3.40
2009.04.28 05:47:13.631,1.4563,1.45645,1.20,1.80
2009.04.28 05:47:18.290,1.4565,1.4566,1.00,6.60
2009.04.28 05:47:19.140,1.4565,1.4566,1.00,11.40
2009.04.28 05:47:19.610,1.4565,1.4566,1.00,6.60
2009.04.28 05:47:21.610,1.45645,1.4565,2.20,4.80
2009.04.28 05:47:22.009,1.4565,1.4566,1.00,9.60
2009.04.28 05:47:22.129,1.45645,1.4565,2.20,4.80
2009.04.28 05:47:23.969,1.4565,1.4566,1.00,6.60
2009.04.28 05:47:24.199,1.4565,1.4566,1.00,4.80
2009.04.28 05:47:26.198,1.4565,1.45655,1.00,4.80
2009.04.28 05:47:27.068,1.45645,1.45655,4.00,4.80
2009.04.28 05:47:27.188,1.45645,1.4566,4.00,4.80
2009.04.28 05:47:27.368,1.45645,1.4565,3.60,4.80
2009.04.28 05:47:27.478,1.4565,1.4566,1.00,4.80
2009.04.28 05:47:32.077,1.4561,1.4563,3.20,4.80
2009.04.28 05:47:36.886,1.4561,1.4562,3.20,4.80
2009.04.28 05:47:40.015,1.4561,1.4562,1.00,4.80
2009.04.28 05:47:42.574,1.4561,1.45615,1.00,4.80
2009.04.28 05:47:42.864,1.4561,1.4562,1.00,4.80
2009.04.28 05:47:43.494,1.4561,1.4562,1.00,9.60
2009.04.28 05:47:43.724,1.45605,1.4562,2.70,7.20
2009.04.28 05:47:44.724,1.4557,1.456,3.20,4.80
2009.04.28 05:47:49.673,1.4558,1.4559,4.80,4.80
2009.04.28 05:47:49.783,1.4558,1.4561,4.80,4.80
2009.04.28 05:47:54.631,1.45575,1.456,3.20,4.80
2009.04.28 05:47:58.111,1.4557,1.4559,1.00,4.80
2009.04.28 05:47:58.411,1.4557,1.45585,1.00,4.80
2009.04.28 05:47:58.580,1.4557,1.4559,1.00,9.60
2009.04.28 05:47:59.260,1.4557,1.4559,1.00,11.20
2009.04.28 05:47:59.490,1.45565,1.4557,1.00,4.80
2009.04.28 05:48:00.680,1.45555,1.45565,2.90,4.80
2009.04.28 05:48:00.850,1.4557,1.4559,1.00,7.90
2009.04.28 05:48:01.250,1.4557,1.4559,1.00,4.80
2009.04.28 05:48:01.430,1.45565,1.45595,4.40,4.80
2009.04.28 05:48:02.010,1.4557,1.456,3.20,9.80
2009.04.28 05:48:02.230,1.4557,1.456,3.20,5.80
2009.04.28 05:48:02.460,1.4557,1.456,3.20,4.80
2009.04.28 05:48:02.910,1.45575,1.45605,3.20,11.20
2009.04.28 05:48:03.189,1.4557,1.456,1.00,4.80
2009.04.28 05:48:04.879,1.4557,1.456,1.00,6.40
2009.04.28 05:48:05.339,1.4557,1.4559,1.00,4.80
2009.04.28 05:48:06.209,1.4557,1.4559,1.00,4.80
2009.04.28 05:48:07.198,1.4557,1.45585,1.00,4.80
2009.04.28 05:48:07.819,1.4557,1.45585,1.00,4.80
2009.04.28 05:48:09.208,1.4557,1.4558,1.00,4.80
2009.04.28 05:48:09.498,1.4557,1.4558,1.00,8.00
2009.04.28 05:48:09.558,1.4557,1.4558,1.00,8.80
2009.04.28 05:48:11.607,1.4557,1.4558,1.00,13.60
2009.04.28 05:48:11.787,1.4557,1.4558,1.00,8.80
2009.04.28 05:48:11.907,1.45555,1.4558,4.80,4.80
2009.04.28 05:48:12.127,1.4556,1.4558,4.80,4.80
2009.04.28 05:48:12.297,1.45565,1.45575,4.80,4.80
2009.04.28 05:48:12.577,1.45565,1.4558,4.80,4.80
2009.04.28 05:48:20.525,1.45585,1.45605,3.20,5.40
2009.04.28 05:48:21.495,1.4558,1.4561,3.20,8.10
2009.04.28 05:48:22.605,1.45585,1.4561,3.20,8.90
2009.04.28 05:48:23.195,1.4558,1.4561,3.20,10.80
2009.04.28 05:48:29.183,1.4557,1.4558,3.20,4.80
2009.04.28 05:48:32.792,1.45565,1.4558,4.80,4.80
2009.04.28 05:49:05.884,1.45575,1.45585,4.80,4.80
2009.04.28 05:49:07.124,1.45575,1.4558,4.80,4.80
2009.04.28 05:49:07.704,1.4557,1.45585,8.80,4.80
2009.04.28 05:49:09.673,1.45575,1.45585,1.60,4.80
2009.04.28 05:49:09.783,1.45575,1.45585,4.80,4.80
2009.04.28 05:49:11.293,1.45575,1.4558,4.80,4.80
2009.04.28 05:49:11.743,1.45575,1.4558,3.20,4.80
2009.04.28 05:49:11.853,1.45575,1.45585,3.20,4.80
2009.04.28 05:49:12.023,1.45575,1.4558,3.20,4.80
2009.04.28 05:49:12.373,1.45575,1.45585,3.20,4.80
2009.04.28 05:49:18.341,1.4559,1.45625,4.80,4.80
2009.04.28 05:49:18.671,1.45585,1.45625,11.20,4.80
2009.04.28 05:49:18.791,1.45605,1.45625,1.60,4.80
2009.04.28 05:49:19.001,1.45605,1.4563,4.80,4.80
2009.04.28 05:49:22.980,1.45605,1.4565,4.80,17.60
2009.04.28 05:49:23.160,1.45605,1.4564,3.20,9.60
2009.04.28 05:49:28.389,1.45625,1.4564,4.80,5.60
2009.04.28 05:49:28.729,1.4563,1.45635,6.00,1.80
2009.04.28 05:49:29.019,1.4563,1.4565,6.00,2.00
2009.04.28 05:49:29.429,1.4564,1.4565,4.80,1.20
2009.04.28 05:49:29.709,1.45635,1.4565,4.80,1.20
2009.04.28 05:49:30.058,1.4564,1.4565,4.80,1.20
2009.04.28 05:49:30.119,1.45645,1.4565,4.80,1.20
2009.04.28 05:49:30.768,1.4564,1.4565,4.80,1.20
2009.04.28 05:49:39.906,1.4563,1.45665,12.80,4.80
2009.04.28 05:49:42.445,1.4563,1.45665,14.00,4.80
2009.04.28 05:49:42.625,1.4563,1.4566,14.00,1.80
2009.04.28 05:49:42.745,1.45635,1.45675,3.20,5.00
2009.04.28 05:49:42.965,1.45635,1.4568,3.20,15.40
2009.04.28 05:49:43.135,1.45635,1.4568,3.20,14.40
2009.04.28 05:49:47.124,1.45635,1.45675,3.20,4.80
2009.04.28 05:49:51.873,1.45655,1.4568,1.60,4.80
2009.04.28 05:49:56.432,1.4565,1.4568,1.60,6.60
2009.04.28 05:49:59.062,1.45645,1.4568,4.40,6.60
2009.04.28 05:49:59.351,1.4564,1.4567,1.20,4.80
2009.04.28 05:49:59.821,1.45635,1.4567,3.20,4.80
2009.04.28 05:50:02.830,1.4565,1.4567,1.00,4.80
2009.04.28 05:50:03.450,1.4565,1.45665,1.00,4.80
2009.04.28 05:50:09.549,1.4565,1.4566,1.00,4.80
2009.04.28 05:50:12.298,1.4563,1.4566,4.40,4.80
2009.04.28 05:50:18.986,1.4565,1.4566,1.00,4.80
2009.04.28 05:50:19.087,1.4565,1.4566,1.00,4.80
2009.04.28 05:50:19.366,1.4565,1.4566,1.00,4.80
2009.04.28 05:50:19.786,1.4562,1.4566,4.40,4.80
2009.04.28 05:50:26.395,1.4563,1.4566,1.20,4.80
2009.04.28 05:50:26.505,1.4562,1.4566,9.00,4.80
2009.04.28 05:50:26.565,1.4562,1.4566,4.20,4.80
2009.04.28 05:50:26.745,1.4562,1.4566,3.20,4.80
2009.04.28 05:50:27.105,1.4562,1.4566,8.00,4.80
2009.04.28 05:50:48.130,1.45625,1.4566,12.80,4.80
2009.04.28 05:50:48.460,1.45625,1.4566,8.00,4.80
2009.04.28 05:50:59.347,1.45625,1.45675,4.80,5.80
2009.04.28 05:50:59.817,1.45625,1.45675,4.80,4.80
2009.04.28 05:50:59.937,1.45625,1.45675,9.60,4.80
2009.04.28 05:51:10.484,1.4562,1.4565,3.20,9.60
2009.04.28 05:51:10.714,1.4562,1.45635,3.20,1.00
2009.04.28 05:51:10.944,1.4562,1.4565,3.20,4.80
2009.04.28 05:51:11.184,1.4562,1.4565,3.20,9.60
2009.04.28 05:51:12.104,1.45625,1.4565,3.20,4.80
2009.04.28 05:51:12.224,1.45625,1.45655,3.20,4.80
2009.04.28 05:51:14.233,1.45625,1.45655,4.40,4.80
2009.04.28 05:51:16.113,1.45625,1.45655,3.20,4.80
2009.04.28 05:51:16.223,1.45625,1.45655,3.20,6.00
2009.04.28 05:51:16.343,1.45625,1.45655,4.40,6.00
2009.04.28 05:51:16.403,1.45625,1.45655,4.40,8.00
2009.04.28 05:51:21.162,1.45625,1.45655,3.20,8.00
2009.04.28 05:51:21.342,1.45625,1.45635,3.20,4.80
2009.04.28 05:51:23.461,1.4563,1.45635,3.20,4.80
2009.04.28 05:51:23.631,1.4563,1.4565,3.20,4.80
2009.04.28 05:51:23.801,1.4563,1.4565,3.20,1.20
2009.04.28 05:51:23.981,1.45625,1.4565,8.00,1.20
2009.04.28 05:51:24.151,1.45625,1.4565,6.40,1.20
2009.04.28 05:51:24.271,1.4562,1.4565,1.20,1.20
2009.04.28 05:51:24.561,1.4562,1.4565,1.20,1.00
2009.04.28 05:51:24.741,1.45625,1.4565,1.60,1.00
2009.04.28 05:51:25.670,1.45625,1.4565,1.60,1.20
2009.04.28 05:51:31.499,1.45605,1.4563,8.00,4.80
2009.04.28 05:51:31.679,1.45605,1.4563,4.80,4.80
2009.04.28 05:51:44.046,1.45605,1.4562,3.20,4.80
2009.04.28 05:51:53.144,1.45595,1.4562,8.00,4.80
2009.04.28 05:51:58.183,1.45595,1.45615,3.20,4.80
2009.04.28 05:51:58.463,1.4559,1.4561,24.80,4.80
2009.04.28 05:52:04.102,1.45595,1.45605,6.80,4.80
2009.04.28 05:52:05.621,1.4559,1.45605,20.00,4.80
2009.04.28 05:52:06.011,1.45605,1.4562,3.20,4.80
2009.04.28 05:52:19.438,1.45605,1.4562,3.20,1.40
2009.04.28 05:52:24.287,1.456,1.4562,3.20,1.40
2009.04.28 05:52:25.016,1.456,1.4562,3.20,4.80
2009.04.28 05:52:25.766,1.456,1.4562,3.20,1.40
2009.04.28 05:52:33.054,1.45595,1.4562,2.60,4.80
2009.04.28 05:52:33.385,1.45595,1.4562,6.20,4.80
2009.04.28 05:52:34.064,1.45595,1.4562,2.60,4.80
2009.04.28 05:52:34.304,1.456,1.4562,1.60,4.80
2009.04.28 05:52:36.903,1.456,1.4562,1.60,6.60
2009.04.28 05:52:37.193,1.45595,1.45615,1.60,4.80
2009.04.28 05:52:37.423,1.45595,1.4561,1.60,1.00
2009.04.28 05:52:37.923,1.45595,1.4561,5.20,4.80
2009.04.28 05:52:39.683,1.45595,1.4561,1.60,4.80
2009.04.28 05:52:39.803,1.456,1.45615,1.20,4.80
2009.04.28 05:52:40.623,1.456,1.4562,1.20,12.80
2009.04.28 05:52:40.903,1.456,1.45615,1.20,4.80
2009.04.28 05:52:42.052,1.45595,1.45615,5.20,4.80
2009.04.28 05:52:42.272,1.45595,1.4562,5.20,8.80
2009.04.28 05:52:42.852,1.45595,1.4561,5.20,1.00
2009.04.28 05:52:42.972,1.456,1.4562,1.00,10.40
2009.04.28 05:52:43.202,1.456,1.4561,1.00,1.00
2009.04.28 05:52:43.432,1.456,1.45615,1.00,6.40
2009.04.28 05:52:43.772,1.456,1.4561,3.20,1.60
2009.04.28 05:52:44.051,1.456,1.4562,3.20,1.00
2009.04.28 05:52:44.801,1.456,1.45625,1.00,7.80
2009.04.28 05:52:45.281,1.456,1.4562,1.00,1.00
2009.04.28 05:52:46.571,1.4561,1.4562,1.00,1.00
2009.04.28 05:52:46.741,1.4561,1.4562,1.00,4.80
2009.04.28 05:52:46.851,1.4557,1.4562,7.00,4.80
2009.04.28 05:52:47.261,1.4557,1.4562,6.00,4.80
2009.04.28 05:52:48.021,1.4558,1.4561,6.00,4.80
2009.04.28 05:52:50.410,1.4558,1.45625,6.00,12.00
2009.04.28 05:52:50.770,1.4558,1.45625,6.00,16.40
2009.04.28 05:52:51.000,1.4558,1.45625,6.00,11.20
2009.04.28 05:52:51.060,1.4558,1.45625,6.00,11.00
2009.04.28 05:52:51.240,1.4558,1.45625,6.00,15.80
2009.04.28 05:52:53.259,1.4558,1.45625,6.00,9.60
2009.04.28 05:52:53.889,1.456,1.45625,3.20,4.80
2009.04.28 05:52:54.219,1.456,1.4563,3.20,7.80
2009.04.28 05:52:54.379,1.456,1.4563,3.20,6.60
2009.04.28 05:52:54.559,1.456,1.4561,3.20,1.40
2009.04.28 05:52:54.779,1.456,1.4561,3.20,1.00
2009.04.28 05:52:55.469,1.45595,1.4561,1.60,1.00
2009.04.28 05:52:55.799,1.4559,1.456,4.80,1.00
2009.04.28 05:52:57.349,1.4559,1.456,9.20,1.00
2009.04.28 05:52:58.138,1.45595,1.456,3.40,1.00
2009.04.28 05:52:58.478,1.4559,1.456,4.40,1.00
2009.04.28 05:52:58.768,1.4558,1.456,9.60,1.00
2009.04.28 05:52:59.348,1.4558,1.456,4.80,1.00
2009.04.28 05:52:59.748,1.4558,1.456,6.00,1.00
2009.04.28 05:53:02.747,1.4558,1.456,10.80,1.00
2009.04.28 05:53:05.067,1.4558,1.456,14.00,1.00
2009.04.28 05:53:05.127,1.45585,1.456,3.20,1.00
2009.04.28 05:53:07.016,1.45585,1.45605,3.20,1.00
2009.04.28 05:53:07.126,1.45585,1.45615,3.20,4.80
2009.04.28 05:53:08.046,1.4558,1.45615,4.40,4.80
2009.04.28 05:53:08.286,1.4558,1.4561,1.20,4.80
2009.04.28 05:53:08.526,1.4559,1.4561,1.00,4.80
2009.04.28 05:53:08.766,1.4559,1.456,1.00,1.00
2009.04.28 05:53:09.456,1.4559,1.456,1.00,1.00
2009.04.28 05:53:10.076,1.4558,1.456,4.00,1.00
2009.04.28 05:53:10.415,1.4558,1.456,4.00,1.00
2009.04.28 05:53:10.805,1.4558,1.456,1.20,1.00
2009.04.28 05:53:11.505,1.4558,1.456,2.80,1.00
2009.04.28 05:53:14.224,1.4558,1.456,1.20,1.00
2009.04.28 05:53:14.564,1.4558,1.456,4.40,1.00
2009.04.28 05:53:18.683,1.4558,1.45595,4.40,4.80
2009.04.28 05:53:19.253,1.45575,1.4558,5.20,4.80
2009.04.28 05:53:19.483,1.45565,1.4558,5.80,4.80
2009.04.28 05:53:19.773,1.45565,1.4558,1.20,4.80
2009.04.28 05:53:20.003,1.4556,1.4558,1.00,4.80
2009.04.28 05:53:26.781,1.45555,1.4558,3.80,4.80
2009.04.28 05:53:29.221,1.45555,1.4558,3.40,4.80
2009.04.28 05:53:29.342,1.45555,1.4558,3.20,4.80
2009.04.28 05:53:35.550,1.45555,1.4558,3.40,4.80
2009.04.28 05:53:35.729,1.45555,1.4558,3.80,4.80
2009.04.28 05:53:38.489,1.45555,1.45585,3.80,6.60
2009.04.28 05:53:38.659,1.45555,1.45585,3.80,4.80
2009.04.28 05:53:39.168,1.4556,1.45585,1.00,4.80
2009.04.28 05:53:39.618,1.4556,1.4558,1.00,4.80
2009.04.28 05:53:40.178,1.4556,1.45585,1.00,4.80
2009.04.28 05:53:40.578,1.4556,1.45585,1.00,9.60
2009.04.28 05:53:41.478,1.4556,1.4558,1.00,4.80
2009.04.28 05:53:42.127,1.4556,1.45585,1.00,4.80
2009.04.28 05:53:42.468,1.4556,1.45585,1.00,9.60
2009.04.28 05:53:43.427,1.4556,1.4558,1.00,4.80
2009.04.28 05:53:44.417,1.4556,1.45585,1.00,4.80
2009.04.28 05:53:44.757,1.4556,1.45585,1.00,9.60
2009.04.28 05:53:45.547,1.4555,1.45585,7.60,9.60
2009.04.28 05:53:53.925,1.4555,1.45585,7.60,4.80
2009.04.28 05:53:55.135,1.4555,1.45585,7.60,9.60
2009.04.28 05:53:57.784,1.4555,1.45585,9.20,9.60
2009.04.28 05:53:58.344,1.4555,1.45585,9.20,4.80
2009.04.28 05:54:01.133,1.4555,1.45575,6.00,4.80
2009.04.28 05:54:01.583,1.4555,1.45575,4.40,4.80
2009.04.28 05:54:02.783,1.4555,1.4558,7.60,9.60
2009.04.28 05:54:02.953,1.4555,1.4558,7.60,4.80
2009.04.28 05:54:04.003,1.4555,1.45585,7.60,9.60
2009.04.28 05:54:04.352,1.4555,1.4558,7.60,4.80
2009.04.28 05:54:09.421,1.4555,1.4558,7.60,4.80
2009.04.28 05:54:10.491,1.4555,1.45575,4.40,4.80
2009.04.28 05:54:10.931,1.4555,1.4558,7.60,9.60
2009.04.28 05:54:11.610,1.4555,1.4558,7.60,4.80
2009.04.28 05:54:12.261,1.4555,1.45585,9.20,4.80
2009.04.28 05:54:12.380,1.4555,1.4558,6.00,4.80
2009.04.28 05:54:14.400,1.4555,1.45585,7.60,4.80
2009.04.28 05:54:14.900,1.4555,1.45585,7.60,9.60
2009.04.28 05:54:18.859,1.4555,1.4558,1.20,4.80
2009.04.28 05:54:24.897,1.4555,1.4558,2.00,4.80
2009.04.28 05:54:28.606,1.4555,1.4557,1.00,4.80
2009.04.28 05:54:29.147,1.45545,1.4557,1.00,4.80
2009.04.28 05:54:29.326,1.4553,1.4557,7.60,4.80
2009.04.28 05:54:29.536,1.45535,1.4557,3.20,4.80
2009.04.28 05:54:30.106,1.45535,1.45575,3.20,4.80
2009.04.28 05:54:30.346,1.45535,1.4556,3.20,4.80
2009.04.28 05:54:34.925,1.4553,1.4556,7.60,4.80
2009.04.28 05:54:36.455,1.4553,1.4557,7.60,4.80
2009.04.28 05:54:37.074,1.4553,1.4557,7.60,6.40
2009.04.28 05:54:39.754,1.4552,1.4557,1.40,4.80
2009.04.28 05:54:40.094,1.45515,1.45565,4.00,4.80
2009.04.28 05:54:41.143,1.4552,1.45565,3.20,4.80
2009.04.28 05:54:41.493,1.4552,1.4557,3.20,9.60
2009.04.28 05:54:42.703,1.45515,1.4557,4.00,9.60
2009.04.28 05:54:42.823,1.45515,1.45565,4.00,9.60
2009.04.28 05:54:43.053,1.45515,1.4556,4.00,4.80
2009.04.28 05:54:43.923,1.4552,1.45555,1.00,6.40
2009.04.28 05:54:44.513,1.4552,1.4555,1.00,4.80
2009.04.28 05:54:45.022,1.45515,1.4555,4.00,4.80
2009.04.28 05:54:47.192,1.45515,1.4554,4.00,4.80
2009.04.28 05:54:47.422,1.45515,1.4555,4.00,4.80
2009.04.28 05:54:49.551,1.4552,1.4555,1.00,4.80
2009.04.28 05:54:49.912,1.4551,1.4555,3.20,4.80
2009.04.28 05:54:51.691,1.45515,1.4555,3.20,4.80
2009.04.28 05:54:54.060,1.45515,1.4554,3.20,4.80
2009.04.28 05:54:55.461,1.45515,1.4554,3.60,4.80
2009.04.28 05:54:55.520,1.45515,1.4554,4.00,4.80
2009.04.28 05:54:56.090,1.45515,1.45555,4.00,4.80
2009.04.28 05:54:56.330,1.45515,1.45555,4.00,6.60
2009.04.28 05:54:57.280,1.45515,1.45545,4.00,1.80
2009.04.28 05:54:57.569,1.45515,1.4556,4.00,7.40
2009.04.28 05:54:59.399,1.45515,1.4556,4.00,5.80
2009.04.28 05:54:59.639,1.45515,1.4556,4.00,1.20
2009.04.28 05:54:59.989,1.45515,1.4556,4.00,1.60
2009.04.28 05:55:00.169,1.45515,1.45565,4.00,12.20
2009.04.28 05:55:00.399,1.45515,1.45555,4.00,1.60
2009.04.28 05:55:00.699,1.45515,1.45555,4.00,6.40
2009.04.28 05:55:00.978,1.4552,1.45555,1.00,6.40
2009.04.28 05:55:02.178,1.4552,1.45555,1.00,4.80
2009.04.28 05:55:04.468,1.4552,1.45555,1.00,4.80
2009.04.28 05:55:06.597,1.4552,1.45555,3.20,4.80
2009.04.28 05:55:08.257,1.4552,1.4555,3.20,4.80
2009.04.28 05:55:09.007,1.45515,1.4555,4.20,11.20
2009.04.28 05:55:09.407,1.45515,1.4555,4.20,12.20
2009.04.28 05:55:09.866,1.45515,1.45545,4.20,1.60
2009.04.28 05:55:10.096,1.4552,1.45545,1.00,4.80
2009.04.28 05:55:10.726,1.4552,1.45545,1.00,5.80
2009.04.28 05:55:12.256,1.4552,1.45545,1.00,7.40
2009.04.28 05:55:12.436,1.4552,1.4554,1.00,4.80
2009.04.28 05:55:12.736,1.45515,1.4554,1.00,5.80
2009.04.28 05:55:12.916,1.45505,1.4554,3.20,10.60
2009.04.28 05:55:13.306,1.4551,1.4554,3.20,5.80
2009.04.28 05:55:17.135,1.455,1.45535,4.40,4.80
2009.04.28 05:55:17.425,1.4551,1.4554,3.20,5.80
2009.04.28 05:55:17.544,1.4551,1.4554,4.00,1.20
2009.04.28 05:55:17.715,1.4551,1.4554,5.60,1.20
2009.04.28 05:55:17.825,1.4551,1.4554,6.80,1.20
2009.04.28 05:55:18.115,1.4551,1.45545,5.60,10.60
2009.04.28 05:55:18.394,1.45515,1.4554,3.60,4.80
2009.04.28 05:55:18.725,1.45515,1.4554,3.60,5.80
2009.04.28 05:55:19.414,1.455,1.4553,1.20,4.80
2009.04.28 05:55:19.814,1.455,1.4553,1.20,5.80
2009.04.28 05:55:20.224,1.455,1.45525,1.20,4.80
2009.04.28 05:55:20.404,1.455,1.45525,1.20,7.20
2009.04.28 05:55:20.694,1.4549,1.4551,25.40,4.80
2009.04.28 05:55:28.492,1.45495,1.4551,3.20,4.80
2009.04.28 05:55:29.352,1.4549,1.4551,25.40,4.80
2009.04.28 05:55:30.312,1.4549,1.4552,25.40,4.80
2009.04.28 05:55:31.581,1.45495,1.4552,3.20,4.80
2009.04.28 05:55:31.882,1.45495,1.4551,3.20,4.80
2009.04.28 05:55:32.511,1.45495,1.45505,3.20,1.20
2009.04.28 05:55:32.741,1.45485,1.4549,5.20,6.40
2009.04.28 05:55:33.021,1.45475,1.45485,1.20,7.20
2009.04.28 05:55:33.701,1.45455,1.4547,4.20,4.80
2009.04.28 05:55:33.991,1.45455,1.4548,4.40,4.80
2009.04.28 05:55:34.171,1.45465,1.4548,3.20,4.80
2009.04.28 05:55:35.620,1.4546,1.4547,3.20,4.80
2009.04.28 05:55:36.710,1.4546,1.4547,1.00,4.80
2009.04.28 05:55:37.310,1.4546,1.45475,1.00,7.20
2009.04.28 05:55:37.700,1.4546,1.45475,1.00,7.20
2009.04.28 05:55:40.389,1.4545,1.45455,2.30,4.80
2009.04.28 05:55:45.068,1.45455,1.45465,1.20,4.80
2009.04.28 05:55:47.317,1.45455,1.45465,4.20,4.80
2009.04.28 05:55:47.437,1.45465,1.45475,1.60,4.80
2009.04.28 05:55:48.597,1.4546,1.45475,14.00,4.80
2009.04.28 05:55:49.517,1.45455,1.45475,18.80,4.80
2009.04.28 05:55:49.867,1.45455,1.45475,20.40,4.80
2009.04.28 05:55:52.406,1.45465,1.45475,5.20,4.80
2009.04.28 05:55:55.326,1.4546,1.45475,15.20,4.80
2009.04.28 05:55:58.435,1.45465,1.4547,2.40,4.80
2009.04.28 05:55:59.194,1.45455,1.4547,4.20,4.80
2009.04.28 05:55:59.434,1.4548,1.45485,1.00,7.20
2009.04.28 05:56:02.074,1.45475,1.45495,1.00,6.20
2009.04.28 05:56:02.404,1.45475,1.45495,5.00,5.20
2009.04.28 05:56:06.513,1.4548,1.4549,1.00,6.20
2009.04.28 05:56:06.733,1.45455,1.4548,4.80,3.80
2009.04.28 05:56:06.963,1.4545,1.4548,12.40,3.80
2009.04.28 05:56:08.692,1.4545,1.4547,12.40,3.80
2009.04.28 05:56:09.882,1.4545,1.4547,12.40,4.80
2009.04.28 05:56:11.811,1.4546,1.4547,3.20,4.80
2009.04.28 05:56:16.380,1.4547,1.45495,3.20,5.10
2009.04.28 05:56:21.009,1.4546,1.4547,3.20,4.80
2009.04.28 05:56:21.509,1.4546,1.4547,3.20,4.80
2009.04.28 05:56:23.839,1.45455,1.4547,5.40,4.80
2009.04.28 05:56:24.429,1.45455,1.4548,8.60,4.80
2009.04.28 05:56:28.098,1.4547,1.4549,4.80,4.80
2009.04.28 05:56:28.438,1.4547,1.4551,12.80,1.60
2009.04.28 05:56:28.728,1.45485,1.4555,4.80,3.20
2009.04.28 05:56:29.257,1.45495,1.4555,4.80,3.20
2009.04.28 05:56:30.227,1.45495,1.4554,9.20,3.20
2009.04.28 05:56:30.337,1.45505,1.4554,4.80,3.20
2009.04.28 05:56:30.807,1.4551,1.4554,4.80,3.20
2009.04.28 05:56:36.186,1.4548,1.45525,3.20,9.60
2009.04.28 05:56:36.396,1.4548,1.45525,8.00,4.80
2009.04.28 05:56:37.615,1.4548,1.45525,8.00,5.60
2009.04.28 05:56:37.675,1.4548,1.45505,4.80,1.60
2009.04.28 05:56:37.915,1.4548,1.45505,4.80,3.20
2009.04.28 05:56:41.294,1.4548,1.455,4.80,4.80
2009.04.28 05:56:41.404,1.4547,1.455,11.20,4.80
2009.04.28 05:56:41.584,1.45465,1.455,8.00,4.80
2009.04.28 05:56:41.804,1.45465,1.455,8.00,5.80
2009.04.28 05:56:42.034,1.45465,1.455,8.00,10.60
2009.04.28 05:56:42.534,1.45465,1.4549,8.00,4.80
2009.04.28 05:56:49.942,1.45475,1.4549,4.80,4.80
2009.04.28 05:56:50.172,1.4548,1.4549,1.00,4.80
2009.04.28 05:56:53.431,1.45475,1.4549,4.20,4.80
2009.04.28 05:56:53.772,1.45475,1.4549,5.40,4.80
2009.04.28 05:56:54.001,1.45475,1.4549,4.20,4.80
2009.04.28 05:57:03.359,1.4548,1.4549,3.20,4.80
2009.04.28 05:57:04.179,1.455,1.4551,1.00,7.70
2009.04.28 05:57:04.459,1.4548,1.4549,3.20,4.80
2009.04.28 05:57:08.628,1.45475,1.4549,3.20,4.80
2009.04.28 05:57:11.327,1.4547,1.4549,3.20,4.80
2009.04.28 05:57:12.557,1.4546,1.4549,15.20,4.80
2009.04.28 05:57:12.767,1.4546,1.4548,10.40,4.80
2009.04.28 05:57:13.506,1.45475,1.4548,1.00,4.80
2009.04.28 05:57:19.016,1.45475,1.4548,4.20,4.80
2009.04.28 05:57:20.335,1.4548,1.45495,1.00,7.20
2009.04.28 05:57:21.195,1.4548,1.45485,1.00,4.80
2009.04.28 05:57:25.324,1.45475,1.4548,1.00,4.80
2009.04.28 05:57:25.554,1.45475,1.45485,1.00,4.80
2009.04.28 05:57:26.644,1.4547,1.45485,7.20,4.80
2009.04.28 05:57:33.083,1.4547,1.4549,7.20,1.00
2009.04.28 05:57:33.722,1.4547,1.4549,7.20,1.00
2009.04.28 05:57:35.161,1.45475,1.4549,3.20,1.00
2009.04.28 05:57:35.441,1.45475,1.4551,3.20,9.60
2009.04.28 05:57:38.321,1.4549,1.45525,4.40,4.80
2009.04.28 05:57:38.551,1.45485,1.455,3.20,1.00
2009.04.28 05:57:38.721,1.4548,1.455,8.00,1.00
2009.04.28 05:57:40.250,1.4548,1.45535,8.00,4.80
2009.04.28 05:57:40.760,1.45495,1.4554,3.20,9.60
2009.04.28 05:57:40.870,1.45495,1.4554,3.20,4.80
2009.04.28 05:57:41.050,1.45485,1.45535,14.80,4.80
2009.04.28 05:57:41.340,1.4548,1.45515,9.80,4.80
2009.04.28 05:57:41.610,1.4548,1.45505,1.20,4.80
2009.04.28 05:57:41.960,1.45465,1.45505,7.60,4.80
2009.04.28 05:57:50.198,1.45475,1.4551,6.40,4.80
2009.04.28 05:57:50.378,1.45475,1.45515,9.20,4.80
2009.04.28 05:57:50.598,1.45475,1.4552,9.20,7.40
2009.04.28 05:57:50.768,1.45475,1.4551,14.00,1.60
2009.04.28 05:57:51.008,1.45475,1.45525,15.00,4.80
2009.04.28 05:57:52.217,1.45475,1.45525,18.20,4.80
2009.04.28 05:57:52.897,1.4548,1.45525,7.60,4.80
2009.04.28 05:57:53.067,1.4548,1.4552,7.60,4.80
2009.04.28 05:57:53.337,1.4548,1.4551,4.40,4.80
2009.04.28 05:57:55.607,1.4548,1.45515,3.20,4.80
2009.04.28 05:57:55.897,1.45495,1.45515,1.00,4.80
2009.04.28 05:57:58.586,1.45495,1.4551,1.00,4.80
2009.04.28 05:57:59.935,1.455,1.45515,1.00,4.80
2009.04.28 05:58:00.166,1.455,1.4552,1.00,1.60
2009.04.28 05:58:00.345,1.455,1.45525,1.00,4.80
2009.04.28 05:58:00.565,1.45495,1.45525,1.00,4.80
2009.04.28 05:58:00.745,1.4548,1.45525,7.60,4.80
2009.04.28 05:58:06.554,1.4548,1.4551,4.40,4.80
2009.04.28 05:58:06.854,1.455,1.4551,1.00,4.80
2009.04.28 05:58:08.214,1.455,1.4551,1.00,9.60
2009.04.28 05:58:08.563,1.455,1.45505,1.00,4.80
2009.04.28 05:58:08.733,1.455,1.45505,1.00,4.80
2009.04.28 05:58:08.963,1.4548,1.4551,4.40,6.40
2009.04.28 05:58:09.143,1.4548,1.4551,4.40,4.80
2009.04.28 05:58:10.253,1.4548,1.45525,7.60,4.80
2009.04.28 05:58:14.242,1.45475,1.45525,15.00,4.80
2009.04.28 05:58:14.622,1.4548,1.45525,1.60,4.80
2009.04.28 05:58:14.912,1.455,1.4553,4.40,9.60
2009.04.28 05:58:15.082,1.455,1.4553,4.40,4.80
2009.04.28 05:58:15.432,1.455,1.4553,3.20,4.80
2009.04.28 05:58:17.461,1.45515,1.4553,1.60,4.80
2009.04.28 05:58:17.571,1.45525,1.4553,1.00,4.80
2009.04.28 05:58:17.621,1.4552,1.4553,2.00,4.80
2009.04.28 05:58:17.741,1.4552,1.4553,5.20,4.80
2009.04.28 05:58:17.862,1.45535,1.4554,1.60,1.80
2009.04.28 05:58:17.921,1.45535,1.45555,1.60,1.80
2009.04.28 05:58:18.091,1.45535,1.45555,1.60,1.20
2009.04.28 05:58:18.271,1.45535,1.4556,1.60,1.00
2009.04.28 05:58:18.391,1.4553,1.4556,10.80,1.00
2009.04.28 05:58:18.451,1.4553,1.45575,10.80,5.80
2009.04.28 05:58:18.561,1.4553,1.45575,11.80,8.00
2009.04.28 05:58:19.181,1.4553,1.45575,10.80,8.00
2009.04.28 05:58:24.180,1.4553,1.45575,10.80,3.20
2009.04.28 05:58:25.249,1.4553,1.4558,10.80,4.80
2009.04.28 05:58:25.489,1.45535,1.4558,1.60,4.80
2009.04.28 05:58:25.719,1.45535,1.45575,1.60,4.80
2009.04.28 05:58:27.859,1.4553,1.45575,6.00,4.80
2009.04.28 05:58:28.029,1.45535,1.45575,1.60,4.80
2009.04.28 05:58:29.258,1.45535,1.4557,1.60,4.80
2009.04.28 05:58:30.358,1.45535,1.45565,1.60,1.00
2009.04.28 05:58:30.538,1.45535,1.4555,1.60,1.00
2009.04.28 05:58:32.837,1.45525,1.4553,8.90,1.20
2009.04.28 05:58:33.337,1.4553,1.4559,4.40,4.80
2009.04.28 05:58:33.577,1.4553,1.4556,4.40,1.00
2009.04.28 05:58:33.807,1.4553,1.4557,6.00,1.00
2009.04.28 05:58:33.987,1.45525,1.4557,6.20,1.00
2009.04.28 05:58:34.167,1.4553,1.4557,4.40,1.00
2009.04.28 05:58:34.337,1.45525,1.4556,1.00,1.00
2009.04.28 05:58:36.387,1.45525,1.45545,1.80,1.00
2009.04.28 05:58:47.014,1.45525,1.45545,4.60,1.00
2009.04.28 05:58:50.153,1.45525,1.45545,4.60,5.20
2009.04.28 05:58:54.632,1.45525,1.45545,4.60,4.80
2009.04.28 05:58:54.922,1.45525,1.45545,3.40,5.20
2009.04.28 05:58:55.032,1.45525,1.45545,1.00,5.20
2009.04.28 05:58:55.322,1.45525,1.45545,4.60,5.20
2009.04.28 05:58:57.172,1.45525,1.45545,1.40,5.20
2009.04.28 05:58:57.292,1.45525,1.45545,1.00,5.20
2009.04.28 05:59:06.159,1.45525,1.45545,1.00,1.00
2009.04.28 05:59:06.399,1.45525,1.45545,1.00,5.20
2009.04.28 05:59:07.649,1.45525,1.4554,1.00,4.80
2009.04.28 05:59:08.759,1.45525,1.4554,1.80,4.80
2009.04.28 05:59:08.929,1.4553,1.4555,1.20,1.60
2009.04.28 05:59:09.099,1.4553,1.4555,1.20,4.80
2009.04.28 05:59:09.219,1.45525,1.45545,1.20,6.20
2009.04.28 05:59:09.609,1.4552,1.4554,4.40,1.40
2009.04.28 05:59:11.588,1.4552,1.4554,6.00,1.40
2009.04.28 05:59:11.878,1.4552,1.4554,4.40,1.40
2009.04.28 05:59:13.178,1.4552,1.4554,3.20,1.40
2009.04.28 05:59:14.278,1.4552,1.4554,3.20,1.00
2009.04.28 05:59:14.617,1.45515,1.45545,4.40,5.60
2009.04.28 05:59:19.077,1.45515,1.45545,4.40,5.20
2009.04.28 05:59:19.256,1.45515,1.45545,4.40,4.80
2009.04.28 05:59:19.786,1.4552,1.4555,3.20,4.80
2009.04.28 05:59:25.295,1.4552,1.4554,3.20,1.00
2009.04.28 05:59:25.825,1.4552,1.4555,3.20,4.80
2009.04.28 05:59:32.493,1.4552,1.4555,3.20,4.80
2009.04.28 05:59:52.368,1.4552,1.4555,3.20,4.80
2009.04.28 05:59:58.917,1.4552,1.4554,3.20,1.00
2009.04.28 05:59:59.407,1.45515,1.4552,2.80,9.60
2009.04.28 05:59:59.628,1.455,1.4552,1.20,4.80
2009.04.28 05:59:59.976,1.45495,1.4552,3.20,4.80
