2010.06.15 05:00:00.823,1.4733,1.4735,1.20,1.60
2010.06.15 05:00:02.232,1.4733,1.4735,1.20,2.40
2010.06.15 05:00:03.828,1.47335,1.4735,1.00,1.60
2010.06.15 05:00:04.180,1.47335,1.47355,1.60,2.00
2010.06.15 05:00:06.303,1.47335,1.47355,1.60,2.00
2010.06.15 05:00:08.851,1.47335,1.47355,1.60,1.60
2010.06.15 05:00:13.271,1.47335,1.47355,1.60,2.00
2010.06.15 05:00:13.483,1.47335,1.47355,1.60,1.60
2010.06.15 05:00:13.690,1.47335,1.47355,1.60,1.60
2010.06.15 05:00:23.262,1.47335,1.47355,1.00,1.60
2010.06.15 05:00:27.075,1.47335,1.47355,1.00,1.70
2010.06.15 05:00:27.303,1.47335,1.47355,1.00,1.60
2010.06.15 05:00:32.973,1.47335,1.47355,1.20,1.60
2010.06.15 05:00:36.208,1.4733,1.4735,1.60,1.60
2010.06.15 05:00:36.557,1.47325,1.47345,3.60,2.20
2010.06.15 05:00:36.907,1.47325,1.4734,1.00,1.00
2010.06.15 05:00:37.256,1.4732,1.4734,1.20,2.40
2010.06.15 05:00:41.012,1.47325,1.4734,1.00,1.60
2010.06.15 05:00:41.233,1.47325,1.4734,1.20,1.60
2010.06.15 05:00:41.454,1.4732,1.4734,1.60,1.60
2010.06.15 05:00:41.796,1.47325,1.47345,1.20,2.40
2010.06.15 05:00:42.145,1.47325,1.47345,1.20,1.60
2010.06.15 05:00:42.656,1.4733,1.4735,1.10,4.90
2010.06.15 05:00:42.977,1.4733,1.4735,1.10,2.40
2010.06.15 05:00:43.613,1.4733,1.4735,1.10,2.50
2010.06.15 05:00:44.294,1.47325,1.47345,3.50,1.00
2010.06.15 05:00:44.637,1.4733,1.4735,1.00,4.80
2010.06.15 05:00:44.926,1.4733,1.4735,1.10,2.40
2010.06.15 05:00:47.772,1.4733,1.4735,1.10,1.60
2010.06.15 05:00:56.550,1.4733,1.4735,1.30,1.60
2010.06.15 05:00:56.631,1.4733,1.4735,1.50,1.60
2010.06.15 05:00:56.711,1.4733,1.4735,1.60,1.60
2010.06.15 05:00:56.975,1.47335,1.47355,1.10,1.00
2010.06.15 05:00:57.234,1.4734,1.4736,1.10,5.10
2010.06.15 05:00:57.493,1.4734,1.4736,1.10,2.50
2010.06.15 05:00:58.293,1.4734,1.47355,1.00,1.00
2010.06.15 05:00:58.557,1.47335,1.47355,1.20,1.00
2010.06.15 05:01:00.026,1.4733,1.4735,4.80,1.00
2010.06.15 05:01:00.142,1.4733,1.4735,2.40,1.00
2010.06.15 05:01:06.190,1.4733,1.4735,2.40,1.00
2010.06.15 05:01:06.275,1.4733,1.4735,1.60,1.00
2010.06.15 05:01:06.346,1.4733,1.4735,1.40,1.00
2010.06.15 05:01:06.422,1.4733,1.4735,1.20,1.00
2010.06.15 05:01:14.418,1.4733,1.4735,1.20,1.70
2010.06.15 05:01:16.986,1.4733,1.4735,1.20,2.50
2010.06.15 05:01:17.173,1.4733,1.47345,1.20,1.00
2010.06.15 05:01:17.362,1.4733,1.4735,1.20,2.50
2010.06.15 05:01:17.553,1.4733,1.47345,1.20,1.00
2010.06.15 05:01:23.462,1.4733,1.47345,1.20,1.00
2010.06.15 05:01:23.905,1.4733,1.47345,1.20,1.00
2010.06.15 05:01:25.973,1.4733,1.47345,1.20,1.00
2010.06.15 05:01:26.215,1.4733,1.47345,1.20,1.60
2010.06.15 05:01:26.795,1.4733,1.47345,1.20,1.20
2010.06.15 05:01:28.347,1.4733,1.47345,1.20,1.00
2010.06.15 05:01:29.877,1.4733,1.4734,1.20,1.60
2010.06.15 05:01:30.871,1.4733,1.4734,1.00,1.60
2010.06.15 05:01:32.663,1.4733,1.4734,1.00,1.00
2010.06.15 05:01:32.834,1.47335,1.4734,1.00,1.00
2010.06.15 05:01:33.003,1.47335,1.4734,1.00,1.60
2010.06.15 05:01:33.338,1.4733,1.4734,3.60,1.60
2010.06.15 05:01:33.524,1.4733,1.4734,1.00,1.60
2010.06.15 05:01:40.570,1.4733,1.4734,1.20,1.60
2010.06.15 05:01:59.814,1.4733,1.4734,1.20,1.00
2010.06.15 05:02:00.491,1.4733,1.4734,1.50,1.00
2010.06.15 05:02:02.067,1.47335,1.47345,1.20,1.60
2010.06.15 05:02:02.293,1.47335,1.47345,1.50,1.00
2010.06.15 05:02:02.825,1.4734,1.47345,1.00,1.00
2010.06.15 05:02:03.124,1.4733,1.4735,4.30,2.50
2010.06.15 05:02:03.424,1.4733,1.47345,1.50,1.00
2010.06.15 05:02:03.724,1.4733,1.4734,1.50,1.00
2010.06.15 05:02:07.012,1.4733,1.4734,1.50,1.60
2010.06.15 05:02:07.461,1.4733,1.4734,1.50,1.00
2010.06.15 05:02:14.863,1.4733,1.47345,1.50,1.60
2010.06.15 05:02:15.175,1.47335,1.47345,1.00,1.60
2010.06.15 05:02:15.335,1.47335,1.47345,1.20,1.60
2010.06.15 05:02:17.722,1.47335,1.47345,1.60,1.00
2010.06.15 05:02:18.257,1.4733,1.47345,2.00,1.00
2010.06.15 05:02:18.434,1.4733,1.47345,1.60,1.00
2010.06.15 05:02:19.309,1.4733,1.47345,1.60,1.60
2010.06.15 05:02:19.658,1.4733,1.47345,1.60,2.00
2010.06.15 05:02:20.127,1.4733,1.47345,1.60,2.20
2010.06.15 05:02:22.591,1.4733,1.47345,1.60,2.10
2010.06.15 05:02:22.894,1.4733,1.47345,1.60,1.70
2010.06.15 05:02:26.132,1.4733,1.47345,1.60,1.70
2010.06.15 05:02:26.205,1.47335,1.47345,1.00,1.00
2010.06.15 05:02:26.334,1.47335,1.47345,1.60,1.00
2010.06.15 05:02:26.650,1.47335,1.4735,1.60,1.70
2010.06.15 05:02:27.190,1.4734,1.4735,1.00,1.00
2010.06.15 05:02:27.688,1.4734,1.47355,1.60,1.00
2010.06.15 05:02:45.473,1.4734,1.47355,1.00,1.60
2010.06.15 05:02:45.633,1.47335,1.47355,4.40,1.60
2010.06.15 05:02:45.958,1.4734,1.47355,1.60,1.00
2010.06.15 05:02:47.009,1.47345,1.47355,1.00,1.00
2010.06.15 05:02:47.358,1.47345,1.4736,1.60,1.70
2010.06.15 05:03:06.941,1.47345,1.4736,1.60,1.60
2010.06.15 05:03:07.068,1.47345,1.4736,1.60,1.00
2010.06.15 05:03:08.153,1.4735,1.4736,1.00,1.00
2010.06.15 05:03:08.273,1.4735,1.47365,1.60,1.70
2010.06.15 05:03:17.804,1.4735,1.47365,1.00,2.50
2010.06.15 05:03:17.882,1.4735,1.47365,1.00,2.50
2010.06.15 05:03:18.122,1.47345,1.47365,1.60,2.50
2010.06.15 05:03:20.176,1.47345,1.4736,1.60,1.00
2010.06.15 05:03:20.503,1.47345,1.4736,1.60,1.00
2010.06.15 05:03:26.673,1.4735,1.4736,1.00,1.00
2010.06.15 05:03:26.822,1.4735,1.4736,1.60,1.00
2010.06.15 05:03:26.967,1.4735,1.47365,1.60,1.70
2010.06.15 05:03:27.895,1.4735,1.47365,1.00,1.70
2010.06.15 05:03:28.204,1.4735,1.47365,1.60,1.70
2010.06.15 05:03:30.821,1.4734,1.4736,1.60,1.00
2010.06.15 05:03:30.983,1.4734,1.4736,1.60,1.00
2010.06.15 05:03:31.142,1.4734,1.4736,1.60,2.50
2010.06.15 05:03:34.575,1.4734,1.47355,1.00,1.70
2010.06.15 05:03:34.675,1.47335,1.4735,1.60,1.00
2010.06.15 05:03:34.952,1.47335,1.4735,1.00,1.60
2010.06.15 05:03:35.052,1.47335,1.4735,1.00,1.70
2010.06.15 05:03:35.154,1.47335,1.4735,1.00,1.00
2010.06.15 05:03:35.252,1.47335,1.4735,1.00,1.70
2010.06.15 05:03:35.352,1.47335,1.4735,1.60,1.70
2010.06.15 05:03:35.454,1.47335,1.4735,1.00,2.50
2010.06.15 05:03:35.552,1.4733,1.4735,1.60,2.50
2010.06.15 05:03:35.653,1.47335,1.47345,1.00,1.00
2010.06.15 05:03:36.373,1.47335,1.4735,1.60,1.70
2010.06.15 05:03:38.649,1.47335,1.4735,1.60,1.60
2010.06.15 05:03:38.693,1.47335,1.4735,1.60,1.00
2010.06.15 05:03:39.339,1.47335,1.47355,1.60,3.20
2010.06.15 05:03:39.686,1.47335,1.47355,1.60,3.30
2010.06.15 05:03:40.183,1.47335,1.4735,1.60,1.00
2010.06.15 05:03:41.684,1.47335,1.4735,1.60,2.40
2010.06.15 05:03:43.173,1.47335,1.4735,1.60,2.50
2010.06.15 05:03:43.420,1.4733,1.4735,1.60,3.30
2010.06.15 05:03:43.669,1.47335,1.4735,1.00,3.30
2010.06.15 05:03:43.916,1.4733,1.4735,1.60,3.30
2010.06.15 05:03:44.306,1.47335,1.47345,1.60,1.00
2010.06.15 05:03:44.655,1.47335,1.4735,1.60,2.50
2010.06.15 05:03:44.995,1.47335,1.4735,1.00,3.30
2010.06.15 05:03:45.548,1.47335,1.4735,1.60,2.50
2010.06.15 05:03:46.237,1.47335,1.4735,1.60,1.70
2010.06.15 05:03:47.758,1.47335,1.4735,1.60,1.00
2010.06.15 05:03:47.948,1.4734,1.47355,1.60,1.70
2010.06.15 05:03:48.131,1.4734,1.47355,1.60,1.00
2010.06.15 05:03:48.453,1.47345,1.47355,1.00,1.00
2010.06.15 05:03:48.800,1.47345,1.4736,1.60,1.00
2010.06.15 05:03:49.825,1.4735,1.4736,1.60,1.00
2010.06.15 05:04:32.015,1.4735,1.4736,1.00,1.00
2010.06.15 05:04:36.982,1.47345,1.4736,3.60,1.00
2010.06.15 05:04:37.265,1.47345,1.4736,1.60,1.00
2010.06.15 05:04:37.304,1.4734,1.4736,4.40,1.60
2010.06.15 05:04:37.493,1.4734,1.4736,1.60,2.40
2010.06.15 05:04:37.872,1.4734,1.4736,1.60,3.20
2010.06.15 05:04:39.383,1.4734,1.47355,1.60,1.00
2010.06.15 05:04:42.136,1.4734,1.47355,1.60,1.60
2010.06.15 05:04:42.423,1.47335,1.47355,2.00,2.40
2010.06.15 05:04:42.711,1.47335,1.4735,1.00,1.60
2010.06.15 05:04:43.062,1.4733,1.47345,2.40,1.00
2010.06.15 05:04:45.122,1.4733,1.47345,1.60,1.00
2010.06.15 05:05:01.734,1.47335,1.47345,1.20,1.00
2010.06.15 05:05:01.831,1.47335,1.4735,1.60,1.60
2010.06.15 05:05:03.303,1.47335,1.4735,1.60,1.00
2010.06.15 05:05:18.879,1.47335,1.4735,1.00,1.00
2010.06.15 05:05:19.229,1.4733,1.4735,1.60,1.70
2010.06.15 05:05:23.240,1.4733,1.47345,1.60,1.00
2010.06.15 05:05:26.921,1.4733,1.4735,1.60,5.70
2010.06.15 05:05:27.113,1.4733,1.4735,1.60,3.30
2010.06.15 05:05:27.303,1.4733,1.4735,1.60,2.50
2010.06.15 05:05:38.661,1.4733,1.47345,1.60,1.00
2010.06.15 05:05:38.775,1.4733,1.4735,1.60,2.50
2010.06.15 05:05:38.996,1.4733,1.47345,1.60,1.00
2010.06.15 05:05:39.106,1.4733,1.47345,1.60,1.00
2010.06.15 05:05:46.675,1.4733,1.47345,1.60,1.70
2010.06.15 05:05:46.781,1.4733,1.47345,1.60,2.50
2010.06.15 05:05:56.322,1.4733,1.47345,1.00,2.50
2010.06.15 05:06:04.242,1.4733,1.47345,1.00,2.70
2010.06.15 05:06:04.323,1.4733,1.47345,1.00,2.90
2010.06.15 05:06:13.922,1.4733,1.47345,1.00,2.20
2010.06.15 05:06:16.361,1.4733,1.47345,1.10,2.20
2010.06.15 05:06:20.674,1.4733,1.47345,1.10,2.00
2010.06.15 05:06:20.714,1.4733,1.47345,1.10,2.80
2010.06.15 05:06:20.756,1.4733,1.47345,1.10,2.60
2010.06.15 05:06:20.938,1.4733,1.47345,1.10,2.70
2010.06.15 05:06:21.288,1.4733,1.47345,1.10,2.40
2010.06.15 05:06:21.633,1.4733,1.47345,1.10,2.50
2010.06.15 05:06:45.122,1.47325,1.47345,1.50,3.30
2010.06.15 05:06:46.992,1.47325,1.4734,1.00,1.00
2010.06.15 05:06:47.193,1.4732,1.4734,1.50,1.00
2010.06.15 05:06:47.421,1.4732,1.4734,1.50,1.60
2010.06.15 05:06:47.823,1.47325,1.4734,3.10,1.00
2010.06.15 05:06:47.965,1.47325,1.4734,1.00,1.00
2010.06.15 05:06:48.106,1.47325,1.47335,1.00,1.00
2010.06.15 05:06:48.454,1.4732,1.47335,1.50,1.00
2010.06.15 05:07:11.979,1.4732,1.47325,1.00,1.00
2010.06.15 05:07:12.330,1.47315,1.47325,1.00,5.60
2010.06.15 05:07:12.662,1.4731,1.4733,2.60,5.60
2010.06.15 05:07:13.000,1.47315,1.4733,1.60,4.80
2010.06.15 05:07:13.326,1.47315,1.47335,1.60,6.60
2010.06.15 05:07:13.798,1.47315,1.47335,1.60,6.70
2010.06.15 05:07:14.145,1.47315,1.47335,1.60,7.40
2010.06.15 05:07:15.422,1.47315,1.47335,1.60,2.60
2010.06.15 05:07:15.891,1.47315,1.47335,1.60,1.80
2010.06.15 05:07:16.102,1.4732,1.47335,1.60,1.80
2010.06.15 05:07:16.306,1.4732,1.47335,1.60,1.00
2010.06.15 05:07:18.557,1.47325,1.47335,1.00,1.00
2010.06.15 05:07:18.986,1.4732,1.47335,4.00,1.00
2010.06.15 05:07:19.303,1.4732,1.47335,1.60,1.00
2010.06.15 05:07:19.626,1.4732,1.47335,1.00,1.00
2010.06.15 05:07:19.955,1.47315,1.47335,2.00,1.80
2010.06.15 05:07:20.154,1.47315,1.47335,1.60,1.80
2010.06.15 05:07:23.363,1.4732,1.47335,1.00,1.00
2010.06.15 05:07:23.533,1.4732,1.47335,1.20,1.00
2010.06.15 05:07:23.703,1.4732,1.47335,1.60,1.00
2010.06.15 05:07:31.342,1.4732,1.47335,1.60,1.20
2010.06.15 05:07:31.607,1.4732,1.47335,1.60,1.40
2010.06.15 05:07:36.232,1.4732,1.47335,1.60,1.00
2010.06.15 05:07:40.433,1.4732,1.47335,1.60,1.00
2010.06.15 05:07:49.641,1.4732,1.47335,1.60,1.00
2010.06.15 05:07:58.123,1.4732,1.47335,1.60,1.00
2010.06.15 05:07:58.470,1.47315,1.4733,1.00,1.00
2010.06.15 05:07:58.763,1.4731,1.4733,2.40,1.00
2010.06.15 05:08:02.754,1.4731,1.47315,1.60,1.00
2010.06.15 05:08:03.229,1.473,1.47315,2.40,1.00
2010.06.15 05:08:03.439,1.473,1.4732,3.20,2.60
2010.06.15 05:08:03.648,1.473,1.4732,6.40,1.60
2010.06.15 05:08:03.858,1.473,1.4732,8.80,1.00
2010.06.15 05:08:04.067,1.47305,1.47325,1.00,2.60
2010.06.15 05:08:04.418,1.47305,1.47325,6.40,2.40
2010.06.15 05:08:04.763,1.47305,1.47325,6.40,1.60
2010.06.15 05:08:05.106,1.47305,1.47325,6.40,1.00
2010.06.15 05:08:05.545,1.4731,1.4733,6.40,2.50
2010.06.15 05:08:05.834,1.4731,1.4733,6.40,1.60
2010.06.15 05:08:06.686,1.4731,1.4733,6.40,1.00
2010.06.15 05:08:06.967,1.47315,1.47335,6.40,2.50
2010.06.15 05:08:08.722,1.47315,1.47325,5.60,1.00
2010.06.15 05:08:08.803,1.47315,1.47325,1.00,1.00
2010.06.15 05:08:08.953,1.4731,1.47325,2.80,1.00
2010.06.15 05:08:09.034,1.47305,1.4732,8.00,1.00
2010.06.15 05:08:09.114,1.47305,1.4732,1.60,1.00
2010.06.15 05:08:09.193,1.473,1.4732,10.40,1.00
2010.06.15 05:08:09.458,1.473,1.4732,9.60,1.00
2010.06.15 05:08:09.803,1.473,1.4732,4.80,1.00
2010.06.15 05:08:12.073,1.473,1.4732,4.00,1.00
2010.06.15 05:08:12.416,1.4731,1.4733,3.20,1.60
2010.06.15 05:08:12.758,1.4731,1.4733,1.00,3.40
2010.06.15 05:08:12.934,1.4731,1.4733,1.60,3.40
2010.06.15 05:08:13.116,1.4731,1.4733,1.60,1.00
2010.06.15 05:08:13.293,1.4731,1.4733,1.60,1.00
2010.06.15 05:08:15.584,1.4731,1.47325,1.00,1.00
2010.06.15 05:08:15.825,1.4731,1.4733,2.00,4.00
2010.06.15 05:08:16.163,1.4731,1.4733,3.70,1.60
2010.06.15 05:08:16.653,1.4731,1.4733,3.70,1.00
2010.06.15 05:08:20.933,1.4731,1.4733,4.80,1.00
2010.06.15 05:08:21.189,1.47315,1.4733,1.00,1.00
2010.06.15 05:08:21.440,1.4731,1.4733,5.20,1.00
2010.06.15 05:08:21.947,1.4731,1.4733,6.00,1.00
2010.06.15 05:08:22.286,1.47315,1.4733,1.00,1.00
2010.06.15 05:08:42.932,1.4731,1.4733,5.30,1.00
2010.06.15 05:08:43.072,1.4731,1.4733,4.50,1.00
2010.06.15 05:08:46.474,1.4731,1.4733,3.70,1.00
2010.06.15 05:08:46.787,1.4731,1.4733,4.50,1.00
2010.06.15 05:08:48.701,1.4731,1.4733,3.60,1.00
2010.06.15 05:08:56.251,1.4731,1.4733,3.80,1.00
2010.06.15 05:08:56.381,1.4731,1.4733,4.20,1.00
2010.06.15 05:08:57.666,1.4731,1.4733,4.40,1.00
2010.06.15 05:08:57.823,1.47315,1.4733,1.00,1.00
2010.06.15 05:08:58.288,1.47315,1.47335,2.40,4.10
2010.06.15 05:08:58.444,1.47315,1.47335,2.40,1.00
2010.06.15 05:08:58.605,1.47315,1.47335,2.40,1.00
2010.06.15 05:08:58.761,1.47315,1.47335,3.20,1.00
2010.06.15 05:09:00.442,1.4732,1.4734,1.00,7.50
2010.06.15 05:09:00.713,1.4732,1.4734,1.60,4.10
2010.06.15 05:09:00.908,1.4732,1.4734,1.60,1.00
2010.06.15 05:09:01.011,1.4732,1.4734,1.60,1.00
2010.06.15 05:09:01.194,1.47325,1.47345,1.00,5.10
2010.06.15 05:09:01.511,1.4732,1.4734,3.60,1.00
2010.06.15 05:09:01.826,1.4732,1.4734,3.20,1.00
2010.06.15 05:09:02.886,1.4732,1.4734,2.40,1.00
2010.06.15 05:09:05.394,1.4732,1.4734,2.40,1.00
2010.06.15 05:09:05.912,1.47325,1.4734,1.00,1.00
2010.06.15 05:09:06.512,1.47325,1.4734,1.00,1.00
2010.06.15 05:09:09.753,1.47325,1.47335,1.00,1.00
2010.06.15 05:09:09.893,1.4732,1.47335,1.70,1.00
2010.06.15 05:09:10.036,1.47315,1.4733,1.60,1.00
2010.06.15 05:09:10.172,1.4731,1.4733,5.00,1.00
2010.06.15 05:09:10.400,1.4731,1.4733,4.20,1.00
2010.06.15 05:09:10.543,1.4731,1.4733,3.40,1.00
2010.06.15 05:09:10.985,1.4731,1.4733,3.60,1.00
2010.06.15 05:09:12.093,1.47315,1.47335,1.60,5.00
2010.06.15 05:09:12.439,1.47315,1.47335,2.80,2.40
2010.06.15 05:09:13.745,1.47315,1.47335,2.40,2.40
2010.06.15 05:09:14.950,1.47315,1.47335,2.40,3.20
2010.06.15 05:09:15.066,1.47315,1.47325,1.00,1.00
2010.06.15 05:09:15.338,1.4731,1.47325,1.00,1.00
2010.06.15 05:09:15.608,1.4731,1.4733,1.00,3.20
2010.06.15 05:09:15.874,1.4731,1.4733,1.60,1.70
2010.06.15 05:09:25.962,1.4731,1.4733,1.60,1.00
2010.06.15 05:09:29.701,1.4731,1.4733,1.60,1.00
2010.06.15 05:09:30.822,1.4732,1.4733,1.00,1.00
2010.06.15 05:09:31.084,1.4732,1.4733,1.00,1.00
2010.06.15 05:09:31.555,1.47315,1.4733,1.00,1.00
2010.06.15 05:09:31.722,1.4732,1.4733,1.00,1.00
2010.06.15 05:09:32.042,1.4732,1.4733,1.00,1.00
2010.06.15 05:09:32.363,1.4731,1.4733,2.40,1.00
2010.06.15 05:09:32.542,1.4732,1.4733,1.00,1.00
2010.06.15 05:09:33.442,1.4732,1.4733,1.00,1.00
2010.06.15 05:09:33.623,1.47325,1.4733,1.00,1.00
2010.06.15 05:09:33.799,1.4731,1.4733,2.40,1.00
2010.06.15 05:09:34.086,1.4732,1.4733,1.00,1.00
2010.06.15 05:09:34.311,1.4731,1.4733,2.40,1.00
2010.06.15 05:09:35.183,1.4732,1.4733,1.00,1.00
2010.06.15 05:09:36.532,1.4731,1.4733,5.60,1.00
2010.06.15 05:09:36.762,1.47325,1.4733,1.00,1.00
2010.06.15 05:09:40.268,1.47315,1.4733,1.00,1.00
2010.06.15 05:09:43.932,1.47315,1.47335,2.00,4.00
2010.06.15 05:09:44.244,1.47315,1.47335,3.20,1.00
2010.06.15 05:09:44.553,1.47315,1.47335,3.60,1.00
2010.06.15 05:09:48.562,1.4732,1.47335,1.00,1.00
2010.06.15 05:09:48.917,1.4732,1.47335,1.00,1.00
2010.06.15 05:09:50.562,1.4732,1.47335,1.00,1.00
2010.06.15 05:09:55.232,1.47315,1.47335,4.00,1.00
2010.06.15 05:09:55.452,1.47315,1.47335,4.40,1.00
2010.06.15 05:09:55.671,1.47315,1.47335,4.00,1.00
2010.06.15 05:09:55.883,1.47315,1.4733,3.20,1.00
2010.06.15 05:09:56.105,1.47315,1.4733,1.00,1.00
2010.06.15 05:09:58.253,1.47315,1.4733,1.60,1.00
2010.06.15 05:09:58.386,1.47315,1.47335,2.40,3.40
2010.06.15 05:09:58.603,1.47315,1.47335,3.60,1.00
2010.06.15 05:09:58.837,1.47315,1.47335,3.60,1.00
2010.06.15 05:09:58.923,1.47315,1.47335,4.40,1.00
2010.06.15 05:09:59.162,1.4732,1.47335,1.00,1.00
2010.06.15 05:09:59.503,1.4732,1.47335,1.00,1.00
2010.06.15 05:10:00.846,1.4732,1.4734,1.20,3.40
2010.06.15 05:10:01.028,1.47325,1.4734,1.00,1.60
2010.06.15 05:10:01.206,1.47325,1.47345,2.40,1.00
2010.06.15 05:10:05.983,1.47325,1.47345,3.20,1.00
2010.06.15 05:10:11.522,1.47325,1.4734,2.40,1.00
2010.06.15 05:10:11.637,1.47325,1.4734,1.00,1.00
2010.06.15 05:10:11.869,1.4732,1.4734,4.40,1.00
2010.06.15 05:10:11.976,1.47325,1.4734,1.00,1.00
2010.06.15 05:10:14.599,1.4732,1.4734,4.40,1.00
2010.06.15 05:10:15.906,1.4732,1.4734,4.20,1.00
2010.06.15 05:10:16.302,1.4732,1.4734,4.00,1.00
2010.06.15 05:10:20.623,1.4732,1.4734,3.20,1.00
2010.06.15 05:10:26.129,1.4732,1.4734,3.40,1.00
2010.06.15 05:10:26.241,1.4732,1.4734,3.60,1.00
2010.06.15 05:10:28.222,1.4732,1.4734,3.20,1.00
2010.06.15 05:10:45.491,1.4732,1.4734,1.60,1.00
2010.06.15 05:11:02.341,1.4732,1.4734,1.80,1.00
2010.06.15 05:11:02.481,1.4732,1.4734,2.00,1.00
2010.06.15 05:11:03.003,1.4732,1.4734,4.40,1.00
2010.06.15 05:11:03.172,1.4732,1.4734,4.80,1.00
2010.06.15 05:11:03.252,1.4732,1.4734,6.40,1.00
2010.06.15 05:11:03.332,1.4732,1.4734,7.20,1.00
2010.06.15 05:11:08.302,1.4732,1.4734,6.40,1.00
2010.06.15 05:11:08.631,1.4732,1.47335,1.00,1.00
2010.06.15 05:11:08.775,1.4732,1.47335,1.00,1.00
2010.06.15 05:11:10.904,1.4732,1.4734,2.00,1.00
2010.06.15 05:11:11.278,1.4732,1.47335,1.20,1.00
2010.06.15 05:11:11.508,1.4732,1.4734,2.80,1.00
2010.06.15 05:11:11.734,1.4732,1.4734,2.80,1.00
2010.06.15 05:11:13.614,1.47325,1.47345,1.00,3.60
2010.06.15 05:11:13.792,1.47325,1.47345,1.00,1.20
2010.06.15 05:11:13.992,1.47325,1.47345,1.20,1.20
2010.06.15 05:11:14.179,1.4732,1.4734,3.20,4.20
2010.06.15 05:11:14.376,1.4732,1.4734,2.80,4.80
2010.06.15 05:11:14.578,1.47315,1.47335,4.00,1.00
2010.06.15 05:11:23.901,1.47315,1.47335,3.20,1.00
2010.06.15 05:11:38.295,1.4732,1.4734,1.20,1.00
2010.06.15 05:11:42.823,1.4732,1.47335,1.00,1.00
2010.06.15 05:11:42.982,1.47315,1.47335,4.80,1.00
2010.06.15 05:11:49.853,1.4732,1.47335,1.00,1.00
2010.06.15 05:11:49.936,1.47325,1.4734,1.00,2.60
2010.06.15 05:11:50.053,1.47325,1.4734,1.20,2.60
2010.06.15 05:11:50.173,1.47325,1.47345,1.20,1.00
2010.06.15 05:11:51.313,1.47325,1.4735,2.00,5.80
2010.06.15 05:11:53.121,1.47325,1.4735,2.40,5.80
2010.06.15 05:11:53.674,1.4733,1.4735,1.00,1.80
2010.06.15 05:11:53.793,1.4733,1.4735,1.60,1.80
2010.06.15 05:11:53.915,1.47335,1.4735,1.20,1.00
2010.06.15 05:11:54.034,1.47335,1.4735,2.00,1.00
2010.06.15 05:11:54.263,1.47335,1.47355,2.40,1.00
2010.06.15 05:11:56.073,1.47335,1.47355,2.80,1.00
2010.06.15 05:11:56.293,1.47335,1.47355,2.40,1.00
2010.06.15 05:11:58.033,1.47335,1.47355,2.80,1.00
2010.06.15 05:12:00.352,1.47335,1.47355,2.40,1.00
2010.06.15 05:12:00.904,1.47335,1.47355,1.00,6.40
2010.06.15 05:12:01.110,1.47335,1.4735,1.00,1.60
2010.06.15 05:12:01.307,1.47325,1.4735,3.20,4.20
2010.06.15 05:12:01.506,1.47325,1.4735,3.20,5.00
2010.06.15 05:12:01.849,1.4732,1.47345,4.80,1.80
2010.06.15 05:12:02.354,1.4732,1.47345,2.40,6.00
2010.06.15 05:12:05.033,1.4732,1.47345,2.40,6.30
2010.06.15 05:12:05.230,1.4732,1.47345,1.60,6.70
2010.06.15 05:12:08.382,1.4732,1.47345,1.60,6.60
2010.06.15 05:12:08.553,1.4732,1.47345,1.60,6.80
2010.06.15 05:12:10.742,1.4732,1.47345,1.60,6.40
2010.06.15 05:12:13.054,1.4732,1.47345,1.60,6.60
2010.06.15 05:12:13.793,1.4732,1.47345,1.60,6.80
2010.06.15 05:12:15.634,1.4732,1.47345,1.60,6.60
2010.06.15 05:12:15.863,1.4732,1.47345,1.60,6.30
2010.06.15 05:12:16.134,1.4732,1.47345,1.60,6.40
2010.06.15 05:12:16.397,1.4732,1.47345,1.60,6.30
2010.06.15 05:12:16.746,1.4732,1.47345,1.60,6.20
2010.06.15 05:12:17.085,1.4732,1.47345,1.60,7.00
2010.06.15 05:12:19.360,1.4732,1.47345,1.60,7.10
2010.06.15 05:12:19.378,1.4732,1.47345,1.60,7.40
2010.06.15 05:12:19.713,1.4732,1.47345,1.60,7.60
2010.06.15 05:12:20.616,1.4732,1.47345,1.60,7.30
2010.06.15 05:12:20.915,1.4732,1.47345,1.60,7.00
2010.06.15 05:12:22.284,1.4732,1.4734,1.00,4.00
2010.06.15 05:12:22.506,1.47315,1.4734,2.40,5.00
2010.06.15 05:12:22.723,1.47315,1.47335,2.00,1.00
2010.06.15 05:12:22.943,1.47315,1.47335,2.40,1.00
2010.06.15 05:12:27.087,1.4732,1.4734,1.20,4.20
2010.06.15 05:12:27.289,1.4732,1.47335,1.00,1.00
2010.06.15 05:12:27.558,1.47315,1.47335,1.60,1.00
2010.06.15 05:12:36.222,1.47315,1.4733,1.00,1.00
2010.06.15 05:12:36.674,1.4731,1.4733,5.60,1.00
2010.06.15 05:12:37.021,1.4731,1.47325,1.00,1.00
2010.06.15 05:12:38.248,1.47305,1.47325,3.20,1.00
2010.06.15 05:13:52.991,1.47305,1.47325,2.40,1.00
2010.06.15 05:14:00.311,1.4731,1.47335,1.00,5.70
2010.06.15 05:14:00.493,1.4731,1.47335,1.20,6.00
2010.06.15 05:14:00.683,1.4731,1.47335,2.00,6.00
2010.06.15 05:14:00.873,1.4731,1.47335,2.00,5.20
2010.06.15 05:14:01.063,1.4731,1.47335,2.00,5.20
2010.06.15 05:14:01.362,1.4731,1.47335,2.40,5.20
2010.06.15 05:14:01.664,1.4731,1.47335,2.40,5.00
2010.06.15 05:14:02.418,1.4731,1.47335,2.40,5.00
2010.06.15 05:14:03.521,1.4731,1.47335,2.00,5.20
2010.06.15 05:14:29.102,1.4731,1.47335,2.00,5.00
2010.06.15 05:14:29.456,1.4731,1.47335,2.00,5.20
2010.06.15 05:14:40.904,1.4731,1.47335,2.00,4.90
2010.06.15 05:14:46.702,1.4731,1.47335,2.20,4.90
2010.06.15 05:14:46.802,1.4731,1.47335,2.40,4.90
2010.06.15 05:14:50.579,1.4731,1.47335,2.00,4.90
2010.06.15 05:14:57.483,1.4732,1.47335,1.00,4.90
2010.06.15 05:14:57.787,1.4732,1.47335,1.00,3.20
2010.06.15 05:14:57.909,1.4732,1.47335,1.00,3.20
2010.06.15 05:14:58.027,1.4732,1.4734,1.00,9.20
2010.06.15 05:14:58.295,1.4732,1.4734,1.00,7.40
2010.06.15 05:15:00.553,1.4732,1.4734,1.60,5.80
2010.06.15 05:15:00.739,1.4732,1.4734,1.60,5.80
2010.06.15 05:15:00.931,1.4732,1.4734,2.00,3.40
2010.06.15 05:15:01.091,1.4732,1.47345,2.00,6.00
2010.06.15 05:15:07.132,1.4732,1.47345,2.00,5.70
2010.06.15 05:15:23.616,1.4732,1.47345,1.60,5.70
2010.06.15 05:15:24.000,1.47315,1.4734,5.60,1.80
2010.06.15 05:15:24.229,1.47315,1.4734,2.40,6.00
2010.06.15 05:15:24.549,1.47315,1.47335,2.40,1.00
2010.06.15 05:15:34.217,1.47315,1.4734,2.40,6.00
2010.06.15 05:15:34.283,1.47315,1.4734,3.20,6.00
2010.06.15 05:15:38.966,1.47315,1.47335,3.20,1.00
2010.06.15 05:15:39.026,1.47315,1.4734,3.20,6.00
2010.06.15 05:15:39.824,1.47315,1.4734,2.40,6.00
2010.06.15 05:15:42.193,1.47315,1.4734,2.80,6.00
2010.06.15 05:15:43.242,1.47315,1.4734,2.40,6.00
2010.06.15 05:15:48.734,1.4732,1.4734,1.00,6.00
2010.06.15 05:15:48.855,1.4732,1.4734,1.00,6.00
2010.06.15 05:15:50.443,1.47315,1.4734,2.80,6.00
2010.06.15 05:15:53.962,1.47315,1.4734,2.80,5.80
2010.06.15 05:15:58.962,1.47315,1.4734,3.20,5.80
2010.06.15 05:16:08.821,1.47315,1.4734,2.80,5.80
2010.06.15 05:16:12.972,1.47315,1.4734,3.20,5.80
2010.06.15 05:16:17.332,1.4732,1.4734,1.00,4.20
2010.06.15 05:16:17.572,1.4732,1.4734,1.20,4.20
2010.06.15 05:16:17.656,1.4732,1.4734,1.20,1.80
2010.06.15 05:16:17.813,1.47325,1.4734,1.00,1.80
2010.06.15 05:16:18.493,1.47325,1.4734,1.00,1.00
2010.06.15 05:16:19.424,1.47325,1.4734,1.20,1.00
2010.06.15 05:16:19.557,1.47325,1.4734,1.00,1.00
2010.06.15 05:16:19.686,1.47325,1.4734,1.00,1.00
2010.06.15 05:16:20.195,1.4732,1.4734,2.00,1.00
2010.06.15 05:16:21.522,1.4732,1.4734,1.80,1.00
2010.06.15 05:16:21.663,1.4732,1.4734,1.00,2.40
2010.06.15 05:16:22.091,1.4732,1.4734,1.00,1.00
2010.06.15 05:16:22.388,1.47315,1.4734,3.20,5.10
2010.06.15 05:16:29.683,1.4732,1.4734,1.00,3.50
2010.06.15 05:16:29.872,1.4732,1.4734,1.60,3.20
2010.06.15 05:16:29.964,1.4732,1.4734,1.00,4.80
2010.06.15 05:16:30.063,1.47315,1.4734,4.00,5.10
2010.06.15 05:16:30.318,1.4732,1.4734,1.00,3.50
2010.06.15 05:16:30.575,1.4732,1.4734,1.60,1.00
2010.06.15 05:16:31.089,1.47315,1.4734,3.20,6.00
2010.06.15 05:16:31.348,1.47315,1.4734,1.60,6.00
2010.06.15 05:16:31.989,1.47315,1.4734,1.60,6.20
2010.06.15 05:16:32.573,1.47315,1.47335,1.60,1.00
2010.06.15 05:16:32.919,1.47315,1.47335,1.60,1.00
2010.06.15 05:16:33.485,1.47315,1.47335,1.00,1.90
2010.06.15 05:16:33.707,1.4731,1.4733,3.20,1.00
2010.06.15 05:16:33.927,1.4731,1.4733,2.40,1.00
2010.06.15 05:16:34.159,1.4731,1.4733,1.60,1.00
2010.06.15 05:16:34.385,1.4731,1.4733,1.60,1.10
2010.06.15 05:16:34.838,1.4731,1.4733,1.60,1.00
2010.06.15 05:16:35.193,1.47305,1.47325,2.40,1.00
2010.06.15 05:16:36.630,1.47305,1.47325,3.20,1.00
2010.06.15 05:17:15.170,1.4731,1.47325,1.00,1.00
2010.06.15 05:17:15.461,1.47315,1.4733,1.60,2.40
2010.06.15 05:17:15.752,1.4732,1.4734,1.60,2.90
2010.06.15 05:17:16.038,1.4732,1.4734,1.60,2.70
2010.06.15 05:17:18.087,1.4732,1.4734,1.60,2.50
2010.06.15 05:17:24.082,1.4732,1.47335,1.60,1.00
2010.06.15 05:17:29.363,1.4732,1.47325,1.00,1.00
2010.06.15 05:17:29.534,1.47315,1.47325,2.40,1.00
2010.06.15 05:17:29.800,1.47315,1.47325,1.00,1.00
2010.06.15 05:17:29.972,1.4732,1.4733,1.00,1.60
2010.06.15 05:17:30.149,1.47315,1.47335,2.40,1.00
2010.06.15 05:17:34.265,1.47315,1.47335,2.40,1.20
2010.06.15 05:17:34.376,1.47315,1.4733,1.60,1.00
2010.06.15 05:17:34.756,1.4731,1.47325,2.40,1.00
2010.06.15 05:17:34.868,1.47305,1.47325,4.60,1.00
2010.06.15 05:17:34.983,1.47305,1.47325,3.40,1.00
2010.06.15 05:17:46.113,1.4731,1.47325,1.00,1.00
2010.06.15 05:18:07.776,1.4731,1.4733,1.30,1.00
2010.06.15 05:18:08.006,1.4731,1.47325,1.00,1.00
2010.06.15 05:18:17.925,1.47305,1.47325,3.40,1.00
2010.06.15 05:18:19.078,1.4731,1.47325,1.00,1.00
2010.06.15 05:18:20.993,1.4731,1.4733,1.00,1.00
2010.06.15 05:18:21.154,1.4731,1.47325,1.00,1.00
2010.06.15 05:18:26.802,1.47305,1.47325,3.40,1.00
2010.06.15 05:18:28.922,1.47305,1.47325,4.20,1.00
2010.06.15 05:18:29.073,1.4731,1.47325,1.00,1.00
2010.06.15 05:18:29.224,1.4731,1.4733,1.20,1.00
2010.06.15 05:18:29.373,1.4731,1.4733,1.60,1.00
2010.06.15 05:18:30.892,1.4731,1.4733,1.80,1.00
2010.06.15 05:18:31.553,1.4731,1.4733,2.60,1.00
2010.06.15 05:18:32.825,1.4732,1.4733,1.00,1.00
2010.06.15 05:18:33.166,1.4731,1.4733,2.60,1.00
2010.06.15 05:18:34.501,1.4731,1.4733,5.60,1.00
2010.06.15 05:18:34.650,1.4731,1.4733,5.90,1.00
2010.06.15 05:18:34.799,1.47315,1.47335,1.00,4.30
2010.06.15 05:18:35.179,1.47315,1.47335,1.20,3.50
2010.06.15 05:18:35.261,1.47315,1.47335,3.80,1.00
2010.06.15 05:18:35.609,1.4732,1.47335,1.60,1.00
2010.06.15 05:18:35.957,1.4732,1.47335,2.60,1.00
2010.06.15 05:18:36.563,1.47325,1.47335,1.00,1.00
2010.06.15 05:18:38.149,1.4732,1.47335,1.80,1.00
2010.06.15 05:18:38.331,1.4732,1.47335,1.00,1.00
2010.06.15 05:18:50.753,1.4732,1.47335,1.00,1.00
2010.06.15 05:18:50.904,1.4732,1.47335,1.80,1.00
2010.06.15 05:18:52.591,1.4732,1.47335,1.70,1.00
2010.06.15 05:18:54.455,1.4732,1.47335,3.30,1.00
2010.06.15 05:18:56.349,1.47325,1.47335,1.00,1.00
2010.06.15 05:18:59.064,1.4732,1.47335,3.30,1.00
2010.06.15 05:19:05.343,1.47325,1.47335,1.20,1.00
2010.06.15 05:19:05.611,1.47325,1.47335,1.00,1.00
2010.06.15 05:19:05.877,1.47325,1.47335,1.00,1.00
2010.06.15 05:19:06.134,1.47325,1.47335,1.00,1.00
2010.06.15 05:19:06.746,1.47325,1.47335,1.00,1.00
2010.06.15 05:19:11.845,1.4732,1.47335,4.50,1.00
2010.06.15 05:19:12.283,1.4732,1.47335,1.00,1.00
2010.06.15 05:19:12.540,1.4732,1.47335,1.30,1.00
2010.06.15 05:19:12.795,1.4732,1.47335,1.70,1.00
2010.06.15 05:19:13.055,1.4732,1.47335,2.10,1.00
2010.06.15 05:19:13.314,1.4732,1.47335,2.50,1.00
2010.06.15 05:19:13.656,1.4732,1.47335,2.10,1.00
2010.06.15 05:19:13.996,1.4732,1.47335,2.90,1.00
2010.06.15 05:19:14.334,1.4732,1.47335,2.50,1.00
2010.06.15 05:19:14.454,1.4732,1.47335,2.90,1.00
2010.06.15 05:19:14.575,1.4732,1.47335,2.10,1.00
2010.06.15 05:19:14.873,1.4732,1.47335,1.70,1.00
2010.06.15 05:19:15.103,1.4732,1.47335,2.90,1.00
2010.06.15 05:19:15.307,1.4732,1.47335,2.10,1.00
2010.06.15 05:19:15.771,1.4732,1.47335,2.50,1.00
2010.06.15 05:19:16.107,1.4732,1.4734,2.90,1.00
2010.06.15 05:19:22.872,1.47325,1.4734,1.00,1.00
2010.06.15 05:19:23.413,1.4732,1.4734,2.90,1.00
2010.06.15 05:19:23.998,1.4732,1.47335,1.70,1.00
2010.06.15 05:19:24.134,1.4732,1.4734,2.50,1.00
2010.06.15 05:19:24.267,1.4732,1.4734,2.90,1.00
2010.06.15 05:19:24.606,1.47325,1.4734,1.00,1.00
2010.06.15 05:19:31.544,1.4732,1.4734,2.90,1.00
2010.06.15 05:19:34.530,1.4732,1.4734,3.10,1.00
2010.06.15 05:19:34.559,1.4732,1.4734,3.30,1.00
2010.06.15 05:19:36.463,1.4732,1.4734,4.90,1.00
2010.06.15 05:19:38.076,1.4732,1.4734,5.00,1.00
2010.06.15 05:19:38.313,1.47325,1.4734,1.00,1.00
2010.06.15 05:19:44.973,1.4732,1.4734,3.30,1.00
2010.06.15 05:19:45.825,1.4732,1.4734,4.90,1.00
2010.06.15 05:19:46.163,1.4732,1.4734,5.40,1.00
2010.06.15 05:19:51.023,1.4732,1.4734,5.50,1.00
2010.06.15 05:19:55.429,1.4732,1.4734,5.00,1.00
2010.06.15 05:19:57.643,1.4732,1.4734,4.90,1.00
2010.06.15 05:20:01.404,1.4732,1.4734,5.00,1.00
2010.06.15 05:20:01.795,1.47325,1.4734,1.00,1.00
2010.06.15 05:20:01.973,1.4732,1.4734,4.90,1.00
2010.06.15 05:20:03.698,1.47325,1.4734,1.00,1.00
2010.06.15 05:20:04.055,1.4733,1.4734,1.00,1.00
2010.06.15 05:20:04.367,1.4733,1.47345,1.00,1.00
2010.06.15 05:20:04.974,1.4733,1.47345,1.00,1.00
2010.06.15 05:20:06.035,1.4733,1.4734,1.00,1.00
2010.06.15 05:20:06.286,1.47325,1.4734,3.30,1.00
2010.06.15 05:20:10.885,1.4733,1.4734,1.00,1.00
2010.06.15 05:20:12.754,1.47325,1.4734,3.30,1.00
2010.06.15 05:20:13.934,1.47325,1.47345,3.30,4.20
2010.06.15 05:20:24.794,1.47325,1.47345,3.30,4.00
2010.06.15 05:20:26.813,1.47325,1.47345,3.20,4.00
2010.06.15 05:20:26.892,1.47325,1.47345,3.30,4.00
2010.06.15 05:20:36.857,1.47325,1.47345,1.70,4.00
2010.06.15 05:20:44.443,1.47325,1.47345,1.60,4.00
2010.06.15 05:20:44.573,1.47325,1.47345,1.00,4.00
2010.06.15 05:21:01.486,1.4733,1.47345,1.00,4.00
2010.06.15 05:21:01.761,1.4733,1.47345,3.20,4.00
2010.06.15 05:21:01.872,1.47335,1.4735,1.20,4.20
2010.06.15 05:21:01.985,1.47335,1.4735,2.00,1.00
2010.06.15 05:21:02.358,1.4733,1.4735,1.60,4.20
2010.06.15 05:21:02.710,1.4733,1.4735,1.00,4.20
2010.06.15 05:21:03.864,1.4733,1.4735,1.00,5.00
2010.06.15 05:21:04.205,1.47325,1.4735,3.20,5.00
2010.06.15 05:21:04.549,1.47325,1.47345,1.60,4.00
2010.06.15 05:21:04.917,1.47325,1.47345,1.60,2.40
2010.06.15 05:21:05.066,1.47325,1.4735,2.40,5.80
2010.06.15 05:21:05.214,1.47325,1.4735,2.40,5.00
2010.06.15 05:21:05.365,1.47325,1.4735,4.80,5.00
2010.06.15 05:21:05.705,1.47325,1.4735,3.20,5.00
2010.06.15 05:21:07.016,1.47325,1.4735,3.20,4.20
2010.06.15 05:21:07.305,1.47325,1.4735,3.20,5.00
2010.06.15 05:21:11.977,1.4732,1.47345,5.60,1.80
2010.06.15 05:21:12.138,1.4732,1.47345,3.20,4.70
2010.06.15 05:21:12.638,1.47325,1.47345,1.20,3.10
2010.06.15 05:21:12.988,1.4732,1.47345,5.20,5.20
2010.06.15 05:21:13.335,1.4732,1.47345,3.20,5.40
2010.06.15 05:21:14.016,1.4732,1.47345,3.20,5.20
2010.06.15 05:21:14.353,1.4732,1.47345,3.20,5.40
2010.06.15 05:21:17.266,1.47325,1.47345,1.00,3.80
2010.06.15 05:21:17.363,1.47325,1.47345,1.20,1.40
2010.06.15 05:21:17.626,1.47325,1.4735,1.60,5.80
2010.06.15 05:21:17.808,1.47325,1.4735,3.20,4.20
2010.06.15 05:21:18.537,1.47325,1.4735,3.40,5.00
2010.06.15 05:21:18.713,1.47325,1.4735,5.00,5.00
2010.06.15 05:21:19.893,1.4733,1.4735,1.00,5.00
2010.06.15 05:21:21.843,1.4733,1.4735,1.00,5.00
2010.06.15 05:21:21.973,1.4733,1.4735,1.00,5.00
2010.06.15 05:21:33.898,1.4733,1.47345,1.00,1.00
2010.06.15 05:21:33.984,1.4733,1.47345,1.00,1.00
2010.06.15 05:21:49.954,1.4733,1.47345,1.00,1.00
2010.06.15 05:21:51.993,1.47335,1.47345,1.00,1.00
2010.06.15 05:21:52.114,1.47335,1.47345,1.00,1.00
2010.06.15 05:21:52.236,1.47335,1.47355,1.00,3.80
2010.06.15 05:21:52.354,1.4733,1.47355,3.40,6.20
2010.06.15 05:21:52.606,1.4733,1.4735,1.00,4.00
2010.06.15 05:21:52.854,1.4733,1.4735,1.00,4.20
2010.06.15 05:21:57.943,1.4733,1.4735,1.00,2.40
2010.06.15 05:21:58.094,1.4733,1.4735,1.80,2.40
2010.06.15 05:21:58.244,1.4733,1.47355,3.40,4.90
2010.06.15 05:21:58.393,1.4733,1.47355,3.40,6.30
2010.06.15 05:21:59.535,1.4733,1.47355,3.40,4.60
2010.06.15 05:22:00.014,1.4733,1.47355,5.00,4.60
2010.06.15 05:22:06.052,1.4733,1.47355,5.00,4.70
2010.06.15 05:22:08.764,1.47335,1.47355,1.00,4.70
2010.06.15 05:22:11.620,1.4733,1.47355,5.00,4.70
2010.06.15 05:22:16.316,1.4733,1.47355,3.40,4.70
2010.06.15 05:22:16.575,1.4733,1.47355,3.40,4.90
2010.06.15 05:22:16.725,1.4733,1.4735,2.60,1.60
2010.06.15 05:22:16.873,1.4733,1.4735,2.60,4.00
2010.06.15 05:22:17.027,1.4733,1.4735,1.00,4.20
2010.06.15 05:22:27.554,1.4733,1.47345,1.00,1.00
2010.06.15 05:22:27.814,1.4733,1.47345,1.00,1.00
2010.06.15 05:22:28.075,1.47325,1.47345,1.80,2.40
2010.06.15 05:22:28.215,1.47325,1.47345,1.00,5.70
2010.06.15 05:22:28.354,1.47325,1.47345,1.00,6.10
2010.06.15 05:22:28.639,1.47325,1.47345,1.00,6.90
2010.06.15 05:22:37.891,1.47325,1.47345,1.00,6.60
2010.06.15 05:22:46.980,1.47325,1.47345,1.00,5.80
2010.06.15 05:22:57.123,1.47325,1.47345,1.00,5.70
2010.06.15 05:23:01.804,1.4733,1.47345,1.00,5.40
2010.06.15 05:23:01.937,1.4733,1.47345,1.00,3.40
2010.06.15 05:23:02.065,1.47325,1.47345,2.10,2.40
2010.06.15 05:23:02.196,1.47325,1.4735,2.10,4.20
2010.06.15 05:23:02.325,1.47325,1.4735,3.70,5.00
2010.06.15 05:23:02.555,1.4733,1.4735,1.00,5.00
2010.06.15 05:23:02.906,1.4733,1.4735,1.00,4.20
2010.06.15 05:23:04.084,1.4733,1.4735,1.00,4.20
2010.06.15 05:23:04.224,1.4733,1.4735,1.70,2.60
2010.06.15 05:23:04.364,1.4733,1.4735,1.70,1.00
2010.06.15 05:23:04.503,1.4733,1.4735,3.40,1.00
2010.06.15 05:23:04.644,1.4733,1.4735,2.60,1.60
2010.06.15 05:23:04.784,1.4733,1.4735,2.60,4.00
2010.06.15 05:23:04.924,1.4733,1.4735,1.70,4.00
2010.06.15 05:23:05.144,1.4733,1.4735,1.70,4.20
2010.06.15 05:23:06.104,1.4733,1.4735,2.50,2.60
2010.06.15 05:23:06.444,1.4733,1.4735,2.90,1.00
2010.06.15 05:23:06.554,1.4733,1.4735,3.30,1.00
2010.06.15 05:23:06.662,1.4733,1.47355,3.30,5.00
2010.06.15 05:23:11.383,1.4733,1.47355,3.40,5.00
2010.06.15 05:23:11.513,1.4734,1.47355,1.00,5.00
2010.06.15 05:23:11.683,1.4734,1.47355,1.00,5.00
2010.06.15 05:23:11.933,1.4734,1.47355,1.00,5.00
2010.06.15 05:23:12.111,1.4733,1.47355,3.40,5.00
2010.06.15 05:23:12.453,1.4734,1.47355,1.00,5.00
2010.06.15 05:23:12.633,1.4734,1.47355,1.00,4.20
2010.06.15 05:23:13.184,1.4734,1.47355,1.00,2.60
2010.06.15 05:23:13.326,1.4734,1.47355,1.00,1.00
2010.06.15 05:23:13.384,1.4734,1.4736,1.00,8.30
2010.06.15 05:23:13.474,1.4734,1.4736,1.20,6.70
2010.06.15 05:23:13.503,1.4734,1.4736,2.00,6.70
2010.06.15 05:23:13.563,1.4734,1.4736,2.10,6.70
2010.06.15 05:23:13.594,1.4734,1.4736,2.10,4.00
2010.06.15 05:23:13.655,1.4734,1.4736,2.90,3.20
2010.06.15 05:23:13.714,1.4734,1.4736,2.90,1.00
2010.06.15 05:23:13.900,1.4734,1.4736,2.90,1.00
2010.06.15 05:23:16.931,1.4734,1.4736,2.80,1.00
2010.06.15 05:23:21.179,1.4734,1.4736,2.90,1.00
2010.06.15 05:23:22.583,1.4734,1.4736,2.90,1.00
2010.06.15 05:23:22.713,1.4734,1.4736,3.00,1.00
2010.06.15 05:23:25.543,1.4734,1.4736,3.80,1.00
2010.06.15 05:23:34.845,1.4734,1.4736,3.70,1.00
2010.06.15 05:23:35.025,1.4734,1.4736,3.30,1.00
2010.06.15 05:23:35.205,1.4734,1.4736,2.50,4.30
2010.06.15 05:23:35.385,1.4734,1.4736,1.00,4.30
2010.06.15 05:23:36.664,1.4734,1.4736,1.00,4.30
2010.06.15 05:23:36.833,1.4734,1.4736,1.00,4.30
2010.06.15 05:23:39.863,1.4734,1.4736,1.60,2.70
2010.06.15 05:23:40.035,1.4734,1.4736,1.60,1.00
2010.06.15 05:23:40.095,1.47345,1.4736,1.00,1.00
2010.06.15 05:23:40.154,1.47345,1.4736,1.00,1.00
2010.06.15 05:23:40.274,1.47345,1.4736,1.20,1.00
2010.06.15 05:23:40.550,1.47355,1.4737,1.60,1.00
2010.06.15 05:23:40.663,1.47355,1.4737,1.60,1.00
2010.06.15 05:23:41.006,1.4735,1.47375,3.30,4.20
2010.06.15 05:23:41.345,1.47355,1.47375,1.00,2.60
2010.06.15 05:23:41.685,1.47355,1.4738,1.20,6.80
2010.06.15 05:23:41.894,1.47355,1.47375,1.00,1.60
2010.06.15 05:23:42.004,1.4735,1.47375,5.70,1.80
2010.06.15 05:23:42.227,1.4735,1.47375,3.30,4.20
2010.06.15 05:23:42.657,1.4735,1.47375,3.30,5.00
2010.06.15 05:23:42.999,1.4735,1.47375,3.20,5.00
2010.06.15 05:23:46.336,1.4735,1.47375,2.40,5.80
2010.06.15 05:23:48.181,1.4735,1.47375,2.40,6.00
2010.06.15 05:23:48.445,1.4735,1.47375,2.40,6.20
2010.06.15 05:23:50.383,1.4735,1.47375,2.40,5.80
2010.06.15 05:23:50.893,1.4735,1.47375,2.40,6.00
2010.06.15 05:23:52.192,1.4735,1.47375,2.40,6.30
2010.06.15 05:23:52.553,1.4735,1.47375,2.40,6.50
2010.06.15 05:23:52.722,1.4735,1.47375,2.40,7.90
2010.06.15 05:24:02.227,1.4735,1.47375,2.40,7.60
2010.06.15 05:24:07.764,1.4735,1.47375,2.40,6.40
2010.06.15 05:24:08.043,1.4735,1.47375,2.40,7.20
2010.06.15 05:24:09.284,1.4735,1.47375,2.40,7.20
2010.06.15 05:24:09.484,1.4735,1.47375,2.40,6.10
2010.06.15 05:24:09.686,1.4735,1.47375,2.40,6.00
2010.06.15 05:24:09.903,1.4735,1.47375,2.40,6.00
2010.06.15 05:24:10.258,1.4735,1.47375,2.40,6.00
2010.06.15 05:24:10.574,1.4735,1.47375,2.40,6.80
2010.06.15 05:24:11.863,1.4735,1.47375,2.40,7.20
2010.06.15 05:24:12.201,1.4735,1.4737,1.60,1.00
2010.06.15 05:24:13.264,1.4735,1.47375,1.60,8.80
2010.06.15 05:24:13.606,1.47355,1.47375,1.20,3.40
2010.06.15 05:24:13.948,1.4736,1.4738,1.00,4.40
2010.06.15 05:24:14.297,1.47365,1.4738,1.60,1.00
2010.06.15 05:24:14.599,1.4737,1.47385,1.20,1.00
2010.06.15 05:24:14.959,1.4737,1.47385,2.80,1.00
2010.06.15 05:24:15.270,1.47375,1.474,1.60,6.80
2010.06.15 05:24:16.815,1.47375,1.47395,1.60,1.00
2010.06.15 05:24:18.822,1.47375,1.47395,2.40,1.00
2010.06.15 05:24:21.884,1.47375,1.474,2.40,6.00
2010.06.15 05:24:22.093,1.47375,1.47395,2.40,1.00
2010.06.15 05:24:22.303,1.47375,1.47395,2.40,1.20
2010.06.15 05:24:24.350,1.47375,1.47395,2.40,1.20
2010.06.15 05:24:24.833,1.47375,1.47395,2.40,1.00
2010.06.15 05:24:28.864,1.47375,1.47395,2.40,1.00
2010.06.15 05:24:29.082,1.47375,1.474,2.40,5.80
2010.06.15 05:24:34.201,1.47375,1.474,2.40,5.60
2010.06.15 05:24:34.813,1.47375,1.47395,2.40,1.00
2010.06.15 05:24:34.888,1.47375,1.47395,2.40,1.00
2010.06.15 05:24:34.954,1.47375,1.47395,2.40,1.20
2010.06.15 05:24:39.644,1.47375,1.47395,2.40,1.00
2010.06.15 05:24:39.803,1.47375,1.47395,2.40,1.00
2010.06.15 05:24:39.978,1.47375,1.47395,2.40,1.00
2010.06.15 05:24:40.133,1.47375,1.474,2.40,5.60
2010.06.15 05:24:41.093,1.47375,1.47395,2.40,1.00
2010.06.15 05:24:41.324,1.47375,1.47395,2.40,1.00
2010.06.15 05:24:47.903,1.47375,1.47395,2.40,1.00
2010.06.15 05:24:48.163,1.47375,1.474,2.40,5.60
2010.06.15 05:24:48.484,1.47375,1.474,2.40,5.70
2010.06.15 05:24:57.178,1.4738,1.474,1.50,1.00
2010.06.15 05:24:57.483,1.4738,1.47405,1.50,7.00
2010.06.15 05:24:57.586,1.47385,1.47405,1.50,4.40
2010.06.15 05:24:57.635,1.47385,1.47405,1.50,4.20
2010.06.15 05:24:57.739,1.47385,1.47405,2.30,4.20
2010.06.15 05:24:57.797,1.47385,1.47405,3.90,2.40
2010.06.15 05:24:57.845,1.47385,1.4741,3.90,7.60
2010.06.15 05:24:57.895,1.4739,1.4741,1.00,3.60
2010.06.15 05:24:58.237,1.4739,1.47415,3.10,9.60
2010.06.15 05:24:58.739,1.4739,1.47415,3.10,7.20
2010.06.15 05:25:02.974,1.47395,1.47415,1.00,7.20
2010.06.15 05:25:03.125,1.47405,1.47415,1.00,1.60
2010.06.15 05:25:03.276,1.47405,1.47415,1.50,1.00
2010.06.15 05:25:03.426,1.474,1.47415,4.80,1.00
2010.06.15 05:25:03.576,1.474,1.47415,1.60,1.00
2010.06.15 05:25:03.725,1.474,1.4742,1.20,3.40
2010.06.15 05:25:03.949,1.474,1.4742,1.20,2.60
2010.06.15 05:25:05.482,1.474,1.4742,1.20,2.60
2010.06.15 05:25:05.583,1.474,1.4742,1.20,2.60
2010.06.15 05:25:07.943,1.474,1.4742,1.20,5.00
2010.06.15 05:25:07.978,1.47395,1.4742,3.20,5.00
2010.06.15 05:25:08.425,1.47395,1.47415,3.20,1.00
2010.06.15 05:25:08.765,1.47395,1.47415,2.40,1.00
2010.06.15 05:25:18.207,1.47395,1.47415,2.40,1.00
2010.06.15 05:25:18.453,1.47395,1.47415,4.80,1.00
2010.06.15 05:25:18.523,1.474,1.47415,1.00,1.00
2010.06.15 05:25:18.595,1.474,1.47415,1.50,1.00
2010.06.15 05:25:18.994,1.474,1.47415,1.00,1.00
2010.06.15 05:25:19.068,1.47395,1.4742,5.10,2.60
2010.06.15 05:25:19.133,1.47395,1.4742,4.30,2.80
2010.06.15 05:25:19.204,1.47395,1.4742,1.90,5.20
2010.06.15 05:25:19.515,1.47395,1.4742,1.90,6.00
2010.06.15 05:25:20.890,1.47395,1.47415,1.90,1.00
2010.06.15 05:25:20.984,1.47395,1.47415,1.90,1.00
2010.06.15 05:25:22.033,1.47395,1.47415,2.30,1.00
2010.06.15 05:25:30.857,1.47395,1.47415,2.30,1.00
2010.06.15 05:25:31.094,1.47395,1.47415,2.30,3.20
2010.06.15 05:25:31.265,1.47395,1.47415,2.30,4.00
2010.06.15 05:25:31.755,1.47395,1.47415,2.30,4.80
2010.06.15 05:25:36.153,1.47395,1.47415,2.30,4.80
2010.06.15 05:25:38.143,1.47395,1.47415,2.30,4.80
2010.06.15 05:25:38.408,1.47395,1.47415,2.30,4.80
2010.06.15 05:25:38.607,1.47395,1.47415,2.30,5.10
2010.06.15 05:25:38.697,1.47395,1.47415,2.30,6.30
2010.06.15 05:25:41.200,1.47395,1.47415,2.30,6.20
2010.06.15 05:25:41.543,1.47395,1.47415,2.30,5.00
2010.06.15 05:25:42.043,1.47395,1.47415,2.30,6.20
2010.06.15 05:25:42.632,1.47395,1.47415,2.30,6.40
2010.06.15 05:25:45.975,1.47395,1.47415,2.30,6.20
2010.06.15 05:25:46.225,1.47395,1.47415,2.30,5.80
2010.06.15 05:25:46.475,1.47395,1.47415,2.30,5.60
2010.06.15 05:25:46.725,1.47395,1.47415,2.30,4.80
2010.06.15 05:25:47.015,1.47395,1.47415,2.30,4.60
2010.06.15 05:25:47.304,1.47395,1.47415,2.30,4.80
2010.06.15 05:25:49.438,1.47395,1.47415,2.30,4.80
2010.06.15 05:25:51.704,1.47395,1.47415,2.30,4.80
2010.06.15 05:25:53.287,1.474,1.47415,1.00,4.80
2010.06.15 05:25:53.474,1.474,1.47415,1.50,4.50
2010.06.15 05:25:53.574,1.474,1.47415,1.00,2.10
2010.06.15 05:25:53.675,1.47395,1.47415,1.50,4.80
2010.06.15 05:25:55.024,1.47395,1.47415,1.50,4.80
2010.06.15 05:25:56.805,1.47395,1.47415,1.50,4.80
2010.06.15 05:26:01.447,1.47395,1.4741,1.50,1.00
2010.06.15 05:26:04.085,1.47395,1.47415,1.50,4.80
2010.06.15 05:26:16.654,1.47395,1.47415,1.50,4.80
2010.06.15 05:26:18.763,1.47395,1.47415,1.50,4.80
2010.06.15 05:26:21.783,1.47395,1.47415,1.50,4.80
2010.06.15 05:26:23.743,1.47395,1.47415,1.50,4.80
2010.06.15 05:26:25.673,1.47395,1.47415,1.50,5.60
2010.06.15 05:26:25.834,1.47395,1.47415,1.50,5.60
2010.06.15 05:26:26.764,1.47395,1.47415,1.50,5.60
2010.06.15 05:26:27.011,1.47395,1.47415,1.50,5.40
2010.06.15 05:26:27.284,1.47395,1.47415,1.50,4.40
2010.06.15 05:26:27.563,1.47395,1.47415,1.50,4.60
2010.06.15 05:26:27.843,1.47395,1.47415,1.50,4.80
2010.06.15 05:26:28.113,1.47395,1.47415,1.50,5.60
2010.06.15 05:26:29.431,1.47395,1.47415,1.50,4.80
2010.06.15 05:26:30.183,1.47395,1.47415,1.50,5.60
2010.06.15 05:26:34.350,1.47395,1.47415,1.50,5.80
2010.06.15 05:26:34.594,1.47395,1.47415,1.50,5.40
2010.06.15 05:26:35.414,1.47395,1.47415,1.50,6.20
2010.06.15 05:26:36.263,1.47395,1.47415,1.50,6.40
2010.06.15 05:26:39.503,1.47395,1.47415,1.50,6.70
2010.06.15 05:26:39.786,1.47395,1.47405,1.00,1.00
2010.06.15 05:26:39.843,1.47395,1.47405,1.00,1.00
2010.06.15 05:26:39.954,1.47395,1.47405,1.00,1.00
2010.06.15 05:26:40.014,1.4739,1.47405,1.50,1.00
2010.06.15 05:26:40.746,1.4739,1.47405,1.50,1.00
2010.06.15 05:26:41.886,1.4739,1.47405,1.50,1.00
2010.06.15 05:26:44.774,1.4739,1.47415,1.50,6.40
2010.06.15 05:26:44.903,1.47395,1.47415,1.50,4.80
2010.06.15 05:26:45.035,1.47395,1.47415,1.50,4.00
2010.06.15 05:26:46.559,1.474,1.47415,1.00,4.00
2010.06.15 05:26:46.737,1.474,1.47415,1.50,1.00
2010.06.15 05:26:47.074,1.474,1.47415,1.50,1.00
2010.06.15 05:26:49.063,1.474,1.47415,1.50,1.00
2010.06.15 05:26:49.405,1.474,1.4742,1.50,3.40
2010.06.15 05:26:54.483,1.474,1.4742,1.50,3.20
2010.06.15 05:27:08.455,1.474,1.4742,1.50,2.40
2010.06.15 05:27:08.783,1.47405,1.47425,1.00,10.10
2010.06.15 05:27:08.911,1.47405,1.47425,1.50,4.40
2010.06.15 05:27:09.258,1.47405,1.47425,2.30,1.60
2010.06.15 05:27:15.267,1.4741,1.47425,1.50,1.60
2010.06.15 05:27:15.320,1.4741,1.47425,3.10,1.60
2010.06.15 05:27:15.378,1.4741,1.47425,3.10,1.00
2010.06.15 05:27:15.689,1.4741,1.47435,3.10,7.20
2010.06.15 05:27:16.736,1.4741,1.47435,3.10,6.80
2010.06.15 05:27:18.750,1.4741,1.47435,3.10,5.20
2010.06.15 05:27:19.037,1.47415,1.47435,1.00,6.00
2010.06.15 05:27:21.958,1.4741,1.47435,3.10,6.00
2010.06.15 05:27:23.012,1.4741,1.47435,7.10,3.50
2010.06.15 05:27:23.354,1.47415,1.47435,1.00,3.50
2010.06.15 05:27:24.574,1.47415,1.47435,1.00,4.30
2010.06.15 05:27:29.128,1.47415,1.47435,1.00,4.60
2010.06.15 05:27:29.468,1.47415,1.47435,1.00,5.60
2010.06.15 05:27:29.779,1.47415,1.47435,1.00,5.20
2010.06.15 05:27:30.086,1.47415,1.47435,1.00,4.30
2010.06.15 05:27:33.120,1.47415,1.47435,1.00,6.90
2010.06.15 05:27:33.470,1.47415,1.47435,1.00,8.00
2010.06.15 05:27:34.156,1.47415,1.47435,1.00,6.80
2010.06.15 05:27:38.875,1.47415,1.47435,1.00,7.00
2010.06.15 05:27:38.967,1.47415,1.47435,1.00,7.80
2010.06.15 05:27:40.524,1.47415,1.47435,1.00,7.00
2010.06.15 05:27:40.867,1.47415,1.47435,1.00,6.80
2010.06.15 05:27:43.431,1.4741,1.47435,3.10,7.60
2010.06.15 05:27:43.973,1.4741,1.47435,3.10,7.40
2010.06.15 05:27:45.177,1.47415,1.47435,1.00,5.80
2010.06.15 05:27:45.357,1.47415,1.47435,1.50,5.80
2010.06.15 05:27:45.496,1.47415,1.47435,1.50,3.10
2010.06.15 05:27:46.264,1.47415,1.47435,1.00,5.00
2010.06.15 05:27:46.576,1.4741,1.47435,3.10,6.60
2010.06.15 05:27:52.734,1.4741,1.47425,3.10,1.00
2010.06.15 05:27:53.785,1.47415,1.47425,1.00,1.00
2010.06.15 05:27:54.088,1.47425,1.4744,1.00,7.60
2010.06.15 05:27:54.388,1.4743,1.4745,1.50,1.00
2010.06.15 05:27:54.689,1.47435,1.4745,1.00,1.00
2010.06.15 05:27:55.119,1.47445,1.4745,1.00,1.00
2010.06.15 05:27:55.464,1.4745,1.47465,1.50,1.00
2010.06.15 05:27:55.814,1.4746,1.47475,1.50,1.20
2010.06.15 05:27:56.161,1.47465,1.47475,1.50,1.00
2010.06.15 05:27:56.509,1.4747,1.47475,1.00,1.00
2010.06.15 05:27:57.010,1.47475,1.47485,1.50,1.00
2010.06.15 05:27:57.363,1.4748,1.47495,1.50,1.00
2010.06.15 05:27:57.710,1.4748,1.475,2.30,1.00
2010.06.15 05:27:58.057,1.4748,1.475,2.30,1.00
2010.06.15 05:27:58.397,1.4748,1.4749,1.50,1.60
2010.06.15 05:27:58.738,1.47465,1.47485,1.60,4.20
2010.06.15 05:27:59.088,1.4746,1.4748,1.00,4.20
2010.06.15 05:28:06.945,1.47455,1.47475,3.10,1.00
2010.06.15 05:28:07.135,1.47455,1.47465,3.10,1.00
2010.06.15 05:28:07.479,1.47455,1.47475,3.10,1.00
2010.06.15 05:28:07.677,1.47455,1.4747,1.60,1.00
2010.06.15 05:28:07.850,1.47455,1.47465,1.00,1.00
2010.06.15 05:28:08.020,1.4745,1.47465,1.00,1.00
2010.06.15 05:28:08.189,1.47445,1.47465,3.90,1.00
2010.06.15 05:28:11.625,1.4745,1.4747,1.00,3.40
2010.06.15 05:28:11.958,1.4745,1.47465,1.00,1.00
2010.06.15 05:28:12.262,1.47445,1.47465,3.10,1.00
2010.06.15 05:28:15.644,1.47445,1.47465,2.30,1.00
2010.06.15 05:28:17.298,1.4744,1.47455,3.10,1.20
2010.06.15 05:28:17.487,1.4744,1.47455,3.10,1.60
2010.06.15 05:28:17.755,1.4744,1.47455,2.30,1.60
2010.06.15 05:28:17.944,1.4744,1.47455,2.30,2.80
2010.06.15 05:28:19.344,1.4744,1.47455,1.00,2.80
2010.06.15 05:28:20.275,1.4744,1.47455,1.00,1.60
2010.06.15 05:28:21.285,1.4744,1.47455,1.00,2.80
2010.06.15 05:28:22.569,1.47435,1.47445,1.00,1.00
2010.06.15 05:28:22.695,1.4743,1.47445,8.00,1.00
2010.06.15 05:28:22.825,1.4743,1.47445,4.00,1.00
2010.06.15 05:28:22.954,1.4743,1.47445,1.60,1.00
2010.06.15 05:28:23.204,1.4743,1.47445,1.00,1.00
2010.06.15 05:28:25.084,1.47425,1.47445,7.60,1.00
2010.06.15 05:28:25.197,1.47425,1.47445,4.40,1.00
2010.06.15 05:28:25.307,1.47425,1.47445,3.60,1.40
2010.06.15 05:28:25.419,1.47425,1.47445,1.00,1.40
2010.06.15 05:28:25.724,1.47425,1.47445,1.00,2.20
2010.06.15 05:28:26.056,1.47425,1.47445,1.00,3.50
2010.06.15 05:28:26.707,1.47425,1.47445,1.00,3.60
2010.06.15 05:28:27.354,1.47425,1.47435,1.00,1.00
2010.06.15 05:28:27.494,1.47425,1.47435,1.00,1.00
2010.06.15 05:28:29.523,1.47425,1.47435,1.20,1.00
2010.06.15 05:28:31.537,1.47425,1.47435,1.20,1.00
2010.06.15 05:28:33.650,1.47415,1.4742,6.70,1.00
2010.06.15 05:28:34.000,1.4741,1.4742,3.20,1.00
2010.06.15 05:28:34.471,1.47395,1.47415,1.90,1.00
2010.06.15 05:28:34.777,1.47395,1.47415,1.10,1.60
2010.06.15 05:28:38.919,1.474,1.4742,1.60,2.40
2010.06.15 05:28:39.200,1.474,1.47415,1.00,1.00
2010.06.15 05:28:39.636,1.474,1.47415,1.60,1.20
2010.06.15 05:28:39.976,1.474,1.47415,1.60,1.00
2010.06.15 05:28:41.995,1.474,1.47415,1.00,1.20
2010.06.15 05:28:42.205,1.47395,1.47415,1.70,1.20
2010.06.15 05:28:42.416,1.47395,1.4741,1.00,1.00
2010.06.15 05:28:42.627,1.47395,1.4741,1.00,1.00
2010.06.15 05:28:43.187,1.47395,1.4741,1.00,3.20
2010.06.15 05:28:43.394,1.4739,1.47405,1.60,1.00
2010.06.15 05:28:43.599,1.4739,1.4741,1.60,1.60
2010.06.15 05:28:47.554,1.4739,1.4741,1.60,1.00
2010.06.15 05:28:48.193,1.4739,1.47405,1.60,1.00
2010.06.15 05:28:48.383,1.4739,1.47405,1.60,1.00
2010.06.15 05:28:48.464,1.4739,1.47405,1.60,1.00
2010.06.15 05:28:50.404,1.4739,1.47405,1.60,1.00
2010.06.15 05:28:50.778,1.4739,1.4741,1.60,2.60
2010.06.15 05:28:50.960,1.4739,1.4741,1.60,2.40
2010.06.15 05:28:55.242,1.4739,1.4741,1.60,2.60
2010.06.15 05:28:55.878,1.474,1.4741,1.20,1.00
2010.06.15 05:28:56.160,1.474,1.47405,2.40,1.00
2010.06.15 05:28:56.439,1.4739,1.4741,2.00,1.00
2010.06.15 05:28:56.718,1.4739,1.4741,1.60,1.60
2010.06.15 05:28:56.997,1.4739,1.4741,1.60,2.40
2010.06.15 05:28:59.884,1.4739,1.4741,1.60,1.60
2010.06.15 05:29:00.065,1.4739,1.47405,1.00,1.00
2010.06.15 05:29:00.433,1.47385,1.47405,1.60,1.00
2010.06.15 05:29:00.794,1.47385,1.47405,1.60,1.60
2010.06.15 05:29:01.476,1.47385,1.47405,1.60,2.80
2010.06.15 05:29:01.962,1.47385,1.47405,1.60,3.20
2010.06.15 05:29:02.173,1.4739,1.47405,1.20,2.40
2010.06.15 05:29:02.381,1.47395,1.474,1.00,1.00
2010.06.15 05:29:02.591,1.4739,1.47405,2.40,4.40
2010.06.15 05:29:02.801,1.4739,1.47405,1.00,1.00
2010.06.15 05:29:03.149,1.47385,1.47405,2.40,1.00
2010.06.15 05:29:05.226,1.47395,1.4741,1.00,4.20
2010.06.15 05:29:05.469,1.47395,1.4741,1.60,4.20
2010.06.15 05:29:05.583,1.47395,1.4741,1.60,1.00
2010.06.15 05:29:07.836,1.47395,1.4741,1.00,1.60
2010.06.15 05:29:08.005,1.4739,1.4741,3.20,1.60
2010.06.15 05:29:08.179,1.4739,1.4741,4.00,1.00
2010.06.15 05:29:08.346,1.4739,1.4741,3.20,1.00
2010.06.15 05:29:09.815,1.4739,1.4741,5.60,1.00
2010.06.15 05:29:09.914,1.47395,1.47415,1.00,3.00
2010.06.15 05:29:10.016,1.47395,1.47415,1.00,2.00
2010.06.15 05:29:10.117,1.474,1.47415,1.00,1.00
2010.06.15 05:29:10.316,1.47405,1.4742,1.00,1.00
2010.06.15 05:29:10.597,1.47405,1.4742,1.60,1.00
2010.06.15 05:29:10.698,1.47405,1.47425,1.60,2.70
2010.06.15 05:29:12.592,1.47405,1.47425,1.60,2.50
2010.06.15 05:29:14.584,1.47405,1.47425,1.60,2.60
2010.06.15 05:29:20.797,1.47405,1.47425,1.60,1.80
2010.06.15 05:29:20.905,1.47405,1.47425,1.60,1.70
2010.06.15 05:29:21.447,1.47405,1.47425,1.60,1.00
2010.06.15 05:29:21.715,1.47405,1.47425,1.60,1.20
2010.06.15 05:29:24.620,1.47405,1.47425,1.60,1.00
2010.06.15 05:29:24.726,1.47405,1.47425,1.60,1.00
2010.06.15 05:29:26.459,1.4741,1.4743,1.00,5.00
2010.06.15 05:29:26.611,1.4741,1.4743,1.60,1.80
2010.06.15 05:29:26.919,1.4741,1.4743,2.40,1.60
2010.06.15 05:29:27.071,1.4741,1.4743,2.40,1.00
2010.06.15 05:29:29.839,1.4741,1.4743,3.20,1.00
2010.06.15 05:29:30.414,1.4741,1.4743,2.40,1.00
2010.06.15 05:29:34.027,1.4741,1.4743,2.40,1.00
2010.06.15 05:29:38.455,1.47415,1.4743,1.00,1.00
2010.06.15 05:29:38.905,1.47415,1.4743,1.60,1.00
2010.06.15 05:29:39.971,1.4742,1.4743,1.00,1.00
2010.06.15 05:29:40.381,1.47425,1.47435,1.60,1.00
2010.06.15 05:29:40.698,1.47425,1.4744,1.60,1.00
2010.06.15 05:29:42.348,1.47425,1.4744,1.60,1.00
2010.06.15 05:29:42.779,1.47425,1.4744,1.60,1.00
2010.06.15 05:29:42.947,1.47425,1.47445,1.60,4.00
2010.06.15 05:29:43.193,1.47425,1.47445,1.60,3.70
2010.06.15 05:29:43.875,1.47425,1.47445,1.60,2.60
2010.06.15 05:29:44.216,1.4743,1.47445,1.00,1.00
2010.06.15 05:29:44.438,1.4743,1.47445,1.60,1.00
2010.06.15 05:29:44.656,1.4743,1.4745,1.60,2.50
2010.06.15 05:29:45.815,1.47425,1.47445,3.60,1.00
2010.06.15 05:29:45.984,1.47425,1.47445,2.40,1.40
2010.06.15 05:29:46.152,1.47425,1.47445,2.40,1.30
2010.06.15 05:29:46.373,1.4743,1.47445,1.00,1.00
2010.06.15 05:29:46.724,1.4743,1.47445,1.60,1.00
2010.06.15 05:29:47.747,1.4743,1.47445,1.00,1.00
2010.06.15 05:29:48.088,1.47425,1.47445,2.40,1.00
2010.06.15 05:29:51.258,1.47425,1.47445,3.20,1.00
2010.06.15 05:29:52.136,1.47425,1.47445,3.20,1.00
2010.06.15 05:29:52.457,1.47425,1.47445,3.20,1.20
2010.06.15 05:29:54.440,1.47435,1.47445,1.60,1.00
2010.06.15 05:29:54.733,1.4744,1.47455,1.00,1.00
2010.06.15 05:29:55.022,1.4744,1.47455,1.00,2.60
2010.06.15 05:29:55.358,1.47435,1.4745,1.60,1.00
2010.06.15 05:29:55.847,1.4743,1.4745,4.00,1.60
2010.06.15 05:29:56.996,1.4743,1.47445,3.20,1.20
2010.06.15 05:29:57.179,1.4743,1.47445,1.00,1.00
2010.06.15 05:29:57.425,1.4743,1.47445,1.00,1.00
2010.06.15 05:29:57.616,1.47425,1.47445,4.00,2.50
2010.06.15 05:29:59.515,1.47425,1.47435,4.00,1.00
2010.06.15 05:29:59.725,1.47425,1.47435,4.00,1.00
2010.06.15 05:29:59.938,1.47425,1.47445,4.00,3.70
2010.06.15 05:30:00.988,1.4743,1.47445,1.20,1.00
2010.06.15 05:30:01.338,1.4743,1.47445,2.00,1.00
2010.06.15 05:30:01.659,1.47435,1.47445,1.20,1.00
2010.06.15 05:30:01.978,1.4744,1.47455,1.20,1.20
2010.06.15 05:30:02.299,1.4744,1.47455,1.20,1.00
2010.06.15 05:30:02.526,1.47445,1.47455,1.00,1.00
2010.06.15 05:30:02.760,1.47445,1.47455,1.00,1.00
2010.06.15 05:30:02.992,1.4745,1.4746,1.60,1.00
2010.06.15 05:30:03.710,1.4745,1.47465,1.20,1.50
2010.06.15 05:30:03.986,1.4745,1.4746,1.20,1.00
2010.06.15 05:30:04.263,1.47445,1.47465,1.60,3.40
2010.06.15 05:30:05.505,1.47445,1.47465,1.60,3.20
2010.06.15 05:30:05.825,1.4744,1.4746,3.20,1.00
2010.06.15 05:30:10.694,1.4744,1.4746,3.20,1.00
2010.06.15 05:30:10.918,1.4744,1.4746,3.20,1.00
2010.06.15 05:30:15.356,1.4744,1.4746,2.40,1.60
2010.06.15 05:30:15.424,1.4744,1.4746,2.40,1.70
2010.06.15 05:30:15.497,1.4744,1.4746,2.40,4.10
2010.06.15 05:30:15.566,1.4744,1.4746,2.40,4.40
2010.06.15 05:30:15.635,1.4744,1.47455,2.40,1.00
2010.06.15 05:30:16.198,1.4743,1.4745,2.40,1.00
2010.06.15 05:30:16.544,1.47425,1.4744,1.20,1.00
2010.06.15 05:30:16.891,1.4742,1.4744,1.60,1.00
2010.06.15 05:30:17.242,1.4742,1.4744,1.60,1.80
2010.06.15 05:30:17.586,1.4742,1.4744,1.00,5.80
2010.06.15 05:30:18.061,1.4742,1.4744,1.20,5.60
2010.06.15 05:30:18.403,1.4742,1.4744,3.60,1.00
2010.06.15 05:30:18.738,1.4742,1.4744,5.20,1.00
2010.06.15 05:30:19.079,1.47425,1.47445,1.00,3.00
2010.06.15 05:30:19.522,1.4743,1.47445,1.00,1.00
2010.06.15 05:30:19.804,1.47425,1.4744,1.00,1.00
2010.06.15 05:30:20.080,1.4742,1.4744,2.40,1.00
2010.06.15 05:30:20.425,1.4742,1.4744,1.60,1.00
2010.06.15 05:30:21.106,1.47425,1.47445,1.00,6.40
2010.06.15 05:30:21.278,1.4743,1.47445,1.00,1.90
2010.06.15 05:30:21.618,1.4743,1.47445,1.20,1.00
2010.06.15 05:30:22.740,1.4743,1.4745,1.20,4.40
2010.06.15 05:30:22.979,1.4743,1.4745,1.60,1.70
2010.06.15 05:30:23.562,1.4743,1.47445,1.60,1.00
2010.06.15 05:30:23.908,1.4743,1.47445,1.60,1.00
2010.06.15 05:30:27.818,1.4743,1.47445,1.00,1.20
2010.06.15 05:30:28.149,1.47425,1.47445,1.60,1.20
2010.06.15 05:30:28.176,1.47425,1.47445,1.60,1.20
2010.06.15 05:30:31.485,1.47435,1.47445,1.00,1.00
2010.06.15 05:30:31.617,1.4743,1.47445,3.60,1.00
2010.06.15 05:30:31.748,1.47435,1.47445,1.00,1.00
2010.06.15 05:30:31.878,1.4743,1.4745,4.00,1.00
2010.06.15 05:30:32.006,1.4743,1.4745,2.40,2.40
2010.06.15 05:30:32.136,1.4743,1.4745,2.40,4.80
2010.06.15 05:30:32.267,1.4743,1.4745,2.40,4.00
2010.06.15 05:30:32.606,1.47425,1.47445,2.80,1.00
2010.06.15 05:30:32.944,1.47425,1.47445,2.40,1.00
2010.06.15 05:30:33.625,1.47425,1.4744,1.60,1.00
2010.06.15 05:30:33.864,1.4742,1.4744,4.80,1.00
2010.06.15 05:30:33.986,1.4742,1.4744,3.20,1.00
2010.06.15 05:30:34.104,1.4742,1.4744,2.40,1.00
2010.06.15 05:30:36.515,1.4742,1.4744,4.80,1.00
2010.06.15 05:30:36.655,1.47425,1.47445,1.00,3.20
2010.06.15 05:30:36.794,1.47425,1.47445,1.20,3.20
2010.06.15 05:30:36.934,1.47425,1.47445,1.20,2.90
2010.06.15 05:30:37.315,1.47425,1.47445,1.20,2.10
2010.06.15 05:30:38.036,1.4743,1.47445,1.20,1.20
2010.06.15 05:30:38.340,1.4743,1.47445,1.20,1.00
2010.06.15 05:30:38.463,1.47435,1.4745,1.00,5.20
2010.06.15 05:30:38.580,1.4743,1.4745,1.60,1.00
2010.06.15 05:30:38.697,1.47435,1.4745,1.00,1.00
2010.06.15 05:30:38.815,1.47435,1.4745,1.20,1.00
2010.06.15 05:30:39.465,1.47435,1.4745,1.60,1.00
2010.06.15 05:30:45.225,1.47435,1.4745,1.00,1.00
2010.06.15 05:30:45.303,1.4743,1.4745,2.40,1.00
2010.06.15 05:30:45.374,1.47435,1.4745,1.00,1.00
2010.06.15 05:30:45.453,1.47435,1.4745,1.20,1.00
2010.06.15 05:30:47.335,1.4743,1.4744,1.00,1.00
2010.06.15 05:30:47.435,1.4743,1.47445,1.00,2.60
2010.06.15 05:30:47.535,1.4743,1.47445,1.20,1.00
2010.06.15 05:30:47.635,1.47435,1.4745,1.00,7.60
2010.06.15 05:30:47.735,1.47435,1.4745,1.00,3.60
2010.06.15 05:30:47.837,1.47435,1.4745,1.00,1.70
2010.06.15 05:30:48.061,1.47435,1.4745,1.20,1.70
2010.06.15 05:30:48.158,1.47435,1.4745,1.20,1.00
2010.06.15 05:30:48.256,1.47435,1.4745,1.60,1.00
2010.06.15 05:30:52.166,1.47435,1.4745,1.00,1.00
2010.06.15 05:30:52.335,1.4743,1.4745,2.00,4.10
2010.06.15 05:30:52.508,1.4743,1.47445,1.00,1.00
2010.06.15 05:30:52.674,1.47425,1.47445,2.40,1.00
2010.06.15 05:30:52.846,1.47425,1.47445,2.40,1.30
2010.06.15 05:30:53.865,1.47425,1.47445,1.60,1.30
2010.06.15 05:30:54.855,1.47425,1.47445,1.60,2.10
2010.06.15 05:30:56.844,1.47425,1.47445,1.60,2.00
2010.06.15 05:30:57.825,1.4743,1.47445,1.00,1.00
2010.06.15 05:30:58.016,1.4743,1.47445,1.20,1.00
2010.06.15 05:30:58.385,1.4743,1.4745,1.20,2.50
2010.06.15 05:30:59.494,1.4743,1.4745,1.20,1.70
2010.06.15 05:30:59.805,1.4743,1.4745,1.20,1.60
2010.06.15 05:31:05.983,1.4743,1.4745,1.20,1.00
2010.06.15 05:31:19.507,1.4743,1.4745,2.00,1.00
2010.06.15 05:31:23.595,1.4743,1.4745,2.00,1.00
2010.06.15 05:31:23.805,1.4743,1.4745,1.20,3.30
2010.06.15 05:31:24.016,1.4743,1.4745,1.20,1.00
2010.06.15 05:31:24.225,1.4743,1.4745,2.80,1.00
2010.06.15 05:31:32.696,1.4743,1.4745,2.40,1.00
2010.06.15 05:31:33.364,1.4743,1.4745,1.60,1.00
2010.06.15 05:31:33.726,1.4743,1.4745,1.00,3.30
2010.06.15 05:31:34.245,1.4743,1.4745,1.00,1.00
2010.06.15 05:31:35.714,1.4743,1.4745,1.00,3.30
2010.06.15 05:31:35.929,1.4743,1.4745,1.00,1.00
2010.06.15 05:31:39.195,1.4743,1.4745,1.60,1.00
2010.06.15 05:31:39.283,1.4743,1.4745,1.60,1.00
2010.06.15 05:31:44.035,1.4743,1.4745,1.60,1.00
2010.06.15 05:31:58.143,1.4743,1.4745,1.00,1.00
2010.06.15 05:32:04.728,1.4743,1.4745,1.00,1.00
2010.06.15 05:32:26.563,1.4743,1.4745,1.20,1.00
2010.06.15 05:32:29.370,1.4743,1.4745,1.20,1.00
2010.06.15 05:32:29.844,1.4743,1.4745,1.20,3.30
2010.06.15 05:32:30.041,1.4743,1.47445,1.00,1.00
2010.06.15 05:32:30.229,1.4743,1.47445,1.00,1.20
2010.06.15 05:32:30.288,1.47425,1.47445,2.40,1.40
2010.06.15 05:32:30.632,1.47425,1.47445,1.60,1.60
2010.06.15 05:32:33.778,1.47425,1.47445,1.60,3.20
2010.06.15 05:32:34.118,1.47425,1.47445,1.60,3.40
2010.06.15 05:32:34.458,1.47425,1.47445,1.60,4.00
2010.06.15 05:32:34.782,1.4742,1.47425,1.20,1.00
2010.06.15 05:32:35.114,1.4741,1.4742,4.00,1.00
2010.06.15 05:32:35.556,1.47405,1.4741,1.10,1.00
2010.06.15 05:32:35.904,1.4739,1.47405,1.50,1.00
2010.06.15 05:32:36.409,1.4738,1.474,4.70,1.00
2010.06.15 05:32:36.760,1.4738,1.474,3.10,1.00
2010.06.15 05:32:37.787,1.4738,1.474,3.10,3.20
2010.06.15 05:32:37.937,1.4738,1.474,2.30,4.00
2010.06.15 05:32:39.851,1.47375,1.47395,2.30,1.20
2010.06.15 05:32:40.161,1.4737,1.47385,1.00,1.20
2010.06.15 05:32:40.486,1.47365,1.47385,5.50,1.20
2010.06.15 05:32:40.796,1.47365,1.47385,3.10,3.60
2010.06.15 05:32:41.072,1.47365,1.47385,2.40,1.50
2010.06.15 05:32:41.353,1.47365,1.47385,3.10,1.40
2010.06.15 05:32:41.765,1.4737,1.4739,1.00,4.00
2010.06.15 05:32:42.114,1.4737,1.4739,1.50,1.60
2010.06.15 05:32:42.460,1.4737,1.4739,1.50,1.00
2010.06.15 05:32:42.955,1.4737,1.4739,2.30,1.00
2010.06.15 05:32:44.612,1.4738,1.47395,1.00,3.20
2010.06.15 05:32:44.930,1.4739,1.47405,3.20,2.40
2010.06.15 05:32:45.251,1.4739,1.4741,3.90,1.60
2010.06.15 05:32:46.190,1.47395,1.4741,1.00,1.00
2010.06.15 05:32:46.539,1.474,1.47415,1.50,2.00
2010.06.15 05:32:46.991,1.47405,1.47415,1.00,1.00
2010.06.15 05:32:47.343,1.47405,1.47425,1.50,4.90
2010.06.15 05:32:48.189,1.47405,1.4742,1.00,1.00
2010.06.15 05:32:48.544,1.474,1.4742,1.50,1.00
2010.06.15 05:32:48.769,1.474,1.4742,1.50,3.30
2010.06.15 05:32:48.990,1.474,1.4742,1.50,4.10
2010.06.15 05:32:49.540,1.474,1.47415,1.00,1.00
2010.06.15 05:32:49.872,1.4739,1.4741,2.30,1.60
2010.06.15 05:32:50.202,1.4739,1.4741,2.30,4.00
2010.06.15 05:32:50.547,1.4739,1.4741,2.30,4.10
2010.06.15 05:32:52.226,1.4739,1.4741,2.30,4.00
2010.06.15 05:32:58.596,1.4739,1.4741,2.30,1.60
2010.06.15 05:32:58.775,1.4739,1.4741,2.30,1.00
2010.06.15 05:32:58.868,1.4739,1.4741,4.70,1.00
2010.06.15 05:32:58.958,1.474,1.47415,1.00,2.40
2010.06.15 05:32:59.348,1.474,1.4742,1.50,5.20
2010.06.15 05:33:04.401,1.474,1.4742,1.50,4.90
2010.06.15 05:33:12.375,1.474,1.4742,1.50,4.80
2010.06.15 05:33:15.835,1.474,1.47405,1.00,1.00
2010.06.15 05:33:15.957,1.474,1.4741,1.00,1.00
2010.06.15 05:33:16.209,1.474,1.4741,1.00,1.00
2010.06.15 05:33:16.333,1.474,1.47415,1.50,1.00
2010.06.15 05:33:16.456,1.474,1.4742,1.50,1.00
2010.06.15 05:33:16.577,1.474,1.4742,1.50,1.00
2010.06.15 05:33:19.495,1.474,1.4742,1.50,3.20
2010.06.15 05:33:19.664,1.474,1.4742,1.50,4.00
2010.06.15 05:33:19.707,1.474,1.4742,1.50,4.80
2010.06.15 05:33:19.825,1.474,1.4742,1.50,4.90
2010.06.15 05:33:20.697,1.474,1.4741,1.00,1.00
2010.06.15 05:33:20.879,1.4739,1.4741,4.40,1.00
2010.06.15 05:33:21.057,1.4739,1.4741,4.20,1.00
2010.06.15 05:33:21.237,1.4739,1.4741,3.20,1.00
2010.06.15 05:33:21.734,1.47395,1.47415,1.50,5.20
2010.06.15 05:33:21.978,1.47395,1.47415,1.50,2.40
2010.06.15 05:33:22.227,1.47395,1.47415,1.50,1.60
2010.06.15 05:33:22.478,1.47395,1.47415,1.50,1.70
2010.06.15 05:33:22.658,1.47395,1.4741,1.00,1.00
2010.06.15 05:33:22.837,1.4739,1.4741,2.30,1.00
2010.06.15 05:33:23.553,1.4739,1.4741,4.70,1.00
2010.06.15 05:33:23.979,1.47385,1.474,4.00,1.00
2010.06.15 05:33:24.226,1.47385,1.474,1.00,1.00
2010.06.15 05:33:25.315,1.4739,1.47405,1.00,1.00
2010.06.15 05:33:25.516,1.4739,1.47405,1.50,1.00
2010.06.15 05:33:25.831,1.4739,1.4741,1.50,1.60
2010.06.15 05:33:28.255,1.4739,1.474,1.00,1.00
2010.06.15 05:33:28.526,1.47385,1.474,5.10,1.00
2010.06.15 05:33:28.616,1.47385,1.474,4.40,1.00
2010.06.15 05:33:28.795,1.47385,1.474,3.60,1.00
2010.06.15 05:33:28.887,1.47385,1.474,3.60,1.00
2010.06.15 05:33:28.977,1.4738,1.474,7.20,1.00
2010.06.15 05:33:29.161,1.4738,1.474,6.40,1.80
2010.06.15 05:33:29.404,1.4738,1.474,1.50,1.60
2010.06.15 05:33:29.642,1.47395,1.474,1.00,1.60
2010.06.15 05:33:29.882,1.47395,1.474,1.00,1.00
2010.06.15 05:33:30.118,1.4738,1.474,1.90,1.00
2010.06.15 05:33:30.697,1.4738,1.474,1.90,1.60
2010.06.15 05:33:31.038,1.4738,1.474,1.50,1.60
2010.06.15 05:33:32.098,1.4738,1.474,1.50,1.00
2010.06.15 05:33:32.217,1.4738,1.474,4.70,1.00
2010.06.15 05:33:32.527,1.4739,1.47405,1.50,1.00
2010.06.15 05:33:32.838,1.4739,1.4741,1.50,4.90
2010.06.15 05:33:33.876,1.4739,1.47405,1.00,1.00
2010.06.15 05:33:34.086,1.47385,1.47405,1.50,1.00
2010.06.15 05:33:34.881,1.4738,1.474,6.30,1.00
2010.06.15 05:33:41.797,1.4737,1.4739,6.30,1.00
2010.06.15 05:33:42.180,1.4737,1.4739,5.50,1.00
2010.06.15 05:33:42.522,1.4737,1.47385,1.50,1.00
2010.06.15 05:33:42.947,1.47365,1.4737,1.50,1.00
2010.06.15 05:33:43.234,1.47355,1.4737,1.60,1.00
2010.06.15 05:33:46.735,1.47355,1.4737,1.00,1.00
2010.06.15 05:33:46.886,1.47355,1.47375,1.60,1.00
2010.06.15 05:33:47.036,1.47355,1.47375,1.60,1.00
2010.06.15 05:33:47.186,1.47355,1.47375,1.50,1.00
2010.06.15 05:33:47.336,1.47355,1.4737,1.00,1.00
2010.06.15 05:33:47.519,1.47355,1.47375,1.50,1.10
2010.06.15 05:33:47.667,1.47355,1.47375,1.50,3.50
2010.06.15 05:33:47.999,1.47355,1.47375,1.50,3.80
2010.06.15 05:33:48.987,1.4735,1.4737,5.10,1.00
2010.06.15 05:33:49.265,1.4735,1.4737,4.70,1.00
2010.06.15 05:33:52.262,1.4736,1.47375,1.00,1.00
2010.06.15 05:33:52.515,1.47365,1.47375,1.20,1.00
2010.06.15 05:33:52.770,1.4737,1.4738,1.20,1.00
2010.06.15 05:33:53.155,1.47365,1.47385,1.20,1.00
2010.06.15 05:33:53.505,1.4737,1.4739,1.50,2.80
2010.06.15 05:33:53.848,1.4737,1.4739,1.50,2.00
2010.06.15 05:33:54.773,1.47365,1.47385,4.70,1.00
2010.06.15 05:33:55.027,1.47365,1.47385,3.90,1.00
2010.06.15 05:33:56.428,1.47365,1.47385,3.90,1.00
2010.06.15 05:33:56.905,1.47365,1.47385,1.50,1.60
2010.06.15 05:33:59.595,1.47365,1.47385,1.50,1.70
2010.06.15 05:33:59.825,1.47365,1.47385,1.50,1.60
2010.06.15 05:34:12.118,1.47365,1.47385,1.20,1.00
2010.06.15 05:34:12.737,1.4737,1.47385,1.00,1.00
2010.06.15 05:34:15.841,1.4737,1.47385,1.00,1.00
2010.06.15 05:34:16.337,1.47375,1.47395,1.60,6.40
2010.06.15 05:34:16.683,1.47375,1.47395,1.60,1.00
2010.06.15 05:34:17.027,1.47375,1.47395,2.40,1.00
2010.06.15 05:34:17.708,1.4738,1.474,1.20,4.80
2010.06.15 05:34:17.947,1.4738,1.474,1.20,4.00
2010.06.15 05:34:22.527,1.47385,1.474,1.00,1.00
2010.06.15 05:34:22.797,1.4739,1.474,3.20,1.00
2010.06.15 05:34:23.069,1.47395,1.4741,1.20,1.00
2010.06.15 05:34:23.337,1.47395,1.47415,1.60,2.80
2010.06.15 05:34:23.526,1.47395,1.47415,1.60,2.50
2010.06.15 05:34:24.751,1.47395,1.47405,1.60,1.00
2010.06.15 05:34:24.797,1.4739,1.47395,4.40,1.00
2010.06.15 05:34:24.835,1.4739,1.47395,5.20,1.00
2010.06.15 05:34:25.006,1.4739,1.47395,4.00,1.00
2010.06.15 05:34:25.087,1.4739,1.47395,4.00,1.00
2010.06.15 05:34:25.247,1.4739,1.47395,2.40,1.00
2010.06.15 05:34:25.487,1.47385,1.47395,4.00,1.00
2010.06.15 05:34:25.756,1.47385,1.47395,1.60,1.00
2010.06.15 05:34:31.005,1.47385,1.47395,1.00,1.00
2010.06.15 05:34:31.172,1.4738,1.47395,6.80,1.00
2010.06.15 05:34:31.296,1.47385,1.47395,1.00,1.00
2010.06.15 05:34:31.365,1.47385,1.47395,1.20,1.00
2010.06.15 05:34:44.575,1.47385,1.47395,1.20,1.00
2010.06.15 05:34:44.796,1.47385,1.47405,1.20,1.60
2010.06.15 05:34:45.379,1.47385,1.4739,1.00,3.40
2010.06.15 05:34:45.604,1.4739,1.47395,1.00,7.40
2010.06.15 05:34:45.830,1.4739,1.47405,1.20,1.10
2010.06.15 05:34:46.057,1.4739,1.47405,1.20,1.00
2010.06.15 05:34:46.277,1.4739,1.47405,1.60,1.00
2010.06.15 05:34:59.304,1.4739,1.47405,1.60,1.00
2010.06.15 05:35:00.245,1.4739,1.47405,1.60,1.00
2010.06.15 05:35:04.749,1.4739,1.47395,1.60,1.00
2010.06.15 05:35:09.868,1.4739,1.47405,1.60,1.00
2010.06.15 05:35:20.684,1.4739,1.47405,1.00,1.00
2010.06.15 05:35:32.385,1.4739,1.47405,1.20,1.00
2010.06.15 05:35:32.880,1.47395,1.4741,1.20,1.70
2010.06.15 05:35:33.028,1.47395,1.4741,1.00,1.70
2010.06.15 05:35:33.177,1.4739,1.4741,4.40,1.70
2010.06.15 05:35:33.519,1.4739,1.4741,4.00,1.00
2010.06.15 05:35:33.858,1.4739,1.4741,4.00,1.00
2010.06.15 05:35:45.666,1.47395,1.47415,1.20,3.20
2010.06.15 05:35:45.825,1.47395,1.47415,1.20,2.80
2010.06.15 05:35:45.986,1.47395,1.47415,1.20,2.00
2010.06.15 05:35:47.946,1.47395,1.4741,1.00,1.00
2010.06.15 05:35:48.028,1.4739,1.4741,5.60,1.00
2010.06.15 05:35:52.718,1.4739,1.4741,4.80,1.00
2010.06.15 05:35:52.908,1.4739,1.4741,2.40,1.00
2010.06.15 05:35:53.287,1.4739,1.4741,2.40,3.20
2010.06.15 05:35:53.418,1.4739,1.4741,2.40,4.00
2010.06.15 05:36:00.125,1.4739,1.47405,1.60,1.00
2010.06.15 05:36:00.402,1.47385,1.47405,3.60,1.00
2010.06.15 05:36:00.637,1.4739,1.4741,1.20,4.90
2010.06.15 05:36:03.918,1.4739,1.4741,1.20,4.80
2010.06.15 05:36:05.207,1.4739,1.47405,1.00,1.00
2010.06.15 05:36:05.426,1.47385,1.47405,1.60,1.00
2010.06.15 05:36:06.436,1.47385,1.47405,1.00,1.00
2010.06.15 05:36:06.727,1.4738,1.474,6.60,1.00
2010.06.15 05:36:07.096,1.4738,1.474,5.60,1.00
2010.06.15 05:36:07.432,1.4739,1.47405,1.00,1.00
2010.06.15 05:36:07.762,1.4739,1.4741,1.20,4.80
2010.06.15 05:36:15.184,1.4739,1.4741,1.20,2.40
2010.06.15 05:36:15.548,1.4739,1.4741,1.20,1.60
2010.06.15 05:36:15.700,1.4739,1.4741,1.20,4.00
2010.06.15 05:36:16.239,1.4739,1.4741,1.20,1.60
2010.06.15 05:36:17.142,1.4739,1.4741,1.20,4.00
2010.06.15 05:36:17.411,1.4739,1.4741,1.20,4.80
2010.06.15 05:36:24.165,1.4739,1.4741,1.20,4.90
2010.06.15 05:36:24.256,1.4739,1.47405,1.00,1.00
2010.06.15 05:36:24.427,1.4739,1.4741,1.00,4.90
2010.06.15 05:36:24.517,1.4739,1.4741,1.00,2.40
2010.06.15 05:36:24.606,1.4739,1.4741,1.20,2.50
2010.06.15 05:36:24.776,1.4739,1.4741,3.60,2.50
2010.06.15 05:36:24.866,1.4739,1.4741,3.60,2.40
2010.06.15 05:36:25.036,1.4739,1.4741,3.60,1.60
2010.06.15 05:36:27.486,1.47405,1.4741,1.00,1.00
2010.06.15 05:36:27.778,1.47405,1.4741,1.00,1.00
2010.06.15 05:36:27.928,1.47405,1.4741,1.00,1.00
2010.06.15 05:36:28.077,1.474,1.4742,1.60,3.40
2010.06.15 05:36:28.373,1.474,1.4742,1.00,6.60
2010.06.15 05:36:28.527,1.474,1.4742,1.60,2.40
2010.06.15 05:36:29.487,1.474,1.4742,1.60,1.60
2010.06.15 05:36:30.327,1.474,1.4742,4.00,1.60
2010.06.15 05:36:32.946,1.474,1.4742,4.00,1.00
2010.06.15 05:36:34.907,1.474,1.4742,4.80,1.00
2010.06.15 05:36:35.015,1.47405,1.47425,1.00,3.50
2010.06.15 05:36:35.115,1.47405,1.47425,1.20,3.20
2010.06.15 05:36:35.225,1.47405,1.47425,1.20,2.10
2010.06.15 05:36:35.335,1.47405,1.47425,2.00,1.00
2010.06.15 05:36:35.949,1.47405,1.47425,2.80,1.00
2010.06.15 05:36:36.076,1.47405,1.47425,3.60,1.00
2010.06.15 05:36:38.759,1.47405,1.47425,3.20,1.00
2010.06.15 05:36:38.778,1.47405,1.4742,2.40,1.00
2010.06.15 05:36:39.888,1.47405,1.4742,1.60,1.00
2010.06.15 05:36:40.189,1.47405,1.4742,1.60,1.00
2010.06.15 05:36:44.637,1.47405,1.4742,1.60,1.00
2010.06.15 05:36:45.076,1.47405,1.4742,1.60,1.00
2010.06.15 05:36:45.475,1.47405,1.4742,1.60,1.00
2010.06.15 05:36:46.906,1.47405,1.4742,1.60,1.00
2010.06.15 05:36:49.708,1.47405,1.4742,1.60,1.00
2010.06.15 05:36:49.848,1.47405,1.47425,2.80,2.00
2010.06.15 05:36:50.142,1.47405,1.47425,2.80,1.30
2010.06.15 05:36:59.012,1.47405,1.47425,2.80,2.10
2010.06.15 05:36:59.275,1.47405,1.47425,2.80,1.30
2010.06.15 05:37:06.928,1.47405,1.47425,2.80,1.40
2010.06.15 05:37:07.127,1.47405,1.47425,2.80,1.60
2010.06.15 05:37:07.765,1.47405,1.47425,2.80,1.60
2010.06.15 05:37:09.445,1.47405,1.47425,2.80,1.20
2010.06.15 05:37:16.416,1.47405,1.47425,2.80,1.00
2010.06.15 05:37:16.548,1.47405,1.47425,4.00,1.00
2010.06.15 05:37:16.807,1.4741,1.4743,1.60,1.70
2010.06.15 05:37:17.068,1.4741,1.4743,2.80,1.00
2010.06.15 05:37:17.327,1.47415,1.4743,1.60,1.00
2010.06.15 05:37:19.326,1.47415,1.4743,1.60,1.00
2010.06.15 05:37:36.798,1.47415,1.4743,2.40,1.00
2010.06.15 05:37:37.015,1.47425,1.47435,1.60,1.00
2010.06.15 05:37:37.360,1.4743,1.47435,1.00,1.00
2010.06.15 05:37:37.580,1.4743,1.47445,1.60,1.00
2010.06.15 05:37:37.846,1.4743,1.47445,2.40,1.00
2010.06.15 05:37:38.529,1.47435,1.47445,1.00,1.00
2010.06.15 05:37:38.871,1.4743,1.4745,3.20,1.70
2010.06.15 05:37:39.151,1.47435,1.47455,2.70,1.20
2010.06.15 05:37:39.431,1.47435,1.4745,1.60,1.00
2010.06.15 05:37:40.179,1.4744,1.4745,1.00,1.00
2010.06.15 05:37:40.804,1.4744,1.47455,1.00,1.00
2010.06.15 05:37:40.978,1.4744,1.47455,1.60,1.00
2010.06.15 05:37:41.327,1.4744,1.4746,2.70,4.10
2010.06.15 05:37:43.341,1.4744,1.47455,1.60,1.00
2010.06.15 05:37:43.499,1.4744,1.47445,1.00,1.00
2010.06.15 05:37:43.649,1.47435,1.47445,2.80,1.00
2010.06.15 05:37:43.963,1.47435,1.4745,1.60,2.60
2010.06.15 05:37:44.122,1.47435,1.4745,1.60,1.00
2010.06.15 05:37:44.731,1.47435,1.47455,2.40,3.70
2010.06.15 05:37:45.040,1.47435,1.4745,1.60,1.00
2010.06.15 05:37:45.348,1.47435,1.47455,3.50,1.30
2010.06.15 05:37:45.900,1.4744,1.47455,1.60,1.00
2010.06.15 05:37:46.156,1.4744,1.47455,1.90,1.00
2010.06.15 05:37:46.409,1.47445,1.4745,1.10,3.20
2010.06.15 05:37:46.611,1.47445,1.47455,1.00,1.00
2010.06.15 05:37:46.817,1.47445,1.4746,1.00,1.00
2010.06.15 05:37:47.018,1.47445,1.4746,1.60,1.00
2010.06.15 05:37:47.219,1.47445,1.47465,2.80,4.00
2010.06.15 05:37:47.417,1.47445,1.47465,2.80,3.70
2010.06.15 05:37:47.757,1.47445,1.47465,2.40,3.70
2010.06.15 05:37:48.097,1.47445,1.47465,2.40,3.80
2010.06.15 05:37:48.436,1.47445,1.47465,2.80,3.80
2010.06.15 05:37:48.899,1.47445,1.4746,2.80,1.00
2010.06.15 05:37:49.139,1.47445,1.4746,2.00,1.00
2010.06.15 05:37:49.406,1.4744,1.4746,3.60,3.30
2010.06.15 05:37:49.532,1.4744,1.4746,3.20,4.10
2010.06.15 05:37:49.881,1.47435,1.4745,2.40,1.00
2010.06.15 05:37:50.228,1.47435,1.47455,2.80,3.70
2010.06.15 05:37:50.700,1.47435,1.4745,1.60,1.00
2010.06.15 05:37:54.296,1.47435,1.47455,2.40,4.00
2010.06.15 05:37:54.455,1.47435,1.47455,2.80,4.00
2010.06.15 05:37:54.617,1.47435,1.47455,2.80,3.70
2010.06.15 05:37:56.050,1.47445,1.4745,1.00,1.00
2010.06.15 05:37:56.401,1.4744,1.4745,2.00,1.00
2010.06.15 05:37:56.616,1.4744,1.47455,1.00,3.20
2010.06.15 05:37:56.817,1.4744,1.47455,1.00,1.00
2010.06.15 05:37:57.502,1.4744,1.47455,1.00,1.00
2010.06.15 05:37:57.989,1.4744,1.4745,1.00,1.00
2010.06.15 05:37:58.220,1.4744,1.47455,2.00,1.00
2010.06.15 05:37:58.449,1.47445,1.47455,2.00,1.00
2010.06.15 05:37:58.681,1.47445,1.4746,1.00,1.00
2010.06.15 05:37:58.907,1.47445,1.4746,1.60,1.00
2010.06.15 05:38:03.375,1.47445,1.47465,2.40,4.20
2010.06.15 05:38:03.545,1.47445,1.47465,2.80,4.00
2010.06.15 05:38:03.637,1.47445,1.47465,2.80,3.70
2010.06.15 05:38:04.403,1.47445,1.47465,3.20,3.70
2010.06.15 05:38:04.978,1.4745,1.47465,1.00,3.70
2010.06.15 05:38:05.272,1.4745,1.4746,1.00,1.00
2010.06.15 05:38:05.561,1.4745,1.4746,1.60,1.00
2010.06.15 05:38:05.858,1.4745,1.4747,2.80,3.30
2010.06.15 05:38:06.161,1.47455,1.4747,1.00,1.00
2010.06.15 05:38:06.748,1.47455,1.4747,1.60,1.00
2010.06.15 05:38:07.306,1.47455,1.4747,2.40,1.00
2010.06.15 05:38:07.496,1.47455,1.47475,4.00,5.60
2010.06.15 05:38:07.687,1.4746,1.47475,2.80,4.40
2010.06.15 05:38:07.878,1.4746,1.47475,2.80,4.10
2010.06.15 05:38:08.016,1.4746,1.47475,2.80,4.60
2010.06.15 05:38:08.157,1.4746,1.4747,2.00,1.00
2010.06.15 05:38:08.297,1.4746,1.4747,1.00,1.00
2010.06.15 05:38:08.555,1.47455,1.4747,2.00,1.00
2010.06.15 05:38:08.703,1.47455,1.4747,1.60,1.00
2010.06.15 05:38:09.107,1.47455,1.4747,1.60,1.00
2010.06.15 05:38:09.369,1.47455,1.47465,1.60,1.20
2010.06.15 05:38:09.628,1.4745,1.47465,1.00,1.40
2010.06.15 05:38:09.887,1.4745,1.47465,1.00,1.60
2010.06.15 05:38:11.508,1.4745,1.4746,1.00,1.00
2010.06.15 05:38:12.027,1.47445,1.4746,1.60,1.00
2010.06.15 05:38:12.536,1.47445,1.47465,1.60,5.70
2010.06.15 05:38:12.797,1.47445,1.4746,1.60,1.00
2010.06.15 05:38:13.057,1.47445,1.4746,1.60,3.20
2010.06.15 05:38:14.606,1.47445,1.4746,1.60,2.40
2010.06.15 05:38:14.731,1.47445,1.47465,1.60,7.50
2010.06.15 05:38:14.848,1.47445,1.47465,1.60,5.10
2010.06.15 05:38:16.427,1.47445,1.4746,1.00,1.00
2010.06.15 05:38:16.738,1.4744,1.4746,3.20,3.20
2010.06.15 05:38:16.886,1.4744,1.4746,3.20,4.00
2010.06.15 05:38:19.427,1.4744,1.4746,3.20,3.20
2010.06.15 05:38:19.726,1.4744,1.4746,4.00,1.00
2010.06.15 05:38:19.900,1.47445,1.47465,2.40,3.60
2010.06.15 05:38:20.199,1.47445,1.47465,3.20,3.60
2010.06.15 05:38:23.967,1.47445,1.47465,3.20,3.60
2010.06.15 05:38:24.555,1.47445,1.47465,3.20,3.60
2010.06.15 05:38:24.695,1.47445,1.47465,3.20,3.80
2010.06.15 05:38:25.063,1.47445,1.47465,3.20,4.60
2010.06.15 05:38:25.542,1.47445,1.47465,2.40,4.60
2010.06.15 05:38:25.888,1.47445,1.47465,3.20,3.70
2010.06.15 05:38:27.337,1.47445,1.47465,3.20,3.80
2010.06.15 05:38:27.659,1.47445,1.4746,1.60,1.00
2010.06.15 05:38:27.980,1.47445,1.4746,1.00,3.20
2010.06.15 05:38:29.299,1.47445,1.4746,2.00,2.40
2010.06.15 05:38:29.734,1.47445,1.47465,3.20,3.70
2010.06.15 05:38:30.009,1.4745,1.47465,2.40,1.00
2010.06.15 05:38:30.282,1.47455,1.4747,3.20,2.80
2010.06.15 05:38:30.632,1.4746,1.4747,1.00,2.40
2010.06.15 05:38:30.978,1.4746,1.47475,1.00,4.10
2010.06.15 05:38:31.658,1.4746,1.47475,1.60,4.10
2010.06.15 05:38:31.937,1.4746,1.47475,2.00,4.10
2010.06.15 05:38:39.767,1.4746,1.47475,1.20,4.10
2010.06.15 05:38:39.926,1.4746,1.47475,1.00,4.50
2010.06.15 05:38:42.067,1.4746,1.47475,1.00,4.40
2010.06.15 05:38:47.675,1.4746,1.47475,1.00,4.70
2010.06.15 05:38:47.856,1.4746,1.47475,1.00,5.90
2010.06.15 05:38:52.086,1.4746,1.47475,1.00,5.60
2010.06.15 05:38:52.302,1.4746,1.47475,1.00,4.40
2010.06.15 05:38:54.879,1.4746,1.47475,1.00,4.60
2010.06.15 05:38:55.218,1.4746,1.47475,1.00,4.10
2010.06.15 05:38:55.561,1.47455,1.4747,2.40,3.20
2010.06.15 05:38:55.909,1.47455,1.47475,1.00,9.20
2010.06.15 05:38:56.247,1.47455,1.4747,1.00,3.20
2010.06.15 05:38:57.188,1.47455,1.47475,1.00,6.40
2010.06.15 05:38:57.487,1.47455,1.4747,1.00,2.40
2010.06.15 05:39:06.168,1.47455,1.47465,1.00,1.00
2010.06.15 05:39:06.416,1.4745,1.47465,4.00,1.00
2010.06.15 05:39:06.668,1.4745,1.47465,1.60,2.00
2010.06.15 05:39:07.008,1.4745,1.47465,1.00,4.60
2010.06.15 05:39:07.352,1.47445,1.47465,2.40,4.70
2010.06.15 05:39:07.698,1.47445,1.47465,1.60,5.00
2010.06.15 05:39:08.329,1.47445,1.4746,1.60,1.00
2010.06.15 05:39:08.650,1.4744,1.4746,3.20,3.20
2010.06.15 05:39:10.226,1.4744,1.47455,3.20,1.00
2010.06.15 05:39:10.409,1.4744,1.47455,3.20,1.00
2010.06.15 05:39:10.801,1.4744,1.47455,1.00,2.50
2010.06.15 05:39:10.981,1.47435,1.47455,1.60,6.10
2010.06.15 05:39:13.597,1.47435,1.47455,2.40,2.10
2010.06.15 05:39:13.868,1.47435,1.47455,3.10,1.60
2010.06.15 05:39:13.938,1.4744,1.47455,1.00,1.60
2010.06.15 05:39:14.008,1.4744,1.47455,1.00,1.00
2010.06.15 05:39:19.896,1.4744,1.47455,1.00,1.00
2010.06.15 05:39:23.346,1.4744,1.47455,1.00,1.00
2010.06.15 05:39:24.916,1.4744,1.47455,1.00,1.20
2010.06.15 05:39:35.820,1.4744,1.47455,1.00,1.20
2010.06.15 05:39:40.826,1.4744,1.47455,1.00,1.00
2010.06.15 05:39:44.707,1.4744,1.47455,1.00,1.00
2010.06.15 05:39:44.976,1.4744,1.47455,1.60,1.00
2010.06.15 05:39:45.156,1.4744,1.4746,2.40,3.40
2010.06.15 05:39:45.325,1.4744,1.4746,3.20,3.40
2010.06.15 05:39:45.405,1.4744,1.4746,3.20,3.20
2010.06.15 05:39:54.396,1.4744,1.4746,3.20,3.30
2010.06.15 05:39:54.460,1.4744,1.4746,3.20,2.50
2010.06.15 05:39:54.528,1.4744,1.4746,3.20,1.00
2010.06.15 05:39:54.586,1.4744,1.47465,3.20,9.00
2010.06.15 05:39:54.931,1.47445,1.47465,2.40,1.50
2010.06.15 05:39:55.277,1.47445,1.47465,2.40,1.40
2010.06.15 05:39:55.620,1.4745,1.47465,1.60,1.00
2010.06.15 05:39:55.861,1.4745,1.47465,1.60,1.00
2010.06.15 05:39:56.588,1.4745,1.47465,1.20,1.00
2010.06.15 05:39:56.827,1.4745,1.4747,2.00,2.50
2010.06.15 05:40:00.825,1.47455,1.4747,1.00,2.50
2010.06.15 05:40:00.946,1.47455,1.4747,1.20,2.50
2010.06.15 05:40:07.500,1.47455,1.4747,1.00,2.50
2010.06.15 05:40:07.646,1.47455,1.4747,1.00,1.00
2010.06.15 05:40:07.796,1.4745,1.47475,3.20,11.20
2010.06.15 05:40:07.877,1.47455,1.47475,1.00,4.80
2010.06.15 05:40:08.058,1.47455,1.47475,1.60,5.20
2010.06.15 05:40:08.237,1.47455,1.47475,2.40,5.20
2010.06.15 05:40:08.417,1.47455,1.47475,2.40,6.20
2010.06.15 05:40:08.597,1.47455,1.47475,2.40,5.00
2010.06.15 05:40:09.317,1.47455,1.47475,2.40,5.80
2010.06.15 05:40:09.754,1.47455,1.47475,2.40,4.60
2010.06.15 05:40:09.917,1.47455,1.47475,2.40,5.40
2010.06.15 05:40:12.615,1.47455,1.47475,2.40,6.20
2010.06.15 05:40:12.916,1.47455,1.4747,1.00,1.00
2010.06.15 05:40:13.066,1.4745,1.4747,4.00,1.00
2010.06.15 05:40:13.717,1.4745,1.4747,4.00,1.00
2010.06.15 05:40:13.994,1.4745,1.47465,4.00,1.00
2010.06.15 05:40:14.176,1.4745,1.47465,3.20,1.00
2010.06.15 05:40:14.326,1.4745,1.47465,2.40,1.20
2010.06.15 05:40:14.557,1.4745,1.47465,1.00,1.20
2010.06.15 05:40:14.607,1.47445,1.4746,2.40,1.00
2010.06.15 05:40:15.070,1.47445,1.4746,1.60,1.00
2010.06.15 05:40:21.799,1.47445,1.47465,2.40,4.70
2010.06.15 05:40:21.904,1.47445,1.47465,3.10,2.30
2010.06.15 05:40:22.107,1.47445,1.47465,3.10,2.00
2010.06.15 05:40:23.697,1.47445,1.47455,2.30,1.00
2010.06.15 05:40:23.785,1.47445,1.47455,2.30,1.00
2010.06.15 05:40:23.912,1.4744,1.47455,1.00,1.00
2010.06.15 05:40:23.977,1.4744,1.47455,1.00,1.20
2010.06.15 05:40:24.169,1.47435,1.4745,3.20,1.00
2010.06.15 05:40:24.225,1.47435,1.4745,1.60,1.00
2010.06.15 05:40:24.257,1.47435,1.4745,1.00,1.00
2010.06.15 05:40:24.498,1.4743,1.4745,4.80,1.00
2010.06.15 05:40:24.559,1.4743,1.4745,4.00,1.00
2010.06.15 05:40:25.081,1.47435,1.47445,1.60,1.00
2010.06.15 05:40:25.431,1.47435,1.4745,1.60,1.00
2010.06.15 05:40:25.902,1.47445,1.47455,1.00,2.60
2010.06.15 05:40:26.256,1.4745,1.47465,2.40,1.00
2010.06.15 05:40:26.604,1.4745,1.4747,3.20,4.00
2010.06.15 05:40:26.948,1.47455,1.4747,1.00,1.00
2010.06.15 05:40:27.288,1.47455,1.4747,1.60,1.00
2010.06.15 05:40:30.179,1.47455,1.47465,1.60,1.00
2010.06.15 05:40:30.298,1.47455,1.47465,1.00,1.00
2010.06.15 05:40:30.503,1.4745,1.4746,2.40,1.00
2010.06.15 05:40:30.624,1.4745,1.4746,1.00,1.00
2010.06.15 05:40:30.737,1.4745,1.47465,1.00,3.40
2010.06.15 05:40:31.077,1.4745,1.47465,1.00,3.20
2010.06.15 05:40:33.324,1.4745,1.47465,1.60,3.20
2010.06.15 05:40:34.988,1.4744,1.47445,5.40,1.00
2010.06.15 05:40:35.199,1.4744,1.4745,1.60,2.60
2010.06.15 05:40:35.311,1.4744,1.47455,1.60,3.20
2010.06.15 05:40:35.419,1.4744,1.47455,3.20,3.40
2010.06.15 05:40:35.530,1.47445,1.47455,1.00,2.60
2010.06.15 05:40:35.735,1.47445,1.47455,1.00,2.40
2010.06.15 05:40:35.852,1.47445,1.47465,3.20,1.00
2010.06.15 05:40:36.066,1.47445,1.47465,3.20,1.00
2010.06.15 05:40:37.100,1.47445,1.47465,2.40,1.00
2010.06.15 05:40:37.302,1.47445,1.4746,1.60,1.00
2010.06.15 05:40:37.503,1.4744,1.4746,3.20,3.20
2010.06.15 05:40:37.701,1.4744,1.47455,2.40,2.40
2010.06.15 05:40:37.900,1.4744,1.4745,1.60,1.00
2010.06.15 05:40:38.440,1.4743,1.4745,4.00,1.00
2010.06.15 05:40:38.787,1.4743,1.4745,4.00,3.20
2010.06.15 05:40:39.662,1.4743,1.4745,3.20,3.20
2010.06.15 05:40:42.298,1.4743,1.4745,3.20,1.00
2010.06.15 05:40:42.498,1.4743,1.4745,4.00,1.00
2010.06.15 05:40:42.727,1.47435,1.47455,1.00,3.40
2010.06.15 05:40:42.958,1.47435,1.4745,1.20,2.40
2010.06.15 05:40:43.406,1.47435,1.4745,1.60,2.40
2010.06.15 05:40:43.983,1.47425,1.4744,1.60,1.00
2010.06.15 05:40:44.960,1.4744,1.47445,1.60,2.60
2010.06.15 05:40:45.088,1.47445,1.4745,4.80,1.10
2010.06.15 05:40:45.219,1.47455,1.4746,2.20,2.40
2010.06.15 05:40:45.347,1.47455,1.4747,2.20,1.00
2010.06.15 05:40:45.478,1.47455,1.4746,3.80,1.00
2010.06.15 05:40:45.658,1.47455,1.4746,4.60,1.00
2010.06.15 05:40:45.798,1.4746,1.47475,1.00,1.00
2010.06.15 05:40:46.144,1.47475,1.47485,6.00,1.00
2010.06.15 05:40:46.495,1.4749,1.475,1.00,1.00
2010.06.15 05:40:46.840,1.4749,1.4751,1.00,1.00
2010.06.15 05:40:47.180,1.4749,1.4751,1.20,2.00
2010.06.15 05:40:47.530,1.47495,1.47515,1.00,4.10
2010.06.15 05:40:47.995,1.47495,1.47515,1.60,1.00
2010.06.15 05:40:49.518,1.47495,1.47515,2.40,3.40
2010.06.15 05:40:49.836,1.47495,1.4752,2.40,14.30
2010.06.15 05:40:52.077,1.47495,1.47515,2.40,1.10
2010.06.15 05:40:52.186,1.475,1.4752,1.00,8.70
2010.06.15 05:40:52.296,1.475,1.4752,1.20,6.30
2010.06.15 05:40:52.618,1.475,1.4752,1.00,7.60
2010.06.15 05:40:52.827,1.47495,1.4752,2.40,7.90
2010.06.15 05:40:53.456,1.47495,1.4752,2.30,7.90
2010.06.15 05:40:54.395,1.47495,1.4752,2.30,7.40
2010.06.15 05:40:54.596,1.47495,1.47515,2.30,3.10
2010.06.15 05:40:54.730,1.47495,1.47515,2.30,3.50
2010.06.15 05:40:55.026,1.47495,1.47515,2.30,5.90
2010.06.15 05:40:55.126,1.47495,1.47515,1.60,6.20
2010.06.15 05:40:55.228,1.47495,1.4751,1.00,1.00
2010.06.15 05:40:55.437,1.4749,1.4751,3.90,1.00
2010.06.15 05:40:55.716,1.4749,1.47505,3.90,1.00
2010.06.15 05:40:55.856,1.4749,1.47505,3.90,1.00
2010.06.15 05:40:56.438,1.4749,1.47505,3.90,1.00
2010.06.15 05:40:57.317,1.4749,1.47505,3.90,1.00
2010.06.15 05:40:57.637,1.4749,1.47495,3.90,1.00
2010.06.15 05:40:57.747,1.4749,1.47495,2.30,1.20
2010.06.15 05:40:57.857,1.4749,1.47495,1.50,1.20
2010.06.15 05:40:57.968,1.47485,1.47495,1.00,1.00
2010.06.15 05:40:58.077,1.4748,1.47495,6.70,1.00
2010.06.15 05:40:58.188,1.4748,1.47495,1.50,1.00
2010.06.15 05:40:58.297,1.4748,1.47495,1.00,1.00
2010.06.15 05:40:58.626,1.4748,1.475,1.50,1.60
2010.06.15 05:41:00.821,1.4748,1.47505,1.50,6.60
2010.06.15 05:41:01.006,1.4749,1.4751,1.00,5.10
2010.06.15 05:41:01.182,1.4749,1.47515,1.50,8.80
2010.06.15 05:41:01.545,1.4749,1.47515,1.50,6.40
2010.06.15 05:41:01.721,1.4749,1.47515,3.90,4.00
2010.06.15 05:41:02.061,1.4749,1.47515,3.90,4.00
2010.06.15 05:41:02.906,1.47495,1.4752,1.00,6.00
2010.06.15 05:41:03.243,1.4749,1.47515,3.10,7.50
2010.06.15 05:41:03.576,1.4748,1.475,4.70,1.00
2010.06.15 05:41:04.056,1.4748,1.475,2.30,1.00
2010.06.15 05:41:12.087,1.4748,1.475,4.70,1.00
2010.06.15 05:41:12.273,1.47485,1.47505,1.00,3.20
2010.06.15 05:41:12.367,1.47485,1.47505,1.50,2.90
2010.06.15 05:41:12.827,1.47485,1.475,1.00,1.00
2010.06.15 05:41:13.057,1.4748,1.475,5.50,1.00
2010.06.15 05:41:14.268,1.4749,1.47505,1.00,1.40
2010.06.15 05:41:14.608,1.4749,1.47505,1.50,1.20
2010.06.15 05:41:14.780,1.4749,1.47505,1.50,1.00
2010.06.15 05:41:14.949,1.4749,1.4751,1.50,2.40
2010.06.15 05:41:15.118,1.4749,1.4751,1.50,4.80
2010.06.15 05:41:15.286,1.4749,1.4751,1.50,4.00
2010.06.15 05:41:15.465,1.4749,1.4751,1.50,1.60
2010.06.15 05:41:16.657,1.4749,1.4751,1.50,1.00
2010.06.15 05:41:17.127,1.4749,1.4751,1.50,3.20
2010.06.15 05:41:17.377,1.4749,1.4751,1.50,4.80
2010.06.15 05:41:18.345,1.4749,1.4751,1.70,4.80
2010.06.15 05:41:18.508,1.4749,1.4751,1.90,4.80
2010.06.15 05:41:18.675,1.4749,1.4751,1.90,2.40
2010.06.15 05:41:18.832,1.4749,1.4751,1.90,1.00
2010.06.15 05:41:19.647,1.4749,1.4751,1.70,1.00
2010.06.15 05:41:19.768,1.4749,1.4751,1.50,1.00
2010.06.15 05:41:19.936,1.4749,1.4751,1.50,3.20
2010.06.15 05:41:20.107,1.4749,1.47505,1.00,1.00
2010.06.15 05:41:20.277,1.47485,1.47505,2.70,1.00
2010.06.15 05:41:20.606,1.47485,1.47505,2.30,1.00
2010.06.15 05:41:20.819,1.4749,1.4751,1.00,5.00
2010.06.15 05:41:21.056,1.4749,1.4751,1.50,5.00
2010.06.15 05:41:21.296,1.4749,1.4751,1.50,4.80
2010.06.15 05:41:28.327,1.4749,1.4751,1.50,4.00
2010.06.15 05:41:28.650,1.4749,1.4751,1.50,1.00
2010.06.15 05:41:28.992,1.4749,1.4751,1.50,3.20
2010.06.15 05:41:29.336,1.4749,1.4751,1.50,4.00
2010.06.15 05:41:33.897,1.4749,1.47495,1.00,1.00
2010.06.15 05:41:34.097,1.4748,1.47495,1.00,1.00
2010.06.15 05:41:34.198,1.47475,1.47495,6.30,1.00
2010.06.15 05:41:34.626,1.47475,1.4749,1.50,1.00
2010.06.15 05:41:35.171,1.4747,1.47485,1.00,1.00
2010.06.15 05:41:35.420,1.47475,1.47495,1.00,7.40
2010.06.15 05:41:35.660,1.4748,1.475,1.00,5.80
2010.06.15 05:41:35.900,1.4748,1.47485,1.00,1.00
2010.06.15 05:41:36.141,1.47475,1.47485,1.00,1.00
2010.06.15 05:41:36.391,1.4747,1.47485,1.00,2.40
2010.06.15 05:41:36.609,1.4747,1.4749,1.00,1.60
2010.06.15 05:41:36.820,1.4747,1.4749,1.90,4.00
2010.06.15 05:41:37.029,1.47475,1.47495,1.50,4.80
2010.06.15 05:41:37.239,1.47475,1.4749,1.00,1.00
2010.06.15 05:41:37.641,1.47475,1.47495,1.50,2.80
2010.06.15 05:41:37.960,1.47475,1.47495,1.50,5.20
2010.06.15 05:41:38.878,1.47475,1.4749,1.00,1.00
2010.06.15 05:41:39.190,1.4747,1.4749,1.50,1.00
2010.06.15 05:41:39.497,1.4747,1.4749,1.50,3.20
2010.06.15 05:41:39.768,1.47475,1.47495,1.00,7.80
2010.06.15 05:41:40.040,1.4747,1.4749,2.30,1.00
2010.06.15 05:41:40.309,1.4747,1.4749,5.50,1.00
2010.06.15 05:41:42.226,1.4747,1.4749,7.10,1.00
2010.06.15 05:41:42.517,1.47475,1.47495,1.50,2.60
2010.06.15 05:41:42.806,1.47475,1.47495,1.50,1.00
2010.06.15 05:41:43.001,1.47475,1.47485,1.00,1.00
2010.06.15 05:41:43.200,1.4748,1.4749,1.00,3.40
2010.06.15 05:41:43.481,1.4748,1.4749,1.20,1.80
2010.06.15 05:41:43.686,1.47475,1.47495,2.30,1.00
2010.06.15 05:41:44.223,1.47475,1.4749,1.50,1.00
2010.06.15 05:41:44.571,1.4747,1.4749,2.30,1.00
2010.06.15 05:41:45.348,1.4747,1.4749,1.50,4.00
2010.06.15 05:41:46.678,1.4747,1.4749,1.50,1.60
2010.06.15 05:41:47.062,1.4747,1.4749,3.90,1.00
2010.06.15 05:41:47.370,1.47475,1.47495,1.00,3.00
2010.06.15 05:41:47.667,1.47475,1.47495,1.50,2.80
2010.06.15 05:41:49.033,1.47475,1.47495,1.50,2.00
2010.06.15 05:41:49.273,1.47475,1.47495,1.50,2.80
2010.06.15 05:41:50.489,1.47475,1.47495,1.50,2.80
2010.06.15 05:41:51.009,1.47475,1.4749,1.00,1.00
2010.06.15 05:41:51.266,1.4747,1.4749,1.90,1.00
2010.06.15 05:41:51.608,1.4747,1.4749,1.10,1.00
2010.06.15 05:41:51.948,1.4747,1.4749,1.00,5.80
2010.06.15 05:41:52.646,1.4747,1.4749,1.50,3.20
2010.06.15 05:41:52.841,1.4747,1.4749,1.50,1.60
2010.06.15 05:41:53.590,1.4747,1.4749,1.50,4.80
2010.06.15 05:41:58.678,1.4747,1.47485,1.00,1.00
2010.06.15 05:41:58.970,1.47465,1.47485,1.50,3.20
2010.06.15 05:42:01.562,1.47465,1.47485,1.00,4.00
2010.06.15 05:42:01.881,1.47465,1.47485,1.00,1.00
2010.06.15 05:42:01.980,1.47465,1.47485,1.50,1.00
2010.06.15 05:42:02.327,1.47465,1.47485,1.50,1.00
2010.06.15 05:42:07.456,1.47465,1.47485,1.00,2.40
2010.06.15 05:42:07.957,1.4746,1.47485,2.30,5.80
2010.06.15 05:42:08.370,1.4746,1.4748,2.30,4.00
2010.06.15 05:42:08.715,1.47455,1.4748,1.50,5.80
2010.06.15 05:42:09.058,1.47455,1.47475,1.00,1.60
2010.06.15 05:42:09.401,1.4745,1.47475,7.10,3.40
2010.06.15 05:42:09.750,1.4745,1.47475,3.90,6.50
2010.06.15 05:42:10.091,1.47455,1.47475,1.00,1.00
2010.06.15 05:42:10.439,1.47455,1.47475,1.50,1.00
2010.06.15 05:42:11.437,1.47455,1.47475,3.10,1.00
2010.06.15 05:42:12.008,1.47455,1.47475,1.00,2.40
2010.06.15 05:42:12.139,1.47455,1.47475,1.00,4.00
2010.06.15 05:42:12.267,1.4745,1.47475,5.10,4.00
2010.06.15 05:42:12.396,1.4745,1.47475,4.70,4.20
2010.06.15 05:42:12.529,1.4745,1.4747,4.70,1.00
2010.06.15 05:42:13.114,1.4745,1.4747,3.10,3.20
2010.06.15 05:42:13.995,1.47455,1.47475,1.20,4.00
2010.06.15 05:42:14.113,1.47455,1.47475,1.50,4.00
2010.06.15 05:42:17.409,1.4745,1.4747,1.50,3.20
2010.06.15 05:42:19.138,1.4745,1.4747,1.00,4.00
2010.06.15 05:42:19.347,1.47445,1.4747,4.70,4.20
2010.06.15 05:42:19.618,1.47445,1.47465,3.90,4.00
2010.06.15 05:42:19.858,1.47445,1.47465,3.20,4.00
2010.06.15 05:42:20.005,1.4744,1.47465,4.80,4.20
2010.06.15 05:42:21.661,1.4745,1.47465,1.20,2.40
2010.06.15 05:42:21.859,1.4745,1.4747,1.20,1.60
2010.06.15 05:42:22.058,1.4745,1.47475,1.20,5.80
2010.06.15 05:42:22.458,1.47455,1.47475,1.00,2.60
2010.06.15 05:42:22.798,1.47455,1.47475,1.20,1.00
2010.06.15 05:42:24.327,1.47455,1.47475,1.20,3.20
2010.06.15 05:42:24.507,1.47455,1.47475,1.20,4.00
2010.06.15 05:42:25.938,1.47455,1.4747,1.20,2.40
2010.06.15 05:42:26.079,1.47455,1.4747,1.00,2.60
2010.06.15 05:42:26.356,1.47445,1.4747,4.40,4.20
2010.06.15 05:42:27.407,1.47445,1.47465,3.60,4.00
2010.06.15 05:42:27.570,1.47445,1.47465,2.40,4.00
2010.06.15 05:42:27.953,1.47455,1.4747,1.20,3.20
2010.06.15 05:42:28.089,1.47455,1.4747,1.00,3.20
2010.06.15 05:42:28.229,1.4745,1.47475,6.40,5.20
2010.06.15 05:42:28.368,1.4745,1.47475,2.80,5.00
2010.06.15 05:42:28.510,1.4745,1.47475,1.20,5.00
2010.06.15 05:42:28.647,1.4745,1.4747,1.20,1.00
2010.06.15 05:42:28.790,1.4745,1.4747,1.10,3.20
2010.06.15 05:42:34.954,1.4745,1.4747,1.10,2.40
2010.06.15 05:42:35.149,1.4745,1.47475,1.10,5.80
2010.06.15 05:42:37.048,1.47445,1.4747,7.30,1.60
2010.06.15 05:42:37.179,1.47445,1.4747,6.70,1.80
2010.06.15 05:42:37.585,1.47445,1.4747,4.30,5.00
2010.06.15 05:42:42.365,1.47445,1.4747,4.30,4.80
2010.06.15 05:42:48.100,1.47445,1.4747,4.50,4.80
2010.06.15 05:42:48.376,1.47445,1.4747,4.50,4.00
2010.06.15 05:42:48.690,1.47445,1.4747,4.30,4.00
2010.06.15 05:42:49.035,1.47445,1.4747,4.30,4.80
2010.06.15 05:43:00.774,1.47445,1.4747,4.50,4.80
2010.06.15 05:43:04.726,1.47445,1.4747,4.30,4.80
2010.06.15 05:43:05.818,1.47445,1.4747,3.50,4.80
2010.06.15 05:43:08.964,1.47445,1.4747,4.00,4.00
2010.06.15 05:43:09.072,1.47455,1.4747,1.00,4.00
2010.06.15 05:43:09.184,1.4746,1.4747,1.00,2.40
2010.06.15 05:43:09.424,1.4746,1.47475,1.00,4.80
2010.06.15 05:43:09.777,1.4746,1.47485,1.20,8.20
2010.06.15 05:43:10.125,1.47465,1.47485,1.00,1.00
2010.06.15 05:43:10.469,1.47465,1.47485,1.20,1.00
2010.06.15 05:43:12.429,1.47465,1.47485,1.00,2.40
2010.06.15 05:43:12.987,1.4746,1.47485,5.20,2.60
2010.06.15 05:43:13.192,1.4746,1.47485,5.20,2.80
2010.06.15 05:43:13.390,1.4746,1.47485,3.60,4.20
2010.06.15 05:43:13.755,1.4746,1.4748,1.00,1.60
2010.06.15 05:43:13.954,1.47455,1.47475,1.60,3.40
2010.06.15 05:43:14.301,1.4746,1.4748,1.20,1.00
2010.06.15 05:43:14.650,1.4746,1.4748,1.20,1.00
2010.06.15 05:43:18.417,1.4746,1.4748,1.20,4.00
2010.06.15 05:43:20.807,1.47465,1.4748,1.00,3.20
2010.06.15 05:43:20.991,1.47465,1.4748,1.00,1.00
2010.06.15 05:43:21.143,1.47465,1.47485,1.20,1.60
2010.06.15 05:43:24.079,1.47465,1.47485,1.20,2.40
2010.06.15 05:43:24.177,1.47465,1.47485,1.10,2.40
2010.06.15 05:43:24.435,1.47465,1.47485,1.00,1.60
2010.06.15 05:43:24.529,1.4746,1.4748,2.70,1.00
2010.06.15 05:43:24.719,1.4746,1.4748,1.10,4.00
2010.06.15 05:43:27.465,1.4746,1.4748,1.10,3.20
2010.06.15 05:43:27.568,1.4746,1.47485,1.10,8.20
2010.06.15 05:43:27.677,1.4746,1.47485,1.10,5.80
2010.06.15 05:43:28.501,1.4746,1.4748,1.10,3.20
2010.06.15 05:43:28.855,1.4746,1.4748,1.10,1.60
2010.06.15 05:43:29.202,1.47475,1.4748,1.00,1.00
2010.06.15 05:43:29.501,1.47475,1.4749,1.00,1.00
2010.06.15 05:43:29.834,1.4747,1.4749,1.00,2.40
2010.06.15 05:43:30.136,1.47465,1.4749,4.30,5.00
2010.06.15 05:43:30.442,1.47465,1.4749,4.30,5.80
2010.06.15 05:43:30.727,1.47465,1.4749,3.50,5.80
2010.06.15 05:43:39.596,1.47465,1.4749,1.90,5.80
2010.06.15 05:43:39.727,1.47465,1.47485,1.10,1.60
2010.06.15 05:43:40.069,1.47465,1.47485,1.20,1.80
2010.06.15 05:43:40.410,1.4746,1.4748,3.60,3.20
2010.06.15 05:43:41.099,1.4746,1.4748,1.20,3.20
2010.06.15 05:43:45.597,1.4746,1.4748,1.20,1.00
2010.06.15 05:43:45.707,1.4746,1.4748,1.20,3.20
2010.06.15 05:43:55.507,1.4746,1.4748,4.40,1.00
2010.06.15 05:43:55.628,1.47465,1.47485,1.00,1.80
2010.06.15 05:43:55.741,1.47465,1.47485,1.20,1.80
2010.06.15 05:43:55.866,1.47465,1.47485,1.20,1.00
2010.06.15 05:43:56.056,1.47465,1.47485,1.20,1.00
2010.06.15 05:44:05.235,1.47465,1.4748,1.00,1.00
2010.06.15 05:44:05.351,1.4746,1.4748,8.00,1.00
2010.06.15 05:44:05.461,1.4746,1.4748,7.60,1.00
2010.06.15 05:44:05.743,1.4746,1.4748,2.80,1.00
2010.06.15 05:44:05.857,1.4746,1.4748,2.00,1.00
2010.06.15 05:44:06.201,1.4746,1.4748,2.00,3.20
2010.06.15 05:44:10.600,1.47465,1.4748,1.20,2.40
2010.06.15 05:44:10.700,1.47465,1.47485,1.20,5.80
2010.06.15 05:44:10.797,1.47465,1.47485,1.20,4.20
2010.06.15 05:44:10.897,1.47465,1.47485,1.20,4.00
2010.06.15 05:44:11.831,1.47465,1.4748,1.00,1.00
2010.06.15 05:44:11.978,1.4746,1.4748,3.50,1.00
2010.06.15 05:44:15.487,1.47465,1.4748,1.00,1.00
2010.06.15 05:44:15.671,1.4746,1.4748,3.90,1.00
2010.06.15 05:44:15.848,1.4746,1.4748,3.50,1.00
2010.06.15 05:44:16.377,1.4746,1.4748,3.50,3.20
2010.06.15 05:44:16.559,1.47465,1.4748,1.00,2.40
2010.06.15 05:44:16.738,1.47465,1.47485,1.00,1.60
2010.06.15 05:44:16.918,1.47465,1.47485,1.10,1.60
2010.06.15 05:44:17.128,1.47465,1.47485,1.10,1.00
2010.06.15 05:44:20.474,1.47465,1.47485,2.70,1.00
2010.06.15 05:44:20.713,1.4747,1.47485,6.40,1.00
2010.06.15 05:44:20.948,1.4747,1.47485,8.80,1.00
2010.06.15 05:44:21.877,1.4747,1.47485,10.40,1.00
2010.06.15 05:44:22.485,1.4747,1.47485,8.10,1.00
2010.06.15 05:44:23.451,1.4747,1.47485,10.50,1.00
2010.06.15 05:44:23.846,1.4747,1.47485,11.30,1.00
2010.06.15 05:44:24.806,1.4747,1.47485,11.20,1.00
2010.06.15 05:44:25.006,1.4747,1.47485,11.30,1.00
2010.06.15 05:44:25.725,1.4747,1.4749,12.50,1.00
2010.06.15 05:44:25.858,1.4747,1.4749,7.70,1.00
2010.06.15 05:44:26.020,1.4747,1.4749,12.50,1.00
2010.06.15 05:44:26.338,1.4747,1.4749,10.10,1.00
2010.06.15 05:44:27.457,1.4747,1.4749,7.70,1.00
2010.06.15 05:44:27.804,1.4747,1.4749,5.30,1.00
2010.06.15 05:44:28.940,1.4747,1.47485,4.10,1.00
2010.06.15 05:44:29.619,1.4747,1.47485,2.40,1.00
2010.06.15 05:44:30.247,1.4747,1.47485,2.50,1.00
2010.06.15 05:44:31.483,1.4747,1.47485,4.10,1.00
2010.06.15 05:44:31.687,1.4747,1.47485,8.90,1.00
2010.06.15 05:44:31.797,1.4747,1.4749,9.70,1.00
2010.06.15 05:44:31.906,1.4747,1.4749,12.10,1.00
2010.06.15 05:44:32.017,1.4747,1.4749,12.50,1.00
2010.06.15 05:44:32.287,1.47475,1.4749,1.00,1.00
2010.06.15 05:44:34.256,1.47475,1.4749,1.00,1.00
2010.06.15 05:44:34.577,1.47475,1.4749,1.00,1.00
2010.06.15 05:44:34.738,1.4747,1.4749,2.80,1.00
2010.06.15 05:44:37.859,1.4747,1.4749,5.20,1.00
2010.06.15 05:44:38.157,1.4747,1.4749,2.00,1.00
2010.06.15 05:44:38.957,1.4747,1.4749,2.00,1.00
2010.06.15 05:44:39.678,1.4747,1.4749,2.00,1.00
2010.06.15 05:44:39.780,1.4747,1.4749,6.80,1.00
2010.06.15 05:44:42.688,1.47485,1.47495,1.00,1.80
2010.06.15 05:44:42.787,1.47485,1.47495,1.20,1.80
2010.06.15 05:44:42.968,1.47485,1.47495,1.00,1.00
2010.06.15 05:44:43.073,1.47485,1.47495,2.40,1.00
2010.06.15 05:44:43.169,1.47475,1.47495,6.00,1.00
2010.06.15 05:44:43.267,1.47475,1.47495,6.40,1.00
2010.06.15 05:44:43.367,1.4748,1.475,1.20,6.80
2010.06.15 05:44:43.558,1.4748,1.475,1.20,6.00
2010.06.15 05:44:43.883,1.4748,1.475,6.00,2.70
2010.06.15 05:44:44.204,1.47485,1.475,1.00,1.90
2010.06.15 05:44:44.521,1.47485,1.475,1.20,1.00
2010.06.15 05:44:44.838,1.47485,1.47495,1.20,1.00
2010.06.15 05:44:45.814,1.4748,1.47495,1.20,1.00
2010.06.15 05:44:45.969,1.47495,1.475,1.00,2.80
2010.06.15 05:44:46.123,1.47495,1.475,5.20,1.00
2010.06.15 05:44:46.278,1.47495,1.475,1.00,1.00
2010.06.15 05:44:46.432,1.47485,1.47505,8.00,2.40
2010.06.15 05:44:46.738,1.47485,1.47505,1.20,1.00
2010.06.15 05:44:47.081,1.47485,1.47505,1.20,3.20
2010.06.15 05:44:47.427,1.47485,1.47505,1.00,3.20
2010.06.15 05:44:51.888,1.4748,1.47495,2.40,1.00
2010.06.15 05:44:52.290,1.4748,1.47495,1.00,1.00
2010.06.15 05:44:59.836,1.4748,1.475,1.00,4.00
2010.06.15 05:45:00.156,1.4748,1.475,1.00,4.20
2010.06.15 05:45:10.268,1.4748,1.47495,1.00,1.00
2010.06.15 05:45:30.596,1.47475,1.47495,2.40,1.00
2010.06.15 05:45:35.777,1.47485,1.475,1.00,1.00
2010.06.15 05:45:36.123,1.47495,1.47515,1.00,13.30
2010.06.15 05:45:36.468,1.47495,1.47515,1.20,13.30
2010.06.15 05:45:38.089,1.47495,1.47515,1.00,14.10
2010.06.15 05:45:38.179,1.4749,1.47515,1.20,15.30
2010.06.15 05:45:42.520,1.4749,1.4751,1.20,4.30
2010.06.15 05:45:42.629,1.47495,1.47515,1.00,13.60
2010.06.15 05:45:42.850,1.47495,1.47515,1.20,12.80
2010.06.15 05:45:42.958,1.47495,1.47515,1.20,13.10
2010.06.15 05:45:43.069,1.475,1.47515,1.00,12.30
2010.06.15 05:45:43.288,1.475,1.47515,1.20,12.30
2010.06.15 05:45:43.507,1.475,1.47515,1.20,12.50
2010.06.15 05:45:47.572,1.475,1.4751,1.00,3.20
2010.06.15 05:45:57.642,1.475,1.4751,1.20,3.20
2010.06.15 05:46:11.040,1.475,1.4751,1.00,3.20
2010.06.15 05:46:11.658,1.47495,1.4751,2.00,3.20
2010.06.15 05:46:17.565,1.47485,1.4751,2.80,4.80
2010.06.15 05:46:21.309,1.47485,1.4751,3.20,4.80
2010.06.15 05:46:22.098,1.47485,1.475,1.60,1.00
2010.06.15 05:46:22.262,1.47485,1.47505,2.40,1.00
2010.06.15 05:46:22.417,1.47485,1.4751,2.40,5.00
2010.06.15 05:46:22.577,1.47485,1.4751,3.50,5.60
2010.06.15 05:46:23.046,1.47485,1.4751,3.50,4.80
2010.06.15 05:46:28.477,1.47485,1.4751,4.30,4.00
2010.06.15 05:46:28.857,1.4749,1.4751,2.70,3.20
2010.06.15 05:46:29.359,1.4749,1.4751,2.80,3.20
2010.06.15 05:46:29.659,1.475,1.4752,1.00,1.00
2010.06.15 05:46:29.959,1.475,1.4752,1.00,1.00
2010.06.15 05:46:30.262,1.475,1.4752,1.60,1.00
2010.06.15 05:46:30.591,1.475,1.47525,4.30,3.60
2010.06.15 05:46:31.403,1.47505,1.4752,1.00,1.00
2010.06.15 05:46:31.749,1.475,1.4752,1.60,1.00
2010.06.15 05:46:32.730,1.47495,1.4752,6.00,1.00
2010.06.15 05:46:35.871,1.47495,1.47515,6.00,1.00
2010.06.15 05:46:36.039,1.47495,1.47515,3.60,1.00
2010.06.15 05:46:36.098,1.47495,1.47515,2.00,2.70
2010.06.15 05:46:36.301,1.47495,1.47515,1.00,2.70
2010.06.15 05:46:36.362,1.4749,1.47515,6.80,2.80
2010.06.15 05:46:36.517,1.47495,1.47515,1.60,2.00
2010.06.15 05:46:36.577,1.47495,1.47515,1.60,2.40
2010.06.15 05:46:36.687,1.47495,1.47515,1.60,4.00
2010.06.15 05:46:37.030,1.4749,1.4751,1.00,1.00
2010.06.15 05:46:39.619,1.4749,1.47515,4.80,4.10
2010.06.15 05:46:39.829,1.4749,1.47515,6.80,1.20
2010.06.15 05:46:41.267,1.4749,1.47515,6.40,1.20
2010.06.15 05:46:44.279,1.4749,1.4751,2.00,1.00
2010.06.15 05:46:44.476,1.4749,1.4751,1.60,1.00
2010.06.15 05:46:44.677,1.4749,1.4751,1.00,1.00
2010.06.15 05:46:47.398,1.47485,1.4751,6.30,1.00
2010.06.15 05:46:53.889,1.47485,1.4751,6.30,1.00
2010.06.15 05:46:54.062,1.47485,1.4751,6.30,1.00
2010.06.15 05:46:54.241,1.47485,1.47505,6.30,1.00
2010.06.15 05:46:54.447,1.47485,1.47505,6.30,1.00
2010.06.15 05:46:59.548,1.47485,1.4751,6.30,1.00
2010.06.15 05:47:00.428,1.47485,1.47505,6.30,1.00
2010.06.15 05:47:02.118,1.47485,1.47505,6.80,1.00
2010.06.15 05:47:06.530,1.47485,1.47505,6.80,1.00
2010.06.15 05:47:07.467,1.47485,1.47505,6.40,1.00
2010.06.15 05:47:07.770,1.4748,1.4749,5.20,1.00
2010.06.15 05:47:08.070,1.47475,1.4749,1.00,1.00
2010.06.15 05:47:08.832,1.47475,1.47495,1.60,2.20
2010.06.15 05:47:09.185,1.47475,1.47495,2.00,1.40
2010.06.15 05:47:09.770,1.47475,1.47495,1.00,1.20
2010.06.15 05:47:10.060,1.47475,1.47495,1.00,1.20
2010.06.15 05:47:10.349,1.47475,1.47495,1.00,1.20
2010.06.15 05:47:10.615,1.47475,1.47495,4.00,1.20
2010.06.15 05:47:10.873,1.47475,1.475,2.40,4.20
2010.06.15 05:47:11.131,1.47475,1.475,5.20,1.00
2010.06.15 05:47:11.388,1.47475,1.475,6.00,1.00
2010.06.15 05:47:12.075,1.47475,1.47495,4.80,1.00
2010.06.15 05:47:12.423,1.47475,1.47495,1.00,1.20
2010.06.15 05:47:14.190,1.47475,1.47495,1.00,1.20
2010.06.15 05:47:14.779,1.4748,1.47495,5.20,1.00
2010.06.15 05:47:15.033,1.4748,1.47495,5.20,1.00
2010.06.15 05:47:15.291,1.4748,1.4749,1.00,1.00
2010.06.15 05:47:15.873,1.4747,1.47485,5.60,1.00
2010.06.15 05:47:16.190,1.4747,1.47485,1.00,1.00
2010.06.15 05:47:16.596,1.4747,1.47485,1.00,1.20
2010.06.15 05:47:16.932,1.4746,1.47485,2.80,5.40
2010.06.15 05:47:17.600,1.4746,1.4748,1.20,1.00
2010.06.15 05:47:18.016,1.4746,1.47475,1.00,1.00
2010.06.15 05:47:18.353,1.4746,1.47475,1.00,1.00
2010.06.15 05:47:19.935,1.47455,1.47475,9.20,1.00
2010.06.15 05:47:20.346,1.47455,1.47475,9.20,1.00
2010.06.15 05:47:20.557,1.47455,1.4748,9.20,1.00
2010.06.15 05:47:23.008,1.47455,1.47475,8.80,1.00
2010.06.15 05:47:23.381,1.47455,1.47475,8.00,1.00
2010.06.15 05:47:28.033,1.47455,1.47475,8.00,1.00
2010.06.15 05:47:28.176,1.47455,1.4748,8.00,1.00
2010.06.15 05:47:28.738,1.47455,1.47465,6.40,1.00
2010.06.15 05:47:29.021,1.47455,1.47465,1.00,1.00
2010.06.15 05:47:29.157,1.4745,1.47465,2.00,1.00
2010.06.15 05:47:29.555,1.4745,1.47475,4.40,3.20
2010.06.15 05:47:29.828,1.4745,1.47475,4.80,3.60
2010.06.15 05:47:34.084,1.4745,1.47475,4.80,3.80
2010.06.15 05:47:34.236,1.4745,1.47475,4.80,3.00
2010.06.15 05:47:35.047,1.4745,1.47475,4.80,2.80
2010.06.15 05:47:42.697,1.4745,1.47475,4.80,3.00
2010.06.15 05:47:47.179,1.4745,1.47475,4.80,2.80
2010.06.15 05:47:56.558,1.4745,1.4747,4.00,1.00
2010.06.15 05:47:56.887,1.4745,1.4747,4.30,1.00
2010.06.15 05:47:57.451,1.47455,1.47475,2.30,1.60
2010.06.15 05:47:57.596,1.47455,1.4748,2.30,5.60
2010.06.15 05:47:57.909,1.47455,1.4748,4.70,3.20
2010.06.15 05:47:58.248,1.47455,1.4748,7.10,2.40
2010.06.15 05:47:58.928,1.47455,1.4748,7.10,1.60
2010.06.15 05:48:04.526,1.47455,1.4748,6.30,1.60
2010.06.15 05:48:10.373,1.47455,1.4748,6.30,1.00
2010.06.15 05:48:11.147,1.47455,1.4748,7.10,1.00
2010.06.15 05:48:11.997,1.47455,1.4748,7.90,1.00
2010.06.15 05:48:12.208,1.47455,1.47475,7.10,1.00
2010.06.15 05:48:12.417,1.47455,1.47475,5.10,1.00
2010.06.15 05:48:14.491,1.47455,1.47475,1.60,1.00
2010.06.15 05:48:14.833,1.47455,1.47475,3.50,1.00
2010.06.15 05:48:16.892,1.47455,1.47475,3.50,1.00
2010.06.15 05:48:16.988,1.47455,1.47475,3.50,1.00
2010.06.15 05:48:17.091,1.47455,1.47475,3.50,1.20
2010.06.15 05:48:17.188,1.47455,1.4747,2.70,1.00
2010.06.15 05:48:17.389,1.47455,1.4747,3.20,1.00
2010.06.15 05:48:17.735,1.4745,1.4747,5.20,1.00
2010.06.15 05:48:19.351,1.4745,1.4747,4.40,1.00
2010.06.15 05:48:25.360,1.4745,1.4747,4.40,1.60
2010.06.15 05:48:33.510,1.4745,1.47465,3.60,1.00
2010.06.15 05:48:33.854,1.4745,1.47465,1.20,1.00
2010.06.15 05:48:34.258,1.4745,1.47465,3.60,1.00
2010.06.15 05:48:34.606,1.47445,1.47465,5.60,1.00
2010.06.15 05:48:35.288,1.47445,1.4747,5.60,1.60
2010.06.15 05:48:35.620,1.47445,1.4747,7.20,1.60
2010.06.15 05:48:39.847,1.4745,1.4747,3.60,1.60
2010.06.15 05:48:40.069,1.4745,1.4747,4.40,1.00
2010.06.15 05:48:40.288,1.4745,1.4747,4.70,1.00
2010.06.15 05:48:40.866,1.47445,1.4747,9.50,1.60
2010.06.15 05:48:41.175,1.4745,1.4747,4.30,1.60
2010.06.15 05:48:42.099,1.4745,1.4747,1.10,1.60
2010.06.15 05:48:42.418,1.47445,1.4747,5.50,1.60
2010.06.15 05:48:45.573,1.47445,1.4747,1.60,5.80
2010.06.15 05:48:45.649,1.47445,1.4747,4.30,3.40
2010.06.15 05:48:45.729,1.47445,1.4747,4.70,3.20
2010.06.15 05:48:46.709,1.47445,1.4747,4.70,2.40
2010.06.15 05:48:47.048,1.47445,1.4747,4.70,3.20
2010.06.15 05:48:47.387,1.47445,1.4747,4.70,2.40
2010.06.15 05:48:52.700,1.47445,1.4747,4.70,2.50
2010.06.15 05:48:53.417,1.47445,1.4747,4.70,2.40
2010.06.15 05:48:55.889,1.47445,1.4747,4.70,2.50
2010.06.15 05:48:55.969,1.47445,1.47465,4.70,1.00
2010.06.15 05:48:56.289,1.47445,1.47465,4.70,1.00
2010.06.15 05:48:56.510,1.47445,1.47465,4.70,1.00
2010.06.15 05:48:56.594,1.47445,1.47455,1.00,1.00
2010.06.15 05:48:56.684,1.4744,1.47455,4.00,1.00
2010.06.15 05:48:57.868,1.4744,1.47455,3.20,1.00
2010.06.15 05:48:58.270,1.4744,1.47455,2.40,1.00
2010.06.15 05:48:58.470,1.47435,1.4746,5.90,1.00
2010.06.15 05:48:58.666,1.47435,1.4746,6.30,1.00
2010.06.15 05:49:00.204,1.47435,1.47455,5.20,1.00
2010.06.15 05:49:00.602,1.47435,1.47455,4.80,1.00
2010.06.15 05:49:04.599,1.47435,1.4746,6.40,1.00
2010.06.15 05:49:04.898,1.4744,1.4746,1.00,1.00
2010.06.15 05:49:05.058,1.47445,1.47465,4.40,1.50
2010.06.15 05:49:05.204,1.47445,1.47465,4.80,1.20
2010.06.15 05:49:28.725,1.47445,1.47465,4.80,1.00
2010.06.15 05:49:36.300,1.47445,1.47465,4.80,1.00
2010.06.15 05:49:36.606,1.47445,1.47465,5.20,1.00
2010.06.15 05:49:36.921,1.4745,1.47465,2.80,1.00
2010.06.15 05:49:37.211,1.47445,1.47465,9.60,1.00
2010.06.15 05:49:37.499,1.47455,1.47475,1.60,3.20
2010.06.15 05:49:37.925,1.47455,1.47475,2.40,2.20
2010.06.15 05:49:39.377,1.47455,1.47475,1.00,3.30
2010.06.15 05:49:39.578,1.4745,1.47475,5.60,4.50
2010.06.15 05:49:49.787,1.4745,1.47475,5.60,4.30
2010.06.15 05:50:14.938,1.4745,1.47475,5.20,4.20
2010.06.15 05:50:15.167,1.4745,1.47475,5.20,3.00
2010.06.15 05:50:20.718,1.4745,1.47465,5.20,1.00
2010.06.15 05:50:21.114,1.4745,1.47465,5.20,1.00
2010.06.15 05:50:26.389,1.4745,1.47465,5.20,1.00
2010.06.15 05:50:34.417,1.4745,1.47475,5.20,3.80
2010.06.15 05:50:34.764,1.4745,1.47475,5.20,4.20
2010.06.15 05:50:35.008,1.4745,1.47475,5.20,4.60
2010.06.15 05:50:37.387,1.4745,1.47475,2.80,4.60
2010.06.15 05:50:38.130,1.4745,1.47475,2.80,4.20
2010.06.15 05:50:38.332,1.4745,1.47475,2.80,3.80
2010.06.15 05:50:38.531,1.4745,1.47475,2.80,3.00
2010.06.15 05:50:38.727,1.4745,1.47475,2.80,3.80
2010.06.15 05:50:45.518,1.4745,1.47455,1.20,1.00
2010.06.15 05:50:45.820,1.47445,1.47455,2.40,1.00
2010.06.15 05:50:46.064,1.47435,1.47455,2.00,1.00
2010.06.15 05:50:46.255,1.47435,1.47455,4.00,1.60
2010.06.15 05:50:46.438,1.47435,1.47455,4.00,1.30
2010.06.15 05:50:47.850,1.47435,1.47455,5.60,1.00
2010.06.15 05:50:47.939,1.47435,1.4746,5.20,1.00
2010.06.15 05:50:48.118,1.47435,1.4746,5.60,1.00
2010.06.15 05:50:48.299,1.4744,1.4746,1.00,1.00
2010.06.15 05:50:48.394,1.4744,1.4746,3.20,1.00
2010.06.15 05:50:56.339,1.4744,1.47465,4.80,3.20
2010.06.15 05:50:56.492,1.4746,1.47465,3.20,1.00
2010.06.15 05:50:56.642,1.4746,1.4747,1.00,1.00
2010.06.15 05:50:56.794,1.4747,1.47475,2.80,2.70
2010.06.15 05:50:56.957,1.4748,1.47485,1.10,1.00
2010.06.15 05:50:57.258,1.4747,1.4748,1.00,2.40
2010.06.15 05:50:57.565,1.47475,1.4749,1.00,1.00
2010.06.15 05:50:58.016,1.47475,1.47495,4.30,1.00
2010.06.15 05:50:58.365,1.47475,1.47495,4.30,1.00
2010.06.15 05:50:58.712,1.4748,1.475,1.10,1.70
2010.06.15 05:50:59.130,1.47485,1.47505,1.10,5.60
2010.06.15 05:50:59.478,1.47485,1.47505,3.50,1.00
2010.06.15 05:50:59.824,1.475,1.4751,1.00,1.00
2010.06.15 05:51:00.172,1.47505,1.47515,1.10,1.00
2010.06.15 05:51:00.510,1.47505,1.4752,1.10,1.00
2010.06.15 05:51:02.392,1.47505,1.47515,1.00,1.00
2010.06.15 05:51:02.694,1.47495,1.4751,1.00,1.00
2010.06.15 05:51:03.005,1.47485,1.475,1.00,1.00
2010.06.15 05:51:03.314,1.4748,1.475,5.10,1.00
2010.06.15 05:51:03.594,1.4748,1.47495,3.50,1.00
2010.06.15 05:51:03.936,1.47475,1.47495,5.90,1.00
2010.06.15 05:51:04.216,1.47475,1.47495,1.10,1.00
2010.06.15 05:51:04.490,1.47475,1.47495,1.10,2.50
2010.06.15 05:51:05.172,1.47475,1.47495,1.10,2.70
2010.06.15 05:51:05.509,1.47475,1.47495,1.10,2.90
2010.06.15 05:51:05.979,1.47475,1.47495,1.10,3.10
2010.06.15 05:51:06.219,1.47475,1.47495,1.10,2.90
2010.06.15 05:51:06.689,1.47475,1.47495,1.10,3.10
2010.06.15 05:51:07.676,1.47475,1.47495,1.00,3.10
2010.06.15 05:51:07.884,1.4747,1.4748,1.00,1.00
2010.06.15 05:51:08.091,1.47465,1.4748,1.00,1.00
2010.06.15 05:51:08.303,1.4746,1.4748,3.60,3.20
2010.06.15 05:51:08.516,1.47455,1.47475,2.80,1.00
2010.06.15 05:51:08.720,1.47455,1.47475,2.00,1.00
2010.06.15 05:51:09.063,1.4746,1.4748,1.00,5.00
2010.06.15 05:51:09.409,1.4746,1.4748,1.20,4.80
2010.06.15 05:51:09.752,1.4746,1.4748,1.20,4.00
2010.06.15 05:51:10.090,1.4746,1.4748,1.20,1.60
2010.06.15 05:51:12.269,1.4746,1.47475,1.00,1.00
2010.06.15 05:51:12.598,1.4745,1.47465,2.80,1.00
2010.06.15 05:51:12.927,1.47445,1.47465,4.40,1.00
2010.06.15 05:51:13.269,1.4745,1.4747,1.20,1.80
2010.06.15 05:51:13.612,1.47445,1.47465,5.10,1.00
2010.06.15 05:51:13.960,1.47445,1.47465,4.40,1.00
2010.06.15 05:51:16.650,1.4745,1.4747,1.00,1.80
2010.06.15 05:51:16.869,1.4745,1.4747,1.20,1.60
2010.06.15 05:51:17.089,1.4745,1.47465,1.20,1.00
2010.06.15 05:51:19.939,1.4745,1.47465,1.00,1.00
2010.06.15 05:51:20.177,1.47445,1.47465,5.50,1.00
2010.06.15 05:51:20.870,1.47445,1.47465,4.70,1.00
2010.06.15 05:51:21.175,1.4744,1.4746,9.60,1.00
2010.06.15 05:51:21.479,1.4744,1.4746,8.80,1.00
2010.06.15 05:51:21.588,1.4744,1.4746,4.80,1.00
2010.06.15 05:51:22.040,1.4744,1.47465,8.00,2.00
2010.06.15 05:51:22.379,1.4744,1.47465,8.70,1.60
2010.06.15 05:51:23.599,1.4744,1.47465,8.70,1.60
2010.06.15 05:51:25.645,1.4744,1.47465,7.10,2.40
2010.06.15 05:51:25.863,1.4744,1.4746,3.90,1.00
2010.06.15 05:51:26.198,1.4744,1.47465,5.50,2.80
2010.06.15 05:51:27.200,1.4744,1.47465,3.10,5.20
2010.06.15 05:51:27.540,1.4744,1.47465,2.00,5.20
2010.06.15 05:51:30.138,1.4744,1.47465,2.40,5.20
2010.06.15 05:51:30.679,1.4744,1.4746,1.00,1.00
2010.06.15 05:51:31.062,1.47435,1.4746,8.10,1.00
2010.06.15 05:51:31.312,1.47435,1.4745,1.60,1.00
2010.06.15 05:51:31.562,1.47435,1.4745,1.00,1.00
2010.06.15 05:51:32.629,1.4743,1.4745,5.70,1.00
2010.06.15 05:51:35.231,1.4743,1.4745,6.50,1.00
2010.06.15 05:51:35.437,1.4743,1.4745,6.90,1.00
2010.06.15 05:51:37.198,1.4743,1.4745,6.90,1.00
2010.06.15 05:51:37.479,1.4743,1.4745,6.90,1.00
2010.06.15 05:51:37.861,1.4743,1.4745,6.10,1.00
2010.06.15 05:51:38.204,1.4743,1.4745,5.70,1.00
2010.06.15 05:51:40.597,1.4743,1.4745,5.90,1.00
2010.06.15 05:51:40.728,1.4743,1.4745,7.70,1.00
2010.06.15 05:51:40.868,1.4743,1.4745,10.70,1.00
2010.06.15 05:51:41.011,1.47435,1.4745,1.00,1.00
2010.06.15 05:51:48.295,1.4743,1.4745,1.70,5.80
2010.06.15 05:51:48.645,1.4743,1.4745,1.90,1.60
2010.06.15 05:51:48.991,1.4743,1.4745,1.90,1.00
2010.06.15 05:51:49.329,1.4743,1.4745,2.70,1.00
2010.06.15 05:51:50.010,1.4743,1.4745,2.50,1.00
2010.06.15 05:51:56.473,1.4743,1.4745,1.70,1.00
2010.06.15 05:51:56.677,1.4743,1.4745,1.60,1.00
2010.06.15 05:51:56.873,1.47425,1.4745,7.90,1.00
2010.06.15 05:51:57.422,1.47425,1.4745,7.10,1.60
2010.06.15 05:52:00.468,1.47425,1.4745,7.10,1.70
2010.06.15 05:52:00.677,1.47425,1.4745,7.10,1.60
2010.06.15 05:52:00.878,1.47425,1.47445,7.10,1.00
2010.06.15 05:52:01.171,1.47425,1.47445,7.10,1.00
2010.06.15 05:52:01.623,1.47425,1.47445,4.70,1.00
2010.06.15 05:52:01.977,1.4742,1.47445,10.30,2.00
2010.06.15 05:52:02.321,1.47425,1.47445,3.10,2.00
2010.06.15 05:52:02.661,1.47425,1.47445,4.40,1.20
2010.06.15 05:52:03.168,1.47425,1.47445,4.70,1.20
2010.06.15 05:52:03.512,1.47425,1.47445,4.70,1.30
2010.06.15 05:52:05.800,1.47425,1.47445,4.70,1.40
2010.06.15 05:52:09.579,1.47425,1.47445,5.00,1.40
2010.06.15 05:52:10.439,1.47425,1.47445,5.00,1.20
2010.06.15 05:52:13.477,1.47425,1.47445,4.90,1.20
2010.06.15 05:52:13.593,1.47425,1.47445,3.30,2.00
2010.06.15 05:52:13.711,1.4742,1.47445,11.50,2.80
2010.06.15 05:52:14.046,1.4742,1.47445,9.90,3.00
2010.06.15 05:52:14.555,1.4741,1.4743,1.20,4.00
2010.06.15 05:52:14.890,1.47405,1.47425,4.30,1.00
2010.06.15 05:52:15.412,1.47405,1.47425,1.90,1.00
2010.06.15 05:52:15.754,1.47405,1.47425,4.30,1.00
2010.06.15 05:52:16.102,1.47405,1.47425,1.90,1.20
2010.06.15 05:52:16.936,1.47405,1.47425,3.50,1.20
2010.06.15 05:52:17.284,1.47405,1.47425,5.90,1.20
2010.06.15 05:52:17.975,1.4741,1.47425,3.20,1.20
2010.06.15 05:52:18.243,1.4741,1.47425,3.60,1.00
2010.06.15 05:52:20.254,1.4741,1.47425,1.00,1.00
2010.06.15 05:52:20.382,1.47405,1.47425,4.50,1.20
2010.06.15 05:52:21.469,1.47405,1.47425,4.50,1.40
2010.06.15 05:52:22.501,1.47405,1.47425,4.50,1.20
2010.06.15 05:52:22.691,1.47405,1.47425,4.50,2.00
2010.06.15 05:52:22.877,1.47405,1.47425,1.00,2.80
2010.06.15 05:52:23.205,1.47405,1.47425,1.00,3.30
2010.06.15 05:52:23.390,1.474,1.4742,3.60,1.60
2010.06.15 05:52:23.733,1.474,1.4742,2.80,1.00
2010.06.15 05:52:24.082,1.474,1.4742,5.50,1.00
2010.06.15 05:52:24.419,1.474,1.47425,5.50,4.30
2010.06.15 05:52:24.869,1.474,1.47425,5.50,3.90
2010.06.15 05:52:25.240,1.474,1.47425,5.50,3.10
2010.06.15 05:52:26.130,1.474,1.47425,5.50,2.90
2010.06.15 05:52:26.299,1.474,1.47425,5.50,3.20
2010.06.15 05:52:27.135,1.47405,1.47425,1.60,2.10
2010.06.15 05:52:27.389,1.47405,1.47425,1.90,2.10
2010.06.15 05:52:27.639,1.47405,1.47425,2.30,2.10
2010.06.15 05:52:34.588,1.47405,1.47425,2.30,2.20
2010.06.15 05:52:35.008,1.47405,1.47425,1.00,3.00
2010.06.15 05:52:35.248,1.474,1.47425,4.70,3.00
2010.06.15 05:52:37.168,1.474,1.47425,4.70,2.90
2010.06.15 05:52:39.468,1.47405,1.47425,1.60,2.10
2010.06.15 05:52:39.602,1.47405,1.47425,2.00,2.10
2010.06.15 05:52:39.828,1.47405,1.47425,2.00,1.70
2010.06.15 05:52:42.184,1.47405,1.47425,2.00,1.80
2010.06.15 05:52:42.525,1.47405,1.47425,2.00,2.00
2010.06.15 05:52:42.599,1.47405,1.47425,2.00,2.20
2010.06.15 05:52:42.718,1.47405,1.47425,2.00,2.50
2010.06.15 05:52:45.817,1.47405,1.47425,2.00,2.40
2010.06.15 05:52:45.997,1.47405,1.47425,2.00,2.50
2010.06.15 05:52:47.719,1.47405,1.47425,1.20,3.40
2010.06.15 05:52:47.891,1.47405,1.47425,3.50,3.40
2010.06.15 05:52:48.104,1.47405,1.47425,4.30,1.80
2010.06.15 05:52:48.351,1.47405,1.47425,4.70,1.70
2010.06.15 05:52:48.602,1.47405,1.47425,4.70,1.00
2010.06.15 05:52:48.851,1.4741,1.47425,1.10,1.00
2010.06.15 05:52:49.101,1.4741,1.47425,1.00,1.00
2010.06.15 05:52:49.350,1.4741,1.47425,1.00,1.00
2010.06.15 05:52:49.822,1.4741,1.47425,3.60,1.00
2010.06.15 05:52:52.129,1.4741,1.4743,3.60,1.00
2010.06.15 05:52:59.067,1.47405,1.4743,7.50,2.40
2010.06.15 05:52:59.410,1.47405,1.4743,5.10,2.40
2010.06.15 05:53:06.350,1.4741,1.4743,3.90,2.40
2010.06.15 05:53:11.532,1.47405,1.4743,5.10,2.40
2010.06.15 05:53:16.153,1.4741,1.4743,3.20,2.40
2010.06.15 05:53:16.310,1.4741,1.4743,3.90,1.60
2010.06.15 05:53:18.921,1.4741,1.4743,3.10,1.60
2010.06.15 05:53:19.201,1.47405,1.4743,6.70,1.60
2010.06.15 05:53:20.621,1.47405,1.4743,8.30,1.60
2010.06.15 05:53:20.991,1.47405,1.4743,5.90,4.00
2010.06.15 05:53:21.339,1.47415,1.47435,2.30,1.00
2010.06.15 05:53:21.867,1.47415,1.4743,1.60,4.20
2010.06.15 05:53:22.219,1.4741,1.47435,8.80,1.60
2010.06.15 05:53:22.562,1.4741,1.47435,6.00,1.60
2010.06.15 05:53:22.902,1.4741,1.47435,6.70,2.40
2010.06.15 05:53:23.240,1.4741,1.4743,4.70,1.00
2010.06.15 05:53:23.583,1.4741,1.47425,2.40,1.00
2010.06.15 05:53:23.923,1.47405,1.4743,3.60,5.80
2010.06.15 05:53:24.262,1.47405,1.47425,2.30,1.60
2010.06.15 05:53:24.648,1.47405,1.47425,3.90,1.60
2010.06.15 05:53:24.893,1.47405,1.47425,2.30,1.60
2010.06.15 05:53:29.419,1.47405,1.47425,1.00,2.40
2010.06.15 05:53:29.548,1.474,1.47425,7.10,2.40
2010.06.15 05:53:31.049,1.474,1.47425,7.50,2.40
2010.06.15 05:53:31.231,1.474,1.47425,7.60,2.40
2010.06.15 05:53:31.578,1.474,1.47425,7.50,2.40
2010.06.15 05:53:33.946,1.474,1.47425,8.30,1.60
2010.06.15 05:53:34.237,1.4741,1.4742,3.20,1.00
2010.06.15 05:53:34.522,1.47405,1.47425,3.10,3.20
2010.06.15 05:53:34.830,1.47405,1.47425,2.30,1.00
2010.06.15 05:53:41.537,1.47405,1.4743,6.30,3.20
2010.06.15 05:53:43.152,1.47405,1.4743,6.30,3.20
2010.06.15 05:53:44.880,1.47405,1.4743,8.70,3.20
2010.06.15 05:53:45.120,1.4741,1.4743,3.50,2.40
2010.06.15 05:53:45.360,1.4741,1.47425,3.50,1.00
2010.06.15 05:53:46.192,1.4741,1.47425,2.70,1.00
2010.06.15 05:53:46.383,1.4741,1.47425,2.40,1.60
2010.06.15 05:53:46.703,1.47405,1.47425,5.90,2.40
2010.06.15 05:53:47.611,1.47405,1.47425,4.30,2.40
2010.06.15 05:53:47.883,1.47405,1.4742,1.90,1.00
2010.06.15 05:53:48.160,1.474,1.4742,6.40,1.00
2010.06.15 05:53:53.169,1.474,1.4742,5.20,1.00
2010.06.15 05:53:58.729,1.474,1.4742,5.20,1.60
2010.06.15 05:53:58.891,1.474,1.4742,5.20,2.40
2010.06.15 05:54:01.402,1.474,1.4742,5.20,3.20
2010.06.15 05:54:01.765,1.474,1.4742,3.60,3.20
2010.06.15 05:54:01.936,1.47395,1.47415,7.30,1.00
2010.06.15 05:54:02.206,1.47395,1.47415,3.20,1.00
2010.06.15 05:54:03.011,1.47395,1.47415,3.60,2.40
2010.06.15 05:54:04.531,1.47395,1.47415,3.60,3.20
2010.06.15 05:54:06.894,1.47395,1.4741,3.60,1.00
2010.06.15 05:54:12.068,1.47395,1.4741,3.20,1.00
2010.06.15 05:54:14.001,1.47395,1.4741,3.50,1.00
2010.06.15 05:54:18.441,1.47395,1.47415,3.50,3.20
2010.06.15 05:54:18.610,1.47395,1.47415,3.50,2.40
2010.06.15 05:54:18.779,1.47395,1.47415,3.90,2.40
2010.06.15 05:54:41.254,1.47395,1.47415,1.50,2.40
2010.06.15 05:54:41.779,1.47395,1.47415,1.50,2.60
2010.06.15 05:54:43.525,1.47395,1.4741,1.50,1.00
2010.06.15 05:54:43.635,1.47395,1.4741,1.00,1.00
2010.06.15 05:54:44.010,1.4739,1.4741,4.80,3.20
2010.06.15 05:54:44.120,1.4739,1.4741,3.20,4.00
2010.06.15 05:54:44.467,1.4739,1.47405,1.00,1.00
2010.06.15 05:54:45.318,1.4739,1.47405,1.00,1.00
2010.06.15 05:54:45.590,1.4739,1.47405,1.00,1.00
2010.06.15 05:54:45.859,1.4739,1.47405,1.00,1.00
2010.06.15 05:54:48.053,1.4739,1.47405,1.00,1.80
2010.06.15 05:54:48.405,1.4739,1.47405,1.00,2.60
2010.06.15 05:54:54.183,1.4739,1.47405,1.00,1.80
2010.06.15 05:54:54.349,1.4739,1.47405,1.00,1.00
2010.06.15 05:54:54.509,1.4739,1.47405,2.40,1.00
2010.06.15 05:54:57.788,1.4739,1.47405,4.80,1.80
2010.06.15 05:54:57.840,1.4739,1.47405,1.00,1.80
2010.06.15 05:54:57.899,1.4739,1.47405,1.00,2.60
2010.06.15 05:54:59.371,1.4739,1.47405,1.00,1.80
2010.06.15 05:54:59.645,1.4739,1.47405,1.60,1.80
2010.06.15 05:54:59.661,1.4739,1.47405,1.60,1.00
2010.06.15 05:54:59.787,1.4739,1.47405,3.20,1.00
2010.06.15 05:55:00.010,1.4739,1.47405,1.00,1.00
2010.06.15 05:55:01.579,1.4739,1.47405,2.40,1.00
2010.06.15 05:55:01.724,1.4739,1.47405,2.40,1.00
2010.06.15 05:55:02.010,1.4739,1.47405,4.80,1.00
2010.06.15 05:55:04.240,1.4739,1.47405,2.40,1.00
2010.06.15 05:55:05.979,1.4739,1.47405,4.80,1.00
2010.06.15 05:55:06.740,1.47395,1.47405,1.00,1.00
2010.06.15 05:55:06.870,1.47395,1.47405,1.50,1.00
2010.06.15 05:55:07.130,1.47395,1.47405,3.90,1.00
2010.06.15 05:55:07.510,1.474,1.47405,1.90,1.00
2010.06.15 05:55:08.348,1.4741,1.47425,1.00,1.60
2010.06.15 05:55:08.696,1.4741,1.4743,4.70,3.50
2010.06.15 05:55:11.221,1.4741,1.47425,3.90,1.00
2010.06.15 05:55:11.398,1.4741,1.47425,2.40,1.60
2010.06.15 05:55:11.580,1.47405,1.47425,7.10,1.60
2010.06.15 05:55:11.760,1.47405,1.47425,1.50,1.60
2010.06.15 05:55:11.940,1.47405,1.47425,3.90,1.60
2010.06.15 05:55:12.040,1.47405,1.47425,1.50,1.60
2010.06.15 05:55:12.509,1.47405,1.47425,3.90,1.60
2010.06.15 05:55:12.841,1.47405,1.4742,3.10,1.60
2010.06.15 05:55:12.946,1.474,1.4742,1.00,2.40
2010.06.15 05:55:13.294,1.4741,1.4742,1.00,5.60
2010.06.15 05:55:13.644,1.4741,1.47425,1.50,4.80
2010.06.15 05:55:13.990,1.4741,1.4743,3.90,1.90
2010.06.15 05:55:19.658,1.47415,1.4743,1.60,1.00
2010.06.15 05:55:19.859,1.4743,1.47435,1.60,1.00
2010.06.15 05:55:20.069,1.4743,1.4744,4.30,1.60
2010.06.15 05:55:20.278,1.47435,1.47445,1.00,2.40
2010.06.15 05:55:20.482,1.47435,1.4745,1.00,1.60
2010.06.15 05:55:20.821,1.47435,1.4745,1.50,1.00
2010.06.15 05:55:21.502,1.47435,1.47455,1.50,4.00
2010.06.15 05:55:22.898,1.47435,1.4745,1.00,1.00
2010.06.15 05:55:23.080,1.47435,1.47445,1.00,1.00
2010.06.15 05:55:23.418,1.47425,1.47445,3.10,1.00
2010.06.15 05:55:23.603,1.47425,1.47445,1.50,3.20
2010.06.15 05:55:27.955,1.47425,1.47445,1.50,1.00
2010.06.15 05:55:30.429,1.4743,1.4745,1.00,6.00
2010.06.15 05:55:30.599,1.4743,1.4745,1.50,5.70
2010.06.15 05:55:39.108,1.4743,1.4745,1.50,4.90
2010.06.15 05:55:45.771,1.4743,1.4745,1.50,4.80
2010.06.15 05:55:45.969,1.4743,1.4745,1.50,2.40
2010.06.15 05:55:46.171,1.4743,1.4745,3.90,1.60
2010.06.15 05:55:46.531,1.47435,1.47455,1.20,7.40
2010.06.15 05:55:46.789,1.47435,1.47455,1.20,6.30
2010.06.15 05:55:47.051,1.4743,1.4745,3.10,1.00
2010.06.15 05:55:47.309,1.4743,1.4745,5.50,1.00
2010.06.15 05:55:52.799,1.4743,1.4745,3.10,1.00
2010.06.15 05:55:53.090,1.4743,1.4745,2.30,3.20
2010.06.15 05:55:53.299,1.4743,1.4745,1.50,3.20
2010.06.15 05:55:59.401,1.4743,1.4745,1.50,1.00
2010.06.15 05:55:59.651,1.4743,1.4745,1.50,3.20
2010.06.15 05:55:59.901,1.4743,1.4745,1.50,1.00
2010.06.15 05:56:00.400,1.4743,1.4745,1.50,4.00
2010.06.15 05:56:01.132,1.4743,1.47445,1.00,1.00
2010.06.15 05:56:01.334,1.47425,1.47445,2.30,1.00
2010.06.15 05:56:02.291,1.4744,1.4745,3.70,3.20
2010.06.15 05:56:02.494,1.4745,1.47455,1.00,7.20
2010.06.15 05:56:02.642,1.4745,1.47455,3.90,2.40
2010.06.15 05:56:02.840,1.4745,1.47465,3.90,1.00
2010.06.15 05:56:03.000,1.47455,1.4747,1.50,1.10
2010.06.15 05:56:03.452,1.47455,1.4747,1.50,1.00
2010.06.15 05:56:03.790,1.47455,1.4747,1.50,1.00
2010.06.15 05:56:06.269,1.47455,1.4747,1.50,1.00
2010.06.15 05:56:06.382,1.47455,1.4747,1.50,1.00
2010.06.15 05:56:06.490,1.4746,1.4747,1.50,1.00
2010.06.15 05:56:07.624,1.4746,1.47475,1.50,1.10
2010.06.15 05:56:09.989,1.4746,1.4747,1.50,1.00
2010.06.15 05:56:10.757,1.4746,1.47475,1.50,1.10
2010.06.15 05:56:11.447,1.47455,1.47475,1.50,1.90
2010.06.15 05:56:13.268,1.47455,1.4747,1.50,1.00
2010.06.15 05:56:13.951,1.4746,1.4747,1.00,1.00
2010.06.15 05:56:14.113,1.4746,1.47475,1.50,1.00
2010.06.15 05:56:15.634,1.4746,1.47475,1.50,1.00
2010.06.15 05:56:16.800,1.4746,1.47475,6.30,1.00
2010.06.15 05:56:19.986,1.4746,1.47475,1.50,1.00
2010.06.15 05:56:20.272,1.47455,1.47475,6.70,1.10
2010.06.15 05:56:20.549,1.47455,1.47475,6.30,1.10
2010.06.15 05:56:21.939,1.47455,1.4747,6.30,1.00
2010.06.15 05:56:23.554,1.4746,1.47475,1.00,1.00
2010.06.15 05:56:23.677,1.4748,1.47485,2.40,5.20
2010.06.15 05:56:23.796,1.4748,1.47485,4.80,3.50
2010.06.15 05:56:23.915,1.4748,1.47485,2.40,1.00
2010.06.15 05:56:24.035,1.47485,1.4749,1.00,1.10
2010.06.15 05:56:24.276,1.47485,1.47495,1.00,1.00
2010.06.15 05:56:24.630,1.475,1.4751,1.00,1.00
2010.06.15 05:56:24.980,1.47505,1.47515,1.00,1.00
2010.06.15 05:56:25.490,1.47515,1.47525,1.00,1.00
2010.06.15 05:56:25.835,1.47515,1.4753,2.30,1.00
2010.06.15 05:56:26.185,1.47515,1.4753,2.00,1.00
2010.06.15 05:56:26.831,1.4752,1.4753,1.00,1.00
2010.06.15 05:56:27.130,1.4752,1.47535,1.20,1.00
2010.06.15 05:56:28.830,1.47525,1.47535,1.00,1.00
2010.06.15 05:56:29.041,1.4752,1.47535,1.60,1.00
2010.06.15 05:56:29.252,1.4752,1.4754,1.10,4.90
2010.06.15 05:56:29.459,1.4752,1.47535,1.10,1.00
2010.06.15 05:56:29.680,1.4752,1.4754,1.10,4.90
2010.06.15 05:56:30.340,1.4752,1.4754,1.00,4.90
2010.06.15 05:56:30.559,1.47515,1.4754,2.80,4.90
2010.06.15 05:56:31.590,1.47515,1.47525,1.20,1.00
2010.06.15 05:56:31.769,1.4751,1.47525,1.00,1.00
2010.06.15 05:56:31.859,1.47515,1.4753,1.00,1.80
2010.06.15 05:56:31.949,1.47515,1.4753,1.00,1.00
2010.06.15 05:56:32.041,1.4752,1.47535,1.60,1.00
2010.06.15 05:56:32.459,1.4752,1.4754,2.00,4.40
2010.06.15 05:56:32.551,1.4752,1.4754,2.00,4.10
2010.06.15 05:56:33.228,1.4752,1.47535,2.00,1.00
2010.06.15 05:56:33.569,1.4752,1.47525,1.00,1.00
2010.06.15 05:56:33.913,1.47515,1.4753,2.00,2.40
2010.06.15 05:56:34.135,1.47515,1.47535,2.80,1.00
2010.06.15 05:56:34.354,1.47515,1.47535,2.80,1.00
2010.06.15 05:56:34.968,1.47515,1.47535,3.60,1.00
2010.06.15 05:56:35.312,1.47515,1.47535,4.40,1.00
2010.06.15 05:56:36.762,1.4752,1.47535,1.60,1.00
2010.06.15 05:56:37.130,1.4752,1.47535,2.00,1.00
2010.06.15 05:56:39.827,1.4752,1.47535,2.00,1.00
2010.06.15 05:56:40.140,1.4752,1.47535,1.00,2.00
2010.06.15 05:56:40.616,1.47515,1.4753,3.10,1.00
2010.06.15 05:56:42.969,1.47515,1.4753,3.10,1.00
2010.06.15 05:56:43.552,1.47515,1.4753,2.80,1.00
2010.06.15 05:56:43.740,1.47515,1.4753,1.20,1.00
2010.06.15 05:56:43.929,1.4751,1.4753,3.90,1.00
2010.06.15 05:56:44.880,1.4751,1.4753,3.90,1.00
2010.06.15 05:56:45.120,1.4751,1.4753,3.90,1.00
2010.06.15 05:56:45.400,1.47515,1.4753,1.00,1.00
2010.06.15 05:56:45.621,1.47515,1.4753,1.10,1.00
2010.06.15 05:56:46.740,1.47515,1.47525,1.00,1.00
2010.06.15 05:56:46.961,1.4751,1.4752,1.60,1.00
2010.06.15 05:56:47.181,1.47505,1.4752,1.00,1.00
2010.06.15 05:56:48.805,1.47505,1.47525,2.40,1.00
2010.06.15 05:56:49.062,1.47505,1.47525,2.80,1.00
2010.06.15 05:56:49.310,1.47505,1.47525,3.60,1.00
2010.06.15 05:56:50.513,1.47505,1.4752,2.00,1.00
2010.06.15 05:56:50.639,1.47505,1.4752,1.60,1.00
2010.06.15 05:56:50.770,1.47505,1.4752,1.00,1.00
2010.06.15 05:56:52.765,1.47505,1.47525,3.20,1.00
2010.06.15 05:56:53.012,1.47505,1.47525,2.00,1.40
2010.06.15 05:56:53.265,1.47505,1.4752,1.60,1.00
2010.06.15 05:56:53.511,1.47505,1.4752,1.00,1.00
2010.06.15 05:56:53.824,1.475,1.4752,2.40,1.00
2010.06.15 05:56:54.174,1.475,1.4752,1.60,1.30
2010.06.15 05:56:56.669,1.475,1.4752,3.20,1.00
2010.06.15 05:56:56.819,1.47505,1.4752,1.00,1.00
2010.06.15 05:56:56.973,1.47515,1.4752,1.60,1.00
2010.06.15 05:56:57.080,1.4752,1.4753,1.20,2.10
2010.06.15 05:56:57.190,1.4752,1.4753,1.20,1.00
2010.06.15 05:56:57.399,1.4752,1.47535,1.20,1.30
2010.06.15 05:57:00.548,1.4752,1.47535,1.00,1.30
2010.06.15 05:57:01.651,1.47515,1.4753,1.00,1.00
2010.06.15 05:57:02.081,1.4751,1.4753,1.60,1.00
2010.06.15 05:57:02.660,1.4751,1.4753,1.00,1.00
2010.06.15 05:57:08.431,1.4751,1.47525,1.00,1.00
2010.06.15 05:57:08.718,1.47505,1.47525,4.80,1.50
2010.06.15 05:57:09.003,1.47505,1.47525,2.40,1.50
2010.06.15 05:57:10.012,1.4751,1.47515,1.00,1.00
2010.06.15 05:57:10.357,1.475,1.4752,1.60,1.00
2010.06.15 05:57:10.706,1.475,1.4752,4.80,1.00
2010.06.15 05:57:11.053,1.47505,1.47525,1.00,2.40
2010.06.15 05:57:11.397,1.475,1.4752,2.40,1.00
2010.06.15 05:57:11.892,1.4751,1.47525,1.00,4.00
2010.06.15 05:57:12.238,1.4751,1.47525,1.00,1.40
2010.06.15 05:57:12.586,1.4751,1.47525,1.20,1.00
2010.06.15 05:57:12.892,1.4751,1.47525,1.20,1.00
2010.06.15 05:57:13.355,1.4751,1.47525,1.20,1.40
2010.06.15 05:57:13.661,1.4751,1.47515,1.20,1.00
2010.06.15 05:57:13.811,1.4751,1.47515,1.00,1.00
2010.06.15 05:57:13.960,1.475,1.47515,1.20,1.00
2010.06.15 05:57:14.250,1.475,1.47515,1.20,1.20
2010.06.15 05:57:15.133,1.475,1.47515,1.00,1.20
2010.06.15 05:57:15.422,1.475,1.47515,1.00,1.00
2010.06.15 05:57:16.050,1.475,1.47515,1.00,1.20
2010.06.15 05:57:16.849,1.47495,1.47515,1.00,2.60
2010.06.15 05:57:18.242,1.47495,1.47515,1.00,2.60
2010.06.15 05:57:18.489,1.47495,1.47515,1.00,1.40
2010.06.15 05:57:18.734,1.47495,1.47515,1.00,1.20
2010.06.15 05:57:19.215,1.47495,1.47515,1.00,1.30
2010.06.15 05:57:19.841,1.475,1.47515,1.00,1.00
2010.06.15 05:57:20.181,1.475,1.47515,1.00,1.00
2010.06.15 05:57:20.849,1.47495,1.47515,1.20,1.20
2010.06.15 05:57:21.170,1.47495,1.47515,1.00,1.20
2010.06.15 05:57:22.109,1.475,1.47515,1.00,1.00
2010.06.15 05:57:22.609,1.47495,1.475,6.20,2.40
2010.06.15 05:57:22.708,1.47495,1.475,1.00,4.80
2010.06.15 05:57:22.798,1.47485,1.47495,1.00,6.00
2010.06.15 05:57:22.892,1.4748,1.47495,1.00,6.40
2010.06.15 05:57:23.233,1.4747,1.47475,2.00,1.60
2010.06.15 05:57:23.587,1.47465,1.47475,1.00,2.40
2010.06.15 05:57:23.937,1.47455,1.4746,1.60,3.20
2010.06.15 05:57:24.287,1.47435,1.4745,1.00,5.80
2010.06.15 05:57:24.634,1.4743,1.47445,1.60,2.40
2010.06.15 05:57:25.092,1.4743,1.47445,1.20,4.80
2010.06.15 05:57:25.437,1.4745,1.47455,1.20,4.00
2010.06.15 05:57:25.785,1.47465,1.4747,1.00,4.00
2010.06.15 05:57:26.133,1.47465,1.47475,1.00,3.20
2010.06.15 05:57:26.483,1.47455,1.47475,1.60,3.20
2010.06.15 05:57:26.719,1.47455,1.47475,2.00,3.20
2010.06.15 05:57:27.200,1.4746,1.47475,1.00,3.20
2010.06.15 05:57:27.440,1.4746,1.47475,1.80,2.40
2010.06.15 05:57:27.633,1.4748,1.47485,1.00,10.60
2010.06.15 05:57:27.826,1.4748,1.47485,3.60,2.60
2010.06.15 05:57:28.151,1.4749,1.47495,2.80,1.00
2010.06.15 05:57:28.347,1.47495,1.4751,1.20,5.70
2010.06.15 05:57:28.545,1.475,1.4751,1.00,1.00
2010.06.15 05:57:29.045,1.47505,1.47515,1.20,1.00
2010.06.15 05:57:29.397,1.47505,1.47515,1.20,1.00
2010.06.15 05:57:29.742,1.47505,1.4752,1.20,1.70
2010.06.15 05:57:30.084,1.475,1.47515,1.00,1.00
2010.06.15 05:57:30.435,1.4749,1.47505,1.00,1.00
2010.06.15 05:57:30.787,1.4748,1.475,4.00,1.00
2010.06.15 05:57:31.098,1.4748,1.475,3.60,1.00
2010.06.15 05:57:31.512,1.4748,1.4749,1.40,1.00
2010.06.15 05:57:31.824,1.4747,1.4749,1.20,4.80
2010.06.15 05:57:32.144,1.4747,1.4749,1.20,1.60
2010.06.15 05:57:32.771,1.4747,1.4749,2.00,1.60
2010.06.15 05:57:33.552,1.4747,1.47485,1.00,1.00
2010.06.15 05:57:33.812,1.47465,1.47485,1.90,3.20
2010.06.15 05:57:34.153,1.47475,1.4749,1.10,5.00
2010.06.15 05:57:34.513,1.4748,1.47495,1.00,1.00
2010.06.15 05:57:34.857,1.4748,1.47495,1.10,1.00
2010.06.15 05:57:37.400,1.4748,1.47485,1.00,1.00
2010.06.15 05:57:37.662,1.47475,1.4749,1.00,4.00
2010.06.15 05:57:37.922,1.4748,1.47495,1.10,1.00
2010.06.15 05:57:38.180,1.4748,1.47495,1.10,1.00
2010.06.15 05:57:39.563,1.4748,1.47495,1.10,1.00
2010.06.15 05:57:48.762,1.4748,1.47495,1.10,1.00
2010.06.15 05:57:48.872,1.4748,1.475,1.10,1.60
2010.06.15 05:57:49.080,1.4748,1.475,2.70,1.00
2010.06.15 05:57:56.289,1.4748,1.475,2.40,1.00
2010.06.15 05:57:57.090,1.4748,1.475,1.60,3.20
2010.06.15 05:57:57.199,1.4748,1.475,1.00,3.20
2010.06.15 05:58:00.839,1.47475,1.47495,4.40,1.00
2010.06.15 05:58:01.199,1.47475,1.47495,4.00,1.00
2010.06.15 05:58:01.376,1.47475,1.47495,3.20,1.00
2010.06.15 05:58:03.460,1.47475,1.47495,3.60,1.00
2010.06.15 05:58:04.038,1.47475,1.47495,3.20,1.00
2010.06.15 05:58:04.128,1.47475,1.47495,2.40,1.00
2010.06.15 05:58:04.342,1.47495,1.475,1.00,3.40
2010.06.15 05:58:04.439,1.47495,1.47505,1.00,2.80
2010.06.15 05:58:04.783,1.4749,1.4751,2.00,1.00
2010.06.15 05:58:05.120,1.4749,1.4751,1.60,3.20
2010.06.15 05:58:06.209,1.4749,1.4751,1.00,3.20
2010.06.15 05:58:06.610,1.4749,1.4751,1.20,4.00
2010.06.15 05:58:06.810,1.4749,1.4751,1.20,4.10
2010.06.15 05:58:07.495,1.47485,1.47505,2.80,1.20
2010.06.15 05:58:11.348,1.47485,1.47505,2.40,1.20
2010.06.15 05:58:21.618,1.47485,1.47505,2.80,1.20
2010.06.15 05:58:24.079,1.47485,1.47505,2.80,1.70
2010.06.15 05:58:24.829,1.47485,1.47505,2.80,1.70
2010.06.15 05:58:25.009,1.47485,1.47505,2.80,1.20
2010.06.15 05:58:25.189,1.47485,1.475,2.80,1.00
2010.06.15 05:58:27.790,1.4749,1.475,1.00,1.00
2010.06.15 05:58:28.036,1.4749,1.475,1.10,1.00
2010.06.15 05:58:29.006,1.4749,1.475,2.70,1.00
2010.06.15 05:58:29.581,1.4749,1.475,1.10,1.00
2010.06.15 05:58:30.150,1.47485,1.475,3.10,1.00
2010.06.15 05:58:30.650,1.47485,1.475,2.70,1.00
2010.06.15 05:58:33.872,1.47485,1.47495,2.70,2.00
2010.06.15 05:58:33.999,1.47485,1.47495,1.90,4.00
2010.06.15 05:58:34.130,1.47485,1.47495,1.00,4.00
2010.06.15 05:58:34.264,1.4748,1.47495,1.90,4.00
2010.06.15 05:58:34.486,1.4748,1.4749,1.10,1.00
2010.06.15 05:58:34.638,1.4747,1.4749,1.90,1.00
2010.06.15 05:58:34.926,1.4747,1.4749,3.50,1.00
2010.06.15 05:58:35.204,1.4747,1.4749,6.10,1.00
2010.06.15 05:58:35.483,1.4747,1.4749,6.90,1.00
2010.06.15 05:58:35.762,1.4748,1.4749,3.20,1.00
2010.06.15 05:58:36.080,1.4749,1.47495,2.40,1.00
2010.06.15 05:58:36.390,1.47495,1.47515,3.10,1.00
2010.06.15 05:58:36.693,1.475,1.4752,1.00,4.40
2010.06.15 05:58:37.021,1.475,1.4752,1.10,4.10
2010.06.15 05:58:38.850,1.47505,1.4752,1.00,3.30
2010.06.15 05:58:39.250,1.47505,1.4752,1.20,1.00
2010.06.15 05:58:41.101,1.4751,1.4752,1.00,1.00
2010.06.15 05:58:41.179,1.4751,1.47525,1.00,1.30
2010.06.15 05:58:41.262,1.47515,1.47525,1.00,1.10
2010.06.15 05:58:41.420,1.47515,1.47525,1.00,1.00
2010.06.15 05:58:41.500,1.47515,1.4753,1.10,4.90
2010.06.15 05:58:44.940,1.47515,1.4753,1.00,4.90
2010.06.15 05:58:50.501,1.47515,1.4753,1.00,4.10
2010.06.15 05:58:51.808,1.4751,1.4753,1.20,4.90
2010.06.15 05:58:52.099,1.4751,1.4753,1.00,4.90
2010.06.15 05:58:53.599,1.4751,1.4753,1.00,5.70
2010.06.15 05:58:54.461,1.4752,1.4753,1.00,4.90
2010.06.15 05:58:54.671,1.47515,1.4753,1.20,1.00
2010.06.15 05:58:54.982,1.47515,1.4753,1.00,2.40
2010.06.15 05:58:55.171,1.47515,1.4753,1.20,2.40
2010.06.15 05:58:55.741,1.4751,1.4753,1.60,3.20
2010.06.15 05:58:55.930,1.4751,1.4753,1.20,3.20
2010.06.15 05:58:56.672,1.4751,1.4753,1.20,4.00
2010.06.15 05:58:57.569,1.4751,1.4753,1.50,4.80
2010.06.15 05:59:04.183,1.4751,1.4753,1.50,2.40
2010.06.15 05:59:04.260,1.47515,1.4753,1.00,1.00
2010.06.15 05:59:04.339,1.47515,1.4753,1.50,1.00
2010.06.15 05:59:04.499,1.47515,1.47535,1.50,5.10
2010.06.15 05:59:05.701,1.47515,1.47535,1.50,4.90
2010.06.15 05:59:05.820,1.47515,1.47535,1.50,3.30
2010.06.15 05:59:06.027,1.47515,1.47535,2.30,3.30
2010.06.15 05:59:06.159,1.4752,1.4754,1.50,3.30
2010.06.15 05:59:08.001,1.47515,1.47535,3.90,1.00
2010.06.15 05:59:08.829,1.47515,1.47535,3.10,1.00
2010.06.15 05:59:11.530,1.4752,1.4754,1.20,4.00
2010.06.15 05:59:11.698,1.4752,1.4754,1.50,4.00
2010.06.15 05:59:12.093,1.47535,1.4754,1.20,3.20
2010.06.15 05:59:12.334,1.4753,1.4755,2.30,1.80
2010.06.15 05:59:12.572,1.4753,1.4755,1.50,1.60
2010.06.15 05:59:12.812,1.4753,1.4755,1.50,4.00
2010.06.15 05:59:13.373,1.47525,1.47545,3.10,1.00
2010.06.15 05:59:13.650,1.4753,1.47545,1.00,1.00
2010.06.15 05:59:14.089,1.4753,1.4755,1.50,4.30
2010.06.15 05:59:14.815,1.4753,1.47535,1.00,1.00
2010.06.15 05:59:14.995,1.47525,1.4753,1.00,1.00
2010.06.15 05:59:15.440,1.47515,1.4753,1.60,1.00
2010.06.15 05:59:15.718,1.4753,1.47545,1.10,4.30
2010.06.15 05:59:15.994,1.4753,1.47545,1.50,1.00
2010.06.15 05:59:16.342,1.4753,1.4755,1.50,5.10
2010.06.15 05:59:18.160,1.4753,1.47535,1.00,1.00
2010.06.15 05:59:18.412,1.4752,1.47535,3.20,1.00
2010.06.15 05:59:18.661,1.47515,1.47535,1.90,1.00
2010.06.15 05:59:18.910,1.47515,1.47535,1.10,1.00
2010.06.15 05:59:19.162,1.4752,1.4754,1.00,5.80
2010.06.15 05:59:19.415,1.4752,1.4754,1.10,4.00
2010.06.15 05:59:19.659,1.4752,1.4754,4.00,1.00
2010.06.15 05:59:20.052,1.47525,1.47545,1.10,1.60
2010.06.15 05:59:20.361,1.47525,1.47545,1.10,1.00
2010.06.15 05:59:23.412,1.4753,1.4755,1.00,5.80
2010.06.15 05:59:23.519,1.4753,1.4755,1.00,5.00
2010.06.15 05:59:23.629,1.4753,1.4755,1.10,5.00
2010.06.15 05:59:23.738,1.4753,1.4755,1.10,4.80
2010.06.15 05:59:24.173,1.4753,1.4755,1.10,3.20
2010.06.15 05:59:24.293,1.4753,1.4755,1.10,1.00
2010.06.15 05:59:25.773,1.47525,1.4754,1.20,1.00
2010.06.15 05:59:25.879,1.47525,1.4754,1.00,1.00
2010.06.15 05:59:26.105,1.4752,1.4754,1.90,1.00
2010.06.15 05:59:26.211,1.4752,1.4754,1.90,4.00
2010.06.15 05:59:26.863,1.47515,1.47535,1.90,1.00
2010.06.15 05:59:29.662,1.47515,1.4753,1.10,1.00
2010.06.15 05:59:29.830,1.4751,1.4753,3.90,1.00
2010.06.15 05:59:30.001,1.4751,1.4753,3.10,3.20
2010.06.15 05:59:30.169,1.4751,1.4753,2.30,3.20
2010.06.15 05:59:31.490,1.4751,1.4753,1.10,3.20
2010.06.15 05:59:32.501,1.4751,1.47525,1.00,1.00
2010.06.15 05:59:32.847,1.4751,1.47525,1.00,1.00
2010.06.15 05:59:33.148,1.4751,1.4753,4.90,1.00
2010.06.15 05:59:33.444,1.4751,1.4753,4.90,1.00
2010.06.15 05:59:33.740,1.4751,1.4753,5.70,1.00
2010.06.15 05:59:35.050,1.4751,1.4753,6.10,1.00
2010.06.15 05:59:35.180,1.4751,1.4753,8.50,1.00
2010.06.15 05:59:35.309,1.4752,1.47535,1.20,1.00
2010.06.15 05:59:35.439,1.4752,1.47535,1.20,1.00
2010.06.15 05:59:35.570,1.4752,1.4754,1.20,5.70
2010.06.15 05:59:38.894,1.4752,1.47535,1.00,1.00
2010.06.15 05:59:39.002,1.47515,1.47535,1.60,1.20
2010.06.15 05:59:39.110,1.47515,1.47535,1.20,1.20
2010.06.15 05:59:41.858,1.47515,1.47535,1.20,1.00
2010.06.15 05:59:42.030,1.47515,1.47535,1.20,1.00
2010.06.15 05:59:44.043,1.47515,1.47535,1.20,1.00
2010.06.15 05:59:44.264,1.47515,1.47535,1.20,1.00
2010.06.15 05:59:44.338,1.47515,1.47535,1.20,1.20
2010.06.15 05:59:45.048,1.47515,1.47535,1.20,2.00
2010.06.15 05:59:51.932,1.47515,1.47535,1.20,2.00
2010.06.15 05:59:52.088,1.4752,1.47535,1.00,1.20
2010.06.15 05:59:52.249,1.4752,1.47535,1.00,1.00
2010.06.15 05:59:52.408,1.4752,1.47535,1.50,1.00
2010.06.15 05:59:56.811,1.4752,1.4754,1.50,5.70
2010.06.15 05:59:57.728,1.4752,1.4754,1.50,1.70
2010.06.15 05:59:57.954,1.4752,1.4754,1.50,1.60
