2016.06.02 06:00:00.255,1.44344,1.44356,1.76,1.00
2016.06.02 06:00:00.357,1.44344,1.44355,1.29,3.82
2016.06.02 06:00:00.459,1.44346,1.44357,2.06,1.20
2016.06.02 06:00:00.610,1.44346,1.44358,2.81,1.50
2016.06.02 06:00:01.119,1.44347,1.44359,1.25,3.75
2016.06.02 06:00:01.667,1.44347,1.44359,1.32,3.82
2016.06.02 06:00:02.331,1.44346,1.44357,1.10,1.00
2016.06.02 06:00:02.383,1.44345,1.44356,1.00,1.50
2016.06.02 06:00:03.032,1.44345,1.44356,1.00,4.57
2016.06.02 06:00:09.184,1.44343,1.44356,2.70,4.95
2016.06.02 06:00:11.961,1.44343,1.44349,2.25,1.00
2016.06.02 06:00:12.267,1.44333,1.44337,6.75,1.12
2016.06.02 06:00:12.319,1.44327,1.44337,1.00,1.50
2016.06.02 06:00:12.473,1.44328,1.4433,1.00,1.00
2016.06.02 06:00:12.703,1.44321,1.44326,1.50,1.00
2016.06.02 06:00:12.755,1.44321,1.44324,1.50,1.00
2016.06.02 06:00:12.806,1.44314,1.44327,1.65,2.02
2016.06.02 06:00:12.909,1.44322,1.44324,1.00,1.00
2016.06.02 06:00:13.113,1.44332,1.44338,1.31,3.82
2016.06.02 06:00:13.216,1.44335,1.4434,1.00,2.06
2016.06.02 06:00:13.419,1.44336,1.44345,1.07,1.19
2016.06.02 06:00:13.635,1.44345,1.44347,1.52,1.00
2016.06.02 06:00:13.687,1.44348,1.44351,1.00,3.75
2016.06.02 06:00:13.739,1.44349,1.44356,1.37,3.75
2016.06.02 06:00:13.842,1.44353,1.44361,1.37,1.25
2016.06.02 06:00:13.893,1.44356,1.44361,1.00,1.25
2016.06.02 06:00:13.995,1.44356,1.44368,1.00,5.51
2016.06.02 06:00:15.138,1.44356,1.44367,1.00,1.45
2016.06.02 06:00:15.396,1.44354,1.44366,1.20,1.20
2016.06.02 06:00:16.197,1.44354,1.44364,1.20,1.00
2016.06.02 06:00:16.299,1.44352,1.44361,4.12,1.00
2016.06.02 06:00:16.352,1.44351,1.44361,2.06,1.00
2016.06.02 06:00:16.431,1.4435,1.44359,1.19,1.37
2016.06.02 06:00:16.533,1.44347,1.44359,3.64,4.50
2016.06.02 06:00:16.889,1.44347,1.44359,1.46,4.50
2016.06.02 06:00:18.720,1.44352,1.44359,1.00,3.82
2016.06.02 06:00:18.873,1.44355,1.44365,1.00,1.07
2016.06.02 06:00:18.924,1.44359,1.44367,1.00,2.62
2016.06.02 06:00:18.975,1.44359,1.44367,1.00,1.95
2016.06.02 06:00:19.128,1.44359,1.4437,1.00,1.20
2016.06.02 06:00:20.125,1.44358,1.4437,1.50,1.65
2016.06.02 06:00:20.328,1.4436,1.4437,1.00,1.65
2016.06.02 06:00:21.128,1.44358,1.44369,1.00,1.00
2016.06.02 06:00:21.534,1.4436,1.4437,1.00,6.90
2016.06.02 06:00:22.082,1.44359,1.44369,1.00,1.37
2016.06.02 06:00:22.589,1.44358,1.44369,1.12,1.37
2016.06.02 06:00:23.747,1.44358,1.44369,1.37,1.12
2016.06.02 06:00:25.130,1.4436,1.44371,1.00,4.57
2016.06.02 06:00:25.231,1.4436,1.44372,1.00,1.87
2016.06.02 06:00:25.536,1.4436,1.44371,1.00,3.37
2016.06.02 06:00:27.483,1.44359,1.4437,1.27,1.37
2016.06.02 06:00:27.789,1.44357,1.44367,1.00,1.50
2016.06.02 06:00:28.095,1.44359,1.44369,1.12,1.12
2016.06.02 06:00:28.624,1.44359,1.44371,1.37,1.37
2016.06.02 06:00:29.285,1.44359,1.44371,1.37,4.50
2016.06.02 06:00:29.387,1.44358,1.44369,1.10,1.50
2016.06.02 06:00:29.892,1.44356,1.44368,2.02,1.50
2016.06.02 06:00:30.559,1.44356,1.44368,1.20,1.57
2016.06.02 06:00:31.095,1.44358,1.44368,1.00,4.57
2016.06.02 06:00:31.248,1.44357,1.44369,1.47,1.45
2016.06.02 06:00:31.350,1.44357,1.44367,1.10,1.50
2016.06.02 06:00:35.095,1.44358,1.44368,1.00,4.57
2016.06.02 06:00:35.350,1.44356,1.44368,1.55,1.57
2016.06.02 06:00:35.858,1.44356,1.44368,1.17,1.95
2016.06.02 06:00:36.801,1.44357,1.44368,1.20,1.37
2016.06.02 06:00:38.528,1.44357,1.44369,1.57,1.57
2016.06.02 06:00:39.035,1.44356,1.44368,2.70,1.00
2016.06.02 06:00:41.303,1.44356,1.44368,2.02,1.10
2016.06.02 06:00:42.015,1.44356,1.44368,1.55,1.95
2016.06.02 06:00:44.413,1.44363,1.44367,1.00,1.00
2016.06.02 06:00:44.747,1.4436,1.4437,2.06,1.20
2016.06.02 06:00:44.798,1.44358,1.44369,1.12,1.00
2016.06.02 06:00:45.570,1.44358,1.44365,1.00,1.00
2016.06.02 06:00:47.663,1.44357,1.44367,1.47,1.00
2016.06.02 06:00:48.718,1.44357,1.44366,1.57,1.00
2016.06.02 06:00:49.618,1.44356,1.44365,2.40,1.00
2016.06.02 06:00:49.670,1.44355,1.44363,5.70,1.00
2016.06.02 06:00:50.075,1.44354,1.44363,1.27,1.00
2016.06.02 06:00:55.589,1.44353,1.44364,2.02,1.00
2016.06.02 06:00:55.793,1.44352,1.44362,5.02,1.00
2016.06.02 06:00:56.046,1.44351,1.44362,1.57,1.00
2016.06.02 06:01:00.389,1.44353,1.44363,1.47,1.00
2016.06.02 06:01:00.746,1.44355,1.44364,1.85,1.00
2016.06.02 06:01:01.153,1.44354,1.44363,2.32,1.00
2016.06.02 06:01:01.667,1.44356,1.44364,1.00,1.00
2016.06.02 06:01:02.175,1.44355,1.44364,2.32,1.00
2016.06.02 06:01:02.489,1.44355,1.44366,2.32,1.00
2016.06.02 06:01:02.997,1.44356,1.44366,1.20,1.00
2016.06.02 06:01:03.544,1.44354,1.44365,1.95,1.00
2016.06.02 06:01:03.595,1.44354,1.44362,1.95,1.00
2016.06.02 06:01:03.646,1.44355,1.44364,1.10,1.00
2016.06.02 06:01:04.994,1.44354,1.44364,2.02,1.00
2016.06.02 06:01:05.147,1.44356,1.44366,1.00,1.00
2016.06.02 06:01:05.671,1.44357,1.44366,1.00,1.00
2016.06.02 06:01:06.281,1.44356,1.44366,1.65,1.00
2016.06.02 06:01:06.790,1.44356,1.44366,4.65,1.00
2016.06.02 06:01:07.335,1.44358,1.44367,1.00,1.00
2016.06.02 06:01:07.847,1.44359,1.44367,1.00,1.00
2016.06.02 06:01:09.202,1.44357,1.44366,4.57,1.00
2016.06.02 06:01:09.355,1.44356,1.44365,1.17,1.00
2016.06.02 06:01:09.595,1.44354,1.44365,3.15,1.12
2016.06.02 06:01:10.153,1.44353,1.44362,6.52,1.00
2016.06.02 06:01:10.255,1.44352,1.4436,1.57,1.00
2016.06.02 06:01:10.789,1.44351,1.4436,1.12,1.00
2016.06.02 06:01:10.891,1.44353,1.44363,1.00,1.27
2016.06.02 06:01:11.399,1.44353,1.44363,1.00,5.02
2016.06.02 06:01:13.997,1.44354,1.44363,1.00,4.27
2016.06.02 06:01:14.304,1.44348,1.44356,1.45,3.75
2016.06.02 06:01:14.550,1.44349,1.44358,1.00,5.06
2016.06.02 06:01:14.704,1.44347,1.44356,1.20,1.00
2016.06.02 06:01:15.213,1.44348,1.44356,1.00,1.00
2016.06.02 06:01:20.490,1.44348,1.44357,1.00,1.00
2016.06.02 06:01:20.794,1.44345,1.44356,1.65,1.00
2016.06.02 06:01:20.896,1.44345,1.44355,1.00,1.37
2016.06.02 06:01:21.202,1.44342,1.44353,1.20,4.20
2016.06.02 06:01:21.595,1.44342,1.44354,1.20,1.95
2016.06.02 06:01:22.002,1.44344,1.44355,1.00,3.15
2016.06.02 06:01:23.160,1.44345,1.44355,1.00,2.02
2016.06.02 06:01:23.312,1.44345,1.44356,1.00,1.12
2016.06.02 06:01:23.833,1.44345,1.44355,1.00,1.00
2016.06.02 06:01:24.397,1.44346,1.44356,1.00,1.00
2016.06.02 06:01:24.937,1.44347,1.44357,1.00,1.47
2016.06.02 06:01:26.647,1.44346,1.44358,1.00,5.21
2016.06.02 06:01:26.984,1.44348,1.44357,1.00,1.57
2016.06.02 06:01:27.492,1.44347,1.44357,1.00,2.32
2016.06.02 06:01:31.660,1.44344,1.44356,1.20,1.87
2016.06.02 06:01:32.116,1.44343,1.44354,1.12,1.00
2016.06.02 06:01:32.627,1.44343,1.44354,1.12,1.07
2016.06.02 06:01:38.920,1.44344,1.44355,1.00,2.32
2016.06.02 06:01:39.378,1.44345,1.44354,1.00,1.50
2016.06.02 06:01:39.931,1.44343,1.44354,1.00,3.00
2016.06.02 06:01:40.132,1.44338,1.4435,5.62,1.55
2016.06.02 06:01:40.285,1.44338,1.44349,1.12,1.95
2016.06.02 06:01:40.388,1.44336,1.44346,1.50,1.00
2016.06.02 06:01:42.538,1.44336,1.44346,1.50,1.10
2016.06.02 06:01:46.560,1.44336,1.44346,1.12,1.10
2016.06.02 06:01:48.088,1.44336,1.44343,1.12,1.00
2016.06.02 06:01:48.140,1.44336,1.44345,1.00,1.00
2016.06.02 06:01:48.191,1.44333,1.4434,4.65,1.00
2016.06.02 06:01:48.243,1.44333,1.44342,1.45,1.01
2016.06.02 06:01:48.345,1.44332,1.44342,1.50,1.09
2016.06.02 06:01:48.852,1.4433,1.44342,2.25,1.65
2016.06.02 06:01:49.088,1.4433,1.44339,1.37,1.00
2016.06.02 06:01:49.394,1.44324,1.44334,1.69,1.12
2016.06.02 06:01:49.445,1.44322,1.44334,3.64,1.20
2016.06.02 06:01:49.699,1.44325,1.44337,1.12,4.95
2016.06.02 06:01:49.852,1.44326,1.44337,1.00,1.00
2016.06.02 06:01:50.164,1.44331,1.44339,1.00,1.95
2016.06.02 06:01:50.268,1.44331,1.44342,1.50,4.27
2016.06.02 06:01:50.726,1.44328,1.44339,1.37,1.00
2016.06.02 06:01:50.777,1.44328,1.44337,1.12,1.00
2016.06.02 06:01:51.322,1.44327,1.44338,1.37,1.50
2016.06.02 06:01:51.704,1.44326,1.44336,2.32,1.00
2016.06.02 06:01:52.213,1.44326,1.44337,1.12,1.00
2016.06.02 06:01:52.721,1.44326,1.44337,1.20,1.00
2016.06.02 06:01:54.011,1.44326,1.44337,1.82,1.00
2016.06.02 06:01:54.672,1.44326,1.44337,1.37,1.00
2016.06.02 06:02:00.132,1.44326,1.44335,2.25,1.00
2016.06.02 06:02:00.644,1.44326,1.44336,2.25,1.00
2016.06.02 06:02:01.713,1.44326,1.44336,2.25,1.00
2016.06.02 06:02:02.207,1.44326,1.44334,1.00,1.00
2016.06.02 06:02:02.259,1.44323,1.44334,1.17,1.00
2016.06.02 06:02:02.361,1.44323,1.44332,1.00,1.00
2016.06.02 06:02:02.886,1.4432,1.44332,2.32,1.00
2016.06.02 06:02:04.197,1.44322,1.44331,1.12,1.00
2016.06.02 06:02:04.739,1.44323,1.44335,1.00,5.02
2016.06.02 06:02:05.247,1.44324,1.44335,1.10,1.57
2016.06.02 06:02:08.652,1.44323,1.44333,1.57,1.00
2016.06.02 06:02:08.804,1.44321,1.44332,3.37,1.37
2016.06.02 06:02:08.855,1.44321,1.4433,2.32,1.00
2016.06.02 06:02:09.244,1.44319,1.44329,1.20,1.00
2016.06.02 06:02:09.397,1.44323,1.44333,1.00,1.47
2016.06.02 06:02:09.601,1.44325,1.44335,1.00,1.27
2016.06.02 06:02:09.704,1.44328,1.44337,1.00,5.21
2016.06.02 06:02:10.225,1.44332,1.44339,1.12,4.95
2016.06.02 06:02:10.277,1.44334,1.44342,1.00,1.69
2016.06.02 06:02:10.328,1.44332,1.44342,1.20,1.50
2016.06.02 06:02:10.836,1.44331,1.44341,1.00,1.10
2016.06.02 06:02:13.154,1.4433,1.44341,1.00,3.45
2016.06.02 06:02:14.641,1.44329,1.44341,1.00,6.45
2016.06.02 06:02:15.170,1.4433,1.4434,1.00,1.45
2016.06.02 06:02:15.672,1.44329,1.4434,1.00,1.45
2016.06.02 06:02:18.571,1.44335,1.44341,4.75,5.40
2016.06.02 06:02:18.770,1.44338,1.44341,1.00,1.00
2016.06.02 06:02:18.822,1.44335,1.44343,1.20,1.00
2016.06.02 06:02:18.974,1.44339,1.44343,1.00,1.00
2016.06.02 06:02:19.127,1.44346,1.44353,1.00,3.56
2016.06.02 06:02:19.229,1.44347,1.44354,1.12,1.19
2016.06.02 06:02:19.281,1.44347,1.44358,1.12,2.25
2016.06.02 06:02:19.332,1.44353,1.44358,1.00,1.50
2016.06.02 06:02:19.435,1.44357,1.44364,1.00,4.31
2016.06.02 06:02:19.589,1.44356,1.44365,1.00,1.00
2016.06.02 06:02:19.640,1.44355,1.44364,1.10,3.37
2016.06.02 06:02:19.844,1.44352,1.44362,1.07,1.50
2016.06.02 06:02:20.114,1.4435,1.44361,1.20,3.75
2016.06.02 06:02:20.629,1.44349,1.44358,1.50,1.00
2016.06.02 06:02:21.096,1.44347,1.44356,1.12,1.00
2016.06.02 06:02:21.425,1.44344,1.44353,1.10,4.12
2016.06.02 06:02:21.934,1.4434,1.44352,1.57,4.87
2016.06.02 06:02:22.505,1.4434,1.44349,1.57,1.00
2016.06.02 06:02:23.051,1.4434,1.44349,1.20,1.00
2016.06.02 06:02:23.556,1.44339,1.4435,1.45,1.12
2016.06.02 06:02:25.109,1.44339,1.44348,1.20,1.00
2016.06.02 06:02:25.413,1.44335,1.44346,3.00,1.87
2016.06.02 06:02:25.707,1.44334,1.44344,1.00,1.37
2016.06.02 06:02:25.810,1.44332,1.44344,1.10,1.37
2016.06.02 06:02:27.012,1.44331,1.44342,1.57,1.00
2016.06.02 06:02:27.115,1.44331,1.44339,1.07,1.00
2016.06.02 06:02:27.464,1.44328,1.44337,1.12,1.00
2016.06.02 06:02:28.022,1.44328,1.44336,1.12,1.00
2016.06.02 06:02:28.094,1.44327,1.44335,1.87,1.00
2016.06.02 06:02:28.614,1.44326,1.44336,1.87,1.00
2016.06.02 06:02:29.124,1.44326,1.44336,1.82,1.00
2016.06.02 06:02:29.671,1.44326,1.44335,1.50,1.00
2016.06.02 06:02:29.773,1.44324,1.44335,1.12,1.50
2016.06.02 06:02:30.014,1.44322,1.44333,2.81,1.50
2016.06.02 06:02:30.322,1.44319,1.44327,1.39,1.00
2016.06.02 06:02:30.374,1.44318,1.44327,3.82,1.00
2016.06.02 06:02:30.527,1.44318,1.44329,3.07,1.00
2016.06.02 06:02:31.062,1.44317,1.44328,2.32,1.00
2016.06.02 06:02:31.802,1.44317,1.44327,2.32,1.00
2016.06.02 06:02:34.130,1.44318,1.44329,2.25,1.10
2016.06.02 06:02:34.182,1.44321,1.44331,1.12,4.20
2016.06.02 06:02:34.284,1.44321,1.44333,1.57,4.65
2016.06.02 06:02:34.711,1.44325,1.44335,1.12,1.87
2016.06.02 06:02:34.762,1.44325,1.44337,1.87,4.57
2016.06.02 06:02:35.282,1.44325,1.44337,1.87,1.50
2016.06.02 06:02:42.551,1.44325,1.44334,1.12,1.00
2016.06.02 06:02:44.781,1.44328,1.44336,1.00,3.75
2016.06.02 06:02:44.884,1.4433,1.44341,3.67,1.00
2016.06.02 06:02:44.935,1.44331,1.44338,1.87,1.00
2016.06.02 06:02:45.037,1.4433,1.44339,1.50,1.00
2016.06.02 06:02:45.139,1.44329,1.44336,2.25,1.00
2016.06.02 06:02:45.659,1.44329,1.44337,1.50,1.00
2016.06.02 06:02:46.414,1.44329,1.44336,1.50,1.00
2016.06.02 06:02:49.106,1.44327,1.44336,1.12,1.00
2016.06.02 06:02:52.609,1.44327,1.44335,1.12,1.00
2016.06.02 06:02:54.587,1.44327,1.44336,1.12,1.00
2016.06.02 06:02:56.088,1.44328,1.4434,1.20,1.50
2016.06.02 06:02:56.293,1.44327,1.44338,1.75,1.00
2016.06.02 06:02:57.368,1.44327,1.44338,1.12,1.00
2016.06.02 06:02:58.147,1.44328,1.4434,2.06,1.50
2016.06.02 06:02:58.689,1.44328,1.44339,2.81,1.00
2016.06.02 06:02:59.198,1.44328,1.4434,4.31,1.12
2016.06.02 06:03:00.045,1.44328,1.44338,3.94,1.00
2016.06.02 06:03:00.552,1.44329,1.44339,2.00,1.00
2016.06.02 06:03:01.098,1.44328,1.44339,2.62,1.00
2016.06.02 06:03:01.433,1.44326,1.44335,1.87,1.00
2016.06.02 06:03:02.849,1.44326,1.44333,1.12,1.00
2016.06.02 06:03:03.003,1.44324,1.44333,1.12,1.00
2016.06.02 06:03:03.105,1.44321,1.44331,3.19,1.00
2016.06.02 06:03:03.209,1.44319,1.44331,1.57,1.37
2016.06.02 06:03:03.311,1.44318,1.44327,1.32,1.00
2016.06.02 06:03:03.413,1.44315,1.44324,1.00,1.00
2016.06.02 06:03:03.514,1.44313,1.44324,1.12,1.47
2016.06.02 06:03:03.717,1.44311,1.44322,1.57,1.12
2016.06.02 06:03:03.921,1.44313,1.44324,1.00,4.57
2016.06.02 06:03:04.347,1.44316,1.44323,1.00,1.00
2016.06.02 06:03:04.449,1.44316,1.44326,1.00,1.65
2016.06.02 06:03:06.311,1.44314,1.44326,1.10,1.87
2016.06.02 06:03:06.416,1.44316,1.44325,1.00,1.12
2016.06.02 06:03:07.884,1.44316,1.44326,1.00,1.00
2016.06.02 06:03:08.392,1.44315,1.44325,1.00,1.20
2016.06.02 06:03:08.697,1.44312,1.44323,1.00,1.27
2016.06.02 06:03:08.931,1.44309,1.44321,1.65,1.12
2016.06.02 06:03:09.033,1.44311,1.44323,1.00,4.65
2016.06.02 06:03:09.338,1.44314,1.44323,1.00,3.90
2016.06.02 06:03:09.490,1.44316,1.44326,1.00,5.25
2016.06.02 06:03:09.593,1.44316,1.44326,1.12,1.20
2016.06.02 06:03:14.740,1.44317,1.44328,1.00,3.90
2016.06.02 06:03:15.334,1.44316,1.44328,1.12,4.65
2016.06.02 06:03:15.385,1.44318,1.44328,1.00,4.65
2016.06.02 06:03:15.842,1.44321,1.44328,1.00,3.90
2016.06.02 06:03:15.945,1.44323,1.4433,1.00,1.00
2016.06.02 06:03:15.996,1.44327,1.4433,1.00,1.00
2016.06.02 06:03:16.239,1.44334,1.44341,1.00,1.60
2016.06.02 06:03:16.342,1.44334,1.44343,1.12,1.19
2016.06.02 06:03:16.444,1.44334,1.44346,1.20,1.12
2016.06.02 06:03:16.648,1.44332,1.44342,5.25,1.00
2016.06.02 06:03:16.953,1.44329,1.44341,1.95,1.00
2016.06.02 06:03:17.774,1.44329,1.44338,1.95,1.00
2016.06.02 06:03:17.825,1.44329,1.44339,1.20,1.00
2016.06.02 06:03:18.342,1.44328,1.4434,2.25,1.00
2016.06.02 06:03:23.114,1.44329,1.4434,1.07,1.00
2016.06.02 06:03:26.369,1.4433,1.4434,1.47,1.12
2016.06.02 06:03:26.915,1.4433,1.4434,1.87,1.00
2016.06.02 06:03:27.526,1.4433,1.4434,1.20,1.00
2016.06.02 06:03:27.628,1.44329,1.44338,1.45,1.00
2016.06.02 06:03:31.878,1.44326,1.44336,2.25,1.00
2016.06.02 06:03:31.929,1.44326,1.44334,1.50,1.00
2016.06.02 06:03:31.980,1.44322,1.44332,2.81,1.00
2016.06.02 06:03:32.032,1.44322,1.44333,1.01,1.10
2016.06.02 06:03:32.184,1.44321,1.44331,1.31,1.00
2016.06.02 06:03:32.691,1.44321,1.44331,1.10,1.00
2016.06.02 06:03:33.739,1.4432,1.44332,1.95,1.57
2016.06.02 06:03:35.580,1.4432,1.44331,1.20,1.00
2016.06.02 06:03:36.115,1.4432,1.44332,1.20,1.57
2016.06.02 06:03:41.416,1.44321,1.44331,1.10,1.00
2016.06.02 06:03:42.486,1.4432,1.44331,1.50,1.00
2016.06.02 06:03:43.854,1.44319,1.4433,1.00,1.00
2016.06.02 06:03:44.200,1.44316,1.44328,1.12,4.57
2016.06.02 06:03:48.162,1.44316,1.44327,1.00,5.40
2016.06.02 06:03:48.214,1.44314,1.44326,1.00,1.65
2016.06.02 06:03:48.722,1.44315,1.44327,1.00,6.07
2016.06.02 06:03:51.106,1.44315,1.44326,1.00,1.20
2016.06.02 06:04:00.611,1.44314,1.44326,1.00,2.25
2016.06.02 06:04:01.119,1.44314,1.44325,1.00,1.87
2016.06.02 06:04:01.322,1.44312,1.44324,1.00,1.65
2016.06.02 06:04:01.627,1.44314,1.44324,1.00,1.95
2016.06.02 06:04:01.940,1.44316,1.44325,1.00,1.50
2016.06.02 06:04:02.042,1.44316,1.44326,1.00,1.00
2016.06.02 06:04:02.347,1.44316,1.44329,1.12,1.65
2016.06.02 06:04:03.946,1.44316,1.44329,1.12,4.65
2016.06.02 06:04:04.486,1.44316,1.44328,1.00,3.90
2016.06.02 06:04:04.994,1.44316,1.44326,1.00,1.47
2016.06.02 06:04:05.046,1.44314,1.44325,1.10,1.12
2016.06.02 06:04:05.097,1.44313,1.44323,1.57,1.12
2016.06.02 06:04:05.402,1.44312,1.44323,1.37,1.07
2016.06.02 06:04:05.904,1.44312,1.44323,1.00,1.07
2016.06.02 06:04:08.253,1.44309,1.44321,5.70,1.10
2016.06.02 06:04:08.678,1.44316,1.44322,1.00,3.37
2016.06.02 06:04:08.730,1.44316,1.44326,1.00,1.07
2016.06.02 06:04:09.237,1.44316,1.44326,1.00,1.00
2016.06.02 06:04:22.639,1.44315,1.44326,1.00,1.10
2016.06.02 06:04:26.707,1.44314,1.44325,1.00,1.12
2016.06.02 06:04:26.809,1.44313,1.44323,1.12,1.10
2016.06.02 06:04:27.114,1.4431,1.44322,3.00,1.37
2016.06.02 06:04:27.697,1.44313,1.44322,1.00,1.17
2016.06.02 06:04:27.900,1.44314,1.44325,1.00,4.12
2016.06.02 06:04:29.428,1.44314,1.44327,1.00,5.02
2016.06.02 06:04:29.935,1.44314,1.44326,1.12,1.10
2016.06.02 06:04:31.397,1.44317,1.44326,1.00,1.10
2016.06.02 06:04:31.550,1.44317,1.44328,1.00,1.00
2016.06.02 06:04:43.692,1.44317,1.44329,1.50,4.95
2016.06.02 06:04:44.582,1.44319,1.44329,1.00,4.95
2016.06.02 06:04:46.485,1.44317,1.44327,1.50,1.12
2016.06.02 06:04:46.536,1.44317,1.44325,1.00,1.00
2016.06.02 06:04:46.588,1.44313,1.44323,2.62,1.00
2016.06.02 06:04:46.893,1.44309,1.44321,4.57,1.00
2016.06.02 06:04:46.945,1.44309,1.44319,3.45,1.00
2016.06.02 06:04:47.098,1.44308,1.44318,1.50,1.55
2016.06.02 06:04:47.614,1.44307,1.44318,1.00,1.45
2016.06.02 06:04:48.121,1.44307,1.44319,1.00,5.32
2016.06.02 06:04:48.375,1.44305,1.44317,1.20,4.57
2016.06.02 06:04:48.761,1.44317,1.44323,1.00,1.10
2016.06.02 06:04:48.864,1.44315,1.44325,1.87,1.12
2016.06.02 06:04:49.373,1.44313,1.44324,1.00,1.00
2016.06.02 06:04:49.678,1.44311,1.4432,1.20,1.00
2016.06.02 06:04:49.729,1.4431,1.44322,1.27,1.12
2016.06.02 06:04:49.830,1.4431,1.4432,1.12,1.00
2016.06.02 06:04:50.440,1.4431,1.4432,1.00,1.37
2016.06.02 06:04:52.491,1.44307,1.44318,1.20,1.00
2016.06.02 06:04:52.796,1.44306,1.44318,1.50,1.57
2016.06.02 06:04:53.745,1.44305,1.44315,6.00,1.00
2016.06.02 06:04:53.796,1.44305,1.44315,1.50,1.00
2016.06.02 06:04:53.898,1.44307,1.44317,1.00,1.20
2016.06.02 06:04:54.247,1.44313,1.44321,3.82,1.00
2016.06.02 06:04:54.299,1.4431,1.44321,5.25,1.00
2016.06.02 06:04:54.401,1.44309,1.44321,1.57,1.47
2016.06.02 06:04:54.908,1.44309,1.44321,1.20,4.57
2016.06.02 06:04:59.352,1.4431,1.44321,1.00,4.57
2016.06.02 06:04:59.707,1.4431,1.44322,1.00,1.57
2016.06.02 06:05:00.215,1.44309,1.44321,1.20,1.57
2016.06.02 06:05:00.672,1.44312,1.44322,1.00,4.95
2016.06.02 06:05:01.023,1.44312,1.44322,1.00,1.00
2016.06.02 06:05:01.324,1.44311,1.4432,1.00,1.00
2016.06.02 06:05:01.628,1.44308,1.44318,2.77,1.00
2016.06.02 06:05:01.933,1.44307,1.44315,1.10,1.00
2016.06.02 06:05:02.136,1.44307,1.44317,1.00,1.10
2016.06.02 06:05:03.046,1.44307,1.44315,1.00,1.00
2016.06.02 06:05:03.097,1.44307,1.44318,1.00,1.65
2016.06.02 06:05:03.148,1.44311,1.44318,1.00,2.02
2016.06.02 06:05:03.403,1.44317,1.44328,1.00,1.69
2016.06.02 06:05:08.806,1.44316,1.44326,1.12,1.00
2016.06.02 06:05:09.323,1.44315,1.44326,1.20,1.00
2016.06.02 06:05:10.566,1.44315,1.44327,1.20,1.12
2016.06.02 06:05:11.077,1.44315,1.44327,1.57,1.12
2016.06.02 06:05:13.295,1.44315,1.44326,1.57,1.00
2016.06.02 06:05:13.397,1.44315,1.44324,1.10,1.00
2016.06.02 06:05:13.551,1.44313,1.44323,1.00,1.50
2016.06.02 06:05:13.805,1.44311,1.44321,1.50,1.00
2016.06.02 06:05:14.348,1.44312,1.44321,1.00,1.00
2016.06.02 06:05:15.092,1.44311,1.44322,1.00,1.10
2016.06.02 06:05:15.398,1.44315,1.44326,1.00,3.75
2016.06.02 06:05:15.449,1.44315,1.44327,1.37,1.57
2016.06.02 06:05:15.842,1.44314,1.44326,1.00,1.57
2016.06.02 06:05:16.001,1.44314,1.44323,1.00,1.00
2016.06.02 06:05:16.205,1.44311,1.44321,1.10,1.00
2016.06.02 06:05:22.110,1.44309,1.4432,3.75,1.00
2016.06.02 06:05:22.870,1.44309,1.44316,4.12,1.00
2016.06.02 06:05:22.972,1.44307,1.44316,2.32,1.00
2016.06.02 06:05:23.175,1.44306,1.44316,1.00,1.00
2016.06.02 06:05:23.682,1.44305,1.44315,1.57,1.00
2016.06.02 06:05:24.215,1.44305,1.44316,1.57,1.00
2016.06.02 06:05:26.724,1.44306,1.44317,1.12,1.00
2016.06.02 06:05:26.775,1.4431,1.44318,1.00,1.12
2016.06.02 06:05:26.877,1.4431,1.4432,1.00,1.57
2016.06.02 06:05:28.691,1.44311,1.44322,1.00,6.07
2016.06.02 06:05:29.429,1.4431,1.4432,1.12,1.12
2016.06.02 06:05:29.777,1.4431,1.44319,1.00,1.57
2016.06.02 06:05:30.297,1.4431,1.4432,1.00,4.95
2016.06.02 06:05:30.602,1.44315,1.4432,1.00,3.75
2016.06.02 06:05:30.654,1.44317,1.44323,1.00,4.20
2016.06.02 06:05:30.705,1.44319,1.44323,1.00,3.75
2016.06.02 06:05:30.757,1.44318,1.44326,1.00,1.50
2016.06.02 06:05:30.859,1.44318,1.44328,1.00,1.87
2016.06.02 06:05:31.200,1.44318,1.4433,1.00,3.94
2016.06.02 06:05:31.252,1.44315,1.44326,4.12,1.00
2016.06.02 06:05:32.114,1.44316,1.44327,1.50,1.00
2016.06.02 06:05:33.461,1.44316,1.44327,4.50,1.00
2016.06.02 06:05:34.120,1.44316,1.44326,5.25,1.00
2016.06.02 06:05:34.645,1.44317,1.44326,3.75,1.00
2016.06.02 06:05:35.000,1.44316,1.44323,3.75,1.37
2016.06.02 06:05:35.102,1.44313,1.44324,3.90,1.37
2016.06.02 06:05:35.203,1.44312,1.44322,1.27,1.37
2016.06.02 06:05:35.706,1.4431,1.44321,1.27,1.12
2016.06.02 06:05:36.117,1.4431,1.44318,1.27,1.00
2016.06.02 06:05:36.371,1.44307,1.44317,1.69,1.95
2016.06.02 06:05:36.498,1.44307,1.44318,2.59,1.12
2016.06.02 06:05:36.989,1.44309,1.44318,3.82,1.12
2016.06.02 06:05:37.496,1.44309,1.44317,3.90,1.00
2016.06.02 06:05:39.956,1.44309,1.44316,3.90,1.00
2016.06.02 06:05:40.007,1.44308,1.44316,1.15,1.00
2016.06.02 06:05:40.110,1.44308,1.44314,1.15,1.00
2016.06.02 06:05:40.417,1.44304,1.44316,2.70,1.87
2016.06.02 06:05:40.478,1.44304,1.44316,2.70,1.87
2016.06.02 06:05:40.987,1.44306,1.44316,1.07,1.37
2016.06.02 06:05:41.491,1.44305,1.44316,1.50,1.12
2016.06.02 06:05:42.925,1.44305,1.44316,1.82,1.12
2016.06.02 06:05:42.977,1.44305,1.44314,1.50,1.00
2016.06.02 06:05:43.180,1.44306,1.44316,1.12,1.12
2016.06.02 06:05:43.716,1.44306,1.44316,1.12,1.37
2016.06.02 06:05:44.375,1.44306,1.44314,1.12,1.00
2016.06.02 06:05:44.580,1.44306,1.44312,1.12,1.00
2016.06.02 06:05:44.682,1.44306,1.44315,1.07,1.12
2016.06.02 06:05:45.139,1.44306,1.44314,1.12,1.12
2016.06.02 06:05:45.443,1.44305,1.44314,1.45,1.12
2016.06.02 06:05:46.110,1.44305,1.44315,1.07,1.12
2016.06.02 06:05:46.617,1.44305,1.44314,1.07,1.00
2016.06.02 06:05:49.515,1.44305,1.44313,1.07,1.00
2016.06.02 06:05:49.667,1.44305,1.44309,1.07,1.00
2016.06.02 06:05:49.921,1.44296,1.44305,4.20,1.37
2016.06.02 06:05:50.494,1.44296,1.44305,4.20,1.00
2016.06.02 06:05:50.545,1.44296,1.44302,4.20,1.00
2016.06.02 06:05:50.850,1.4429,1.44297,1.12,1.37
2016.06.02 06:05:50.952,1.44288,1.44295,4.50,1.00
2016.06.02 06:05:51.054,1.44287,1.44295,1.12,1.12
2016.06.02 06:05:53.677,1.44289,1.44299,1.00,1.57
2016.06.02 06:05:54.027,1.44288,1.44299,1.20,1.57
2016.06.02 06:05:55.431,1.44288,1.44299,1.20,1.27
2016.06.02 06:05:56.486,1.44291,1.44299,1.00,1.27
2016.06.02 06:05:56.792,1.44307,1.4431,1.00,1.29
2016.06.02 06:05:56.944,1.44307,1.44315,1.00,1.95
2016.06.02 06:05:57.497,1.44308,1.44315,1.00,2.25
2016.06.02 06:05:58.009,1.44307,1.44314,1.00,1.07
2016.06.02 06:05:58.465,1.44304,1.44314,1.00,1.07
2016.06.02 06:06:00.591,1.44303,1.44314,1.50,1.20
2016.06.02 06:06:00.860,1.44301,1.44312,1.12,1.20
2016.06.02 06:06:01.166,1.44297,1.44307,1.12,1.47
2016.06.02 06:06:01.522,1.44299,1.44309,1.00,1.10
2016.06.02 06:06:02.208,1.44298,1.44309,1.57,1.10
2016.06.02 06:06:02.919,1.44296,1.44307,4.50,1.00
2016.06.02 06:06:08.428,1.44296,1.44305,1.20,1.00
2016.06.02 06:06:09.594,1.44296,1.44304,1.20,1.00
2016.06.02 06:06:09.848,1.4429,1.44298,1.39,1.00
2016.06.02 06:06:10.001,1.44287,1.44297,4.20,1.00
2016.06.02 06:06:10.504,1.44288,1.44298,1.45,1.00
2016.06.02 06:06:12.197,1.44289,1.44299,1.57,1.12
2016.06.02 06:06:12.400,1.44289,1.44295,1.50,1.00
2016.06.02 06:06:12.553,1.44285,1.44296,2.62,1.12
2016.06.02 06:06:13.101,1.44286,1.44296,1.57,1.00
2016.06.02 06:06:13.863,1.44286,1.44297,1.57,1.12
2016.06.02 06:06:14.678,1.44286,1.44296,2.32,1.00
2016.06.02 06:06:15.034,1.44287,1.44296,1.12,1.00
2016.06.02 06:06:15.902,1.44287,1.44299,1.87,4.95
2016.06.02 06:06:16.481,1.44287,1.44299,1.87,5.32
2016.06.02 06:06:16.786,1.44293,1.44299,1.00,4.20
2016.06.02 06:06:16.888,1.44294,1.44303,1.37,3.37
2016.06.02 06:06:16.939,1.44294,1.44304,1.37,1.10
2016.06.02 06:06:17.540,1.44293,1.44305,2.25,1.10
2016.06.02 06:06:18.837,1.44294,1.44303,1.57,1.00
2016.06.02 06:06:19.725,1.44293,1.44304,1.50,1.00
2016.06.02 06:06:19.878,1.44292,1.44304,5.25,1.20
2016.06.02 06:06:20.131,1.44297,1.44306,1.00,1.75
2016.06.02 06:06:20.437,1.44298,1.44308,1.00,4.76
2016.06.02 06:06:20.590,1.44298,1.44308,1.00,1.20
2016.06.02 06:06:20.742,1.44301,1.44308,1.00,1.20
2016.06.02 06:06:20.845,1.44299,1.44308,1.00,1.20
2016.06.02 06:06:22.153,1.44304,1.44308,1.00,1.10
2016.06.02 06:06:22.407,1.44304,1.44314,1.00,1.50
2016.06.02 06:06:22.909,1.44305,1.44314,1.00,4.50
2016.06.02 06:06:24.709,1.44303,1.44314,1.00,4.87
2016.06.02 06:06:24.964,1.44302,1.44312,1.00,1.95
2016.06.02 06:06:25.471,1.443,1.44312,1.50,6.07
2016.06.02 06:06:26.009,1.443,1.44312,1.12,6.07
2016.06.02 06:06:26.317,1.44297,1.44307,1.00,1.50
2016.06.02 06:06:26.622,1.44299,1.44307,1.00,2.32
2016.06.02 06:06:27.079,1.44299,1.44307,1.00,1.20
2016.06.02 06:06:27.716,1.44296,1.44305,1.00,3.37
2016.06.02 06:06:27.920,1.44293,1.44303,1.00,4.95
2016.06.02 06:06:27.971,1.4429,1.443,1.50,1.37
2016.06.02 06:06:28.023,1.4429,1.443,1.10,1.87
2016.06.02 06:06:29.016,1.44289,1.443,1.12,1.12
2016.06.02 06:06:33.353,1.44291,1.44302,1.00,2.25
2016.06.02 06:06:40.611,1.4429,1.44302,1.10,1.50
2016.06.02 06:06:40.662,1.44295,1.44302,1.00,1.50
2016.06.02 06:06:40.764,1.44295,1.44303,1.00,4.20
2016.06.02 06:06:41.272,1.44296,1.44303,1.00,1.12
2016.06.02 06:06:41.809,1.44296,1.44303,1.00,1.00
2016.06.02 06:06:43.736,1.44296,1.44304,1.00,3.75
2016.06.02 06:06:45.546,1.44298,1.44304,1.00,3.75
2016.06.02 06:06:45.648,1.44298,1.44306,1.00,4.20
2016.06.02 06:06:45.750,1.44298,1.44308,1.00,4.50
2016.06.02 06:06:46.382,1.44303,1.4431,1.00,3.75
2016.06.02 06:06:46.460,1.44305,1.44312,1.00,1.50
2016.06.02 06:06:48.356,1.44303,1.44313,1.00,3.82
2016.06.02 06:06:53.217,1.44301,1.44313,1.00,4.57
2016.06.02 06:06:53.420,1.44304,1.44313,1.00,3.90
2016.06.02 06:06:53.573,1.443,1.44313,1.20,4.65
2016.06.02 06:06:53.879,1.44302,1.44313,1.00,3.90
2016.06.02 06:06:55.610,1.443,1.44313,1.20,6.15
2016.06.02 06:06:55.763,1.44302,1.44311,1.00,3.75
2016.06.02 06:06:57.760,1.443,1.44311,1.00,4.50
2016.06.02 06:06:58.674,1.443,1.44312,1.00,4.87
2016.06.02 06:06:58.928,1.44303,1.44312,1.00,4.87
2016.06.02 06:06:59.582,1.443,1.44312,1.00,4.87
2016.06.02 06:06:59.734,1.443,1.44308,1.00,1.00
2016.06.02 06:07:00.090,1.44297,1.44309,1.29,3.82
2016.06.02 06:07:00.345,1.44297,1.44306,1.00,3.82
2016.06.02 06:07:01.230,1.44294,1.44306,1.20,4.57
2016.06.02 06:07:01.383,1.44293,1.44304,1.25,4.20
2016.06.02 06:07:03.656,1.44291,1.44302,1.20,1.12
2016.06.02 06:07:03.961,1.44291,1.44302,1.10,1.57
2016.06.02 06:07:05.507,1.44289,1.443,1.31,1.45
2016.06.02 06:07:06.116,1.4429,1.443,1.00,1.82
2016.06.02 06:07:10.255,1.44293,1.443,1.00,1.82
2016.06.02 06:07:10.561,1.44299,1.44307,1.00,1.07
2016.06.02 06:07:11.067,1.44299,1.44308,1.00,1.45
2016.06.02 06:07:14.580,1.44301,1.44308,1.00,1.45
2016.06.02 06:07:14.682,1.44301,1.44309,1.00,1.00
2016.06.02 06:07:15.189,1.443,1.44309,1.00,1.10
2016.06.02 06:07:20.990,1.44301,1.44309,1.00,1.10
2016.06.02 06:07:23.058,1.44299,1.44309,1.10,1.00
2016.06.02 06:07:23.654,1.44299,1.44309,1.00,1.57
2016.06.02 06:07:24.623,1.44297,1.44308,1.20,1.00
2016.06.02 06:07:25.131,1.44297,1.44308,1.10,1.57
2016.06.02 06:07:25.538,1.44299,1.44308,1.00,1.00
2016.06.02 06:07:27.823,1.44299,1.44311,1.12,6.37
2016.06.02 06:07:34.258,1.44299,1.44311,1.57,4.95
2016.06.02 06:07:41.160,1.44299,1.44309,1.12,1.00
2016.06.02 06:07:42.189,1.44299,1.4431,1.00,1.10
2016.06.02 06:07:42.740,1.44299,1.44311,1.00,5.32
2016.06.02 06:07:44.549,1.44298,1.44309,1.20,1.87
2016.06.02 06:07:47.639,1.44298,1.44309,1.00,2.25
2016.06.02 06:07:47.944,1.44294,1.44306,2.25,6.07
2016.06.02 06:07:48.313,1.44292,1.44298,1.69,1.12
2016.06.02 06:07:48.364,1.44292,1.443,1.19,1.50
2016.06.02 06:07:48.720,1.44289,1.44302,1.69,2.02
2016.06.02 06:07:49.177,1.44292,1.44302,1.00,1.65
2016.06.02 06:07:51.330,1.4429,1.44302,1.12,1.17
2016.06.02 06:07:52.953,1.44292,1.44302,1.00,1.17
2016.06.02 06:07:53.715,1.44292,1.44302,1.00,1.55
2016.06.02 06:07:54.260,1.44291,1.44302,1.00,1.87
2016.06.02 06:07:58.639,1.44289,1.44301,2.14,1.95
2016.06.02 06:07:59.148,1.44287,1.44299,5.81,1.00
2016.06.02 06:07:59.795,1.44289,1.44302,1.12,2.40
2016.06.02 06:08:00.303,1.44289,1.44302,1.20,2.32
2016.06.02 06:08:00.811,1.44289,1.44301,1.20,1.37
2016.06.02 06:08:02.642,1.44289,1.44299,1.12,1.12
2016.06.02 06:08:05.447,1.4429,1.44301,1.00,1.50
2016.06.02 06:08:05.998,1.4429,1.44301,1.00,1.95
2016.06.02 06:08:06.751,1.4429,1.44301,2.32,1.37
2016.06.02 06:08:08.216,1.4429,1.44301,2.70,1.12
2016.06.02 06:08:08.743,1.4429,1.44301,2.32,1.12
2016.06.02 06:08:09.767,1.4429,1.44299,1.10,1.00
2016.06.02 06:08:10.021,1.44285,1.44298,4.69,2.70
2016.06.02 06:08:10.377,1.44288,1.44298,1.00,1.65
2016.06.02 06:08:10.905,1.44286,1.44299,2.14,1.95
2016.06.02 06:08:11.703,1.44287,1.44299,1.47,1.95
2016.06.02 06:08:12.214,1.44289,1.44299,1.00,1.10
2016.06.02 06:08:12.725,1.44287,1.44299,1.20,1.57
2016.06.02 06:08:12.937,1.44287,1.44299,1.20,1.57
2016.06.02 06:08:13.395,1.44288,1.44298,4.20,1.00
2016.06.02 06:08:15.612,1.44289,1.44298,4.46,1.00
2016.06.02 06:08:16.322,1.44289,1.44297,4.69,1.00
2016.06.02 06:08:16.425,1.44288,1.44297,1.29,1.00
2016.06.02 06:08:16.960,1.44287,1.44297,1.57,1.00
2016.06.02 06:08:17.164,1.44286,1.44295,4.76,1.00
2016.06.02 06:08:17.267,1.44285,1.44295,3.71,1.00
2016.06.02 06:08:17.318,1.44285,1.44292,1.46,1.00
2016.06.02 06:08:18.330,1.44285,1.44294,1.17,1.00
2016.06.02 06:08:21.156,1.44285,1.4429,1.17,1.00
2016.06.02 06:08:21.422,1.44276,1.44283,2.81,1.12
2016.06.02 06:08:21.727,1.44274,1.4428,1.00,1.00
2016.06.02 06:08:22.267,1.44273,1.4428,1.00,1.00
2016.06.02 06:08:22.572,1.44273,1.44284,1.50,1.37
2016.06.02 06:08:23.095,1.44273,1.44284,1.50,1.12
2016.06.02 06:08:24.604,1.44274,1.44285,1.00,1.57
2016.06.02 06:08:24.894,1.44277,1.44288,1.00,1.47
2016.06.02 06:08:24.946,1.4428,1.44291,1.00,5.32
2016.06.02 06:08:24.997,1.4428,1.44291,1.00,2.02
2016.06.02 06:08:25.149,1.44282,1.44292,1.00,1.37
2016.06.02 06:08:25.658,1.44282,1.44292,1.00,1.00
2016.06.02 06:08:27.726,1.44279,1.44289,4.01,1.12
2016.06.02 06:08:27.828,1.44278,1.4429,1.27,1.50
2016.06.02 06:08:28.540,1.44277,1.4429,4.84,1.37
2016.06.02 06:08:34.238,1.44281,1.44291,1.00,4.20
2016.06.02 06:08:34.695,1.44276,1.44288,2.14,1.37
2016.06.02 06:08:34.902,1.44275,1.44287,1.10,1.47
2016.06.02 06:08:35.615,1.44276,1.44288,1.00,4.95
2016.06.02 06:08:36.165,1.44273,1.44286,1.46,1.95
2016.06.02 06:08:36.672,1.44273,1.44286,2.06,3.15
2016.06.02 06:08:37.236,1.44273,1.44283,1.12,1.47
2016.06.02 06:08:37.744,1.44273,1.44284,1.00,2.25
2016.06.02 06:08:39.287,1.44274,1.44283,1.00,1.00
2016.06.02 06:08:41.455,1.44275,1.44285,1.00,4.65
2016.06.02 06:08:41.760,1.4428,1.44287,1.00,1.00
2016.06.02 06:08:42.279,1.44279,1.44288,1.00,1.10
2016.06.02 06:08:42.787,1.44279,1.44289,1.00,1.10
2016.06.02 06:08:43.360,1.44279,1.4429,1.00,1.57
2016.06.02 06:08:45.847,1.44281,1.4429,1.00,1.57
2016.06.02 06:08:46.824,1.44278,1.4429,1.57,1.87
2016.06.02 06:08:46.876,1.44278,1.44289,1.20,1.37
2016.06.02 06:08:47.890,1.4428,1.44289,1.00,4.50
2016.06.02 06:08:48.562,1.44281,1.44289,1.00,4.50
2016.06.02 06:08:48.664,1.44281,1.4429,1.00,1.27
2016.06.02 06:08:50.284,1.44282,1.44292,1.00,5.70
2016.06.02 06:08:53.827,1.4428,1.44291,1.12,1.37
2016.06.02 06:08:53.980,1.4428,1.44289,1.00,1.37
2016.06.02 06:08:54.486,1.44279,1.44287,1.00,1.00
2016.06.02 06:08:55.382,1.44279,1.44288,1.00,1.12
2016.06.02 06:08:57.005,1.44281,1.44289,1.00,1.57
2016.06.02 06:09:05.629,1.44283,1.4429,1.00,4.50
2016.06.02 06:09:05.681,1.44284,1.44292,1.00,5.40
2016.06.02 06:09:05.783,1.44284,1.44292,1.00,2.70
2016.06.02 06:09:05.936,1.44281,1.44291,1.00,1.00
2016.06.02 06:09:06.088,1.4428,1.4429,1.00,5.32
2016.06.02 06:09:10.344,1.44282,1.4429,1.00,4.95
2016.06.02 06:09:14.707,1.44285,1.4429,1.00,3.82
2016.06.02 06:09:14.910,1.44287,1.44296,1.00,2.32
2016.06.02 06:09:15.012,1.44287,1.44296,1.00,1.57
2016.06.02 06:09:15.203,1.44289,1.44299,1.00,3.90
2016.06.02 06:09:15.254,1.44289,1.44299,1.00,3.52
2016.06.02 06:09:15.508,1.44287,1.44298,1.00,1.27
2016.06.02 06:09:15.813,1.44287,1.44297,1.00,1.37
2016.06.02 06:09:20.209,1.44289,1.44298,1.00,1.20
2016.06.02 06:09:20.720,1.44289,1.443,1.00,1.27
2016.06.02 06:09:22.523,1.44288,1.443,1.50,2.70
2016.06.02 06:09:22.828,1.44287,1.44299,1.12,5.40
2016.06.02 06:09:24.081,1.44289,1.44299,1.00,5.40
2016.06.02 06:09:24.233,1.44287,1.44299,1.12,4.27
2016.06.02 06:09:25.521,1.44289,1.443,1.00,1.17
2016.06.02 06:09:31.909,1.44288,1.443,1.12,1.55
2016.06.02 06:09:37.920,1.4429,1.443,1.00,1.65
2016.06.02 06:09:39.461,1.4429,1.443,1.00,1.00
2016.06.02 06:09:40.035,1.44291,1.44302,1.00,5.32
2016.06.02 06:09:40.138,1.44291,1.44302,1.00,1.20
2016.06.02 06:09:41.207,1.44292,1.44302,1.00,1.20
2016.06.02 06:09:42.360,1.44292,1.44302,1.00,1.57
2016.06.02 06:09:42.868,1.44292,1.44302,1.00,1.20
2016.06.02 06:09:44.062,1.44292,1.44302,1.00,1.57
2016.06.02 06:09:44.469,1.4429,1.44302,1.20,2.32
2016.06.02 06:09:44.673,1.4429,1.44301,1.00,2.70
2016.06.02 06:09:45.179,1.44289,1.44299,1.00,1.20
2016.06.02 06:09:50.743,1.44289,1.44299,1.10,1.10
2016.06.02 06:09:52.413,1.44288,1.44299,1.47,2.25
2016.06.02 06:09:52.719,1.44285,1.44294,1.50,1.37
2016.06.02 06:09:58.432,1.44283,1.44293,1.87,1.00
2016.06.02 06:10:08.935,1.44286,1.44295,1.00,5.32
2016.06.02 06:10:09.484,1.44285,1.44295,1.10,4.12
2016.06.02 06:10:10.411,1.44286,1.44295,1.00,4.12
2016.06.02 06:10:11.078,1.44287,1.44295,1.00,4.12
2016.06.02 06:10:11.590,1.44286,1.44295,1.00,4.12
2016.06.02 06:10:12.617,1.44286,1.44295,1.12,4.12
2016.06.02 06:10:23.624,1.44284,1.44294,1.75,1.00
2016.06.02 06:10:29.338,1.44283,1.44293,1.87,1.12
2016.06.02 06:10:29.915,1.44283,1.44293,1.50,1.12
2016.06.02 06:10:30.793,1.44283,1.44292,2.25,1.00
2016.06.02 06:10:30.895,1.44284,1.44295,1.47,3.07
2016.06.02 06:10:31.444,1.44285,1.44295,1.50,2.62
2016.06.02 06:10:33.951,1.44283,1.44294,1.87,1.50
2016.06.02 06:10:34.003,1.44283,1.44294,1.50,1.87
2016.06.02 06:10:34.156,1.44283,1.44294,1.50,1.87
2016.06.02 06:10:34.700,1.44284,1.44293,1.20,1.00
2016.06.02 06:10:36.047,1.44284,1.44294,1.20,2.62
2016.06.02 06:10:37.255,1.44284,1.44293,1.20,1.00
2016.06.02 06:10:37.892,1.44284,1.44294,1.20,1.87
2016.06.02 06:10:40.972,1.44284,1.44293,1.00,1.00
2016.06.02 06:10:45.936,1.44282,1.44294,1.87,1.65
2016.06.02 06:10:50.191,1.44282,1.44292,1.45,1.00
2016.06.02 06:10:50.496,1.44286,1.44289,1.00,1.12
2016.06.02 06:10:50.598,1.44287,1.4429,1.00,1.10
2016.06.02 06:10:50.649,1.44285,1.44292,1.00,3.75
2016.06.02 06:10:50.853,1.4428,1.4429,1.75,1.37
2016.06.02 06:10:50.955,1.4428,1.4429,1.10,1.50
2016.06.02 06:10:53.469,1.4428,1.4429,1.00,3.00
2016.06.02 06:10:53.622,1.44278,1.44289,1.50,1.20
2016.06.02 06:10:53.825,1.44279,1.44289,1.00,1.87
2016.06.02 06:10:53.927,1.44279,1.44289,1.00,1.57
2016.06.02 06:10:55.516,1.44277,1.44289,1.57,1.95
2016.06.02 06:10:55.601,1.44276,1.44286,1.57,1.00
2016.06.02 06:10:55.908,1.44285,1.44288,1.00,1.12
2016.06.02 06:10:56.011,1.44286,1.44293,1.00,1.00
2016.06.02 06:10:56.063,1.44284,1.44295,1.27,3.90
2016.06.02 06:10:56.309,1.44286,1.44295,1.00,1.45
2016.06.02 06:10:56.616,1.44288,1.44297,1.00,2.32
2016.06.02 06:10:57.128,1.44287,1.44297,1.10,1.37
2016.06.02 06:10:59.612,1.44284,1.44295,2.25,1.50
2016.06.02 06:10:59.883,1.44284,1.44294,1.50,1.12
2016.06.02 06:11:00.847,1.44283,1.44293,1.75,1.00
2016.06.02 06:11:01.154,1.44282,1.44292,1.00,5.32
2016.06.02 06:11:01.307,1.4428,1.44291,1.00,1.95
2016.06.02 06:11:01.765,1.44278,1.44287,1.07,1.25
2016.06.02 06:11:02.071,1.44282,1.44291,1.00,3.37
2016.06.02 06:11:02.335,1.44285,1.44294,1.00,1.57
2016.06.02 06:11:02.488,1.44285,1.44295,1.47,1.50
2016.06.02 06:11:02.995,1.44284,1.44296,2.25,1.57
2016.06.02 06:11:04.765,1.44283,1.44292,2.62,1.00
2016.06.02 06:11:04.968,1.44282,1.44288,1.00,1.00
2016.06.02 06:11:05.019,1.44282,1.44287,1.00,1.12
2016.06.02 06:11:05.121,1.44283,1.4429,1.00,3.75
2016.06.02 06:11:05.334,1.44281,1.44293,1.50,5.02
2016.06.02 06:11:05.487,1.44284,1.44291,1.00,1.07
2016.06.02 06:11:05.993,1.44283,1.44292,1.10,1.47
2016.06.02 06:11:06.539,1.44284,1.44292,1.00,1.47
2016.06.02 06:11:07.082,1.44283,1.44293,1.10,4.50
2016.06.02 06:11:08.605,1.44285,1.44293,1.00,4.50
2016.06.02 06:11:08.860,1.44286,1.44294,1.00,1.20
2016.06.02 06:11:09.165,1.44283,1.44294,1.50,4.50
2016.06.02 06:11:09.216,1.44283,1.44293,1.10,1.12
2016.06.02 06:11:09.800,1.44284,1.44292,1.00,1.10
2016.06.02 06:11:09.903,1.44286,1.44292,1.00,1.10
2016.06.02 06:11:16.208,1.44285,1.44293,1.00,1.57
2016.06.02 06:11:16.765,1.44284,1.44293,1.00,1.45
2016.06.02 06:11:17.153,1.44281,1.4429,1.00,4.87
2016.06.02 06:11:17.713,1.4428,1.4429,1.00,4.57
2016.06.02 06:11:18.220,1.4428,1.44288,1.00,1.37
2016.06.02 06:11:19.668,1.44281,1.44289,1.00,4.20
2016.06.02 06:11:21.661,1.4428,1.44289,1.00,4.20
2016.06.02 06:11:22.117,1.44278,1.44289,1.57,4.20
2016.06.02 06:11:22.321,1.44277,1.44286,1.50,1.37
2016.06.02 06:11:22.626,1.44275,1.44284,1.00,4.20
2016.06.02 06:11:23.399,1.44276,1.44284,1.00,3.82
2016.06.02 06:11:25.285,1.44274,1.44284,1.00,3.82
2016.06.02 06:11:26.096,1.44275,1.44284,1.00,4.57
2016.06.02 06:11:26.586,1.44273,1.44282,1.10,1.00
2016.06.02 06:11:26.891,1.44274,1.44283,1.00,3.00
2016.06.02 06:11:26.993,1.44272,1.44283,1.00,1.87
2016.06.02 06:11:27.348,1.44271,1.44281,1.00,2.62
2016.06.02 06:11:27.850,1.44272,1.4428,1.00,1.12
2016.06.02 06:11:28.003,1.44272,1.44281,1.00,1.87
2016.06.02 06:11:28.256,1.44272,1.44281,1.00,1.12
2016.06.02 06:11:28.459,1.44272,1.44281,1.00,1.12
2016.06.02 06:11:28.561,1.44272,1.4428,1.00,1.12
2016.06.02 06:11:28.663,1.44272,1.44282,1.00,5.62
2016.06.02 06:11:29.164,1.44271,1.44282,1.50,6.00
2016.06.02 06:11:29.794,1.44271,1.4428,1.00,1.20
2016.06.02 06:11:29.845,1.44269,1.44279,1.00,1.10
2016.06.02 06:11:29.998,1.44269,1.44279,1.00,2.62
2016.06.02 06:11:31.761,1.44268,1.44276,1.00,1.10
2016.06.02 06:11:32.723,1.44268,1.44273,1.00,1.00
2016.06.02 06:11:33.449,1.44266,1.44271,1.10,1.00
2016.06.02 06:11:33.755,1.44261,1.44269,2.62,1.00
2016.06.02 06:11:33.907,1.44261,1.44267,1.50,1.00
2016.06.02 06:11:33.958,1.44259,1.44267,1.95,1.00
2016.06.02 06:11:34.465,1.44259,1.44268,2.32,1.00
2016.06.02 06:11:35.000,1.44259,1.44269,1.95,1.00
2016.06.02 06:11:39.845,1.44259,1.44267,1.45,1.00
2016.06.02 06:11:40.352,1.44256,1.44267,5.62,1.00
2016.06.02 06:11:40.874,1.44256,1.44268,6.00,1.12
2016.06.02 06:11:41.637,1.44261,1.4427,1.00,4.95
2016.06.02 06:11:41.992,1.44264,1.44276,2.32,1.50
2016.06.02 06:11:42.095,1.44267,1.44277,1.50,1.00
2016.06.02 06:11:42.197,1.44267,1.44277,1.87,2.25
2016.06.02 06:11:42.401,1.44265,1.44275,1.95,1.00
2016.06.02 06:11:44.972,1.44265,1.44275,3.00,1.00
2016.06.02 06:11:45.491,1.44265,1.44275,3.37,1.00
2016.06.02 06:11:46.566,1.44266,1.44277,1.75,1.87
2016.06.02 06:11:47.075,1.44265,1.44277,2.62,1.87
2016.06.02 06:11:47.584,1.44265,1.44277,3.37,1.12
2016.06.02 06:11:49.109,1.44267,1.44276,1.50,1.00
2016.06.02 06:11:50.962,1.44266,1.44278,1.87,2.25
2016.06.02 06:11:51.317,1.44267,1.44276,1.12,1.75
2016.06.02 06:11:51.553,1.44249,1.44257,1.45,1.50
2016.06.02 06:11:51.623,1.44257,1.44261,2.25,3.75
2016.06.02 06:11:51.827,1.44259,1.44268,9.75,1.00
2016.06.02 06:11:52.081,1.4426,1.4427,1.12,1.12
2016.06.02 06:11:52.538,1.44264,1.44272,1.00,4.12
2016.06.02 06:11:52.590,1.44263,1.44273,1.10,1.87
2016.06.02 06:11:53.131,1.44262,1.4427,1.20,1.50
2016.06.02 06:11:53.233,1.44263,1.44274,1.10,2.25
2016.06.02 06:11:53.438,1.44265,1.44274,1.00,1.37
2016.06.02 06:11:53.945,1.44263,1.44274,1.50,1.87
2016.06.02 06:12:03.195,1.44262,1.44272,1.87,1.00
2016.06.02 06:12:03.349,1.44262,1.44272,1.47,1.12
2016.06.02 06:12:03.451,1.44262,1.44272,1.20,1.87
2016.06.02 06:12:03.654,1.4426,1.44272,2.70,1.12
2016.06.02 06:12:04.167,1.44261,1.44272,1.00,1.12
2016.06.02 06:12:04.532,1.44261,1.44272,1.00,1.57
2016.06.02 06:12:05.438,1.4426,1.44271,1.20,1.07
2016.06.02 06:12:05.775,1.44256,1.44266,5.89,1.00
2016.06.02 06:12:05.979,1.44256,1.44267,1.25,4.20
2016.06.02 06:12:06.183,1.44252,1.44264,4.87,1.10
2016.06.02 06:12:06.390,1.44252,1.44264,1.50,1.57
2016.06.02 06:12:06.519,1.44252,1.44264,1.87,1.27
2016.06.02 06:12:06.817,1.44256,1.44266,1.00,1.12
2016.06.02 06:12:06.869,1.44257,1.44267,1.00,4.95
2016.06.02 06:12:07.021,1.44258,1.44268,1.00,1.07
2016.06.02 06:12:07.225,1.44255,1.44265,1.20,1.00
2016.06.02 06:12:07.499,1.44253,1.44264,1.57,1.00
2016.06.02 06:12:08.044,1.44253,1.44263,1.12,1.00
2016.06.02 06:12:08.551,1.44253,1.44264,1.50,1.00
2016.06.02 06:12:09.059,1.44254,1.44264,1.00,1.00
2016.06.02 06:12:09.604,1.44252,1.44264,3.37,1.10
2016.06.02 06:12:11.398,1.44254,1.44264,1.00,1.10
2016.06.02 06:12:12.384,1.44255,1.44266,1.00,1.57
2016.06.02 06:12:13.156,1.44253,1.44264,1.12,1.10
2016.06.02 06:12:13.815,1.44254,1.44263,1.00,1.00
2016.06.02 06:12:14.319,1.44254,1.44263,1.00,1.85
2016.06.02 06:12:14.828,1.44253,1.44263,1.00,1.75
2016.06.02 06:12:14.880,1.44253,1.44263,1.00,1.20
2016.06.02 06:12:15.430,1.44253,1.44263,1.00,1.07
2016.06.02 06:12:15.887,1.44254,1.44264,1.00,1.20
2016.06.02 06:12:16.530,1.44253,1.44264,1.00,1.10
2016.06.02 06:12:17.849,1.44254,1.44264,1.00,1.00
2016.06.02 06:12:22.514,1.44256,1.44265,1.00,1.37
2016.06.02 06:12:22.616,1.44257,1.44267,1.00,2.32
2016.06.02 06:12:23.162,1.44255,1.44267,1.95,2.25
2016.06.02 06:12:23.214,1.44255,1.44265,1.07,1.00
2016.06.02 06:12:23.722,1.44257,1.44265,1.00,1.12
2016.06.02 06:12:24.229,1.44257,1.44266,1.00,1.00
2016.06.02 06:12:25.103,1.44263,1.44267,1.00,1.37
2016.06.02 06:12:25.155,1.44262,1.44268,1.00,3.75
2016.06.02 06:12:25.207,1.44265,1.44269,1.00,3.82
2016.06.02 06:12:25.310,1.44266,1.44274,1.00,1.37
2016.06.02 06:12:25.412,1.44265,1.44276,1.00,4.12
2016.06.02 06:12:25.564,1.44267,1.44275,1.00,1.00
2016.06.02 06:12:26.212,1.44266,1.44276,1.00,1.50
2016.06.02 06:12:26.516,1.44264,1.44274,1.10,4.87
2016.06.02 06:12:27.023,1.44264,1.44274,1.10,1.50
2016.06.02 06:12:27.674,1.44264,1.44274,1.10,4.87
2016.06.02 06:12:27.997,1.44264,1.44272,1.00,3.82
2016.06.02 06:12:28.505,1.44263,1.44272,1.00,3.75
2016.06.02 06:12:29.475,1.44263,1.44272,1.00,1.37
2016.06.02 06:12:29.982,1.44264,1.44273,1.00,4.12
2016.06.02 06:12:30.760,1.44263,1.44273,1.00,3.75
2016.06.02 06:12:32.448,1.44261,1.44273,1.27,4.87
2016.06.02 06:12:32.499,1.44264,1.44273,1.00,4.12
2016.06.02 06:12:32.550,1.44262,1.44272,1.00,1.37
2016.06.02 06:12:32.804,1.44264,1.44273,1.00,1.00
2016.06.02 06:12:33.798,1.44267,1.44275,1.00,4.12
2016.06.02 06:12:34.308,1.44266,1.44276,1.00,4.12
2016.06.02 06:12:35.705,1.44268,1.44276,1.00,4.12
2016.06.02 06:12:36.254,1.44267,1.44276,1.00,3.75
2016.06.02 06:12:36.762,1.44264,1.44276,3.37,6.00
2016.06.02 06:12:37.150,1.44256,1.44266,2.25,1.31
2016.06.02 06:12:37.202,1.44261,1.4427,1.00,1.76
2016.06.02 06:12:37.710,1.44261,1.44271,1.50,1.50
2016.06.02 06:12:37.913,1.44264,1.44273,1.00,1.12
2016.06.02 06:12:38.117,1.44266,1.44276,1.00,4.65
2016.06.02 06:12:40.380,1.44267,1.44276,1.00,5.32
2016.06.02 06:12:40.739,1.44266,1.44276,1.20,1.00
2016.06.02 06:12:41.056,1.44264,1.44273,2.25,1.00
2016.06.02 06:12:41.361,1.44268,1.44273,1.00,1.57
2016.06.02 06:12:41.515,1.44266,1.44276,1.00,1.00
2016.06.02 06:12:42.088,1.44266,1.44276,1.00,1.57
2016.06.02 06:12:42.687,1.44266,1.44276,1.00,2.32
2016.06.02 06:12:43.194,1.44266,1.44273,1.00,1.00
2016.06.02 06:12:43.563,1.44263,1.44274,1.00,5.02
2016.06.02 06:12:44.071,1.44264,1.44274,1.00,1.57
2016.06.02 06:12:44.680,1.44265,1.44274,1.00,1.57
2016.06.02 06:12:45.224,1.44266,1.44274,1.50,1.37
2016.06.02 06:12:46.445,1.44267,1.44274,1.00,1.00
2016.06.02 06:12:46.964,1.44267,1.44273,1.00,1.00
2016.06.02 06:12:47.217,1.44267,1.44271,1.00,1.00
2016.06.02 06:12:47.319,1.44263,1.44272,1.00,1.12
2016.06.02 06:12:47.776,1.44263,1.44271,1.50,1.17
2016.06.02 06:12:48.433,1.44263,1.44271,1.50,1.10
2016.06.02 06:12:48.737,1.44266,1.44274,1.50,3.90
2016.06.02 06:12:48.941,1.44268,1.44275,1.00,1.00
2016.06.02 06:12:52.567,1.44268,1.44278,1.00,1.87
2016.06.02 06:12:53.061,1.4427,1.44279,1.00,4.12
2016.06.02 06:12:53.365,1.44269,1.44276,1.00,1.37
2016.06.02 06:12:53.912,1.4427,1.44277,1.00,3.75
2016.06.02 06:12:54.423,1.44269,1.44276,1.50,4.12
2016.06.02 06:12:55.274,1.44269,1.44277,1.50,1.08
2016.06.02 06:12:57.127,1.44269,1.44277,1.50,1.08
2016.06.02 06:12:57.231,1.44269,1.44277,1.00,4.08
2016.06.02 06:12:57.793,1.44268,1.44275,1.10,2.25
2016.06.02 06:12:58.303,1.44267,1.44275,1.57,1.12
2016.06.02 06:12:58.819,1.44267,1.44276,1.57,2.25
2016.06.02 06:13:00.241,1.44269,1.44278,1.00,4.50
2016.06.02 06:13:00.816,1.44269,1.44277,1.00,1.12
2016.06.02 06:13:01.545,1.4427,1.44278,1.00,1.50
2016.06.02 06:13:05.764,1.4427,1.44278,1.00,1.12
2016.06.02 06:13:06.272,1.44269,1.44277,1.57,1.00
2016.06.02 06:13:07.183,1.44269,1.44278,1.10,1.12
2016.06.02 06:13:07.437,1.44265,1.44274,1.50,2.25
2016.06.02 06:13:09.801,1.44265,1.44273,1.00,1.87
2016.06.02 06:13:10.005,1.44265,1.44272,1.00,1.27
2016.06.02 06:13:10.513,1.44265,1.44272,1.00,1.12
2016.06.02 06:13:11.020,1.44265,1.44272,1.00,1.55
2016.06.02 06:13:11.557,1.44264,1.44271,1.00,1.57
2016.06.02 06:13:11.862,1.44263,1.4427,1.00,1.87
2016.06.02 06:13:12.434,1.44263,1.44272,1.00,1.95
2016.06.02 06:13:14.721,1.44263,1.44272,1.50,1.20
2016.06.02 06:13:16.388,1.44263,1.44271,1.00,4.27
2016.06.02 06:13:16.933,1.44263,1.4427,1.00,1.10
2016.06.02 06:13:20.099,1.44264,1.4427,1.00,1.10
2016.06.02 06:13:20.386,1.44266,1.44274,1.00,1.00
2016.06.02 06:13:20.539,1.44266,1.44276,1.12,2.25
2016.06.02 06:13:20.590,1.44266,1.44274,1.12,1.00
2016.06.02 06:13:21.099,1.44266,1.44274,1.00,1.87
2016.06.02 06:13:23.291,1.44268,1.44274,1.00,1.12
2016.06.02 06:13:23.444,1.44268,1.44276,1.00,1.00
2016.06.02 06:13:24.060,1.44268,1.44277,1.10,1.75
2016.06.02 06:13:24.568,1.44269,1.44276,1.00,1.37
2016.06.02 06:13:27.433,1.44269,1.44276,1.00,1.00
2016.06.02 06:13:27.940,1.44269,1.44277,1.00,1.00
2016.06.02 06:13:28.120,1.44269,1.44277,1.00,1.37
2016.06.02 06:13:28.579,1.44269,1.44277,1.00,1.00
2016.06.02 06:13:29.329,1.44269,1.44277,1.00,1.87
2016.06.02 06:13:34.245,1.44266,1.44274,1.87,1.24
2016.06.02 06:13:34.753,1.44266,1.44276,1.50,1.75
2016.06.02 06:13:40.098,1.44267,1.44277,1.00,4.12
2016.06.02 06:13:40.352,1.44267,1.44277,1.12,1.12
2016.06.02 06:13:40.961,1.44267,1.44276,1.87,1.00
2016.06.02 06:13:41.267,1.44267,1.44274,1.10,1.00
2016.06.02 06:13:43.665,1.44267,1.44275,1.50,1.50
2016.06.02 06:13:44.900,1.44267,1.44274,1.00,1.00
2016.06.02 06:13:45.356,1.44267,1.44273,1.00,1.47
2016.06.02 06:13:45.903,1.44267,1.44274,1.00,1.37
2016.06.02 06:13:46.435,1.44264,1.44273,1.00,1.00
2016.06.02 06:13:46.943,1.44263,1.44273,1.00,1.57
2016.06.02 06:13:47.474,1.44262,1.44272,1.00,1.12
2016.06.02 06:13:52.588,1.4426,1.44272,1.95,1.12
2016.06.02 06:13:52.701,1.44259,1.44271,1.50,1.65
2016.06.02 06:13:52.753,1.4426,1.44269,1.00,1.10
2016.06.02 06:13:53.211,1.44262,1.44272,1.00,1.20
2016.06.02 06:13:53.561,1.44264,1.44275,4.95,1.00
2016.06.02 06:13:53.612,1.44267,1.44278,1.00,1.87
2016.06.02 06:13:54.120,1.44265,1.44274,1.50,1.00
2016.06.02 06:13:54.627,1.44265,1.44274,1.10,1.00
2016.06.02 06:14:00.320,1.44263,1.44273,1.10,1.00
2016.06.02 06:14:00.371,1.44261,1.44271,1.95,1.00
2016.06.02 06:14:00.677,1.44264,1.44274,1.00,1.50
2016.06.02 06:14:00.932,1.44264,1.44274,1.00,1.20
2016.06.02 06:14:01.034,1.44267,1.44274,1.00,1.00
2016.06.02 06:14:02.204,1.44266,1.44274,1.00,1.00
2016.06.02 06:14:02.407,1.44264,1.44275,1.00,1.85
2016.06.02 06:14:02.763,1.44261,1.44271,1.57,1.00
2016.06.02 06:14:03.286,1.44263,1.44272,1.00,1.07
2016.06.02 06:14:03.795,1.4426,1.4427,3.90,1.00
2016.06.02 06:14:05.331,1.4426,1.44268,3.90,1.00
2016.06.02 06:14:05.382,1.4426,1.4427,3.90,1.00
2016.06.02 06:14:05.687,1.4426,1.44268,4.20,1.00
2016.06.02 06:14:05.738,1.4426,1.4427,4.20,1.00
2016.06.02 06:14:05.955,1.4426,1.4427,1.10,1.00
2016.06.02 06:14:10.589,1.4426,1.44268,1.10,1.00
2016.06.02 06:14:10.742,1.4426,1.4427,1.20,1.00
2016.06.02 06:14:11.249,1.4426,1.4427,1.47,1.00
2016.06.02 06:14:11.788,1.4426,1.44271,1.95,1.00
2016.06.02 06:14:12.770,1.4426,1.44269,1.47,1.00
2016.06.02 06:14:12.822,1.4426,1.44271,1.87,1.10
2016.06.02 06:14:12.924,1.4426,1.44271,1.00,2.32
2016.06.02 06:14:13.431,1.44262,1.44273,1.00,1.95
2016.06.02 06:14:13.641,1.44263,1.44274,4.20,1.12
2016.06.02 06:14:14.148,1.44263,1.44273,5.02,1.00
2016.06.02 06:14:16.276,1.44263,1.44272,3.90,1.00
2016.06.02 06:14:16.428,1.44261,1.44272,6.75,1.00
2016.06.02 06:14:18.212,1.44261,1.4427,5.77,1.00
2016.06.02 06:14:18.415,1.44261,1.44272,5.02,1.00
2016.06.02 06:14:18.972,1.44261,1.44271,5.02,1.00
2016.06.02 06:14:19.125,1.44259,1.44266,1.57,1.00
2016.06.02 06:14:19.227,1.4426,1.44269,1.00,1.00
2016.06.02 06:14:19.329,1.4426,1.44266,1.00,1.00
2016.06.02 06:14:19.806,1.44258,1.44267,1.00,1.00
2016.06.02 06:14:22.341,1.44257,1.44267,1.50,1.00
2016.06.02 06:14:24.075,1.44257,1.44265,1.50,1.00
2016.06.02 06:14:24.639,1.44256,1.44264,1.57,1.00
2016.06.02 06:14:25.180,1.44256,1.44263,1.12,1.00
2016.06.02 06:14:25.686,1.44255,1.44264,5.40,1.00
2016.06.02 06:14:27.288,1.44255,1.44262,4.65,1.00
2016.06.02 06:14:27.390,1.44255,1.44262,1.27,1.00
2016.06.02 06:14:27.694,1.44255,1.44264,1.87,1.00
2016.06.02 06:14:28.232,1.44256,1.44265,1.00,1.12
2016.06.02 06:14:28.896,1.44255,1.44264,1.20,1.00
2016.06.02 06:14:31.547,1.44255,1.44266,1.10,1.37
2016.06.02 06:14:33.222,1.44255,1.44263,1.12,1.20
2016.06.02 06:14:33.529,1.44246,1.44249,1.25,1.10
2016.06.02 06:14:33.631,1.44243,1.4425,1.00,1.07
2016.06.02 06:14:33.683,1.44239,1.44251,1.87,1.50
2016.06.02 06:14:33.987,1.44242,1.44251,1.00,1.20
2016.06.02 06:14:34.408,1.4424,1.44251,1.65,1.00
2016.06.02 06:14:34.814,1.4424,1.44249,1.27,1.00
2016.06.02 06:14:35.322,1.44241,1.4425,1.00,1.00
2016.06.02 06:14:35.808,1.44242,1.44253,1.00,1.57
2016.06.02 06:14:35.910,1.44243,1.44254,1.57,4.50
2016.06.02 06:14:35.961,1.44243,1.44254,1.07,1.12
2016.06.02 06:14:36.114,1.44241,1.44253,2.40,1.12
2016.06.02 06:14:36.369,1.44241,1.44253,1.20,4.87
2016.06.02 06:14:39.418,1.44243,1.44252,1.00,1.47
2016.06.02 06:14:39.571,1.44245,1.44254,1.00,1.50
2016.06.02 06:14:39.622,1.44243,1.44254,1.50,1.50
2016.06.02 06:14:40.539,1.44243,1.44253,1.50,1.00
2016.06.02 06:14:41.047,1.44243,1.44254,1.00,1.50
2016.06.02 06:14:41.352,1.44243,1.44252,1.00,1.00
2016.06.02 06:14:41.876,1.44241,1.44253,2.32,1.95
2016.06.02 06:14:42.636,1.4424,1.4425,1.20,1.00
2016.06.02 06:14:42.738,1.44239,1.4425,2.70,1.50
2016.06.02 06:14:42.942,1.44239,1.44248,3.75,1.20
2016.06.02 06:14:43.280,1.4423,1.44236,4.50,1.20
2016.06.02 06:14:43.383,1.44228,1.44236,1.50,1.50
2016.06.02 06:14:43.564,1.44225,1.44236,1.50,1.10
2016.06.02 06:14:44.214,1.44225,1.44235,1.12,1.00
2016.06.02 06:14:46.064,1.44225,1.44233,1.12,1.00
2016.06.02 06:14:46.369,1.44222,1.4423,1.00,1.00
2016.06.02 06:14:46.904,1.4422,1.44231,4.95,1.00
2016.06.02 06:14:49.173,1.44221,1.44232,1.50,1.10
2016.06.02 06:14:51.510,1.44223,1.44232,1.00,1.10
2016.06.02 06:14:52.093,1.44224,1.44233,1.00,1.20
2016.06.02 06:14:52.453,1.44226,1.44234,1.00,1.50
2016.06.02 06:14:52.504,1.44223,1.44234,1.50,1.87
2016.06.02 06:14:52.556,1.44223,1.44234,1.50,1.27
2016.06.02 06:14:52.607,1.44223,1.44232,1.12,1.00
2016.06.02 06:14:52.709,1.44223,1.44234,1.12,1.65
2016.06.02 06:14:55.513,1.44222,1.44233,1.50,1.00
2016.06.02 06:14:56.020,1.44223,1.44234,1.00,2.02
2016.06.02 06:14:56.274,1.44221,1.44233,1.20,1.50
2016.06.02 06:14:56.801,1.44222,1.44233,1.00,1.50
2016.06.02 06:14:57.318,1.44223,1.44234,1.00,5.02
2016.06.02 06:15:02.875,1.44226,1.44234,1.00,4.11
2016.06.02 06:15:02.926,1.44226,1.44235,1.00,1.48
2016.06.02 06:15:03.282,1.44232,1.44236,1.00,1.45
2016.06.02 06:15:03.435,1.44233,1.44241,1.57,3.75
2016.06.02 06:15:03.486,1.44235,1.44241,1.00,3.75
2016.06.02 06:15:03.539,1.44234,1.44245,1.07,4.38
2016.06.02 06:15:03.895,1.44232,1.44243,1.17,1.12
2016.06.02 06:15:04.203,1.44231,1.44242,1.95,1.37
2016.06.02 06:15:04.711,1.44231,1.44242,1.50,4.50
2016.06.02 06:15:05.254,1.4423,1.44241,3.07,1.50
2016.06.02 06:15:05.762,1.44229,1.44239,1.57,1.00
2016.06.02 06:15:06.272,1.4423,1.4424,1.00,1.00
2016.06.02 06:15:06.838,1.44229,1.4424,1.20,1.00
2016.06.02 06:15:07.624,1.4423,1.4424,1.00,1.00
2016.06.02 06:15:08.249,1.4423,1.4424,1.07,1.00
2016.06.02 06:15:11.254,1.44229,1.4424,2.02,1.50
2016.06.02 06:15:11.781,1.44229,1.4424,2.40,1.50
2016.06.02 06:15:12.288,1.4423,1.4424,1.00,1.12
2016.06.02 06:15:15.843,1.4423,1.44239,1.50,1.00
2016.06.02 06:15:16.147,1.44232,1.44241,1.00,1.37
2016.06.02 06:15:16.378,1.44233,1.44243,1.00,1.00
2016.06.02 06:15:16.886,1.44233,1.44244,2.70,1.50
2016.06.02 06:15:23.577,1.44235,1.44244,1.00,1.10
2016.06.02 06:15:23.730,1.44237,1.44245,1.00,3.37
2016.06.02 06:15:24.362,1.44237,1.44246,1.00,4.50
2016.06.02 06:15:26.583,1.44235,1.44246,1.47,3.75
2016.06.02 06:15:27.204,1.44235,1.44246,1.20,3.75
2016.06.02 06:15:33.381,1.44235,1.44246,1.47,3.82
2016.06.02 06:15:35.891,1.44235,1.44246,1.20,3.82
2016.06.02 06:15:36.486,1.44236,1.44245,1.00,1.37
2016.06.02 06:15:40.099,1.44235,1.44246,1.20,3.82
2016.06.02 06:15:40.606,1.44235,1.44246,1.47,3.82
2016.06.02 06:15:42.112,1.44234,1.44243,1.27,1.12
2016.06.02 06:15:42.752,1.44234,1.44245,1.20,1.00
2016.06.02 06:15:42.804,1.44236,1.44246,1.00,1.12
2016.06.02 06:15:43.313,1.44235,1.44246,1.20,1.12
2016.06.02 06:15:43.820,1.44235,1.44246,1.57,1.12
2016.06.02 06:15:53.122,1.44241,1.44246,1.15,1.00
2016.06.02 06:15:53.427,1.44253,1.4426,1.47,4.12
2016.06.02 06:15:53.660,1.44264,1.4427,1.12,1.12
2016.06.02 06:15:53.711,1.44264,1.44275,1.00,1.00
2016.06.02 06:15:54.015,1.44265,1.44273,1.00,1.00
2016.06.02 06:15:54.320,1.4426,1.4427,1.12,1.10
2016.06.02 06:15:54.574,1.4426,1.44269,1.00,1.57
2016.06.02 06:15:54.878,1.44259,1.44268,1.00,4.50
2016.06.02 06:15:55.389,1.44259,1.44267,1.00,1.20
2016.06.02 06:15:56.510,1.44259,1.44267,1.00,1.10
2016.06.02 06:15:57.044,1.4426,1.44269,1.00,4.50
2016.06.02 06:15:58.215,1.44263,1.4427,1.00,2.02
2016.06.02 06:15:58.520,1.44263,1.44271,1.00,1.00
2016.06.02 06:15:59.078,1.44262,1.44271,1.00,1.12
2016.06.02 06:15:59.129,1.44265,1.44272,1.00,2.32
2016.06.02 06:15:59.693,1.44264,1.44272,1.12,1.00
2016.06.02 06:16:00.865,1.44263,1.44272,1.00,1.00
2016.06.02 06:16:01.399,1.4426,1.44272,2.25,1.50
2016.06.02 06:16:01.480,1.4426,1.44271,1.20,1.87
2016.06.02 06:16:03.342,1.4426,1.44271,1.12,1.00
2016.06.02 06:16:03.849,1.4426,1.44271,1.12,1.37
2016.06.02 06:16:07.174,1.44261,1.44271,1.00,1.37
2016.06.02 06:16:12.090,1.44258,1.44269,1.47,1.00
2016.06.02 06:16:12.243,1.44258,1.44268,1.00,1.12
2016.06.02 06:16:12.346,1.44257,1.44267,1.00,1.57
2016.06.02 06:16:13.157,1.44259,1.44268,1.00,2.32
2016.06.02 06:16:13.259,1.4426,1.44268,1.00,1.00
2016.06.02 06:16:13.362,1.44262,1.4427,1.00,1.55
2016.06.02 06:16:13.464,1.44261,1.44271,1.00,1.65
2016.06.02 06:16:13.966,1.44262,1.44272,1.00,1.20
2016.06.02 06:16:14.068,1.44264,1.44273,1.00,1.45
2016.06.02 06:16:14.575,1.44262,1.44271,1.55,1.00
2016.06.02 06:16:15.832,1.44264,1.44274,1.37,1.50
2016.06.02 06:16:15.883,1.44266,1.44275,1.00,1.00
2016.06.02 06:16:15.934,1.44268,1.44277,3.37,1.50
2016.06.02 06:16:16.087,1.44273,1.44282,1.00,1.10
2016.06.02 06:16:16.275,1.44276,1.44283,1.45,1.25
2016.06.02 06:16:16.733,1.44278,1.44286,1.47,1.00
2016.06.02 06:16:17.910,1.44278,1.44289,1.57,1.12
2016.06.02 06:16:18.214,1.44278,1.44287,1.57,1.00
2016.06.02 06:16:18.367,1.44276,1.44286,1.10,1.50
2016.06.02 06:16:18.924,1.44277,1.44285,1.00,1.12
2016.06.02 06:16:20.363,1.44277,1.44289,1.50,3.07
2016.06.02 06:16:20.415,1.4428,1.44289,1.00,1.37
2016.06.02 06:16:20.720,1.44279,1.4429,1.00,1.12
2016.06.02 06:16:21.314,1.44279,1.44288,1.00,1.00
2016.06.02 06:16:23.630,1.44279,1.44289,1.00,1.00
2016.06.02 06:16:23.937,1.44283,1.44293,1.00,1.76
2016.06.02 06:16:24.141,1.44283,1.44295,1.50,1.00
2016.06.02 06:16:25.876,1.44284,1.44297,3.75,4.27
2016.06.02 06:16:26.384,1.44284,1.44298,4.12,4.57
2016.06.02 06:16:32.410,1.44284,1.44296,1.10,1.47
2016.06.02 06:16:33.976,1.44286,1.44296,1.00,1.47
2016.06.02 06:16:42.786,1.44287,1.44297,1.00,5.02
2016.06.02 06:16:43.302,1.44288,1.44297,1.00,3.75
2016.06.02 06:16:43.836,1.44288,1.44298,1.00,4.95
2016.06.02 06:16:44.800,1.44284,1.44297,3.07,1.37
2016.06.02 06:16:45.057,1.44286,1.44298,1.50,3.75
2016.06.02 06:16:45.108,1.44287,1.44299,1.95,1.20
2016.06.02 06:16:45.210,1.44289,1.44302,1.00,1.47
2016.06.02 06:16:45.946,1.44289,1.44302,1.50,1.47
2016.06.02 06:16:46.253,1.44295,1.44308,1.20,3.75
2016.06.02 06:16:46.304,1.44297,1.44309,1.12,5.32
2016.06.02 06:16:46.471,1.44295,1.4431,5.25,3.07
2016.06.02 06:16:46.544,1.44297,1.4431,3.82,3.37
2016.06.02 06:16:47.051,1.44296,1.4431,4.65,4.95
2016.06.02 06:16:48.049,1.44296,1.44308,3.75,1.57
2016.06.02 06:16:48.100,1.44294,1.44308,3.75,5.02
2016.06.02 06:16:48.202,1.44293,1.44305,1.10,1.20
2016.06.02 06:16:48.254,1.44293,1.44305,1.00,1.82
2016.06.02 06:16:48.508,1.44289,1.44303,1.27,4.57
2016.06.02 06:16:48.867,1.44288,1.443,1.07,1.12
2016.06.02 06:16:49.404,1.44286,1.443,4.20,4.20
2016.06.02 06:16:54.979,1.44286,1.44298,3.75,1.20
2016.06.02 06:16:55.030,1.44283,1.44297,3.82,1.47
2016.06.02 06:16:55.132,1.44284,1.44295,1.12,1.95
2016.06.02 06:16:55.438,1.44288,1.44299,1.00,2.40
2016.06.02 06:16:55.974,1.44287,1.44298,1.00,1.12
2016.06.02 06:16:57.749,1.44286,1.44298,1.27,1.12
2016.06.02 06:16:58.054,1.44285,1.44296,1.37,1.12
2016.06.02 06:17:02.115,1.44287,1.44296,1.00,1.12
2016.06.02 06:17:04.002,1.44285,1.44297,1.00,1.95
2016.06.02 06:17:08.947,1.44284,1.44295,1.50,1.00
2016.06.02 06:17:09.454,1.44283,1.44294,1.00,1.20
2016.06.02 06:17:09.961,1.44282,1.44294,1.12,1.20
2016.06.02 06:17:11.560,1.44284,1.44295,1.00,1.65
2016.06.02 06:17:11.865,1.44287,1.44296,1.00,3.82
2016.06.02 06:17:12.426,1.44286,1.44297,1.00,4.57
2016.06.02 06:17:12.478,1.44281,1.44293,4.57,1.12
2016.06.02 06:17:12.985,1.44283,1.44294,1.00,4.20
2016.06.02 06:17:13.923,1.44283,1.44294,1.00,1.47
2016.06.02 06:17:14.467,1.44284,1.44294,1.00,1.10
2016.06.02 06:17:23.821,1.44284,1.44294,1.00,1.37
2016.06.02 06:17:25.736,1.44282,1.44294,1.00,1.87
2016.06.02 06:17:26.245,1.44284,1.44293,1.00,1.57
2016.06.02 06:17:28.183,1.44284,1.44293,1.00,1.27
2016.06.02 06:17:30.890,1.44287,1.44295,1.00,1.87
2016.06.02 06:17:31.043,1.44287,1.44298,1.00,5.62
2016.06.02 06:17:31.551,1.44288,1.44297,1.00,1.57
2016.06.02 06:17:32.102,1.44287,1.44298,1.00,3.90
2016.06.02 06:17:33.117,1.44286,1.44298,1.12,4.65
2016.06.02 06:17:33.645,1.44285,1.44296,1.00,1.47
2016.06.02 06:17:34.192,1.44285,1.44296,1.00,1.95
2016.06.02 06:17:34.820,1.44286,1.44296,1.00,1.95
2016.06.02 06:17:35.969,1.44285,1.44296,1.00,1.57
2016.06.02 06:17:36.844,1.44287,1.44295,1.00,1.07
2016.06.02 06:17:37.372,1.44286,1.44296,1.00,1.65
2016.06.02 06:17:40.541,1.44283,1.44295,1.87,1.12
2016.06.02 06:17:41.048,1.44284,1.44295,1.00,1.20
2016.06.02 06:17:41.739,1.44284,1.44296,1.00,2.02
2016.06.02 06:17:43.596,1.44284,1.44295,1.10,1.37
2016.06.02 06:17:49.446,1.44285,1.44294,1.00,1.12
2016.06.02 06:17:49.700,1.44279,1.4429,1.00,4.87
2016.06.02 06:17:55.507,1.44278,1.4429,1.12,2.25
2016.06.02 06:18:02.042,1.44279,1.4429,1.00,1.87
2016.06.02 06:18:10.621,1.44278,1.4429,1.12,1.87
2016.06.02 06:18:10.774,1.44277,1.44286,1.95,1.00
2016.06.02 06:18:10.876,1.44276,1.44287,1.20,1.20
2016.06.02 06:18:10.927,1.44274,1.44285,2.25,1.00
2016.06.02 06:18:11.407,1.44274,1.44286,1.57,3.00
2016.06.02 06:18:11.915,1.44275,1.44284,1.00,1.57
2016.06.02 06:18:12.424,1.44274,1.44285,1.00,2.25
2016.06.02 06:18:13.104,1.44275,1.44285,1.00,2.25
2016.06.02 06:18:13.625,1.44274,1.44285,1.50,1.87
2016.06.02 06:18:14.630,1.44273,1.44283,1.50,1.37
2016.06.02 06:18:24.494,1.44274,1.44284,1.12,1.12
2016.06.02 06:18:24.799,1.44276,1.44285,1.00,1.20
2016.06.02 06:18:24.851,1.44276,1.44287,1.00,1.12
2016.06.02 06:18:25.054,1.44277,1.44289,4.87,1.50
2016.06.02 06:18:25.156,1.44277,1.44289,5.25,1.12
2016.06.02 06:18:25.448,1.44277,1.44286,5.25,1.00
2016.06.02 06:18:25.653,1.44274,1.44285,1.87,1.50
2016.06.02 06:18:26.160,1.44273,1.44284,1.20,1.95
2016.06.02 06:18:28.288,1.44272,1.44284,1.57,1.57
2016.06.02 06:18:28.799,1.44272,1.44284,1.20,1.57
2016.06.02 06:18:29.361,1.44272,1.44284,1.12,1.95
2016.06.02 06:18:29.690,1.4427,1.4428,4.12,1.37
2016.06.02 06:18:29.741,1.4427,1.44277,1.00,1.12
2016.06.02 06:18:29.793,1.44267,1.44277,1.00,1.20
2016.06.02 06:18:29.895,1.44264,1.44276,1.95,2.25
2016.06.02 06:18:30.201,1.44265,1.44273,1.00,1.10
2016.06.02 06:18:30.506,1.44268,1.44276,1.00,1.45
2016.06.02 06:18:30.658,1.44268,1.44278,1.00,1.95
2016.06.02 06:18:32.523,1.44266,1.44278,1.10,1.95
2016.06.02 06:18:33.626,1.44267,1.44278,1.00,2.32
2016.06.02 06:18:38.276,1.44266,1.44276,1.00,1.47
2016.06.02 06:18:38.794,1.44266,1.44276,1.00,1.87
2016.06.02 06:18:40.013,1.44266,1.44276,1.12,1.87
2016.06.02 06:18:44.772,1.44264,1.44274,1.00,1.95
2016.06.02 06:18:45.027,1.44262,1.44274,1.50,2.25
2016.06.02 06:18:45.129,1.44264,1.44273,1.00,1.57
2016.06.02 06:18:45.231,1.4426,1.4427,1.65,1.00
2016.06.02 06:18:45.282,1.4426,1.4427,1.10,1.50
2016.06.02 06:18:45.436,1.44258,1.4427,1.12,1.87
2016.06.02 06:18:45.939,1.44259,1.44268,1.00,1.07
2016.06.02 06:18:47.201,1.44256,1.44268,5.32,1.57
2016.06.02 06:18:47.304,1.44256,1.44267,1.00,1.50
2016.06.02 06:18:47.407,1.44254,1.44264,1.87,1.20
2016.06.02 06:18:47.852,1.44251,1.44261,1.00,1.37
2016.06.02 06:18:47.903,1.44248,1.44258,1.12,1.07
2016.06.02 06:18:49.182,1.44246,1.44258,1.95,1.95
2016.06.02 06:18:49.285,1.44245,1.44257,1.57,1.75
2016.06.02 06:18:49.592,1.44245,1.44254,1.00,1.12
2016.06.02 06:18:49.796,1.44247,1.44257,1.12,1.12
2016.06.02 06:18:50.323,1.44248,1.44258,1.00,1.50
2016.06.02 06:18:50.878,1.44248,1.44258,1.00,1.50
2016.06.02 06:18:51.363,1.44246,1.44255,1.50,1.50
2016.06.02 06:18:51.414,1.44245,1.44255,1.12,1.87
2016.06.02 06:18:51.889,1.44246,1.44256,1.12,1.82
2016.06.02 06:18:51.940,1.44251,1.44256,1.00,1.45
2016.06.02 06:18:52.241,1.44252,1.44262,1.50,1.12
2016.06.02 06:18:52.343,1.44252,1.44262,1.50,1.45
2016.06.02 06:18:52.851,1.44251,1.44262,1.12,1.07
2016.06.02 06:18:52.953,1.44254,1.44262,1.00,1.07
2016.06.02 06:18:53.480,1.44253,1.44264,1.12,1.12
2016.06.02 06:18:53.785,1.44254,1.44265,1.00,4.50
2016.06.02 06:18:54.560,1.44255,1.44265,1.00,5.32
2016.06.02 06:18:54.865,1.44256,1.44266,1.00,1.12
2016.06.02 06:18:55.065,1.44256,1.44267,1.37,4.87
2016.06.02 06:18:55.424,1.44256,1.44267,1.12,1.20
2016.06.02 06:19:00.387,1.44256,1.44267,1.50,1.07
2016.06.02 06:19:02.393,1.44256,1.44267,1.50,1.45
2016.06.02 06:19:04.628,1.44266,1.4427,3.75,1.37
2016.06.02 06:19:04.679,1.44268,1.44277,1.20,1.20
2016.06.02 06:19:04.730,1.44267,1.44278,1.95,2.51
2016.06.02 06:19:05.088,1.4427,1.44278,1.12,1.32
2016.06.02 06:19:05.293,1.4427,1.4428,1.57,1.20
2016.06.02 06:19:05.816,1.44269,1.44279,1.57,1.00
2016.06.02 06:19:06.951,1.44269,1.44281,1.47,1.57
2016.06.02 06:19:09.288,1.44273,1.44282,1.00,3.82
2016.06.02 06:19:09.748,1.4427,1.44282,1.95,4.57
2016.06.02 06:19:10.125,1.44269,1.44281,1.27,5.62
2016.06.02 06:19:12.011,1.4427,1.4428,1.00,1.45
2016.06.02 06:19:12.518,1.44271,1.44281,1.20,1.12
2016.06.02 06:19:13.512,1.44273,1.44283,1.00,4.50
2016.06.02 06:19:13.766,1.44275,1.44285,1.00,1.87
2016.06.02 06:19:14.223,1.44277,1.44285,1.00,1.12
2016.06.02 06:19:14.762,1.44276,1.44285,1.00,1.12
2016.06.02 06:19:15.269,1.44275,1.44285,1.00,1.12
2016.06.02 06:19:16.533,1.44277,1.44285,1.00,1.12
2016.06.02 06:19:17.058,1.44276,1.44285,1.00,1.12
2016.06.02 06:19:18.966,1.44272,1.44282,4.87,1.12
2016.06.02 06:19:19.280,1.44274,1.44282,1.00,1.50
2016.06.02 06:19:19.483,1.44274,1.44283,1.00,1.07
2016.06.02 06:19:20.025,1.44274,1.44285,1.00,4.20
2016.06.02 06:19:20.076,1.44276,1.44285,1.00,3.90
2016.06.02 06:19:20.584,1.44275,1.44284,1.00,1.12
2016.06.02 06:19:20.889,1.44277,1.44286,1.00,1.85
2016.06.02 06:19:21.344,1.44278,1.44288,1.00,4.87
2016.06.02 06:19:21.883,1.44278,1.44289,1.10,1.57
2016.06.02 06:19:22.677,1.44285,1.44291,1.00,1.57
2016.06.02 06:19:22.756,1.44285,1.44295,1.10,1.87
2016.06.02 06:19:22.807,1.44285,1.44295,1.20,1.50
2016.06.02 06:19:23.315,1.44286,1.44297,1.12,1.87
2016.06.02 06:19:23.636,1.4429,1.443,1.10,4.50
2016.06.02 06:19:24.144,1.44287,1.44299,1.87,1.10
2016.06.02 06:19:24.900,1.44288,1.44298,1.47,1.00
2016.06.02 06:19:25.206,1.4428,1.4429,4.12,1.12
2016.06.02 06:19:25.258,1.4428,1.4429,1.00,1.12
2016.06.02 06:19:25.766,1.44278,1.4429,1.57,1.20
2016.06.02 06:19:26.290,1.4428,1.4429,1.00,1.20
2016.06.02 06:19:28.205,1.44279,1.44291,1.27,1.87
2016.06.02 06:19:30.766,1.44278,1.44288,1.87,1.12
2016.06.02 06:19:30.969,1.44276,1.44286,1.10,1.12
2016.06.02 06:19:31.517,1.44276,1.44287,1.10,1.85
2016.06.02 06:19:38.346,1.44274,1.44286,1.65,2.25
2016.06.02 06:19:38.551,1.44274,1.44286,2.50,4.57
2016.06.02 06:19:38.705,1.44275,1.44288,1.50,5.06
2016.06.02 06:19:39.011,1.44277,1.44289,1.42,1.26
2016.06.02 06:19:39.316,1.44278,1.4429,1.57,2.14
2016.06.02 06:19:39.367,1.44278,1.4429,2.57,1.20
2016.06.02 06:19:39.522,1.44281,1.44294,1.20,3.82
2016.06.02 06:19:40.023,1.44285,1.44295,1.00,1.09
2016.06.02 06:19:40.554,1.44286,1.44295,1.00,1.01
2016.06.02 06:19:40.630,1.44286,1.44297,1.00,1.20
2016.06.02 06:19:41.133,1.44286,1.44297,1.20,1.07
2016.06.02 06:19:41.823,1.44286,1.44298,1.20,2.44
2016.06.02 06:19:42.358,1.44286,1.44298,1.57,2.81
2016.06.02 06:19:42.713,1.44286,1.44298,1.57,2.81
2016.06.02 06:19:43.720,1.44287,1.44298,1.12,1.09
2016.06.02 06:19:46.278,1.44286,1.44298,1.65,1.65
2016.06.02 06:19:46.330,1.44286,1.44298,1.65,5.02
2016.06.02 06:19:46.701,1.44288,1.44298,1.00,3.82
2016.06.02 06:19:46.827,1.44288,1.443,1.00,2.40
2016.06.02 06:19:50.638,1.44289,1.443,1.00,1.37
2016.06.02 06:19:52.914,1.44287,1.44298,1.57,1.00
2016.06.02 06:19:54.619,1.44287,1.44298,1.20,1.00
2016.06.02 06:19:55.229,1.44287,1.44298,3.90,1.00
2016.06.02 06:19:55.775,1.44287,1.44299,5.02,1.27
2016.06.02 06:19:56.386,1.44287,1.44298,4.95,1.00
2016.06.02 06:19:58.502,1.44287,1.44296,4.57,1.00
2016.06.02 06:19:58.656,1.44285,1.44295,3.37,1.00
2016.06.02 06:19:58.910,1.44285,1.44294,1.20,1.00
2016.06.02 06:19:59.344,1.44285,1.44295,1.50,1.00
2016.06.02 06:20:00.207,1.44284,1.44295,1.82,1.00
2016.06.02 06:20:00.753,1.44283,1.44294,1.12,1.00
2016.06.02 06:20:01.671,1.44283,1.44293,1.50,1.00
2016.06.02 06:20:01.940,1.44283,1.44295,1.50,1.20
2016.06.02 06:20:03.426,1.44282,1.44294,2.70,1.00
2016.06.02 06:20:03.478,1.44282,1.44291,1.95,1.00
2016.06.02 06:20:03.733,1.44277,1.44287,1.20,1.00
2016.06.02 06:20:03.835,1.44277,1.44289,4.95,1.57
2016.06.02 06:20:03.887,1.44277,1.44287,4.95,1.00
2016.06.02 06:20:04.185,1.44275,1.44287,3.07,1.57
2016.06.02 06:20:04.389,1.44278,1.44287,1.00,1.07
2016.06.02 06:20:04.694,1.4428,1.44291,1.00,5.06
2016.06.02 06:20:05.203,1.44279,1.4429,1.00,1.47
2016.06.02 06:20:06.583,1.44279,1.44289,1.12,1.00
2016.06.02 06:20:07.841,1.44278,1.44289,1.50,1.00
2016.06.02 06:20:08.246,1.44278,1.44289,1.50,1.00
2016.06.02 06:20:08.551,1.44278,1.44288,1.00,1.50
2016.06.02 06:20:08.964,1.44278,1.4429,1.10,2.25
2016.06.02 06:20:09.472,1.44278,1.44289,1.20,1.00
2016.06.02 06:20:09.957,1.44278,1.44287,1.10,1.00
2016.06.02 06:20:10.925,1.44279,1.44289,1.00,4.50
2016.06.02 06:20:10.976,1.44279,1.44289,1.12,1.00
2016.06.02 06:20:11.516,1.44279,1.44289,1.10,1.00
2016.06.02 06:20:12.177,1.44286,1.4429,1.00,1.00
2016.06.02 06:20:12.381,1.44288,1.44297,1.00,2.25
2016.06.02 06:20:12.768,1.44288,1.44298,1.50,1.12
2016.06.02 06:20:13.073,1.44288,1.44298,1.37,1.50
2016.06.02 06:20:13.174,1.44287,1.44298,1.10,1.12
2016.06.02 06:20:13.582,1.44288,1.44298,1.00,1.00
2016.06.02 06:20:14.086,1.44287,1.44299,1.10,2.25
2016.06.02 06:20:15.747,1.44289,1.44299,1.00,1.50
2016.06.02 06:20:16.608,1.44289,1.44298,1.00,1.37
2016.06.02 06:20:17.139,1.44287,1.44298,1.12,1.37
2016.06.02 06:20:17.646,1.44288,1.44298,1.10,1.50
2016.06.02 06:20:18.690,1.44288,1.44298,1.10,1.37
2016.06.02 06:20:18.996,1.44295,1.44306,1.12,3.37
2016.06.02 06:20:19.098,1.44297,1.44307,1.00,1.50
2016.06.02 06:20:19.150,1.44297,1.44306,1.50,1.00
2016.06.02 06:20:19.251,1.44298,1.44308,1.75,1.50
2016.06.02 06:20:19.505,1.44298,1.4431,2.62,1.12
2016.06.02 06:20:20.302,1.44298,1.4431,1.95,1.12
2016.06.02 06:20:20.404,1.44301,1.44312,1.00,3.82
2016.06.02 06:20:20.912,1.44301,1.44313,1.20,2.06
2016.06.02 06:20:21.287,1.44309,1.44319,1.50,4.12
2016.06.02 06:20:21.338,1.44309,1.44321,1.57,1.37
2016.06.02 06:20:21.490,1.44308,1.44319,1.87,1.37
2016.06.02 06:20:21.744,1.44306,1.44317,1.50,1.00
2016.06.02 06:20:22.251,1.44306,1.44317,1.20,1.00
2016.06.02 06:20:22.673,1.44306,1.44317,1.47,1.00
2016.06.02 06:20:23.206,1.44307,1.44319,1.87,2.62
2016.06.02 06:20:23.715,1.44307,1.44319,1.87,1.87
2016.06.02 06:20:24.046,1.44305,1.44314,1.50,1.12
2016.06.02 06:20:24.148,1.44302,1.44314,1.95,2.62
2016.06.02 06:20:24.403,1.44303,1.44313,1.12,1.50
2016.06.02 06:20:24.708,1.44304,1.44314,1.10,1.00
2016.06.02 06:20:25.151,1.44308,1.44314,1.00,1.00
2016.06.02 06:20:25.304,1.44309,1.44319,1.10,5.32
2016.06.02 06:20:25.407,1.44309,1.44319,1.10,1.00
2016.06.02 06:20:25.712,1.44306,1.44318,1.50,2.25
2016.06.02 06:20:26.255,1.44306,1.44316,1.20,1.87
2016.06.02 06:20:26.561,1.44306,1.44317,1.20,1.50
2016.06.02 06:20:27.070,1.44306,1.44316,1.20,1.00
2016.06.02 06:20:27.645,1.44304,1.44314,1.20,1.00
2016.06.02 06:20:28.174,1.44304,1.44316,2.25,3.37
2016.06.02 06:20:28.801,1.44307,1.44316,1.12,1.50
2016.06.02 06:20:28.954,1.44308,1.4432,1.50,3.37
2016.06.02 06:20:29.472,1.44314,1.4432,1.00,1.12
2016.06.02 06:20:29.729,1.44315,1.44325,1.50,1.00
2016.06.02 06:20:30.314,1.44318,1.44327,1.00,3.19
2016.06.02 06:20:30.367,1.44318,1.44327,1.75,2.44
2016.06.02 06:20:30.622,1.44322,1.44333,1.50,2.06
2016.06.02 06:20:30.673,1.44322,1.44333,1.47,1.56
2016.06.02 06:20:31.232,1.44321,1.44333,1.75,1.69
2016.06.02 06:20:31.752,1.44321,1.44333,1.50,3.37
2016.06.02 06:20:32.159,1.44325,1.44332,1.00,1.00
2016.06.02 06:20:32.261,1.44324,1.44334,1.12,1.00
2016.06.02 06:20:32.908,1.44325,1.44336,1.10,1.50
2016.06.02 06:20:34.327,1.44325,1.44336,1.12,1.12
2016.06.02 06:20:35.784,1.44327,1.44336,1.00,1.00
2016.06.02 06:20:36.318,1.44326,1.44336,1.10,1.00
2016.06.02 06:20:36.496,1.44324,1.44332,1.50,2.06
2016.06.02 06:20:36.801,1.44319,1.44329,1.75,3.75
2016.06.02 06:20:42.988,1.44324,1.44331,1.00,3.75
2016.06.02 06:20:43.090,1.44326,1.44334,1.10,3.75
2016.06.02 06:20:43.293,1.44325,1.44336,1.07,2.25
2016.06.02 06:20:43.801,1.44325,1.44336,1.50,2.25
2016.06.02 06:20:44.260,1.44326,1.44336,1.85,1.00
2016.06.02 06:20:44.362,1.44327,1.44338,1.87,1.31
2016.06.02 06:20:44.828,1.44327,1.44337,1.10,1.12
2016.06.02 06:20:48.495,1.44326,1.4433,1.20,1.00
2016.06.02 06:20:48.829,1.44321,1.44329,1.12,1.00
2016.06.02 06:20:48.881,1.4432,1.44329,1.50,3.75
2016.06.02 06:20:48.933,1.4432,1.44327,1.20,1.00
2016.06.02 06:20:50.393,1.44318,1.44329,1.75,1.87
2016.06.02 06:20:52.375,1.44317,1.44329,1.50,1.87
2016.06.02 06:20:52.426,1.44317,1.44329,1.50,2.25
2016.06.02 06:20:52.581,1.44317,1.44327,1.00,1.37
2016.06.02 06:20:53.014,1.44314,1.44325,1.87,1.50
2016.06.02 06:20:53.115,1.44314,1.44324,1.20,1.10
2016.06.02 06:20:55.263,1.44313,1.44325,1.87,1.95
2016.06.02 06:20:55.820,1.44315,1.44324,1.00,1.27
2016.06.02 06:20:56.335,1.44316,1.44325,1.00,1.12
2016.06.02 06:20:56.386,1.44318,1.44326,1.00,1.75
2016.06.02 06:20:56.489,1.44318,1.44327,1.00,1.07
2016.06.02 06:20:56.540,1.4432,1.44327,1.00,1.07
2016.06.02 06:20:56.592,1.44319,1.44329,1.00,1.07
2016.06.02 06:20:56.796,1.44319,1.44327,1.00,1.47
2016.06.02 06:20:56.999,1.44319,1.44328,1.00,1.65
2016.06.02 06:20:57.152,1.44317,1.44328,1.00,1.10
2016.06.02 06:20:57.680,1.44316,1.44328,2.32,2.70
2016.06.02 06:20:58.036,1.44318,1.44327,1.00,1.10
2016.06.02 06:20:59.150,1.44317,1.44326,1.00,1.00
2016.06.02 06:20:59.657,1.44317,1.44327,1.00,1.10
2016.06.02 06:20:59.962,1.44311,1.44321,2.81,1.50
2016.06.02 06:21:00.415,1.44311,1.44321,1.00,1.27
2016.06.02 06:21:00.468,1.44316,1.44325,1.00,3.82
2016.06.02 06:21:00.520,1.44316,1.44327,1.10,4.65
2016.06.02 06:21:00.724,1.44318,1.44327,1.00,1.50
2016.06.02 06:21:01.618,1.44318,1.44329,1.12,5.25
2016.06.02 06:21:02.126,1.44318,1.44328,1.75,1.00
2016.06.02 06:21:03.707,1.44318,1.44329,1.75,1.50
2016.06.02 06:21:04.340,1.44318,1.44329,1.20,1.87
2016.06.02 06:21:05.090,1.44319,1.44328,1.10,1.00
2016.06.02 06:21:05.952,1.44319,1.44329,1.00,1.12
2016.06.02 06:21:06.461,1.44318,1.44329,1.00,1.12
2016.06.02 06:21:06.918,1.44318,1.44329,1.37,1.12
2016.06.02 06:21:07.663,1.44317,1.44329,1.87,1.57
2016.06.02 06:21:07.969,1.44317,1.44327,1.00,2.02
2016.06.02 06:21:08.595,1.44317,1.44326,1.10,1.00
2016.06.02 06:21:09.004,1.44317,1.44324,1.50,1.00
2016.06.02 06:21:09.261,1.44315,1.44323,1.00,1.10
2016.06.02 06:21:09.840,1.44315,1.44324,1.00,1.12
2016.06.02 06:21:10.347,1.44316,1.44324,1.50,1.12
2016.06.02 06:21:10.550,1.44317,1.44326,1.10,1.00
2016.06.02 06:21:11.008,1.44317,1.44328,1.10,1.12
2016.06.02 06:21:12.060,1.44318,1.44328,1.00,1.12
2016.06.02 06:21:14.409,1.44318,1.44328,1.50,1.50
2016.06.02 06:21:14.922,1.44318,1.44328,1.12,1.57
2016.06.02 06:21:15.429,1.44318,1.44327,1.12,1.00
2016.06.02 06:21:17.282,1.44318,1.44328,1.12,1.50
2016.06.02 06:21:18.688,1.44318,1.44328,1.12,2.25
2016.06.02 06:21:18.791,1.44318,1.44326,1.00,1.50
2016.06.02 06:21:19.331,1.44318,1.44325,1.00,1.87
2016.06.02 06:21:19.537,1.44316,1.44325,1.00,1.12
2016.06.02 06:21:19.639,1.44315,1.44325,1.87,1.12
2016.06.02 06:21:19.741,1.44315,1.44323,1.12,1.25
2016.06.02 06:21:19.843,1.44316,1.44325,1.00,1.00
2016.06.02 06:21:19.896,1.44316,1.44325,1.00,1.50
2016.06.02 06:21:20.048,1.44315,1.44326,1.95,1.50
2016.06.02 06:21:20.100,1.44315,1.44326,1.57,1.50
2016.06.02 06:21:20.252,1.44318,1.44326,1.50,1.00
2016.06.02 06:21:20.773,1.44318,1.44327,1.50,1.00
2016.06.02 06:21:21.433,1.44317,1.44328,1.57,1.57
2016.06.02 06:21:21.867,1.44317,1.44327,1.50,5.40
2016.06.02 06:21:22.375,1.44317,1.44328,1.12,2.70
2016.06.02 06:21:22.882,1.44317,1.44327,1.57,1.50
2016.06.02 06:21:23.749,1.44317,1.44326,1.10,1.00
2016.06.02 06:21:27.310,1.44317,1.44327,1.50,1.10
2016.06.02 06:21:27.767,1.44319,1.44328,1.00,1.12
2016.06.02 06:21:28.303,1.44318,1.44328,1.87,1.12
2016.06.02 06:21:30.122,1.44319,1.44329,1.00,2.70
2016.06.02 06:21:31.244,1.4432,1.44329,1.00,2.32
2016.06.02 06:21:33.983,1.4432,1.44329,1.00,1.12
2016.06.02 06:21:35.249,1.44319,1.4433,2.25,1.47
2016.06.02 06:21:35.711,1.44325,1.44332,1.00,4.57
2016.06.02 06:21:36.080,1.4433,1.44338,1.00,2.25
2016.06.02 06:21:36.132,1.44331,1.44339,1.00,3.82
2016.06.02 06:21:36.336,1.4433,1.44339,1.20,1.12
2016.06.02 06:21:36.849,1.4433,1.44339,1.10,1.12
2016.06.02 06:21:37.954,1.44329,1.44339,1.20,1.50
2016.06.02 06:21:38.462,1.44328,1.44337,1.12,1.50
2016.06.02 06:21:39.015,1.44328,1.44337,1.10,2.62
2016.06.02 06:21:39.473,1.44326,1.44335,1.47,1.00
2016.06.02 06:21:41.884,1.44325,1.44335,1.95,1.00
2016.06.02 06:21:42.404,1.44327,1.44335,1.00,1.00
2016.06.02 06:21:45.184,1.44325,1.44333,1.20,1.00
2016.06.02 06:21:46.297,1.44325,1.44335,1.20,1.50
2016.06.02 06:21:46.803,1.44325,1.44334,1.57,1.00
2016.06.02 06:21:48.629,1.44326,1.44334,1.00,1.00
2016.06.02 06:21:53.196,1.44326,1.44335,1.50,1.50
2016.06.02 06:21:53.298,1.44326,1.44333,1.00,1.00
2016.06.02 06:21:58.931,1.44326,1.44332,1.00,1.00
2016.06.02 06:21:59.460,1.44325,1.44333,1.10,1.00
2016.06.02 06:22:02.295,1.44325,1.44334,1.10,1.00
2016.06.02 06:22:02.803,1.44326,1.44334,1.00,1.00
2016.06.02 06:22:08.614,1.44326,1.44333,1.50,1.00
2016.06.02 06:22:08.869,1.4432,1.44328,1.50,1.00
2016.06.02 06:22:09.376,1.4432,1.44327,1.10,1.50
2016.06.02 06:22:10.892,1.4432,1.44328,1.00,1.50
2016.06.02 06:22:11.332,1.44318,1.44328,1.00,1.50
2016.06.02 06:22:11.434,1.44318,1.44325,1.00,1.00
2016.06.02 06:22:11.913,1.44319,1.44328,1.00,1.95
2016.06.02 06:22:12.167,1.44319,1.44329,1.00,2.32
2016.06.02 06:22:12.371,1.44321,1.44329,1.00,1.20
2016.06.02 06:22:12.719,1.44325,1.44332,1.00,3.45
2016.06.02 06:22:12.770,1.44325,1.44333,1.00,1.12
2016.06.02 06:22:12.872,1.44324,1.44334,1.10,1.12
2016.06.02 06:22:13.380,1.44325,1.44334,1.00,1.00
2016.06.02 06:22:13.914,1.44326,1.44334,1.00,1.00
2016.06.02 06:22:14.426,1.44325,1.44335,1.00,1.37
2016.06.02 06:22:16.355,1.44324,1.44333,1.10,1.00
2016.06.02 06:22:16.406,1.44321,1.4433,3.37,1.00
2016.06.02 06:22:16.559,1.44319,1.44328,1.00,1.50
2016.06.02 06:22:16.661,1.44319,1.44327,1.00,1.12
2016.06.02 06:22:17.186,1.44318,1.44327,1.00,2.25
2016.06.02 06:22:17.491,1.44317,1.44324,1.00,1.12
2016.06.02 06:22:17.593,1.44314,1.44324,1.50,1.12
2016.06.02 06:22:17.817,1.44316,1.44324,1.00,1.12
2016.06.02 06:22:20.021,1.44315,1.44324,1.00,1.12
2016.06.02 06:22:21.280,1.44314,1.44324,1.50,1.12
2016.06.02 06:22:21.787,1.44315,1.44324,1.00,1.12
2016.06.02 06:22:22.772,1.44312,1.44323,1.00,1.39
2016.06.02 06:22:22.874,1.44312,1.44321,1.00,1.12
2016.06.02 06:22:23.179,1.44307,1.44318,1.95,1.47
2016.06.02 06:22:23.332,1.44307,1.44317,1.19,3.75
2016.06.02 06:22:23.871,1.44308,1.44316,1.00,1.12
2016.06.02 06:22:23.923,1.44305,1.44314,1.50,1.00
2016.06.02 06:22:24.432,1.44305,1.44315,1.00,1.20
2016.06.02 06:22:25.842,1.44307,1.44316,1.00,1.50
2016.06.02 06:22:26.452,1.44306,1.44316,1.00,1.57
2016.06.02 06:22:26.769,1.44306,1.44315,1.00,4.20
2016.06.02 06:22:30.592,1.44305,1.44315,1.00,4.57
2016.06.02 06:22:31.101,1.44303,1.44312,1.95,1.00
2016.06.02 06:22:31.452,1.44302,1.4431,1.00,1.57
2016.06.02 06:22:31.503,1.44299,1.44309,1.00,1.12
2016.06.02 06:22:31.707,1.44298,1.44308,1.00,1.12
2016.06.02 06:22:32.528,1.44297,1.44308,1.57,2.25
2016.06.02 06:22:33.136,1.44298,1.44308,1.00,1.87
2016.06.02 06:22:34.150,1.44298,1.44307,1.00,2.25
2016.06.02 06:22:34.455,1.44296,1.44305,1.00,1.50
2016.06.02 06:22:34.761,1.44298,1.44305,1.00,1.12
2016.06.02 06:22:35.066,1.44301,1.44308,1.00,1.20
2016.06.02 06:22:35.303,1.44299,1.44308,1.00,1.10
2016.06.02 06:22:36.539,1.443,1.44309,1.00,1.50
2016.06.02 06:22:36.956,1.44299,1.44308,1.00,4.12
2016.06.02 06:22:37.423,1.44296,1.44307,1.57,1.57
2016.06.02 06:22:37.972,1.44295,1.44306,1.00,3.00
2016.06.02 06:22:38.479,1.44295,1.44306,1.00,1.65
2016.06.02 06:22:38.850,1.44297,1.44306,1.00,1.65
2016.06.02 06:22:39.370,1.44297,1.44305,1.00,1.00
2016.06.02 06:22:39.920,1.44297,1.44306,1.00,2.77
2016.06.02 06:22:40.715,1.44295,1.44306,1.00,3.15
2016.06.02 06:22:40.766,1.44297,1.44306,1.00,2.40
2016.06.02 06:22:41.283,1.44297,1.44305,1.10,1.12
2016.06.02 06:22:42.417,1.44298,1.44305,1.00,1.00
2016.06.02 06:22:42.925,1.44297,1.44305,1.10,1.00
2016.06.02 06:22:44.295,1.44294,1.44301,2.62,1.00
2016.06.02 06:22:44.449,1.44292,1.44301,1.57,1.00
2016.06.02 06:22:44.931,1.4429,1.44301,1.10,1.87
2016.06.02 06:22:45.338,1.44289,1.44297,1.00,1.12
2016.06.02 06:22:45.390,1.44287,1.44296,1.10,1.20
2016.06.02 06:22:45.922,1.44286,1.44297,1.57,4.87
2016.06.02 06:22:46.329,1.44287,1.44296,1.07,4.12
2016.06.02 06:22:46.849,1.44287,1.44296,1.00,1.47
2016.06.02 06:22:47.093,1.44288,1.44299,1.00,5.25
2016.06.02 06:22:47.600,1.44287,1.44296,1.00,1.00
2016.06.02 06:22:49.079,1.44288,1.44297,1.00,1.12
2016.06.02 06:22:49.587,1.44287,1.44298,1.50,1.50
2016.06.02 06:22:50.094,1.44287,1.44298,2.25,1.00
2016.06.02 06:22:51.133,1.44288,1.44298,1.00,1.00
2016.06.02 06:22:51.641,1.44288,1.44298,1.00,1.50
2016.06.02 06:22:51.862,1.44288,1.44298,1.00,1.50
2016.06.02 06:22:52.168,1.44288,1.44297,1.00,1.10
2016.06.02 06:22:52.676,1.44287,1.44297,1.50,1.10
2016.06.02 06:22:57.656,1.44288,1.44297,1.57,1.00
2016.06.02 06:22:59.119,1.44288,1.44297,1.50,1.00
2016.06.02 06:23:01.037,1.44287,1.44296,2.40,1.00
2016.06.02 06:23:01.552,1.44287,1.44296,1.07,1.00
2016.06.02 06:23:02.211,1.44286,1.44295,1.95,1.00
2016.06.02 06:23:02.756,1.44286,1.44296,1.57,1.00
2016.06.02 06:23:03.295,1.44286,1.44295,1.57,1.00
2016.06.02 06:23:03.881,1.44286,1.44296,1.65,1.00
2016.06.02 06:23:04.395,1.44286,1.44297,3.90,1.00
2016.06.02 06:23:08.079,1.44289,1.44297,2.25,1.00
2016.06.02 06:23:08.335,1.44295,1.44305,1.12,1.69
2016.06.02 06:23:08.770,1.44295,1.44305,2.32,1.50
2016.06.02 06:23:09.382,1.44295,1.44305,2.32,1.12
2016.06.02 06:23:10.660,1.44295,1.44304,2.32,1.00
2016.06.02 06:23:10.762,1.44295,1.44304,2.02,1.00
2016.06.02 06:23:11.269,1.44295,1.44303,1.95,1.00
2016.06.02 06:23:13.716,1.44295,1.44305,1.20,1.12
2016.06.02 06:23:14.225,1.44295,1.44305,1.87,1.12
2016.06.02 06:23:16.961,1.44295,1.44306,3.37,1.00
2016.06.02 06:23:19.456,1.44295,1.44306,2.77,1.00
2016.06.02 06:23:19.558,1.44295,1.44304,2.02,1.00
2016.06.02 06:23:21.605,1.44296,1.44305,1.12,1.00
2016.06.02 06:23:22.112,1.44296,1.44304,1.12,1.00
2016.06.02 06:23:23.609,1.44295,1.44304,1.00,1.00
2016.06.02 06:23:28.018,1.44295,1.44303,1.00,1.00
2016.06.02 06:23:28.530,1.44295,1.44305,1.12,1.12
2016.06.02 06:23:28.862,1.44295,1.44305,4.57,1.00
2016.06.02 06:23:29.473,1.44295,1.44304,5.32,1.00
2016.06.02 06:23:29.778,1.44294,1.44302,1.37,1.00
2016.06.02 06:23:30.184,1.44297,1.44305,1.00,1.20
2016.06.02 06:23:30.693,1.44297,1.44306,1.00,1.50
2016.06.02 06:23:31.228,1.44297,1.44306,1.00,1.00
2016.06.02 06:23:31.775,1.44297,1.44308,1.00,3.00
2016.06.02 06:23:32.329,1.44297,1.44306,1.00,1.00
2016.06.02 06:23:32.684,1.44295,1.44302,2.02,1.00
2016.06.02 06:23:32.837,1.44292,1.44302,1.50,1.12
2016.06.02 06:23:32.888,1.44293,1.44304,1.00,2.62
2016.06.02 06:23:33.041,1.44294,1.44304,1.00,1.10
2016.06.02 06:23:33.240,1.44296,1.44305,1.00,1.57
2016.06.02 06:23:33.546,1.44298,1.44308,1.00,1.87
2016.06.02 06:23:33.597,1.44298,1.44308,1.00,1.50
2016.06.02 06:23:34.105,1.44297,1.44308,1.10,2.25
2016.06.02 06:23:34.615,1.44296,1.44307,1.12,1.50
2016.06.02 06:23:35.185,1.44297,1.44307,1.00,1.57
2016.06.02 06:23:36.391,1.44295,1.44306,1.00,1.27
2016.06.02 06:23:36.493,1.44295,1.44306,1.00,1.57
2016.06.02 06:23:37.041,1.44296,1.44305,1.00,1.50
2016.06.02 06:23:39.105,1.44298,1.44307,1.00,1.87
2016.06.02 06:23:39.156,1.44299,1.44308,1.00,2.32
2016.06.02 06:23:39.309,1.44297,1.44308,1.00,1.95
2016.06.02 06:23:40.248,1.44297,1.44308,1.00,1.50
2016.06.02 06:23:42.132,1.44299,1.44308,1.00,1.50
2016.06.02 06:23:42.474,1.44304,1.44314,1.00,2.32
2016.06.02 06:23:42.577,1.44307,1.44315,1.00,3.37
2016.06.02 06:23:43.085,1.44306,1.44314,4.57,1.00
2016.06.02 06:23:43.475,1.44308,1.44315,4.01,1.00
2016.06.02 06:23:43.831,1.44307,1.44315,1.12,1.00
2016.06.02 06:23:44.186,1.44305,1.44313,4.20,1.00
2016.06.02 06:23:44.694,1.44305,1.44314,3.75,1.00
2016.06.02 06:23:45.218,1.44305,1.44313,3.75,1.00
2016.06.02 06:23:46.979,1.44305,1.44314,3.75,1.00
2016.06.02 06:23:47.081,1.44305,1.44313,1.00,1.00
2016.06.02 06:23:48.695,1.44305,1.44312,1.00,1.00
2016.06.02 06:23:49.202,1.44305,1.44313,1.00,1.00
2016.06.02 06:23:51.795,1.44305,1.44311,1.00,1.00
2016.06.02 06:23:52.101,1.443,1.44305,3.75,1.00
2016.06.02 06:23:52.152,1.44297,1.44303,1.65,1.00
2016.06.02 06:23:52.658,1.44296,1.44304,4.20,1.00
2016.06.02 06:23:52.992,1.44298,1.44308,1.20,1.57
2016.06.02 06:23:53.094,1.443,1.44309,1.50,1.00
2016.06.02 06:23:53.196,1.44303,1.44311,1.10,1.00
2016.06.02 06:23:53.655,1.44302,1.44313,3.90,1.00
2016.06.02 06:23:56.620,1.44303,1.44314,2.70,1.12
2016.06.02 06:23:57.132,1.44303,1.44313,4.65,1.00
2016.06.02 06:23:57.800,1.44303,1.4431,1.95,1.00
2016.06.02 06:23:57.852,1.44303,1.4431,1.27,1.00
2016.06.02 06:23:57.954,1.443,1.44309,1.57,1.00
2016.06.02 06:23:58.604,1.443,1.4431,1.15,1.00
2016.06.02 06:23:59.627,1.443,1.44309,1.15,1.00
2016.06.02 06:24:00.134,1.44299,1.44309,1.65,1.00
2016.06.02 06:24:00.729,1.443,1.44309,1.12,1.00
2016.06.02 06:24:00.781,1.44301,1.44312,1.57,1.12
2016.06.02 06:24:02.489,1.44302,1.44313,2.40,1.00
2016.06.02 06:24:02.592,1.44302,1.44311,3.15,1.00
2016.06.02 06:24:05.550,1.44302,1.44311,2.70,1.00
2016.06.02 06:24:06.921,1.44302,1.44313,3.07,1.00
2016.06.02 06:24:07.621,1.44303,1.44312,1.65,1.00
2016.06.02 06:24:07.672,1.44303,1.44314,1.65,1.00
2016.06.02 06:24:09.336,1.44304,1.44313,1.27,1.00
2016.06.02 06:24:09.489,1.44304,1.44313,5.40,1.00
2016.06.02 06:24:09.888,1.44304,1.44312,1.10,1.00
2016.06.02 06:24:10.343,1.44304,1.44314,1.17,1.00
2016.06.02 06:24:10.856,1.44304,1.44313,1.65,1.00
2016.06.02 06:24:11.919,1.44304,1.44313,1.57,1.00
2016.06.02 06:24:12.449,1.44303,1.44314,1.12,1.10
2016.06.02 06:24:14.554,1.44304,1.44313,1.00,1.00
2016.06.02 06:24:14.910,1.44304,1.44315,1.50,1.10
2016.06.02 06:24:15.455,1.44303,1.44314,5.70,1.00
2016.06.02 06:24:20.495,1.44306,1.44317,1.00,2.62
2016.06.02 06:24:21.002,1.44307,1.44317,1.00,2.25
2016.06.02 06:24:22.098,1.44308,1.44317,1.00,2.25
2016.06.02 06:24:22.200,1.44306,1.44317,1.00,1.50
2016.06.02 06:24:24.595,1.44305,1.44317,1.12,2.25
2016.06.02 06:24:25.131,1.44306,1.44317,1.00,2.62
2016.06.02 06:24:25.638,1.44305,1.44317,1.12,2.25
2016.06.02 06:24:26.697,1.44307,1.44316,1.00,1.20
2016.06.02 06:24:29.855,1.44305,1.44317,1.12,2.25
2016.06.02 06:24:31.636,1.44304,1.44316,1.50,4.57
2016.06.02 06:24:31.788,1.44305,1.44314,1.00,1.87
2016.06.02 06:24:32.297,1.44304,1.44314,1.12,1.50
2016.06.02 06:24:35.835,1.44306,1.44314,1.00,1.12
2016.06.02 06:24:36.059,1.44307,1.44316,1.00,4.50
2016.06.02 06:24:36.568,1.44307,1.44316,1.00,1.07
2016.06.02 06:24:36.856,1.44303,1.44312,5.32,1.00
2016.06.02 06:24:36.907,1.44303,1.44314,4.57,1.10
2016.06.02 06:24:36.958,1.44302,1.44311,4.65,1.00
2016.06.02 06:24:37.212,1.44297,1.44307,1.12,1.45
2016.06.02 06:24:37.364,1.44294,1.44303,1.87,1.00
2016.06.02 06:24:37.719,1.44296,1.44307,1.00,4.95
2016.06.02 06:24:40.764,1.44297,1.44307,1.00,4.20
2016.06.02 06:24:41.271,1.44296,1.44307,1.00,5.29
2016.06.02 06:24:42.040,1.44297,1.44306,1.00,1.47
2016.06.02 06:24:42.548,1.44296,1.44306,1.00,1.47
2016.06.02 06:24:43.098,1.44295,1.44307,1.12,5.70
2016.06.02 06:24:43.555,1.44296,1.44307,1.37,1.07
2016.06.02 06:24:43.758,1.44297,1.44308,1.12,1.12
2016.06.02 06:24:43.860,1.44299,1.44308,1.00,1.00
2016.06.02 06:24:44.410,1.44298,1.44307,1.00,1.00
2016.06.02 06:24:51.060,1.44298,1.44309,1.00,1.20
2016.06.02 06:24:51.563,1.44297,1.44308,1.12,1.00
2016.06.02 06:24:51.766,1.44299,1.44308,1.00,1.00
2016.06.02 06:24:52.216,1.44297,1.44308,1.12,1.00
2016.06.02 06:24:52.421,1.44298,1.44307,1.00,1.47
2016.06.02 06:24:52.523,1.44296,1.44307,1.12,1.65
2016.06.02 06:24:56.142,1.44297,1.44307,1.00,1.45
2016.06.02 06:24:56.243,1.44295,1.44307,1.00,1.95
2016.06.02 06:24:57.027,1.44295,1.44307,1.37,1.57
2016.06.02 06:24:57.332,1.44298,1.44308,1.00,1.50
2016.06.02 06:24:57.486,1.44298,1.44309,1.00,3.00
2016.06.02 06:24:58.005,1.44297,1.44308,1.50,1.57
2016.06.02 06:24:58.515,1.44297,1.44308,1.00,1.87
2016.06.02 06:24:59.464,1.44296,1.44307,1.00,1.57
2016.06.02 06:24:59.971,1.44297,1.44307,1.20,1.00
2016.06.02 06:25:00.314,1.44298,1.44309,4.20,1.00
2016.06.02 06:25:00.621,1.44306,1.44314,1.00,3.37
2016.06.02 06:25:00.672,1.44306,1.44316,1.20,1.50
2016.06.02 06:25:01.278,1.44306,1.44317,1.20,1.50
2016.06.02 06:25:02.540,1.44305,1.44317,1.87,1.95
2016.06.02 06:25:02.746,1.44305,1.44314,1.87,1.00
2016.06.02 06:25:03.052,1.44305,1.44314,1.12,1.50
2016.06.02 06:25:03.594,1.44302,1.44312,1.37,1.10
2016.06.02 06:25:03.747,1.443,1.44311,1.20,2.62
2016.06.02 06:25:04.254,1.44301,1.44312,1.12,2.06
2016.06.02 06:25:04.305,1.44301,1.44311,1.50,1.07
2016.06.02 06:25:04.831,1.44303,1.44314,1.50,1.95
2016.06.02 06:25:04.882,1.44303,1.44314,1.50,1.95
2016.06.02 06:25:05.440,1.44303,1.44314,1.50,1.95
2016.06.02 06:25:07.530,1.44304,1.44314,2.62,1.00
2016.06.02 06:25:07.836,1.44306,1.44314,1.00,1.00
2016.06.02 06:25:12.369,1.44308,1.44315,1.00,1.12
2016.06.02 06:25:14.711,1.44306,1.44315,2.25,1.00
2016.06.02 06:25:15.354,1.44306,1.44315,1.50,1.57
2016.06.02 06:25:23.880,1.44305,1.44315,2.62,1.47
2016.06.02 06:25:31.428,1.44305,1.44316,1.12,2.70
2016.06.02 06:25:32.060,1.44306,1.44316,1.00,1.87
2016.06.02 06:25:32.619,1.44304,1.44314,1.50,1.37
2016.06.02 06:25:32.725,1.44303,1.44313,1.87,1.10
2016.06.02 06:25:33.181,1.44305,1.44313,1.00,1.10
2016.06.02 06:25:35.163,1.44307,1.44315,2.25,4.57
2016.06.02 06:25:35.418,1.44307,1.44319,1.57,3.00
2016.06.02 06:25:35.571,1.44307,1.44319,3.45,1.87
2016.06.02 06:25:35.673,1.44307,1.44319,6.90,1.50
2016.06.02 06:25:36.183,1.44309,1.4432,1.20,2.44
2016.06.02 06:25:36.841,1.44315,1.4432,1.50,2.44
2016.06.02 06:25:37.044,1.4432,1.4433,1.50,4.20
2016.06.02 06:25:37.146,1.4432,1.44331,1.20,2.62
2016.06.02 06:25:37.198,1.4432,1.44328,1.20,1.00
2016.06.02 06:25:37.300,1.4432,1.4433,1.20,1.20
2016.06.02 06:25:37.655,1.44318,1.44328,4.20,1.00
2016.06.02 06:25:37.919,1.44317,1.44326,1.00,1.00
2016.06.02 06:25:38.882,1.44316,1.44326,1.00,1.00
2016.06.02 06:25:40.522,1.44316,1.44327,1.00,1.50
2016.06.02 06:25:41.301,1.44316,1.44325,1.50,1.00
2016.06.02 06:25:43.432,1.44315,1.44326,2.25,1.00
2016.06.02 06:25:43.939,1.44318,1.44326,1.00,1.00
2016.06.02 06:25:44.243,1.44323,1.44333,1.50,1.10
2016.06.02 06:25:45.143,1.44323,1.44332,1.00,1.00
2016.06.02 06:25:45.764,1.44323,1.44334,1.00,1.27
2016.06.02 06:25:46.679,1.44324,1.44334,1.00,1.27
2016.06.02 06:25:47.271,1.44326,1.44334,1.00,1.20
2016.06.02 06:25:47.982,1.44328,1.44335,1.00,1.50
2016.06.02 06:25:49.444,1.44328,1.44331,1.00,1.00
2016.06.02 06:25:49.951,1.44327,1.44331,1.00,1.20
2016.06.02 06:25:50.498,1.44327,1.4433,1.00,1.00
2016.06.02 06:25:50.752,1.44324,1.44333,1.00,3.07
2016.06.02 06:25:51.057,1.44324,1.44334,1.00,1.65
2016.06.02 06:25:51.610,1.44324,1.44331,1.00,1.00
2016.06.02 06:25:52.120,1.44324,1.44332,1.00,1.10
2016.06.02 06:25:52.424,1.44324,1.4433,1.00,1.00
2016.06.02 06:25:53.187,1.44323,1.44334,1.12,2.70
2016.06.02 06:25:53.694,1.44323,1.44334,2.32,1.20
2016.06.02 06:25:54.458,1.44326,1.44331,1.00,1.00
2016.06.02 06:25:56.756,1.44327,1.44331,1.00,1.00
2016.06.02 06:26:00.627,1.44327,1.44335,1.00,2.70
2016.06.02 06:26:01.136,1.44327,1.44335,1.00,1.10
2016.06.02 06:26:02.191,1.44328,1.44336,1.00,1.27
2016.06.02 06:26:02.700,1.44328,1.44334,1.00,1.00
2016.06.02 06:26:03.779,1.44326,1.44331,1.00,1.00
2016.06.02 06:26:03.983,1.44322,1.44329,1.87,1.00
2016.06.02 06:26:04.247,1.44321,1.44327,1.69,1.10
2016.06.02 06:26:04.654,1.44321,1.44325,1.50,1.00
2016.06.02 06:26:04.807,1.44316,1.44323,1.56,1.00
2016.06.02 06:26:04.909,1.44316,1.44321,1.00,1.10
2016.06.02 06:26:05.163,1.44314,1.4432,1.00,1.00
2016.06.02 06:26:05.214,1.44312,1.4432,1.00,1.00
2016.06.02 06:26:05.265,1.44312,1.4432,1.00,1.12
2016.06.02 06:26:05.582,1.44312,1.4432,2.25,1.10
2016.06.02 06:26:05.685,1.44315,1.44321,1.00,1.10
2016.06.02 06:26:05.940,1.44315,1.44324,1.50,1.65
2016.06.02 06:26:06.295,1.44318,1.44324,1.00,1.20
2016.06.02 06:26:06.945,1.44318,1.44326,1.00,2.02
2016.06.02 06:26:07.456,1.44318,1.44326,1.50,1.50
2016.06.02 06:26:08.241,1.44319,1.44326,1.50,1.00
2016.06.02 06:26:08.749,1.44318,1.44326,1.00,1.50
2016.06.02 06:26:12.656,1.44318,1.44326,1.00,1.57
2016.06.02 06:26:13.200,1.44316,1.44325,1.00,1.10
2016.06.02 06:26:17.284,1.44317,1.44326,1.00,1.65
2016.06.02 06:26:19.091,1.44316,1.44324,1.00,1.00
2016.06.02 06:26:19.737,1.44316,1.44325,1.50,1.10
2016.06.02 06:26:24.081,1.44318,1.44326,1.00,1.12
2016.06.02 06:26:25.677,1.44318,1.44325,1.00,1.00
2016.06.02 06:26:26.185,1.44318,1.44326,1.00,1.95
2016.06.02 06:26:27.428,1.44316,1.44326,1.00,1.95
2016.06.02 06:26:27.935,1.44316,1.44326,1.00,1.65
2016.06.02 06:26:29.292,1.44317,1.44326,1.00,1.27
2016.06.02 06:26:29.798,1.44317,1.44321,1.00,1.00
2016.06.02 06:26:29.849,1.44314,1.44321,1.12,1.00
2016.06.02 06:26:30.437,1.44314,1.44322,1.00,1.00
2016.06.02 06:26:34.372,1.44314,1.4432,1.50,1.00
2016.06.02 06:26:34.879,1.44313,1.4432,1.00,1.00
2016.06.02 06:26:36.482,1.44313,1.44321,1.00,1.00
2016.06.02 06:26:37.705,1.44313,1.4432,1.00,1.00
2016.06.02 06:26:37.857,1.4431,1.4432,2.25,1.37
2016.06.02 06:26:38.010,1.4431,1.44317,2.25,1.00
2016.06.02 06:26:38.651,1.4431,1.4432,1.50,1.57
2016.06.02 06:26:38.804,1.4431,1.4432,1.87,1.20
2016.06.02 06:26:39.109,1.44312,1.4432,1.00,1.10
2016.06.02 06:26:39.986,1.44312,1.44317,1.00,1.00
2016.06.02 06:26:40.037,1.44312,1.44319,1.00,1.00
2016.06.02 06:26:41.217,1.4431,1.44319,1.12,1.00
2016.06.02 06:26:41.909,1.4431,1.44315,1.12,1.00
2016.06.02 06:26:42.214,1.44302,1.44307,1.37,1.00
2016.06.02 06:26:42.265,1.443,1.44307,1.31,1.00
2016.06.02 06:26:42.469,1.443,1.44303,1.25,1.00
2016.06.02 06:26:42.520,1.443,1.44306,1.25,1.00
2016.06.02 06:26:44.192,1.443,1.44308,1.00,1.65
2016.06.02 06:26:44.466,1.443,1.44309,1.00,1.00
2016.06.02 06:26:44.973,1.443,1.4431,1.50,1.00
2016.06.02 06:26:45.944,1.44302,1.4431,1.00,1.00
2016.06.02 06:26:47.901,1.44301,1.4431,1.00,1.00
2016.06.02 06:26:48.405,1.443,1.4431,1.50,1.00
2016.06.02 06:26:49.909,1.443,1.44309,1.50,1.00
2016.06.02 06:26:50.902,1.443,1.44307,1.00,1.00
2016.06.02 06:26:51.409,1.443,1.44308,1.00,1.45
2016.06.02 06:26:51.562,1.443,1.44309,1.00,1.27
2016.06.02 06:26:54.122,1.443,1.44306,1.00,1.00
2016.06.02 06:26:54.306,1.44297,1.44308,3.00,1.17
2016.06.02 06:26:56.651,1.44299,1.44307,1.00,1.20
2016.06.02 06:26:57.752,1.44297,1.44308,1.00,1.65
2016.06.02 06:26:59.363,1.44297,1.44306,1.00,1.00
2016.06.02 06:27:00.828,1.44296,1.44306,1.10,1.00
2016.06.02 06:27:06.156,1.44296,1.44305,1.00,1.00
2016.06.02 06:27:06.207,1.44296,1.44303,1.00,1.00
2016.06.02 06:27:06.714,1.44296,1.44304,1.00,1.00
2016.06.02 06:27:07.222,1.44296,1.44305,1.00,1.00
2016.06.02 06:27:07.901,1.44296,1.44306,1.00,1.00
2016.06.02 06:27:08.210,1.44296,1.44304,1.00,1.00
2016.06.02 06:27:08.769,1.44296,1.44305,1.00,1.10
2016.06.02 06:27:09.531,1.44297,1.44305,1.00,1.10
2016.06.02 06:27:10.396,1.44297,1.44304,1.00,1.00
2016.06.02 06:27:10.751,1.44295,1.44305,1.87,1.10
2016.06.02 06:27:11.907,1.44295,1.44306,1.12,1.00
2016.06.02 06:27:12.414,1.44295,1.44305,1.12,1.00
2016.06.02 06:27:12.922,1.44295,1.44304,1.12,1.00
2016.06.02 06:27:17.860,1.44294,1.443,1.57,1.00
2016.06.02 06:27:18.013,1.44291,1.44301,5.32,1.00
2016.06.02 06:27:18.520,1.44294,1.44304,1.00,2.40
2016.06.02 06:27:18.763,1.44295,1.44306,1.87,1.00
2016.06.02 06:27:20.185,1.44296,1.44306,1.00,1.00
2016.06.02 06:27:20.690,1.44297,1.44306,1.00,1.00
2016.06.02 06:27:23.550,1.44296,1.44306,1.00,1.00
2016.06.02 06:27:30.622,1.44296,1.44305,1.00,1.00
2016.06.02 06:27:31.251,1.44297,1.44305,1.00,1.00
2016.06.02 06:27:34.589,1.44297,1.44306,1.00,1.00
2016.06.02 06:27:35.850,1.44298,1.44306,1.00,1.00
2016.06.02 06:27:38.507,1.44298,1.44304,1.00,1.00
2016.06.02 06:27:38.811,1.44292,1.44298,1.50,1.00
2016.06.02 06:27:39.167,1.4429,1.44297,1.12,1.00
2016.06.02 06:27:39.218,1.44292,1.443,1.12,3.07
2016.06.02 06:27:39.472,1.44296,1.44305,1.00,1.00
2016.06.02 06:27:42.097,1.44297,1.44305,1.00,1.00
2016.06.02 06:27:44.935,1.44297,1.44307,1.12,1.12
2016.06.02 06:27:47.107,1.44295,1.44302,4.20,1.00
2016.06.02 06:27:47.159,1.44295,1.44302,1.10,1.00
2016.06.02 06:27:47.260,1.44292,1.44302,1.87,1.00
2016.06.02 06:27:47.616,1.44291,1.443,1.37,1.00
2016.06.02 06:27:48.136,1.44289,1.443,4.20,1.00
2016.06.02 06:27:49.225,1.4429,1.44302,1.37,2.44
2016.06.02 06:27:49.529,1.44289,1.44299,4.57,1.00
2016.06.02 06:27:50.036,1.44288,1.44299,5.51,1.00
2016.06.02 06:27:52.210,1.44288,1.44298,4.20,1.00
2016.06.02 06:27:52.719,1.44288,1.44299,4.20,1.00
2016.06.02 06:27:53.226,1.44288,1.44298,4.20,1.00
2016.06.02 06:27:54.544,1.44289,1.44299,1.37,1.00
2016.06.02 06:27:55.052,1.44289,1.44298,1.37,1.00
2016.06.02 06:28:00.165,1.44288,1.443,5.70,1.12
2016.06.02 06:28:00.912,1.44288,1.44299,5.32,1.00
2016.06.02 06:28:01.117,1.44286,1.44297,4.95,1.00
2016.06.02 06:28:01.321,1.44285,1.44297,1.20,1.20
2016.06.02 06:28:01.372,1.44284,1.44295,4.20,1.00
2016.06.02 06:28:02.142,1.44284,1.44294,2.62,1.00
2016.06.02 06:28:02.653,1.44283,1.44295,4.95,1.10
2016.06.02 06:28:03.161,1.44283,1.44294,4.20,1.00
2016.06.02 06:28:03.596,1.44282,1.44291,1.12,1.00
2016.06.02 06:28:04.105,1.44281,1.44292,1.47,1.00
2016.06.02 06:28:06.437,1.44282,1.44291,1.12,1.00
2016.06.02 06:28:09.092,1.44282,1.44292,1.12,1.00
2016.06.02 06:28:09.624,1.44282,1.44293,1.12,1.20
2016.06.02 06:28:10.864,1.44282,1.44293,1.12,1.27
2016.06.02 06:28:11.373,1.44283,1.44292,1.00,1.10
2016.06.02 06:28:16.167,1.44283,1.4429,1.00,1.00
2016.06.02 06:28:16.218,1.44281,1.4429,1.87,1.00
2016.06.02 06:28:16.725,1.44283,1.44291,1.00,1.00
2016.06.02 06:28:18.409,1.44282,1.44291,1.00,1.00
2016.06.02 06:28:19.232,1.44281,1.44291,1.87,1.10
2016.06.02 06:28:20.428,1.44282,1.44291,1.50,1.10
2016.06.02 06:28:21.233,1.44282,1.4429,1.37,1.00
2016.06.02 06:28:21.741,1.44282,1.44291,1.00,1.00
2016.06.02 06:28:21.944,1.44282,1.44293,1.17,1.00
2016.06.02 06:28:22.046,1.44284,1.44295,1.50,1.12
2016.06.02 06:28:22.252,1.44285,1.44296,6.07,1.12
2016.06.02 06:28:22.557,1.44285,1.44294,5.25,1.00
2016.06.02 06:28:23.270,1.44285,1.44293,4.87,1.00
2016.06.02 06:28:24.550,1.44283,1.44293,4.20,1.00
2016.06.02 06:28:25.020,1.44283,1.44291,3.45,1.00
2016.06.02 06:28:25.525,1.44283,1.44292,2.70,1.00
2016.06.02 06:28:26.032,1.44283,1.44293,1.87,1.00
2016.06.02 06:28:26.372,1.44284,1.44293,1.75,1.00
2016.06.02 06:28:26.677,1.44286,1.44296,1.95,1.00
2016.06.02 06:28:27.184,1.44286,1.44296,1.95,1.00
2016.06.02 06:28:27.492,1.44286,1.44294,1.20,1.00
2016.06.02 06:28:28.001,1.44285,1.44293,3.00,1.00
2016.06.02 06:28:28.805,1.44285,1.44294,1.87,1.00
2016.06.02 06:28:29.313,1.44285,1.44293,2.62,1.00
2016.06.02 06:28:30.099,1.44286,1.44294,1.45,1.00
2016.06.02 06:28:30.601,1.44286,1.44295,1.45,1.00
2016.06.02 06:28:32.154,1.44286,1.44294,1.50,1.00
2016.06.02 06:28:32.509,1.44287,1.44298,1.20,1.50
2016.06.02 06:28:33.018,1.44287,1.44297,1.17,1.12
2016.06.02 06:28:39.722,1.44286,1.44296,1.20,1.12
2016.06.02 06:28:40.232,1.44287,1.44297,1.17,1.00
2016.06.02 06:28:43.680,1.44286,1.44296,1.20,1.00
2016.06.02 06:28:47.187,1.44288,1.44297,1.10,1.50
2016.06.02 06:28:47.751,1.44286,1.44296,1.57,1.00
2016.06.02 06:28:54.925,1.44289,1.44299,1.00,5.62
2016.06.02 06:28:57.430,1.4429,1.44298,1.00,1.37
2016.06.02 06:28:59.641,1.44296,1.44298,1.00,1.00
2016.06.02 06:28:59.743,1.44297,1.443,1.00,1.37
2016.06.02 06:28:59.896,1.44298,1.44307,1.00,1.50
2016.06.02 06:28:59.998,1.44301,1.44307,1.00,1.00
2016.06.02 06:29:00.405,1.44299,1.44309,1.00,1.37
2016.06.02 06:29:01.137,1.44299,1.44309,1.00,4.12
2016.06.02 06:29:02.339,1.44298,1.44307,1.00,1.00
2016.06.02 06:29:07.904,1.44297,1.44307,1.00,1.00
2016.06.02 06:29:08.006,1.44295,1.44305,1.07,1.00
2016.06.02 06:29:08.311,1.44291,1.44302,1.12,1.65
2016.06.02 06:29:08.848,1.44292,1.44302,1.00,1.65
2016.06.02 06:29:14.590,1.4429,1.443,1.55,1.00
2016.06.02 06:29:15.381,1.4429,1.44301,1.55,1.00
2016.06.02 06:29:16.797,1.44289,1.443,5.70,1.00
2016.06.02 06:29:17.103,1.44289,1.44299,1.00,1.50
2016.06.02 06:29:17.612,1.44288,1.44299,1.20,1.50
2016.06.02 06:29:18.135,1.44289,1.44299,1.00,1.50
2016.06.02 06:29:21.376,1.44288,1.443,2.32,1.50
2016.06.02 06:29:39.342,1.4429,1.44299,1.65,1.12
2016.06.02 06:29:39.699,1.44294,1.44301,1.00,1.12
2016.06.02 06:29:40.007,1.44295,1.44304,1.00,1.37
2016.06.02 06:29:40.516,1.44295,1.44305,2.32,1.50
2016.06.02 06:29:42.123,1.44298,1.44306,1.00,4.12
2016.06.02 06:29:42.326,1.44301,1.4431,1.31,3.75
2016.06.02 06:29:42.378,1.44302,1.4431,1.37,1.00
2016.06.02 06:29:42.480,1.44305,1.44314,1.10,1.56
2016.06.02 06:29:42.697,1.44308,1.44315,1.00,1.00
2016.06.02 06:29:42.951,1.44307,1.44317,1.00,1.00
2016.06.02 06:29:43.611,1.44307,1.44317,1.10,3.75
2016.06.02 06:29:48.142,1.44306,1.44316,1.00,1.85
2016.06.02 06:29:48.447,1.44304,1.44312,1.00,1.07
2016.06.02 06:29:49.084,1.44304,1.44314,1.00,4.87
2016.06.02 06:29:50.453,1.44307,1.44314,1.00,4.87
2016.06.02 06:29:50.555,1.44306,1.44314,1.00,1.27
2016.06.02 06:29:51.242,1.44308,1.44314,1.00,1.20
2016.06.02 06:29:52.372,1.44307,1.44316,1.00,4.12
2016.06.02 06:29:57.928,1.44308,1.44316,1.10,3.75
2016.06.02 06:29:57.979,1.44308,1.44318,1.10,1.57
2016.06.02 06:29:58.335,1.44306,1.44318,1.20,1.65
2016.06.02 06:29:58.386,1.44306,1.44317,1.20,3.75
2016.06.02 06:29:58.925,1.44307,1.44317,1.00,4.12
2016.06.02 06:29:59.582,1.44306,1.44317,1.20,4.12
2016.06.02 06:30:02.361,1.44308,1.44317,1.00,4.50
2016.06.02 06:30:02.516,1.44306,1.44317,1.65,3.75
2016.06.02 06:30:03.060,1.44306,1.44317,1.20,4.20
2016.06.02 06:30:03.162,1.44306,1.44315,1.20,3.37
2016.06.02 06:30:03.468,1.44307,1.44315,1.00,1.00
2016.06.02 06:30:03.620,1.44307,1.44318,1.00,1.45
2016.06.02 06:30:04.127,1.44308,1.44317,1.00,1.10
2016.06.02 06:30:05.163,1.44308,1.44317,1.00,4.20
2016.06.02 06:30:05.214,1.44306,1.44317,1.10,3.82
2016.06.02 06:30:05.266,1.44305,1.44311,1.50,1.00
2016.06.02 06:30:05.368,1.44303,1.44311,1.50,1.20
2016.06.02 06:30:06.002,1.44302,1.44313,1.00,4.95
2016.06.02 06:30:06.509,1.44301,1.44313,1.95,4.95
2016.06.02 06:30:07.779,1.44303,1.44313,1.00,4.57
2016.06.02 06:30:08.085,1.44308,1.44317,1.00,4.87
2016.06.02 06:30:08.693,1.44307,1.44317,1.10,4.87
2016.06.02 06:30:10.447,1.44305,1.44317,1.20,5.32
2016.06.02 06:30:12.044,1.44306,1.44317,1.10,5.32
2016.06.02 06:30:12.096,1.44305,1.44313,1.12,1.00
2016.06.02 06:30:12.197,1.44304,1.44315,1.45,1.12
2016.06.02 06:30:16.374,1.44306,1.44317,1.00,5.32
2016.06.02 06:30:16.933,1.44306,1.44317,1.12,4.50
2016.06.02 06:30:17.506,1.44307,1.44317,1.10,1.12
2016.06.02 06:30:20.091,1.44304,1.44316,1.57,1.47
2016.06.02 06:30:20.144,1.44304,1.44315,1.20,1.00
2016.06.02 06:30:20.670,1.44303,1.44313,1.20,1.00
2016.06.02 06:30:21.179,1.44303,1.44314,1.10,3.82
2016.06.02 06:30:21.963,1.44304,1.44314,1.00,3.82
2016.06.02 06:30:22.319,1.44304,1.44314,1.12,1.57
2016.06.02 06:30:24.666,1.44305,1.44314,1.00,1.57
2016.06.02 06:30:25.122,1.44303,1.44314,1.20,1.10
2016.06.02 06:30:25.831,1.44305,1.44314,1.00,1.95
2016.06.02 06:30:26.337,1.44304,1.44314,1.00,1.20
2016.06.02 06:30:27.402,1.44304,1.44315,1.12,1.12
2016.06.02 06:30:30.267,1.44304,1.44315,1.12,1.12
2016.06.02 06:30:31.456,1.44304,1.44316,1.50,1.87
2016.06.02 06:30:31.964,1.44304,1.44316,1.50,1.87
2016.06.02 06:30:32.274,1.44303,1.44312,1.57,1.00
2016.06.02 06:30:32.325,1.443,1.44309,1.87,1.00
2016.06.02 06:30:32.835,1.443,1.44308,1.12,1.00
2016.06.02 06:30:33.379,1.44299,1.44308,1.12,1.12
2016.06.02 06:30:36.177,1.44297,1.44308,1.20,1.47
2016.06.02 06:30:37.046,1.44298,1.44307,1.00,1.00
2016.06.02 06:30:37.640,1.44298,1.44308,1.45,1.12
2016.06.02 06:30:38.374,1.44299,1.44308,1.07,1.00
2016.06.02 06:30:40.489,1.44299,1.44309,1.57,1.12
2016.06.02 06:30:45.412,1.44299,1.44307,1.57,1.00
2016.06.02 06:30:45.962,1.44296,1.44307,2.32,1.20
2016.06.02 06:30:46.991,1.44297,1.44307,1.50,1.47
2016.06.02 06:30:47.717,1.44296,1.44308,4.50,1.47
2016.06.02 06:30:49.289,1.44296,1.44308,5.25,1.47
2016.06.02 06:30:58.630,1.44296,1.44307,2.32,1.10
2016.06.02 06:31:03.715,1.44296,1.44308,4.20,2.25
2016.06.02 06:31:05.617,1.44296,1.44307,4.20,1.10
2016.06.02 06:31:10.950,1.44298,1.44308,1.10,1.12
2016.06.02 06:31:12.035,1.44298,1.44309,1.10,4.20
2016.06.02 06:31:15.503,1.44299,1.44309,1.00,4.20
2016.06.02 06:31:16.011,1.44296,1.44301,2.70,1.00
2016.06.02 06:31:16.062,1.44296,1.44302,1.47,1.00
2016.06.02 06:31:16.114,1.44294,1.44301,3.75,1.50
2016.06.02 06:31:16.437,1.44281,1.44286,1.69,1.12
2016.06.02 06:31:16.590,1.44278,1.44288,1.20,2.62
2016.06.02 06:31:16.999,1.44276,1.44286,3.19,1.20
2016.06.02 06:31:17.253,1.44278,1.44288,1.00,1.95
2016.06.02 06:31:17.797,1.44278,1.44288,1.10,1.50
2016.06.02 06:31:18.456,1.44276,1.44287,1.39,1.75
2016.06.02 06:31:20.203,1.44276,1.44286,1.29,1.57
2016.06.02 06:31:20.407,1.44275,1.44283,1.10,1.00
2016.06.02 06:31:20.713,1.44269,1.44278,1.37,1.20
2016.06.02 06:31:20.917,1.44267,1.44276,1.20,1.12
2016.06.02 06:31:22.364,1.44266,1.44276,1.10,1.12
2016.06.02 06:31:22.884,1.44266,1.44274,1.10,1.00
2016.06.02 06:31:23.189,1.44263,1.44271,1.50,1.00
2016.06.02 06:31:23.392,1.44264,1.44273,1.20,1.12
2016.06.02 06:31:24.052,1.44263,1.44273,1.50,1.12
2016.06.02 06:31:24.205,1.44262,1.44271,2.62,1.00
2016.06.02 06:31:24.408,1.44262,1.44274,3.37,1.50
2016.06.02 06:31:26.478,1.44266,1.44275,1.00,1.27
2016.06.02 06:31:26.631,1.44268,1.4428,1.69,2.25
2016.06.02 06:31:26.682,1.44269,1.4428,1.47,1.57
2016.06.02 06:31:28.183,1.44269,1.4428,2.70,1.57
2016.06.02 06:31:28.704,1.44269,1.4428,3.45,1.10
2016.06.02 06:31:31.751,1.4427,1.44279,1.50,1.00
2016.06.02 06:31:32.190,1.44269,1.44281,4.12,1.50
2016.06.02 06:31:34.737,1.44272,1.44281,1.00,1.50
2016.06.02 06:31:34.940,1.44273,1.44284,1.57,4.12
2016.06.02 06:31:35.299,1.44278,1.44287,1.47,3.37
2016.06.02 06:31:35.352,1.44278,1.44289,1.47,1.57
2016.06.02 06:31:35.455,1.44277,1.44286,2.62,1.00
2016.06.02 06:31:36.013,1.44277,1.44285,1.87,1.00
2016.06.02 06:31:36.370,1.44275,1.44286,2.62,1.37
2016.06.02 06:31:36.696,1.44276,1.44287,1.87,1.12
2016.06.02 06:31:37.204,1.44276,1.44287,5.62,1.00
2016.06.02 06:31:37.713,1.44276,1.44287,2.62,1.12
2016.06.02 06:31:39.062,1.44278,1.44288,2.25,1.10
2016.06.02 06:31:39.548,1.44282,1.4429,1.00,1.37
2016.06.02 06:31:39.600,1.4428,1.4429,1.50,1.00
2016.06.02 06:31:44.158,1.4428,1.44289,1.10,1.00
2016.06.02 06:31:44.260,1.44278,1.44286,4.87,1.00
2016.06.02 06:31:44.499,1.44277,1.44286,4.20,1.50
2016.06.02 06:31:44.551,1.44277,1.44285,3.37,1.37
2016.06.02 06:31:46.590,1.44277,1.44285,3.37,1.47
2016.06.02 06:31:47.236,1.44274,1.44283,1.10,1.12
2016.06.02 06:31:48.591,1.44273,1.44278,2.70,1.00
2016.06.02 06:31:48.824,1.4426,1.44267,1.00,1.37
2016.06.02 06:31:48.876,1.44255,1.44266,5.70,1.07
2016.06.02 06:31:49.028,1.44259,1.44267,1.19,2.25
2016.06.02 06:31:49.131,1.44257,1.44266,1.00,1.57
2016.06.02 06:31:49.639,1.44256,1.44265,1.12,1.00
2016.06.02 06:31:49.791,1.44255,1.44265,3.37,1.85
2016.06.02 06:31:49.893,1.44253,1.44264,4.87,1.87
2016.06.02 06:31:50.188,1.44253,1.44261,4.12,1.00
2016.06.02 06:31:50.695,1.4425,1.44262,2.62,2.32
2016.06.02 06:31:51.202,1.44252,1.44262,1.00,1.57
2016.06.02 06:31:51.979,1.44251,1.44262,1.12,1.57
2016.06.02 06:31:52.395,1.44249,1.4426,1.95,1.85
2016.06.02 06:31:52.599,1.44245,1.44257,4.20,1.57
2016.06.02 06:31:52.752,1.44245,1.44257,3.45,2.62
2016.06.02 06:31:53.345,1.44247,1.44257,1.12,1.75
2016.06.02 06:31:54.527,1.44247,1.44257,1.87,1.07
2016.06.02 06:31:56.561,1.44248,1.44257,1.00,1.07
2016.06.02 06:31:57.638,1.44251,1.44258,1.00,1.12
2016.06.02 06:31:57.690,1.44251,1.4426,1.00,1.87
2016.06.02 06:31:58.186,1.44253,1.44262,1.00,1.47
2016.06.02 06:31:58.695,1.44252,1.44262,2.62,1.47
2016.06.02 06:31:59.329,1.44253,1.44263,1.00,1.57
2016.06.02 06:31:59.584,1.44255,1.44264,1.00,1.95
2016.06.02 06:31:59.788,1.44256,1.44267,1.50,1.82
2016.06.02 06:31:59.890,1.44256,1.44268,5.62,2.70
2016.06.02 06:32:00.771,1.44256,1.44267,1.95,1.95
2016.06.02 06:32:00.974,1.44254,1.44263,1.00,1.10
2016.06.02 06:32:01.127,1.44253,1.44264,1.12,1.12
2016.06.02 06:32:01.634,1.44254,1.44264,1.00,1.87
2016.06.02 06:32:03.436,1.44254,1.44263,1.00,1.07
2016.06.02 06:32:04.237,1.44255,1.44263,1.00,1.07
2016.06.02 06:32:04.288,1.44255,1.44265,1.12,1.45
2016.06.02 06:32:04.393,1.44257,1.44266,1.00,1.57
2016.06.02 06:32:04.901,1.44258,1.44267,1.00,1.87
2016.06.02 06:32:05.549,1.44257,1.44267,1.00,1.45
2016.06.02 06:32:06.242,1.44258,1.44267,1.00,1.87
2016.06.02 06:32:07.127,1.44257,1.44267,1.00,1.87
2016.06.02 06:32:10.865,1.44258,1.44268,1.00,1.37
2016.06.02 06:32:11.119,1.4426,1.4427,1.00,1.07
2016.06.02 06:32:11.629,1.44259,1.4427,1.00,1.07
2016.06.02 06:32:18.134,1.44261,1.4427,1.00,1.57
2016.06.02 06:32:20.290,1.44262,1.4427,1.00,1.07
2016.06.02 06:32:20.544,1.44265,1.44276,1.95,1.47
2016.06.02 06:32:21.597,1.44265,1.44276,1.50,1.45
2016.06.02 06:32:22.105,1.44266,1.44276,1.00,1.45
2016.06.02 06:32:22.651,1.44265,1.44274,1.50,1.65
2016.06.02 06:32:23.159,1.44264,1.44274,1.25,1.65
2016.06.02 06:32:25.455,1.44265,1.44274,1.00,1.50
2016.06.02 06:32:26.004,1.44264,1.44275,1.10,4.57
2016.06.02 06:32:31.618,1.44264,1.44275,1.76,5.70
2016.06.02 06:32:48.080,1.44264,1.44273,1.19,2.62
2016.06.02 06:32:49.753,1.44263,1.44273,1.69,1.50
2016.06.02 06:32:53.161,1.44263,1.44273,2.14,1.10
2016.06.02 06:32:57.447,1.44266,1.44273,1.00,1.10
2016.06.02 06:32:57.967,1.44268,1.44273,1.00,1.10
2016.06.02 06:32:58.123,1.44266,1.44273,1.00,1.10
2016.06.02 06:32:58.326,1.44264,1.44273,1.01,1.10
2016.06.02 06:32:58.377,1.44263,1.44273,2.81,1.57
2016.06.02 06:32:58.479,1.44262,1.44271,1.10,1.20
2016.06.02 06:32:59.196,1.44261,1.44271,1.25,1.27
2016.06.02 06:32:59.298,1.44261,1.44271,1.25,1.82
2016.06.02 06:32:59.806,1.4426,1.44269,1.00,1.57
2016.06.02 06:33:00.111,1.44256,1.44265,1.00,1.57
2016.06.02 06:33:00.518,1.44258,1.44264,1.00,1.00
2016.06.02 06:33:01.026,1.44257,1.44264,1.00,1.00
2016.06.02 06:33:02.081,1.44257,1.44264,1.00,1.12
2016.06.02 06:33:02.593,1.44256,1.44264,1.00,1.87
2016.06.02 06:33:10.581,1.44255,1.44264,1.00,1.12
2016.06.02 06:33:13.093,1.44255,1.44264,1.00,1.12
2016.06.02 06:33:14.153,1.44254,1.44264,1.01,1.12
2016.06.02 06:33:15.434,1.44254,1.44264,1.01,1.12
2016.06.02 06:33:21.111,1.44256,1.44264,1.00,1.12
2016.06.02 06:33:21.619,1.44257,1.44266,1.00,1.87
2016.06.02 06:33:22.124,1.44258,1.44266,1.00,1.87
2016.06.02 06:33:22.666,1.44258,1.44266,1.00,1.57
2016.06.02 06:33:27.445,1.44259,1.44266,1.00,1.20
2016.06.02 06:33:29.840,1.44257,1.44266,1.00,1.95
2016.06.02 06:33:30.634,1.44257,1.44265,1.00,3.82
2016.06.02 06:33:31.344,1.44256,1.44265,1.12,3.82
2016.06.02 06:33:35.801,1.44257,1.44266,1.00,5.25
2016.06.02 06:33:36.696,1.44258,1.44265,1.00,1.45
2016.06.02 06:33:37.830,1.44258,1.44265,1.00,1.45
2016.06.02 06:33:40.496,1.44256,1.44264,1.00,1.12
2016.06.02 06:33:41.106,1.44258,1.44264,1.00,1.12
2016.06.02 06:33:41.648,1.44256,1.44264,1.00,1.37
2016.06.02 06:33:43.904,1.44257,1.44266,1.00,5.32
2016.06.02 06:33:51.039,1.44256,1.44263,1.00,1.00
2016.06.02 06:33:51.090,1.44256,1.44264,1.00,1.12
2016.06.02 06:33:51.243,1.44253,1.44263,1.00,1.50
2016.06.02 06:33:52.055,1.44254,1.44261,1.00,1.12
2016.06.02 06:33:52.590,1.44256,1.44264,1.00,4.87
2016.06.02 06:33:53.250,1.44255,1.44264,1.25,4.87
2016.06.02 06:34:01.711,1.44256,1.44264,1.00,4.50
2016.06.02 06:34:01.813,1.44257,1.44267,1.00,1.87
2016.06.02 06:34:02.264,1.4426,1.44268,1.00,1.37
2016.06.02 06:34:02.570,1.44267,1.44273,1.00,1.12
2016.06.02 06:34:02.621,1.44267,1.44273,1.00,1.12
2016.06.02 06:34:02.925,1.44264,1.44273,2.14,1.12
2016.06.02 06:34:03.382,1.44267,1.44275,1.00,1.50
2016.06.02 06:34:03.433,1.44267,1.44276,1.00,1.00
2016.06.02 06:34:03.484,1.44271,1.44277,1.00,1.87
2016.06.02 06:34:03.586,1.44271,1.44279,1.00,1.50
2016.06.02 06:34:03.783,1.44271,1.44281,1.00,1.37
2016.06.02 06:34:05.185,1.44271,1.44281,1.00,1.12
2016.06.02 06:34:08.080,1.44272,1.44281,1.00,1.87
2016.06.02 06:34:13.020,1.4427,1.44281,1.57,1.00
2016.06.02 06:34:13.705,1.44271,1.44281,1.00,1.00
2016.06.02 06:34:18.747,1.44272,1.44281,1.00,1.50
2016.06.02 06:34:19.131,1.44277,1.44279,1.00,1.00
2016.06.02 06:34:19.438,1.44295,1.44298,1.25,1.00
2016.06.02 06:34:19.541,1.44296,1.44303,1.00,1.87
2016.06.02 06:34:19.643,1.44297,1.44305,1.00,1.00
2016.06.02 06:34:19.695,1.44299,1.44305,1.00,1.00
2016.06.02 06:34:20.188,1.443,1.4431,1.00,4.12
2016.06.02 06:34:20.494,1.44299,1.44307,1.00,1.00
2016.06.02 06:34:20.596,1.44297,1.44306,1.10,1.00
2016.06.02 06:34:21.907,1.44297,1.44308,1.00,2.32
2016.06.02 06:34:25.222,1.44298,1.44308,1.00,2.70
2016.06.02 06:34:26.489,1.44297,1.44308,1.00,2.70
2016.06.02 06:34:26.998,1.44296,1.44307,1.76,1.12
2016.06.02 06:34:27.777,1.44297,1.44307,1.00,1.12
2016.06.02 06:34:28.288,1.44297,1.44306,1.00,1.00
2016.06.02 06:34:28.813,1.44295,1.44307,2.44,1.95
2016.06.02 06:34:28.928,1.44295,1.44305,2.44,1.00
2016.06.02 06:34:37.805,1.44296,1.44305,1.69,1.57
2016.06.02 06:34:40.158,1.44299,1.44308,1.00,1.57
2016.06.02 06:34:40.364,1.44298,1.44309,2.02,1.00
2016.06.02 06:34:40.668,1.44298,1.44307,2.02,1.00
2016.06.02 06:34:40.922,1.44295,1.44306,1.00,2.25
2016.06.02 06:34:41.430,1.44294,1.44306,2.25,3.07
2016.06.02 06:34:48.879,1.44296,1.44306,1.00,1.95
2016.06.02 06:34:49.135,1.44299,1.44309,1.00,1.50
2016.06.02 06:34:49.642,1.44299,1.44308,1.95,1.00
2016.06.02 06:34:50.188,1.44299,1.44309,1.20,1.50
2016.06.02 06:34:50.593,1.44299,1.44306,1.20,1.00
2016.06.02 06:34:50.746,1.44297,1.44306,1.25,1.50
2016.06.02 06:34:51.102,1.44294,1.44306,2.89,2.62
2016.06.02 06:34:51.204,1.44294,1.44306,2.06,2.32
2016.06.02 06:34:52.290,1.44294,1.44306,2.06,2.02
2016.06.02 06:34:53.424,1.44294,1.44305,2.06,1.00
2016.06.02 06:34:53.969,1.44295,1.44305,1.00,1.00
2016.06.02 06:34:57.256,1.44294,1.44304,2.06,1.00
2016.06.02 06:34:57.766,1.44293,1.44303,1.69,1.10
2016.06.02 06:35:02.027,1.44293,1.44301,1.19,1.00
2016.06.02 06:35:02.231,1.44289,1.44301,5.44,1.57
2016.06.02 06:35:02.435,1.44289,1.44299,5.44,1.00
2016.06.02 06:35:02.639,1.44288,1.44298,1.69,1.00
2016.06.02 06:35:02.749,1.44285,1.44297,3.34,1.50
2016.06.02 06:35:02.936,1.44285,1.44291,1.19,1.00
2016.06.02 06:35:02.987,1.44282,1.44291,1.87,1.10
2016.06.02 06:35:03.496,1.44284,1.44294,1.50,1.12
2016.06.02 06:35:04.509,1.44284,1.44292,1.00,1.00
2016.06.02 06:35:04.560,1.44281,1.44292,2.81,1.00
2016.06.02 06:35:04.763,1.44283,1.44294,1.50,1.65
2016.06.02 06:35:06.329,1.44283,1.44291,1.00,1.00
2016.06.02 06:35:06.842,1.44282,1.4429,1.00,1.00
2016.06.02 06:35:10.391,1.4428,1.44289,1.00,1.00
2016.06.02 06:35:17.711,1.44278,1.44282,3.75,1.00
2016.06.02 06:35:17.965,1.44273,1.44277,1.19,1.20
2016.06.02 06:35:18.168,1.44269,1.44277,1.69,1.20
2016.06.02 06:35:18.372,1.44267,1.44277,1.12,1.20
2016.06.02 06:35:19.563,1.44265,1.44276,6.26,1.00
2016.06.02 06:35:19.665,1.44265,1.44273,1.29,1.00
2016.06.02 06:35:19.818,1.44263,1.44272,1.00,1.00
2016.06.02 06:35:20.325,1.44263,1.44273,1.50,1.12
2016.06.02 06:35:20.847,1.44263,1.44272,1.00,1.00
2016.06.02 06:35:21.379,1.44263,1.44274,1.00,1.87
2016.06.02 06:35:22.039,1.44263,1.44274,1.00,1.87
2016.06.02 06:35:22.413,1.44265,1.44276,3.26,1.37
2016.06.02 06:35:23.836,1.44266,1.44276,2.14,1.00
2016.06.02 06:35:25.117,1.44267,1.44275,1.32,1.00
2016.06.02 06:35:28.399,1.44266,1.44276,1.39,1.00
2016.06.02 06:35:29.382,1.44266,1.44275,2.14,1.00
2016.06.02 06:35:29.738,1.44266,1.44273,1.69,1.00
2016.06.02 06:35:30.246,1.44266,1.44272,1.19,1.00
2016.06.02 06:35:31.379,1.44266,1.44273,1.19,1.00
2016.06.02 06:35:32.284,1.44263,1.44273,1.57,1.00
2016.06.02 06:35:33.017,1.44264,1.44272,1.10,1.00
2016.06.02 06:35:33.169,1.44264,1.4427,1.10,1.00
2016.06.02 06:35:33.803,1.44264,1.4427,1.07,1.00
2016.06.02 06:35:34.418,1.44261,1.44267,2.81,1.00
2016.06.02 06:35:34.519,1.4426,1.44266,1.56,1.00
2016.06.02 06:35:34.621,1.44259,1.44265,1.25,1.00
2016.06.02 06:35:35.129,1.44258,1.44266,1.69,1.00
2016.06.02 06:35:40.201,1.44258,1.44267,1.19,1.12
2016.06.02 06:35:43.145,1.44257,1.44267,1.12,1.20
2016.06.02 06:35:43.461,1.44257,1.44265,1.87,1.00
2016.06.02 06:35:43.613,1.44253,1.44264,3.34,1.00
2016.06.02 06:35:43.816,1.44253,1.44262,4.09,1.00
2016.06.02 06:35:44.272,1.44253,1.44264,3.19,1.12
2016.06.02 06:35:44.851,1.44253,1.44262,2.44,1.00
2016.06.02 06:35:45.361,1.44254,1.44264,1.31,1.12
2016.06.02 06:35:56.277,1.44254,1.44265,1.62,1.95
2016.06.02 06:35:56.583,1.44257,1.44267,1.20,1.50
2016.06.02 06:35:57.091,1.44259,1.44267,1.00,1.50
2016.06.02 06:35:58.984,1.44262,1.44268,1.00,4.12
2016.06.02 06:35:59.554,1.44263,1.44268,1.00,4.12
2016.06.02 06:35:59.708,1.44264,1.44268,1.00,1.00
2016.06.02 06:35:59.912,1.44267,1.44271,1.00,1.50
2016.06.02 06:36:00.065,1.44271,1.44276,1.00,2.32
2016.06.02 06:36:00.574,1.44272,1.44276,1.00,1.00
2016.06.02 06:36:04.351,1.44273,1.44278,1.00,4.12
2016.06.02 06:36:04.855,1.44274,1.44277,1.00,1.00
2016.06.02 06:36:05.617,1.44274,1.44279,1.00,1.00
2016.06.02 06:36:05.976,1.44273,1.44279,1.00,4.12
2016.06.02 06:36:06.282,1.44272,1.44277,1.00,3.37
2016.06.02 06:36:06.790,1.44272,1.44278,1.00,4.27
2016.06.02 06:36:07.117,1.44274,1.44278,1.00,3.82
2016.06.02 06:36:14.196,1.44273,1.44279,1.00,4.57
2016.06.02 06:36:14.704,1.44274,1.44279,1.00,1.37
2016.06.02 06:36:16.537,1.44274,1.44279,1.00,1.37
2016.06.02 06:36:18.538,1.44275,1.4428,1.00,1.20
2016.06.02 06:36:18.640,1.44277,1.4428,1.00,1.12
2016.06.02 06:36:19.450,1.44275,1.44282,1.00,2.25
2016.06.02 06:36:19.502,1.44277,1.44282,1.00,2.25
2016.06.02 06:36:20.042,1.44277,1.44281,1.00,1.00
2016.06.02 06:36:20.852,1.44275,1.44282,1.00,4.20
2016.06.02 06:36:20.903,1.44272,1.44281,1.10,1.50
2016.06.02 06:36:21.084,1.44271,1.44281,1.00,5.32
2016.06.02 06:36:21.391,1.44272,1.44277,1.00,4.20
2016.06.02 06:36:21.695,1.44272,1.44277,1.00,4.20
2016.06.02 06:36:21.848,1.44275,1.44279,1.00,1.50
2016.06.02 06:36:22.353,1.44274,1.44279,1.00,1.00
2016.06.02 06:36:24.562,1.44274,1.44282,1.00,4.87
2016.06.02 06:36:25.170,1.44274,1.44279,1.00,1.00
2016.06.02 06:36:25.732,1.44275,1.44279,1.00,1.00
2016.06.02 06:36:26.464,1.44275,1.44279,1.00,1.37
2016.06.02 06:36:27.124,1.44274,1.44279,1.00,1.47
2016.06.02 06:36:28.272,1.44274,1.44279,1.00,1.00
2016.06.02 06:36:28.576,1.44277,1.4428,1.00,1.10
2016.06.02 06:36:28.678,1.44278,1.44282,1.00,1.10
2016.06.02 06:36:28.731,1.44276,1.44282,1.00,1.10
2016.06.02 06:36:28.951,1.44283,1.44284,1.00,3.37
2016.06.02 06:36:29.002,1.44282,1.44289,2.06,3.75
2016.06.02 06:36:29.053,1.44288,1.44292,1.00,3.82
2016.06.02 06:36:29.155,1.44289,1.44293,1.00,1.00
2016.06.02 06:36:29.257,1.4429,1.44295,1.00,1.00
2016.06.02 06:36:29.308,1.44291,1.44296,1.00,1.95
2016.06.02 06:36:29.618,1.44293,1.44297,1.00,1.20
2016.06.02 06:36:30.074,1.44294,1.443,1.00,1.07
2016.06.02 06:36:30.623,1.44293,1.443,1.00,1.00
2016.06.02 06:36:30.979,1.44295,1.44301,1.00,1.95
2016.06.02 06:36:31.486,1.44294,1.44301,1.00,1.95
2016.06.02 06:36:33.235,1.44295,1.44301,1.00,1.47
2016.06.02 06:36:35.093,1.44294,1.44301,1.00,1.47
2016.06.02 06:36:35.736,1.44293,1.44301,1.50,1.47
2016.06.02 06:36:36.141,1.44295,1.44301,1.00,1.20
2016.06.02 06:36:36.445,1.44294,1.443,1.00,3.75
2016.06.02 06:36:36.496,1.44292,1.443,1.00,3.75
2016.06.02 06:36:37.494,1.44294,1.443,1.00,6.07
2016.06.02 06:36:38.001,1.44293,1.44297,1.00,1.00
2016.06.02 06:36:38.798,1.44294,1.44297,1.00,1.00
2016.06.02 06:36:42.605,1.44295,1.443,1.00,4.12
2016.06.02 06:36:42.955,1.44301,1.44308,1.00,1.87
2016.06.02 06:36:43.006,1.44303,1.44308,1.00,1.50
2016.06.02 06:36:43.514,1.44304,1.4431,1.00,1.50
2016.06.02 06:36:44.779,1.44304,1.4431,1.00,1.12
2016.06.02 06:36:46.193,1.44305,1.4431,1.00,1.12
2016.06.02 06:36:48.318,1.44304,1.4431,1.00,1.12
2016.06.02 06:36:48.674,1.44303,1.4431,1.00,4.50
2016.06.02 06:36:49.063,1.44301,1.44307,1.00,3.75
2016.06.02 06:36:49.570,1.443,1.44307,1.00,3.82
2016.06.02 06:36:49.622,1.443,1.44309,1.00,5.32
2016.06.02 06:36:49.977,1.44302,1.44309,1.00,5.32
2016.06.02 06:36:50.232,1.44304,1.44311,1.00,2.77
2016.06.02 06:36:50.755,1.44303,1.44311,1.00,1.45
2016.06.02 06:36:57.115,1.44304,1.44311,1.00,1.07
2016.06.02 06:37:00.034,1.44305,1.44313,1.00,1.45
2016.06.02 06:37:00.572,1.44304,1.44313,1.00,1.45
2016.06.02 06:37:01.589,1.44308,1.44312,1.00,1.50
2016.06.02 06:37:01.641,1.44308,1.44313,1.00,1.55
2016.06.02 06:37:01.743,1.44308,1.44315,1.00,1.00
2016.06.02 06:37:01.795,1.44312,1.44316,1.00,1.20
2016.06.02 06:37:02.100,1.44322,1.44326,1.00,1.00
2016.06.02 06:37:02.202,1.44321,1.44327,1.00,1.00
2016.06.02 06:37:02.656,1.44319,1.44329,1.00,2.25
2016.06.02 06:37:02.859,1.4432,1.44327,1.00,1.07
2016.06.02 06:37:03.366,1.44321,1.44327,1.00,1.07
2016.06.02 06:37:08.017,1.44322,1.44326,1.00,1.10
2016.06.02 06:37:09.314,1.4432,1.44328,1.00,1.20
2016.06.02 06:37:10.944,1.44321,1.44328,1.00,1.95
2016.06.02 06:37:12.440,1.44319,1.44328,1.00,1.95
2016.06.02 06:37:12.860,1.44322,1.44328,1.00,1.95
2016.06.02 06:37:13.267,1.44322,1.44328,1.00,1.10
2016.06.02 06:37:14.038,1.44324,1.44328,1.00,1.10
2016.06.02 06:37:14.344,1.44329,1.44334,1.00,1.12
2016.06.02 06:37:14.748,1.44329,1.44332,1.00,3.75
2016.06.02 06:37:16.580,1.44329,1.44331,1.00,3.75
2016.06.02 06:37:18.100,1.4433,1.44336,1.00,5.40
2016.06.02 06:37:18.202,1.44331,1.44336,1.00,1.57
2016.06.02 06:37:18.507,1.4434,1.44344,1.00,3.75
2016.06.02 06:37:18.558,1.44341,1.44346,1.00,6.45
2016.06.02 06:37:18.609,1.44341,1.44347,1.00,3.07
2016.06.02 06:37:20.022,1.44341,1.44347,1.00,1.00
2016.06.02 06:37:20.073,1.44343,1.44347,1.00,1.00
2016.06.02 06:37:20.736,1.44341,1.44347,1.00,1.00
2016.06.02 06:37:22.619,1.44341,1.4435,1.00,2.32
2016.06.02 06:37:22.702,1.44343,1.44351,1.00,6.00
2016.06.02 06:37:23.094,1.44345,1.44351,1.00,1.10
2016.06.02 06:37:23.603,1.44344,1.44351,1.00,1.10
2016.06.02 06:37:23.654,1.44348,1.44353,1.00,2.51
2016.06.02 06:37:23.909,1.44354,1.44359,3.00,1.10
2016.06.02 06:37:24.011,1.4436,1.44368,1.00,4.20
2016.06.02 06:37:24.063,1.44362,1.44368,1.00,1.12
2016.06.02 06:37:24.352,1.4437,1.44378,3.00,1.56
2016.06.02 06:37:24.556,1.44368,1.44378,4.50,2.02
2016.06.02 06:37:25.116,1.44369,1.44378,1.00,1.17
2016.06.02 06:37:25.614,1.44367,1.44378,4.50,2.40
2016.06.02 06:37:25.767,1.44367,1.44375,4.50,1.00
2016.06.02 06:37:26.072,1.44365,1.44373,1.19,1.10
2016.06.02 06:37:26.377,1.44365,1.44371,1.19,1.00
2016.06.02 06:37:26.695,1.44364,1.44371,1.00,1.00
2016.06.02 06:37:26.950,1.44366,1.44374,1.00,1.57
2016.06.02 06:37:27.307,1.44365,1.4437,3.00,1.00
2016.06.02 06:37:27.409,1.44361,1.44372,4.01,1.00
2016.06.02 06:37:28.032,1.44361,1.44371,4.76,1.00
2016.06.02 06:37:28.540,1.44361,1.44372,4.01,1.95
2016.06.02 06:37:28.692,1.44364,1.44372,3.00,1.95
2016.06.02 06:37:29.250,1.44364,1.44372,3.75,1.57
2016.06.02 06:37:29.583,1.44366,1.44372,1.00,1.00
2016.06.02 06:37:29.635,1.44364,1.44371,3.00,1.00
2016.06.02 06:37:29.686,1.44367,1.44374,1.00,1.76
2016.06.02 06:37:29.738,1.44367,1.44374,1.00,1.20
2016.06.02 06:37:30.194,1.4437,1.44376,1.00,1.95
2016.06.02 06:37:30.246,1.44366,1.44376,1.00,1.95
2016.06.02 06:37:30.298,1.44368,1.44375,1.00,1.37
2016.06.02 06:37:31.042,1.44369,1.44376,1.00,1.95
2016.06.02 06:37:31.094,1.44367,1.44376,1.25,1.65
2016.06.02 06:37:31.451,1.44369,1.44375,1.00,1.00
2016.06.02 06:37:33.275,1.44368,1.44375,1.00,1.12
2016.06.02 06:37:33.817,1.4437,1.44375,1.00,1.00
2016.06.02 06:37:34.326,1.4437,1.44376,1.00,1.00
2016.06.02 06:37:34.530,1.44368,1.44376,1.00,1.00
2016.06.02 06:37:35.047,1.44369,1.44376,1.00,1.00
2016.06.02 06:37:37.694,1.44368,1.44376,1.00,1.00
2016.06.02 06:37:38.151,1.44366,1.44376,1.29,3.00
2016.06.02 06:37:38.202,1.44363,1.44374,1.60,1.87
2016.06.02 06:37:38.744,1.44366,1.44374,1.00,1.65
2016.06.02 06:37:39.258,1.44365,1.44374,1.00,1.65
2016.06.02 06:37:39.411,1.44366,1.44375,1.00,1.57
2016.06.02 06:37:39.896,1.44363,1.44374,1.69,1.10
2016.06.02 06:37:39.947,1.44365,1.44375,1.00,1.92
2016.06.02 06:37:41.416,1.44364,1.44375,1.00,2.02
2016.06.02 06:37:41.870,1.44364,1.44373,1.00,1.07
2016.06.02 06:37:42.073,1.4436,1.4437,1.32,1.00
2016.06.02 06:37:42.584,1.4436,1.44369,1.25,1.00
2016.06.02 06:37:43.093,1.4436,1.44371,1.25,2.02
2016.06.02 06:37:43.770,1.44359,1.44369,3.64,1.00
2016.06.02 06:37:44.228,1.44359,1.44369,1.19,4.57
2016.06.02 06:37:44.279,1.44358,1.44369,1.12,4.65
2016.06.02 06:37:44.787,1.44357,1.44367,1.25,1.00
2016.06.02 06:37:45.322,1.44356,1.44367,2.06,1.95
2016.06.02 06:37:45.830,1.44356,1.44367,1.12,1.57
2016.06.02 06:37:46.339,1.44356,1.44365,1.12,1.00
2016.06.02 06:37:46.867,1.44356,1.44366,1.12,1.10
2016.06.02 06:37:48.514,1.44356,1.44367,1.12,2.32
2016.06.02 06:37:49.034,1.44356,1.44366,1.12,1.10
2016.06.02 06:37:50.098,1.44356,1.44365,1.00,1.00
2016.06.02 06:37:50.301,1.44353,1.44363,2.70,1.00
2016.06.02 06:37:50.809,1.44352,1.44362,6.19,1.00
2016.06.02 06:37:50.962,1.44351,1.44361,1.47,1.00
2016.06.02 06:37:51.014,1.44351,1.44358,1.10,1.47
2016.06.02 06:37:51.065,1.44348,1.44357,2.62,1.20
2016.06.02 06:37:51.116,1.44348,1.44354,2.25,1.00
2016.06.02 06:37:51.303,1.44345,1.44355,1.25,1.95
2016.06.02 06:37:51.608,1.44347,1.44356,1.00,1.65
2016.06.02 06:37:51.811,1.44346,1.44358,1.00,1.95
2016.06.02 06:37:51.862,1.44345,1.44355,3.19,1.00
2016.06.02 06:37:52.217,1.44345,1.44353,3.19,1.00
2016.06.02 06:37:52.459,1.44345,1.44356,1.31,1.87
2016.06.02 06:37:52.917,1.44347,1.44356,1.00,1.00
2016.06.02 06:37:53.222,1.44345,1.44356,2.06,1.00
2016.06.02 06:37:53.729,1.44346,1.44356,1.50,1.00
2016.06.02 06:37:54.047,1.44344,1.44354,1.39,1.00
2016.06.02 06:37:54.353,1.44339,1.44347,2.21,1.00
2016.06.02 06:37:54.607,1.44338,1.44349,1.00,1.50
2016.06.02 06:37:55.114,1.44342,1.44351,1.12,1.50
2016.06.02 06:37:55.215,1.44343,1.44353,1.00,1.07
2016.06.02 06:37:55.368,1.44344,1.44355,1.00,2.70
2016.06.02 06:37:55.557,1.44345,1.44352,1.00,1.00
2016.06.02 06:37:56.064,1.44345,1.44353,1.00,1.00
2016.06.02 06:37:56.773,1.44345,1.44355,1.00,2.70
2016.06.02 06:37:58.661,1.44347,1.44355,1.12,1.07
2016.06.02 06:37:58.865,1.44347,1.44359,3.00,1.87
2016.06.02 06:37:59.221,1.4435,1.44359,1.37,1.45
2016.06.02 06:37:59.323,1.44349,1.4436,4.12,1.00
2016.06.02 06:37:59.679,1.44351,1.44357,1.69,1.00
2016.06.02 06:37:59.989,1.44351,1.44359,1.69,1.00
2016.06.02 06:38:00.447,1.44349,1.44356,1.50,1.00
2016.06.02 06:38:00.856,1.44345,1.44353,2.81,1.00
2016.06.02 06:38:01.123,1.44343,1.44352,3.37,1.10
2016.06.02 06:38:01.176,1.44346,1.44354,1.50,1.47
2016.06.02 06:38:01.431,1.44351,1.44359,1.00,1.45
2016.06.02 06:38:01.534,1.44353,1.44359,1.00,1.00
2016.06.02 06:38:01.635,1.44353,1.44362,1.69,4.12
2016.06.02 06:38:01.839,1.44355,1.44364,2.25,3.90
2016.06.02 06:38:03.237,1.44356,1.44366,1.00,2.25
2016.06.02 06:38:03.787,1.44357,1.44366,1.00,2.25
2016.06.02 06:38:07.029,1.44358,1.44366,1.00,2.25
2016.06.02 06:38:07.283,1.4436,1.44367,1.00,2.32
2016.06.02 06:38:07.336,1.44362,1.44369,1.00,2.32
2016.06.02 06:38:07.844,1.44362,1.44369,1.00,1.00
2016.06.02 06:38:08.545,1.44361,1.44369,1.87,1.00
2016.06.02 06:38:11.576,1.44361,1.44371,1.12,1.87
2016.06.02 06:38:12.614,1.44361,1.44368,1.12,1.00
2016.06.02 06:38:13.020,1.44352,1.44361,1.17,1.00
2016.06.02 06:38:13.072,1.44351,1.44359,2.25,1.00
2016.06.02 06:38:13.175,1.44349,1.44358,2.25,1.00
2016.06.02 06:38:13.328,1.44347,1.44356,5.51,1.00
2016.06.02 06:38:13.482,1.44347,1.44356,2.62,1.00
2016.06.02 06:38:13.991,1.44347,1.44356,1.12,1.57
2016.06.02 06:38:14.624,1.44347,1.44356,1.12,1.57
2016.06.02 06:38:14.832,1.44349,1.44358,1.00,4.87
2016.06.02 06:38:14.934,1.44349,1.44358,1.00,1.10
2016.06.02 06:38:15.471,1.44348,1.44358,2.44,1.10
2016.06.02 06:38:15.979,1.44348,1.44357,3.94,1.00
2016.06.02 06:38:16.497,1.44349,1.44358,1.87,1.00
2016.06.02 06:38:17.892,1.44349,1.44357,1.12,1.00
2016.06.02 06:38:18.496,1.44349,1.44358,1.12,1.10
2016.06.02 06:38:19.015,1.44348,1.44357,3.19,1.00
2016.06.02 06:38:20.569,1.44348,1.44359,3.37,1.07
2016.06.02 06:38:20.671,1.4435,1.4436,1.12,2.25
2016.06.02 06:38:21.195,1.4435,1.44357,1.12,1.00
2016.06.02 06:38:21.713,1.4435,1.44358,1.12,1.00
2016.06.02 06:38:22.019,1.44348,1.44356,4.31,1.00
2016.06.02 06:38:22.121,1.44349,1.44358,1.31,1.00
2016.06.02 06:38:22.640,1.44349,1.4436,1.31,1.87
2016.06.02 06:38:23.155,1.4435,1.4436,1.00,1.45
2016.06.02 06:38:25.515,1.44349,1.4436,2.44,1.87
2016.06.02 06:38:25.871,1.44348,1.44357,2.25,1.00
2016.06.02 06:38:26.189,1.44344,1.44354,1.12,1.20
2016.06.02 06:38:26.696,1.44344,1.44353,1.12,1.10
2016.06.02 06:38:26.807,1.44344,1.4435,1.12,1.00
2016.06.02 06:38:26.911,1.44341,1.44348,1.25,1.00
2016.06.02 06:38:27.013,1.44338,1.44349,1.31,1.95
2016.06.02 06:38:27.514,1.44341,1.4435,1.00,5.70
2016.06.02 06:38:27.668,1.44341,1.44351,1.00,1.57
2016.06.02 06:38:28.430,1.44342,1.44352,1.00,1.50
2016.06.02 06:38:28.977,1.44342,1.44351,1.87,1.10
2016.06.02 06:38:30.629,1.4434,1.44352,1.20,2.32
2016.06.02 06:38:31.137,1.4434,1.4435,1.10,1.00
2016.06.02 06:38:31.672,1.44341,1.4435,1.12,1.00
2016.06.02 06:38:33.378,1.4434,1.44348,2.40,1.00
2016.06.02 06:38:33.683,1.44338,1.44346,1.95,1.00
2016.06.02 06:38:33.784,1.44336,1.44344,2.21,1.00
2016.06.02 06:38:33.937,1.44336,1.44346,2.14,1.00
2016.06.02 06:38:34.039,1.44336,1.44347,1.31,1.50
2016.06.02 06:38:34.192,1.44336,1.44346,1.31,1.20
2016.06.02 06:38:34.446,1.44343,1.44349,1.00,1.12
2016.06.02 06:38:34.600,1.44347,1.44356,1.10,3.75
2016.06.02 06:38:34.759,1.4435,1.44358,2.25,2.62
2016.06.02 06:38:34.862,1.44353,1.44361,1.12,1.00
2016.06.02 06:38:35.167,1.44353,1.44363,1.20,1.00
2016.06.02 06:38:35.932,1.44352,1.4436,1.07,1.00
2016.06.02 06:38:36.834,1.44353,1.44363,1.10,1.00
2016.06.02 06:38:37.609,1.44353,1.44363,1.20,1.00
2016.06.02 06:38:37.812,1.44353,1.44363,1.57,1.00
2016.06.02 06:38:38.702,1.44354,1.44363,1.10,1.00
2016.06.02 06:38:39.209,1.44355,1.44363,1.50,1.00
2016.06.02 06:38:39.717,1.44355,1.44364,1.50,1.50
2016.06.02 06:38:41.184,1.44356,1.44364,1.00,1.50
2016.06.02 06:38:42.707,1.44357,1.44367,1.00,3.00
2016.06.02 06:38:42.809,1.44361,1.44368,1.00,1.50
2016.06.02 06:38:42.911,1.44362,1.44369,1.50,1.00
2016.06.02 06:38:43.461,1.44362,1.4437,1.50,1.00
2016.06.02 06:38:43.512,1.44364,1.4437,1.00,1.00
2016.06.02 06:38:43.664,1.44364,1.44373,1.00,1.50
2016.06.02 06:38:43.716,1.44364,1.4437,1.00,1.00
2016.06.02 06:38:47.824,1.44364,1.44372,1.00,1.12
2016.06.02 06:38:48.353,1.44363,1.44372,1.57,1.50
2016.06.02 06:38:48.971,1.44365,1.44374,1.00,6.00
2016.06.02 06:38:49.475,1.44364,1.44371,1.00,1.12
2016.06.02 06:38:49.779,1.44362,1.4437,1.00,4.12
2016.06.02 06:38:57.998,1.44361,1.44368,1.50,1.12
2016.06.02 06:38:58.300,1.44361,1.44368,1.00,4.12
2016.06.02 06:38:58.844,1.4436,1.44368,1.00,4.12
2016.06.02 06:39:00.102,1.44359,1.44367,1.25,1.37
2016.06.02 06:39:00.409,1.4435,1.44358,1.39,1.50
2016.06.02 06:39:00.715,1.44344,1.4435,1.19,1.12
2016.06.02 06:39:00.918,1.44341,1.44351,3.00,1.20
2016.06.02 06:39:01.020,1.44346,1.44351,1.00,1.20
2016.06.02 06:39:01.209,1.44345,1.44353,1.10,1.00
2016.06.02 06:39:01.718,1.44345,1.44356,2.32,4.57
2016.06.02 06:39:02.226,1.44345,1.44355,1.50,1.50
2016.06.02 06:39:02.771,1.44346,1.44355,1.00,2.25
2016.06.02 06:39:04.713,1.44345,1.44356,1.00,4.95
2016.06.02 06:39:05.221,1.44346,1.44356,1.00,4.95
2016.06.02 06:39:05.272,1.44348,1.44356,1.00,4.20
2016.06.02 06:39:05.425,1.44349,1.44358,1.65,3.37
2016.06.02 06:39:05.476,1.44349,1.4436,1.65,3.00
2016.06.02 06:39:05.993,1.44349,1.4436,1.65,1.37
2016.06.02 06:39:06.501,1.44348,1.44356,1.12,1.00
2016.06.02 06:39:06.659,1.44345,1.44356,1.50,1.00
2016.06.02 06:39:06.760,1.44343,1.44355,1.65,4.50
2016.06.02 06:39:07.743,1.44345,1.44355,1.00,3.75
2016.06.02 06:39:09.728,1.44344,1.44355,1.20,3.75
2016.06.02 06:39:10.084,1.44346,1.44355,1.00,4.50
2016.06.02 06:39:10.687,1.44345,1.44355,1.00,3.75
2016.06.02 06:39:11.277,1.44345,1.44355,1.17,3.75
2016.06.02 06:39:13.319,1.44344,1.44355,1.17,4.50
2016.06.02 06:39:14.079,1.44347,1.44355,1.00,4.12
2016.06.02 06:39:14.383,1.4435,1.4436,1.10,2.25
2016.06.02 06:39:14.435,1.44352,1.4436,1.00,1.37
2016.06.02 06:39:14.638,1.44352,1.44362,1.00,1.50
2016.06.02 06:39:21.974,1.44348,1.44359,4.20,1.12
2016.06.02 06:39:22.279,1.44343,1.44351,1.19,1.50
2016.06.02 06:39:22.483,1.44339,1.44349,1.39,1.50
2016.06.02 06:39:22.686,1.44337,1.44348,4.39,4.50
2016.06.02 06:39:23.056,1.44337,1.44348,1.84,5.25
2016.06.02 06:39:25.124,1.44337,1.44348,1.52,5.25
2016.06.02 06:39:25.664,1.44337,1.44348,1.82,5.25
2016.06.02 06:39:25.986,1.44336,1.44347,1.31,5.32
2016.06.02 06:39:26.140,1.44333,1.44344,1.57,1.20
2016.06.02 06:39:26.399,1.44333,1.44344,1.37,1.12
2016.06.02 06:39:26.937,1.44331,1.44341,1.09,1.00
2016.06.02 06:39:27.242,1.44328,1.44335,4.39,1.00
2016.06.02 06:39:27.547,1.44323,1.44332,1.10,1.00
2016.06.02 06:39:28.588,1.44321,1.44331,3.26,1.00
2016.06.02 06:39:29.095,1.44322,1.44331,1.00,1.00
2016.06.02 06:39:29.624,1.44321,1.44332,1.55,1.00
2016.06.02 06:39:30.219,1.44321,1.4433,2.02,1.00
2016.06.02 06:39:31.365,1.44321,1.4433,5.77,1.00
2016.06.02 06:39:31.532,1.44322,1.44332,1.85,1.00
2016.06.02 06:39:31.635,1.44321,1.44331,2.02,1.00
2016.06.02 06:39:31.687,1.44321,1.44329,1.47,1.00
2016.06.02 06:39:31.992,1.44321,1.44332,2.25,2.25
2016.06.02 06:39:32.195,1.44325,1.44335,1.00,4.87
2016.06.02 06:39:32.399,1.44331,1.44342,2.70,1.87
2016.06.02 06:39:32.750,1.44333,1.44342,1.95,1.00
2016.06.02 06:39:35.174,1.44333,1.44343,3.07,1.12
2016.06.02 06:39:35.694,1.44333,1.44343,2.77,1.12
2016.06.02 06:39:36.547,1.44333,1.44343,2.77,1.12
2016.06.02 06:39:37.199,1.44333,1.44342,2.77,1.00
2016.06.02 06:39:37.746,1.44333,1.44343,2.02,1.12
2016.06.02 06:39:38.549,1.44333,1.44343,2.02,1.12
2016.06.02 06:39:41.960,1.44333,1.44338,1.27,1.00
2016.06.02 06:39:42.063,1.4433,1.44337,4.76,1.00
2016.06.02 06:39:42.165,1.44329,1.44335,1.19,1.12
2016.06.02 06:39:42.419,1.44323,1.44333,4.31,1.00
2016.06.02 06:39:42.830,1.44323,1.44335,4.31,1.50
2016.06.02 06:39:43.365,1.44323,1.44334,3.56,1.00
2016.06.02 06:39:44.070,1.44324,1.44334,1.09,1.00
2016.06.02 06:39:44.577,1.44324,1.44333,2.15,1.00
2016.06.02 06:39:45.088,1.44323,1.44333,2.81,1.00
2016.06.02 06:39:45.357,1.44324,1.44333,1.31,1.00
2016.06.02 06:39:45.932,1.44324,1.44331,1.31,1.00
2016.06.02 06:39:46.035,1.44322,1.44329,1.39,1.00
2016.06.02 06:39:46.137,1.44321,1.44332,1.50,4.95
2016.06.02 06:39:46.427,1.44321,1.44331,3.00,1.00
2016.06.02 06:39:46.940,1.44321,1.44331,3.00,1.00
2016.06.02 06:39:51.074,1.44321,1.44331,1.50,1.12
2016.06.02 06:39:51.379,1.4432,1.44329,1.07,1.00
2016.06.02 06:39:51.738,1.44319,1.44327,2.06,1.00
2016.06.02 06:39:51.790,1.44319,1.44329,1.60,1.12
2016.06.02 06:39:54.343,1.44319,1.44328,1.69,1.00
2016.06.02 06:39:54.494,1.44318,1.44328,2.14,1.00
2016.06.02 06:39:54.545,1.44317,1.44326,2.14,1.00
2016.06.02 06:39:54.852,1.44317,1.44325,1.31,1.00
2016.06.02 06:39:55.362,1.44317,1.44327,1.76,1.50
2016.06.02 06:39:57.114,1.44317,1.44325,1.01,1.00
2016.06.02 06:39:57.619,1.44317,1.44324,1.01,1.00
2016.06.02 06:39:58.392,1.44317,1.44323,1.01,1.00
2016.06.02 06:39:58.933,1.44317,1.44324,1.01,1.00
2016.06.02 06:40:01.135,1.44317,1.44325,1.39,1.00
2016.06.02 06:40:01.839,1.44318,1.44325,1.85,1.00
2016.06.02 06:40:02.409,1.44316,1.44325,2.14,1.12
2016.06.02 06:40:02.954,1.44316,1.44324,1.76,1.00
2016.06.02 06:40:04.017,1.44316,1.44324,1.76,1.00
2016.06.02 06:40:04.563,1.44316,1.44324,1.76,1.00
2016.06.02 06:40:04.766,1.44316,1.44322,1.76,1.00
2016.06.02 06:40:05.361,1.44316,1.44321,1.19,1.00
2016.06.02 06:40:05.864,1.44316,1.44322,1.19,1.00
2016.06.02 06:40:06.322,1.44316,1.44324,1.69,1.00
2016.06.02 06:40:06.861,1.44316,1.44325,2.81,1.00
2016.06.02 06:40:07.220,1.44321,1.44329,1.00,1.50
2016.06.02 06:40:07.424,1.44325,1.44335,4.87,1.95
2016.06.02 06:40:07.475,1.44328,1.44335,1.12,1.87
2016.06.02 06:40:08.078,1.44328,1.44337,1.75,1.87
2016.06.02 06:40:09.234,1.44328,1.44336,1.12,1.12
2016.06.02 06:40:11.992,1.44328,1.44334,1.12,1.00
2016.06.02 06:40:12.094,1.44325,1.44334,2.81,1.00
2016.06.02 06:40:12.145,1.44325,1.44331,2.81,1.00
2016.06.02 06:40:12.196,1.44325,1.44331,1.07,1.00
2016.06.02 06:40:12.739,1.44322,1.4433,1.82,1.00
2016.06.02 06:40:13.297,1.44323,1.44331,1.12,1.12
2016.06.02 06:40:15.992,1.44324,1.44329,1.20,1.00
2016.06.02 06:40:16.043,1.44322,1.44328,1.95,1.00
2016.06.02 06:40:16.559,1.44322,1.44329,1.20,1.00
2016.06.02 06:40:16.712,1.44322,1.44326,1.20,1.00
2016.06.02 06:40:16.814,1.44318,1.44324,3.37,1.00
2016.06.02 06:40:16.866,1.44317,1.44324,1.01,1.00
2016.06.02 06:40:16.917,1.44316,1.44322,5.06,1.00
2016.06.02 06:40:17.120,1.44316,1.44321,1.00,1.00
2016.06.02 06:40:20.514,1.44313,1.44319,2.25,1.00
2016.06.02 06:40:20.767,1.44309,1.44316,2.00,3.75
2016.06.02 06:40:21.369,1.44309,1.44316,1.01,3.75
2016.06.02 06:40:21.878,1.4431,1.44316,1.12,1.00
2016.06.02 06:40:22.182,1.44309,1.44315,1.60,2.25
2016.06.02 06:40:24.511,1.44309,1.44315,1.20,2.25
2016.06.02 06:40:24.700,1.44309,1.44318,1.20,3.00
2016.06.02 06:40:24.852,1.44309,1.44318,1.60,3.00
2016.06.02 06:40:25.512,1.44312,1.4432,1.25,1.00
2016.06.02 06:40:26.016,1.44311,1.44321,1.39,3.00
2016.06.02 06:40:26.067,1.44311,1.44318,1.39,1.00
2016.06.02 06:40:28.134,1.4431,1.44318,1.45,1.00
2016.06.02 06:40:28.489,1.4431,1.44316,1.45,1.00
2016.06.02 06:40:33.364,1.44308,1.44318,2.81,4.12
2016.06.02 06:40:33.871,1.44308,1.44318,2.44,3.00
2016.06.02 06:40:43.233,1.44312,1.44319,1.12,2.25
2016.06.02 06:40:43.335,1.44312,1.44322,1.87,1.50
2016.06.02 06:40:43.741,1.44313,1.44323,1.57,2.25
2016.06.02 06:40:44.634,1.44313,1.4432,1.07,1.00
2016.06.02 06:40:45.119,1.44312,1.44322,1.87,3.00
2016.06.02 06:40:45.778,1.44312,1.44321,1.87,1.00
2016.06.02 06:40:51.797,1.44312,1.4432,1.82,1.00
2016.06.02 06:40:54.053,1.44312,1.44322,2.62,2.62
2016.06.02 06:40:54.309,1.44312,1.44322,3.37,2.62
2016.06.02 06:40:54.817,1.44313,1.44322,1.47,3.75
2016.06.02 06:40:55.364,1.44313,1.44322,1.57,1.12
2016.06.02 06:40:55.669,1.44313,1.4432,1.57,1.00
2016.06.02 06:40:57.022,1.44313,1.44321,1.57,1.50
2016.06.02 06:40:57.270,1.44312,1.44319,1.00,1.00
2016.06.02 06:40:57.779,1.44311,1.44319,1.20,1.00
2016.06.02 06:40:58.337,1.44311,1.44318,1.65,1.00
2016.06.02 06:40:59.662,1.44309,1.44317,1.76,1.00
2016.06.02 06:41:00.184,1.44309,1.44317,1.01,1.50
2016.06.02 06:41:00.288,1.44308,1.44315,1.01,1.00
2016.06.02 06:41:00.593,1.443,1.44306,3.37,1.12
2016.06.02 06:41:00.644,1.44298,1.44306,2.81,3.00
2016.06.02 06:41:01.042,1.44297,1.44305,1.00,3.00
2016.06.02 06:41:01.556,1.44296,1.44305,1.10,3.00
2016.06.02 06:41:02.098,1.44295,1.44304,1.12,1.12
2016.06.02 06:41:02.860,1.44294,1.44305,1.50,3.00
2016.06.02 06:41:06.252,1.44293,1.44303,4.95,2.62
2016.06.02 06:41:07.668,1.44293,1.44301,4.20,1.00
2016.06.02 06:41:07.720,1.44293,1.44298,3.75,1.12
2016.06.02 06:41:07.873,1.44288,1.44294,3.56,1.00
2016.06.02 06:41:07.924,1.44287,1.44294,1.29,3.37
2016.06.02 06:41:08.178,1.44284,1.44294,1.57,3.37
2016.06.02 06:41:08.420,1.44285,1.44294,5.32,1.00
2016.06.02 06:41:08.471,1.44286,1.44297,1.95,4.50
2016.06.02 06:41:08.981,1.44287,1.44295,1.45,1.00
2016.06.02 06:41:09.606,1.44285,1.44294,1.47,1.00
2016.06.02 06:41:10.115,1.44285,1.44294,1.95,3.37
2016.06.02 06:41:13.765,1.44284,1.44293,1.12,3.37
2016.06.02 06:41:16.507,1.44284,1.44293,1.12,1.12
2016.06.02 06:41:18.351,1.44284,1.44293,1.12,3.37
2016.06.02 06:41:18.859,1.44283,1.44291,1.50,1.00
2016.06.02 06:41:20.426,1.44283,1.44289,1.12,1.00
2016.06.02 06:41:20.578,1.44281,1.44288,1.37,1.00
2016.06.02 06:41:20.630,1.44279,1.44289,1.20,1.12
2016.06.02 06:41:27.638,1.44279,1.44288,1.57,1.87
2016.06.02 06:41:28.948,1.44278,1.44288,1.95,1.87
2016.06.02 06:41:29.632,1.44282,1.44288,1.00,1.87
2016.06.02 06:41:29.683,1.44282,1.44292,1.00,4.95
2016.06.02 06:41:30.192,1.44282,1.44292,1.87,3.75
2016.06.02 06:41:32.230,1.44281,1.44291,1.12,1.12
2016.06.02 06:41:32.738,1.4428,1.44291,2.25,1.50
2016.06.02 06:41:33.245,1.4428,1.4429,1.12,1.50
2016.06.02 06:41:35.464,1.4428,1.44291,1.12,3.00
2016.06.02 06:41:41.852,1.44281,1.4429,1.95,1.00
2016.06.02 06:41:45.628,1.44281,1.44291,1.37,1.50
2016.06.02 06:41:46.781,1.44281,1.44293,1.65,3.00
2016.06.02 06:41:47.870,1.44281,1.44291,2.40,1.50
2016.06.02 06:41:48.634,1.44281,1.4429,1.57,1.00
2016.06.02 06:41:49.163,1.4428,1.44291,1.57,1.50
2016.06.02 06:41:50.655,1.44282,1.44291,1.00,1.50
2016.06.02 06:41:51.161,1.4428,1.44291,1.95,1.12
2016.06.02 06:41:56.682,1.4428,1.44291,1.95,1.87
2016.06.02 06:41:57.190,1.44281,1.44291,1.37,1.87
2016.06.02 06:41:57.343,1.44284,1.44291,1.00,1.87
2016.06.02 06:41:57.652,1.44284,1.44293,1.00,1.87
2016.06.02 06:41:58.161,1.44283,1.44293,1.50,1.87
2016.06.02 06:41:58.668,1.44283,1.44293,1.57,1.87
2016.06.02 06:41:59.175,1.44284,1.44292,1.10,2.25
2016.06.02 06:41:59.517,1.44282,1.44291,1.20,1.12
2016.06.02 06:42:00.481,1.44281,1.44291,1.27,1.87
2016.06.02 06:42:00.988,1.44281,1.4429,1.20,1.00
2016.06.02 06:42:01.711,1.44281,1.44289,1.10,1.00
2016.06.02 06:42:02.066,1.44279,1.44288,1.00,1.00
2016.06.02 06:42:03.448,1.44277,1.44288,2.40,1.00
2016.06.02 06:42:03.499,1.44277,1.44285,1.17,1.00
2016.06.02 06:42:03.804,1.44269,1.44276,1.19,2.25
2016.06.02 06:42:04.108,1.44267,1.44274,1.19,2.25
2016.06.02 06:42:04.445,1.44263,1.44274,1.29,2.62
2016.06.02 06:42:05.192,1.44263,1.44272,1.29,2.25
2016.06.02 06:42:05.547,1.44262,1.44268,1.65,1.00
2016.06.02 06:42:05.700,1.44257,1.44266,1.87,3.00
2016.06.02 06:42:05.802,1.44255,1.44265,1.55,1.00
2016.06.02 06:42:05.987,1.44253,1.44263,2.25,3.00
2016.06.02 06:42:06.495,1.44253,1.44263,1.65,2.25
2016.06.02 06:42:07.029,1.44255,1.44263,1.27,2.25
2016.06.02 06:42:07.380,1.44256,1.44266,2.32,2.25
2016.06.02 06:42:07.482,1.44256,1.44266,1.55,2.25
2016.06.02 06:42:08.716,1.44255,1.44265,5.77,2.25
2016.06.02 06:42:10.332,1.44263,1.44266,1.00,1.50
2016.06.02 06:42:10.383,1.44263,1.44269,1.00,1.10
2016.06.02 06:42:10.435,1.44264,1.44271,1.12,1.00
2016.06.02 06:42:10.486,1.44266,1.44273,1.37,5.62
2016.06.02 06:42:10.538,1.44268,1.44274,1.00,1.31
2016.06.02 06:42:10.764,1.44268,1.44277,2.77,1.50
2016.06.02 06:42:11.322,1.44267,1.44275,1.57,1.00
2016.06.02 06:42:11.424,1.44265,1.44275,3.07,1.00
2016.06.02 06:42:11.931,1.44266,1.44276,1.12,1.50
2016.06.02 06:42:12.470,1.44267,1.44276,1.00,1.50
2016.06.02 06:42:14.593,1.44268,1.44277,1.00,2.25
2016.06.02 06:42:16.681,1.44267,1.44276,1.00,1.12
2016.06.02 06:42:17.189,1.44268,1.44275,1.00,1.00
2016.06.02 06:42:17.341,1.4427,1.44276,1.00,1.50
2016.06.02 06:42:17.848,1.44269,1.44277,1.00,1.50
2016.06.02 06:42:19.515,1.44269,1.44278,1.00,1.00
2016.06.02 06:42:25.778,1.4427,1.44278,1.00,1.00
2016.06.02 06:42:26.438,1.4427,1.4428,1.87,4.57
2016.06.02 06:42:26.540,1.44271,1.4428,1.50,4.20
2016.06.02 06:42:26.845,1.44285,1.44292,1.12,1.50
2016.06.02 06:42:26.991,1.44287,1.44295,1.00,5.25
2016.06.02 06:42:27.043,1.44287,1.44296,1.10,1.87
2016.06.02 06:42:27.094,1.44287,1.44298,1.39,1.50
2016.06.02 06:42:27.145,1.44288,1.44298,1.32,1.00
2016.06.02 06:42:27.196,1.44293,1.44298,1.00,1.00
2016.06.02 06:42:27.453,1.44298,1.44307,1.12,4.31
2016.06.02 06:42:27.556,1.44298,1.44308,1.00,1.69
2016.06.02 06:42:27.709,1.44298,1.44309,1.17,1.87
2016.06.02 06:42:27.812,1.44296,1.44302,1.50,1.00
2016.06.02 06:42:27.966,1.44291,1.44298,1.95,1.37
2016.06.02 06:42:28.017,1.44286,1.44296,2.70,1.37
2016.06.02 06:42:28.070,1.44286,1.44296,1.95,1.37
2016.06.02 06:42:28.315,1.44285,1.44293,1.00,1.00
2016.06.02 06:42:28.518,1.44285,1.44295,1.00,1.00
2016.06.02 06:42:28.670,1.44285,1.44293,1.00,4.12
2016.06.02 06:42:28.823,1.44283,1.44291,1.10,1.50
2016.06.02 06:42:29.331,1.44284,1.44295,1.00,1.87
2016.06.02 06:42:29.383,1.44286,1.44296,1.00,1.50
2016.06.02 06:42:29.705,1.44291,1.443,1.12,1.12
2016.06.02 06:42:30.214,1.44291,1.44301,1.87,1.00
2016.06.02 06:42:30.672,1.44295,1.44304,1.00,3.82
2016.06.02 06:42:31.197,1.44296,1.44305,1.00,3.75
2016.06.02 06:42:31.503,1.44299,1.44307,1.00,1.57
2016.06.02 06:42:31.722,1.44297,1.44307,1.00,1.20
2016.06.02 06:42:32.230,1.44297,1.44307,1.00,1.00
2016.06.02 06:42:33.182,1.44297,1.44308,1.00,5.77
2016.06.02 06:42:33.690,1.44296,1.44307,1.20,3.75
2016.06.02 06:42:35.376,1.44297,1.44307,1.00,4.87
2016.06.02 06:42:35.930,1.44295,1.44307,1.07,4.87
2016.06.02 06:42:35.981,1.44294,1.44302,1.95,1.00
2016.06.02 06:42:36.083,1.44292,1.44301,1.01,1.12
2016.06.02 06:42:36.238,1.44289,1.44301,1.20,1.76
2016.06.02 06:42:36.441,1.44291,1.44301,1.00,1.57
2016.06.02 06:42:36.783,1.44294,1.44302,1.00,3.37
2016.06.02 06:42:36.835,1.44294,1.44304,1.00,2.14
2016.06.02 06:42:37.088,1.44296,1.44304,1.00,1.25
2016.06.02 06:42:37.618,1.44295,1.44304,1.00,1.00
2016.06.02 06:42:44.056,1.44294,1.44304,1.00,1.00
2016.06.02 06:42:44.361,1.44292,1.44302,1.55,1.00
2016.06.02 06:42:45.210,1.44294,1.44302,1.00,1.00
2016.06.02 06:42:45.718,1.44295,1.44303,1.00,1.50
2016.06.02 06:42:45.769,1.44293,1.44303,1.00,2.25
2016.06.02 06:42:46.023,1.4429,1.44297,1.07,1.00
2016.06.02 06:42:46.125,1.44288,1.44297,4.65,1.87
2016.06.02 06:42:46.371,1.44284,1.44295,2.14,1.37
2016.06.02 06:42:46.777,1.44282,1.44293,1.07,4.57
2016.06.02 06:42:47.183,1.44281,1.44292,1.12,4.65
2016.06.02 06:42:47.336,1.44284,1.44292,1.00,3.75
2016.06.02 06:42:47.740,1.44294,1.44302,1.00,2.81
2016.06.02 06:42:47.798,1.44297,1.44303,1.00,2.25
2016.06.02 06:42:47.849,1.44294,1.44303,1.50,2.25
2016.06.02 06:42:47.900,1.44294,1.44306,4.69,2.70
2016.06.02 06:42:48.053,1.44294,1.44305,1.31,1.20
2016.06.02 06:42:49.117,1.44296,1.44305,1.00,1.10
2016.06.02 06:42:54.249,1.44296,1.44305,1.37,1.00
2016.06.02 06:42:54.800,1.44296,1.44305,1.00,1.00
2016.06.02 06:42:55.310,1.44297,1.44305,1.00,1.00
2016.06.02 06:42:55.715,1.44295,1.44305,1.12,1.00
2016.06.02 06:42:56.405,1.44296,1.44306,1.12,1.20
2016.06.02 06:43:08.956,1.44296,1.44304,1.00,1.00
2016.06.02 06:43:09.507,1.44295,1.44304,1.12,1.00
2016.06.02 06:43:10.815,1.44294,1.44303,1.37,1.00
2016.06.02 06:43:10.917,1.44293,1.44302,1.27,1.00
2016.06.02 06:43:11.424,1.44294,1.44302,1.00,1.00
2016.06.02 06:43:12.724,1.44294,1.44303,1.00,1.10
2016.06.02 06:43:13.130,1.44296,1.44305,1.00,1.50
2016.06.02 06:43:13.284,1.44297,1.44307,1.00,3.37
2016.06.02 06:43:13.434,1.44298,1.44307,1.12,1.57
2016.06.02 06:43:13.536,1.443,1.44308,1.00,1.12
2016.06.02 06:43:14.045,1.44299,1.44309,1.87,1.20
2016.06.02 06:43:17.116,1.44299,1.44308,1.12,1.00
2016.06.02 06:43:17.421,1.44293,1.44303,1.87,1.00
2016.06.02 06:43:17.472,1.44293,1.44303,1.20,1.00
2016.06.02 06:43:18.012,1.44292,1.44302,1.10,1.00
2016.06.02 06:43:18.536,1.44293,1.44302,1.00,1.00
2016.06.02 06:43:18.587,1.44295,1.44303,1.00,1.37
2016.06.02 06:43:18.689,1.44292,1.44303,3.19,1.10
2016.06.02 06:43:18.740,1.44291,1.443,1.76,1.00
2016.06.02 06:43:18.944,1.44289,1.44298,1.00,1.12
2016.06.02 06:43:19.046,1.44287,1.44297,1.27,1.37
2016.06.02 06:43:19.516,1.44285,1.44295,1.10,1.12
2016.06.02 06:43:19.719,1.44283,1.44291,1.20,1.00
2016.06.02 06:43:19.923,1.44278,1.44287,1.20,1.87
2016.06.02 06:43:19.975,1.44277,1.44287,1.46,1.87
2016.06.02 06:43:21.428,1.44278,1.44286,1.10,1.00
2016.06.02 06:43:21.631,1.44278,1.44288,1.10,1.57
2016.06.02 06:43:22.196,1.44277,1.44287,1.65,1.00
2016.06.02 06:43:22.450,1.44275,1.44284,1.87,1.00
2016.06.02 06:43:22.501,1.44275,1.44284,1.27,1.00
2016.06.02 06:43:22.697,1.44273,1.44283,3.07,1.00
2016.06.02 06:43:23.731,1.44273,1.44285,2.32,3.45
2016.06.02 06:43:29.147,1.44273,1.44283,1.57,1.00
2016.06.02 06:43:29.654,1.44272,1.44282,1.20,1.57
2016.06.02 06:43:30.416,1.44271,1.4428,2.02,1.50
2016.06.02 06:43:30.721,1.44267,1.44273,1.00,1.00
2016.06.02 06:43:30.906,1.44267,1.44275,1.00,1.00
2016.06.02 06:43:31.261,1.44264,1.44273,1.29,1.00
2016.06.02 06:43:31.312,1.44264,1.44273,1.10,1.50
2016.06.02 06:43:31.516,1.44271,1.44275,1.00,3.75
2016.06.02 06:43:31.626,1.44274,1.44282,1.00,3.94
2016.06.02 06:43:31.779,1.44275,1.44284,1.00,1.95
2016.06.02 06:43:31.932,1.44276,1.44284,1.87,1.10
2016.06.02 06:43:32.227,1.44276,1.44287,3.15,1.12
2016.06.02 06:43:32.379,1.44276,1.44283,2.02,1.00
2016.06.02 06:43:32.533,1.44272,1.44282,2.25,1.00
2016.06.02 06:43:32.635,1.44272,1.44282,1.20,1.12
2016.06.02 06:43:34.438,1.44273,1.44284,1.12,1.50
2016.06.02 06:43:34.843,1.44277,1.44285,1.00,1.20
2016.06.02 06:43:35.046,1.44277,1.44287,1.00,1.50
2016.06.02 06:43:35.451,1.44275,1.44284,1.55,1.00
2016.06.02 06:43:35.959,1.44274,1.44285,1.65,1.57
2016.06.02 06:43:39.498,1.44273,1.44284,1.57,2.25
2016.06.02 06:43:40.097,1.44274,1.44283,1.00,1.00
2016.06.02 06:43:40.731,1.44273,1.44284,3.82,2.25
2016.06.02 06:43:40.832,1.44273,1.44277,1.57,1.00
2016.06.02 06:43:40.884,1.44273,1.44278,1.20,2.25
2016.06.02 06:43:41.083,1.44268,1.44276,1.31,1.00
2016.06.02 06:43:41.134,1.44264,1.44274,2.02,1.00
2016.06.02 06:43:41.439,1.44262,1.44274,3.00,5.25
2016.06.02 06:43:41.541,1.44263,1.44274,1.57,1.50
2016.06.02 06:43:41.643,1.4427,1.44277,1.00,1.12
2016.06.02 06:43:41.745,1.44271,1.44279,1.00,3.75
2016.06.02 06:43:41.847,1.44273,1.44284,1.12,4.01
2016.06.02 06:43:42.253,1.44273,1.44284,1.65,1.10
2016.06.02 06:43:42.571,1.44276,1.44284,1.00,1.10
2016.06.02 06:43:43.078,1.44277,1.44285,1.00,1.07
2016.06.02 06:43:44.645,1.44277,1.44286,1.00,2.32
2016.06.02 06:43:45.958,1.44276,1.44285,1.00,1.12
2016.06.02 06:43:46.663,1.44275,1.44282,1.10,1.12
2016.06.02 06:43:47.170,1.44276,1.44284,1.00,4.57
2016.06.02 06:43:49.016,1.44277,1.44283,1.00,1.50
2016.06.02 06:43:50.021,1.44276,1.44284,1.00,3.75
2016.06.02 06:43:50.626,1.44278,1.44284,1.00,3.75
2016.06.02 06:43:51.164,1.44277,1.44285,1.00,1.87
2016.06.02 06:43:51.520,1.44279,1.44285,1.00,1.12
2016.06.02 06:43:51.730,1.4428,1.44289,1.00,5.25
2016.06.02 06:43:51.781,1.4428,1.44289,1.00,1.57
2016.06.02 06:43:52.330,1.44282,1.44289,1.00,1.57
2016.06.02 06:43:54.148,1.44288,1.44292,1.00,1.20
2016.06.02 06:43:54.199,1.44289,1.44295,1.00,1.47
2016.06.02 06:43:54.301,1.44287,1.44295,1.10,1.50
2016.06.02 06:43:54.352,1.44289,1.44295,1.00,1.50
2016.06.02 06:43:54.505,1.44287,1.44295,1.00,1.57
2016.06.02 06:43:55.039,1.44286,1.44296,1.10,1.12
2016.06.02 06:43:57.019,1.44285,1.44295,1.12,4.57
2016.06.02 06:43:58.931,1.44284,1.44294,1.00,2.02
2016.06.02 06:43:59.150,1.44283,1.44291,1.27,1.00
2016.06.02 06:43:59.456,1.44279,1.44289,1.20,1.37
2016.06.02 06:44:00.560,1.44277,1.44285,2.06,1.00
2016.06.02 06:44:00.813,1.44275,1.44284,1.47,1.00
2016.06.02 06:44:00.915,1.44274,1.44284,1.39,2.62
2016.06.02 06:44:01.118,1.44272,1.44282,1.10,2.81
2016.06.02 06:44:01.661,1.44272,1.44282,1.10,1.50
2016.06.02 06:44:03.029,1.44273,1.44282,1.00,1.50
2016.06.02 06:44:03.132,1.44276,1.44284,1.00,1.50
2016.06.02 06:44:03.234,1.44277,1.44287,1.50,1.50
2016.06.02 06:44:03.336,1.44279,1.44287,1.00,1.00
2016.06.02 06:44:03.865,1.44278,1.44288,1.50,1.65
2016.06.02 06:44:04.511,1.44278,1.44289,2.32,1.10
2016.06.02 06:44:05.719,1.44278,1.44288,1.57,1.00
2016.06.02 06:44:05.984,1.44275,1.44285,2.25,1.10
2016.06.02 06:44:06.086,1.44272,1.44283,1.20,1.27
2016.06.02 06:44:06.340,1.44275,1.44283,1.00,1.27
2016.06.02 06:44:06.596,1.44277,1.44286,1.12,1.10
2016.06.02 06:44:06.647,1.44279,1.44286,1.00,1.10
2016.06.02 06:44:06.851,1.44279,1.44288,1.12,1.65
2016.06.02 06:44:07.393,1.4428,1.44289,1.00,1.45
2016.06.02 06:44:08.491,1.4428,1.4429,1.00,1.57
2016.06.02 06:44:08.543,1.44283,1.44291,1.00,1.57
2016.06.02 06:44:08.696,1.44283,1.44293,1.87,1.07
2016.06.02 06:44:08.798,1.44284,1.44294,1.00,1.27
2016.06.02 06:44:08.900,1.44287,1.44294,1.00,1.27
2016.06.02 06:44:09.407,1.44287,1.44295,1.00,1.00
2016.06.02 06:44:09.952,1.44287,1.44297,2.25,1.45
2016.06.02 06:44:16.251,1.44288,1.44297,1.00,1.57
2016.06.02 06:44:16.545,1.44288,1.44299,3.37,1.12
2016.06.02 06:44:17.963,1.4429,1.44301,1.50,2.25
2016.06.02 06:44:28.736,1.44291,1.443,1.10,3.37
2016.06.02 06:44:29.075,1.44289,1.443,1.00,7.12
2016.06.02 06:44:32.891,1.44297,1.44299,1.00,1.57
2016.06.02 06:44:33.146,1.44317,1.44321,1.00,1.12
2016.06.02 06:44:33.199,1.44319,1.44321,1.00,1.00
2016.06.02 06:44:33.251,1.44321,1.44329,1.12,4.20
2016.06.02 06:44:33.353,1.4432,1.44324,1.00,1.19
2016.06.02 06:44:33.455,1.4432,1.44329,1.50,1.00
2016.06.02 06:44:33.506,1.44319,1.44325,1.95,1.00
2016.06.02 06:44:33.557,1.44319,1.44331,2.32,2.62
2016.06.02 06:44:33.742,1.44319,1.44329,1.20,1.12
2016.06.02 06:44:34.048,1.44319,1.44328,1.10,3.75
2016.06.02 06:44:34.454,1.44318,1.44325,1.37,3.75
2016.06.02 06:44:34.760,1.44318,1.44328,1.37,3.75
2016.06.02 06:44:35.310,1.4432,1.44328,1.12,3.75
2016.06.02 06:44:35.897,1.44317,1.44328,2.62,3.75
2016.06.02 06:44:36.102,1.44314,1.44322,1.75,1.00
2016.06.02 06:44:36.416,1.4431,1.44317,1.69,3.75
2016.06.02 06:44:36.873,1.44307,1.44317,1.76,3.75
2016.06.02 06:44:37.427,1.44307,1.44315,1.57,3.75
2016.06.02 06:44:37.478,1.44307,1.44315,1.00,3.75
2016.06.02 06:44:40.689,1.44304,1.44314,4.95,1.50
2016.06.02 06:44:43.162,1.44304,1.4431,2.70,1.00
2016.06.02 06:44:43.505,1.44296,1.44299,1.50,1.00
2016.06.02 06:44:43.760,1.44288,1.44297,8.06,1.07
2016.06.02 06:44:43.812,1.4429,1.44296,1.62,1.12
2016.06.02 06:44:43.914,1.44291,1.443,1.00,1.12
2016.06.02 06:44:44.016,1.4429,1.44301,2.25,1.45
2016.06.02 06:44:44.524,1.44291,1.44298,1.20,1.00
2016.06.02 06:44:44.768,1.44289,1.44301,2.77,6.94
2016.06.02 06:44:45.275,1.4429,1.44301,1.65,4.65
2016.06.02 06:44:45.783,1.44291,1.44301,1.07,3.75
2016.06.02 06:44:46.334,1.44292,1.44301,1.50,4.50
2016.06.02 06:44:46.841,1.44292,1.44301,1.20,4.50
2016.06.02 06:44:48.048,1.44293,1.44301,6.37,3.75
2016.06.02 06:44:48.100,1.44295,1.44302,1.12,1.00
2016.06.02 06:44:48.202,1.44296,1.44306,1.12,1.19
2016.06.02 06:44:48.407,1.44297,1.44306,1.87,1.00
2016.06.02 06:44:48.601,1.44297,1.44304,1.75,1.00
2016.06.02 06:44:48.652,1.44297,1.44306,1.12,1.50
2016.06.02 06:44:48.754,1.44296,1.44304,2.32,1.00
2016.06.02 06:44:50.334,1.44294,1.44304,5.40,1.00
2016.06.02 06:44:50.692,1.44294,1.44301,1.47,1.00
2016.06.02 06:44:50.949,1.44291,1.44301,3.07,1.12
2016.06.02 06:44:52.459,1.44292,1.44298,1.57,1.00
2016.06.02 06:44:52.713,1.44289,1.44298,1.47,1.00
2016.06.02 06:44:52.765,1.44289,1.44296,1.47,1.00
2016.06.02 06:44:53.286,1.44289,1.44297,1.47,1.00
2016.06.02 06:44:53.591,1.44287,1.44295,1.45,1.00
2016.06.02 06:44:53.794,1.44286,1.44294,1.20,1.00
2016.06.02 06:45:01.258,1.44286,1.44294,1.20,1.00
2016.06.02 06:45:01.667,1.44286,1.44296,1.20,2.25
2016.06.02 06:45:01.718,1.44284,1.4429,2.25,1.00
2016.06.02 06:45:01.821,1.4428,1.44289,1.10,1.50
2016.06.02 06:45:02.375,1.44283,1.4429,1.00,1.10
2016.06.02 06:45:02.700,1.44287,1.44295,1.00,1.69
2016.06.02 06:45:02.852,1.44286,1.44295,1.95,1.00
2016.06.02 06:45:03.362,1.44286,1.44295,3.75,1.00
2016.06.02 06:45:03.821,1.44288,1.44297,1.12,1.00
2016.06.02 06:45:04.086,1.44285,1.44292,2.25,1.00
2016.06.02 06:45:04.137,1.44283,1.44291,1.50,1.00
2016.06.02 06:45:04.695,1.44284,1.44293,1.00,2.32
2016.06.02 06:45:05.202,1.44282,1.44292,1.47,1.12
2016.06.02 06:45:05.713,1.44281,1.4429,2.25,1.00
2016.06.02 06:45:06.341,1.44281,1.4429,1.12,1.00
2016.06.02 06:45:06.909,1.4428,1.4429,2.40,1.00
2016.06.02 06:45:07.374,1.4428,1.44287,1.57,1.00
2016.06.02 06:45:07.679,1.44271,1.44281,1.27,1.12
2016.06.02 06:45:07.730,1.44271,1.44278,2.02,1.12
2016.06.02 06:45:07.934,1.44271,1.44281,1.87,1.00
2016.06.02 06:45:08.457,1.44272,1.44283,5.29,1.37
2016.06.02 06:45:09.741,1.44273,1.44283,2.32,1.37
2016.06.02 06:45:10.046,1.44275,1.44283,1.37,1.37
2016.06.02 06:45:11.178,1.44275,1.44283,1.12,1.37
2016.06.02 06:45:12.354,1.44275,1.44284,2.25,3.75
2016.06.02 06:45:12.624,1.44275,1.44285,1.95,1.76
2016.06.02 06:45:13.134,1.44276,1.44285,1.47,1.39
2016.06.02 06:45:14.595,1.4428,1.44286,1.00,1.64
2016.06.02 06:45:14.697,1.44281,1.4429,3.90,1.69
2016.06.02 06:45:14.851,1.44283,1.4429,1.87,1.19
2016.06.02 06:45:14.954,1.44284,1.4429,1.10,1.19
2016.06.02 06:45:15.056,1.44284,1.44293,1.20,1.66
2016.06.02 06:45:15.158,1.44286,1.44293,1.00,1.29
2016.06.02 06:45:15.467,1.44287,1.44297,1.50,2.21
2016.06.02 06:45:17.386,1.44287,1.44297,1.57,2.06
2016.06.02 06:45:18.488,1.44289,1.44298,1.20,1.00
2016.06.02 06:45:20.319,1.44288,1.44298,1.95,1.00
2016.06.02 06:45:21.070,1.44288,1.44297,2.70,1.00
2016.06.02 06:45:21.375,1.44284,1.44291,1.50,1.00
2016.06.02 06:45:21.527,1.44281,1.44291,3.84,1.12
2016.06.02 06:45:22.045,1.44282,1.44293,3.09,4.69
2016.06.02 06:45:22.400,1.44282,1.44293,1.96,1.39
2016.06.02 06:45:23.689,1.44282,1.44293,1.40,1.95
2016.06.02 06:45:24.196,1.44283,1.44294,3.57,4.50
2016.06.02 06:45:25.257,1.44282,1.44291,1.96,1.00
2016.06.02 06:45:25.764,1.44282,1.44292,1.59,1.12
2016.06.02 06:45:27.375,1.44284,1.44293,1.39,1.87
2016.06.02 06:45:27.883,1.44284,1.44293,2.51,1.87
2016.06.02 06:45:27.985,1.44291,1.44297,1.00,4.20
2016.06.02 06:45:28.290,1.44296,1.44306,2.25,3.64
2016.06.02 06:45:28.392,1.44297,1.44306,2.40,1.12
2016.06.02 06:45:28.894,1.44297,1.44307,2.32,1.00
2016.06.02 06:45:31.094,1.44297,1.44302,1.57,1.00
2016.06.02 06:45:31.401,1.44303,1.44307,1.50,3.37
2016.06.02 06:45:31.653,1.44307,1.44317,1.87,2.06
2016.06.02 06:45:31.755,1.44309,1.44318,8.62,1.00
2016.06.02 06:45:32.060,1.44311,1.44319,1.50,2.25
2016.06.02 06:45:32.414,1.4431,1.44318,1.87,1.00
2016.06.02 06:45:33.016,1.44308,1.44317,1.60,1.50
2016.06.02 06:45:33.523,1.44309,1.44318,1.07,1.00
2016.06.02 06:45:34.101,1.44308,1.44316,2.62,1.00
2016.06.02 06:45:34.609,1.44308,1.44316,1.07,1.00
2016.06.02 06:45:35.384,1.44308,1.44317,3.82,1.00
2016.06.02 06:45:35.689,1.44313,1.44322,1.47,2.89
2016.06.02 06:45:35.893,1.44315,1.44325,1.20,2.25
2016.06.02 06:45:35.995,1.44316,1.44325,2.25,1.00
2016.06.02 06:45:36.300,1.44317,1.44327,2.25,1.12
2016.06.02 06:45:36.839,1.44317,1.44326,1.87,1.00
2016.06.02 06:45:37.347,1.44317,1.44325,1.50,1.00
2016.06.02 06:45:37.747,1.44313,1.44321,1.00,1.00
2016.06.02 06:45:38.232,1.44311,1.44318,1.20,1.00
2016.06.02 06:45:38.690,1.44308,1.44317,2.25,1.00
2016.06.02 06:45:41.111,1.44308,1.44315,1.75,1.00
2016.06.02 06:45:41.314,1.44305,1.44316,2.25,1.87
2016.06.02 06:45:41.821,1.44305,1.44316,1.95,1.87
2016.06.02 06:45:42.330,1.44305,1.44316,2.25,1.37
2016.06.02 06:45:42.625,1.44311,1.44317,1.00,1.37
2016.06.02 06:45:42.677,1.44312,1.44319,1.12,3.75
2016.06.02 06:45:42.730,1.44312,1.44322,1.50,1.25
2016.06.02 06:45:42.832,1.44312,1.44322,1.95,1.25
2016.06.02 06:45:43.341,1.44313,1.44322,1.00,1.00
2016.06.02 06:45:43.850,1.44312,1.44322,1.95,1.00
2016.06.02 06:45:44.430,1.44314,1.44322,1.00,1.00
2016.06.02 06:45:45.526,1.44314,1.44322,1.37,1.00
2016.06.02 06:45:45.628,1.44316,1.44326,1.00,3.75
2016.06.02 06:45:45.831,1.44321,1.44326,1.00,1.50
2016.06.02 06:45:46.137,1.44324,1.44327,1.00,1.00
2016.06.02 06:45:46.189,1.44324,1.44334,1.20,3.37
2016.06.02 06:45:46.290,1.44326,1.44333,1.00,1.00
2016.06.02 06:45:46.443,1.44324,1.44334,2.70,1.00
2016.06.02 06:45:46.547,1.44325,1.44334,3.75,1.12
2016.06.02 06:45:46.650,1.44324,1.44334,1.12,1.12
2016.06.02 06:45:47.169,1.44323,1.44334,1.00,1.12
2016.06.02 06:45:50.714,1.44322,1.44334,2.70,1.87
2016.06.02 06:45:50.817,1.44322,1.44334,2.32,5.25
2016.06.02 06:45:51.222,1.44321,1.44328,1.12,1.00
2016.06.02 06:45:51.463,1.44319,1.44328,2.02,1.00
2016.06.02 06:45:51.972,1.44318,1.44327,2.70,1.00
2016.06.02 06:45:52.631,1.44317,1.44327,2.02,1.50
2016.06.02 06:45:52.845,1.44315,1.44325,2.70,1.00
2016.06.02 06:45:53.050,1.44315,1.44327,1.95,1.50
2016.06.02 06:45:56.570,1.44321,1.44328,1.00,1.37
2016.06.02 06:45:56.876,1.44336,1.44345,3.82,2.25
2016.06.02 06:45:56.943,1.44337,1.44347,1.47,1.12
2016.06.02 06:45:57.451,1.44338,1.44346,1.07,1.00
2016.06.02 06:45:57.709,1.44335,1.44345,4.95,1.00
2016.06.02 06:45:57.811,1.44335,1.44342,4.57,1.00
2016.06.02 06:45:57.965,1.44334,1.44342,1.62,1.00
2016.06.02 06:45:58.219,1.44332,1.44341,1.00,1.00
2016.06.02 06:45:58.676,1.44333,1.44342,1.37,1.00
2016.06.02 06:45:59.009,1.44336,1.44342,1.37,1.00
2016.06.02 06:45:59.516,1.44335,1.44342,1.37,1.00
2016.06.02 06:46:01.213,1.44334,1.44342,1.37,1.57
2016.06.02 06:46:01.722,1.44334,1.44342,1.37,2.70
2016.06.02 06:46:02.077,1.44331,1.4434,2.62,1.47
2016.06.02 06:46:04.964,1.44332,1.44341,1.12,1.57
2016.06.02 06:46:05.489,1.44332,1.44341,1.37,1.95
2016.06.02 06:46:05.998,1.44331,1.44341,1.12,1.07
2016.06.02 06:46:06.049,1.44336,1.44342,1.00,3.45
2016.06.02 06:46:06.203,1.44339,1.44346,1.12,3.75
2016.06.02 06:46:06.254,1.44339,1.44347,1.12,1.12
2016.06.02 06:46:06.804,1.44338,1.44348,1.00,4.87
2016.06.02 06:46:07.058,1.44335,1.44346,1.56,4.50
2016.06.02 06:46:07.210,1.44334,1.44344,1.12,3.07
2016.06.02 06:46:07.262,1.44334,1.44344,1.00,6.52
2016.06.02 06:46:07.825,1.44332,1.44343,1.37,2.02
2016.06.02 06:46:08.285,1.44334,1.44344,1.37,1.57
2016.06.02 06:46:08.792,1.44334,1.44344,1.37,1.00
2016.06.02 06:46:09.890,1.44335,1.44344,1.37,1.00
2016.06.02 06:46:11.011,1.44335,1.44344,1.75,1.00
2016.06.02 06:46:11.417,1.44335,1.44343,1.12,1.37
2016.06.02 06:46:11.520,1.44333,1.44342,1.10,1.00
2016.06.02 06:46:11.680,1.44337,1.44343,1.00,1.50
2016.06.02 06:46:11.782,1.44336,1.44345,1.37,1.50
2016.06.02 06:46:14.186,1.44338,1.44345,1.00,1.00
2016.06.02 06:46:17.023,1.44337,1.44347,1.37,1.00
2016.06.02 06:46:17.784,1.44339,1.44347,1.00,1.00
2016.06.02 06:46:17.836,1.44341,1.44349,1.00,4.57
2016.06.02 06:46:18.142,1.4435,1.44355,1.00,1.00
2016.06.02 06:46:18.409,1.4435,1.44358,1.00,1.00
2016.06.02 06:46:18.716,1.4435,1.4436,1.10,2.25
2016.06.02 06:46:19.673,1.4435,1.4436,1.10,5.25
2016.06.02 06:46:20.029,1.4435,1.4436,1.12,1.12
2016.06.02 06:46:20.942,1.44352,1.44361,1.12,1.12
2016.06.02 06:46:21.252,1.44361,1.44367,1.00,1.00
2016.06.02 06:46:21.303,1.44361,1.44369,1.00,3.00
2016.06.02 06:46:21.507,1.44361,1.44371,1.12,1.00
2016.06.02 06:46:22.737,1.44361,1.4437,1.12,1.00
2016.06.02 06:46:23.144,1.44364,1.4437,1.00,1.00
2016.06.02 06:46:23.396,1.44369,1.44377,1.12,1.12
2016.06.02 06:46:23.701,1.4437,1.44379,1.00,1.12
2016.06.02 06:46:24.208,1.4437,1.44379,1.37,1.50
2016.06.02 06:46:26.445,1.44372,1.44379,1.50,1.00
2016.06.02 06:46:26.954,1.44371,1.44381,3.00,1.37
2016.06.02 06:46:27.766,1.44371,1.44381,2.25,1.37
2016.06.02 06:46:28.278,1.44373,1.44383,1.50,1.50
2016.06.02 06:46:28.482,1.44371,1.4438,1.50,3.75
2016.06.02 06:46:28.997,1.4437,1.44378,2.62,1.37
2016.06.02 06:46:29.868,1.4437,1.44379,1.87,4.12
2016.06.02 06:46:30.553,1.44371,1.4438,1.12,1.37
2016.06.02 06:46:31.153,1.4437,1.4438,1.50,1.50
2016.06.02 06:46:31.674,1.44371,1.44381,1.50,2.40
2016.06.02 06:46:32.828,1.44371,1.44381,2.25,3.15
2016.06.02 06:46:34.675,1.44371,1.44381,1.12,3.15
2016.06.02 06:46:35.742,1.44371,1.4438,1.50,1.50
2016.06.02 06:46:36.149,1.44372,1.44381,1.00,1.12
2016.06.02 06:46:36.662,1.44371,1.44381,1.12,1.00
2016.06.02 06:46:37.170,1.44372,1.44381,1.50,1.00
2016.06.02 06:46:37.717,1.44372,1.4438,1.00,1.12
2016.06.02 06:46:38.646,1.44372,1.44381,1.00,1.12
2016.06.02 06:46:38.873,1.44374,1.44384,1.00,2.25
2016.06.02 06:46:38.924,1.44374,1.44384,1.37,1.50
2016.06.02 06:46:39.232,1.44387,1.44388,1.00,5.81
2016.06.02 06:46:39.283,1.44387,1.44392,1.57,1.50
2016.06.02 06:46:39.450,1.44387,1.44394,4.65,1.62
2016.06.02 06:46:39.662,1.44385,1.44393,1.00,1.12
2016.06.02 06:46:40.071,1.44387,1.44396,1.00,1.57
2016.06.02 06:46:40.174,1.44387,1.44397,1.12,1.00
2016.06.02 06:46:40.379,1.4439,1.44397,1.00,1.00
2016.06.02 06:46:40.703,1.44393,1.44401,1.00,3.00
2016.06.02 06:46:41.010,1.44399,1.44402,1.17,1.50
2016.06.02 06:46:41.417,1.44401,1.44405,1.50,1.50
2016.06.02 06:46:41.691,1.44401,1.4441,1.00,1.10
2016.06.02 06:46:43.102,1.44401,1.44407,1.00,1.00
2016.06.02 06:46:43.205,1.44398,1.44408,1.50,1.50
2016.06.02 06:46:43.359,1.44397,1.44405,1.12,1.00
2016.06.02 06:46:43.664,1.44395,1.44402,1.19,1.00
2016.06.02 06:46:43.868,1.44393,1.44402,1.12,1.20
2016.06.02 06:46:44.071,1.44395,1.44404,1.00,1.20
2016.06.02 06:46:44.380,1.44406,1.44416,1.95,3.00
2016.06.02 06:46:44.686,1.44419,1.44428,1.12,1.37
2016.06.02 06:46:44.992,1.44425,1.44435,1.00,1.43
2016.06.02 06:46:45.342,1.44422,1.44431,1.95,1.00
2016.06.02 06:46:45.395,1.44422,1.44432,1.20,1.00
2016.06.02 06:46:45.852,1.44428,1.44436,1.12,3.79
2016.06.02 06:46:46.006,1.44427,1.44436,1.57,1.12
2016.06.02 06:46:46.108,1.44428,1.44436,1.07,1.00
2016.06.02 06:46:46.312,1.44425,1.44436,1.27,1.69
2016.06.02 06:46:46.364,1.44425,1.44435,1.27,1.44
2016.06.02 06:46:46.892,1.44424,1.44432,1.87,1.00
2016.06.02 06:46:47.197,1.44424,1.44431,1.20,1.00
2016.06.02 06:46:47.451,1.44423,1.44435,1.65,2.03
2016.06.02 06:46:47.503,1.44427,1.44436,1.00,1.00
2016.06.02 06:46:47.604,1.44427,1.44438,1.12,1.20
2016.06.02 06:46:47.812,1.44429,1.4444,1.12,4.87
2016.06.02 06:46:48.135,1.4443,1.44441,1.27,1.00
2016.06.02 06:46:48.450,1.44437,1.44444,1.37,1.87
2016.06.02 06:46:48.858,1.44437,1.44448,1.45,1.50
2016.06.02 06:46:49.079,1.44439,1.4445,1.45,1.19
2016.06.02 06:46:49.688,1.44439,1.44451,1.45,1.87
2016.06.02 06:46:50.240,1.44439,1.44449,1.57,1.25
2016.06.02 06:46:50.546,1.44437,1.44446,3.45,1.00
2016.06.02 06:46:50.648,1.44437,1.44446,2.32,1.00
2016.06.02 06:46:51.105,1.44437,1.4444,1.00,1.00
2016.06.02 06:46:51.208,1.44434,1.44439,1.10,1.00
2016.06.02 06:46:51.311,1.4443,1.44438,1.57,1.00
2016.06.02 06:46:51.817,1.4443,1.44439,1.57,1.00
2016.06.02 06:46:51.893,1.44432,1.44441,1.00,1.00
2016.06.02 06:46:51.995,1.44432,1.44444,1.75,1.00
2016.06.02 06:46:52.149,1.44434,1.44445,3.45,1.12
2016.06.02 06:46:52.455,1.44445,1.44449,1.37,2.77
2016.06.02 06:46:52.608,1.44448,1.44453,1.12,5.44
2016.06.02 06:46:52.711,1.44448,1.44455,1.50,1.00
2016.06.02 06:46:52.872,1.44448,1.44458,2.32,1.00
2016.06.02 06:46:53.587,1.4445,1.44459,1.37,1.10
2016.06.02 06:46:54.079,1.44449,1.44457,1.95,1.00
2016.06.02 06:46:54.283,1.44444,1.44453,1.57,1.00
2016.06.02 06:46:54.385,1.44443,1.44453,2.25,1.27
2016.06.02 06:46:54.792,1.44443,1.44453,1.37,2.25
2016.06.02 06:46:55.294,1.44443,1.44454,2.62,1.12
2016.06.02 06:46:55.498,1.44448,1.44455,1.00,1.12
2016.06.02 06:46:55.702,1.44448,1.44459,1.87,1.12
2016.06.02 06:46:57.055,1.44447,1.44453,1.65,1.00
2016.06.02 06:46:57.208,1.44444,1.4445,1.00,1.00
2016.06.02 06:46:57.311,1.44439,1.4445,1.76,1.37
2016.06.02 06:46:57.820,1.44438,1.4445,1.55,1.50
2016.06.02 06:46:58.074,1.44442,1.44451,1.00,4.69
2016.06.02 06:46:58.228,1.44442,1.44454,1.12,4.50
2016.06.02 06:46:58.330,1.44446,1.44455,1.00,6.07
2016.06.02 06:46:58.432,1.44447,1.44456,1.00,2.62
2016.06.02 06:46:58.723,1.44445,1.44454,1.65,1.00
2016.06.02 06:46:58.776,1.44445,1.44456,1.00,1.00
2016.06.02 06:46:59.185,1.44447,1.44458,1.00,5.02
2016.06.02 06:46:59.440,1.44445,1.44456,1.25,1.95
2016.06.02 06:46:59.955,1.44444,1.44454,1.19,1.00
2016.06.02 06:47:00.465,1.44444,1.44452,1.00,1.00
2016.06.02 06:47:00.618,1.44441,1.44451,1.01,1.00
2016.06.02 06:47:00.670,1.44441,1.44449,1.01,1.00
2016.06.02 06:47:00.772,1.44441,1.44453,1.39,1.57
2016.06.02 06:47:00.823,1.44442,1.44454,1.50,1.95
2016.06.02 06:47:01.114,1.44451,1.44462,1.57,1.12
2016.06.02 06:47:01.216,1.44451,1.44462,1.20,4.12
2016.06.02 06:47:01.520,1.44452,1.44462,1.20,1.00
2016.06.02 06:47:01.630,1.44452,1.44464,1.27,1.12
2016.06.02 06:47:01.986,1.44454,1.44465,1.00,3.37
2016.06.02 06:47:02.138,1.44452,1.44463,1.00,1.00
2016.06.02 06:47:03.247,1.44456,1.44464,1.00,2.32
2016.06.02 06:47:03.541,1.44456,1.44468,1.65,2.25
2016.06.02 06:47:04.049,1.44456,1.44468,1.87,1.50
2016.06.02 06:47:05.997,1.44456,1.44468,2.25,1.91
2016.06.02 06:47:06.051,1.44456,1.44463,1.00,1.00
2016.06.02 06:47:06.258,1.44453,1.44463,1.31,1.00
2016.06.02 06:47:06.867,1.44453,1.44464,1.25,3.79
2016.06.02 06:47:07.407,1.44454,1.44463,1.00,1.10
2016.06.02 06:47:07.915,1.44453,1.44464,1.31,1.20
2016.06.02 06:47:08.423,1.44454,1.44464,1.00,1.20
2016.06.02 06:47:08.956,1.44454,1.44464,1.00,1.20
2016.06.02 06:47:09.464,1.44454,1.44464,1.00,1.12
2016.06.02 06:47:10.471,1.44452,1.44464,2.14,1.50
2016.06.02 06:47:10.725,1.44451,1.44461,1.17,1.00
2016.06.02 06:47:11.233,1.44451,1.4446,1.00,1.00
2016.06.02 06:47:11.437,1.4445,1.44462,5.14,1.10
2016.06.02 06:47:11.488,1.44454,1.44464,1.00,1.57
2016.06.02 06:47:11.540,1.44454,1.44466,1.12,1.95
2016.06.02 06:47:11.592,1.44455,1.44466,1.37,1.95
2016.06.02 06:47:11.643,1.44454,1.44466,2.70,3.00
2016.06.02 06:47:12.309,1.44456,1.44466,1.07,1.00
2016.06.02 06:47:12.771,1.44456,1.44468,2.02,1.50
2016.06.02 06:47:13.319,1.44458,1.44468,1.20,1.12
2016.06.02 06:47:13.421,1.44463,1.4447,1.00,2.25
2016.06.02 06:47:13.676,1.44466,1.44477,2.14,1.50
2016.06.02 06:47:13.727,1.44466,1.44477,2.51,1.50
2016.06.02 06:47:13.931,1.44466,1.44478,2.21,1.50
2016.06.02 06:47:14.314,1.44466,1.44473,1.46,1.00
2016.06.02 06:47:14.620,1.4446,1.44466,3.56,1.00
2016.06.02 06:47:14.672,1.44459,1.44466,1.19,1.00
2016.06.02 06:47:14.824,1.44459,1.44464,1.19,1.00
2016.06.02 06:47:15.439,1.44455,1.44464,5.21,1.00
2016.06.02 06:47:16.325,1.44456,1.44463,1.01,1.00
2016.06.02 06:47:16.376,1.44455,1.4446,4.46,1.00
2016.06.02 06:47:16.479,1.44452,1.44459,3.82,1.00
2016.06.02 06:47:16.581,1.44452,1.44459,1.10,1.00
2016.06.02 06:47:16.735,1.44452,1.44461,1.20,1.00
2016.06.02 06:47:16.938,1.44452,1.44462,1.20,1.00
2016.06.02 06:47:17.837,1.44452,1.44464,1.57,1.12
2016.06.02 06:47:17.990,1.44456,1.44465,1.20,1.00
2016.06.02 06:47:18.500,1.44455,1.44466,4.65,1.00
2016.06.02 06:47:18.806,1.44452,1.44463,1.84,1.00
2016.06.02 06:47:19.215,1.44453,1.44465,1.57,1.50
2016.06.02 06:47:19.317,1.44454,1.44466,2.32,1.37
2016.06.02 06:47:19.831,1.44456,1.44466,1.10,1.00
2016.06.02 06:47:21.069,1.44456,1.44462,1.10,1.00
2016.06.02 06:47:21.293,1.44451,1.44461,1.47,1.00
2016.06.02 06:47:22.412,1.44451,1.44461,1.37,1.00
2016.06.02 06:47:22.714,1.44453,1.44464,1.37,1.55
2016.06.02 06:47:22.968,1.44451,1.4446,1.37,1.00
2016.06.02 06:47:23.425,1.44451,1.4446,1.37,1.00
2016.06.02 06:47:24.389,1.44451,1.4446,1.12,1.00
2016.06.02 06:47:25.428,1.44453,1.44463,1.00,1.95
2016.06.02 06:47:25.531,1.44455,1.44465,1.00,3.82
2016.06.02 06:47:25.583,1.44455,1.44466,1.00,1.87
2016.06.02 06:47:26.091,1.44455,1.44466,1.00,1.00
2016.06.02 06:47:26.701,1.44455,1.44462,1.00,1.50
2016.06.02 06:47:26.803,1.44449,1.44459,2.70,1.00
2016.06.02 06:47:27.667,1.4445,1.44462,1.00,2.40
2016.06.02 06:47:27.726,1.4445,1.44462,1.92,1.00
2016.06.02 06:47:28.253,1.44452,1.44462,1.37,1.00
2016.06.02 06:47:29.269,1.44449,1.4446,4.12,1.12
2016.06.02 06:47:29.801,1.44451,1.44461,1.12,1.37
2016.06.02 06:47:29.852,1.44452,1.44461,1.00,1.00
2016.06.02 06:47:29.954,1.44452,1.44463,1.50,1.87
2016.06.02 06:47:30.158,1.44454,1.44463,1.00,1.00
2016.06.02 06:47:30.464,1.44451,1.4446,1.95,1.00
2016.06.02 06:47:30.911,1.44451,1.44458,1.00,1.00
2016.06.02 06:47:30.962,1.44451,1.44462,1.50,1.57
2016.06.02 06:47:31.064,1.44453,1.44461,1.00,1.20
2016.06.02 06:47:31.641,1.44452,1.4446,1.00,1.00
2016.06.02 06:47:32.015,1.44454,1.44461,1.00,1.00
2016.06.02 06:47:32.218,1.44455,1.44463,1.00,1.00
2016.06.02 06:47:33.446,1.44457,1.44465,1.00,1.20
2016.06.02 06:47:34.306,1.44457,1.44464,1.00,1.00
2016.06.02 06:47:34.357,1.44455,1.44464,1.50,1.12
2016.06.02 06:47:34.918,1.44455,1.44462,1.50,1.00
2016.06.02 06:47:35.425,1.44454,1.44464,1.50,1.00
2016.06.02 06:47:35.854,1.44458,1.44465,1.00,1.00
2016.06.02 06:47:37.031,1.44457,1.44465,1.50,1.00
2016.06.02 06:47:37.343,1.44454,1.44465,1.37,1.37
2016.06.02 06:47:37.809,1.44454,1.44462,1.37,1.00
2016.06.02 06:47:38.115,1.44446,1.44455,3.90,1.12
2016.06.02 06:47:38.217,1.44444,1.44453,1.87,1.00
2016.06.02 06:47:38.863,1.44443,1.44451,4.12,1.00
2016.06.02 06:47:39.017,1.44442,1.4445,1.37,1.00
2016.06.02 06:47:39.271,1.4444,1.4445,2.25,1.00
2016.06.02 06:47:39.963,1.4444,1.4445,3.37,1.00
2016.06.02 06:47:40.065,1.44442,1.4445,3.75,1.00
2016.06.02 06:47:43.631,1.44441,1.4445,1.00,1.00
2016.06.02 06:47:44.480,1.44441,1.44447,1.00,1.00
2016.06.02 06:47:44.532,1.44437,1.44447,5.25,1.00
2016.06.02 06:47:44.990,1.44435,1.44447,5.02,1.12
2016.06.02 06:47:45.042,1.44435,1.44443,1.55,1.00
2016.06.02 06:47:45.577,1.44435,1.44445,1.10,1.12
2016.06.02 06:47:46.915,1.44437,1.44446,1.00,1.47
2016.06.02 06:47:49.006,1.44437,1.44446,1.12,1.27
2016.06.02 06:47:49.057,1.44434,1.44445,1.87,2.81
2016.06.02 06:47:49.230,1.44434,1.44442,1.12,1.00
2016.06.02 06:47:49.739,1.44433,1.44443,1.12,5.02
2016.06.02 06:47:50.647,1.44432,1.44443,1.00,5.40
2016.06.02 06:47:50.956,1.44438,1.44446,1.00,1.12
2016.06.02 06:47:52.283,1.44438,1.44448,1.00,1.20
2016.06.02 06:47:53.317,1.44441,1.44449,2.62,1.10
2016.06.02 06:47:53.623,1.44444,1.44453,1.12,1.69
2016.06.02 06:47:54.555,1.44442,1.44453,2.62,2.06
2016.06.02 06:47:56.202,1.44441,1.44453,6.75,1.10
2016.06.02 06:47:56.304,1.44441,1.44453,3.37,1.87
2016.06.02 06:47:56.867,1.44442,1.44453,1.87,1.12
2016.06.02 06:47:57.417,1.44444,1.44453,1.00,1.20
2016.06.02 06:47:58.219,1.44442,1.44453,3.00,1.20
2016.06.02 06:47:58.504,1.44442,1.44453,3.00,1.20
2016.06.02 06:47:58.962,1.44442,1.44453,3.37,1.47
2016.06.02 06:47:59.371,1.44442,1.44452,2.62,1.57
2016.06.02 06:47:59.728,1.44446,1.44452,1.00,1.57
2016.06.02 06:48:00.072,1.4445,1.44459,2.25,1.50
2016.06.02 06:48:00.275,1.44452,1.44459,1.00,1.50
2016.06.02 06:48:00.377,1.44452,1.44461,1.25,1.10
2016.06.02 06:48:01.037,1.44452,1.44462,1.50,1.45
2016.06.02 06:48:02.331,1.44453,1.44462,1.00,2.70
2016.06.02 06:48:02.494,1.44457,1.44462,1.00,1.87
2016.06.02 06:48:02.545,1.44457,1.44466,1.00,1.20
2016.06.02 06:48:03.561,1.44458,1.44468,1.50,4.50
2016.06.02 06:48:04.093,1.44456,1.44468,1.50,4.50
2016.06.02 06:48:04.603,1.44456,1.44466,1.50,1.37
2016.06.02 06:48:05.152,1.44456,1.44466,1.12,1.00
2016.06.02 06:48:06.449,1.44458,1.44466,1.00,1.12
2016.06.02 06:48:06.752,1.4446,1.4447,1.50,5.02
2016.06.02 06:48:07.085,1.44459,1.44471,1.87,3.90
2016.06.02 06:48:07.593,1.44461,1.44471,1.00,2.62
2016.06.02 06:48:08.499,1.44466,1.44471,1.00,1.50
2016.06.02 06:48:08.651,1.44469,1.44477,1.00,2.25
2016.06.02 06:48:08.702,1.4447,1.4448,1.00,3.37
2016.06.02 06:48:09.109,1.4447,1.44478,1.00,1.37
2016.06.02 06:48:09.440,1.44468,1.44478,2.25,1.12
2016.06.02 06:48:10.100,1.44468,1.44479,2.62,1.50
2016.06.02 06:48:10.506,1.44468,1.44475,1.12,1.00
2016.06.02 06:48:10.608,1.44465,1.44475,1.00,1.87
2016.06.02 06:48:11.149,1.44465,1.44475,2.25,1.12
2016.06.02 06:48:11.708,1.44466,1.44475,1.50,1.50
2016.06.02 06:48:13.059,1.44474,1.44476,1.00,1.50
2016.06.02 06:48:13.162,1.44473,1.4448,6.19,3.75
2016.06.02 06:48:13.213,1.44475,1.44486,5.77,3.75
2016.06.02 06:48:13.264,1.44482,1.44486,1.00,2.62
2016.06.02 06:48:13.469,1.44485,1.44491,3.56,1.31
2016.06.02 06:48:13.622,1.44483,1.44492,1.00,1.00
2016.06.02 06:48:14.168,1.44484,1.44493,1.00,1.00
2016.06.02 06:48:14.524,1.44484,1.44492,1.00,1.57
2016.06.02 06:48:14.829,1.44484,1.44491,1.50,1.07
2016.06.02 06:48:15.351,1.44483,1.44491,1.50,1.07
2016.06.02 06:48:15.868,1.44483,1.44493,1.00,4.50
2016.06.02 06:48:16.823,1.44483,1.4449,1.00,1.57
2016.06.02 06:48:17.077,1.44475,1.44483,1.31,1.00
2016.06.02 06:48:17.129,1.44473,1.44483,2.44,1.00
2016.06.02 06:48:17.180,1.44473,1.44481,1.69,1.00
2016.06.02 06:48:17.687,1.44473,1.44482,1.31,1.00
2016.06.02 06:48:18.226,1.44473,1.44483,1.12,1.00
2016.06.02 06:48:20.800,1.44473,1.44482,1.12,1.00
2016.06.02 06:48:21.329,1.44472,1.44482,1.12,1.00
2016.06.02 06:48:24.038,1.44472,1.44484,1.20,2.32
2016.06.02 06:48:25.053,1.4447,1.44477,5.70,1.00
2016.06.02 06:48:26.112,1.4447,1.44475,1.07,1.00
2016.06.02 06:48:26.164,1.44469,1.44481,4.20,4.87
2016.06.02 06:48:26.215,1.44468,1.44471,1.00,1.00
2016.06.02 06:48:26.318,1.44476,1.44478,1.00,1.00
2016.06.02 06:48:26.369,1.44475,1.44481,1.87,1.37
2016.06.02 06:48:26.575,1.44473,1.4448,2.32,1.00
2016.06.02 06:48:26.677,1.44473,1.44477,1.57,1.00
2016.06.02 06:48:26.728,1.44473,1.44479,1.20,1.00
2016.06.02 06:48:27.244,1.44473,1.44479,1.27,1.00
2016.06.02 06:48:27.752,1.44473,1.44479,1.00,1.00
2016.06.02 06:48:28.212,1.44471,1.44477,2.77,1.00
2016.06.02 06:48:28.314,1.4447,1.44477,1.00,1.00
2016.06.02 06:48:29.564,1.4447,1.44477,1.84,1.00
2016.06.02 06:48:29.897,1.4447,1.44475,1.20,1.00
2016.06.02 06:48:30.406,1.44469,1.44477,1.50,1.00
2016.06.02 06:48:30.457,1.44469,1.44475,1.50,1.00
2016.06.02 06:48:31.000,1.44469,1.44474,1.00,1.00
2016.06.02 06:48:31.051,1.44469,1.44476,1.00,1.00
2016.06.02 06:48:31.103,1.4447,1.44476,1.56,1.00
2016.06.02 06:48:31.409,1.44473,1.44481,4.69,1.00
2016.06.02 06:48:31.919,1.44473,1.4448,5.06,1.00
2016.06.02 06:48:32.424,1.44473,1.44479,1.31,1.00
2016.06.02 06:48:32.831,1.44474,1.44482,1.25,1.00
2016.06.02 06:48:32.883,1.44475,1.44482,4.12,1.00
2016.06.02 06:48:33.296,1.44478,1.44482,3.75,1.00
2016.06.02 06:48:34.311,1.44475,1.44481,3.15,1.00
2016.06.02 06:48:34.362,1.44474,1.44479,3.94,1.00
2016.06.02 06:48:34.414,1.44473,1.44478,2.14,1.00
2016.06.02 06:48:34.805,1.44471,1.44479,3.19,1.00
2016.06.02 06:48:35.009,1.44471,1.44477,3.19,1.00
2016.06.02 06:48:35.416,1.4447,1.44475,5.21,1.00
2016.06.02 06:48:35.518,1.44468,1.44474,2.81,1.00
2016.06.02 06:48:36.027,1.44468,1.44475,5.14,1.00
2016.06.02 06:48:37.281,1.44468,1.44472,5.14,1.00
2016.06.02 06:48:37.332,1.44468,1.44474,4.76,1.37
2016.06.02 06:48:37.434,1.44464,1.44471,1.56,1.10
2016.06.02 06:48:37.485,1.44464,1.44466,1.19,1.00
2016.06.02 06:48:37.638,1.4446,1.44464,1.19,1.00
2016.06.02 06:48:37.873,1.44457,1.44464,1.31,1.00
2016.06.02 06:48:38.127,1.44456,1.44461,2.44,1.00
2016.06.02 06:48:38.230,1.44454,1.44461,1.62,1.00
2016.06.02 06:48:38.738,1.44453,1.4446,1.69,1.00
2016.06.02 06:48:39.681,1.4446,1.44466,1.19,1.45
2016.06.02 06:48:39.734,1.44461,1.44467,2.44,1.17
2016.06.02 06:48:39.837,1.44464,1.44473,1.12,1.87
2016.06.02 06:48:39.889,1.44464,1.44473,1.12,1.00
2016.06.02 06:48:39.940,1.44465,1.44474,6.37,1.10
2016.06.02 06:48:39.992,1.44468,1.44478,1.00,4.20
2016.06.02 06:48:40.043,1.44477,1.4448,2.25,1.57
2016.06.02 06:48:40.247,1.4448,1.44485,1.00,1.00
2016.06.02 06:48:40.791,1.44478,1.44485,1.39,1.00
2016.06.02 06:48:40.994,1.44478,1.44483,1.62,1.00
2016.06.02 06:48:41.148,1.44474,1.44482,1.70,1.00
2016.06.02 06:48:41.200,1.44474,1.44482,1.09,1.00
2016.06.02 06:48:42.450,1.44474,1.44481,1.09,1.00
2016.06.02 06:48:44.399,1.44473,1.44479,1.31,1.00
2016.06.02 06:48:44.906,1.44471,1.44479,4.31,1.00
2016.06.02 06:48:46.097,1.44471,1.44479,1.25,1.00
2016.06.02 06:48:49.670,1.4447,1.44479,2.14,1.00
2016.06.02 06:48:50.467,1.4447,1.44479,2.14,1.00
2016.06.02 06:48:51.077,1.4447,1.44481,2.06,1.10
2016.06.02 06:48:51.130,1.44473,1.44482,1.31,1.17
2016.06.02 06:48:51.233,1.44475,1.44483,1.50,1.00
2016.06.02 06:48:51.706,1.44484,1.44489,1.50,1.20
2016.06.02 06:48:51.757,1.44484,1.4449,1.50,1.00
2016.06.02 06:48:51.909,1.44486,1.44491,1.00,1.00
2016.06.02 06:48:52.416,1.44486,1.44491,1.69,1.00
2016.06.02 06:48:52.928,1.44486,1.44491,1.00,1.00
2016.06.02 06:48:53.284,1.44486,1.44493,1.00,1.50
2016.06.02 06:48:54.683,1.44487,1.44493,1.00,5.25
2016.06.02 06:48:54.785,1.44485,1.4449,1.00,1.00
2016.06.02 06:48:54.887,1.44483,1.4449,1.25,1.00
2016.06.02 06:48:55.192,1.4448,1.4449,2.44,1.00
2016.06.02 06:48:56.233,1.4448,1.44489,1.25,1.00
2016.06.02 06:48:58.187,1.44481,1.44489,1.00,1.00
2016.06.02 06:49:00.164,1.44479,1.44485,1.27,1.12
2016.06.02 06:49:00.367,1.44476,1.44486,1.57,1.00
2016.06.02 06:49:01.375,1.44476,1.44486,1.12,1.00
2016.06.02 06:49:01.629,1.44476,1.44484,1.12,1.00
2016.06.02 06:49:01.832,1.44474,1.44484,1.10,1.00
2016.06.02 06:49:02.340,1.44473,1.44484,1.95,1.00
2016.06.02 06:49:03.838,1.44473,1.44483,1.95,1.00
2016.06.02 06:49:03.889,1.44473,1.4448,1.20,1.00
2016.06.02 06:49:04.419,1.44469,1.44479,2.02,1.00
2016.06.02 06:49:04.927,1.44469,1.44479,1.57,1.37
2016.06.02 06:49:05.441,1.44469,1.44479,1.95,1.00
2016.06.02 06:49:07.067,1.44468,1.44474,3.52,1.00
2016.06.02 06:49:07.118,1.44466,1.44477,2.25,1.00
2016.06.02 06:49:07.169,1.44473,1.44476,1.00,4.20
2016.06.02 06:49:07.271,1.44476,1.44484,1.00,1.20
2016.06.02 06:49:07.806,1.44474,1.44483,1.50,1.00
2016.06.02 06:49:08.314,1.44474,1.44483,1.00,1.00
2016.06.02 06:49:10.159,1.44473,1.44482,1.00,1.00
2016.06.02 06:49:10.672,1.4447,1.44482,7.46,1.00
2016.06.02 06:49:11.239,1.4447,1.44481,5.32,1.00
2016.06.02 06:49:11.291,1.4447,1.44479,4.95,1.00
2016.06.02 06:49:11.343,1.4447,1.44479,1.87,1.00
2016.06.02 06:49:13.286,1.44471,1.44479,1.00,1.00
2016.06.02 06:49:14.702,1.44471,1.44475,2.25,1.00
2016.06.02 06:49:14.854,1.44468,1.44476,1.00,1.20
2016.06.02 06:49:15.159,1.44469,1.44478,1.00,1.20
2016.06.02 06:49:17.567,1.44468,1.44478,1.50,1.00
2016.06.02 06:49:21.615,1.44468,1.44475,1.00,1.00
2016.06.02 06:49:21.920,1.44463,1.44471,1.76,1.00
2016.06.02 06:49:22.021,1.44463,1.44471,2.70,1.00
2016.06.02 06:49:22.530,1.44463,1.44472,1.29,1.00
2016.06.02 06:49:23.038,1.44463,1.44473,1.29,1.57
2016.06.02 06:49:24.207,1.44463,1.44471,2.70,1.00
2016.06.02 06:49:24.512,1.44457,1.44463,1.10,1.00
2016.06.02 06:49:24.563,1.44454,1.44463,1.00,1.00
2016.06.02 06:49:29.619,1.44454,1.44464,2.25,1.00
2016.06.02 06:49:29.768,1.44455,1.44464,1.17,1.00
2016.06.02 06:49:30.073,1.44454,1.44464,1.87,1.50
2016.06.02 06:49:30.175,1.44452,1.44461,7.57,1.00
2016.06.02 06:49:30.683,1.44452,1.44461,4.20,1.00
2016.06.02 06:49:31.734,1.44452,1.44459,3.07,1.00
2016.06.02 06:49:31.938,1.44449,1.44458,1.29,1.00
2016.06.02 06:49:33.592,1.44447,1.44458,2.21,1.00
2016.06.02 06:49:34.995,1.44447,1.44455,1.40,1.00
2016.06.02 06:49:35.532,1.44447,1.44455,1.39,1.00
2016.06.02 06:49:40.233,1.44445,1.44454,4.76,1.00
2016.06.02 06:49:40.436,1.44445,1.44456,4.09,1.00
2016.06.02 06:49:43.029,1.44446,1.44456,1.31,1.00
2016.06.02 06:49:51.858,1.44445,1.44455,2.06,1.00
2016.06.02 06:49:53.066,1.44446,1.44455,1.19,1.00
2016.06.02 06:49:53.492,1.44446,1.44449,1.00,1.00
2016.06.02 06:49:53.696,1.44439,1.44447,1.29,1.00
2016.06.02 06:49:53.747,1.44437,1.44447,2.81,1.12
2016.06.02 06:49:54.282,1.4444,1.44447,1.00,1.50
2016.06.02 06:49:55.680,1.44438,1.44447,1.25,1.50
2016.06.02 06:49:56.920,1.44435,1.44447,5.70,2.25
2016.06.02 06:49:57.022,1.4444,1.44445,1.19,1.00
2016.06.02 06:49:57.401,1.44433,1.4444,1.69,1.50
2016.06.02 06:49:57.706,1.44431,1.4444,1.69,1.95
2016.06.02 06:49:58.416,1.44431,1.44436,1.29,1.00
2016.06.02 06:49:58.519,1.44427,1.44434,4.39,1.00
2016.06.02 06:49:58.702,1.44426,1.44437,1.20,5.25
2016.06.02 06:49:58.753,1.44433,1.44437,1.12,4.50
2016.06.02 06:49:58.958,1.44456,1.44465,1.50,4.12
2016.06.02 06:49:59.063,1.44457,1.44468,2.44,1.00
2016.06.02 06:49:59.216,1.44461,1.4447,1.19,4.12
2016.06.02 06:49:59.267,1.44461,1.44471,1.19,1.00
2016.06.02 06:50:00.397,1.4446,1.44471,2.32,1.00
2016.06.02 06:50:01.044,1.44461,1.44471,1.95,1.00
2016.06.02 06:50:01.198,1.44461,1.44469,1.57,1.00
2016.06.02 06:50:01.300,1.44461,1.44471,1.10,1.12
2016.06.02 06:50:03.052,1.44461,1.44469,1.20,1.00
2016.06.02 06:50:03.357,1.44459,1.44467,1.07,1.00
2016.06.02 06:50:03.755,1.44456,1.44465,1.10,1.00
2016.06.02 06:50:04.277,1.44455,1.44465,1.47,1.12
2016.06.02 06:50:04.329,1.44458,1.44466,1.50,1.95
2016.06.02 06:50:04.380,1.44458,1.44466,1.50,1.50
2016.06.02 06:50:04.887,1.44459,1.44466,1.00,3.45
2016.06.02 06:50:05.227,1.44458,1.44468,1.07,1.37
2016.06.02 06:50:05.734,1.44459,1.4447,1.20,4.57
2016.06.02 06:50:06.244,1.44457,1.44467,2.25,1.00
2016.06.02 06:50:06.346,1.44457,1.44464,1.12,1.00
2016.06.02 06:50:06.597,1.44453,1.44463,2.06,1.20
2016.06.02 06:50:06.674,1.44453,1.4446,2.06,1.00
2016.06.02 06:50:06.776,1.44451,1.4446,1.20,1.12
2016.06.02 06:50:07.335,1.44451,1.44461,2.25,1.50
2016.06.02 06:50:07.842,1.44453,1.44459,1.50,1.00
2016.06.02 06:50:08.150,1.44449,1.44457,1.50,1.00
2016.06.02 06:50:08.657,1.44449,1.44457,1.00,1.00
2016.06.02 06:50:09.013,1.44451,1.4446,1.69,4.50
2016.06.02 06:50:09.216,1.44451,1.44461,1.12,1.20
2016.06.02 06:50:09.804,1.44451,1.44461,2.81,1.12
2016.06.02 06:50:10.312,1.44453,1.44461,1.00,1.12
2016.06.02 06:50:10.950,1.44453,1.44461,1.12,1.12
2016.06.02 06:50:16.592,1.44453,1.44462,1.00,1.57
2016.06.02 06:50:17.251,1.44453,1.44457,1.50,1.00
2016.06.02 06:50:17.617,1.44446,1.44455,1.69,1.57
2016.06.02 06:50:17.821,1.44446,1.44455,1.00,1.95
2016.06.02 06:50:19.071,1.44447,1.44455,1.00,1.57
2016.06.02 06:50:23.205,1.44447,1.44451,1.00,1.00
2016.06.02 06:50:23.510,1.44439,1.44445,1.76,1.00
2016.06.02 06:50:23.876,1.44439,1.44445,1.00,4.12
2016.06.02 06:50:23.928,1.44439,1.44445,1.00,1.00
2016.06.02 06:50:24.135,1.44437,1.44446,1.00,1.00
2016.06.02 06:50:24.389,1.44437,1.44446,1.87,1.00
2016.06.02 06:50:31.312,1.44436,1.44445,2.25,1.00
2016.06.02 06:50:31.516,1.44435,1.44443,1.20,1.00
2016.06.02 06:50:34.212,1.44435,1.44442,1.00,1.00
2016.06.02 06:50:34.263,1.44434,1.4444,1.00,1.00
2016.06.02 06:50:34.416,1.4443,1.44437,1.12,1.00
2016.06.02 06:50:34.884,1.44428,1.44436,1.50,1.00
2016.06.02 06:50:35.415,1.44428,1.44437,1.50,1.57
2016.06.02 06:50:35.837,1.44434,1.44437,1.69,1.10
2016.06.02 06:50:36.042,1.4444,1.44447,1.00,2.10
2016.06.02 06:50:36.556,1.4444,1.44448,1.00,1.50
2016.06.02 06:50:38.116,1.4444,1.44448,1.12,1.00
2016.06.02 06:50:44.495,1.4444,1.44448,1.87,1.00
2016.06.02 06:50:45.110,1.44441,1.44448,1.50,1.00
2016.06.02 06:50:45.161,1.44439,1.44449,1.27,4.50
2016.06.02 06:50:45.840,1.44439,1.44449,1.37,1.00
2016.06.02 06:50:46.297,1.44439,1.44449,2.25,1.00
2016.06.02 06:50:46.811,1.44439,1.44449,2.25,1.00
2016.06.02 06:50:48.257,1.44441,1.44449,1.00,1.00
2016.06.02 06:50:50.459,1.44442,1.44449,1.00,1.00
2016.06.02 06:50:51.404,1.44442,1.44448,1.00,1.00
2016.06.02 06:50:51.456,1.44438,1.44448,1.50,1.00
2016.06.02 06:50:51.507,1.44438,1.44446,1.00,1.00
2016.06.02 06:50:51.841,1.44432,1.44437,1.19,1.07
2016.06.02 06:50:51.944,1.44431,1.44438,1.50,2.25
2016.06.02 06:50:52.248,1.44428,1.44438,1.00,2.25
2016.06.02 06:50:53.296,1.44427,1.44436,1.00,1.57
2016.06.02 06:50:53.803,1.44428,1.44436,1.00,1.57
2016.06.02 06:50:55.739,1.44425,1.44436,4.87,1.57
2016.06.02 06:50:58.055,1.44425,1.44433,1.10,1.00
2016.06.02 06:50:58.258,1.44423,1.44433,1.00,1.50
2016.06.02 06:50:58.633,1.44421,1.44431,3.00,1.00
2016.06.02 06:50:58.838,1.44419,1.44429,1.00,1.00
2016.06.02 06:50:59.917,1.44416,1.44426,1.00,1.37
2016.06.02 06:51:00.224,1.44413,1.44423,1.10,1.50
2016.06.02 06:51:01.669,1.44412,1.44422,1.50,1.20
2016.06.02 06:51:02.219,1.44415,1.44425,1.00,6.07
2016.06.02 06:51:02.728,1.44415,1.44423,1.00,1.07
2016.06.02 06:51:03.343,1.44415,1.44425,1.00,5.62
2016.06.02 06:51:04.424,1.44414,1.44423,1.12,1.20
2016.06.02 06:51:04.761,1.44414,1.44421,1.12,1.12
2016.06.02 06:51:04.864,1.44412,1.44421,1.87,1.12
2016.06.02 06:51:05.067,1.44412,1.44419,1.00,1.12
2016.06.02 06:51:05.575,1.44412,1.44422,1.00,2.62
2016.06.02 06:51:07.333,1.44412,1.44422,1.00,1.50
2016.06.02 06:51:07.384,1.44413,1.44422,1.00,1.87
2016.06.02 06:51:07.486,1.44413,1.44422,1.00,1.20
2016.06.02 06:51:07.741,1.44413,1.44422,1.00,1.75
2016.06.02 06:51:07.996,1.44411,1.44419,1.00,1.07
2016.06.02 06:51:08.336,1.44411,1.44416,1.00,1.07
2016.06.02 06:51:08.438,1.44409,1.44416,1.00,1.12
2016.06.02 06:51:08.592,1.44409,1.44415,1.00,1.12
2016.06.02 06:51:09.051,1.44406,1.44414,1.00,1.10
2016.06.02 06:51:09.153,1.44406,1.44414,1.00,1.75
2016.06.02 06:51:09.694,1.44406,1.44414,1.00,1.20
2016.06.02 06:51:10.209,1.44406,1.44414,1.00,1.50
2016.06.02 06:51:10.362,1.44404,1.44414,1.00,1.50
2016.06.02 06:51:10.615,1.44404,1.44411,1.00,1.12
2016.06.02 06:51:11.253,1.44404,1.44411,1.00,1.12
2016.06.02 06:51:11.759,1.44404,1.44411,1.00,1.12
2016.06.02 06:51:12.504,1.44404,1.44411,1.00,1.12
2016.06.02 06:51:12.961,1.44402,1.44411,1.00,1.12
2016.06.02 06:51:13.871,1.44402,1.44411,1.37,1.12
2016.06.02 06:51:13.923,1.44405,1.44412,3.75,1.12
2016.06.02 06:51:14.126,1.44407,1.44415,1.00,1.12
2016.06.02 06:51:14.228,1.44407,1.44417,1.12,1.75
2016.06.02 06:51:14.635,1.44412,1.44419,3.75,2.25
2016.06.02 06:51:14.951,1.44414,1.44424,3.00,1.87
2016.06.02 06:51:15.005,1.44414,1.44424,1.12,2.62
2016.06.02 06:51:15.108,1.44414,1.44424,1.12,1.95
2016.06.02 06:51:15.311,1.44415,1.44426,1.20,3.75
2016.06.02 06:51:15.819,1.44415,1.44425,1.20,1.12
2016.06.02 06:51:16.259,1.44417,1.44424,1.00,1.45
2016.06.02 06:51:16.920,1.44416,1.44424,1.00,1.45
2016.06.02 06:51:16.971,1.44414,1.44424,1.50,4.50
2016.06.02 06:51:17.175,1.44413,1.44422,1.00,1.50
2016.06.02 06:51:19.722,1.44412,1.44422,1.00,1.50
2016.06.02 06:51:20.732,1.44411,1.44422,3.37,2.81
2016.06.02 06:51:21.037,1.44409,1.44419,1.00,1.12
2016.06.02 06:51:21.584,1.44409,1.4442,1.00,1.87
2016.06.02 06:51:22.244,1.44412,1.44419,1.00,1.12
2016.06.02 06:51:22.346,1.44412,1.44422,1.00,2.14
2016.06.02 06:51:22.867,1.4441,1.4442,1.50,1.07
2016.06.02 06:51:23.376,1.4441,1.44419,1.00,1.20
2016.06.02 06:51:23.924,1.4441,1.4442,1.50,1.45
2016.06.02 06:51:24.482,1.4441,1.4442,1.37,1.45
2016.06.02 06:51:26.059,1.4441,1.44421,1.87,2.81
2016.06.02 06:51:26.592,1.4441,1.4442,1.00,2.81
2016.06.02 06:51:27.202,1.4441,1.4442,2.32,1.69
2016.06.02 06:51:29.167,1.44413,1.4442,1.00,1.69
2016.06.02 06:51:34.151,1.44411,1.4442,1.00,1.76
2016.06.02 06:51:34.686,1.44409,1.4442,1.57,1.76
2016.06.02 06:51:34.738,1.44408,1.44418,1.87,2.25
2016.06.02 06:51:35.043,1.44408,1.44416,1.50,1.12
2016.06.02 06:51:35.551,1.44409,1.44416,1.00,1.12
2016.06.02 06:51:36.141,1.44409,1.44416,1.00,1.12
2016.06.02 06:51:38.093,1.44409,1.44416,1.00,1.07
2016.06.02 06:51:39.295,1.44409,1.44416,1.00,1.87
2016.06.02 06:51:42.274,1.44408,1.44416,1.19,1.27
2016.06.02 06:51:42.810,1.4441,1.44417,1.00,1.57
2016.06.02 06:51:46.436,1.4441,1.44417,1.00,1.55
2016.06.02 06:51:48.120,1.44408,1.44417,1.19,1.17
2016.06.02 06:51:49.563,1.44408,1.44417,1.19,2.77
2016.06.02 06:51:51.774,1.44408,1.44417,1.00,2.40
2016.06.02 06:51:52.959,1.44408,1.44417,1.00,3.00
2016.06.02 06:51:54.847,1.4441,1.44417,1.00,3.37
2016.06.02 06:51:56.104,1.4441,1.44417,1.00,2.77
2016.06.02 06:51:59.419,1.44412,1.44417,1.00,1.65
2016.06.02 06:51:59.595,1.44412,1.44419,1.00,2.02
2016.06.02 06:51:59.646,1.44409,1.44419,1.10,1.95
2016.06.02 06:52:00.088,1.4441,1.44417,1.00,1.87
2016.06.02 06:52:01.445,1.44409,1.44417,1.00,1.45
2016.06.02 06:52:01.952,1.44408,1.44417,1.12,1.45
2016.06.02 06:52:02.257,1.4441,1.44418,1.00,1.57
2016.06.02 06:52:02.826,1.4441,1.44418,1.00,1.87
2016.06.02 06:52:03.510,1.4441,1.44417,1.00,1.20
2016.06.02 06:52:05.653,1.44411,1.44417,1.00,1.20
2016.06.02 06:52:06.361,1.4441,1.44417,1.00,1.20
2016.06.02 06:52:07.890,1.44411,1.44417,1.00,1.20
2016.06.02 06:52:08.802,1.44411,1.44417,1.00,1.20
2016.06.02 06:52:10.569,1.44411,1.44417,1.00,1.27
2016.06.02 06:52:10.721,1.44409,1.44417,1.00,1.65
2016.06.02 06:52:10.874,1.44409,1.44417,1.00,1.20
2016.06.02 06:52:11.419,1.4441,1.44417,1.00,1.20
2016.06.02 06:52:11.938,1.44409,1.44417,1.00,1.57
2016.06.02 06:52:13.442,1.4441,1.44417,1.00,1.57
2016.06.02 06:52:13.544,1.4441,1.44417,1.00,1.20
2016.06.02 06:52:14.123,1.44411,1.44417,1.00,1.57
2016.06.02 06:52:14.635,1.44411,1.44418,1.00,2.62
2016.06.02 06:52:14.940,1.44409,1.44418,1.12,1.20
2016.06.02 06:52:16.494,1.44408,1.44416,2.06,1.00
2016.06.02 06:52:16.849,1.44408,1.44416,2.44,1.00
2016.06.02 06:52:18.590,1.44408,1.44417,3.19,1.10
2016.06.02 06:52:22.216,1.44408,1.44418,2.81,1.20
2016.06.02 06:52:22.776,1.44408,1.44416,1.50,1.10
2016.06.02 06:52:22.976,1.44404,1.44411,1.10,3.94
2016.06.02 06:52:23.284,1.44399,1.44406,1.19,1.50
2016.06.02 06:52:23.849,1.44401,1.44405,2.77,1.00
2016.06.02 06:52:23.903,1.44408,1.4441,1.00,4.12
2016.06.02 06:52:23.954,1.44408,1.44412,1.10,3.37
2016.06.02 06:52:24.006,1.4441,1.44416,1.00,1.87
2016.06.02 06:52:24.498,1.44406,1.44414,1.50,1.00
2016.06.02 06:52:24.600,1.44402,1.44411,1.50,1.10
2016.06.02 06:52:24.651,1.444,1.4441,5.06,1.10
2016.06.02 06:52:24.753,1.444,1.4441,2.44,1.87
2016.06.02 06:52:24.855,1.444,1.4441,1.50,2.25
2016.06.02 06:52:25.862,1.44404,1.4441,1.00,1.45
2016.06.02 06:52:26.084,1.44408,1.44416,1.50,1.75
2016.06.02 06:52:26.186,1.44409,1.44416,1.19,1.15
2016.06.02 06:52:26.695,1.44409,1.44418,1.19,1.50
2016.06.02 06:52:30.263,1.44409,1.44418,1.00,1.87
2016.06.02 06:52:30.571,1.44404,1.44415,1.50,4.57
2016.06.02 06:52:30.623,1.44406,1.44415,1.00,5.32
2016.06.02 06:52:30.775,1.44404,1.44413,1.00,1.10
2016.06.02 06:52:30.877,1.44404,1.44413,1.00,1.20
2016.06.02 06:52:31.405,1.44404,1.44413,1.00,1.17
2016.06.02 06:52:32.490,1.44405,1.44414,1.00,1.95
2016.06.02 06:52:32.969,1.44405,1.44417,1.00,3.45
2016.06.02 06:52:35.075,1.44404,1.44415,1.00,1.07
2016.06.02 06:52:35.177,1.44402,1.44413,3.00,1.10
2016.06.02 06:52:35.229,1.44402,1.4441,1.00,1.00
2016.06.02 06:52:35.525,1.44398,1.44409,1.50,1.87
2016.06.02 06:52:36.033,1.44397,1.44409,2.62,2.25
2016.06.02 06:52:36.572,1.44397,1.44409,1.87,2.32
2016.06.02 06:52:38.471,1.44397,1.44408,1.37,1.10
2016.06.02 06:52:38.624,1.44397,1.44408,1.37,1.85
2016.06.02 06:52:38.925,1.44389,1.44397,2.06,1.55
2016.06.02 06:52:39.179,1.44384,1.44396,1.87,1.95
2016.06.02 06:52:39.728,1.44384,1.44396,1.00,2.62
2016.06.02 06:52:39.880,1.44386,1.44395,1.00,1.27
2016.06.02 06:52:40.388,1.44384,1.44395,1.12,1.20
2016.06.02 06:52:40.901,1.44384,1.44394,1.00,1.00
2016.06.02 06:52:41.510,1.44384,1.44394,1.10,4.12
2016.06.02 06:52:42.021,1.44383,1.44394,1.95,4.50
2016.06.02 06:52:42.528,1.44383,1.44394,1.12,4.65
2016.06.02 06:52:42.732,1.44381,1.44393,1.50,4.87
2016.06.02 06:52:42.834,1.44381,1.44393,1.57,4.87
2016.06.02 06:52:43.381,1.44381,1.44393,1.87,4.95
2016.06.02 06:52:44.457,1.44381,1.44391,1.50,1.12
2016.06.02 06:52:44.508,1.44381,1.44391,1.87,1.50
2016.06.02 06:52:44.935,1.44383,1.44391,1.37,1.00
2016.06.02 06:52:45.088,1.44383,1.44393,1.95,1.12
2016.06.02 06:52:45.596,1.44382,1.44394,2.25,1.50
2016.06.02 06:52:45.749,1.44383,1.44388,1.50,1.00
2016.06.02 06:52:45.850,1.44378,1.44388,3.00,1.00
2016.06.02 06:52:46.177,1.44381,1.44391,1.00,1.95
2016.06.02 06:52:46.231,1.44381,1.44391,1.87,1.00
2016.06.02 06:52:46.741,1.44381,1.44391,1.75,1.00
2016.06.02 06:52:47.249,1.44384,1.44395,1.37,1.12
2016.06.02 06:52:47.768,1.44386,1.44396,1.00,2.70
2016.06.02 06:52:48.276,1.44384,1.44395,1.57,1.50
2016.06.02 06:52:48.821,1.44384,1.44392,1.10,1.00
2016.06.02 06:52:49.470,1.44385,1.44396,1.00,4.57
2016.06.02 06:52:49.977,1.44386,1.44396,1.00,4.57
2016.06.02 06:52:50.501,1.44385,1.44396,1.00,4.20
2016.06.02 06:52:51.008,1.44385,1.44396,1.12,1.57
2016.06.02 06:52:53.225,1.44387,1.44396,1.00,1.00
2016.06.02 06:52:53.328,1.44392,1.44396,1.00,1.10
2016.06.02 06:52:53.380,1.44389,1.44396,1.00,1.20
2016.06.02 06:52:53.907,1.44388,1.44396,1.00,1.10
2016.06.02 06:52:55.762,1.44389,1.44397,1.00,1.55
2016.06.02 06:52:57.221,1.44389,1.44399,1.00,4.65
2016.06.02 06:52:57.730,1.44388,1.44398,1.12,1.57
2016.06.02 06:52:58.936,1.44389,1.44397,1.00,1.00
2016.06.02 06:53:00.866,1.44389,1.44399,1.00,1.15
2016.06.02 06:53:03.289,1.44388,1.444,1.12,2.62
2016.06.02 06:53:06.909,1.4439,1.44399,1.00,2.02
2016.06.02 06:53:07.888,1.44388,1.44399,1.00,2.02
2016.06.02 06:53:08.040,1.44386,1.44394,1.69,1.00
2016.06.02 06:53:08.142,1.44384,1.44393,3.37,1.00
2016.06.02 06:53:08.194,1.44384,1.44395,2.25,1.31
2016.06.02 06:53:08.753,1.44387,1.44397,1.00,5.77
2016.06.02 06:53:09.265,1.44386,1.44396,1.00,1.20
2016.06.02 06:53:09.828,1.44386,1.44396,1.00,1.57
2016.06.02 06:53:10.374,1.44386,1.44396,1.00,1.27
2016.06.02 06:53:11.618,1.44387,1.44397,1.00,1.57
2016.06.02 06:53:11.923,1.44396,1.44401,1.12,1.12
2016.06.02 06:53:12.178,1.44395,1.44406,1.00,5.25
2016.06.02 06:53:12.280,1.44395,1.44406,1.12,3.90
2016.06.02 06:53:14.121,1.44395,1.44405,1.12,1.07
2016.06.02 06:53:14.556,1.44395,1.44405,1.00,4.57
2016.06.02 06:53:15.328,1.44395,1.44406,1.00,2.62
2016.06.02 06:53:15.380,1.44397,1.44406,1.00,2.32
2016.06.02 06:53:15.482,1.44395,1.44406,1.00,1.47
2016.06.02 06:53:16.022,1.44396,1.44406,1.00,1.47
2016.06.02 06:53:17.158,1.44397,1.44406,1.00,1.95
2016.06.02 06:53:19.345,1.44394,1.44406,2.25,1.87
2016.06.02 06:53:19.860,1.44394,1.44406,1.00,2.40
2016.06.02 06:53:19.912,1.44397,1.44407,1.00,9.75
2016.06.02 06:53:20.421,1.44396,1.44406,1.20,1.57
2016.06.02 06:53:21.271,1.44395,1.44406,1.20,1.57
2016.06.02 06:53:21.424,1.44394,1.44405,1.12,3.37
2016.06.02 06:53:21.925,1.44394,1.44405,1.12,3.82
2016.06.02 06:53:22.454,1.44392,1.444,3.45,1.00
2016.06.02 06:53:22.505,1.4439,1.444,1.12,1.00
2016.06.02 06:53:22.557,1.44389,1.444,4.57,1.37
2016.06.02 06:53:22.608,1.44389,1.444,1.12,1.55
2016.06.02 06:53:22.912,1.44389,1.444,1.12,2.70
2016.06.02 06:53:23.708,1.44389,1.44398,1.12,1.20
2016.06.02 06:53:24.520,1.44387,1.44397,4.87,1.00
2016.06.02 06:53:25.715,1.44387,1.44397,1.87,1.00
2016.06.02 06:53:26.074,1.44386,1.44394,1.37,1.00
2016.06.02 06:53:26.125,1.44385,1.44394,1.65,1.00
2016.06.02 06:53:26.228,1.44384,1.44389,2.32,1.00
2016.06.02 06:53:26.738,1.44386,1.44392,1.12,1.57
2016.06.02 06:53:26.789,1.44386,1.44394,1.12,1.57
2016.06.02 06:53:26.891,1.44388,1.44394,1.00,1.00
2016.06.02 06:53:27.427,1.44388,1.44394,1.87,1.00
2016.06.02 06:53:27.579,1.44388,1.44397,1.87,1.00
2016.06.02 06:53:28.622,1.44387,1.44397,1.57,1.00
2016.06.02 06:53:28.674,1.44386,1.44397,1.20,1.00
2016.06.02 06:53:28.928,1.44384,1.44397,1.95,2.20
2016.06.02 06:53:29.436,1.44384,1.44397,2.32,1.00
2016.06.02 06:53:29.487,1.44384,1.44397,2.32,2.20
2016.06.02 06:53:29.699,1.44382,1.44396,2.40,5.62
2016.06.02 06:53:30.676,1.44387,1.44392,1.00,1.00
2016.06.02 06:53:30.779,1.4439,1.44399,3.75,1.00
2016.06.02 06:53:30.883,1.44392,1.44402,1.87,1.57
2016.06.02 06:53:31.193,1.44393,1.44402,2.25,1.00
2016.06.02 06:53:31.748,1.44393,1.44403,1.12,1.00
2016.06.02 06:53:32.054,1.44393,1.44399,1.57,1.00
2016.06.02 06:53:32.359,1.44389,1.44396,1.20,1.00
2016.06.02 06:53:32.854,1.44385,1.44394,1.47,1.00
2016.06.02 06:53:32.905,1.44385,1.44394,1.10,1.00
2016.06.02 06:53:33.311,1.44386,1.44398,2.62,1.65
2016.06.02 06:53:33.362,1.44389,1.44397,1.00,1.00
2016.06.02 06:53:33.566,1.44389,1.44399,1.27,1.00
2016.06.02 06:53:34.090,1.44389,1.44398,1.27,1.00
2016.06.02 06:53:35.204,1.44389,1.444,5.02,1.12
2016.06.02 06:53:35.741,1.44391,1.44399,1.10,1.00
2016.06.02 06:53:36.258,1.4439,1.44399,1.87,1.00
2016.06.02 06:53:42.316,1.44391,1.44401,1.07,1.00
2016.06.02 06:53:42.825,1.44391,1.44402,1.10,1.12
2016.06.02 06:53:43.363,1.44392,1.44402,1.00,1.12
2016.06.02 06:53:43.749,1.44393,1.44404,1.87,1.95
2016.06.02 06:53:43.800,1.44394,1.44404,1.00,1.20
2016.06.02 06:53:43.851,1.44396,1.44405,1.00,1.50
2016.06.02 06:53:44.359,1.44396,1.44407,1.12,1.85
2016.06.02 06:53:45.124,1.44396,1.44406,1.12,1.00
2016.06.02 06:53:50.651,1.44396,1.44406,1.12,3.07
2016.06.02 06:53:51.312,1.44394,1.44404,3.82,1.00
2016.06.02 06:53:51.414,1.44392,1.44403,1.65,1.12
2016.06.02 06:53:51.668,1.44395,1.44404,1.00,1.57
2016.06.02 06:53:51.946,1.44395,1.44405,1.00,1.12
2016.06.02 06:53:52.253,1.44397,1.44406,1.00,4.12
2016.06.02 06:53:52.761,1.44396,1.44406,1.57,1.87
2016.06.02 06:54:00.438,1.44396,1.44406,1.12,1.47
2016.06.02 06:54:00.894,1.44396,1.44406,1.12,1.00
2016.06.02 06:54:01.759,1.44395,1.44406,1.50,1.50
2016.06.02 06:54:02.360,1.44395,1.44406,1.20,1.87
2016.06.02 06:54:02.412,1.44397,1.44406,1.00,2.62
2016.06.02 06:54:02.919,1.44395,1.44406,1.27,1.50
2016.06.02 06:54:04.042,1.44395,1.44406,1.65,1.00
2016.06.02 06:54:04.550,1.44395,1.44406,1.27,1.00
2016.06.02 06:54:05.398,1.44395,1.44406,1.57,1.87
2016.06.02 06:54:05.906,1.44396,1.44406,1.00,1.12
2016.06.02 06:54:09.350,1.44396,1.44407,1.00,3.00
2016.06.02 06:54:10.086,1.44395,1.44405,1.87,1.12
2016.06.02 06:54:10.391,1.44395,1.44405,1.87,1.87
2016.06.02 06:54:10.747,1.44397,1.44405,1.00,1.87
2016.06.02 06:54:10.798,1.44397,1.44405,1.00,1.27
2016.06.02 06:54:11.323,1.44397,1.44406,1.00,1.20
2016.06.02 06:54:13.796,1.44397,1.44406,1.00,1.87
2016.06.02 06:54:14.842,1.44396,1.44406,1.00,1.12
2016.06.02 06:54:15.942,1.44396,1.44406,1.50,1.50
2016.06.02 06:54:16.449,1.44396,1.44406,1.50,1.12
2016.06.02 06:54:22.664,1.44396,1.44406,2.62,1.00
2016.06.02 06:54:24.445,1.44398,1.44406,1.20,1.00
2016.06.02 06:54:24.960,1.44397,1.44406,1.00,1.00
2016.06.02 06:54:25.771,1.44398,1.44406,1.00,1.12
2016.06.02 06:54:25.974,1.44396,1.44406,1.57,1.12
2016.06.02 06:54:27.875,1.44396,1.44405,2.32,1.00
2016.06.02 06:54:28.382,1.44396,1.44406,1.57,1.87
2016.06.02 06:54:28.922,1.44396,1.44405,1.57,1.00
2016.06.02 06:54:29.433,1.44396,1.44406,1.57,2.62
2016.06.02 06:54:30.356,1.44396,1.44405,1.50,1.00
2016.06.02 06:54:30.712,1.44394,1.44404,1.20,1.20
2016.06.02 06:54:32.706,1.44394,1.44405,1.20,2.32
2016.06.02 06:54:33.162,1.44392,1.44398,4.20,1.00
2016.06.02 06:54:33.265,1.44389,1.44397,1.20,1.50
2016.06.02 06:54:33.316,1.44386,1.44394,1.87,1.10
2016.06.02 06:54:33.367,1.44386,1.44394,1.00,1.10
2016.06.02 06:54:33.571,1.44383,1.44393,1.37,1.20
2016.06.02 06:54:34.436,1.44384,1.44395,1.50,1.57
2016.06.02 06:54:34.931,1.44385,1.44395,1.37,1.07
2016.06.02 06:54:35.438,1.44386,1.44395,1.12,1.12
2016.06.02 06:54:35.742,1.44389,1.44398,1.12,2.70
2016.06.02 06:54:35.793,1.4439,1.44398,1.00,1.57
2016.06.02 06:54:35.845,1.44392,1.444,1.07,4.12
2016.06.02 06:54:35.896,1.44392,1.44401,3.82,1.00
2016.06.02 06:54:36.415,1.44395,1.44401,1.00,1.00
2016.06.02 06:54:36.568,1.44395,1.44405,1.00,2.02
2016.06.02 06:54:36.974,1.44395,1.44405,1.12,1.50
2016.06.02 06:54:37.380,1.44395,1.44404,2.32,1.00
2016.06.02 06:54:40.244,1.44395,1.44404,2.02,1.00
2016.06.02 06:54:40.926,1.44395,1.44402,1.00,1.00
2016.06.02 06:54:41.435,1.44396,1.44403,1.00,1.37
2016.06.02 06:54:41.487,1.44394,1.44404,1.65,1.50
2016.06.02 06:54:41.690,1.44394,1.44404,2.02,1.50
2016.06.02 06:54:48.094,1.44394,1.44404,2.77,1.00
2016.06.02 06:54:51.347,1.44396,1.44405,1.50,1.37
2016.06.02 06:54:51.855,1.44396,1.44405,1.65,1.00
2016.06.02 06:54:53.463,1.44396,1.44405,3.45,1.00
2016.06.02 06:54:55.119,1.44396,1.44406,3.45,1.50
2016.06.02 06:55:00.026,1.44398,1.44408,1.57,1.47
2016.06.02 06:55:02.413,1.44399,1.44408,1.12,1.47
2016.06.02 06:55:03.428,1.444,1.44408,1.00,1.47
2016.06.02 06:55:03.936,1.44397,1.44408,5.02,1.47
2016.06.02 06:55:05.141,1.44397,1.44405,4.27,1.00
2016.06.02 06:55:05.243,1.44395,1.44405,2.02,1.37
2016.06.02 06:55:09.242,1.44396,1.44405,1.00,1.37
2016.06.02 06:55:09.750,1.44395,1.44405,1.12,1.47
2016.06.02 06:55:09.953,1.44393,1.44404,1.57,1.47
2016.06.02 06:55:10.520,1.44394,1.44403,1.00,3.07
2016.06.02 06:55:11.028,1.44395,1.44403,1.00,1.57
2016.06.02 06:55:11.536,1.44394,1.44405,1.00,3.07
2016.06.02 06:55:12.143,1.44394,1.44405,1.00,2.32
2016.06.02 06:55:15.830,1.44395,1.44405,1.00,2.32
2016.06.02 06:55:16.173,1.44396,1.44406,1.50,1.57
2016.06.02 06:55:16.682,1.44396,1.44406,5.32,1.37
2016.06.02 06:55:18.080,1.44396,1.44406,4.95,1.87
2016.06.02 06:55:18.590,1.44396,1.44406,1.50,1.87
2016.06.02 06:55:18.895,1.44394,1.44406,3.00,1.95
2016.06.02 06:55:19.397,1.44395,1.44406,1.07,1.57
2016.06.02 06:55:20.536,1.44395,1.44406,1.95,1.20
2016.06.02 06:55:22.538,1.44396,1.44406,1.20,1.20
2016.06.02 06:55:23.587,1.44395,1.44407,3.15,1.50
2016.06.02 06:55:24.306,1.44395,1.44406,3.15,1.00
2016.06.02 06:55:24.814,1.44395,1.44405,1.50,1.00
2016.06.02 06:55:25.328,1.44393,1.44404,2.40,1.12
2016.06.02 06:55:25.837,1.44394,1.44404,1.00,1.12
2016.06.02 06:55:26.395,1.44393,1.44404,2.40,1.12
2016.06.02 06:55:26.929,1.44394,1.44404,1.50,1.50
2016.06.02 06:55:27.647,1.44394,1.44404,1.00,1.50
2016.06.02 06:55:29.654,1.44394,1.44404,1.50,1.12
2016.06.02 06:55:31.945,1.44394,1.44405,1.00,3.15
2016.06.02 06:55:32.554,1.44394,1.44405,1.12,2.77
2016.06.02 06:55:35.173,1.44394,1.44405,1.00,3.15
2016.06.02 06:55:36.464,1.44394,1.44405,1.12,2.77
2016.06.02 06:55:37.058,1.44394,1.44405,1.12,2.77
2016.06.02 06:55:38.072,1.44394,1.44405,1.20,1.12
2016.06.02 06:55:39.448,1.44394,1.44405,1.95,1.12
2016.06.02 06:55:42.969,1.44395,1.44404,1.12,1.00
2016.06.02 06:55:43.512,1.44395,1.44405,1.95,1.87
2016.06.02 06:55:44.363,1.44396,1.44406,1.20,1.50
2016.06.02 06:55:45.627,1.44397,1.44406,1.50,1.12
2016.06.02 06:55:46.184,1.44396,1.44406,1.57,1.50
2016.06.02 06:55:46.691,1.44396,1.44406,1.00,1.95
2016.06.02 06:55:46.924,1.44394,1.44405,3.00,1.47
2016.06.02 06:55:47.838,1.44394,1.44405,2.62,1.10
2016.06.02 06:55:47.991,1.44396,1.44406,1.00,2.70
2016.06.02 06:55:48.258,1.44397,1.44407,1.12,1.20
2016.06.02 06:55:49.442,1.44398,1.44407,1.00,1.10
2016.06.02 06:55:50.880,1.44397,1.44407,1.12,1.12
2016.06.02 06:55:51.426,1.44396,1.44407,1.87,1.57
2016.06.02 06:55:51.833,1.44396,1.44403,1.50,1.12
2016.06.02 06:55:52.138,1.44389,1.44399,1.87,1.12
2016.06.02 06:55:52.189,1.44389,1.44399,1.20,1.12
2016.06.02 06:55:52.392,1.44389,1.44398,1.20,1.00
2016.06.02 06:55:52.923,1.44389,1.44397,1.00,1.00
2016.06.02 06:55:53.436,1.44388,1.44397,1.75,1.00
2016.06.02 06:55:54.147,1.44389,1.44397,1.00,1.00
2016.06.02 06:55:54.674,1.44387,1.44396,4.87,1.00
2016.06.02 06:55:54.725,1.44388,1.44394,1.37,1.00
2016.06.02 06:55:54.776,1.44385,1.44394,2.25,1.50
2016.06.02 06:55:59.129,1.44384,1.44391,1.87,1.00
2016.06.02 06:55:59.181,1.44383,1.44391,1.00,1.00
2016.06.02 06:55:59.688,1.44382,1.44392,2.25,2.62
2016.06.02 06:55:59.993,1.44382,1.44392,1.50,2.62
2016.06.02 06:56:00.452,1.44381,1.44391,3.37,1.50
2016.06.02 06:56:00.989,1.44381,1.4439,2.25,1.00
2016.06.02 06:56:01.192,1.44381,1.44392,3.75,2.25
2016.06.02 06:56:01.243,1.44381,1.44392,3.00,1.87
2016.06.02 06:56:01.700,1.44385,1.44394,1.37,4.12
2016.06.02 06:56:02.215,1.44385,1.44394,1.87,2.25
2016.06.02 06:56:02.520,1.44386,1.44395,2.25,3.07
2016.06.02 06:56:03.027,1.44387,1.44395,1.00,4.87
2016.06.02 06:56:03.262,1.44384,1.44393,1.00,1.87
2016.06.02 06:56:03.772,1.44385,1.44395,1.00,4.57
2016.06.02 06:56:04.179,1.44385,1.44392,1.00,1.87
2016.06.02 06:56:07.204,1.44383,1.44392,1.50,1.87
2016.06.02 06:56:08.970,1.44382,1.44391,1.50,5.62
2016.06.02 06:56:09.021,1.4438,1.44388,1.10,1.12
2016.06.02 06:56:10.947,1.4438,1.44389,2.25,2.62
2016.06.02 06:56:11.454,1.44384,1.4439,1.00,1.10
2016.06.02 06:56:11.607,1.44385,1.44392,1.12,1.87
2016.06.02 06:56:12.182,1.44382,1.44392,2.25,2.70
2016.06.02 06:56:12.335,1.44382,1.4439,1.00,1.00
2016.06.02 06:56:12.854,1.44381,1.4439,1.50,1.00
2016.06.02 06:56:13.403,1.44381,1.44391,1.00,1.87
2016.06.02 06:56:14.310,1.4438,1.44389,1.50,1.00
2016.06.02 06:56:14.361,1.44379,1.44391,4.50,1.87
2016.06.02 06:56:14.868,1.44381,1.44391,1.00,1.87
2016.06.02 06:56:15.763,1.44381,1.44391,1.00,1.50
2016.06.02 06:56:15.915,1.4438,1.44391,1.50,1.50
2016.06.02 06:56:16.877,1.4438,1.4439,1.75,1.00
2016.06.02 06:56:17.415,1.4438,1.44389,1.75,1.50
2016.06.02 06:56:17.921,1.44379,1.44388,2.25,1.00
2016.06.02 06:56:18.124,1.44379,1.44388,2.25,1.50
2016.06.02 06:56:18.530,1.4438,1.44388,3.37,1.50
2016.06.02 06:56:18.708,1.44378,1.44388,1.50,1.50
2016.06.02 06:56:19.323,1.44378,1.44387,1.50,1.00
2016.06.02 06:56:20.471,1.44378,1.44387,2.70,1.00
2016.06.02 06:56:20.646,1.44378,1.44388,1.95,1.50
2016.06.02 06:56:21.153,1.44377,1.44387,1.57,1.00
2016.06.02 06:56:22.980,1.44376,1.44387,4.95,1.95
2016.06.02 06:56:23.233,1.44376,1.44385,1.00,1.00
2016.06.02 06:56:23.285,1.44376,1.44379,1.00,1.00
2016.06.02 06:56:23.386,1.4437,1.44378,6.00,1.50
2016.06.02 06:56:23.438,1.44369,1.44373,1.75,1.00
2016.06.02 06:56:23.489,1.44367,1.44374,4.12,1.00
2016.06.02 06:56:23.662,1.44364,1.44366,2.44,1.50
2016.06.02 06:56:23.714,1.44359,1.44364,1.00,1.00
2016.06.02 06:56:23.867,1.44354,1.44362,1.37,1.00
2016.06.02 06:56:23.919,1.44352,1.44357,2.02,1.50
2016.06.02 06:56:24.021,1.44349,1.44357,3.37,1.12
2016.06.02 06:56:24.531,1.44349,1.44359,1.95,1.87
2016.06.02 06:56:25.080,1.44348,1.44358,2.02,1.00
2016.06.02 06:56:26.927,1.44348,1.44357,2.25,1.00
2016.06.02 06:56:27.080,1.44348,1.44359,1.87,2.62
2016.06.02 06:56:27.131,1.4435,1.44359,1.50,2.25
2016.06.02 06:56:27.233,1.44352,1.44362,1.50,1.95
2016.06.02 06:56:27.285,1.44355,1.44362,1.00,1.39
2016.06.02 06:56:28.363,1.44352,1.44355,1.57,1.31
2016.06.02 06:56:28.516,1.4435,1.44357,3.82,5.25
2016.06.02 06:56:28.567,1.4435,1.44357,3.45,1.12
2016.06.02 06:56:28.618,1.4435,1.44359,3.75,1.57
2016.06.02 06:56:29.774,1.44352,1.44362,1.12,1.45
2016.06.02 06:56:30.129,1.44354,1.44363,1.00,4.20
2016.06.02 06:56:30.180,1.44352,1.44363,1.12,4.20
2016.06.02 06:56:30.333,1.44355,1.44363,1.00,4.87
2016.06.02 06:56:30.587,1.44353,1.44363,1.12,4.87
2016.06.02 06:56:31.483,1.44353,1.44362,1.37,1.57
2016.06.02 06:56:32.886,1.44355,1.44363,1.00,5.62
2016.06.02 06:56:33.394,1.44352,1.44363,3.56,1.12
2016.06.02 06:56:33.648,1.44354,1.44364,1.87,1.10
2016.06.02 06:56:34.154,1.44354,1.44364,1.75,1.50
2016.06.02 06:56:39.469,1.44354,1.44365,1.85,4.87
2016.06.02 06:56:39.623,1.44359,1.44365,1.00,1.87
2016.06.02 06:56:39.776,1.44362,1.44371,1.50,3.26
2016.06.02 06:56:40.161,1.44362,1.44371,1.57,1.50
2016.06.02 06:56:41.126,1.44362,1.44371,1.87,1.50
2016.06.02 06:56:41.548,1.44364,1.44373,1.65,1.19
2016.06.02 06:56:41.716,1.44363,1.44374,1.52,1.12
2016.06.02 06:56:42.021,1.44364,1.44374,1.12,1.00
2016.06.02 06:56:45.444,1.44365,1.4437,1.07,1.87
2016.06.02 06:56:45.648,1.44362,1.44371,1.07,1.00
2016.06.02 06:56:45.699,1.44361,1.44371,2.40,1.00
2016.06.02 06:56:45.888,1.44361,1.44368,1.10,1.12
2016.06.02 06:56:46.042,1.44358,1.44367,1.10,1.12
2016.06.02 06:56:46.549,1.44359,1.44367,1.00,1.12
2016.06.02 06:56:47.074,1.44357,1.44367,2.77,1.12
2016.06.02 06:56:47.744,1.44357,1.44367,2.77,1.12
2016.06.02 06:56:48.605,1.44358,1.44369,1.95,1.50
2016.06.02 06:56:49.140,1.44359,1.44369,1.37,1.50
2016.06.02 06:56:49.344,1.4436,1.4437,1.62,1.95
2016.06.02 06:56:49.549,1.44364,1.44373,1.17,1.50
2016.06.02 06:56:50.058,1.44366,1.44374,1.00,1.00
2016.06.02 06:56:50.756,1.44366,1.44375,1.00,1.12
2016.06.02 06:56:51.164,1.44366,1.44377,1.95,5.25
2016.06.02 06:56:52.041,1.44366,1.44377,1.95,4.50
2016.06.02 06:56:52.348,1.44382,1.44389,1.37,1.12
2016.06.02 06:56:52.399,1.44382,1.44391,1.37,3.52
2016.06.02 06:56:52.623,1.44385,1.44393,1.00,1.00
2016.06.02 06:56:52.675,1.44385,1.44391,1.00,1.25
2016.06.02 06:56:52.898,1.44384,1.44393,1.00,1.12
2016.06.02 06:56:53.406,1.44382,1.44393,1.47,1.12
2016.06.02 06:56:53.559,1.44382,1.4439,1.57,1.00
2016.06.02 06:56:54.068,1.44385,1.44392,1.00,1.50
2016.06.02 06:56:54.575,1.44385,1.44394,1.00,2.25
2016.06.02 06:56:54.973,1.44384,1.44394,2.70,1.00
2016.06.02 06:56:55.431,1.44383,1.44392,1.57,1.00
2016.06.02 06:56:55.738,1.44379,1.44388,1.20,1.00
2016.06.02 06:56:56.084,1.44378,1.44387,1.37,1.50
2016.06.02 06:56:56.136,1.44378,1.44387,1.15,1.00
2016.06.02 06:56:57.517,1.44378,1.44386,1.27,1.00
2016.06.02 06:56:57.976,1.44377,1.44388,1.27,1.87
2016.06.02 06:56:58.180,1.44377,1.44386,1.27,1.00
2016.06.02 06:56:58.704,1.44377,1.44385,1.07,1.12
2016.06.02 06:56:59.364,1.44376,1.44385,1.82,1.12
2016.06.02 06:56:59.792,1.44376,1.44385,1.47,1.12
2016.06.02 06:57:05.197,1.44376,1.44385,2.02,1.00
2016.06.02 06:57:06.791,1.44376,1.44385,2.02,1.00
2016.06.02 06:57:07.298,1.44376,1.44385,1.12,1.00
2016.06.02 06:57:08.101,1.44377,1.44385,1.00,1.00
2016.06.02 06:57:09.163,1.44377,1.44384,1.00,1.00
2016.06.02 06:57:09.671,1.44377,1.44385,1.00,1.00
2016.06.02 06:57:10.984,1.44376,1.44385,1.00,1.00
2016.06.02 06:57:11.491,1.44375,1.44385,2.32,1.00
2016.06.02 06:57:11.680,1.44374,1.44383,2.25,1.00
2016.06.02 06:57:12.012,1.4437,1.44382,1.12,5.32
2016.06.02 06:57:12.115,1.44373,1.44382,1.12,1.12
2016.06.02 06:57:12.217,1.44373,1.44383,1.87,1.20
2016.06.02 06:57:12.269,1.44374,1.44384,1.00,1.20
2016.06.02 06:57:12.813,1.44374,1.44383,1.00,1.87
2016.06.02 06:57:12.966,1.44372,1.44383,1.50,2.62
2016.06.02 06:57:13.475,1.44372,1.44383,1.37,2.62
2016.06.02 06:57:15.445,1.44372,1.44383,1.00,3.00
2016.06.02 06:57:15.966,1.44372,1.44383,1.00,2.70
2016.06.02 06:57:16.728,1.44372,1.44383,1.37,2.32
2016.06.02 06:57:17.410,1.44371,1.44383,1.87,5.32
2016.06.02 06:57:17.866,1.44375,1.44383,1.00,4.95
2016.06.02 06:57:18.019,1.44376,1.44385,1.20,1.12
2016.06.02 06:57:18.579,1.44374,1.44385,2.25,2.62
2016.06.02 06:57:18.682,1.44371,1.44382,1.95,1.00
2016.06.02 06:57:18.836,1.44371,1.44381,1.47,1.20
2016.06.02 06:57:18.939,1.44366,1.44376,1.00,1.01
2016.06.02 06:57:19.295,1.44365,1.44376,1.12,2.06
2016.06.02 06:57:24.050,1.44365,1.44376,1.00,3.00
2016.06.02 06:57:25.304,1.44365,1.44376,2.25,1.87
2016.06.02 06:57:27.007,1.44366,1.44375,1.87,1.50
2016.06.02 06:57:29.935,1.44367,1.44376,1.00,1.12
2016.06.02 06:57:31.784,1.44368,1.44376,1.00,1.12
2016.06.02 06:57:32.311,1.44367,1.44376,2.25,1.12
2016.06.02 06:57:35.710,1.44367,1.44377,1.50,1.82
2016.06.02 06:57:39.221,1.44367,1.44376,1.00,1.07
2016.06.02 06:57:39.475,1.44369,1.44377,1.00,1.50
2016.06.02 06:57:39.982,1.44368,1.44377,1.12,1.50
2016.06.02 06:57:40.397,1.44372,1.44377,1.37,1.50
2016.06.02 06:57:40.709,1.44378,1.44383,1.00,1.29
2016.06.02 06:57:40.811,1.44376,1.44383,1.87,1.29
2016.06.02 06:57:40.863,1.44376,1.44386,1.87,1.76
2016.06.02 06:57:41.371,1.44376,1.44386,1.12,1.45
2016.06.02 06:57:45.950,1.44376,1.44386,1.00,2.62
2016.06.02 06:57:46.463,1.44375,1.44385,1.50,1.12
2016.06.02 06:57:50.927,1.44376,1.44385,1.00,1.87
2016.06.02 06:57:52.805,1.44374,1.44385,1.87,1.87
2016.06.02 06:57:53.262,1.4437,1.44382,2.62,1.65
2016.06.02 06:57:53.314,1.4437,1.44379,1.50,1.00
2016.06.02 06:57:53.619,1.44369,1.44379,1.00,3.00
2016.06.02 06:57:54.076,1.44369,1.44379,1.00,3.00
2016.06.02 06:57:55.344,1.44368,1.44378,1.00,1.12
2016.06.02 06:57:55.893,1.44368,1.44378,1.00,1.12
2016.06.02 06:57:56.407,1.44368,1.44378,1.00,1.12
2016.06.02 06:57:59.153,1.44368,1.44378,1.00,1.12
2016.06.02 06:58:00.220,1.44368,1.44377,1.00,1.82
2016.06.02 06:58:04.123,1.44369,1.44378,1.00,1.50
2016.06.02 06:58:04.438,1.44375,1.4438,1.00,1.50
2016.06.02 06:58:04.540,1.44375,1.44381,1.00,1.75
2016.06.02 06:58:04.693,1.44375,1.44382,1.00,1.20
2016.06.02 06:58:05.201,1.44375,1.44384,1.00,1.87
2016.06.02 06:58:05.322,1.44377,1.44384,1.00,1.87
2016.06.02 06:58:05.844,1.44376,1.44384,1.00,1.87
2016.06.02 06:58:07.040,1.44375,1.44384,1.00,1.87
2016.06.02 06:58:07.345,1.44377,1.44384,1.00,1.87
2016.06.02 06:58:07.680,1.44375,1.44384,1.00,1.87
2016.06.02 06:58:08.623,1.44374,1.44383,1.00,1.20
2016.06.02 06:58:08.675,1.44372,1.44383,1.50,1.20
2016.06.02 06:58:08.828,1.44373,1.44384,1.37,3.00
2016.06.02 06:58:09.337,1.44373,1.44384,1.00,3.00
2016.06.02 06:58:10.996,1.44373,1.44384,1.00,2.62
2016.06.02 06:58:11.540,1.44373,1.44384,1.37,1.87
2016.06.02 06:58:12.301,1.44375,1.44385,1.00,2.62
2016.06.02 06:58:12.545,1.44376,1.44385,1.87,1.20
2016.06.02 06:58:15.789,1.44379,1.44387,1.00,2.25
2016.06.02 06:58:16.095,1.44385,1.44392,1.00,1.39
2016.06.02 06:58:16.678,1.44385,1.44395,1.12,3.19
2016.06.02 06:58:16.729,1.44385,1.44395,1.50,2.25
2016.06.02 06:58:18.050,1.44384,1.44395,1.87,1.50
2016.06.02 06:58:18.382,1.44384,1.44395,2.25,1.50
2016.06.02 06:58:18.535,1.44382,1.4439,1.00,1.10
2016.06.02 06:58:18.587,1.4438,1.4439,2.62,1.10
2016.06.02 06:58:19.044,1.4438,1.44389,1.00,1.50
2016.06.02 06:58:19.765,1.44379,1.44389,1.87,1.87
2016.06.02 06:58:20.560,1.4438,1.4439,1.37,1.75
2016.06.02 06:58:20.712,1.4438,1.44391,1.00,3.00
2016.06.02 06:58:20.915,1.44382,1.44391,1.00,1.20
2016.06.02 06:58:21.582,1.44381,1.44392,2.25,1.87
2016.06.02 06:58:22.089,1.44383,1.44392,1.00,1.57
2016.06.02 06:58:22.140,1.44381,1.44392,2.25,1.27
2016.06.02 06:58:22.652,1.44383,1.44393,1.00,4.65
2016.06.02 06:58:24.680,1.44382,1.44392,1.00,1.47
2016.06.02 06:58:24.883,1.44382,1.44392,1.87,1.37
2016.06.02 06:58:25.659,1.44383,1.44394,1.87,4.50
2016.06.02 06:58:25.965,1.44384,1.44393,1.75,1.37
2016.06.02 06:58:26.067,1.44384,1.44392,1.12,1.12
2016.06.02 06:58:26.611,1.44384,1.44394,1.12,1.50
2016.06.02 06:58:27.881,1.44384,1.44392,1.12,1.00
2016.06.02 06:58:29.141,1.44383,1.44392,2.25,1.50
2016.06.02 06:58:29.622,1.44382,1.44393,1.12,4.50
2016.06.02 06:58:30.130,1.44383,1.44392,1.10,1.00
2016.06.02 06:58:30.654,1.44383,1.44392,1.20,1.50
2016.06.02 06:58:31.567,1.44384,1.44393,1.87,1.12
2016.06.02 06:58:32.077,1.44384,1.44394,1.57,1.50
2016.06.02 06:58:32.594,1.44384,1.44392,1.57,1.00
2016.06.02 06:58:33.101,1.44383,1.44393,1.20,1.12
2016.06.02 06:58:33.812,1.44383,1.44392,1.95,1.00
2016.06.02 06:58:35.159,1.44382,1.44392,1.50,1.00
2016.06.02 06:58:35.668,1.44383,1.44393,1.10,1.57
2016.06.02 06:58:35.922,1.44385,1.44393,1.00,1.10
2016.06.02 06:58:36.432,1.44385,1.44395,1.00,1.57
2016.06.02 06:58:36.790,1.44385,1.44393,1.00,3.75
2016.06.02 06:58:36.916,1.44383,1.44393,1.00,3.75
2016.06.02 06:58:37.237,1.44385,1.44393,1.00,3.75
2016.06.02 06:58:43.655,1.44385,1.44393,1.00,1.17
2016.06.02 06:58:43.959,1.44387,1.44394,1.00,1.20
2016.06.02 06:58:44.162,1.44387,1.44396,1.00,4.20
2016.06.02 06:58:45.081,1.44386,1.44396,1.00,4.12
2016.06.02 06:58:45.335,1.44385,1.44394,1.00,1.12
2016.06.02 06:58:45.963,1.44386,1.44396,1.00,1.20
2016.06.02 06:58:46.474,1.44386,1.44397,1.50,4.95
2016.06.02 06:58:47.084,1.44387,1.44396,1.00,1.47
2016.06.02 06:58:48.679,1.44385,1.44396,1.00,3.15
2016.06.02 06:58:48.905,1.44385,1.44395,1.50,2.32
2016.06.02 06:58:49.211,1.44387,1.44396,1.00,4.12
2016.06.02 06:58:49.721,1.44387,1.44397,1.12,4.50
2016.06.02 06:58:50.295,1.44387,1.44396,1.10,1.37
2016.06.02 06:58:51.056,1.44385,1.44397,3.52,6.07
2016.06.02 06:58:52.192,1.44385,1.44395,1.65,1.50
2016.06.02 06:58:52.699,1.44386,1.44395,1.00,1.57
2016.06.02 06:58:53.192,1.44384,1.44395,1.50,1.20
2016.06.02 06:58:53.723,1.44385,1.44395,1.00,1.20
2016.06.02 06:58:54.230,1.44384,1.44395,1.00,1.20
2016.06.02 06:58:55.132,1.44384,1.44393,1.00,1.12
2016.06.02 06:58:55.640,1.44383,1.44394,1.00,1.95
2016.06.02 06:58:56.249,1.44382,1.44391,1.00,1.00
2016.06.02 06:58:56.699,1.44383,1.44393,1.50,1.10
2016.06.02 06:58:58.292,1.44383,1.44393,1.87,1.00
2016.06.02 06:58:58.799,1.44384,1.44393,1.10,1.37
2016.06.02 06:58:59.154,1.44386,1.44393,1.00,1.37
2016.06.02 06:58:59.404,1.44386,1.44395,1.00,1.37
2016.06.02 06:59:00.221,1.44386,1.44395,1.00,1.00
2016.06.02 06:59:02.367,1.44386,1.44396,1.20,1.12
2016.06.02 06:59:03.431,1.44386,1.44396,1.10,3.75
2016.06.02 06:59:07.736,1.44384,1.44394,1.57,2.25
2016.06.02 06:59:07.788,1.44384,1.44394,1.20,2.25
2016.06.02 06:59:08.298,1.44385,1.44395,1.00,4.95
2016.06.02 06:59:08.806,1.44385,1.44394,1.00,1.10
2016.06.02 06:59:09.429,1.44385,1.44393,1.00,1.00
2016.06.02 06:59:09.885,1.44383,1.4439,1.20,1.00
2016.06.02 06:59:10.038,1.4438,1.4439,1.10,1.87
2016.06.02 06:59:10.545,1.4438,1.4439,1.00,1.50
2016.06.02 06:59:11.065,1.4438,1.4439,1.37,2.25
2016.06.02 06:59:11.825,1.44382,1.44392,1.00,2.32
2016.06.02 06:59:12.029,1.44383,1.44393,1.50,1.10
2016.06.02 06:59:17.975,1.44381,1.44391,1.95,1.00
2016.06.02 06:59:18.261,1.44381,1.4439,1.10,1.00
2016.06.02 06:59:18.363,1.44383,1.4439,1.00,1.00
2016.06.02 06:59:18.566,1.44385,1.44394,1.00,1.20
2016.06.02 06:59:19.075,1.44384,1.44394,1.00,1.20
2016.06.02 06:59:22.166,1.44382,1.44393,1.95,1.00
2016.06.02 06:59:22.217,1.44382,1.44391,1.20,1.00
2016.06.02 06:59:22.614,1.44378,1.44387,1.95,1.00
2016.06.02 06:59:22.921,1.4437,1.44379,5.62,1.00
2016.06.02 06:59:22.972,1.4437,1.4438,1.50,1.50
2016.06.02 06:59:23.480,1.44369,1.44379,1.50,1.00
2016.06.02 06:59:24.024,1.4437,1.4438,1.00,1.12
2016.06.02 06:59:24.329,1.44372,1.44381,1.00,2.32
2016.06.02 06:59:24.869,1.44371,1.44382,1.10,5.32
2016.06.02 06:59:27.130,1.4437,1.44379,1.12,1.00
2016.06.02 06:59:27.383,1.44367,1.44376,1.10,1.00
2016.06.02 06:59:27.485,1.44368,1.44378,1.00,1.95
2016.06.02 06:59:28.017,1.44367,1.44377,1.10,1.00
2016.06.02 06:59:30.527,1.44367,1.44378,1.57,1.20
2016.06.02 06:59:31.043,1.44367,1.44377,1.57,1.00
2016.06.02 06:59:31.666,1.44369,1.44379,1.00,3.15
2016.06.02 06:59:32.012,1.44373,1.44381,1.95,1.12
2016.06.02 06:59:32.520,1.44373,1.44383,1.50,4.57
2016.06.02 06:59:33.944,1.44372,1.44383,1.00,5.25
2016.06.02 06:59:34.802,1.44371,1.44383,2.40,5.25
2016.06.02 06:59:35.563,1.44372,1.44382,1.00,1.57
2016.06.02 06:59:36.120,1.44373,1.44382,1.00,1.65
2016.06.02 06:59:37.559,1.44372,1.44383,1.12,5.25
2016.06.02 06:59:40.324,1.44372,1.44383,2.62,4.12
2016.06.02 06:59:42.453,1.4437,1.44382,3.07,3.07
2016.06.02 06:59:43.002,1.4437,1.44382,2.02,3.75
2016.06.02 06:59:45.260,1.4437,1.44382,2.32,3.45
2016.06.02 06:59:54.714,1.44371,1.44381,1.00,3.82
2016.06.02 06:59:55.225,1.44371,1.44381,1.12,3.82
2016.06.02 06:59:56.479,1.44374,1.44381,1.00,3.82
2016.06.02 06:59:56.768,1.44375,1.44383,1.50,3.75
2016.06.02 06:59:56.820,1.44377,1.44387,1.00,2.62
2016.06.02 06:59:57.074,1.44374,1.44383,4.50,1.50
2016.06.02 06:59:57.176,1.44372,1.44382,4.50,1.00
2016.06.02 06:59:57.278,1.44371,1.44382,1.65,1.20
2016.06.02 06:59:57.481,1.4437,1.4438,1.95,1.00
2016.06.02 06:59:57.825,1.4437,1.44378,1.12,1.00
2016.06.02 06:59:57.978,1.4437,1.4438,1.12,1.65
2016.06.02 06:59:59.987,1.4437,1.44379,1.00,1.00
