2016.01.15 04:00:01.158,1.44045,1.44057,1.95,1.00
2016.01.15 04:00:03.372,1.44045,1.44057,2.25,1.00
2016.01.15 04:00:03.902,1.44045,1.44057,2.25,1.00
2016.01.15 04:00:05.985,1.44046,1.44057,1.00,1.00
2016.01.15 04:00:18.169,1.44047,1.44057,1.00,1.00
2016.01.15 04:00:20.183,1.44047,1.44057,1.00,1.37
2016.01.15 04:00:21.156,1.44047,1.44057,1.00,1.00
2016.01.15 04:00:26.800,1.44046,1.44057,1.00,1.12
2016.01.15 04:00:31.287,1.44046,1.44057,1.00,1.37
2016.01.15 04:00:33.223,1.44046,1.44057,1.00,1.00
2016.01.15 04:00:35.454,1.44046,1.44058,1.12,4.95
2016.01.15 04:00:44.124,1.44043,1.44056,3.82,3.07
2016.01.15 04:00:44.175,1.44042,1.44055,1.50,1.10
2016.01.15 04:00:44.277,1.44042,1.44054,1.12,3.75
2016.01.15 04:00:53.875,1.44042,1.44047,1.12,1.00
2016.01.15 04:00:53.927,1.4404,1.44051,1.45,1.12
2016.01.15 04:00:53.978,1.44038,1.44047,1.95,1.00
2016.01.15 04:00:54.487,1.44039,1.4405,1.00,3.75
2016.01.15 04:00:55.513,1.44039,1.4405,1.00,1.00
2016.01.15 04:00:57.114,1.44039,1.4405,1.00,1.17
2016.01.15 04:00:57.624,1.44042,1.4405,1.00,1.00
2016.01.15 04:00:58.132,1.44042,1.44053,1.00,4.12
2016.01.15 04:00:58.453,1.44044,1.44054,1.00,1.37
2016.01.15 04:00:58.760,1.44041,1.44048,1.57,1.00
2016.01.15 04:00:59.268,1.44041,1.44048,1.00,1.00
2016.01.15 04:01:03.912,1.4404,1.44048,1.00,1.00
2016.01.15 04:01:14.024,1.4404,1.44052,1.00,2.02
2016.01.15 04:01:14.531,1.4404,1.44051,1.00,4.50
2016.01.15 04:01:15.423,1.4404,1.44051,1.00,1.50
2016.01.15 04:01:21.341,1.44039,1.44051,1.00,1.87
2016.01.15 04:01:28.855,1.44039,1.44051,1.12,1.87
2016.01.15 04:01:29.833,1.44039,1.4405,1.00,1.00
2016.01.15 04:01:34.965,1.44039,1.44051,1.12,2.62
2016.01.15 04:01:37.968,1.44039,1.4405,1.00,1.00
2016.01.15 04:01:41.956,1.44039,1.44051,1.12,1.87
2016.01.15 04:01:43.582,1.44039,1.44051,1.00,1.50
2016.01.15 04:01:51.035,1.44039,1.44052,1.37,4.12
2016.01.15 04:01:51.087,1.4404,1.44052,1.00,1.00
2016.01.15 04:01:51.144,1.44042,1.44054,1.12,4.87
2016.01.15 04:01:51.448,1.44044,1.44054,1.00,3.75
2016.01.15 04:01:52.489,1.44044,1.44055,1.10,1.50
2016.01.15 04:02:00.414,1.44043,1.44056,1.27,2.62
2016.01.15 04:02:02.001,1.44043,1.44056,1.57,1.87
2016.01.15 04:02:03.351,1.44043,1.44056,1.20,2.62
2016.01.15 04:02:05.111,1.44041,1.44054,1.87,1.37
2016.01.15 04:02:05.239,1.44041,1.44052,1.20,1.27
2016.01.15 04:02:05.747,1.44041,1.44052,1.10,1.10
2016.01.15 04:02:11.733,1.44041,1.44052,1.10,1.47
2016.01.15 04:02:23.780,1.44041,1.44052,1.00,1.27
2016.01.15 04:02:27.282,1.44041,1.44052,1.10,1.65
2016.01.15 04:02:35.398,1.44041,1.44051,1.00,1.20
2016.01.15 04:02:45.104,1.44039,1.44051,1.65,4.27
2016.01.15 04:02:45.625,1.44039,1.44051,1.27,3.75
2016.01.15 04:02:47.809,1.44039,1.44051,1.20,3.82
2016.01.15 04:02:49.683,1.44039,1.44051,1.27,4.12
2016.01.15 04:02:52.115,1.44039,1.44051,1.57,4.57
2016.01.15 04:02:56.712,1.44041,1.44051,1.10,4.27
2016.01.15 04:03:04.761,1.4404,1.4405,1.17,3.82
2016.01.15 04:03:08.373,1.44039,1.4405,1.10,3.82
2016.01.15 04:03:11.697,1.44039,1.4405,1.17,3.82
2016.01.15 04:03:14.975,1.44036,1.44046,1.20,1.00
2016.01.15 04:03:15.027,1.44036,1.44044,1.20,1.87
2016.01.15 04:03:15.079,1.44032,1.44043,1.12,1.95
2016.01.15 04:03:15.282,1.44032,1.44041,1.00,4.57
2016.01.15 04:03:15.334,1.4403,1.44041,1.00,4.65
2016.01.15 04:03:15.842,1.4403,1.4404,1.00,1.20
2016.01.15 04:03:16.977,1.4403,1.4404,1.00,1.17
2016.01.15 04:03:17.507,1.4403,1.4404,1.00,1.20
2016.01.15 04:03:18.383,1.4403,1.4404,1.00,1.10
2016.01.15 04:03:20.448,1.44029,1.4404,1.10,1.10
2016.01.15 04:03:24.574,1.44029,1.4404,1.10,1.17
2016.01.15 04:03:30.495,1.44029,1.4404,1.00,1.20
2016.01.15 04:03:35.224,1.44029,1.4404,1.00,3.82
2016.01.15 04:03:38.308,1.44028,1.44039,1.00,1.55
2016.01.15 04:03:43.537,1.44027,1.44038,1.10,1.10
2016.01.15 04:03:47.534,1.44027,1.44037,1.10,1.00
2016.01.15 04:03:47.867,1.44025,1.44036,1.27,1.27
2016.01.15 04:03:49.338,1.44027,1.44036,1.00,1.17
2016.01.15 04:03:49.845,1.44027,1.44038,1.00,4.57
2016.01.15 04:03:53.270,1.44027,1.44038,1.07,3.82
2016.01.15 04:03:59.337,1.44027,1.44039,1.07,4.20
2016.01.15 04:03:59.862,1.44027,1.44039,1.07,1.45
2016.01.15 04:04:01.056,1.44028,1.44038,1.10,3.82
2016.01.15 04:04:15.464,1.44028,1.44039,1.00,4.87
2016.01.15 04:04:25.567,1.44027,1.44039,1.12,4.87
2016.01.15 04:04:25.873,1.44029,1.4404,1.00,1.20
2016.01.15 04:04:26.400,1.4403,1.4404,1.00,1.07
2016.01.15 04:04:36.458,1.44028,1.4404,1.12,4.20
2016.01.15 04:04:47.501,1.44027,1.44039,1.00,1.55
2016.01.15 04:04:48.795,1.44027,1.44038,1.00,1.20
2016.01.15 04:04:49.868,1.44028,1.44038,1.00,1.12
2016.01.15 04:04:49.920,1.44028,1.44038,1.00,1.00
2016.01.15 04:04:52.047,1.44029,1.44039,1.00,1.47
2016.01.15 04:04:52.352,1.44027,1.44039,1.00,1.47
2016.01.15 04:05:09.798,1.44028,1.44039,1.00,1.47
2016.01.15 04:05:16.707,1.44028,1.44038,1.00,1.37
2016.01.15 04:05:17.766,1.44027,1.44038,1.00,1.37
2016.01.15 04:05:18.020,1.44029,1.44038,1.00,1.00
2016.01.15 04:05:18.237,1.44027,1.44038,1.50,1.00
2016.01.15 04:05:35.508,1.44027,1.44037,1.50,1.00
2016.01.15 04:05:43.411,1.44026,1.44037,1.50,1.00
2016.01.15 04:05:45.846,1.4403,1.44037,1.00,1.00
2016.01.15 04:05:46.049,1.4403,1.44043,1.12,2.62
2016.01.15 04:05:46.709,1.44029,1.44041,2.25,1.20
2016.01.15 04:05:55.569,1.44029,1.44039,1.00,1.47
2016.01.15 04:06:00.563,1.4403,1.44039,1.00,1.37
2016.01.15 04:06:01.071,1.44029,1.44039,1.00,1.37
2016.01.15 04:06:05.575,1.44029,1.44039,1.00,1.12
2016.01.15 04:06:10.588,1.44029,1.44039,1.00,1.37
2016.01.15 04:06:27.852,1.44031,1.4404,1.00,3.75
2016.01.15 04:06:27.953,1.44029,1.44041,1.50,4.50
2016.01.15 04:06:28.056,1.44031,1.44041,1.00,4.50
2016.01.15 04:06:28.268,1.44029,1.44041,1.50,4.50
2016.01.15 04:06:28.776,1.4403,1.44041,1.00,4.57
2016.01.15 04:06:29.307,1.44029,1.44041,1.10,4.57
2016.01.15 04:06:34.308,1.44027,1.4404,1.20,1.57
2016.01.15 04:06:34.410,1.44027,1.44038,1.10,3.37
2016.01.15 04:06:36.489,1.44024,1.44038,5.32,4.50
2016.01.15 04:06:36.794,1.44022,1.44033,2.25,1.00
2016.01.15 04:06:36.962,1.44022,1.44033,1.57,1.00
2016.01.15 04:06:37.115,1.4402,1.44033,3.07,4.50
2016.01.15 04:06:37.631,1.4402,1.44033,2.77,4.87
2016.01.15 04:06:44.120,1.44021,1.44033,1.95,1.00
2016.01.15 04:06:44.629,1.44021,1.44033,1.95,1.37
2016.01.15 04:06:49.038,1.44022,1.44033,1.00,4.50
2016.01.15 04:06:54.674,1.44021,1.44032,1.00,1.87
2016.01.15 04:06:55.387,1.44021,1.44032,1.00,1.87
2016.01.15 04:06:55.759,1.44021,1.44032,1.00,4.87
2016.01.15 04:06:56.489,1.44021,1.44031,1.00,1.00
2016.01.15 04:06:57.676,1.44021,1.44033,1.12,1.47
2016.01.15 04:06:58.184,1.44021,1.44033,1.27,1.00
2016.01.15 04:07:00.364,1.44021,1.44033,1.95,1.00
2016.01.15 04:07:05.187,1.44021,1.44033,1.95,3.37
2016.01.15 04:07:05.239,1.44021,1.44033,1.20,3.75
2016.01.15 04:07:05.747,1.44021,1.44032,1.57,1.37
2016.01.15 04:07:15.445,1.4402,1.44033,1.10,4.20
2016.01.15 04:07:18.637,1.44022,1.44031,1.00,1.00
2016.01.15 04:07:18.944,1.4403,1.44041,1.00,1.10
2016.01.15 04:07:19.199,1.44029,1.44041,1.20,4.65
2016.01.15 04:07:22.805,1.44027,1.44039,1.57,1.57
2016.01.15 04:07:23.312,1.44027,1.44039,1.07,2.32
2016.01.15 04:07:24.941,1.44026,1.44038,1.20,4.50
2016.01.15 04:07:25.144,1.44026,1.44038,1.00,4.50
2016.01.15 04:07:28.478,1.44026,1.44033,1.10,1.00
2016.01.15 04:07:33.353,1.44024,1.44033,1.57,1.00
2016.01.15 04:07:33.672,1.44026,1.44036,1.07,1.87
2016.01.15 04:07:33.979,1.44026,1.44034,1.07,1.00
2016.01.15 04:07:44.962,1.44025,1.44036,1.57,1.00
2016.01.15 04:07:48.767,1.44025,1.44036,1.87,1.00
2016.01.15 04:07:52.406,1.44026,1.44036,1.20,1.00
2016.01.15 04:08:42.217,1.44027,1.44038,1.00,2.32
2016.01.15 04:08:42.370,1.44027,1.44038,1.00,1.57
2016.01.15 04:08:47.757,1.44028,1.44038,1.00,1.20
2016.01.15 04:09:10.491,1.44026,1.44039,1.65,1.65
2016.01.15 04:09:17.343,1.44026,1.44039,1.57,1.95
2016.01.15 04:09:22.916,1.44026,1.44039,1.47,6.07
2016.01.15 04:09:23.923,1.44026,1.44039,1.47,6.07
2016.01.15 04:09:25.826,1.44026,1.44038,1.20,4.20
2016.01.15 04:09:28.227,1.44026,1.44035,1.10,3.75
2016.01.15 04:09:30.351,1.44026,1.44036,1.00,1.37
2016.01.15 04:09:35.801,1.44026,1.44036,1.00,1.12
2016.01.15 04:09:38.839,1.44026,1.44036,1.00,1.37
2016.01.15 04:09:49.942,1.44025,1.44036,1.00,1.50
2016.01.15 04:09:53.618,1.44025,1.44036,1.00,1.50
2016.01.15 04:09:55.550,1.44025,1.44035,1.00,1.00
2016.01.15 04:10:01.218,1.44023,1.44034,1.50,1.20
2016.01.15 04:10:01.550,1.44021,1.44032,1.00,5.02
2016.01.15 04:10:01.958,1.4402,1.4403,1.00,4.20
2016.01.15 04:10:02.009,1.44018,1.4403,1.00,3.82
2016.01.15 04:10:02.770,1.44018,1.4403,1.07,3.82
2016.01.15 04:10:13.175,1.44021,1.44028,1.00,1.00
2016.01.15 04:10:13.449,1.44022,1.44032,1.00,4.12
2016.01.15 04:10:13.502,1.44022,1.44032,1.12,1.00
2016.01.15 04:10:18.574,1.44023,1.44034,1.00,3.75
2016.01.15 04:10:24.087,1.44025,1.44034,1.00,4.87
2016.01.15 04:10:35.430,1.44025,1.44035,1.00,1.87
2016.01.15 04:10:40.755,1.44023,1.44034,1.00,1.10
2016.01.15 04:10:41.268,1.44023,1.44035,1.00,1.95
2016.01.15 04:10:41.949,1.44023,1.44035,1.12,1.95
2016.01.15 04:10:46.322,1.44025,1.44035,1.00,1.95
2016.01.15 04:10:47.428,1.44023,1.44032,1.00,1.00
2016.01.15 04:10:47.967,1.44024,1.44034,1.00,4.95
2016.01.15 04:10:49.645,1.44021,1.44033,1.10,1.87
2016.01.15 04:10:49.798,1.44021,1.44032,1.00,3.82
2016.01.15 04:10:50.103,1.44019,1.44031,1.10,1.50
2016.01.15 04:10:50.306,1.44018,1.44029,1.17,3.75
2016.01.15 04:10:50.661,1.44016,1.44026,1.45,4.50
2016.01.15 04:10:50.714,1.44012,1.44025,1.95,4.57
2016.01.15 04:10:50.817,1.44013,1.44023,1.00,1.20
2016.01.15 04:10:51.175,1.44013,1.4402,1.00,1.15
2016.01.15 04:10:51.429,1.44013,1.4402,1.00,1.10
2016.01.15 04:10:51.805,1.44013,1.4402,1.00,4.20
2016.01.15 04:10:55.565,1.44013,1.4402,1.00,1.17
2016.01.15 04:10:57.960,1.44013,1.4402,1.00,1.20
2016.01.15 04:11:06.247,1.44011,1.44021,1.00,1.57
2016.01.15 04:11:07.018,1.44011,1.44021,1.00,1.65
2016.01.15 04:11:08.129,1.44011,1.44021,1.00,1.47
2016.01.15 04:11:15.481,1.44011,1.44021,1.00,1.57
2016.01.15 04:11:18.199,1.44011,1.44021,1.00,1.57
2016.01.15 04:11:23.170,1.44011,1.4402,1.00,1.47
2016.01.15 04:11:51.586,1.44011,1.44019,1.00,2.25
2016.01.15 04:11:52.093,1.44011,1.4402,1.00,1.47
2016.01.15 04:11:54.203,1.44011,1.44019,1.00,2.32
2016.01.15 04:12:06.278,1.44008,1.44019,1.12,1.57
2016.01.15 04:12:10.126,1.44009,1.4402,1.00,4.65
2016.01.15 04:12:11.111,1.44011,1.4402,1.00,4.20
2016.01.15 04:12:11.162,1.44011,1.4402,1.00,1.10
2016.01.15 04:12:13.532,1.44009,1.44016,1.10,1.00
2016.01.15 04:12:13.692,1.44007,1.44015,1.00,1.12
2016.01.15 04:12:14.198,1.44005,1.44015,2.02,1.12
2016.01.15 04:12:14.401,1.44005,1.44015,1.65,4.50
2016.01.15 04:12:14.931,1.44005,1.44014,1.00,3.75
2016.01.15 04:12:19.115,1.44007,1.44014,1.00,3.75
2016.01.15 04:12:19.319,1.44007,1.44016,1.00,1.52
2016.01.15 04:12:19.826,1.44005,1.44016,2.25,1.52
2016.01.15 04:12:22.611,1.44008,1.44016,1.00,1.57
2016.01.15 04:12:26.261,1.44012,1.44018,1.00,1.27
2016.01.15 04:12:26.363,1.44013,1.44021,1.00,3.75
2016.01.15 04:12:26.491,1.44013,1.44022,1.00,1.00
2016.01.15 04:12:26.999,1.44012,1.44023,1.50,5.02
2016.01.15 04:12:27.924,1.44013,1.44022,1.00,1.57
2016.01.15 04:12:28.483,1.44012,1.44022,1.50,1.57
2016.01.15 04:12:39.502,1.44013,1.44021,1.00,1.00
2016.01.15 04:12:40.008,1.44012,1.44022,1.00,1.57
2016.01.15 04:12:51.640,1.44012,1.44022,1.00,1.95
2016.01.15 04:12:52.594,1.44012,1.44022,1.00,1.57
2016.01.15 04:12:55.304,1.44015,1.44023,1.00,4.27
2016.01.15 04:12:55.457,1.44015,1.44025,1.12,4.50
2016.01.15 04:12:55.576,1.44015,1.44026,1.12,1.95
2016.01.15 04:12:56.440,1.44015,1.44026,1.20,1.20
2016.01.15 04:12:57.435,1.44014,1.44026,1.50,1.47
2016.01.15 04:12:57.740,1.44014,1.44024,1.00,4.12
2016.01.15 04:12:58.111,1.44016,1.44024,1.00,3.75
2016.01.15 04:12:58.417,1.44023,1.4403,1.37,1.00
2016.01.15 04:12:58.520,1.44023,1.44033,1.12,1.00
2016.01.15 04:13:02.978,1.44023,1.44033,1.00,1.50
2016.01.15 04:13:05.990,1.44023,1.44033,1.00,1.50
2016.01.15 04:13:06.994,1.44023,1.44033,1.00,1.50
2016.01.15 04:13:08.999,1.44023,1.44033,1.00,1.50
2016.01.15 04:13:10.002,1.44023,1.44033,1.00,1.50
2016.01.15 04:13:23.679,1.44025,1.44031,1.00,1.00
2016.01.15 04:13:23.730,1.44026,1.44036,1.00,1.12
2016.01.15 04:13:23.935,1.44027,1.44038,1.00,1.57
2016.01.15 04:13:24.447,1.44028,1.44038,1.12,1.50
2016.01.15 04:13:29.243,1.44028,1.44037,1.12,1.00
2016.01.15 04:13:29.750,1.44028,1.44038,1.12,1.12
2016.01.15 04:13:30.258,1.44028,1.44038,1.12,1.50
2016.01.15 04:13:30.904,1.44028,1.44038,1.12,1.50
2016.01.15 04:13:33.537,1.4403,1.4404,1.00,1.95
2016.01.15 04:13:33.646,1.4403,1.4404,1.00,1.57
2016.01.15 04:13:36.035,1.44031,1.4404,1.00,1.10
2016.01.15 04:13:36.188,1.44029,1.4404,1.00,1.10
2016.01.15 04:13:37.620,1.44029,1.44041,1.00,2.40
2016.01.15 04:13:38.130,1.44028,1.44038,1.12,1.00
2016.01.15 04:13:42.896,1.44029,1.44038,1.00,1.00
2016.01.15 04:13:50.000,1.44028,1.44039,1.00,1.87
2016.01.15 04:13:57.169,1.44028,1.44038,1.20,1.00
2016.01.15 04:14:02.797,1.44028,1.4404,1.00,4.20
2016.01.15 04:14:11.696,1.44028,1.44039,1.00,1.12
2016.01.15 04:14:13.640,1.44028,1.4404,1.00,4.20
2016.01.15 04:14:16.711,1.44028,1.4404,1.47,3.75
2016.01.15 04:14:17.751,1.44028,1.4404,1.20,3.75
2016.01.15 04:14:18.857,1.44028,1.44041,1.47,4.57
2016.01.15 04:14:20.535,1.44031,1.44041,1.00,3.75
2016.01.15 04:14:20.740,1.44031,1.44044,2.70,1.50
2016.01.15 04:14:20.893,1.44033,1.44046,2.70,1.47
2016.01.15 04:14:21.437,1.44034,1.44046,1.65,1.12
2016.01.15 04:14:22.152,1.44035,1.44047,1.57,1.50
2016.01.15 04:14:23.168,1.44035,1.44047,1.20,1.50
2016.01.15 04:14:27.016,1.44039,1.44047,1.00,1.50
2016.01.15 04:14:27.423,1.44036,1.44047,1.00,1.50
2016.01.15 04:14:33.496,1.44036,1.44045,1.00,1.00
2016.01.15 04:14:33.598,1.44034,1.44045,1.00,1.57
2016.01.15 04:14:33.650,1.44033,1.44043,1.87,3.37
2016.01.15 04:14:35.354,1.44034,1.44044,1.20,3.75
2016.01.15 04:14:35.405,1.44034,1.44046,1.20,3.75
2016.01.15 04:14:35.456,1.44034,1.44045,1.20,1.00
2016.01.15 04:14:45.802,1.44035,1.44047,1.00,3.82
2016.01.15 04:14:47.378,1.44034,1.44047,2.70,4.57
2016.01.15 04:14:47.900,1.44034,1.44047,3.45,4.57
2016.01.15 04:14:50.571,1.44034,1.44047,3.45,4.57
2016.01.15 04:14:52.686,1.44036,1.44046,1.50,1.50
2016.01.15 04:14:54.578,1.44036,1.44046,1.50,1.12
2016.01.15 04:14:55.612,1.44036,1.44046,1.50,1.12
2016.01.15 04:14:56.587,1.44036,1.44046,1.50,1.12
2016.01.15 04:14:58.018,1.44034,1.44045,1.87,1.17
2016.01.15 04:14:58.120,1.44033,1.44044,1.37,1.00
2016.01.15 04:14:58.222,1.44033,1.44044,1.37,3.82
2016.01.15 04:14:58.325,1.44034,1.44045,1.00,1.15
2016.01.15 04:14:58.427,1.44032,1.44044,1.87,1.45
2016.01.15 04:14:58.784,1.44032,1.44042,1.87,3.75
2016.01.15 04:15:00.002,1.44032,1.44042,1.87,3.75
2016.01.15 04:15:00.530,1.44032,1.44042,1.87,4.50
2016.01.15 04:15:00.936,1.44033,1.44043,1.00,1.00
2016.01.15 04:15:01.038,1.44033,1.44045,2.25,1.20
2016.01.15 04:15:01.740,1.44033,1.44045,5.70,1.00
2016.01.15 04:15:03.192,1.44034,1.44047,1.50,1.47
2016.01.15 04:15:06.560,1.44037,1.44047,1.00,1.10
2016.01.15 04:15:11.262,1.44034,1.44046,1.87,1.00
2016.01.15 04:15:11.569,1.44032,1.44043,1.50,1.00
2016.01.15 04:15:11.621,1.44032,1.44043,1.50,1.00
2016.01.15 04:15:12.132,1.44032,1.44043,1.37,1.57
2016.01.15 04:15:12.234,1.44032,1.44042,1.37,3.82
2016.01.15 04:15:14.479,1.44034,1.44042,1.00,3.82
2016.01.15 04:15:14.581,1.44034,1.44046,1.50,1.50
2016.01.15 04:15:14.682,1.44036,1.44047,1.00,1.57
2016.01.15 04:15:15.213,1.44037,1.44049,1.00,1.20
2016.01.15 04:15:18.123,1.44036,1.44049,1.95,1.20
2016.01.15 04:15:20.565,1.44037,1.44048,1.12,1.10
2016.01.15 04:15:21.074,1.44036,1.44048,1.20,1.10
2016.01.15 04:15:21.945,1.44036,1.44048,1.47,1.10
2016.01.15 04:15:24.172,1.44036,1.44048,2.70,1.10
2016.01.15 04:15:26.139,1.44036,1.44049,3.45,1.57
2016.01.15 04:15:31.313,1.44036,1.44049,2.32,1.20
2016.01.15 04:15:35.144,1.44037,1.44049,1.37,1.12
2016.01.15 04:15:39.295,1.44035,1.44048,6.52,1.00
2016.01.15 04:15:39.346,1.44035,1.44046,2.02,1.00
2016.01.15 04:15:39.449,1.44033,1.44046,3.82,1.50
2016.01.15 04:15:39.501,1.44033,1.44046,3.45,4.87
2016.01.15 04:15:39.812,1.44033,1.44043,1.20,3.75
2016.01.15 04:15:49.152,1.44032,1.44045,2.40,2.40
2016.01.15 04:15:50.520,1.44033,1.44044,1.47,1.47
2016.01.15 04:15:57.601,1.44034,1.44045,1.00,1.50
2016.01.15 04:15:57.702,1.44035,1.44047,1.50,1.65
2016.01.15 04:15:58.022,1.44037,1.44048,1.00,1.12
2016.01.15 04:15:58.544,1.44036,1.44048,1.50,1.12
2016.01.15 04:16:00.768,1.44036,1.44047,1.50,1.00
2016.01.15 04:16:01.095,1.44036,1.44045,1.00,1.00
2016.01.15 04:16:04.122,1.44035,1.44046,1.20,1.12
2016.01.15 04:16:04.428,1.44034,1.44044,1.12,3.82
2016.01.15 04:16:06.714,1.44034,1.44043,1.00,4.50
2016.01.15 04:16:07.236,1.44034,1.44042,1.00,3.75
2016.01.15 04:16:10.100,1.44033,1.44042,1.20,3.75
2016.01.15 04:16:11.829,1.44034,1.44042,1.00,4.12
2016.01.15 04:16:11.931,1.44034,1.44042,1.00,1.00
2016.01.15 04:16:12.479,1.44033,1.44043,1.10,1.50
2016.01.15 04:16:12.986,1.44033,1.44041,1.57,1.00
2016.01.15 04:16:13.964,1.44034,1.44041,1.00,1.00
2016.01.15 04:16:14.483,1.44033,1.44041,1.00,1.00
2016.01.15 04:16:15.543,1.44033,1.44043,1.00,1.95
2016.01.15 04:16:16.310,1.44033,1.44043,1.95,1.50
2016.01.15 04:16:16.417,1.44033,1.44043,2.02,4.50
2016.01.15 04:16:20.993,1.44033,1.4404,1.00,1.00
2016.01.15 04:16:21.518,1.44033,1.4404,1.00,1.50
2016.01.15 04:16:43.547,1.44033,1.44041,1.00,1.50
2016.01.15 04:16:44.069,1.44033,1.44041,1.00,1.12
2016.01.15 04:16:44.494,1.44034,1.44042,1.07,1.00
2016.01.15 04:16:45.256,1.44033,1.44041,1.20,1.00
2016.01.15 04:16:45.308,1.44033,1.44043,1.95,1.50
2016.01.15 04:16:45.613,1.44033,1.44041,1.20,1.00
2016.01.15 04:16:45.869,1.44033,1.44041,1.50,1.12
2016.01.15 04:16:45.972,1.44033,1.44041,1.50,4.12
2016.01.15 04:16:59.030,1.44033,1.44038,1.00,1.00
2016.01.15 04:16:59.183,1.44033,1.4404,1.00,1.00
2016.01.15 04:17:04.312,1.4403,1.4404,2.70,1.00
2016.01.15 04:17:04.898,1.4403,1.4404,2.40,1.00
2016.01.15 04:17:08.285,1.44031,1.44039,1.12,1.00
2016.01.15 04:17:10.214,1.44031,1.44039,1.50,1.00
2016.01.15 04:17:16.535,1.44031,1.44039,1.27,1.00
2016.01.15 04:17:17.043,1.44031,1.44039,1.12,1.00
2016.01.15 04:17:20.929,1.44031,1.44039,1.95,1.00
2016.01.15 04:17:21.931,1.44031,1.44039,1.65,1.00
2016.01.15 04:17:23.845,1.44031,1.44041,1.65,1.50
2016.01.15 04:17:24.100,1.4403,1.44039,1.82,1.00
2016.01.15 04:17:24.949,1.44031,1.44039,1.10,1.00
2016.01.15 04:17:26.548,1.44031,1.4404,1.00,1.00
2016.01.15 04:17:27.135,1.4403,1.4404,3.37,1.00
2016.01.15 04:17:28.245,1.44032,1.44041,1.12,1.00
2016.01.15 04:17:28.296,1.44031,1.44039,1.57,1.00
2016.01.15 04:17:28.847,1.4403,1.4404,2.77,1.00
2016.01.15 04:17:30.452,1.44032,1.44041,1.00,1.12
2016.01.15 04:17:30.960,1.44032,1.44041,1.17,1.12
2016.01.15 04:17:34.862,1.44036,1.44044,1.12,1.37
2016.01.15 04:17:34.964,1.44036,1.44046,1.12,1.95
2016.01.15 04:17:35.016,1.44036,1.44046,1.12,1.00
2016.01.15 04:17:35.067,1.44038,1.44046,1.00,1.00
2016.01.15 04:17:35.234,1.44038,1.44048,1.12,1.10
2016.01.15 04:17:35.742,1.44039,1.44049,1.00,1.10
2016.01.15 04:17:36.312,1.4404,1.4405,1.00,1.27
2016.01.15 04:17:43.256,1.44039,1.4405,1.00,1.27
2016.01.15 04:17:43.771,1.4404,1.4405,1.00,1.27
2016.01.15 04:17:48.145,1.44039,1.4405,1.00,1.27
2016.01.15 04:17:49.353,1.44041,1.44049,1.00,1.10
2016.01.15 04:17:49.868,1.4404,1.44049,1.00,1.00
2016.01.15 04:17:52.876,1.44041,1.44049,1.00,1.00
2016.01.15 04:17:54.706,1.44041,1.4405,1.00,1.12
2016.01.15 04:17:57.029,1.4404,1.44052,1.10,4.87
2016.01.15 04:17:59.111,1.4404,1.44052,1.20,4.50
2016.01.15 04:17:59.600,1.44042,1.44053,1.10,1.37
2016.01.15 04:17:59.652,1.44042,1.44053,1.20,1.37
2016.01.15 04:18:01.043,1.44043,1.44052,1.20,1.12
2016.01.15 04:18:01.552,1.44042,1.44052,1.15,1.50
2016.01.15 04:18:04.736,1.44042,1.44053,1.20,4.12
2016.01.15 04:18:04.838,1.44043,1.44053,1.27,1.00
2016.01.15 04:18:06.611,1.44042,1.44054,1.20,6.00
2016.01.15 04:18:08.369,1.44042,1.44054,1.20,6.37
2016.01.15 04:18:09.930,1.44042,1.44053,1.47,1.37
2016.01.15 04:18:10.920,1.44042,1.44054,1.10,5.25
2016.01.15 04:18:13.677,1.44043,1.44053,1.00,1.87
2016.01.15 04:18:14.152,1.44043,1.44054,1.87,1.00
2016.01.15 04:18:14.254,1.44043,1.44054,2.77,1.00
2016.01.15 04:18:16.930,1.44044,1.44055,1.65,1.00
2016.01.15 04:18:17.293,1.44045,1.44057,2.02,1.12
2016.01.15 04:18:17.496,1.44045,1.44057,1.57,1.12
2016.01.15 04:18:21.457,1.44044,1.44053,3.00,1.00
2016.01.15 04:18:21.675,1.44043,1.44054,1.55,1.50
2016.01.15 04:18:21.879,1.44043,1.44051,1.55,3.75
2016.01.15 04:18:30.615,1.44042,1.44051,1.52,3.75
2016.01.15 04:18:30.666,1.44043,1.44053,1.27,4.50
2016.01.15 04:18:31.190,1.44043,1.44054,1.52,3.75
2016.01.15 04:18:31.698,1.44043,1.44054,1.57,3.75
2016.01.15 04:18:41.401,1.44043,1.44052,1.57,1.37
2016.01.15 04:18:41.944,1.44042,1.44053,1.47,4.50
2016.01.15 04:18:42.789,1.44042,1.44053,1.47,4.50
2016.01.15 04:18:43.772,1.44042,1.44053,1.20,4.50
2016.01.15 04:18:47.758,1.44042,1.44053,1.47,3.75
2016.01.15 04:18:48.783,1.44042,1.44053,1.47,3.75
2016.01.15 04:18:56.299,1.44043,1.44053,1.55,3.75
2016.01.15 04:18:56.805,1.44043,1.44054,1.87,3.75
2016.01.15 04:18:59.438,1.44043,1.44053,1.12,3.75
2016.01.15 04:18:59.641,1.44042,1.44052,2.02,3.75
2016.01.15 04:19:00.911,1.44042,1.44052,2.02,4.50
2016.01.15 04:19:02.936,1.44042,1.44052,1.87,4.50
2016.01.15 04:19:03.856,1.44042,1.4405,1.00,3.75
2016.01.15 04:19:06.616,1.4404,1.4405,1.27,3.75
2016.01.15 04:19:08.863,1.4404,1.4405,1.55,3.75
2016.01.15 04:19:11.757,1.4404,1.4405,1.55,3.75
2016.01.15 04:19:15.476,1.44039,1.44052,1.57,4.50
2016.01.15 04:19:26.183,1.44041,1.44052,1.20,1.00
2016.01.15 04:19:26.234,1.44044,1.44054,1.20,3.75
2016.01.15 04:19:26.692,1.44041,1.44054,1.27,5.25
2016.01.15 04:19:26.744,1.44041,1.44052,1.27,3.75
2016.01.15 04:19:35.392,1.44041,1.44053,1.15,3.75
2016.01.15 04:19:36.024,1.44042,1.44054,1.57,4.12
2016.01.15 04:19:36.330,1.44044,1.44054,1.07,1.12
2016.01.15 04:19:36.890,1.44044,1.44053,1.07,1.00
2016.01.15 04:19:37.118,1.44042,1.44053,1.50,1.50
2016.01.15 04:19:37.170,1.44042,1.44052,1.50,3.75
2016.01.15 04:19:37.374,1.44041,1.44052,1.10,3.75
2016.01.15 04:19:37.899,1.44041,1.44049,1.10,1.00
2016.01.15 04:19:48.012,1.4404,1.44049,1.20,1.00
2016.01.15 04:19:48.519,1.4404,1.4405,1.10,1.00
2016.01.15 04:19:48.570,1.4404,1.4405,1.10,3.75
2016.01.15 04:19:57.052,1.4404,1.44052,1.17,3.75
2016.01.15 04:20:12.143,1.4404,1.44052,1.47,4.12
2016.01.15 04:20:13.117,1.4404,1.44051,1.37,1.37
2016.01.15 04:20:14.117,1.4404,1.44052,1.12,3.75
2016.01.15 04:20:22.453,1.44039,1.4405,1.10,1.00
2016.01.15 04:20:24.737,1.44039,1.4405,1.27,1.00
2016.01.15 04:20:27.192,1.44042,1.4405,1.00,1.00
2016.01.15 04:20:27.700,1.4404,1.44051,1.17,3.75
2016.01.15 04:20:29.452,1.44038,1.44049,1.37,4.50
2016.01.15 04:20:29.503,1.44038,1.44049,1.10,4.50
2016.01.15 04:20:30.022,1.44037,1.44048,1.20,3.75
2016.01.15 04:20:30.785,1.44039,1.44048,1.17,3.75
2016.01.15 04:20:30.836,1.44039,1.44049,1.20,1.00
2016.01.15 04:20:32.426,1.4404,1.44049,1.20,1.00
2016.01.15 04:20:32.680,1.44042,1.44052,1.20,3.75
2016.01.15 04:20:33.236,1.44042,1.44053,1.20,4.87
2016.01.15 04:20:33.542,1.44042,1.44053,1.75,3.75
2016.01.15 04:20:35.651,1.44043,1.44054,1.12,3.75
2016.01.15 04:20:41.267,1.44043,1.44052,1.87,3.75
2016.01.15 04:20:42.468,1.44043,1.44052,1.17,3.75
2016.01.15 04:20:48.637,1.44041,1.44052,1.27,3.75
2016.01.15 04:20:49.356,1.44041,1.44052,1.55,4.12
2016.01.15 04:20:50.334,1.44041,1.44052,1.55,3.75
2016.01.15 04:20:52.338,1.44041,1.44052,1.55,3.75
2016.01.15 04:20:53.360,1.44041,1.44052,1.27,3.75
2016.01.15 04:21:05.046,1.44042,1.44052,1.27,3.75
2016.01.15 04:21:05.148,1.44042,1.44053,1.20,1.37
2016.01.15 04:21:06.401,1.44042,1.44053,1.45,1.37
2016.01.15 04:21:07.430,1.44044,1.44053,1.20,1.00
2016.01.15 04:21:07.734,1.44044,1.44055,1.87,1.00
2016.01.15 04:21:07.785,1.44044,1.44055,1.75,1.87
2016.01.15 04:21:07.887,1.44043,1.44053,2.25,1.00
2016.01.15 04:21:08.395,1.44045,1.44054,1.17,4.12
2016.01.15 04:21:08.496,1.44046,1.44054,1.20,3.37
2016.01.15 04:21:08.547,1.44047,1.44055,1.15,1.50
2016.01.15 04:21:08.887,1.44047,1.44057,1.55,1.37
2016.01.15 04:21:08.948,1.44048,1.44056,1.07,1.12
2016.01.15 04:21:09.293,1.44046,1.44056,1.20,4.87
2016.01.15 04:21:09.871,1.44046,1.44056,1.17,4.50
2016.01.15 04:21:16.105,1.44045,1.44055,1.07,4.50
2016.01.15 04:21:16.410,1.44044,1.44052,1.10,3.75
2016.01.15 04:21:29.101,1.44042,1.4405,1.75,1.00
2016.01.15 04:21:33.644,1.44043,1.44053,1.50,4.50
2016.01.15 04:21:34.846,1.44043,1.44053,1.50,4.50
2016.01.15 04:21:36.951,1.44043,1.44053,1.45,4.87
2016.01.15 04:21:43.651,1.44044,1.44053,1.10,3.75
2016.01.15 04:21:44.163,1.44045,1.44056,1.50,4.50
2016.01.15 04:21:44.728,1.44047,1.44056,1.17,4.12
2016.01.15 04:21:44.780,1.44047,1.44056,1.17,1.00
2016.01.15 04:21:45.412,1.44047,1.44058,1.17,1.50
2016.01.15 04:21:45.515,1.44047,1.44058,2.25,1.12
2016.01.15 04:21:45.769,1.44052,1.44062,1.00,3.75
2016.01.15 04:21:45.821,1.44054,1.44063,1.20,3.37
2016.01.15 04:21:45.872,1.44055,1.44066,1.00,4.01
2016.01.15 04:21:46.019,1.44057,1.44069,1.20,4.50
2016.01.15 04:21:46.528,1.44055,1.44067,1.50,1.50
2016.01.15 04:21:46.835,1.44055,1.44067,1.87,1.50
2016.01.15 04:21:47.010,1.44056,1.44067,1.20,4.50
2016.01.15 04:21:49.225,1.44056,1.44065,1.20,3.75
2016.01.15 04:21:49.735,1.44054,1.44063,1.50,1.00
2016.01.15 04:21:50.580,1.44053,1.44063,2.62,1.00
2016.01.15 04:21:50.885,1.44053,1.44063,3.00,3.75
2016.01.15 04:21:56.086,1.44054,1.44063,1.17,4.12
2016.01.15 04:21:59.260,1.44054,1.44063,1.00,3.75
2016.01.15 04:22:02.260,1.44053,1.44061,1.57,1.00
2016.01.15 04:22:10.549,1.44051,1.44062,1.20,1.37
2016.01.15 04:22:11.209,1.44049,1.44059,1.57,1.00
2016.01.15 04:22:11.523,1.44044,1.44056,1.95,1.12
2016.01.15 04:22:11.574,1.44044,1.44053,1.27,3.37
2016.01.15 04:22:12.087,1.44043,1.44053,2.32,3.75
2016.01.15 04:22:16.070,1.44044,1.44053,1.07,1.00
2016.01.15 04:22:16.274,1.44046,1.44055,1.00,1.12
2016.01.15 04:22:16.325,1.44048,1.44057,1.00,1.50
2016.01.15 04:22:16.538,1.44046,1.44057,1.65,1.00
2016.01.15 04:22:17.045,1.44047,1.44057,1.00,1.00
2016.01.15 04:22:21.148,1.4405,1.44057,1.00,1.00
2016.01.15 04:22:21.300,1.44052,1.4406,1.10,1.12
2016.01.15 04:22:27.596,1.44052,1.44062,1.17,4.12
2016.01.15 04:22:28.104,1.44052,1.44062,1.20,4.12
2016.01.15 04:22:30.891,1.44053,1.44063,1.27,4.50
2016.01.15 04:22:30.942,1.44054,1.44065,1.10,3.75
2016.01.15 04:22:31.044,1.44054,1.44066,1.47,2.25
2016.01.15 04:22:31.349,1.44056,1.44067,1.00,1.00
2016.01.15 04:22:31.564,1.44058,1.44067,1.00,1.50
2016.01.15 04:22:33.578,1.44057,1.44067,1.00,1.00
2016.01.15 04:22:34.101,1.44058,1.44067,1.00,1.00
2016.01.15 04:22:35.502,1.44058,1.44068,1.00,1.50
2016.01.15 04:22:37.693,1.44059,1.44068,1.00,1.00
2016.01.15 04:22:43.656,1.44058,1.44068,1.00,1.00
2016.01.15 04:22:48.265,1.44061,1.4407,1.00,4.12
2016.01.15 04:22:49.257,1.44061,1.44071,1.00,3.82
2016.01.15 04:22:49.308,1.44061,1.44072,1.10,1.37
2016.01.15 04:22:50.117,1.44062,1.44073,1.00,3.82
2016.01.15 04:23:04.895,1.4406,1.4407,1.45,3.75
2016.01.15 04:23:05.200,1.44059,1.44069,1.00,3.75
2016.01.15 04:23:05.302,1.44059,1.44067,1.00,3.75
2016.01.15 04:23:05.660,1.44056,1.44065,1.50,3.75
2016.01.15 04:23:09.979,1.44055,1.44066,1.00,4.12
2016.01.15 04:23:10.131,1.44057,1.44068,1.00,3.90
2016.01.15 04:23:10.452,1.44065,1.44072,1.12,1.37
2016.01.15 04:23:10.503,1.44067,1.44077,1.12,1.12
2016.01.15 04:23:10.657,1.44067,1.4408,1.50,2.40
2016.01.15 04:23:10.962,1.44068,1.4408,1.37,1.50
2016.01.15 04:23:12.011,1.44069,1.44081,1.00,3.90
2016.01.15 04:23:12.419,1.44068,1.44077,1.12,1.00
2016.01.15 04:23:12.746,1.44068,1.44074,1.12,1.00
2016.01.15 04:23:16.197,1.44065,1.44074,1.57,1.00
2016.01.15 04:23:16.350,1.44065,1.44073,1.12,1.00
2016.01.15 04:23:16.908,1.44065,1.44075,1.10,1.00
2016.01.15 04:23:17.444,1.44067,1.44077,1.00,3.82
2016.01.15 04:23:17.495,1.44067,1.44079,1.00,4.95
2016.01.15 04:23:17.749,1.44068,1.44081,1.00,4.65
2016.01.15 04:23:22.628,1.44067,1.44079,1.37,3.82
2016.01.15 04:23:22.933,1.44067,1.44074,1.00,1.00
2016.01.15 04:23:23.713,1.44066,1.44074,1.00,1.00
2016.01.15 04:23:24.220,1.44065,1.44075,1.00,3.75
2016.01.15 04:23:24.925,1.44065,1.44074,1.00,1.00
2016.01.15 04:23:25.433,1.44065,1.44075,1.00,1.00
2016.01.15 04:23:25.958,1.44065,1.44075,1.07,1.00
2016.01.15 04:23:27.606,1.44065,1.44075,1.57,1.00
2016.01.15 04:23:28.365,1.44065,1.44075,1.20,1.00
2016.01.15 04:23:29.019,1.44066,1.44075,1.00,1.00
2016.01.15 04:23:31.061,1.44067,1.44075,1.00,1.00
2016.01.15 04:23:31.112,1.4407,1.44077,1.00,3.37
2016.01.15 04:23:31.424,1.44074,1.44081,1.00,1.45
2016.01.15 04:23:37.952,1.44074,1.44081,1.00,1.10
2016.01.15 04:23:42.235,1.44074,1.44082,1.12,3.90
2016.01.15 04:23:46.962,1.44074,1.44079,1.00,1.00
2016.01.15 04:23:47.065,1.44071,1.44074,1.12,3.75
2016.01.15 04:23:47.168,1.44073,1.44076,1.00,1.00
2016.01.15 04:23:47.270,1.44074,1.4408,1.00,3.90
2016.01.15 04:23:47.373,1.44074,1.44082,1.00,4.95
2016.01.15 04:24:21.729,1.44074,1.44083,1.10,3.75
2016.01.15 04:24:23.693,1.44074,1.44081,1.10,3.37
2016.01.15 04:24:47.325,1.44073,1.44079,1.10,1.00
2016.01.15 04:25:15.491,1.44073,1.44082,1.10,4.12
2016.01.15 04:25:21.028,1.44074,1.44082,1.00,3.75
2016.01.15 04:25:21.535,1.44074,1.44083,1.00,3.75
2016.01.15 04:25:26.074,1.44072,1.44083,1.27,3.75
2016.01.15 04:25:26.420,1.44072,1.44081,1.27,3.75
2016.01.15 04:25:35.508,1.44072,1.44083,1.20,4.20
2016.01.15 04:25:56.637,1.44072,1.44082,1.00,1.37
2016.01.15 04:25:58.709,1.44073,1.44083,1.00,4.12
2016.01.15 04:25:59.215,1.44073,1.44084,1.12,4.87
2016.01.15 04:25:59.367,1.44075,1.44084,1.00,4.87
2016.01.15 04:26:01.371,1.44073,1.4408,1.37,1.00
2016.01.15 04:26:01.728,1.44073,1.4408,1.00,1.00
2016.01.15 04:26:05.001,1.44072,1.4408,1.12,1.00
2016.01.15 04:26:12.269,1.44072,1.4408,1.37,1.00
2016.01.15 04:26:15.307,1.44072,1.4408,1.12,1.00
2016.01.15 04:26:21.316,1.44072,1.4408,1.37,1.00
2016.01.15 04:26:25.102,1.44072,1.4408,1.00,1.00
2016.01.15 04:26:32.441,1.44072,1.4408,1.37,1.00
2016.01.15 04:26:32.543,1.44072,1.4408,1.12,1.00
2016.01.15 04:26:54.901,1.44071,1.44082,1.12,3.75
2016.01.15 04:26:55.409,1.44071,1.44082,1.37,3.75
2016.01.15 04:26:55.975,1.44071,1.44082,1.12,3.75
2016.01.15 04:26:59.008,1.44071,1.44082,1.37,3.75
2016.01.15 04:27:02.485,1.44074,1.44082,1.00,3.75
2016.01.15 04:27:02.587,1.44072,1.44082,1.57,1.00
2016.01.15 04:27:03.093,1.44072,1.44083,1.12,4.50
2016.01.15 04:27:03.554,1.44074,1.44082,1.00,1.00
2016.01.15 04:27:04.264,1.44074,1.44083,1.00,5.25
2016.01.15 04:27:04.955,1.44073,1.44081,1.00,1.00
2016.01.15 04:27:05.714,1.44074,1.44081,1.00,1.00
2016.01.15 04:27:12.608,1.44075,1.44081,1.00,1.00
2016.01.15 04:27:18.489,1.44073,1.44081,1.00,1.00
2016.01.15 04:27:18.995,1.44074,1.44081,1.00,1.00
2016.01.15 04:27:20.243,1.44075,1.44081,1.00,1.00
2016.01.15 04:27:20.751,1.44074,1.44081,1.00,1.00
2016.01.15 04:27:21.301,1.44073,1.44081,1.00,1.00
2016.01.15 04:27:26.134,1.44074,1.44081,1.00,1.00
2016.01.15 04:27:26.645,1.44075,1.44084,1.00,3.82
2016.01.15 04:27:26.900,1.44075,1.44084,1.12,1.20
2016.01.15 04:27:27.438,1.44076,1.44084,1.00,1.10
2016.01.15 04:27:27.963,1.44076,1.44084,1.00,1.17
2016.01.15 04:27:28.478,1.44076,1.44084,1.00,1.00
2016.01.15 04:27:30.404,1.44079,1.44084,1.00,1.00
2016.01.15 04:27:30.761,1.4408,1.44087,1.00,1.00
2016.01.15 04:27:31.439,1.44078,1.44087,1.37,1.00
2016.01.15 04:27:31.963,1.44078,1.44087,1.00,1.00
2016.01.15 04:27:32.795,1.44078,1.44087,1.37,1.00
2016.01.15 04:27:33.001,1.44074,1.44085,1.87,1.00
2016.01.15 04:27:33.104,1.44073,1.44084,1.87,1.00
2016.01.15 04:27:33.206,1.44073,1.44084,1.37,2.02
2016.01.15 04:27:33.409,1.44072,1.44083,1.00,1.27
2016.01.15 04:27:33.461,1.44072,1.44083,1.00,1.57
2016.01.15 04:27:33.779,1.44075,1.44083,1.12,1.47
2016.01.15 04:27:34.235,1.44073,1.44082,1.00,1.27
2016.01.15 04:27:34.753,1.44072,1.44083,1.00,1.65
2016.01.15 04:27:35.260,1.44072,1.44082,1.37,3.90
2016.01.15 04:27:36.220,1.44072,1.44082,1.00,3.90
2016.01.15 04:27:39.810,1.44073,1.44082,1.00,3.75
2016.01.15 04:27:39.912,1.44074,1.44083,1.00,1.57
2016.01.15 04:27:40.646,1.44073,1.44083,1.00,1.50
2016.01.15 04:27:40.800,1.44072,1.44082,1.00,3.75
2016.01.15 04:27:43.044,1.44072,1.44079,1.12,1.00
2016.01.15 04:27:43.197,1.44069,1.44079,1.00,1.50
2016.01.15 04:27:43.299,1.44066,1.44078,1.12,2.32
2016.01.15 04:27:43.350,1.44066,1.44077,1.00,3.82
2016.01.15 04:27:43.890,1.44065,1.44076,1.00,3.90
2016.01.15 04:27:44.196,1.44067,1.44076,1.00,3.75
2016.01.15 04:27:44.857,1.44065,1.44076,1.00,3.75
2016.01.15 04:27:46.583,1.44068,1.44076,1.00,3.75
2016.01.15 04:27:46.634,1.44068,1.44076,1.00,1.00
2016.01.15 04:27:46.771,1.44066,1.44076,1.00,1.00
2016.01.15 04:27:47.279,1.44067,1.44078,1.00,4.50
2016.01.15 04:27:47.432,1.44067,1.44078,1.00,1.12
2016.01.15 04:27:47.808,1.44066,1.44077,1.12,3.37
2016.01.15 04:27:48.114,1.44066,1.44073,1.10,1.50
2016.01.15 04:27:48.633,1.44066,1.44073,1.00,1.00
2016.01.15 04:27:49.175,1.44063,1.44073,1.87,1.50
2016.01.15 04:27:49.402,1.44065,1.44073,1.00,1.50
2016.01.15 04:27:49.925,1.44064,1.44072,1.00,1.00
2016.01.15 04:27:50.434,1.44064,1.44073,1.00,1.12
2016.01.15 04:27:52.303,1.44063,1.44073,1.87,1.12
2016.01.15 04:27:52.826,1.44063,1.44073,1.00,1.87
2016.01.15 04:27:53.131,1.44063,1.44072,1.50,3.82
2016.01.15 04:27:53.552,1.44062,1.44067,1.12,1.00
2016.01.15 04:27:53.657,1.44057,1.44067,1.07,1.07
2016.01.15 04:27:53.708,1.44056,1.44067,1.00,2.77
2016.01.15 04:27:53.813,1.44054,1.44063,1.12,1.37
2016.01.15 04:27:54.121,1.44053,1.4406,1.00,1.50
2016.01.15 04:27:54.848,1.44053,1.4406,1.00,1.37
2016.01.15 04:27:54.899,1.44051,1.4406,1.12,1.37
2016.01.15 04:27:55.103,1.44053,1.4406,1.00,1.50
2016.01.15 04:27:55.397,1.44055,1.44062,1.00,1.00
2016.01.15 04:27:55.804,1.44054,1.44065,1.65,2.55
2016.01.15 04:27:55.957,1.44053,1.4406,1.00,1.05
2016.01.15 04:27:56.832,1.44054,1.4406,1.00,1.05
2016.01.15 04:27:57.074,1.44057,1.44063,1.00,1.67
2016.01.15 04:27:57.227,1.44057,1.44065,1.00,1.67
2016.01.15 04:27:57.278,1.44054,1.44065,1.52,2.17
2016.01.15 04:27:57.483,1.44057,1.44065,1.00,1.67
2016.01.15 04:27:57.788,1.44055,1.44064,1.10,1.05
2016.01.15 04:27:58.410,1.44052,1.44063,1.20,1.80
2016.01.15 04:27:58.562,1.44052,1.4406,1.00,4.42
2016.01.15 04:27:58.766,1.44053,1.4406,1.00,1.05
2016.01.15 04:27:59.147,1.44055,1.4406,1.00,1.05
2016.01.15 04:27:59.249,1.44055,1.44062,1.00,1.05
2016.01.15 04:27:59.351,1.44056,1.44064,1.00,1.05
2016.01.15 04:27:59.402,1.44054,1.44064,1.20,1.05
2016.01.15 04:27:59.505,1.44057,1.44065,1.00,2.92
2016.01.15 04:28:00.150,1.44055,1.44065,1.00,2.92
2016.01.15 04:28:00.406,1.44053,1.44062,1.10,1.05
2016.01.15 04:28:00.924,1.44054,1.44062,1.00,1.80
2016.01.15 04:28:01.332,1.44056,1.44064,1.00,1.80
2016.01.15 04:28:02.202,1.44054,1.44064,1.17,1.80
2016.01.15 04:28:02.706,1.44054,1.44064,1.10,1.80
2016.01.15 04:28:03.217,1.44056,1.44064,1.00,1.42
2016.01.15 04:28:03.750,1.44056,1.44065,1.10,2.47
2016.01.15 04:28:06.479,1.44055,1.44065,1.10,2.47
2016.01.15 04:28:06.784,1.44057,1.44065,1.00,2.10
2016.01.15 04:28:07.303,1.44056,1.44066,1.10,2.47
2016.01.15 04:28:07.834,1.44057,1.44066,1.00,2.10
2016.01.15 04:28:08.359,1.44055,1.44066,1.17,2.85
2016.01.15 04:28:08.881,1.44057,1.44066,1.00,2.85
2016.01.15 04:28:09.676,1.44056,1.44066,1.00,2.10
2016.01.15 04:28:10.032,1.44057,1.44066,1.07,1.72
2016.01.15 04:28:10.568,1.44057,1.44066,1.20,1.35
2016.01.15 04:28:12.668,1.4406,1.44066,1.00,1.35
2016.01.15 04:28:13.214,1.44059,1.44066,1.10,1.35
2016.01.15 04:28:13.621,1.44056,1.44062,1.65,1.00
2016.01.15 04:28:13.673,1.44056,1.4406,1.65,1.00
2016.01.15 04:28:13.928,1.44055,1.44059,1.10,1.00
2016.01.15 04:28:14.459,1.44056,1.44059,1.20,1.00
2016.01.15 04:28:14.967,1.44057,1.4406,1.00,1.00
2016.01.15 04:28:15.176,1.4406,1.44064,1.00,1.65
2016.01.15 04:28:15.228,1.4406,1.44067,1.00,2.40
2016.01.15 04:28:15.280,1.44058,1.44067,1.00,2.02
2016.01.15 04:28:15.586,1.4406,1.44067,1.00,1.65
2016.01.15 04:28:15.739,1.44061,1.44068,1.00,2.40
2016.01.15 04:28:16.120,1.44062,1.44068,1.00,2.02
2016.01.15 04:28:16.629,1.4406,1.44068,1.17,2.77
2016.01.15 04:28:16.731,1.44059,1.44068,1.20,2.77
2016.01.15 04:28:18.206,1.4406,1.44068,1.20,2.77
2016.01.15 04:28:18.726,1.44061,1.44068,1.10,2.77
2016.01.15 04:28:22.619,1.4406,1.44068,1.10,2.40
2016.01.15 04:28:23.150,1.44061,1.44068,1.00,1.65
2016.01.15 04:28:24.252,1.44061,1.44068,1.17,1.52
2016.01.15 04:28:24.813,1.44061,1.44068,1.00,1.52
2016.01.15 04:28:25.340,1.44061,1.44067,1.00,1.00
2016.01.15 04:28:25.849,1.44062,1.44067,1.00,1.00
2016.01.15 04:28:26.492,1.4406,1.44067,1.00,1.00
2016.01.15 04:28:27.036,1.44061,1.44067,1.00,1.00
2016.01.15 04:28:29.747,1.44061,1.44068,1.20,1.00
2016.01.15 04:28:29.899,1.44062,1.44072,1.20,1.87
2016.01.15 04:28:29.951,1.44062,1.44072,1.10,1.12
2016.01.15 04:28:30.459,1.44063,1.44072,1.00,1.12
2016.01.15 04:28:31.235,1.44062,1.44073,1.00,1.65
2016.01.15 04:28:31.388,1.44064,1.44073,1.00,1.17
2016.01.15 04:28:31.542,1.44066,1.44076,1.00,1.12
2016.01.15 04:28:31.671,1.44068,1.44077,1.00,1.87
2016.01.15 04:28:31.876,1.44069,1.4408,1.00,1.95
2016.01.15 04:28:32.082,1.44069,1.4408,1.20,1.37
2016.01.15 04:28:32.286,1.44069,1.4408,1.20,1.37
2016.01.15 04:28:32.865,1.4407,1.44079,1.00,1.12
2016.01.15 04:28:33.119,1.44066,1.44077,1.75,1.00
2016.01.15 04:28:33.425,1.44066,1.44077,1.10,1.87
2016.01.15 04:28:34.665,1.44067,1.44077,1.00,1.00
2016.01.15 04:28:34.767,1.44067,1.44079,1.17,1.87
2016.01.15 04:28:35.075,1.44065,1.44077,1.50,1.37
2016.01.15 04:28:35.606,1.44065,1.44077,1.10,1.00
2016.01.15 04:28:37.346,1.44066,1.44078,1.00,1.50
2016.01.15 04:28:37.656,1.44066,1.44076,1.00,1.00
2016.01.15 04:28:38.177,1.44067,1.44079,1.00,1.50
2016.01.15 04:28:38.713,1.44067,1.44079,1.15,1.50
2016.01.15 04:28:40.991,1.44066,1.44079,1.50,2.25
2016.01.15 04:28:41.407,1.44065,1.44077,1.87,1.00
2016.01.15 04:28:41.662,1.44065,1.44077,1.57,1.00
2016.01.15 04:28:42.845,1.44065,1.44077,1.10,1.00
2016.01.15 04:28:43.048,1.44065,1.44077,1.20,1.00
2016.01.15 04:28:43.201,1.44065,1.44078,1.10,1.50
2016.01.15 04:28:43.252,1.44065,1.44078,1.20,1.50
2016.01.15 04:28:43.780,1.44065,1.44078,1.50,1.12
2016.01.15 04:28:45.110,1.44064,1.44076,1.87,1.00
2016.01.15 04:28:45.264,1.44061,1.44071,1.17,1.00
2016.01.15 04:28:45.469,1.44061,1.44074,2.25,1.07
2016.01.15 04:28:45.522,1.44064,1.44075,1.50,1.37
2016.01.15 04:28:45.625,1.44061,1.44071,2.25,1.00
2016.01.15 04:28:45.727,1.44061,1.44071,1.17,1.00
2016.01.15 04:28:46.259,1.44061,1.44071,1.00,1.00
2016.01.15 04:28:46.361,1.44061,1.44071,1.50,1.00
2016.01.15 04:28:46.667,1.44061,1.44071,1.75,1.00
2016.01.15 04:28:47.145,1.44062,1.44071,1.17,1.00
2016.01.15 04:28:47.672,1.44062,1.44071,1.50,1.00
2016.01.15 04:28:48.880,1.44062,1.4407,1.50,1.00
2016.01.15 04:28:49.032,1.44061,1.4407,1.75,1.00
2016.01.15 04:28:50.414,1.44058,1.4407,1.75,1.00
2016.01.15 04:28:50.466,1.44058,1.4407,1.47,1.00
2016.01.15 04:28:50.568,1.44058,1.4407,1.37,1.17
2016.01.15 04:28:50.821,1.44058,1.44068,1.00,1.57
2016.01.15 04:28:51.329,1.44058,1.44068,1.17,1.50
2016.01.15 04:28:54.861,1.44056,1.44068,1.37,1.00
2016.01.15 04:28:55.850,1.44056,1.44068,1.27,1.00
2016.01.15 04:28:56.053,1.44056,1.44066,1.27,1.00
2016.01.15 04:28:57.038,1.44056,1.44066,1.20,1.00
2016.01.15 04:28:59.095,1.44055,1.44068,1.45,1.87
2016.01.15 04:29:01.680,1.44055,1.44068,1.27,2.25
2016.01.15 04:29:02.198,1.44055,1.44068,1.27,1.87
2016.01.15 04:29:02.786,1.44055,1.44068,1.27,1.87
2016.01.15 04:29:03.308,1.44055,1.44068,1.20,1.95
2016.01.15 04:29:05.806,1.44055,1.44068,1.10,1.95
2016.01.15 04:29:06.084,1.44055,1.44068,1.12,1.95
2016.01.15 04:29:06.853,1.44055,1.44068,1.57,1.95
2016.01.15 04:29:08.621,1.44055,1.44068,1.12,2.02
2016.01.15 04:29:09.150,1.44055,1.44068,1.00,2.02
2016.01.15 04:29:09.659,1.44055,1.44068,1.00,1.65
2016.01.15 04:29:12.326,1.44055,1.44068,1.07,1.57
2016.01.15 04:29:16.599,1.44057,1.44067,1.00,1.00
2016.01.15 04:29:20.647,1.44056,1.44069,1.10,1.50
2016.01.15 04:29:21.811,1.44056,1.44069,1.50,1.50
2016.01.15 04:29:23.215,1.44056,1.44069,1.50,2.62
2016.01.15 04:29:24.211,1.44056,1.44069,1.50,2.62
2016.01.15 04:29:24.764,1.44056,1.44069,1.15,2.62
2016.01.15 04:29:25.228,1.44056,1.44069,1.15,2.62
2016.01.15 04:29:26.435,1.44057,1.44067,1.17,1.00
2016.01.15 04:29:26.895,1.44057,1.44069,1.17,1.87
2016.01.15 04:29:26.946,1.44055,1.44067,1.87,1.00
2016.01.15 04:29:27.478,1.44056,1.44067,1.12,1.00
2016.01.15 04:29:28.387,1.44055,1.44067,1.87,1.00
2016.01.15 04:29:30.850,1.44055,1.44064,1.12,1.00
2016.01.15 04:29:31.087,1.4405,1.44059,1.50,1.00
2016.01.15 04:29:31.240,1.44049,1.44061,1.12,1.12
2016.01.15 04:29:31.751,1.44048,1.4406,1.47,1.00
2016.01.15 04:29:32.298,1.44048,1.44061,1.10,1.00
2016.01.15 04:29:32.705,1.44048,1.44061,1.95,1.00
2016.01.15 04:29:33.230,1.44049,1.44062,1.57,1.50
2016.01.15 04:29:33.749,1.44049,1.44062,1.27,1.50
2016.01.15 04:29:34.397,1.44049,1.44062,1.57,1.50
2016.01.15 04:29:34.702,1.44049,1.44062,1.87,1.50
2016.01.15 04:29:35.861,1.44049,1.44062,1.27,2.02
2016.01.15 04:29:36.370,1.44049,1.44062,1.27,1.50
2016.01.15 04:29:36.904,1.44049,1.44062,1.20,1.50
2016.01.15 04:29:37.514,1.44049,1.44062,1.50,1.50
2016.01.15 04:29:38.293,1.44049,1.44062,2.62,1.50
2016.01.15 04:29:38.800,1.4405,1.44062,1.12,1.50
2016.01.15 04:29:41.143,1.44049,1.44062,3.37,1.50
2016.01.15 04:29:45.101,1.44051,1.44062,1.87,1.00
2016.01.15 04:29:45.615,1.4405,1.44061,1.57,1.00
2016.01.15 04:29:45.666,1.4405,1.44061,1.27,1.00
2016.01.15 04:29:47.340,1.4405,1.44061,1.12,1.00
2016.01.15 04:29:48.137,1.4405,1.44061,1.17,1.00
2016.01.15 04:29:48.188,1.44051,1.44062,1.20,1.00
2016.01.15 04:29:48.493,1.44053,1.44062,1.75,1.00
2016.01.15 04:29:49.018,1.44053,1.44062,1.75,1.00
2016.01.15 04:29:49.526,1.44054,1.44062,1.12,1.00
2016.01.15 04:29:52.030,1.44053,1.4406,3.00,1.00
2016.01.15 04:29:52.488,1.44052,1.4406,1.75,1.00
2016.01.15 04:29:52.590,1.4405,1.4406,1.12,1.00
2016.01.15 04:29:53.091,1.4405,1.4406,1.12,1.00
2016.01.15 04:29:53.801,1.4405,1.4406,1.57,1.50
2016.01.15 04:29:54.445,1.4405,1.4406,1.27,1.50
2016.01.15 04:29:55.995,1.4405,1.4406,1.12,1.50
2016.01.15 04:29:56.504,1.4405,1.4406,1.20,1.50
2016.01.15 04:30:00.722,1.44049,1.4406,1.12,1.00
2016.01.15 04:30:00.824,1.44049,1.4406,1.57,1.00
2016.01.15 04:30:02.106,1.4405,1.4406,1.12,1.00
2016.01.15 04:30:03.064,1.44052,1.4406,1.00,1.00
2016.01.15 04:30:03.369,1.44053,1.44063,1.27,1.00
2016.01.15 04:30:03.471,1.44054,1.44065,1.10,1.00
2016.01.15 04:30:03.975,1.44055,1.44065,1.00,1.00
2016.01.15 04:30:04.027,1.44056,1.44067,1.00,1.00
2016.01.15 04:30:04.636,1.44057,1.44068,1.00,1.10
2016.01.15 04:30:05.075,1.44055,1.44067,1.37,1.07
2016.01.15 04:30:05.127,1.44052,1.44063,2.77,1.00
2016.01.15 04:30:05.331,1.44052,1.44061,1.00,1.00
2016.01.15 04:30:05.484,1.4405,1.4406,1.12,1.00
2016.01.15 04:30:06.026,1.44051,1.44061,1.00,1.57
2016.01.15 04:30:06.536,1.4405,1.4406,1.00,1.00
2016.01.15 04:30:07.058,1.44051,1.4406,1.00,1.00
2016.01.15 04:30:07.575,1.44051,1.44061,1.00,1.50
2016.01.15 04:30:07.677,1.44051,1.44061,1.00,1.95
2016.01.15 04:30:07.728,1.44049,1.44061,1.12,1.95
2016.01.15 04:30:07.944,1.4405,1.44061,1.00,1.00
2016.01.15 04:30:08.453,1.4405,1.44061,1.17,1.00
2016.01.15 04:30:08.981,1.4405,1.4406,1.27,1.00
2016.01.15 04:30:09.438,1.44049,1.44061,1.87,1.50
2016.01.15 04:30:10.331,1.44049,1.44061,1.27,1.50
2016.01.15 04:30:10.889,1.44051,1.44061,1.00,1.50
2016.01.15 04:30:11.265,1.44051,1.44061,1.07,1.00
2016.01.15 04:30:11.773,1.4405,1.44061,1.57,1.50
2016.01.15 04:30:12.028,1.44052,1.44063,1.10,1.57
2016.01.15 04:30:12.236,1.44052,1.44063,1.50,1.50
2016.01.15 04:30:12.543,1.44053,1.44063,1.75,1.50
2016.01.15 04:30:13.069,1.44053,1.44063,1.20,1.00
2016.01.15 04:30:13.601,1.44052,1.44063,2.02,1.00
2016.01.15 04:30:14.128,1.44054,1.44063,1.10,1.00
2016.01.15 04:30:15.236,1.44054,1.44063,1.50,1.00
2016.01.15 04:30:17.981,1.44057,1.44069,1.10,1.00
2016.01.15 04:30:18.083,1.4406,1.44069,1.00,1.00
2016.01.15 04:30:18.696,1.44059,1.44071,1.10,1.50
2016.01.15 04:30:19.224,1.44059,1.44071,1.00,1.57
2016.01.15 04:30:19.429,1.44059,1.44071,1.07,1.20
2016.01.15 04:30:22.873,1.44061,1.44071,1.00,1.00
2016.01.15 04:30:23.280,1.44063,1.44072,1.00,1.00
2016.01.15 04:30:23.589,1.44065,1.44075,1.00,1.00
2016.01.15 04:30:23.692,1.44067,1.44076,1.00,1.00
2016.01.15 04:30:24.200,1.44067,1.44079,1.00,1.37
2016.01.15 04:30:24.302,1.44067,1.44079,1.10,1.00
2016.01.15 04:30:26.581,1.44067,1.44079,1.07,1.10
2016.01.15 04:30:29.548,1.44067,1.4408,1.17,1.00
2016.01.15 04:30:32.762,1.44072,1.44082,1.00,1.85
2016.01.15 04:30:33.068,1.44077,1.44086,1.00,1.07
2016.01.15 04:30:33.399,1.44079,1.44089,1.00,1.57
2016.01.15 04:30:33.552,1.44082,1.44092,1.00,2.62
2016.01.15 04:30:33.960,1.44082,1.44092,1.00,1.00
2016.01.15 04:30:34.317,1.44081,1.44092,1.00,1.45
2016.01.15 04:30:35.069,1.44082,1.44092,1.00,1.50
2016.01.15 04:30:35.500,1.44082,1.44093,1.00,1.27
2016.01.15 04:30:36.036,1.44081,1.44093,2.62,1.27
2016.01.15 04:30:37.471,1.44081,1.44093,2.62,1.20
2016.01.15 04:30:37.625,1.44083,1.44093,1.00,1.12
2016.01.15 04:30:37.932,1.44081,1.44092,1.87,1.20
2016.01.15 04:30:38.511,1.44082,1.44091,1.00,1.17
2016.01.15 04:30:39.035,1.44081,1.44093,1.87,1.87
2016.01.15 04:30:39.546,1.44082,1.44092,1.00,1.20
2016.01.15 04:30:40.070,1.44081,1.44092,1.87,1.17
2016.01.15 04:30:40.581,1.44082,1.44091,1.00,1.10
2016.01.15 04:30:43.756,1.44081,1.44093,1.50,2.32
2016.01.15 04:30:44.433,1.44081,1.44092,1.50,1.00
2016.01.15 04:30:44.958,1.44081,1.44092,1.37,1.00
2016.01.15 04:30:45.496,1.44081,1.44092,1.87,1.00
2016.01.15 04:30:46.215,1.44082,1.44092,1.00,1.00
2016.01.15 04:30:46.520,1.44081,1.4409,2.62,1.00
2016.01.15 04:30:46.844,1.44083,1.44091,1.00,1.10
2016.01.15 04:30:47.817,1.44081,1.44092,2.62,1.17
2016.01.15 04:30:48.023,1.44081,1.44089,2.62,1.00
2016.01.15 04:30:48.075,1.44081,1.44091,1.87,1.10
2016.01.15 04:30:49.430,1.44081,1.44089,1.87,1.00
2016.01.15 04:30:49.946,1.44081,1.4409,1.12,1.00
2016.01.15 04:30:50.481,1.44081,1.44091,1.12,1.10
2016.01.15 04:30:50.889,1.44081,1.44087,1.12,1.00
2016.01.15 04:30:51.110,1.44079,1.44087,1.00,1.17
2016.01.15 04:30:51.161,1.44076,1.44086,1.87,1.10
2016.01.15 04:30:51.213,1.44076,1.44084,1.37,1.00
2016.01.15 04:30:53.153,1.44076,1.44084,1.00,1.00
2016.01.15 04:30:53.255,1.44076,1.44086,1.00,1.10
2016.01.15 04:30:53.773,1.44076,1.44087,1.50,1.75
2016.01.15 04:30:55.399,1.44077,1.44087,1.00,1.87
2016.01.15 04:30:55.553,1.44077,1.44087,1.00,1.20
2016.01.15 04:30:56.010,1.44079,1.44087,1.00,1.20
2016.01.15 04:30:56.315,1.44082,1.44087,1.00,1.00
2016.01.15 04:30:56.827,1.44082,1.44088,1.00,1.10
2016.01.15 04:31:00.217,1.44082,1.44086,1.00,1.00
2016.01.15 04:31:00.768,1.44082,1.44088,1.00,1.27
2016.01.15 04:31:01.201,1.44082,1.44085,1.00,1.00
2016.01.15 04:31:01.304,1.44077,1.44085,1.37,1.00
2016.01.15 04:31:01.406,1.44076,1.44087,1.50,2.62
2016.01.15 04:31:01.711,1.44078,1.44087,1.00,1.20
2016.01.15 04:31:02.013,1.44081,1.44086,1.00,1.10
2016.01.15 04:31:18.605,1.44081,1.44089,1.00,1.15
2016.01.15 04:31:22.769,1.44081,1.44087,1.00,1.00
2016.01.15 04:31:29.531,1.44081,1.44086,1.00,1.00
2016.01.15 04:31:31.629,1.44081,1.44088,1.00,1.17
2016.01.15 04:31:32.137,1.44081,1.44088,1.00,1.10
2016.01.15 04:31:32.729,1.44081,1.44086,1.00,1.00
2016.01.15 04:31:32.780,1.44081,1.44088,1.00,1.10
2016.01.15 04:31:40.706,1.44081,1.44086,1.00,1.00
2016.01.15 04:31:40.911,1.44077,1.44087,2.02,1.00
2016.01.15 04:31:44.394,1.44079,1.44087,1.00,1.00
2016.01.15 04:31:47.047,1.44079,1.44086,1.00,1.00
2016.01.15 04:31:49.517,1.44078,1.44088,1.00,1.00
2016.01.15 04:31:53.762,1.44079,1.44086,1.00,1.00
2016.01.15 04:31:54.480,1.44079,1.44088,1.00,1.00
2016.01.15 04:31:54.582,1.44081,1.44089,1.00,1.12
2016.01.15 04:31:54.685,1.44079,1.44089,1.12,1.00
2016.01.15 04:32:01.955,1.44079,1.44089,1.37,1.12
2016.01.15 04:32:02.972,1.44079,1.44089,1.00,1.00
2016.01.15 04:32:07.331,1.44078,1.44089,1.57,1.00
2016.01.15 04:32:07.535,1.44079,1.44087,1.00,1.00
2016.01.15 04:32:07.840,1.44071,1.44081,1.50,1.50
2016.01.15 04:32:08.370,1.4407,1.4408,1.10,1.50
2016.01.15 04:32:13.166,1.4407,1.4408,1.12,1.87
2016.01.15 04:32:17.346,1.44072,1.4408,1.00,1.87
2016.01.15 04:32:22.091,1.44072,1.4408,1.00,1.50
2016.01.15 04:32:22.651,1.44071,1.44079,1.00,1.00
2016.01.15 04:32:23.182,1.44072,1.44081,1.00,1.12
2016.01.15 04:32:23.690,1.44074,1.44081,1.10,1.00
2016.01.15 04:32:24.029,1.44075,1.44081,1.45,1.00
2016.01.15 04:32:24.285,1.44074,1.44081,1.20,1.00
2016.01.15 04:32:24.642,1.44072,1.44081,1.00,1.00
2016.01.15 04:32:25.270,1.44073,1.44081,1.00,1.12
2016.01.15 04:32:26.172,1.44072,1.44081,1.00,1.20
2016.01.15 04:32:27.807,1.44073,1.44081,1.00,1.20
2016.01.15 04:32:28.011,1.44075,1.44081,1.00,1.00
2016.01.15 04:32:28.519,1.44075,1.44081,1.47,1.00
2016.01.15 04:32:30.660,1.44076,1.44081,1.07,1.00
2016.01.15 04:32:31.645,1.44077,1.44087,1.12,1.00
2016.01.15 04:32:32.154,1.44077,1.44088,1.27,1.00
2016.01.15 04:32:33.110,1.44076,1.44086,2.70,1.00
2016.01.15 04:32:34.238,1.44076,1.44087,2.70,1.00
2016.01.15 04:32:34.778,1.44078,1.44086,1.10,1.00
2016.01.15 04:32:36.169,1.44077,1.44085,1.17,1.00
2016.01.15 04:32:36.424,1.44076,1.44087,1.57,1.00
2016.01.15 04:32:42.648,1.44077,1.44087,1.10,1.00
2016.01.15 04:32:42.902,1.44077,1.44087,1.20,1.00
2016.01.15 04:32:43.431,1.44077,1.44088,1.20,1.12
2016.01.15 04:32:44.952,1.44078,1.44087,1.07,1.00
2016.01.15 04:32:45.470,1.44077,1.44089,1.20,2.25
2016.01.15 04:32:52.454,1.44077,1.44086,1.20,1.00
2016.01.15 04:32:52.658,1.44073,1.44081,2.25,1.00
2016.01.15 04:32:52.811,1.4407,1.4408,1.50,1.12
2016.01.15 04:32:53.033,1.44069,1.44079,1.10,1.00
2016.01.15 04:32:53.542,1.44068,1.44079,1.10,1.00
2016.01.15 04:32:54.526,1.4407,1.44079,1.00,1.50
2016.01.15 04:32:55.034,1.44069,1.44079,1.00,1.00
2016.01.15 04:32:55.572,1.44069,1.4408,1.00,2.25
2016.01.15 04:32:56.084,1.4407,1.4408,1.00,2.25
2016.01.15 04:32:56.591,1.44071,1.4408,1.00,2.25
2016.01.15 04:32:58.540,1.4407,1.4408,1.00,1.50
2016.01.15 04:32:59.048,1.44071,1.4408,1.00,1.50
2016.01.15 04:32:59.858,1.4407,1.4408,1.00,1.50
2016.01.15 04:33:00.366,1.44071,1.4408,1.00,1.50
2016.01.15 04:33:01.189,1.44072,1.4408,1.00,1.50
2016.01.15 04:33:09.475,1.4407,1.4408,1.07,1.50
2016.01.15 04:33:09.685,1.44069,1.4408,1.00,2.25
2016.01.15 04:33:10.247,1.44068,1.4408,1.20,2.25
2016.01.15 04:33:10.763,1.44069,1.4408,1.00,2.62
2016.01.15 04:33:11.501,1.4407,1.44079,1.00,1.12
2016.01.15 04:33:15.903,1.44071,1.4408,1.00,1.37
2016.01.15 04:33:16.157,1.44074,1.4408,1.00,1.37
2016.01.15 04:33:16.687,1.44072,1.4408,1.17,1.12
2016.01.15 04:33:18.422,1.44072,1.4408,1.00,1.12
2016.01.15 04:33:19.880,1.44071,1.4408,1.10,1.12
2016.01.15 04:33:20.933,1.44072,1.4408,1.00,1.12
2016.01.15 04:33:21.612,1.4407,1.4408,1.27,1.12
2016.01.15 04:33:22.119,1.4407,1.4408,1.10,1.37
2016.01.15 04:33:26.760,1.4407,1.44079,1.15,1.00
2016.01.15 04:33:27.102,1.4407,1.4408,1.50,1.50
2016.01.15 04:33:27.613,1.44072,1.4408,1.20,1.12
2016.01.15 04:33:30.548,1.44075,1.4408,1.00,1.00
2016.01.15 04:33:31.123,1.44073,1.4408,1.27,1.00
2016.01.15 04:33:31.378,1.44072,1.4408,1.10,1.00
2016.01.15 04:33:33.262,1.44071,1.4408,1.00,2.25
2016.01.15 04:33:35.654,1.44072,1.4408,1.00,1.00
2016.01.15 04:33:35.705,1.44074,1.4408,1.00,1.00
2016.01.15 04:33:41.503,1.44072,1.4408,1.20,1.00
2016.01.15 04:33:48.160,1.44073,1.4408,1.00,1.00
2016.01.15 04:33:48.212,1.44075,1.4408,1.00,1.00
2016.01.15 04:33:48.743,1.44073,1.4408,1.17,1.00
2016.01.15 04:33:49.100,1.44071,1.4408,1.17,1.00
2016.01.15 04:33:49.628,1.44071,1.4408,1.00,1.12
2016.01.15 04:33:50.137,1.4407,1.4408,1.10,1.12
2016.01.15 04:33:52.009,1.44071,1.44079,1.00,1.00
2016.01.15 04:33:53.560,1.44069,1.4408,1.20,1.87
2016.01.15 04:33:54.067,1.44069,1.4408,1.20,2.25
2016.01.15 04:33:54.756,1.44067,1.44076,1.95,1.00
2016.01.15 04:33:54.960,1.44063,1.44073,1.37,1.12
2016.01.15 04:33:55.164,1.44063,1.44069,1.00,1.00
2016.01.15 04:33:55.216,1.44061,1.44069,1.00,1.00
2016.01.15 04:33:56.129,1.4406,1.44069,1.12,1.00
2016.01.15 04:33:56.231,1.44062,1.44069,1.00,1.00
2016.01.15 04:33:56.892,1.44061,1.44069,1.00,1.00
2016.01.15 04:33:57.385,1.44064,1.44069,1.00,1.00
2016.01.15 04:33:57.695,1.44065,1.44069,1.17,1.00
2016.01.15 04:33:59.663,1.44061,1.44069,1.57,1.00
2016.01.15 04:33:59.765,1.44061,1.44069,1.20,1.00
2016.01.15 04:34:01.763,1.44062,1.44069,1.00,1.00
2016.01.15 04:34:03.198,1.44061,1.44069,1.20,1.00
2016.01.15 04:34:04.009,1.4406,1.44069,1.00,1.00
2016.01.15 04:34:05.351,1.44062,1.44069,1.00,1.00
2016.01.15 04:34:05.860,1.44061,1.44069,1.20,1.00
2016.01.15 04:34:07.365,1.44058,1.44063,1.12,1.00
2016.01.15 04:34:07.584,1.44046,1.44053,5.02,1.00
2016.01.15 04:34:07.635,1.44046,1.44056,4.57,1.37
2016.01.15 04:34:07.687,1.44046,1.4405,1.75,1.00
2016.01.15 04:34:07.790,1.44043,1.44052,1.87,1.00
2016.01.15 04:34:07.842,1.44043,1.44052,1.50,1.50
2016.01.15 04:34:07.893,1.44043,1.44047,1.30,1.00
2016.01.15 04:34:07.944,1.44041,1.44043,1.00,1.00
2016.01.15 04:34:08.097,1.44039,1.44043,1.00,1.00
2016.01.15 04:34:08.250,1.44041,1.44043,1.00,1.00
2016.01.15 04:34:08.757,1.4404,1.44043,1.00,1.00
2016.01.15 04:34:09.454,1.44041,1.44048,1.00,1.00
2016.01.15 04:34:09.759,1.44045,1.4405,1.00,1.37
2016.01.15 04:34:09.911,1.44045,1.44052,1.17,1.12
2016.01.15 04:34:09.963,1.44048,1.44052,1.00,1.00
2016.01.15 04:34:10.493,1.44049,1.44052,1.00,1.00
2016.01.15 04:34:13.735,1.44048,1.44056,1.07,1.00
2016.01.15 04:34:13.787,1.44047,1.44058,1.57,1.12
2016.01.15 04:34:14.193,1.44048,1.44059,1.50,1.50
2016.01.15 04:34:15.719,1.44048,1.44057,1.50,1.00
2016.01.15 04:34:16.298,1.4405,1.44059,1.17,1.50
2016.01.15 04:34:16.844,1.44048,1.44057,1.50,1.00
2016.01.15 04:34:17.854,1.44048,1.44059,1.50,1.50
2016.01.15 04:34:18.380,1.44048,1.44057,1.50,1.00
2016.01.15 04:34:18.908,1.44047,1.44058,1.75,1.12
2016.01.15 04:34:19.966,1.44048,1.44057,1.50,1.00
2016.01.15 04:34:20.506,1.44047,1.44058,1.75,2.25
2016.01.15 04:34:21.486,1.44048,1.44057,1.45,1.00
2016.01.15 04:34:22.033,1.44048,1.44058,1.45,1.50
2016.01.15 04:34:24.328,1.44048,1.44059,1.50,1.87
2016.01.15 04:34:28.363,1.44048,1.44058,1.50,1.12
2016.01.15 04:34:29.506,1.4405,1.44059,1.17,1.00
2016.01.15 04:34:32.580,1.4405,1.44059,1.00,1.00
2016.01.15 04:34:33.857,1.4405,1.44059,1.00,1.37
2016.01.15 04:34:35.334,1.4405,1.44059,1.00,1.12
2016.01.15 04:34:41.384,1.4405,1.44059,1.00,1.87
2016.01.15 04:34:42.436,1.4405,1.44059,1.00,1.87
2016.01.15 04:34:44.379,1.4405,1.44059,1.00,1.87
2016.01.15 04:34:45.351,1.4405,1.44059,1.00,1.87
2016.01.15 04:34:47.779,1.4405,1.44058,1.00,1.00
2016.01.15 04:34:49.873,1.4405,1.44059,1.00,2.25
2016.01.15 04:34:52.105,1.44049,1.44059,1.00,1.50
2016.01.15 04:34:53.336,1.44051,1.44059,1.00,1.50
2016.01.15 04:34:55.279,1.44049,1.44059,1.00,1.00
2016.01.15 04:34:55.787,1.44049,1.4406,1.00,1.57
2016.01.15 04:34:56.396,1.44049,1.4406,1.00,1.57
2016.01.15 04:34:57.614,1.4405,1.44061,1.00,2.77
2016.01.15 04:35:05.662,1.44049,1.4406,1.10,1.65
2016.01.15 04:35:06.205,1.4405,1.4406,1.00,1.65
2016.01.15 04:35:07.125,1.4405,1.44062,1.12,5.77
2016.01.15 04:35:07.227,1.44052,1.44062,1.00,4.65
2016.01.15 04:35:07.541,1.44054,1.44063,1.20,1.00
2016.01.15 04:35:07.643,1.44057,1.44064,1.00,1.37
2016.01.15 04:35:07.746,1.44057,1.44065,1.00,1.00
2016.01.15 04:35:07.797,1.44059,1.44066,1.00,1.50
2016.01.15 04:35:07.950,1.44058,1.44069,1.45,1.00
2016.01.15 04:35:08.457,1.44059,1.4407,1.12,1.57
2016.01.15 04:35:08.964,1.44058,1.4407,1.20,1.57
2016.01.15 04:35:09.327,1.4406,1.4407,1.00,1.95
2016.01.15 04:35:09.834,1.44058,1.4407,1.57,1.95
2016.01.15 04:35:10.460,1.4406,1.44071,1.00,4.27
2016.01.15 04:35:10.664,1.44058,1.4407,1.57,2.32
2016.01.15 04:35:11.072,1.4406,1.4407,1.00,2.32
2016.01.15 04:35:11.606,1.44058,1.4407,1.47,1.57
2016.01.15 04:35:12.114,1.44058,1.4407,1.20,2.32
2016.01.15 04:35:12.470,1.44058,1.4407,1.95,1.10
2016.01.15 04:35:13.269,1.44058,1.4407,1.95,2.32
2016.01.15 04:35:13.778,1.44059,1.4407,1.37,1.10
2016.01.15 04:35:15.375,1.44059,1.44069,1.00,1.00
2016.01.15 04:35:15.903,1.44059,1.4407,1.00,1.20
2016.01.15 04:35:16.412,1.44059,1.4407,1.50,1.57
2016.01.15 04:35:18.077,1.44059,1.4407,1.12,1.95
2016.01.15 04:35:18.584,1.4406,1.4407,1.10,1.10
2016.01.15 04:35:19.190,1.44058,1.4407,1.57,4.95
2016.01.15 04:35:19.698,1.44058,1.4407,1.20,4.95
2016.01.15 04:35:30.871,1.44058,1.44068,1.15,4.12
2016.01.15 04:35:31.023,1.44056,1.44069,2.32,2.32
2016.01.15 04:35:31.531,1.44059,1.44069,1.00,2.32
2016.01.15 04:35:32.073,1.44056,1.44069,1.92,2.40
2016.01.15 04:35:32.582,1.44056,1.44067,1.92,1.00
2016.01.15 04:35:33.170,1.44056,1.44067,1.92,1.75
2016.01.15 04:35:33.628,1.44059,1.44068,1.00,1.47
2016.01.15 04:35:33.781,1.44057,1.44069,1.65,1.50
2016.01.15 04:35:33.984,1.4406,1.4407,1.12,1.27
2016.01.15 04:35:34.492,1.44058,1.44069,1.65,1.00
2016.01.15 04:35:35.030,1.44058,1.4407,1.65,1.27
2016.01.15 04:35:35.182,1.44058,1.4407,1.27,1.57
2016.01.15 04:35:35.690,1.44058,1.44069,1.65,1.12
2016.01.15 04:35:36.199,1.44058,1.44069,1.27,1.00
2016.01.15 04:35:37.064,1.44058,1.44071,1.27,2.40
2016.01.15 04:35:37.319,1.44058,1.44068,1.27,1.00
2016.01.15 04:35:37.539,1.44058,1.4407,1.27,1.27
2016.01.15 04:35:39.249,1.4406,1.4407,1.00,1.27
2016.01.15 04:35:40.058,1.44058,1.44069,1.65,1.00
2016.01.15 04:35:40.601,1.44058,1.44071,1.27,2.77
2016.01.15 04:35:41.210,1.44058,1.44071,1.57,2.02
2016.01.15 04:35:41.729,1.44058,1.4407,1.27,1.27
2016.01.15 04:35:42.186,1.44058,1.4407,1.27,4.65
2016.01.15 04:35:42.287,1.44058,1.4407,1.57,1.65
2016.01.15 04:35:43.250,1.44059,1.44067,1.00,1.00
2016.01.15 04:35:43.555,1.44059,1.4407,1.00,1.20
2016.01.15 04:35:45.211,1.44059,1.4407,1.00,4.65
2016.01.15 04:35:45.706,1.44059,1.44068,1.00,1.07
2016.01.15 04:35:47.672,1.44058,1.4407,1.50,1.87
2016.01.15 04:35:51.863,1.44058,1.44071,1.57,2.25
2016.01.15 04:35:52.334,1.44058,1.44071,1.95,2.62
2016.01.15 04:35:52.436,1.44058,1.4407,1.12,1.50
2016.01.15 04:35:52.606,1.44058,1.44069,1.95,1.20
2016.01.15 04:35:53.645,1.44058,1.44069,1.12,1.17
2016.01.15 04:35:54.246,1.44058,1.4407,1.12,1.50
2016.01.15 04:35:54.757,1.44058,1.4407,1.50,1.87
2016.01.15 04:35:55.721,1.44058,1.4407,1.12,1.50
2016.01.15 04:35:56.142,1.44055,1.44066,1.57,1.57
2016.01.15 04:35:57.854,1.44055,1.44065,1.00,1.37
2016.01.15 04:35:58.362,1.44055,1.44068,1.12,2.02
2016.01.15 04:35:58.983,1.44055,1.44066,1.12,1.00
2016.01.15 04:35:59.848,1.44055,1.44067,1.12,1.12
2016.01.15 04:35:59.951,1.44055,1.44067,1.50,1.12
2016.01.15 04:36:00.461,1.44058,1.44067,1.12,1.00
2016.01.15 04:36:00.614,1.44056,1.44067,1.12,1.00
2016.01.15 04:36:01.161,1.44056,1.44067,1.75,1.00
2016.01.15 04:36:01.314,1.44056,1.44067,1.12,1.00
2016.01.15 04:36:01.853,1.44056,1.44067,1.50,1.10
2016.01.15 04:36:02.360,1.44056,1.44069,1.75,1.95
2016.01.15 04:36:02.559,1.44056,1.44069,1.12,2.70
2016.01.15 04:36:02.813,1.44056,1.44069,1.50,1.95
2016.01.15 04:36:03.119,1.44055,1.44067,1.50,2.77
2016.01.15 04:36:03.632,1.44057,1.44067,1.12,1.00
2016.01.15 04:36:04.148,1.44058,1.44068,1.37,1.10
2016.01.15 04:36:05.360,1.44058,1.44068,1.00,1.10
2016.01.15 04:36:07.783,1.44058,1.44067,1.00,1.00
2016.01.15 04:36:09.741,1.44058,1.44068,1.00,1.57
2016.01.15 04:36:10.563,1.44058,1.44068,1.00,2.32
2016.01.15 04:36:10.665,1.44055,1.44066,1.12,1.57
2016.01.15 04:36:10.768,1.44057,1.44066,1.00,1.57
2016.01.15 04:36:11.023,1.44057,1.44068,1.37,1.12
2016.01.15 04:36:14.058,1.44056,1.44067,1.87,1.00
2016.01.15 04:36:14.110,1.44056,1.44066,1.37,1.75
2016.01.15 04:36:14.161,1.44056,1.44066,1.00,1.75
2016.01.15 04:36:17.053,1.44056,1.44065,1.12,1.00
2016.01.15 04:36:17.104,1.44057,1.44067,1.00,1.00
2016.01.15 04:36:17.257,1.44056,1.44067,1.00,1.75
2016.01.15 04:36:18.884,1.44055,1.44064,1.12,1.37
2016.01.15 04:36:21.924,1.44054,1.44064,1.00,1.87
2016.01.15 04:36:23.956,1.44054,1.44066,1.50,1.95
2016.01.15 04:36:24.484,1.44054,1.44066,1.87,1.87
2016.01.15 04:36:26.944,1.44055,1.44066,1.50,1.12
2016.01.15 04:36:27.453,1.44057,1.44067,1.00,1.00
2016.01.15 04:36:28.301,1.44056,1.44067,1.12,1.00
2016.01.15 04:36:28.831,1.44056,1.44068,1.12,1.12
2016.01.15 04:36:30.306,1.44057,1.44066,1.00,1.00
2016.01.15 04:36:30.807,1.44056,1.44067,1.50,1.00
2016.01.15 04:36:31.275,1.44058,1.44069,1.00,1.50
2016.01.15 04:36:35.512,1.44057,1.44069,1.50,1.95
2016.01.15 04:36:40.678,1.44057,1.44069,1.87,2.32
2016.01.15 04:36:41.390,1.44057,1.44069,1.87,1.95
2016.01.15 04:36:51.318,1.44058,1.4407,1.12,4.27
2016.01.15 04:36:52.301,1.44058,1.4407,1.50,4.65
2016.01.15 04:36:53.307,1.44058,1.4407,1.50,5.02
2016.01.15 04:36:57.329,1.44058,1.44069,1.50,1.57
2016.01.15 04:36:59.305,1.44058,1.44069,1.50,1.47
2016.01.15 04:37:04.042,1.44058,1.44068,1.37,1.00
2016.01.15 04:37:04.552,1.44058,1.44071,1.37,5.70
2016.01.15 04:37:08.124,1.44058,1.44071,1.00,5.40
2016.01.15 04:37:13.753,1.44058,1.44068,1.00,1.00
2016.01.15 04:37:15.112,1.44058,1.44069,1.00,1.12
2016.01.15 04:37:15.774,1.44058,1.44068,1.00,1.00
2016.01.15 04:37:16.284,1.44058,1.44069,1.00,1.12
2016.01.15 04:37:21.724,1.44057,1.44071,1.50,5.70
2016.01.15 04:37:22.262,1.44057,1.44068,1.50,1.00
2016.01.15 04:37:24.063,1.44057,1.44068,1.50,1.00
2016.01.15 04:37:25.217,1.44057,1.44069,1.50,1.12
2016.01.15 04:37:27.046,1.44057,1.44069,1.50,1.00
2016.01.15 04:37:29.947,1.44057,1.44069,1.50,1.50
2016.01.15 04:37:34.092,1.44059,1.44068,1.00,1.00
2016.01.15 04:37:40.171,1.4406,1.44069,1.00,1.00
2016.01.15 04:37:40.324,1.4406,1.44071,1.50,1.00
2016.01.15 04:37:40.528,1.44062,1.44071,1.00,1.00
2016.01.15 04:37:40.766,1.44066,1.44078,1.87,1.00
2016.01.15 04:37:40.868,1.44067,1.44079,1.27,1.12
2016.01.15 04:37:43.596,1.44066,1.44078,4.65,1.00
2016.01.15 04:37:45.007,1.44066,1.44078,1.65,1.00
2016.01.15 04:37:45.210,1.44066,1.44079,5.40,1.87
2016.01.15 04:37:49.089,1.44067,1.44078,1.65,1.00
2016.01.15 04:37:49.630,1.44067,1.44078,1.50,1.12
2016.01.15 04:37:50.841,1.44068,1.44079,1.00,1.10
2016.01.15 04:37:53.491,1.44068,1.44077,1.00,1.00
2016.01.15 04:37:55.881,1.44067,1.44079,1.50,1.20
2016.01.15 04:37:59.299,1.44067,1.44077,2.02,1.00
2016.01.15 04:38:00.873,1.44067,1.44079,1.65,1.10
2016.01.15 04:38:01.593,1.44068,1.44079,1.07,1.57
2016.01.15 04:38:07.015,1.44067,1.44079,1.65,1.57
2016.01.15 04:38:08.954,1.44067,1.44079,1.65,1.10
2016.01.15 04:38:11.564,1.44068,1.44079,1.10,1.47
2016.01.15 04:38:13.534,1.44068,1.44079,1.10,1.10
2016.01.15 04:38:14.071,1.44067,1.44079,1.55,1.95
2016.01.15 04:38:14.581,1.44067,1.44079,1.95,1.87
2016.01.15 04:38:15.488,1.44067,1.44079,1.95,1.87
2016.01.15 04:38:22.146,1.44067,1.44079,1.95,1.20
2016.01.15 04:38:22.913,1.44069,1.4408,1.95,1.00
2016.01.15 04:38:23.219,1.44073,1.44081,1.57,1.00
2016.01.15 04:38:23.374,1.44072,1.44081,1.57,1.00
2016.01.15 04:38:23.884,1.44073,1.44081,1.27,1.00
2016.01.15 04:38:24.089,1.44073,1.44085,1.27,1.27
2016.01.15 04:38:24.608,1.44073,1.44086,1.90,1.65
2016.01.15 04:38:26.895,1.44074,1.44084,1.17,1.00
2016.01.15 04:38:27.099,1.44072,1.44083,1.00,3.90
2016.01.15 04:38:27.614,1.44071,1.44083,1.00,5.02
2016.01.15 04:38:28.137,1.44071,1.44083,1.17,4.87
2016.01.15 04:38:30.312,1.4407,1.44082,1.57,3.75
2016.01.15 04:38:30.634,1.44068,1.4408,3.00,3.37
2016.01.15 04:38:31.091,1.44069,1.4408,1.20,1.00
2016.01.15 04:38:35.077,1.44067,1.44079,3.37,4.12
2016.01.15 04:38:35.128,1.44067,1.44077,3.00,1.00
2016.01.15 04:38:36.803,1.44068,1.44079,1.65,1.00
2016.01.15 04:38:38.968,1.44068,1.44079,1.20,1.20
2016.01.15 04:38:39.411,1.44068,1.44079,1.20,1.10
2016.01.15 04:38:39.724,1.44067,1.44078,1.12,2.62
2016.01.15 04:38:39.826,1.44066,1.44078,2.02,2.62
2016.01.15 04:38:40.131,1.44065,1.44077,1.65,4.87
2016.01.15 04:38:40.233,1.44065,1.44077,1.57,1.10
2016.01.15 04:38:40.505,1.44066,1.44078,1.07,3.45
2016.01.15 04:38:41.394,1.44066,1.44078,1.55,2.62
2016.01.15 04:38:44.039,1.44067,1.44079,1.57,1.95
2016.01.15 04:38:44.141,1.44072,1.4408,1.00,1.27
2016.01.15 04:38:44.243,1.44072,1.44083,1.00,1.57
2016.01.15 04:38:44.498,1.44075,1.44085,1.00,4.95
2016.01.15 04:38:44.702,1.44077,1.4409,1.57,4.57
2016.01.15 04:38:45.434,1.44076,1.44089,4.65,1.87
2016.01.15 04:38:45.739,1.44077,1.44089,1.10,1.50
2016.01.15 04:38:50.046,1.44077,1.44089,1.10,2.40
2016.01.15 04:38:50.580,1.44077,1.44088,1.00,1.17
2016.01.15 04:38:51.080,1.44077,1.44088,1.00,2.25
2016.01.15 04:38:51.414,1.44077,1.44088,1.00,1.17
2016.01.15 04:38:51.731,1.44077,1.44085,1.00,1.50
2016.01.15 04:38:51.833,1.44074,1.44085,1.50,2.32
2016.01.15 04:38:52.341,1.44074,1.44084,1.50,1.12
2016.01.15 04:38:52.809,1.44075,1.44087,1.50,3.82
2016.01.15 04:38:52.962,1.44075,1.44088,1.95,1.57
2016.01.15 04:38:53.064,1.44075,1.44088,2.32,1.57
2016.01.15 04:38:53.420,1.44075,1.44088,2.77,1.55
2016.01.15 04:38:55.788,1.44076,1.44089,2.32,4.57
2016.01.15 04:38:56.456,1.44076,1.44089,1.57,4.65
2016.01.15 04:38:59.228,1.44076,1.44089,1.57,4.12
2016.01.15 04:38:59.280,1.44076,1.44089,1.95,1.12
2016.01.15 04:38:59.788,1.44076,1.44089,2.25,1.12
2016.01.15 04:39:06.420,1.44077,1.44088,1.57,1.00
2016.01.15 04:39:07.339,1.44077,1.44088,1.27,1.00
2016.01.15 04:39:09.402,1.44078,1.44089,1.10,1.50
2016.01.15 04:39:09.946,1.44079,1.44089,1.00,1.00
2016.01.15 04:39:12.240,1.44078,1.44089,1.10,1.12
2016.01.15 04:39:28.802,1.44078,1.4409,1.07,1.95
2016.01.15 04:39:29.315,1.44077,1.4409,1.95,1.95
2016.01.15 04:39:33.252,1.44077,1.44088,1.95,1.00
2016.01.15 04:39:34.857,1.44077,1.44088,1.20,1.00
2016.01.15 04:39:35.360,1.44077,1.44088,1.65,1.00
2016.01.15 04:39:37.226,1.44077,1.44088,1.95,1.12
2016.01.15 04:39:39.919,1.44078,1.44087,1.10,1.00
2016.01.15 04:39:48.020,1.44077,1.44088,1.55,1.50
2016.01.15 04:39:52.783,1.44077,1.44088,1.82,1.12
2016.01.15 04:39:54.630,1.44076,1.44088,1.20,1.12
2016.01.15 04:40:04.387,1.44077,1.44086,1.27,1.00
2016.01.15 04:40:05.446,1.44077,1.44088,1.27,1.00
2016.01.15 04:40:05.650,1.44077,1.44088,1.57,1.00
2016.01.15 04:40:06.506,1.44077,1.44088,1.57,1.00
2016.01.15 04:40:08.873,1.44077,1.44086,2.32,1.00
2016.01.15 04:40:09.587,1.44077,1.44086,1.10,1.75
2016.01.15 04:40:09.639,1.44075,1.44085,1.20,1.50
2016.01.15 04:40:09.843,1.44073,1.44083,1.00,1.12
2016.01.15 04:40:09.945,1.44072,1.44081,1.20,1.00
2016.01.15 04:40:10.452,1.4407,1.44082,1.65,1.12
2016.01.15 04:40:10.995,1.44069,1.44081,2.02,1.37
2016.01.15 04:40:11.046,1.4407,1.44082,1.27,4.50
2016.01.15 04:40:11.200,1.44071,1.44082,1.37,1.50
2016.01.15 04:40:11.506,1.44074,1.44084,1.57,1.50
2016.01.15 04:40:11.917,1.44073,1.44083,1.20,1.12
2016.01.15 04:40:12.678,1.44072,1.44082,1.20,1.00
2016.01.15 04:40:13.208,1.44072,1.44082,1.17,1.00
2016.01.15 04:40:13.361,1.4407,1.44082,2.40,1.12
2016.01.15 04:40:13.820,1.44069,1.44081,1.57,4.50
2016.01.15 04:40:15.145,1.44069,1.44079,1.57,1.12
2016.01.15 04:40:19.809,1.44068,1.44078,1.57,1.00
2016.01.15 04:40:20.338,1.44068,1.44077,1.10,1.00
2016.01.15 04:40:21.168,1.44067,1.44077,2.02,1.00
2016.01.15 04:40:22.425,1.44067,1.44078,1.27,1.00
2016.01.15 04:40:23.173,1.44066,1.44078,1.57,1.00
2016.01.15 04:40:25.422,1.44066,1.44078,1.57,1.37
2016.01.15 04:40:25.944,1.44068,1.44078,1.20,1.00
2016.01.15 04:40:27.319,1.44066,1.44078,1.27,1.00
2016.01.15 04:40:30.206,1.44067,1.44078,1.00,1.00
2016.01.15 04:40:31.167,1.44067,1.44078,1.12,4.50
2016.01.15 04:40:31.269,1.44065,1.44078,2.77,1.12
2016.01.15 04:40:31.320,1.44065,1.44076,2.02,1.00
2016.01.15 04:40:31.944,1.44066,1.44076,1.47,1.00
2016.01.15 04:40:32.266,1.44066,1.44076,1.47,1.00
2016.01.15 04:40:33.121,1.44066,1.44076,1.47,1.00
2016.01.15 04:40:34.084,1.44066,1.44075,1.47,1.00
2016.01.15 04:40:35.075,1.44066,1.44075,1.20,1.00
2016.01.15 04:40:36.076,1.44066,1.44075,1.47,1.00
2016.01.15 04:40:39.095,1.44066,1.44075,1.20,1.00
2016.01.15 04:40:40.116,1.44066,1.44075,1.47,1.00
2016.01.15 04:40:41.127,1.44066,1.44075,1.12,1.00
2016.01.15 04:40:42.086,1.44066,1.44075,1.37,1.00
2016.01.15 04:40:42.726,1.44066,1.44075,1.37,1.00
2016.01.15 04:40:43.689,1.44066,1.44075,1.37,1.00
2016.01.15 04:40:45.765,1.44066,1.44075,1.12,1.00
2016.01.15 04:40:46.910,1.44066,1.44076,1.12,1.20
2016.01.15 04:40:47.855,1.44066,1.44076,1.37,1.20
2016.01.15 04:40:50.820,1.44066,1.44076,1.12,1.20
2016.01.15 04:40:51.121,1.44066,1.44076,1.87,1.20
2016.01.15 04:40:52.146,1.44066,1.44076,1.37,1.20
2016.01.15 04:40:56.176,1.44066,1.44076,1.12,1.10
2016.01.15 04:40:56.481,1.44066,1.44076,1.37,1.10
2016.01.15 04:40:56.997,1.44066,1.44075,1.87,1.00
2016.01.15 04:40:57.506,1.44066,1.44075,1.87,1.00
2016.01.15 04:41:00.986,1.44066,1.44074,1.37,1.00
2016.01.15 04:41:01.495,1.44063,1.44075,2.70,1.57
2016.01.15 04:41:05.236,1.44065,1.44076,1.12,1.20
2016.01.15 04:41:05.860,1.44066,1.44076,1.00,1.20
2016.01.15 04:41:06.542,1.44063,1.44076,2.62,1.27
2016.01.15 04:41:07.050,1.44065,1.44073,1.12,1.00
2016.01.15 04:41:07.558,1.44064,1.44073,1.00,1.00
2016.01.15 04:41:08.067,1.44063,1.44074,1.95,1.00
2016.01.15 04:41:08.575,1.44065,1.44074,1.50,1.50
2016.01.15 04:41:15.704,1.44065,1.44073,1.00,1.00
2016.01.15 04:41:16.211,1.44063,1.44073,2.02,1.00
2016.01.15 04:41:19.938,1.44065,1.44073,1.37,1.00
2016.01.15 04:41:20.550,1.44065,1.44072,1.37,1.00
2016.01.15 04:41:21.059,1.44065,1.44073,1.00,1.00
2016.01.15 04:41:21.591,1.44065,1.44072,1.00,1.00
2016.01.15 04:41:22.102,1.44063,1.44072,1.37,1.00
2016.01.15 04:41:23.290,1.44062,1.44071,2.77,1.00
2016.01.15 04:41:23.909,1.44063,1.44071,1.10,1.00
2016.01.15 04:41:24.453,1.44062,1.4407,1.37,1.00
2016.01.15 04:41:24.969,1.44064,1.44071,1.00,1.00
2016.01.15 04:41:25.477,1.44064,1.44072,1.00,1.00
2016.01.15 04:41:26.319,1.44064,1.44071,1.12,1.00
2016.01.15 04:41:26.826,1.44064,1.44072,1.00,1.00
2016.01.15 04:41:27.375,1.44062,1.44072,2.25,1.00
2016.01.15 04:41:27.681,1.44062,1.4407,1.37,1.00
2016.01.15 04:41:28.515,1.44062,1.4407,1.12,1.20
2016.01.15 04:41:30.059,1.44062,1.44072,1.37,1.65
2016.01.15 04:41:30.364,1.44064,1.44071,1.75,1.00
2016.01.15 04:41:30.972,1.44062,1.44071,1.57,1.00
2016.01.15 04:41:31.494,1.44063,1.4407,1.12,1.00
2016.01.15 04:41:35.712,1.44063,1.44071,1.00,1.27
2016.01.15 04:41:36.220,1.44063,1.4407,1.00,1.00
2016.01.15 04:41:36.744,1.44063,1.4407,1.00,1.17
2016.01.15 04:41:39.037,1.44063,1.44071,1.12,1.00
2016.01.15 04:41:40.133,1.44063,1.44071,1.37,1.00
2016.01.15 04:41:41.861,1.44063,1.44071,1.00,1.10
2016.01.15 04:41:41.963,1.44063,1.44073,1.87,1.20
2016.01.15 04:41:42.473,1.44065,1.44075,1.00,2.32
2016.01.15 04:41:42.794,1.44063,1.44071,1.57,1.00
2016.01.15 04:41:42.897,1.44062,1.44072,1.12,1.12
2016.01.15 04:41:43.100,1.44062,1.44071,1.50,3.82
2016.01.15 04:41:46.974,1.4406,1.44068,1.87,1.00
2016.01.15 04:41:47.279,1.44059,1.44069,1.12,2.62
2016.01.15 04:41:51.012,1.44058,1.44065,1.50,1.00
2016.01.15 04:41:51.302,1.44052,1.44062,2.32,1.50
2016.01.15 04:41:51.405,1.44052,1.4406,1.10,1.00
2016.01.15 04:41:51.458,1.4405,1.4406,1.00,1.07
2016.01.15 04:41:51.560,1.44049,1.44057,1.50,1.00
2016.01.15 04:41:51.818,1.44047,1.44056,1.87,1.57
2016.01.15 04:41:51.920,1.44047,1.44056,1.00,3.75
2016.01.15 04:41:52.023,1.44047,1.44057,1.00,1.57
2016.01.15 04:41:52.438,1.44047,1.44053,1.00,1.00
2016.01.15 04:41:52.895,1.44047,1.44057,1.12,1.50
2016.01.15 04:41:54.817,1.44047,1.44057,1.37,1.50
2016.01.15 04:41:56.637,1.44047,1.44055,1.47,1.00
2016.01.15 04:41:57.155,1.44047,1.44055,1.20,1.50
2016.01.15 04:42:01.447,1.44047,1.44057,1.12,1.57
2016.01.15 04:42:05.468,1.44047,1.44056,1.00,1.57
2016.01.15 04:42:06.000,1.44046,1.44056,1.12,1.57
2016.01.15 04:42:06.205,1.44046,1.44053,1.00,1.00
2016.01.15 04:42:06.535,1.44044,1.44053,1.50,1.00
2016.01.15 04:42:09.390,1.44044,1.44055,1.10,1.57
2016.01.15 04:42:11.499,1.44045,1.44055,1.00,1.57
2016.01.15 04:42:12.059,1.44044,1.44055,1.20,1.47
2016.01.15 04:42:12.465,1.44046,1.44055,1.00,1.37
2016.01.15 04:42:12.821,1.44044,1.44056,1.50,4.57
2016.01.15 04:42:13.357,1.44045,1.44055,1.00,1.55
2016.01.15 04:42:13.865,1.44044,1.44056,1.50,5.02
2016.01.15 04:42:14.373,1.44044,1.44056,1.50,5.32
2016.01.15 04:42:14.884,1.44043,1.44055,2.32,1.20
2016.01.15 04:42:15.392,1.44043,1.44055,1.87,1.65
2016.01.15 04:42:15.545,1.44043,1.44055,1.87,1.65
2016.01.15 04:42:16.053,1.44043,1.44055,2.25,1.55
2016.01.15 04:42:16.597,1.44044,1.44055,1.20,4.20
2016.01.15 04:42:17.105,1.44044,1.44054,1.12,1.10
2016.01.15 04:42:17.650,1.44043,1.44055,1.57,1.87
2016.01.15 04:42:18.160,1.44044,1.44054,1.12,1.50
2016.01.15 04:42:18.984,1.44041,1.44051,2.02,1.00
2016.01.15 04:42:19.188,1.4404,1.4405,1.50,1.50
2016.01.15 04:42:19.290,1.44039,1.44046,1.12,1.00
2016.01.15 04:42:19.915,1.44038,1.44049,2.25,1.57
2016.01.15 04:42:20.425,1.44038,1.44048,1.37,1.12
2016.01.15 04:42:22.185,1.44041,1.4405,1.00,4.65
2016.01.15 04:42:22.381,1.44042,1.44051,1.00,1.12
2016.01.15 04:42:22.585,1.44043,1.44049,1.00,1.00
2016.01.15 04:42:22.788,1.4404,1.44049,1.65,1.00
2016.01.15 04:42:24.951,1.44042,1.44049,1.00,1.00
2016.01.15 04:42:25.104,1.44042,1.44052,1.00,1.17
2016.01.15 04:42:25.611,1.44042,1.44052,1.12,1.00
2016.01.15 04:42:25.787,1.44041,1.44049,3.07,1.00
2016.01.15 04:42:25.889,1.44043,1.44052,1.10,1.00
2016.01.15 04:42:26.562,1.44043,1.44051,1.10,1.00
2016.01.15 04:42:27.115,1.44042,1.44052,1.20,1.12
2016.01.15 04:42:27.625,1.44042,1.44052,1.27,1.00
2016.01.15 04:42:28.560,1.44043,1.44051,1.10,1.00
2016.01.15 04:42:29.107,1.44043,1.44051,1.07,1.00
2016.01.15 04:42:29.614,1.44043,1.44051,1.00,1.00
2016.01.15 04:42:32.110,1.44042,1.44052,1.12,1.00
2016.01.15 04:42:32.212,1.44044,1.44052,1.00,1.50
2016.01.15 04:42:35.289,1.44043,1.44051,1.52,1.00
2016.01.15 04:42:35.596,1.44044,1.44052,1.87,1.50
2016.01.15 04:42:35.698,1.44044,1.44052,1.20,1.50
2016.01.15 04:42:36.702,1.44044,1.44052,1.57,1.50
2016.01.15 04:42:36.804,1.44044,1.44052,1.27,1.50
2016.01.15 04:42:37.313,1.44044,1.44052,1.20,1.50
2016.01.15 04:42:38.237,1.44044,1.44052,1.27,1.50
2016.01.15 04:42:38.827,1.44044,1.44052,1.27,1.50
2016.01.15 04:42:41.551,1.44042,1.44052,1.65,1.50
2016.01.15 04:42:41.704,1.44041,1.4405,2.25,1.00
2016.01.15 04:42:41.755,1.44041,1.4405,1.12,1.00
2016.01.15 04:42:42.212,1.44043,1.4405,1.00,1.00
2016.01.15 04:42:42.314,1.44043,1.44052,1.00,1.00
2016.01.15 04:42:42.582,1.44043,1.44049,1.00,1.00
2016.01.15 04:42:43.103,1.44042,1.44049,1.20,1.00
2016.01.15 04:42:43.459,1.44042,1.44052,1.20,1.50
2016.01.15 04:42:44.178,1.44043,1.44052,1.12,1.00
2016.01.15 04:42:44.687,1.44044,1.44052,1.00,1.50
2016.01.15 04:42:45.202,1.44043,1.44052,1.12,1.00
2016.01.15 04:42:49.624,1.44044,1.44052,1.00,1.50
2016.01.15 04:43:00.111,1.44044,1.44052,1.20,1.00
2016.01.15 04:43:00.640,1.44044,1.44052,1.07,1.00
2016.01.15 04:43:00.996,1.44046,1.44052,1.07,1.00
2016.01.15 04:43:01.512,1.44046,1.44052,1.00,1.00
2016.01.15 04:43:08.639,1.44045,1.44052,1.10,1.00
2016.01.15 04:43:09.174,1.44045,1.44052,1.17,1.00
2016.01.15 04:43:09.428,1.44047,1.44055,1.00,1.12
2016.01.15 04:43:09.974,1.44046,1.44056,1.00,1.37
2016.01.15 04:43:10.491,1.44046,1.44056,1.00,4.50
2016.01.15 04:43:19.969,1.44045,1.44056,1.10,4.50
2016.01.15 04:43:23.061,1.44046,1.44056,1.00,4.87
2016.01.15 04:43:23.215,1.44046,1.44057,1.00,1.65
2016.01.15 04:43:23.725,1.44046,1.44057,1.00,2.02
2016.01.15 04:43:30.926,1.44046,1.44057,1.00,1.27
2016.01.15 04:43:31.457,1.44045,1.44056,1.20,1.57
2016.01.15 04:43:31.559,1.44047,1.44056,1.00,1.57
2016.01.15 04:43:32.117,1.44046,1.44055,1.00,1.12
2016.01.15 04:43:32.629,1.44046,1.44055,1.07,1.12
2016.01.15 04:43:36.109,1.44046,1.44055,1.00,1.12
2016.01.15 04:43:37.158,1.44045,1.44054,1.20,1.00
2016.01.15 04:43:37.666,1.44044,1.44056,1.87,1.50
2016.01.15 04:43:43.332,1.44044,1.44056,1.95,1.57
2016.01.15 04:43:45.920,1.44044,1.44056,1.57,1.57
2016.01.15 04:43:46.428,1.44046,1.44055,1.00,1.00
2016.01.15 04:43:52.145,1.44045,1.44055,1.07,1.37
2016.01.15 04:43:55.432,1.44045,1.44055,1.20,1.12
2016.01.15 04:43:55.947,1.44045,1.44055,1.07,1.37
2016.01.15 04:44:12.025,1.44044,1.44056,1.50,4.50
2016.01.15 04:44:12.177,1.44044,1.44056,1.50,1.12
2016.01.15 04:44:12.279,1.44044,1.44056,1.87,1.12
2016.01.15 04:44:12.381,1.44044,1.44056,1.20,1.12
2016.01.15 04:44:13.560,1.44044,1.44056,1.95,4.87
2016.01.15 04:44:15.275,1.44043,1.44053,1.12,1.00
2016.01.15 04:44:15.580,1.4404,1.44049,2.25,1.00
2016.01.15 04:44:16.088,1.4404,1.44047,2.25,1.00
2016.01.15 04:44:35.017,1.44041,1.44046,1.12,1.00
2016.01.15 04:44:35.170,1.44038,1.44045,2.25,1.00
2016.01.15 04:44:35.272,1.44038,1.44045,1.65,1.00
2016.01.15 04:44:35.628,1.44035,1.44043,1.75,1.00
2016.01.15 04:44:35.730,1.44033,1.44043,1.65,1.12
2016.01.15 04:44:35.831,1.44031,1.44043,3.82,4.50
2016.01.15 04:44:36.093,1.44031,1.44043,3.07,1.20
2016.01.15 04:44:36.803,1.44032,1.44043,1.20,1.95
2016.01.15 04:44:39.797,1.44031,1.44043,3.00,1.87
2016.01.15 04:44:39.899,1.44031,1.44042,2.62,1.00
2016.01.15 04:44:40.001,1.44031,1.44042,2.62,3.75
2016.01.15 04:44:40.103,1.44031,1.44042,2.62,1.00
2016.01.15 04:44:45.687,1.44031,1.44041,2.32,1.00
2016.01.15 04:44:55.521,1.44031,1.4404,1.20,1.00
2016.01.15 04:45:04.306,1.44031,1.44041,1.57,1.12
2016.01.15 04:45:05.067,1.44031,1.44039,2.32,1.00
2016.01.15 04:45:05.188,1.44031,1.44039,1.20,1.00
2016.01.15 04:45:08.674,1.44031,1.44041,1.12,1.12
2016.01.15 04:45:09.258,1.44031,1.44041,1.37,1.50
2016.01.15 04:45:10.818,1.44031,1.44041,1.12,1.12
2016.01.15 04:45:15.496,1.4403,1.44041,1.57,1.37
2016.01.15 04:45:21.958,1.44031,1.44039,1.20,1.00
2016.01.15 04:45:22.464,1.4403,1.44039,1.65,1.00
2016.01.15 04:45:22.978,1.44029,1.4404,2.70,1.12
2016.01.15 04:45:23.497,1.4403,1.4404,1.17,1.12
2016.01.15 04:45:25.430,1.4403,1.4404,1.65,1.12
2016.01.15 04:45:25.937,1.4403,1.44039,1.65,1.00
2016.01.15 04:45:26.627,1.4403,1.44039,1.65,1.00
2016.01.15 04:45:27.252,1.4403,1.44039,1.95,1.00
2016.01.15 04:45:33.255,1.4403,1.4404,1.95,1.12
2016.01.15 04:45:39.208,1.44031,1.44041,1.27,1.00
2016.01.15 04:45:39.733,1.44032,1.44041,1.27,1.00
2016.01.15 04:45:48.958,1.44032,1.4404,1.27,1.00
2016.01.15 04:45:49.521,1.44031,1.44042,1.95,1.00
2016.01.15 04:45:59.888,1.44032,1.44042,1.20,1.12
2016.01.15 04:46:00.091,1.44034,1.44042,1.00,1.12
2016.01.15 04:46:03.107,1.44033,1.44041,1.17,1.00
2016.01.15 04:46:15.958,1.44033,1.44043,1.17,1.37
2016.01.15 04:46:20.343,1.44033,1.44043,1.00,1.37
2016.01.15 04:46:24.390,1.44033,1.44043,1.37,1.50
2016.01.15 04:46:25.375,1.44032,1.44042,1.57,1.12
2016.01.15 04:46:25.832,1.44032,1.4404,1.57,1.00
2016.01.15 04:46:26.360,1.44033,1.44041,1.00,1.00
2016.01.15 04:46:26.820,1.44033,1.44043,1.00,1.00
2016.01.15 04:46:27.349,1.44033,1.44043,1.17,1.00
2016.01.15 04:46:27.856,1.44033,1.44043,1.00,1.00
2016.01.15 04:46:41.141,1.44033,1.44043,1.00,3.00
2016.01.15 04:46:41.779,1.44034,1.44041,1.00,1.00
2016.01.15 04:46:42.323,1.44034,1.44042,1.00,1.12
2016.01.15 04:46:45.566,1.44034,1.44044,1.00,1.12
2016.01.15 04:46:57.481,1.44034,1.44044,1.37,1.12
2016.01.15 04:46:58.448,1.44034,1.44044,1.00,1.00
2016.01.15 04:46:59.000,1.44035,1.44045,1.00,1.50
2016.01.15 04:47:01.270,1.44034,1.44044,2.32,1.00
2016.01.15 04:47:01.778,1.44035,1.44045,1.00,1.00
2016.01.15 04:47:07.525,1.44035,1.44045,1.12,1.37
2016.01.15 04:47:08.527,1.44035,1.44045,1.12,1.12
2016.01.15 04:47:11.343,1.44034,1.44044,1.57,1.00
2016.01.15 04:47:12.601,1.44035,1.44045,1.00,1.00
2016.01.15 04:47:13.300,1.44034,1.44044,1.57,1.00
2016.01.15 04:47:13.810,1.44035,1.44045,1.00,1.00
2016.01.15 04:47:14.343,1.44034,1.44044,1.57,1.00
2016.01.15 04:47:14.852,1.44035,1.44045,1.00,1.00
2016.01.15 04:47:15.359,1.44034,1.44044,1.57,1.00
2016.01.15 04:47:15.893,1.44034,1.44044,1.57,1.00
2016.01.15 04:47:16.504,1.44034,1.44044,1.00,1.50
2016.01.15 04:47:17.027,1.44034,1.44044,1.00,1.12
2016.01.15 04:47:25.012,1.44034,1.44042,1.00,1.00
2016.01.15 04:47:43.816,1.44032,1.44043,2.02,1.50
2016.01.15 04:47:44.323,1.44032,1.44043,2.32,1.50
2016.01.15 04:47:53.657,1.44033,1.44043,1.57,1.12
2016.01.15 04:47:55.229,1.44033,1.44044,1.27,1.00
2016.01.15 04:48:05.112,1.44034,1.44043,1.20,1.00
2016.01.15 04:48:05.764,1.44034,1.44043,1.57,1.00
2016.01.15 04:48:08.274,1.44035,1.44044,1.00,1.00
2016.01.15 04:48:10.562,1.44035,1.44045,1.12,1.00
2016.01.15 04:48:11.324,1.44034,1.44045,2.77,1.00
2016.01.15 04:48:13.491,1.44036,1.44044,1.00,1.00
2016.01.15 04:48:14.401,1.44034,1.44045,2.02,1.00
2016.01.15 04:48:15.672,1.44034,1.44045,3.07,1.00
2016.01.15 04:48:16.017,1.44041,1.44046,1.00,1.00
2016.01.15 04:48:16.272,1.44042,1.44051,1.87,4.20
2016.01.15 04:48:16.374,1.44043,1.44052,1.87,1.00
2016.01.15 04:48:22.904,1.44044,1.44052,1.00,1.50
2016.01.15 04:48:36.366,1.44045,1.44052,1.00,1.00
2016.01.15 04:48:36.417,1.44047,1.44052,1.00,1.00
2016.01.15 04:48:36.570,1.44051,1.44059,1.00,1.17
2016.01.15 04:48:37.135,1.4405,1.44059,1.50,1.00
2016.01.15 04:48:37.186,1.44049,1.44057,1.95,1.00
2016.01.15 04:48:37.491,1.44046,1.44057,1.50,4.50
2016.01.15 04:48:38.150,1.44046,1.44057,1.37,1.12
2016.01.15 04:48:38.303,1.44046,1.44057,1.12,1.12
2016.01.15 04:48:40.825,1.44045,1.44056,3.07,1.00
2016.01.15 04:48:42.144,1.44045,1.44057,3.07,1.12
2016.01.15 04:48:42.245,1.44048,1.44059,1.00,5.32
2016.01.15 04:48:42.552,1.4405,1.44059,1.00,1.00
2016.01.15 04:48:43.343,1.44051,1.44059,1.00,1.00
2016.01.15 04:48:46.935,1.44051,1.44062,1.50,1.87
2016.01.15 04:48:47.443,1.44054,1.44062,1.00,1.67
2016.01.15 04:48:50.164,1.44051,1.44061,1.87,1.67
2016.01.15 04:48:50.317,1.4405,1.44061,2.25,1.67
2016.01.15 04:48:50.596,1.44051,1.44061,1.37,1.67
2016.01.15 04:48:52.898,1.44051,1.4406,1.50,1.67
2016.01.15 04:48:53.560,1.44052,1.44061,1.00,1.80
2016.01.15 04:48:54.087,1.44052,1.44061,1.50,1.67
2016.01.15 04:48:55.490,1.44051,1.4406,1.20,1.67
2016.01.15 04:48:56.359,1.4405,1.44059,1.12,1.50
2016.01.15 04:49:02.327,1.4405,1.44059,1.37,1.50
2016.01.15 04:49:06.669,1.4405,1.44057,1.37,1.00
2016.01.15 04:49:07.079,1.44047,1.44057,1.57,1.00
2016.01.15 04:49:07.181,1.44047,1.44055,2.62,1.00
2016.01.15 04:49:07.709,1.44045,1.44055,1.55,1.00
2016.01.15 04:49:08.115,1.44045,1.44054,1.20,1.00
2016.01.15 04:49:16.138,1.44045,1.44053,1.95,1.00
2016.01.15 04:49:19.161,1.44045,1.44055,1.20,1.00
2016.01.15 04:49:24.861,1.44046,1.44055,1.00,1.00
2016.01.15 04:49:25.412,1.44045,1.44054,1.95,1.00
2016.01.15 04:49:34.441,1.44045,1.44055,1.95,1.00
2016.01.15 04:49:48.071,1.44045,1.44057,1.50,1.12
2016.01.15 04:49:48.593,1.44046,1.44056,1.10,1.00
2016.01.15 04:49:49.165,1.44046,1.44055,1.10,1.00
2016.01.15 04:49:50.229,1.44045,1.44056,1.65,1.00
2016.01.15 04:49:50.829,1.44045,1.44055,1.27,1.00
2016.01.15 04:49:53.035,1.44044,1.44056,3.07,1.50
2016.01.15 04:49:59.398,1.44044,1.44056,2.70,1.50
2016.01.15 04:50:00.054,1.44046,1.44055,1.00,1.00
2016.01.15 04:50:01.143,1.44045,1.44056,1.17,1.50
2016.01.15 04:50:10.999,1.44046,1.44055,1.20,1.00
2016.01.15 04:50:14.059,1.44044,1.44056,3.07,1.12
2016.01.15 04:50:14.848,1.44044,1.44055,3.07,1.00
2016.01.15 04:50:15.254,1.44044,1.44053,1.55,1.00
2016.01.15 04:50:15.787,1.44044,1.44054,1.17,1.00
2016.01.15 04:50:16.337,1.44044,1.44053,1.17,1.00
2016.01.15 04:50:16.798,1.44041,1.44052,1.95,1.00
2016.01.15 04:50:17.116,1.44042,1.44054,1.27,1.12
2016.01.15 04:50:17.219,1.44043,1.44054,1.20,1.12
2016.01.15 04:50:19.036,1.44043,1.44053,1.45,1.00
2016.01.15 04:50:19.546,1.44043,1.44052,1.95,1.00
2016.01.15 04:50:19.902,1.44043,1.44054,1.45,1.00
2016.01.15 04:50:20.443,1.44043,1.44053,2.32,1.00
2016.01.15 04:50:22.831,1.44042,1.44054,5.02,1.00
2016.01.15 04:50:23.425,1.44045,1.44053,1.10,1.00
2016.01.15 04:50:23.783,1.44043,1.44055,2.32,1.12
2016.01.15 04:50:24.342,1.44043,1.44054,1.57,1.00
2016.01.15 04:50:27.818,1.44046,1.44056,1.00,1.87
2016.01.15 04:50:28.354,1.44046,1.44056,1.47,1.00
2016.01.15 04:50:29.116,1.44044,1.44054,4.95,1.00
2016.01.15 04:50:29.247,1.44044,1.44056,4.95,1.00
2016.01.15 04:50:29.606,1.44044,1.44054,1.47,1.00
2016.01.15 04:50:30.128,1.44044,1.44054,1.47,1.00
2016.01.15 04:50:35.841,1.44043,1.44055,1.92,1.00
2016.01.15 04:50:37.543,1.44043,1.44053,1.92,1.00
2016.01.15 04:50:37.635,1.44043,1.44055,1.92,1.00
2016.01.15 04:50:39.579,1.44042,1.44054,5.32,1.00
2016.01.15 04:50:40.088,1.44043,1.44055,1.92,1.00
2016.01.15 04:50:40.616,1.44042,1.44054,5.32,1.00
2016.01.15 04:50:41.123,1.44043,1.44055,1.92,1.00
2016.01.15 04:50:41.435,1.44043,1.44053,1.92,1.00
2016.01.15 04:50:41.638,1.44044,1.44056,1.57,1.50
2016.01.15 04:50:44.679,1.44044,1.44056,1.95,1.87
2016.01.15 04:50:48.643,1.44046,1.44055,1.00,1.12
2016.01.15 04:50:49.148,1.44045,1.44055,1.12,1.00
2016.01.15 04:50:55.433,1.44045,1.44055,1.50,1.12
2016.01.15 04:51:02.454,1.44045,1.44055,2.25,1.00
2016.01.15 04:51:03.108,1.44046,1.44055,1.07,1.00
2016.01.15 04:51:03.656,1.44045,1.44055,1.95,1.00
2016.01.15 04:51:07.483,1.44045,1.44057,1.95,2.25
2016.01.15 04:51:10.356,1.44046,1.44056,1.20,1.50
2016.01.15 04:51:11.362,1.44046,1.44056,1.20,1.50
2016.01.15 04:51:12.360,1.44046,1.44056,1.12,1.50
2016.01.15 04:51:30.993,1.44045,1.44057,1.27,1.00
2016.01.15 04:51:32.009,1.44045,1.44057,1.20,1.50
2016.01.15 04:51:33.456,1.44045,1.44057,1.17,1.12
2016.01.15 04:51:33.961,1.44045,1.44056,1.20,1.00
2016.01.15 04:51:38.058,1.44044,1.44056,2.32,1.00
2016.01.15 04:51:39.508,1.44045,1.44056,1.95,1.00
2016.01.15 04:51:40.019,1.44045,1.44057,1.57,1.10
2016.01.15 04:51:40.540,1.44045,1.44056,1.57,1.00
2016.01.15 04:51:42.246,1.44045,1.44056,1.95,1.00
2016.01.15 04:51:46.225,1.44044,1.44056,1.95,1.50
2016.01.15 04:51:55.467,1.44046,1.44056,1.00,1.57
2016.01.15 04:51:59.515,1.44047,1.44057,1.00,4.87
2016.01.15 04:52:00.524,1.44045,1.44055,1.27,1.12
2016.01.15 04:52:01.031,1.44045,1.44057,1.20,4.20
2016.01.15 04:52:01.537,1.44045,1.44056,1.20,1.12
2016.01.15 04:52:02.876,1.44044,1.44056,1.87,1.65
2016.01.15 04:52:03.606,1.44044,1.44056,1.50,1.65
2016.01.15 04:52:04.113,1.44045,1.44057,1.00,3.07
2016.01.15 04:52:04.647,1.44045,1.44056,1.00,1.17
2016.01.15 04:52:05.730,1.44046,1.44057,1.00,3.07
2016.01.15 04:52:06.238,1.44046,1.44057,1.00,2.02
2016.01.15 04:52:06.745,1.44044,1.44056,1.37,1.65
2016.01.15 04:52:16.686,1.44044,1.44056,1.57,1.20
2016.01.15 04:52:18.346,1.44044,1.44057,2.25,2.02
2016.01.15 04:52:18.448,1.44044,1.44057,1.57,2.02
2016.01.15 04:52:18.973,1.44044,1.44057,1.87,2.70
2016.01.15 04:52:28.209,1.44045,1.44057,1.57,4.95
2016.01.15 04:52:28.262,1.44049,1.44057,1.00,4.20
2016.01.15 04:52:28.519,1.44051,1.44058,1.20,1.00
2016.01.15 04:52:28.571,1.44051,1.4406,1.20,1.00
2016.01.15 04:52:29.192,1.44049,1.4406,1.12,1.87
2016.01.15 04:52:29.708,1.4405,1.4406,1.12,1.50
2016.01.15 04:52:29.912,1.44051,1.4406,1.12,1.10
2016.01.15 04:52:30.289,1.4405,1.44058,1.00,1.00
2016.01.15 04:52:30.442,1.44048,1.44058,1.00,1.27
2016.01.15 04:52:30.952,1.44047,1.44057,1.00,1.27
2016.01.15 04:52:32.715,1.44045,1.44057,1.27,1.27
2016.01.15 04:52:32.953,1.44045,1.44057,1.12,1.57
2016.01.15 04:52:33.918,1.44046,1.44058,1.00,2.25
2016.01.15 04:52:34.565,1.44045,1.44057,1.20,1.57
2016.01.15 04:52:35.450,1.44045,1.44057,1.50,1.57
2016.01.15 04:52:38.223,1.44045,1.44057,1.50,1.27
2016.01.15 04:52:41.112,1.44045,1.44057,1.87,1.95
2016.01.15 04:52:41.163,1.44045,1.44056,1.12,1.27
2016.01.15 04:52:43.848,1.44045,1.44058,1.65,2.32
2016.01.15 04:52:44.517,1.44045,1.44058,1.57,1.57
2016.01.15 04:52:45.028,1.44045,1.44057,1.20,1.20
2016.01.15 04:52:46.678,1.44047,1.44057,1.00,1.20
2016.01.15 04:52:46.729,1.44049,1.44057,1.00,1.20
2016.01.15 04:52:46.851,1.44049,1.44058,1.00,1.12
2016.01.15 04:52:47.156,1.44049,1.44058,1.00,1.45
2016.01.15 04:52:47.258,1.44049,1.44059,1.00,4.57
2016.01.15 04:52:47.945,1.4405,1.44058,1.00,1.20
2016.01.15 04:52:48.048,1.44052,1.44058,1.00,1.00
2016.01.15 04:52:48.355,1.44055,1.44059,1.00,1.00
2016.01.15 04:52:48.458,1.44053,1.44059,1.50,1.00
2016.01.15 04:52:49.915,1.44054,1.44059,1.00,1.00
2016.01.15 04:52:50.527,1.44053,1.44059,1.00,1.00
2016.01.15 04:52:50.799,1.44053,1.44059,1.00,1.20
2016.01.15 04:52:51.104,1.44053,1.44059,1.00,1.00
2016.01.15 04:52:52.503,1.44052,1.44059,1.12,1.00
2016.01.15 04:52:52.683,1.44052,1.44059,1.00,1.20
2016.01.15 04:52:52.734,1.4405,1.44059,1.50,1.20
2016.01.15 04:52:52.887,1.44048,1.44058,1.50,1.45
2016.01.15 04:52:52.989,1.44048,1.44058,1.12,1.17
2016.01.15 04:52:53.548,1.44047,1.44058,1.37,3.00
2016.01.15 04:52:53.884,1.44052,1.44058,1.00,1.57
2016.01.15 04:52:53.986,1.44051,1.4406,1.12,1.20
2016.01.15 04:52:54.493,1.44052,1.4406,1.00,1.00
2016.01.15 04:52:57.221,1.44051,1.4406,1.50,1.00
2016.01.15 04:52:57.793,1.44051,1.4406,1.50,1.00
2016.01.15 04:52:59.925,1.4405,1.44058,1.75,1.00
2016.01.15 04:53:00.129,1.44049,1.44058,1.87,1.27
2016.01.15 04:53:00.484,1.44047,1.44058,1.37,3.00
2016.01.15 04:53:01.009,1.44047,1.44057,1.37,1.07
2016.01.15 04:53:01.111,1.44047,1.44057,1.00,1.07
2016.01.15 04:53:02.763,1.44047,1.44057,1.00,1.27
2016.01.15 04:53:03.863,1.44047,1.44058,1.07,1.67
2016.01.15 04:53:04.018,1.4405,1.44058,1.00,1.67
2016.01.15 04:53:04.222,1.44048,1.44058,1.50,1.27
2016.01.15 04:53:04.744,1.44048,1.44058,1.50,1.35
2016.01.15 04:53:05.746,1.44048,1.44058,1.12,1.30
2016.01.15 04:53:06.257,1.44048,1.44058,1.12,2.55
2016.01.15 04:53:09.273,1.44048,1.44058,1.12,2.40
2016.01.15 04:53:09.817,1.44048,1.44058,1.12,1.80
2016.01.15 04:53:11.098,1.44049,1.44058,1.00,1.37
2016.01.15 04:53:14.123,1.4405,1.44058,1.00,1.65
2016.01.15 04:53:14.225,1.44052,1.44058,1.00,1.27
2016.01.15 04:53:14.378,1.44051,1.44059,1.00,1.00
2016.01.15 04:53:14.886,1.44051,1.44059,1.50,1.00
2016.01.15 04:53:15.211,1.44054,1.44059,1.00,1.00
2016.01.15 04:53:15.756,1.44053,1.44059,1.00,1.00
2016.01.15 04:53:16.489,1.44054,1.44059,1.00,1.00
2016.01.15 04:53:16.997,1.44053,1.44059,1.00,1.00
2016.01.15 04:53:17.671,1.44054,1.44059,1.00,1.00
2016.01.15 04:53:20.596,1.44055,1.44059,1.00,1.00
2016.01.15 04:53:21.105,1.44054,1.44059,1.12,1.00
2016.01.15 04:53:21.639,1.44055,1.44059,1.00,1.00
2016.01.15 04:53:22.164,1.44053,1.44059,1.00,1.00
2016.01.15 04:53:25.921,1.44055,1.44059,1.00,1.00
2016.01.15 04:53:27.541,1.44054,1.44059,1.00,1.00
2016.01.15 04:53:33.925,1.44054,1.4406,1.00,1.00
2016.01.15 04:53:38.507,1.44052,1.4406,1.47,1.00
2016.01.15 04:53:39.968,1.44051,1.4406,1.07,1.00
2016.01.15 04:53:40.476,1.44053,1.4406,1.00,1.00
2016.01.15 04:53:42.297,1.44053,1.44062,1.00,1.57
2016.01.15 04:53:42.835,1.44053,1.44062,1.17,1.00
2016.01.15 04:53:47.461,1.44053,1.44058,1.27,1.00
2016.01.15 04:53:47.665,1.44052,1.44058,1.20,1.00
2016.01.15 04:53:47.817,1.44052,1.4406,1.20,1.00
2016.01.15 04:53:48.545,1.44051,1.4406,1.12,1.00
2016.01.15 04:53:48.900,1.44051,1.4406,4.12,1.00
2016.01.15 04:53:50.591,1.44053,1.4406,1.12,1.00
2016.01.15 04:53:55.187,1.44052,1.44057,1.07,1.00
2016.01.15 04:53:55.493,1.44049,1.44057,2.02,1.00
2016.01.15 04:53:56.675,1.4405,1.44058,1.52,1.50
2016.01.15 04:53:56.929,1.44053,1.44061,1.00,1.87
2016.01.15 04:53:57.133,1.44054,1.44063,1.12,1.50
2016.01.15 04:53:57.967,1.44055,1.44063,1.00,1.50
2016.01.15 04:53:58.477,1.44054,1.44063,1.12,1.00
2016.01.15 04:53:58.883,1.44055,1.44065,1.00,1.57
2016.01.15 04:53:59.390,1.44054,1.44065,1.95,1.50
2016.01.15 04:53:59.922,1.44054,1.44065,1.95,1.65
2016.01.15 04:54:00.432,1.44055,1.44065,1.57,1.57
2016.01.15 04:54:02.528,1.44054,1.44063,1.75,1.00
2016.01.15 04:54:03.060,1.44055,1.44063,1.00,1.50
2016.01.15 04:54:06.258,1.44055,1.44061,1.00,1.00
2016.01.15 04:54:06.765,1.44053,1.44061,1.57,1.00
2016.01.15 04:54:07.267,1.44055,1.44061,1.12,1.00
2016.01.15 04:54:10.244,1.44053,1.44061,1.20,1.00
2016.01.15 04:54:13.140,1.44053,1.44061,1.57,1.00
2016.01.15 04:54:15.243,1.44053,1.44061,1.57,1.50
2016.01.15 04:54:15.790,1.44053,1.44061,1.20,1.50
2016.01.15 04:54:19.929,1.44053,1.44061,1.50,1.50
2016.01.15 04:54:21.933,1.44053,1.44061,1.50,1.50
2016.01.15 04:54:26.307,1.44053,1.44061,1.50,1.50
2016.01.15 04:54:29.540,1.44053,1.44061,1.12,1.50
2016.01.15 04:54:31.201,1.44053,1.44061,1.47,1.00
2016.01.15 04:54:34.775,1.44054,1.44061,1.00,1.00
2016.01.15 04:54:35.098,1.44054,1.44061,1.50,1.00
2016.01.15 04:54:37.101,1.44053,1.44061,1.57,1.00
2016.01.15 04:54:38.953,1.44053,1.4406,1.95,1.00
2016.01.15 04:54:39.461,1.44053,1.4406,1.00,1.00
2016.01.15 04:54:40.384,1.44052,1.44057,1.47,1.00
2016.01.15 04:54:40.910,1.4405,1.44057,1.57,1.50
2016.01.15 04:54:41.797,1.44053,1.44063,1.37,1.00
2016.01.15 04:54:42.348,1.44055,1.44064,1.00,1.00
2016.01.15 04:54:44.661,1.44055,1.44065,1.00,1.00
2016.01.15 04:54:45.321,1.44055,1.44066,1.57,1.50
2016.01.15 04:54:45.518,1.44056,1.44064,1.00,1.00
2016.01.15 04:54:45.569,1.44055,1.44066,1.57,1.50
2016.01.15 04:54:46.333,1.44056,1.44066,1.00,1.50
2016.01.15 04:54:50.703,1.44059,1.44068,1.50,3.52
2016.01.15 04:54:51.006,1.44062,1.44071,1.12,1.20
2016.01.15 04:54:51.362,1.44062,1.44073,2.62,1.12
2016.01.15 04:54:52.647,1.44061,1.44071,1.50,1.00
2016.01.15 04:54:53.154,1.44061,1.44071,1.50,1.17
2016.01.15 04:54:53.510,1.44061,1.44073,1.50,2.70
2016.01.15 04:54:53.561,1.44061,1.44073,1.50,2.02
2016.01.15 04:54:53.815,1.44061,1.44071,1.50,1.00
2016.01.15 04:54:54.032,1.44059,1.44071,2.32,1.12
2016.01.15 04:54:54.287,1.44061,1.44071,1.00,1.12
2016.01.15 04:54:54.541,1.44062,1.44074,1.00,2.25
2016.01.15 04:54:54.746,1.44062,1.44074,1.75,1.50
2016.01.15 04:54:56.663,1.44061,1.44074,1.87,1.50
2016.01.15 04:54:58.065,1.44061,1.44072,1.27,1.00
2016.01.15 04:54:58.167,1.44059,1.44072,2.62,1.17
2016.01.15 04:54:58.370,1.44059,1.44072,1.50,2.40
2016.01.15 04:54:58.736,1.44058,1.4407,1.37,1.50
2016.01.15 04:54:58.787,1.44057,1.44068,1.12,1.00
2016.01.15 04:54:59.296,1.44057,1.44068,1.00,1.50
2016.01.15 04:54:59.825,1.44057,1.44068,1.12,1.00
2016.01.15 04:55:05.840,1.44057,1.44068,1.50,1.37
2016.01.15 04:55:07.340,1.44055,1.44067,1.07,1.00
2016.01.15 04:55:08.039,1.44055,1.44067,1.00,1.00
2016.01.15 04:55:14.931,1.44054,1.44066,1.87,3.37
2016.01.15 04:55:15.440,1.44054,1.44067,1.50,4.57
2016.01.15 04:55:21.896,1.44055,1.44066,1.00,4.57
2016.01.15 04:55:22.802,1.44053,1.44066,1.37,3.82
2016.01.15 04:55:23.309,1.44053,1.44067,1.50,2.40
2016.01.15 04:55:33.427,1.44053,1.44066,1.37,4.57
2016.01.15 04:55:33.631,1.44052,1.44063,1.50,1.00
2016.01.15 04:55:33.888,1.44051,1.44063,1.50,4.65
2016.01.15 04:55:34.802,1.44051,1.44062,1.50,1.20
2016.01.15 04:55:35.498,1.44051,1.44062,1.50,1.10
2016.01.15 04:55:37.091,1.44051,1.44063,1.87,1.57
2016.01.15 04:55:37.696,1.44051,1.44063,1.87,1.57
2016.01.15 04:55:39.256,1.44053,1.44063,1.00,1.57
2016.01.15 04:55:41.522,1.44055,1.44065,1.00,1.65
2016.01.15 04:55:41.623,1.44055,1.44067,1.50,1.20
2016.01.15 04:55:41.827,1.44056,1.44068,1.50,1.10
2016.01.15 04:55:49.640,1.44055,1.44068,1.87,1.95
2016.01.15 04:55:50.612,1.44055,1.44067,1.87,1.00
2016.01.15 04:55:55.408,1.44055,1.44067,1.00,2.25
2016.01.15 04:55:56.735,1.44055,1.44067,1.37,2.25
2016.01.15 04:55:58.776,1.44055,1.44067,1.12,2.25
2016.01.15 04:56:08.129,1.44054,1.44067,1.20,2.32
2016.01.15 04:56:13.169,1.44054,1.44066,1.57,1.00
2016.01.15 04:56:19.666,1.44054,1.44067,1.95,1.87
2016.01.15 04:56:22.312,1.44054,1.44067,1.95,1.50
2016.01.15 04:56:22.829,1.44054,1.44067,1.27,1.50
2016.01.15 04:56:24.286,1.44054,1.44067,1.15,5.25
2016.01.15 04:56:27.326,1.44053,1.44064,1.45,1.50
2016.01.15 04:56:27.378,1.44052,1.44064,2.25,4.87
2016.01.15 04:56:27.531,1.44052,1.44062,1.50,1.50
2016.01.15 04:56:28.040,1.44052,1.44062,1.00,1.50
2016.01.15 04:56:28.274,1.44053,1.44062,1.55,1.00
2016.01.15 04:56:29.960,1.44053,1.4406,2.02,1.00
2016.01.15 04:56:30.468,1.44053,1.4406,1.12,1.00
2016.01.15 04:56:41.703,1.44054,1.44062,1.00,1.00
2016.01.15 04:56:41.957,1.44055,1.44065,1.10,1.50
2016.01.15 04:56:42.538,1.44055,1.44065,1.65,1.00
2016.01.15 04:56:44.213,1.44056,1.44067,1.20,1.00
2016.01.15 04:56:45.112,1.44057,1.44066,1.00,1.00
2016.01.15 04:56:45.266,1.44057,1.44068,1.00,1.50
2016.01.15 04:56:45.317,1.44057,1.44068,1.00,4.50
2016.01.15 04:56:47.343,1.44056,1.44066,1.57,1.12
2016.01.15 04:56:50.166,1.44056,1.44066,1.57,1.12
2016.01.15 04:56:50.472,1.44055,1.44067,1.55,1.37
2016.01.15 04:56:52.942,1.44057,1.44066,1.00,1.12
2016.01.15 04:56:54.480,1.44056,1.44066,1.20,1.12
2016.01.15 04:56:55.011,1.44057,1.44066,1.00,1.12
2016.01.15 04:56:55.520,1.44056,1.44067,1.20,1.37
2016.01.15 04:56:56.734,1.44057,1.44068,1.00,6.00
2016.01.15 04:56:58.602,1.44056,1.44067,1.20,1.37
2016.01.15 04:56:59.124,1.44057,1.44067,1.00,1.37
2016.01.15 04:57:00.591,1.44054,1.44066,2.32,1.12
2016.01.15 04:57:01.141,1.44057,1.44066,1.00,1.12
2016.01.15 04:57:01.748,1.44057,1.44067,1.12,1.87
2016.01.15 04:57:02.920,1.44056,1.44066,1.57,1.00
2016.01.15 04:57:08.171,1.44055,1.44065,2.02,1.00
2016.01.15 04:57:10.022,1.44056,1.44065,1.20,1.00
2016.01.15 04:57:11.534,1.44053,1.44065,1.57,1.12
2016.01.15 04:57:11.890,1.44053,1.44065,1.57,1.12
2016.01.15 04:57:12.352,1.44053,1.44065,1.87,1.12
2016.01.15 04:57:19.032,1.44054,1.44066,2.02,1.12
2016.01.15 04:57:20.291,1.44056,1.44067,1.27,2.25
2016.01.15 04:57:22.082,1.44056,1.44067,1.65,1.50
2016.01.15 04:57:23.139,1.44056,1.44067,2.25,1.00
2016.01.15 04:57:24.083,1.44056,1.44067,2.25,1.37
2016.01.15 04:57:26.793,1.44056,1.44067,2.62,1.00
2016.01.15 04:57:30.162,1.44056,1.44066,1.95,1.00
2016.01.15 04:57:38.929,1.44057,1.44067,1.27,1.50
2016.01.15 04:57:39.437,1.44057,1.44067,1.20,1.00
2016.01.15 04:57:40.597,1.44055,1.44068,1.95,1.50
2016.01.15 04:57:41.105,1.44056,1.44068,1.20,2.25
2016.01.15 04:57:41.634,1.44055,1.44067,1.90,1.12
2016.01.15 04:57:42.181,1.44056,1.44067,1.45,1.12
2016.01.15 04:57:45.381,1.44056,1.44068,1.20,4.50
2016.01.15 04:57:48.731,1.44055,1.44068,1.95,1.87
2016.01.15 04:57:50.787,1.44058,1.44068,1.47,1.00
2016.01.15 04:57:51.298,1.44059,1.44067,1.37,1.50
2016.01.15 04:57:51.958,1.44059,1.44067,1.65,1.00
2016.01.15 04:57:55.844,1.4406,1.44067,1.37,1.00
2016.01.15 04:58:03.121,1.44059,1.44067,1.95,1.00
2016.01.15 04:58:07.981,1.4406,1.44067,1.12,1.00
2016.01.15 04:58:09.407,1.4406,1.44071,1.12,1.57
2016.01.15 04:58:09.559,1.4406,1.44072,1.95,2.32
2016.01.15 04:58:10.033,1.4406,1.44068,1.95,1.00
2016.01.15 04:58:10.338,1.44058,1.44069,1.00,1.87
2016.01.15 04:58:10.859,1.44058,1.44068,1.00,1.00
2016.01.15 04:58:12.490,1.44057,1.44068,1.27,1.50
2016.01.15 04:58:13.100,1.44057,1.44068,1.12,1.57
2016.01.15 04:58:13.813,1.44058,1.44067,1.00,1.10
2016.01.15 04:58:14.351,1.44057,1.44068,1.50,1.50
2016.01.15 04:58:25.071,1.44057,1.44068,1.20,1.12
2016.01.15 04:58:26.740,1.44057,1.44068,1.12,1.12
2016.01.15 04:58:27.280,1.44057,1.44068,1.37,1.12
2016.01.15 04:58:28.300,1.44058,1.44068,1.12,1.27
2016.01.15 04:58:29.446,1.44057,1.44069,1.37,4.27
2016.01.15 04:58:29.957,1.44058,1.44067,1.12,1.00
2016.01.15 04:58:30.255,1.44059,1.44068,1.07,1.00
2016.01.15 04:58:30.778,1.44059,1.44068,1.00,1.00
2016.01.15 04:58:32.043,1.44058,1.44068,1.50,1.10
2016.01.15 04:58:32.416,1.44058,1.4407,1.12,2.70
2016.01.15 04:58:33.076,1.44058,1.44069,1.12,1.00
2016.01.15 04:58:34.187,1.44058,1.4407,1.12,2.62
2016.01.15 04:58:34.745,1.44058,1.44069,1.12,1.00
2016.01.15 04:58:35.032,1.44061,1.4407,1.00,1.37
2016.01.15 04:58:35.339,1.44068,1.44077,1.00,1.57
2016.01.15 04:58:35.847,1.44067,1.44077,1.50,1.27
2016.01.15 04:58:36.000,1.44065,1.44077,1.27,1.12
2016.01.15 04:58:41.812,1.44066,1.44076,1.00,1.00
2016.01.15 04:58:44.032,1.44065,1.44077,1.50,1.20
2016.01.15 04:58:49.218,1.44065,1.44077,1.50,1.10
2016.01.15 04:58:52.325,1.44065,1.44078,1.50,1.65
2016.01.15 04:58:54.782,1.44067,1.44077,1.00,1.20
2016.01.15 04:58:55.469,1.44066,1.44078,1.57,1.50
2016.01.15 04:58:58.694,1.44068,1.44078,1.00,1.20
2016.01.15 04:59:10.261,1.44069,1.44078,1.00,1.10
2016.01.15 04:59:12.121,1.4407,1.4408,1.00,1.57
2016.01.15 04:59:12.173,1.44072,1.4408,1.00,1.17
2016.01.15 04:59:12.377,1.44075,1.44085,1.00,2.32
2016.01.15 04:59:12.656,1.44076,1.44087,1.12,1.50
2016.01.15 04:59:12.708,1.44076,1.44087,1.50,1.10
2016.01.15 04:59:13.166,1.44076,1.44088,1.12,1.27
2016.01.15 04:59:14.388,1.44077,1.4409,1.00,6.00
2016.01.15 04:59:18.600,1.44077,1.44089,1.12,3.90
2016.01.15 04:59:19.108,1.44077,1.44089,1.50,1.15
2016.01.15 04:59:28.818,1.44076,1.44088,1.00,1.20
2016.01.15 04:59:34.409,1.44075,1.44089,1.87,1.65
2016.01.15 04:59:34.952,1.44075,1.44089,1.87,1.87
2016.01.15 04:59:35.464,1.44075,1.44089,1.87,2.25
2016.01.15 04:59:42.288,1.44076,1.44087,1.50,1.00
2016.01.15 04:59:50.632,1.44075,1.44087,1.37,1.50
2016.01.15 04:59:51.288,1.44075,1.44087,1.12,1.65
2016.01.15 04:59:53.442,1.44075,1.44087,1.37,1.17
