2014.11.12 03:00:00.062,1.59132,1.59148,1.19,2.06
2014.11.12 03:00:00.569,1.59132,1.59147,1.19,1.52
2014.11.12 03:00:00.771,1.59131,1.59146,1.25,2.06
2014.11.12 03:00:00.873,1.59127,1.59145,1.64,1.20
2014.11.12 03:00:01.583,1.59128,1.59144,1.25,1.39
2014.11.12 03:00:02.578,1.59126,1.59142,1.29,1.39
2014.11.12 03:00:03.802,1.59126,1.59142,1.29,1.39
2014.11.12 03:00:04.614,1.59128,1.59142,1.19,1.39
2014.11.12 03:00:05.593,1.59128,1.59142,1.25,1.39
2014.11.12 03:00:05.897,1.59128,1.59142,1.25,1.66
2014.11.12 03:00:06.442,1.59128,1.59142,1.25,1.66
2014.11.12 03:00:06.985,1.59127,1.59141,1.19,1.67
2014.11.12 03:00:07.588,1.59126,1.59141,1.19,1.39
2014.11.12 03:00:09.637,1.59127,1.59141,1.19,1.30
2014.11.12 03:00:13.900,1.59127,1.5914,1.19,1.20
2014.11.12 03:00:14.930,1.59124,1.5914,1.19,1.67
2014.11.12 03:00:15.959,1.59125,1.5914,1.19,1.39
2014.11.12 03:00:16.535,1.59125,1.59142,1.19,2.89
2014.11.12 03:00:17.526,1.59127,1.59142,1.25,2.89
2014.11.12 03:00:17.932,1.59128,1.59142,1.26,1.25
2014.11.12 03:00:18.237,1.5913,1.59145,1.39,1.19
2014.11.12 03:00:18.542,1.59132,1.59146,1.36,1.00
2014.11.12 03:00:18.964,1.59134,1.59146,1.29,1.00
2014.11.12 03:00:19.065,1.59137,1.5915,1.29,1.50
2014.11.12 03:00:19.623,1.59137,1.5915,1.19,1.57
2014.11.12 03:00:19.928,1.59135,1.59145,1.39,1.00
2014.11.12 03:00:20.181,1.59137,1.59151,1.25,1.39
2014.11.12 03:00:20.383,1.59137,1.59146,1.25,1.00
2014.11.12 03:00:20.434,1.59134,1.59146,1.84,1.00
2014.11.12 03:00:22.119,1.59133,1.59146,1.26,1.00
2014.11.12 03:00:23.963,1.59133,1.5915,1.26,1.39
2014.11.12 03:00:24.425,1.59135,1.59149,1.19,1.07
2014.11.12 03:00:25.055,1.59135,1.59149,1.39,1.00
2014.11.12 03:00:25.588,1.59137,1.59149,1.25,1.00
2014.11.12 03:00:27.898,1.59136,1.59149,1.25,1.00
2014.11.12 03:00:28.928,1.59136,1.59149,1.19,1.00
2014.11.12 03:00:32.922,1.59136,1.59149,1.25,1.00
2014.11.12 03:00:33.927,1.59136,1.59149,1.19,1.00
2014.11.12 03:00:35.018,1.59137,1.59149,1.19,1.00
2014.11.12 03:00:37.022,1.59136,1.59149,1.19,1.00
2014.11.12 03:00:37.527,1.59136,1.59149,1.19,1.17
2014.11.12 03:00:38.091,1.59136,1.59149,1.19,1.00
2014.11.12 03:00:43.582,1.59133,1.59149,2.44,1.19
2014.11.12 03:00:44.039,1.59133,1.59145,1.36,1.00
2014.11.12 03:00:44.545,1.59131,1.59145,1.97,1.19
2014.11.12 03:00:46.334,1.59129,1.59145,1.01,1.19
2014.11.12 03:00:50.100,1.59126,1.59144,3.19,1.46
2014.11.12 03:00:50.202,1.59125,1.59142,1.10,1.87
2014.11.12 03:00:50.406,1.59125,1.59138,1.00,1.76
2014.11.12 03:00:50.458,1.59121,1.59138,1.19,1.76
2014.11.12 03:00:50.511,1.59121,1.59137,1.00,1.97
2014.11.12 03:00:50.663,1.59117,1.59134,1.36,1.01
2014.11.12 03:00:50.714,1.59116,1.59133,1.76,1.19
2014.11.12 03:00:51.222,1.59116,1.59133,1.57,1.19
2014.11.12 03:00:51.273,1.59116,1.59134,1.76,1.76
2014.11.12 03:00:52.280,1.59116,1.59134,1.76,1.76
2014.11.12 03:00:56.434,1.5912,1.59134,1.25,1.66
2014.11.12 03:00:56.728,1.5912,1.59134,1.19,1.10
2014.11.12 03:00:57.943,1.59123,1.59134,1.19,1.00
2014.11.12 03:01:03.452,1.59123,1.59134,2.81,1.00
2014.11.12 03:01:03.656,1.59126,1.59139,1.76,1.00
2014.11.12 03:01:04.172,1.59129,1.59139,1.09,1.00
2014.11.12 03:01:04.579,1.59131,1.59139,1.26,1.00
2014.11.12 03:01:04.732,1.59132,1.59144,1.29,1.00
2014.11.12 03:01:05.237,1.59132,1.59144,1.76,1.00
2014.11.12 03:01:05.973,1.59135,1.59144,1.25,1.00
2014.11.12 03:01:07.412,1.59132,1.59144,1.01,1.00
2014.11.12 03:01:12.894,1.5913,1.59144,1.39,1.00
2014.11.12 03:01:12.995,1.59127,1.59144,1.84,1.76
2014.11.12 03:01:13.250,1.59126,1.59143,1.00,1.39
2014.11.12 03:01:13.352,1.59126,1.59141,1.00,1.39
2014.11.12 03:01:13.657,1.59127,1.59145,1.07,1.76
2014.11.12 03:01:13.708,1.59129,1.59145,1.01,1.76
2014.11.12 03:01:14.632,1.59131,1.59145,1.66,1.10
2014.11.12 03:01:14.936,1.59136,1.59149,1.10,1.19
2014.11.12 03:01:14.987,1.59136,1.59151,1.10,1.26
2014.11.12 03:01:15.089,1.59136,1.59152,1.10,1.76
2014.11.12 03:01:16.821,1.59136,1.59152,1.01,2.14
2014.11.12 03:01:17.827,1.59136,1.59152,1.10,2.14
2014.11.12 03:01:19.813,1.59136,1.59151,1.10,1.26
2014.11.12 03:01:21.136,1.59136,1.59152,1.10,1.26
2014.11.12 03:01:22.140,1.59136,1.59152,1.29,1.76
2014.11.12 03:01:26.238,1.59136,1.59152,1.01,1.76
2014.11.12 03:01:37.880,1.59136,1.59151,1.19,1.01
2014.11.12 03:01:38.913,1.59136,1.59151,1.25,1.01
2014.11.12 03:01:45.744,1.59136,1.5915,1.00,1.74
2014.11.12 03:01:45.896,1.59128,1.59145,1.17,1.47
2014.11.12 03:01:45.947,1.59128,1.59145,1.36,1.29
2014.11.12 03:01:46.251,1.59126,1.59143,1.22,1.76
2014.11.12 03:01:46.556,1.59123,1.59139,2.44,1.19
2014.11.12 03:01:46.962,1.59126,1.59139,1.19,1.10
2014.11.12 03:01:47.065,1.59126,1.59143,1.36,1.01
2014.11.12 03:01:47.116,1.59129,1.59143,1.19,1.30
2014.11.12 03:01:47.167,1.59129,1.59144,1.19,1.39
2014.11.12 03:01:47.441,1.59129,1.59139,1.19,1.00
2014.11.12 03:01:47.952,1.59132,1.5914,1.19,1.00
2014.11.12 03:01:48.055,1.59132,1.59144,1.29,1.00
2014.11.12 03:01:51.589,1.59134,1.59144,1.19,1.00
2014.11.12 03:01:53.056,1.59132,1.59144,1.29,1.00
2014.11.12 03:02:05.791,1.5913,1.59144,1.76,1.00
2014.11.12 03:02:05.892,1.59133,1.59144,1.19,1.00
2014.11.12 03:02:13.114,1.59132,1.59144,1.29,1.00
2014.11.12 03:02:17.052,1.59134,1.59144,1.19,1.00
2014.11.12 03:02:21.973,1.5913,1.59144,1.26,1.00
2014.11.12 03:02:22.125,1.59128,1.59144,1.39,1.39
2014.11.12 03:02:22.749,1.59126,1.59143,2.44,1.19
2014.11.12 03:02:23.053,1.59124,1.59138,1.01,1.00
2014.11.12 03:02:23.560,1.59123,1.59138,1.29,1.25
2014.11.12 03:02:24.160,1.59121,1.59138,1.01,1.19
2014.11.12 03:02:27.194,1.59127,1.59138,1.25,1.00
2014.11.12 03:02:27.903,1.59127,1.59141,1.19,1.65
2014.11.12 03:02:28.106,1.59131,1.59143,1.19,3.00
2014.11.12 03:02:28.157,1.59131,1.59143,1.19,1.20
2014.11.12 03:02:30.411,1.59132,1.59143,1.19,1.00
2014.11.12 03:02:31.563,1.59131,1.59143,1.19,1.00
2014.11.12 03:02:35.195,1.5913,1.59143,1.19,1.20
2014.11.12 03:02:35.604,1.5913,1.59138,1.25,1.00
2014.11.12 03:02:35.655,1.59127,1.59138,1.19,1.00
2014.11.12 03:02:38.686,1.59127,1.59138,1.25,1.00
2014.11.12 03:02:38.889,1.59127,1.59143,1.25,2.81
2014.11.12 03:02:38.990,1.59128,1.59143,1.19,2.62
2014.11.12 03:02:40.003,1.59129,1.59143,1.19,2.81
2014.11.12 03:02:41.998,1.59128,1.59143,1.19,2.62
2014.11.12 03:02:42.978,1.59129,1.59143,1.19,2.81
2014.11.12 03:02:45.987,1.59128,1.59143,1.19,2.81
2014.11.12 03:02:47.005,1.59127,1.59143,1.19,2.81
2014.11.12 03:02:48.456,1.59127,1.59143,1.39,1.46
2014.11.12 03:02:48.613,1.59129,1.59143,1.19,1.46
2014.11.12 03:02:54.646,1.5913,1.59143,1.19,1.20
2014.11.12 03:02:58.720,1.5913,1.59143,1.01,1.00
2014.11.12 03:02:59.734,1.59131,1.59143,1.19,1.00
2014.11.12 03:03:00.731,1.59129,1.59143,1.36,1.00
2014.11.12 03:03:01.733,1.59131,1.59143,1.25,1.00
2014.11.12 03:03:04.090,1.5913,1.59143,1.19,1.17
2014.11.12 03:03:08.550,1.59129,1.59143,1.19,1.17
2014.11.12 03:03:16.691,1.5913,1.59143,1.19,1.17
2014.11.12 03:03:19.699,1.59128,1.59143,1.29,1.17
2014.11.12 03:03:20.224,1.59128,1.59143,1.36,1.00
2014.11.12 03:03:20.730,1.5913,1.59143,1.19,1.00
2014.11.12 03:03:23.740,1.5913,1.59143,1.25,1.25
2014.11.12 03:03:25.731,1.5913,1.59143,1.19,1.00
2014.11.12 03:03:28.758,1.59128,1.59143,1.36,1.00
2014.11.12 03:03:29.299,1.59128,1.59144,1.36,2.81
2014.11.12 03:03:30.558,1.5913,1.59144,1.19,2.81
2014.11.12 03:03:31.495,1.5913,1.59144,1.19,2.81
2014.11.12 03:03:31.901,1.59129,1.5914,1.29,1.00
2014.11.12 03:03:32.956,1.59127,1.5914,1.26,1.00
2014.11.12 03:03:35.002,1.59129,1.5914,1.25,1.00
2014.11.12 03:03:39.672,1.59127,1.5914,1.26,1.00
2014.11.12 03:03:40.875,1.59128,1.5914,1.29,1.00
2014.11.12 03:03:46.335,1.59128,1.59144,1.29,1.76
2014.11.12 03:03:46.538,1.59128,1.59139,1.29,1.00
2014.11.12 03:03:47.053,1.59127,1.59139,1.26,1.00
2014.11.12 03:03:48.639,1.59127,1.59144,1.26,1.64
2014.11.12 03:03:48.741,1.59129,1.59144,1.19,1.64
2014.11.12 03:03:49.438,1.59129,1.59139,1.19,1.00
2014.11.12 03:03:50.058,1.59128,1.59139,1.29,1.00
2014.11.12 03:03:52.027,1.59128,1.59144,1.29,2.14
2014.11.12 03:03:52.622,1.59128,1.59139,1.29,1.00
2014.11.12 03:03:56.775,1.59129,1.59139,1.19,1.00
2014.11.12 03:03:57.746,1.59127,1.59139,1.26,1.00
2014.11.12 03:03:58.748,1.59129,1.59139,1.25,1.00
2014.11.12 03:03:59.747,1.59129,1.59139,1.19,1.00
2014.11.12 03:04:00.762,1.59129,1.59139,1.25,1.00
2014.11.12 03:04:01.309,1.59129,1.59144,1.25,2.14
2014.11.12 03:04:01.613,1.59129,1.59139,1.25,1.00
2014.11.12 03:04:02.413,1.59129,1.59144,1.25,1.76
2014.11.12 03:04:02.616,1.59129,1.59139,1.25,1.00
2014.11.12 03:04:03.620,1.59128,1.59144,1.29,1.76
2014.11.12 03:04:04.127,1.59128,1.59139,1.29,1.00
2014.11.12 03:04:04.817,1.59128,1.59144,1.29,2.14
2014.11.12 03:04:05.374,1.59128,1.59139,1.29,1.00
2014.11.12 03:04:07.508,1.59127,1.59139,1.26,1.00
2014.11.12 03:04:08.311,1.59127,1.59144,1.26,1.64
2014.11.12 03:04:09.372,1.59129,1.59144,1.19,1.07
2014.11.12 03:04:10.407,1.59128,1.59144,1.29,1.32
2014.11.12 03:04:13.421,1.5913,1.59144,1.19,1.32
2014.11.12 03:04:14.511,1.59128,1.59144,1.29,1.32
2014.11.12 03:04:17.495,1.5913,1.59144,1.19,1.32
2014.11.12 03:04:24.518,1.59129,1.59144,1.19,1.26
2014.11.12 03:04:32.183,1.59129,1.59145,1.19,1.31
2014.11.12 03:04:32.925,1.5913,1.59145,1.25,1.31
2014.11.12 03:04:33.952,1.5913,1.59145,1.19,2.14
2014.11.12 03:04:34.492,1.59131,1.59145,1.29,1.10
2014.11.12 03:04:34.796,1.59132,1.59145,1.30,1.00
2014.11.12 03:04:35.100,1.59136,1.59145,1.26,1.00
2014.11.12 03:04:35.151,1.59136,1.59149,1.76,1.00
2014.11.12 03:04:35.657,1.59137,1.59149,1.76,1.00
2014.11.12 03:04:39.150,1.59138,1.59154,1.09,1.36
2014.11.12 03:04:39.200,1.5914,1.59154,1.19,1.09
2014.11.12 03:04:40.187,1.59141,1.59154,1.19,1.17
2014.11.12 03:04:42.187,1.5914,1.59154,1.25,1.17
2014.11.12 03:04:43.227,1.59141,1.59154,1.19,1.17
2014.11.12 03:04:49.113,1.59141,1.59154,1.29,1.10
2014.11.12 03:04:51.256,1.59143,1.59154,1.25,1.00
2014.11.12 03:04:58.043,1.59143,1.59154,1.19,1.00
2014.11.12 03:04:58.596,1.59143,1.59154,1.19,1.07
2014.11.12 03:04:59.113,1.59142,1.59154,1.19,1.07
2014.11.12 03:05:03.078,1.59143,1.59154,1.19,1.07
2014.11.12 03:05:04.098,1.59144,1.59154,1.19,1.07
2014.11.12 03:05:05.168,1.59144,1.59154,1.25,1.07
2014.11.12 03:05:06.107,1.59144,1.59154,1.19,1.07
2014.11.12 03:05:07.071,1.59144,1.59154,1.25,1.07
2014.11.12 03:05:08.088,1.59144,1.59154,1.19,1.07
2014.11.12 03:05:09.006,1.59143,1.59154,1.25,1.95
2014.11.12 03:05:09.108,1.59143,1.59153,1.25,1.50
2014.11.12 03:05:09.209,1.5914,1.59153,1.19,2.32
2014.11.12 03:05:09.311,1.5914,1.59154,1.19,2.62
2014.11.12 03:05:10.171,1.5914,1.59152,1.19,1.20
2014.11.12 03:05:10.374,1.59139,1.59152,1.19,1.57
2014.11.12 03:05:10.425,1.59137,1.59149,1.00,1.31
2014.11.12 03:05:10.476,1.59132,1.59147,1.00,1.45
2014.11.12 03:05:10.527,1.59132,1.59145,1.00,1.01
2014.11.12 03:05:10.578,1.5913,1.59144,1.25,1.69
2014.11.12 03:05:10.883,1.59131,1.59142,1.00,1.01
2014.11.12 03:05:11.187,1.59126,1.59142,2.44,1.01
2014.11.12 03:05:12.431,1.59126,1.5914,1.25,1.07
2014.11.12 03:05:12.990,1.59122,1.59139,1.84,1.34
2014.11.12 03:05:13.951,1.59122,1.59139,1.39,1.84
2014.11.12 03:05:15.522,1.59122,1.59139,2.21,1.07
2014.11.12 03:05:15.826,1.59126,1.59143,2.14,1.26
2014.11.12 03:05:16.132,1.59125,1.59139,1.76,1.00
2014.11.12 03:05:16.442,1.59127,1.59144,1.09,2.44
2014.11.12 03:05:16.493,1.59127,1.59144,1.76,1.76
2014.11.12 03:05:17.021,1.59127,1.59144,2.51,1.32
2014.11.12 03:05:17.536,1.59128,1.59144,1.39,1.07
2014.11.12 03:05:18.069,1.59129,1.59144,1.01,1.00
2014.11.12 03:05:34.347,1.59128,1.59144,1.46,1.09
2014.11.12 03:05:37.025,1.59127,1.59144,4.39,1.17
2014.11.12 03:05:38.000,1.59129,1.59144,1.29,1.09
2014.11.12 03:05:46.969,1.59127,1.59144,4.39,1.36
2014.11.12 03:05:48.158,1.59129,1.59144,1.29,1.09
2014.11.12 03:05:51.145,1.59129,1.59144,1.29,1.17
2014.11.12 03:05:52.247,1.59129,1.59144,1.29,1.09
2014.11.12 03:05:53.569,1.59128,1.59144,1.46,1.36
2014.11.12 03:05:54.581,1.59128,1.59144,1.46,1.09
2014.11.12 03:05:55.091,1.59128,1.59144,2.14,1.01
2014.11.12 03:06:01.634,1.59128,1.59144,2.14,1.10
2014.11.12 03:06:05.913,1.5913,1.59144,1.76,1.10
2014.11.12 03:06:06.168,1.59133,1.59149,3.26,1.39
2014.11.12 03:06:06.674,1.59133,1.59149,1.39,1.76
2014.11.12 03:06:07.080,1.59132,1.59148,1.25,1.69
2014.11.12 03:06:07.182,1.59128,1.59145,2.81,1.00
2014.11.12 03:06:07.283,1.59128,1.59145,2.81,1.19
2014.11.12 03:06:09.189,1.59126,1.59145,3.56,1.34
2014.11.12 03:06:16.220,1.59128,1.59145,1.46,1.34
2014.11.12 03:06:17.519,1.5913,1.59145,1.69,1.15
2014.11.12 03:06:17.620,1.59133,1.59149,1.71,1.19
2014.11.12 03:06:17.823,1.59134,1.59149,2.81,1.00
2014.11.12 03:06:18.582,1.59135,1.59152,1.71,1.39
2014.11.12 03:06:18.886,1.59138,1.59154,1.26,1.29
2014.11.12 03:06:19.687,1.59138,1.59155,1.26,1.26
2014.11.12 03:06:23.734,1.59138,1.59155,1.76,1.26
2014.11.12 03:06:27.651,1.59138,1.59155,1.26,1.26
2014.11.12 03:06:28.171,1.59136,1.59154,1.34,1.40
2014.11.12 03:06:28.222,1.59136,1.59154,1.34,1.84
2014.11.12 03:06:29.248,1.59135,1.59152,3.56,1.25
2014.11.12 03:06:32.569,1.59135,1.59154,3.56,1.34
2014.11.12 03:06:33.076,1.59135,1.59153,3.56,1.39
2014.11.12 03:06:33.604,1.59136,1.59154,1.46,1.46
2014.11.12 03:06:34.787,1.59137,1.59155,1.39,3.19
2014.11.12 03:06:35.206,1.59135,1.59154,2.44,1.34
2014.11.12 03:06:35.358,1.59135,1.59152,1.76,1.31
2014.11.12 03:06:35.511,1.59133,1.5915,1.01,2.59
2014.11.12 03:06:36.481,1.59131,1.59149,1.34,1.34
2014.11.12 03:06:38.513,1.59131,1.59149,1.34,1.34
2014.11.12 03:06:43.539,1.59131,1.59149,1.34,1.34
2014.11.12 03:06:44.529,1.59131,1.59149,1.34,1.34
2014.11.12 03:06:45.044,1.59131,1.59147,1.29,1.26
2014.11.12 03:06:45.580,1.5913,1.59147,1.76,1.26
2014.11.12 03:06:50.539,1.5913,1.59147,1.26,1.26
2014.11.12 03:06:52.567,1.5913,1.59147,1.76,1.26
2014.11.12 03:06:54.018,1.5913,1.59148,3.56,1.39
2014.11.12 03:06:54.322,1.59136,1.59152,1.10,1.01
2014.11.12 03:06:54.474,1.59136,1.59152,1.76,1.10
2014.11.12 03:06:54.778,1.59138,1.59154,1.69,1.25
2014.11.12 03:06:55.487,1.59138,1.59154,2.44,1.25
2014.11.12 03:06:56.451,1.59138,1.59154,2.06,1.00
2014.11.12 03:07:00.480,1.59138,1.59154,2.81,1.00
2014.11.12 03:07:05.388,1.59138,1.59154,1.76,1.32
2014.11.12 03:07:05.928,1.59138,1.59154,1.36,1.36
2014.11.12 03:07:12.553,1.59138,1.59154,2.44,1.25
2014.11.12 03:07:20.515,1.59139,1.59154,1.34,1.62
2014.11.12 03:07:20.718,1.59136,1.59154,1.84,3.19
2014.11.12 03:07:20.972,1.59134,1.5915,1.31,1.69
2014.11.12 03:07:21.479,1.59133,1.5915,1.26,1.76
2014.11.12 03:07:22.017,1.59132,1.59149,1.36,1.01
2014.11.12 03:07:34.104,1.59131,1.59149,1.76,1.76
2014.11.12 03:07:35.119,1.5913,1.59147,1.76,1.32
2014.11.12 03:07:39.065,1.59131,1.59148,1.01,1.36
2014.11.12 03:07:40.041,1.59131,1.59148,1.01,1.36
2014.11.12 03:07:41.057,1.59131,1.59149,1.01,1.76
2014.11.12 03:07:43.806,1.59132,1.59149,1.30,1.69
2014.11.12 03:07:44.110,1.59135,1.59151,1.19,1.34
2014.11.12 03:07:45.073,1.59135,1.59152,1.25,1.69
2014.11.12 03:07:47.065,1.59135,1.59151,1.19,1.34
2014.11.12 03:07:56.028,1.59135,1.59152,1.00,2.44
2014.11.12 03:08:02.458,1.59135,1.59151,1.45,1.26
2014.11.12 03:08:02.762,1.59137,1.59153,1.39,1.19
2014.11.12 03:08:02.813,1.59139,1.59155,1.29,1.01
2014.11.12 03:08:02.915,1.59142,1.59155,1.36,1.00
2014.11.12 03:08:03.119,1.59143,1.59158,1.01,1.00
2014.11.12 03:08:03.322,1.59146,1.59158,1.39,1.00
2014.11.12 03:08:03.424,1.59147,1.59164,1.19,2.81
2014.11.12 03:08:05.022,1.59147,1.59164,1.01,1.84
2014.11.12 03:08:05.943,1.59147,1.59162,1.22,2.06
2014.11.12 03:08:06.045,1.59145,1.5916,1.19,1.39
2014.11.12 03:08:06.097,1.59145,1.5916,1.00,2.14
2014.11.12 03:08:06.148,1.59145,1.59158,1.00,1.32
2014.11.12 03:08:06.199,1.59138,1.59153,3.56,1.00
2014.11.12 03:08:06.504,1.59136,1.59152,3.26,1.29
2014.11.12 03:08:06.555,1.59136,1.59152,1.39,1.39
2014.11.12 03:08:06.606,1.59136,1.59151,1.20,1.19
2014.11.12 03:08:06.910,1.59133,1.59148,1.32,1.69
2014.11.12 03:08:07.012,1.59131,1.59146,1.77,1.19
2014.11.12 03:08:07.519,1.5913,1.59143,1.69,1.25
2014.11.12 03:08:15.059,1.59129,1.59143,1.26,1.00
2014.11.12 03:08:23.659,1.59129,1.59145,1.76,1.29
2014.11.12 03:08:26.298,1.59129,1.59145,1.26,1.01
2014.11.12 03:08:27.290,1.59129,1.59145,1.26,1.29
2014.11.12 03:08:29.271,1.59129,1.59145,1.26,1.29
2014.11.12 03:08:31.281,1.59129,1.59145,1.26,1.01
2014.11.12 03:08:32.293,1.59129,1.59145,1.76,1.29
2014.11.12 03:08:34.508,1.59129,1.59145,1.26,1.29
2014.11.12 03:08:35.483,1.59129,1.59145,1.26,1.29
2014.11.12 03:08:38.510,1.59129,1.59145,1.26,1.01
2014.11.12 03:08:40.611,1.59129,1.59145,1.26,1.29
2014.11.12 03:08:43.318,1.59129,1.59145,1.26,1.01
2014.11.12 03:08:53.546,1.59129,1.59145,1.76,1.29
2014.11.12 03:08:57.472,1.59128,1.59145,2.89,1.32
2014.11.12 03:09:05.869,1.59129,1.59145,1.26,1.26
2014.11.12 03:09:06.872,1.59128,1.59145,2.14,1.32
2014.11.12 03:09:13.934,1.5913,1.59145,1.29,1.32
2014.11.12 03:09:15.395,1.59129,1.59145,1.26,1.26
2014.11.12 03:09:16.794,1.59129,1.59144,1.19,1.30
2014.11.12 03:09:17.100,1.59128,1.5914,1.00,1.67
2014.11.12 03:09:17.151,1.59121,1.5914,1.36,2.14
2014.11.12 03:09:17.202,1.59121,1.59138,1.29,1.50
2014.11.12 03:09:18.496,1.59121,1.59137,1.19,2.06
2014.11.12 03:09:19.006,1.59121,1.59136,1.25,1.39
2014.11.12 03:09:20.172,1.59117,1.59134,2.21,1.29
2014.11.12 03:09:22.129,1.59117,1.59134,1.69,2.44
2014.11.12 03:09:22.453,1.59117,1.59132,1.25,1.69
2014.11.12 03:09:23.011,1.59117,1.59134,1.25,2.89
2014.11.12 03:09:23.518,1.59117,1.59134,2.14,1.84
2014.11.12 03:09:24.083,1.59117,1.59134,2.89,1.09
2014.11.12 03:09:24.632,1.59117,1.59134,2.89,1.17
2014.11.12 03:09:26.546,1.59119,1.59134,1.29,1.09
2014.11.12 03:09:28.579,1.59117,1.59134,2.89,1.17
2014.11.12 03:09:29.564,1.59118,1.59134,1.46,1.09
2014.11.12 03:09:33.574,1.59117,1.59134,2.14,1.17
2014.11.12 03:09:33.676,1.59119,1.59134,1.29,1.09
2014.11.12 03:09:36.910,1.59118,1.59134,1.31,2.44
2014.11.12 03:09:37.559,1.59117,1.59134,2.14,2.25
2014.11.12 03:09:39.852,1.59117,1.59134,2.21,1.20
2014.11.12 03:09:40.578,1.59118,1.59134,1.46,1.39
2014.11.12 03:09:40.730,1.59118,1.59133,1.19,1.30
2014.11.12 03:09:40.781,1.59117,1.59133,1.00,1.01
2014.11.12 03:09:40.832,1.59117,1.59129,1.00,1.50
2014.11.12 03:09:41.008,1.59112,1.59127,1.37,1.50
2014.11.12 03:09:41.515,1.59112,1.59127,1.19,1.97
2014.11.12 03:09:42.426,1.59112,1.59129,1.19,3.19
2014.11.12 03:09:42.982,1.59112,1.59129,1.19,3.19
2014.11.12 03:09:48.027,1.59112,1.59127,1.00,1.39
2014.11.12 03:09:48.078,1.59112,1.59125,1.00,1.32
2014.11.12 03:09:48.584,1.59112,1.59123,1.00,1.29
2014.11.12 03:09:49.428,1.59112,1.59122,1.00,1.19
2014.11.12 03:10:02.367,1.59112,1.59123,1.00,1.29
2014.11.12 03:10:03.193,1.59112,1.59121,1.00,1.19
2014.11.12 03:10:03.346,1.59106,1.59121,1.17,1.29
2014.11.12 03:10:03.700,1.59106,1.59117,1.00,1.19
2014.11.12 03:10:04.207,1.59106,1.59117,1.00,1.76
2014.11.12 03:10:07.383,1.59106,1.59116,1.00,1.25
2014.11.12 03:10:08.841,1.59106,1.59116,1.00,1.19
2014.11.12 03:10:12.818,1.59106,1.59115,1.00,1.19
2014.11.12 03:10:19.830,1.59106,1.59116,1.00,2.44
2014.11.12 03:10:22.882,1.59106,1.59115,1.00,1.19
2014.11.12 03:10:28.942,1.59106,1.59116,1.00,1.29
2014.11.12 03:10:33.590,1.59106,1.59118,1.00,1.76
2014.11.12 03:10:38.104,1.59106,1.59115,1.00,1.19
2014.11.12 03:10:39.116,1.59106,1.59115,1.00,1.25
2014.11.12 03:10:45.453,1.59106,1.59115,1.00,1.19
2014.11.12 03:10:55.461,1.59106,1.59116,1.00,1.29
2014.11.12 03:10:58.460,1.59106,1.59117,1.00,1.26
2014.11.12 03:10:59.484,1.59106,1.59115,1.00,1.25
2014.11.12 03:11:00.471,1.59106,1.59115,1.00,1.19
2014.11.12 03:11:00.690,1.59106,1.59116,1.00,1.01
2014.11.12 03:11:02.714,1.59106,1.59116,1.00,1.29
2014.11.12 03:11:03.332,1.591,1.59116,1.64,1.29
2014.11.12 03:11:03.853,1.591,1.59116,1.64,1.01
2014.11.12 03:11:05.704,1.591,1.59116,1.70,1.29
2014.11.12 03:11:09.671,1.59101,1.59117,1.39,1.26
2014.11.12 03:11:11.704,1.59101,1.59115,1.39,1.19
2014.11.12 03:11:16.826,1.591,1.59116,2.14,1.01
2014.11.12 03:11:18.798,1.591,1.59115,2.14,1.19
2014.11.12 03:11:21.806,1.591,1.59116,2.14,1.29
2014.11.12 03:11:22.808,1.591,1.59115,2.14,1.19
2014.11.12 03:11:24.839,1.591,1.59116,2.14,1.29
2014.11.12 03:11:27.802,1.59101,1.59116,1.12,1.76
2014.11.12 03:11:28.106,1.59103,1.59117,2.06,1.19
2014.11.12 03:11:29.965,1.59103,1.59118,2.81,1.69
2014.11.12 03:11:33.963,1.59103,1.59118,2.81,1.25
2014.11.12 03:11:35.954,1.59103,1.59118,2.81,1.69
2014.11.12 03:11:37.497,1.59103,1.59117,2.44,1.19
2014.11.12 03:11:38.527,1.59105,1.59117,1.87,1.19
2014.11.12 03:11:39.072,1.59105,1.59118,1.87,1.69
2014.11.12 03:11:39.667,1.59105,1.59118,2.06,1.25
2014.11.12 03:11:58.055,1.59107,1.59118,1.50,1.00
2014.11.12 03:11:59.376,1.59107,1.5912,1.50,1.25
2014.11.12 03:11:59.427,1.59107,1.5912,2.25,1.25
2014.11.12 03:11:59.478,1.59112,1.59124,1.20,1.00
2014.11.12 03:11:59.580,1.59114,1.59129,1.39,1.19
2014.11.12 03:11:59.631,1.59114,1.59131,1.39,1.36
2014.11.12 03:12:00.172,1.59118,1.59133,1.01,1.25
2014.11.12 03:12:00.578,1.59118,1.59132,2.25,1.19
2014.11.12 03:12:00.680,1.5912,1.59133,1.00,1.25
2014.11.12 03:12:02.696,1.5912,1.59132,1.00,1.19
2014.11.12 03:12:03.275,1.5912,1.59132,1.07,1.19
2014.11.12 03:12:03.680,1.5912,1.59134,1.17,1.19
2014.11.12 03:12:04.087,1.59119,1.59134,1.00,1.39
2014.11.12 03:12:04.595,1.59119,1.59134,1.15,1.19
2014.11.12 03:12:04.697,1.59119,1.59132,1.15,1.19
2014.11.12 03:12:06.663,1.59119,1.59133,1.15,1.19
2014.11.12 03:12:12.201,1.59119,1.59137,1.34,1.34
2014.11.12 03:12:15.409,1.59119,1.59137,1.84,1.34
2014.11.12 03:12:16.363,1.59119,1.59138,1.34,2.44
2014.11.12 03:12:20.144,1.59119,1.59136,1.36,1.01
2014.11.12 03:12:21.383,1.59119,1.59135,1.29,1.30
2014.11.12 03:12:23.365,1.59119,1.59136,1.69,1.01
2014.11.12 03:12:24.388,1.59119,1.59137,1.76,1.01
2014.11.12 03:12:25.964,1.59119,1.59135,1.36,1.22
2014.11.12 03:12:26.269,1.59119,1.59132,1.10,1.19
2014.11.12 03:12:28.732,1.59119,1.59132,1.10,1.25
2014.11.12 03:12:29.746,1.59119,1.59131,1.10,1.19
2014.11.12 03:12:45.297,1.59117,1.5913,1.07,1.19
2014.11.12 03:12:45.348,1.59114,1.59129,1.25,1.39
2014.11.12 03:12:45.450,1.59109,1.59127,1.76,1.76
2014.11.12 03:12:45.501,1.59109,1.59123,1.30,1.19
2014.11.12 03:12:53.927,1.59109,1.59124,1.20,1.19
2014.11.12 03:12:54.231,1.59113,1.59125,1.00,1.19
2014.11.12 03:12:54.335,1.59108,1.59125,2.44,1.19
2014.11.12 03:12:54.436,1.59108,1.59123,2.44,1.19
2014.11.12 03:12:55.431,1.59108,1.59122,1.69,1.19
2014.11.12 03:12:59.936,1.59107,1.59122,2.14,1.19
2014.11.12 03:13:09.003,1.59107,1.59123,2.14,1.29
2014.11.12 03:13:09.958,1.59107,1.59121,2.14,1.25
2014.11.12 03:13:10.991,1.59107,1.59121,2.14,1.19
2014.11.12 03:13:12.376,1.59107,1.59122,2.14,1.25
2014.11.12 03:13:12.890,1.59109,1.59124,1.66,1.36
2014.11.12 03:13:12.992,1.59112,1.59124,1.00,1.19
2014.11.12 03:13:13.296,1.59115,1.59131,1.39,1.76
2014.11.12 03:13:13.499,1.59115,1.59133,1.46,2.21
2014.11.12 03:13:14.725,1.59115,1.59133,2.21,1.84
2014.11.12 03:13:15.496,1.59117,1.59133,1.01,1.76
2014.11.12 03:13:16.009,1.59117,1.59133,1.01,1.29
2014.11.12 03:13:23.573,1.59117,1.59133,1.01,1.76
2014.11.12 03:13:24.081,1.59115,1.59133,2.89,2.51
2014.11.12 03:13:24.604,1.59115,1.59133,2.89,2.51
2014.11.12 03:13:30.939,1.59117,1.59132,1.30,1.69
2014.11.12 03:13:31.497,1.59117,1.59133,1.01,1.29
2014.11.12 03:13:32.213,1.59118,1.59133,1.39,1.10
2014.11.12 03:13:32.316,1.59119,1.59133,1.76,1.00
2014.11.12 03:13:34.202,1.59119,1.59133,2.14,1.00
2014.11.12 03:13:38.235,1.59119,1.59133,2.14,1.00
2014.11.12 03:13:39.245,1.59119,1.59133,1.39,1.00
2014.11.12 03:13:39.757,1.59118,1.59133,1.74,1.10
2014.11.12 03:13:41.818,1.59117,1.59133,2.14,1.10
2014.11.12 03:13:44.799,1.59117,1.59133,2.14,1.01
2014.11.12 03:13:47.945,1.59117,1.59133,2.14,1.10
2014.11.12 03:13:49.911,1.59117,1.59133,2.14,1.01
2014.11.12 03:13:57.936,1.59119,1.59133,1.29,1.10
2014.11.12 03:13:58.948,1.59117,1.59133,2.14,1.10
2014.11.12 03:14:13.138,1.59117,1.59137,2.81,2.44
2014.11.12 03:14:19.998,1.59118,1.59136,1.34,1.34
2014.11.12 03:14:23.056,1.59118,1.59135,1.26,1.26
2014.11.12 03:14:32.074,1.59117,1.59135,2.14,1.32
2014.11.12 03:14:42.029,1.59117,1.59132,1.22,1.22
2014.11.12 03:14:42.081,1.59114,1.59132,2.51,1.76
2014.11.12 03:14:42.236,1.5911,1.59127,2.14,1.07
2014.11.12 03:14:42.440,1.59107,1.59123,1.39,1.10
2014.11.12 03:14:44.945,1.59106,1.59123,1.29,1.17
2014.11.12 03:14:45.301,1.59105,1.59121,1.84,1.19
2014.11.12 03:14:45.808,1.59105,1.59121,2.14,1.76
2014.11.12 03:14:45.961,1.59106,1.59122,2.14,1.29
2014.11.12 03:14:46.214,1.59107,1.59123,1.39,1.32
2014.11.12 03:14:46.711,1.59111,1.59123,2.81,1.07
2014.11.12 03:14:46.863,1.59114,1.59131,1.56,1.69
2014.11.12 03:14:47.640,1.59112,1.59127,1.46,1.25
2014.11.12 03:14:48.826,1.5911,1.59127,1.34,1.39
2014.11.12 03:14:49.649,1.5911,1.59126,1.29,1.30
2014.11.12 03:14:49.851,1.59109,1.59126,1.84,1.30
2014.11.12 03:14:50.819,1.59109,1.59126,1.84,1.01
2014.11.12 03:14:51.663,1.59109,1.59125,1.69,1.97
2014.11.12 03:14:51.916,1.59107,1.59122,1.36,1.01
2014.11.12 03:14:53.735,1.59106,1.59122,1.01,1.01
2014.11.12 03:14:53.786,1.59104,1.59122,2.89,1.76
2014.11.12 03:14:56.361,1.59105,1.59122,2.81,1.50
2014.11.12 03:14:56.867,1.59107,1.59122,2.06,1.00
2014.11.12 03:14:57.373,1.59107,1.59122,2.81,1.00
2014.11.12 03:15:06.362,1.59107,1.59122,2.81,1.00
2014.11.12 03:15:07.364,1.59107,1.59122,2.81,1.00
2014.11.12 03:15:08.367,1.59107,1.59122,2.81,1.00
2014.11.12 03:15:24.497,1.59108,1.59122,1.26,1.00
2014.11.12 03:15:25.504,1.59107,1.59122,1.39,1.00
2014.11.12 03:15:34.114,1.59114,1.59122,1.00,1.00
2014.11.12 03:15:34.418,1.59116,1.59122,1.00,1.00
2014.11.12 03:15:35.827,1.59116,1.59124,1.00,1.00
2014.11.12 03:15:36.343,1.59115,1.59124,1.00,1.00
2014.11.12 03:15:37.699,1.59115,1.59129,1.00,2.21
2014.11.12 03:15:38.205,1.59116,1.59129,1.00,1.84
2014.11.12 03:15:38.741,1.59116,1.59129,1.00,1.36
2014.11.12 03:15:41.412,1.59116,1.59129,1.00,1.09
2014.11.12 03:15:47.353,1.59116,1.59129,1.00,1.84
2014.11.12 03:15:48.316,1.59116,1.59129,1.00,1.36
2014.11.12 03:15:52.367,1.59116,1.59129,1.00,1.36
2014.11.12 03:15:54.347,1.59116,1.59129,1.00,1.36
2014.11.12 03:15:56.344,1.59116,1.59129,1.00,1.36
2014.11.12 03:15:57.191,1.59116,1.59129,1.00,1.76
2014.11.12 03:15:58.309,1.59115,1.59129,1.00,2.51
2014.11.12 03:15:59.084,1.59115,1.59128,1.00,1.26
2014.11.12 03:16:00.046,1.59115,1.59129,1.00,2.51
2014.11.12 03:16:07.090,1.59115,1.59129,1.00,2.51
2014.11.12 03:16:08.831,1.59115,1.59129,1.00,1.76
2014.11.12 03:16:09.343,1.59116,1.59129,1.00,1.76
2014.11.12 03:16:16.174,1.59116,1.59128,1.00,1.01
2014.11.12 03:16:18.385,1.59115,1.59128,1.00,1.26
2014.11.12 03:16:18.898,1.59116,1.59129,1.00,1.01
2014.11.12 03:16:30.590,1.59116,1.59131,1.00,2.14
2014.11.12 03:16:33.640,1.59116,1.5913,1.00,1.36
2014.11.12 03:16:33.946,1.59118,1.59131,1.25,1.22
2014.11.12 03:16:33.997,1.59118,1.59133,1.25,2.14
2014.11.12 03:16:34.721,1.59118,1.59132,1.25,1.01
2014.11.12 03:16:35.228,1.59116,1.59132,1.69,2.06
2014.11.12 03:16:36.191,1.59118,1.59132,1.00,1.36
2014.11.12 03:16:36.697,1.59118,1.59133,1.25,1.01
2014.11.12 03:16:39.251,1.59118,1.59133,1.19,1.01
2014.11.12 03:16:44.561,1.59119,1.59134,1.01,1.01
2014.11.12 03:16:44.916,1.59121,1.59137,1.00,2.14
2014.11.12 03:16:45.322,1.59121,1.59137,1.69,1.36
2014.11.12 03:16:45.626,1.59126,1.59139,1.25,1.32
2014.11.12 03:16:45.677,1.59124,1.59139,1.00,1.26
2014.11.12 03:16:45.729,1.59124,1.59139,1.00,2.51
2014.11.12 03:16:45.881,1.59122,1.59137,1.00,1.01
2014.11.12 03:16:46.438,1.59122,1.59136,1.00,1.01
2014.11.12 03:16:47.098,1.5912,1.59135,1.00,1.01
2014.11.12 03:16:47.149,1.5912,1.59134,1.00,1.01
2014.11.12 03:16:47.301,1.59115,1.59132,1.84,1.76
2014.11.12 03:16:47.352,1.59115,1.5913,1.25,1.01
2014.11.12 03:16:47.656,1.59115,1.59128,1.25,1.97
2014.11.12 03:16:48.370,1.59115,1.59128,1.00,1.01
2014.11.12 03:16:48.876,1.59115,1.59129,1.00,2.14
2014.11.12 03:16:54.964,1.59115,1.5913,1.00,1.74
2014.11.12 03:16:55.471,1.59116,1.5913,1.00,1.29
2014.11.12 03:16:55.522,1.59116,1.59132,1.19,2.51
2014.11.12 03:16:56.146,1.59116,1.59132,1.00,2.51
2014.11.12 03:17:01.055,1.59115,1.59131,1.25,1.36
2014.11.12 03:17:01.720,1.59115,1.5913,1.25,1.29
2014.11.12 03:17:04.758,1.59115,1.59131,1.00,1.36
2014.11.12 03:17:08.752,1.59115,1.5913,1.00,1.29
2014.11.12 03:17:11.860,1.59116,1.59129,1.00,1.01
2014.11.12 03:17:19.722,1.59115,1.59129,1.00,1.01
2014.11.12 03:17:28.043,1.59116,1.59129,1.00,1.01
2014.11.12 03:17:28.550,1.59116,1.59127,1.00,1.39
2014.11.12 03:17:29.057,1.59115,1.59127,1.00,1.01
2014.11.12 03:17:35.036,1.59115,1.59128,1.00,1.32
2014.11.12 03:17:35.138,1.59115,1.5913,1.00,3.26
2014.11.12 03:17:35.862,1.59116,1.5913,1.00,3.26
2014.11.12 03:17:36.878,1.59116,1.5913,1.00,3.26
2014.11.12 03:17:38.886,1.59116,1.5913,1.00,2.51
2014.11.12 03:17:39.445,1.59115,1.5913,1.25,2.51
2014.11.12 03:17:49.265,1.59116,1.5913,1.00,1.76
2014.11.12 03:17:49.519,1.59116,1.59131,2.06,1.30
2014.11.12 03:17:49.621,1.59116,1.59133,1.84,1.01
2014.11.12 03:17:50.128,1.59118,1.59135,1.36,1.76
2014.11.12 03:17:50.230,1.5912,1.59137,2.06,2.25
2014.11.12 03:17:50.359,1.59124,1.59141,1.19,3.19
2014.11.12 03:17:50.411,1.59126,1.59141,1.19,1.69
2014.11.12 03:17:50.513,1.59122,1.5914,1.84,1.09
2014.11.12 03:17:50.616,1.59122,1.5914,1.36,1.36
2014.11.12 03:17:50.718,1.59122,1.59138,1.29,1.32
2014.11.12 03:17:51.224,1.59121,1.59137,1.69,1.50
2014.11.12 03:17:51.534,1.59119,1.59134,1.00,1.07
2014.11.12 03:17:52.042,1.59118,1.59135,1.76,1.26
2014.11.12 03:17:52.610,1.59118,1.59134,1.76,1.01
2014.11.12 03:17:53.157,1.59118,1.59134,1.29,1.01
2014.11.12 03:17:53.678,1.59118,1.59134,1.29,1.01
2014.11.12 03:18:01.508,1.59118,1.59135,1.34,1.39
2014.11.12 03:18:02.368,1.59118,1.59136,1.84,1.34
2014.11.12 03:18:05.453,1.59118,1.59135,1.84,1.01
2014.11.12 03:18:05.708,1.59115,1.5913,1.09,1.10
2014.11.12 03:18:05.758,1.59115,1.5913,1.01,3.00
2014.11.12 03:18:06.266,1.59116,1.59128,1.00,1.32
2014.11.12 03:18:06.848,1.59115,1.59128,1.00,1.32
2014.11.12 03:18:09.878,1.59115,1.5913,1.00,2.14
2014.11.12 03:18:15.020,1.59115,1.5913,1.00,2.89
2014.11.12 03:18:16.653,1.59116,1.5913,1.00,2.89
2014.11.12 03:18:17.162,1.59116,1.5913,1.00,2.51
2014.11.12 03:18:18.305,1.59115,1.5913,1.25,2.89
2014.11.12 03:18:22.226,1.59115,1.59128,1.25,1.39
2014.11.12 03:18:24.464,1.59115,1.59126,1.00,1.19
2014.11.12 03:18:25.474,1.59115,1.59126,1.00,1.00
2014.11.12 03:18:26.449,1.59115,1.59126,1.00,1.19
2014.11.12 03:18:27.516,1.59115,1.59126,1.00,1.00
2014.11.12 03:18:28.534,1.59116,1.59126,1.00,1.25
2014.11.12 03:18:29.042,1.59115,1.59126,1.00,1.25
2014.11.12 03:18:29.559,1.59116,1.59126,1.00,1.25
2014.11.12 03:18:29.864,1.59108,1.59124,1.26,1.26
2014.11.12 03:18:29.966,1.59106,1.59121,1.75,2.25
2014.11.12 03:18:30.017,1.59104,1.59117,1.19,1.07
2014.11.12 03:18:30.473,1.59104,1.59114,1.00,1.07
2014.11.12 03:18:30.778,1.59104,1.59112,1.00,1.69
2014.11.12 03:18:31.031,1.59097,1.59112,1.31,1.69
2014.11.12 03:18:31.907,1.59097,1.59113,1.39,1.01
2014.11.12 03:18:32.437,1.59099,1.59116,1.56,1.69
2014.11.12 03:18:33.354,1.59099,1.59116,1.19,1.69
2014.11.12 03:18:33.962,1.59098,1.59116,2.21,1.69
2014.11.12 03:18:35.352,1.59098,1.59116,2.21,2.44
2014.11.12 03:18:35.656,1.59097,1.59113,1.01,1.01
2014.11.12 03:18:36.172,1.59095,1.5911,2.51,1.19
2014.11.12 03:18:36.482,1.59095,1.59108,2.25,1.19
2014.11.12 03:18:36.584,1.59093,1.59107,1.07,1.94
2014.11.12 03:18:36.635,1.59089,1.59105,1.10,1.01
2014.11.12 03:18:36.687,1.59089,1.59103,1.10,1.29
2014.11.12 03:18:37.194,1.59088,1.59104,1.19,1.69
2014.11.12 03:18:37.750,1.59088,1.59105,1.26,1.26
2014.11.12 03:18:38.287,1.59088,1.59106,1.29,1.76
2014.11.12 03:18:38.793,1.59087,1.59105,1.46,1.36
2014.11.12 03:18:42.260,1.59089,1.59105,1.01,1.29
2014.11.12 03:18:42.717,1.59089,1.59107,1.39,1.01
2014.11.12 03:18:43.752,1.59089,1.59107,2.14,1.76
2014.11.12 03:18:44.766,1.59089,1.59107,1.39,1.76
2014.11.12 03:18:45.740,1.59089,1.59107,1.30,1.76
2014.11.12 03:18:45.999,1.59087,1.59105,2.14,1.39
2014.11.12 03:18:46.406,1.59087,1.59104,1.01,2.21
2014.11.12 03:18:46.507,1.59082,1.591,1.01,1.20
2014.11.12 03:18:46.558,1.59081,1.59097,1.69,1.12
2014.11.12 03:18:46.863,1.5908,1.59095,1.31,1.97
2014.11.12 03:18:47.319,1.5908,1.59097,1.36,1.01
2014.11.12 03:18:47.370,1.59081,1.59097,1.29,1.30
2014.11.12 03:18:48.376,1.5908,1.59098,1.36,1.97
2014.11.12 03:18:48.890,1.59081,1.591,1.69,1.34
2014.11.12 03:18:51.081,1.59081,1.59098,1.01,1.22
2014.11.12 03:18:51.590,1.5908,1.59098,1.76,1.26
2014.11.12 03:18:52.764,1.59082,1.591,1.22,2.44
2014.11.12 03:18:53.372,1.59082,1.591,1.26,1.76
2014.11.12 03:18:53.676,1.59084,1.59102,1.76,2.44
2014.11.12 03:18:54.587,1.59084,1.59102,1.39,1.69
2014.11.12 03:18:55.392,1.59082,1.59102,3.56,2.44
2014.11.12 03:18:55.900,1.59083,1.59101,1.39,1.01
2014.11.12 03:18:56.406,1.59084,1.59102,1.39,1.29
2014.11.12 03:18:57.018,1.59085,1.59103,1.74,1.36
2014.11.12 03:18:57.974,1.59086,1.59104,1.39,2.14
2014.11.12 03:18:58.330,1.59088,1.59104,1.56,1.01
2014.11.12 03:18:58.432,1.5909,1.59108,1.64,1.76
2014.11.12 03:18:58.942,1.59089,1.59107,1.64,1.26
2014.11.12 03:18:59.602,1.59089,1.59107,2.14,1.32
2014.11.12 03:19:00.413,1.59089,1.59105,1.66,1.30
2014.11.12 03:19:00.514,1.59088,1.59105,2.21,1.01
2014.11.12 03:19:00.616,1.59088,1.59103,1.19,1.30
2014.11.12 03:19:00.718,1.59085,1.591,2.25,1.50
2014.11.12 03:19:00.921,1.59082,1.59097,1.19,1.07
2014.11.12 03:19:01.447,1.59081,1.59097,1.29,1.32
2014.11.12 03:19:02.037,1.5908,1.59097,1.26,1.32
2014.11.12 03:19:03.034,1.5908,1.59097,1.26,1.26
2014.11.12 03:19:14.833,1.5908,1.59096,1.39,1.30
2014.11.12 03:19:15.187,1.59078,1.59096,2.21,1.97
2014.11.12 03:19:15.772,1.59077,1.59094,1.57,1.50
2014.11.12 03:19:15.874,1.59077,1.59091,1.69,1.22
2014.11.12 03:19:15.976,1.59074,1.59091,1.84,1.30
2014.11.12 03:19:16.483,1.59074,1.59091,1.09,1.39
2014.11.12 03:19:17.196,1.59075,1.59092,1.22,2.14
2014.11.12 03:19:18.117,1.59075,1.59092,1.30,1.94
2014.11.12 03:19:18.372,1.5907,1.59088,2.04,1.76
2014.11.12 03:19:18.473,1.59071,1.59087,1.32,1.29
2014.11.12 03:19:19.487,1.59071,1.59088,1.26,1.26
2014.11.12 03:19:23.076,1.5907,1.59087,1.69,1.19
2014.11.12 03:19:23.380,1.59077,1.59095,1.50,2.21
2014.11.12 03:19:24.697,1.59082,1.591,1.50,1.19
2014.11.12 03:19:25.622,1.59082,1.59092,2.25,1.12
2014.11.12 03:19:25.825,1.59077,1.59086,1.00,1.76
2014.11.12 03:19:25.877,1.59074,1.59086,1.00,1.76
2014.11.12 03:19:26.283,1.59074,1.59089,1.25,1.69
2014.11.12 03:19:27.295,1.59073,1.5909,1.36,1.76
2014.11.12 03:19:27.607,1.59073,1.59088,1.19,1.30
2014.11.12 03:19:28.316,1.59073,1.59088,1.19,1.01
2014.11.12 03:19:29.294,1.59073,1.59088,1.25,1.30
2014.11.12 03:19:31.304,1.59073,1.59088,1.19,1.01
2014.11.12 03:19:38.923,1.59072,1.5909,1.76,1.76
2014.11.12 03:19:39.623,1.59072,1.5909,1.01,1.01
2014.11.12 03:19:40.130,1.59071,1.59089,1.39,1.69
2014.11.12 03:19:40.434,1.59068,1.59086,1.36,1.36
2014.11.12 03:19:40.682,1.59067,1.59086,1.01,1.46
2014.11.12 03:19:40.886,1.59067,1.59085,1.30,1.29
2014.11.12 03:19:41.393,1.59066,1.59083,1.32,1.26
2014.11.12 03:19:42.057,1.59066,1.59082,1.32,1.29
2014.11.12 03:19:42.969,1.59064,1.59082,1.76,1.76
2014.11.12 03:19:43.492,1.59064,1.59081,1.26,1.26
2014.11.12 03:19:44.100,1.59064,1.59082,1.26,1.76
2014.11.12 03:19:44.357,1.59065,1.59082,1.01,1.76
2014.11.12 03:19:44.459,1.59074,1.59086,1.07,1.00
2014.11.12 03:19:44.510,1.59076,1.59086,1.39,1.00
2014.11.12 03:19:44.612,1.59079,1.59096,1.32,2.14
2014.11.12 03:19:44.663,1.59079,1.59097,1.32,3.26
2014.11.12 03:19:44.765,1.59081,1.59097,1.69,1.19
2014.11.12 03:19:45.278,1.59081,1.59098,1.36,1.30
2014.11.12 03:19:49.717,1.59081,1.59099,2.21,1.97
2014.11.12 03:19:49.768,1.59084,1.59101,1.39,1.36
2014.11.12 03:19:50.175,1.59085,1.59098,1.19,1.50
2014.11.12 03:19:50.226,1.59083,1.59098,1.19,1.50
2014.11.12 03:19:51.088,1.59081,1.59099,1.76,1.30
2014.11.12 03:19:54.237,1.59082,1.591,2.44,1.39
2014.11.12 03:19:56.514,1.59083,1.59099,1.29,1.26
2014.11.12 03:19:56.818,1.59083,1.59102,1.71,1.69
2014.11.12 03:19:57.325,1.59085,1.59103,1.39,1.76
2014.11.12 03:19:58.076,1.59085,1.59103,2.14,1.76
2014.11.12 03:20:00.837,1.59085,1.59103,1.26,1.26
2014.11.12 03:20:02.768,1.59084,1.59102,2.04,1.01
2014.11.12 03:20:03.073,1.59083,1.59101,1.76,2.14
2014.11.12 03:20:03.592,1.59083,1.59099,1.29,1.26
2014.11.12 03:20:04.099,1.59082,1.59099,1.26,1.26
2014.11.12 03:20:08.079,1.59082,1.59099,1.26,1.26
2014.11.12 03:20:13.268,1.59082,1.59101,1.76,1.36
2014.11.12 03:20:14.090,1.59082,1.591,2.51,1.29
2014.11.12 03:20:15.799,1.59082,1.59101,1.01,1.36
2014.11.12 03:20:16.103,1.59081,1.59099,1.32,1.76
2014.11.12 03:20:21.051,1.59081,1.59099,1.26,1.26
2014.11.12 03:20:22.083,1.59081,1.59099,1.76,1.76
2014.11.12 03:20:23.076,1.59081,1.59099,1.76,1.76
2014.11.12 03:20:27.383,1.59081,1.59097,1.07,1.29
2014.11.12 03:20:27.484,1.59079,1.59095,1.57,1.29
2014.11.12 03:20:27.586,1.59076,1.59093,1.26,1.26
2014.11.12 03:20:27.790,1.59074,1.59092,1.76,1.01
2014.11.12 03:20:28.910,1.59074,1.59091,1.01,1.36
2014.11.12 03:20:31.732,1.59074,1.59092,1.01,1.76
2014.11.12 03:20:31.833,1.59076,1.59094,1.20,3.00
2014.11.12 03:20:31.885,1.59079,1.59094,1.07,1.00
2014.11.12 03:20:31.935,1.59079,1.59094,1.32,1.19
2014.11.12 03:20:33.088,1.59079,1.59096,1.39,1.26
2014.11.12 03:20:33.598,1.5908,1.59096,1.01,1.19
2014.11.12 03:20:37.058,1.5908,1.59098,1.01,1.29
2014.11.12 03:20:38.076,1.5908,1.59097,1.01,1.19
2014.11.12 03:20:38.647,1.59082,1.59097,1.32,1.19
2014.11.12 03:20:38.699,1.59084,1.59101,1.45,1.76
2014.11.12 03:20:39.206,1.59085,1.59104,1.69,2.21
2014.11.12 03:20:39.715,1.59084,1.59103,1.36,1.39
2014.11.12 03:20:40.361,1.59084,1.59102,1.36,1.36
2014.11.12 03:20:43.568,1.59085,1.59102,1.26,1.76
2014.11.12 03:20:44.790,1.59085,1.59102,1.69,1.19
2014.11.12 03:20:45.873,1.59085,1.59102,2.44,1.19
2014.11.12 03:20:50.935,1.59085,1.59102,2.44,1.19
2014.11.12 03:20:51.471,1.59085,1.59102,1.69,1.69
2014.11.12 03:20:55.395,1.59084,1.59102,1.34,1.34
2014.11.12 03:20:56.155,1.59084,1.59102,1.26,1.26
2014.11.12 03:20:56.701,1.59084,1.59102,1.19,1.69
2014.11.12 03:21:00.417,1.59084,1.59101,2.06,1.69
2014.11.12 03:21:00.930,1.59084,1.59102,2.89,2.51
2014.11.12 03:21:01.440,1.59084,1.59102,2.14,1.76
2014.11.12 03:21:02.378,1.59085,1.59102,1.26,1.76
2014.11.12 03:21:02.847,1.59085,1.591,1.19,1.32
2014.11.12 03:21:04.403,1.59083,1.591,1.76,1.26
2014.11.12 03:21:05.422,1.59083,1.591,1.76,1.26
2014.11.12 03:21:08.420,1.59083,1.591,1.39,1.26
2014.11.12 03:21:09.443,1.59083,1.591,2.89,1.26
2014.11.12 03:21:15.260,1.59084,1.59101,1.01,1.84
2014.11.12 03:21:17.262,1.59084,1.59102,1.76,2.51
2014.11.12 03:21:19.295,1.59084,1.59102,1.01,1.76
2014.11.12 03:21:20.668,1.59086,1.59102,1.01,1.01
2014.11.12 03:21:20.972,1.59087,1.59104,2.44,1.29
2014.11.12 03:21:21.478,1.59088,1.59106,2.89,1.76
2014.11.12 03:21:22.036,1.59089,1.59106,1.39,1.69
2014.11.12 03:21:22.543,1.59089,1.59106,2.06,1.19
2014.11.12 03:21:24.460,1.59089,1.59107,2.06,2.21
2014.11.12 03:21:25.445,1.59089,1.59106,2.06,1.19
2014.11.12 03:21:26.447,1.59089,1.59107,2.06,1.46
2014.11.12 03:21:27.449,1.59089,1.59107,2.81,2.21
2014.11.12 03:21:28.452,1.59089,1.59107,2.81,2.21
2014.11.12 03:21:29.170,1.59089,1.59106,2.06,1.69
2014.11.12 03:21:31.507,1.59089,1.59106,1.87,1.19
2014.11.12 03:21:34.456,1.59089,1.59106,1.87,1.69
2014.11.12 03:21:38.519,1.59089,1.59106,2.06,1.69
2014.11.12 03:21:39.509,1.59089,1.59106,1.87,1.69
2014.11.12 03:21:42.530,1.59089,1.59106,1.87,1.19
2014.11.12 03:21:44.298,1.59088,1.59105,2.21,1.01
2014.11.12 03:21:44.809,1.59088,1.59105,2.21,1.01
2014.11.12 03:21:46.593,1.59089,1.59105,1.20,1.76
2014.11.12 03:21:47.606,1.59089,1.59105,1.20,1.76
2014.11.12 03:21:51.696,1.59089,1.59105,1.17,1.69
2014.11.12 03:21:52.215,1.59089,1.59105,1.57,1.29
2014.11.12 03:21:55.633,1.59089,1.59106,1.76,1.36
2014.11.12 03:21:58.671,1.59089,1.59105,1.20,1.29
2014.11.12 03:21:59.648,1.59089,1.59106,1.20,1.36
2014.11.12 03:22:00.700,1.59089,1.59106,1.20,1.36
2014.11.12 03:22:05.994,1.59089,1.59106,1.20,1.36
2014.11.12 03:22:06.578,1.59089,1.59106,1.39,1.36
2014.11.12 03:22:09.670,1.59089,1.59107,2.14,2.51
2014.11.12 03:22:17.209,1.5909,1.59108,2.89,1.76
2014.11.12 03:22:18.140,1.59093,1.59108,1.32,1.19
2014.11.12 03:22:18.506,1.59094,1.5911,1.01,1.29
2014.11.12 03:22:20.505,1.59094,1.59111,1.76,1.36
2014.11.12 03:22:25.519,1.59094,1.59111,2.51,1.36
2014.11.12 03:22:28.527,1.59094,1.59111,1.76,1.09
2014.11.12 03:22:29.855,1.59096,1.59111,1.32,1.32
2014.11.12 03:22:30.059,1.59099,1.59115,1.71,1.19
2014.11.12 03:22:30.161,1.59101,1.59115,1.07,1.19
2014.11.12 03:22:30.262,1.59101,1.59117,2.81,1.29
2014.11.12 03:22:30.364,1.59103,1.59117,1.22,1.00
2014.11.12 03:22:30.466,1.59101,1.59118,1.76,1.32
2014.11.12 03:22:32.171,1.59102,1.59118,1.26,1.30
2014.11.12 03:22:32.273,1.59102,1.59116,1.19,1.07
2014.11.12 03:22:32.780,1.59102,1.59116,1.19,1.07
2014.11.12 03:22:33.347,1.59102,1.59116,1.19,1.07
2014.11.12 03:22:34.061,1.591,1.59116,1.57,1.70
2014.11.12 03:22:34.112,1.591,1.59115,1.10,2.70
2014.11.12 03:22:34.164,1.59097,1.59113,1.00,2.25
2014.11.12 03:22:34.875,1.59094,1.59111,2.44,1.76
2014.11.12 03:22:34.977,1.59094,1.5911,1.29,1.01
2014.11.12 03:22:36.011,1.59094,1.5911,1.29,1.01
2014.11.12 03:22:36.752,1.59096,1.59111,1.01,1.36
2014.11.12 03:22:37.261,1.59094,1.5911,1.29,1.26
2014.11.12 03:22:37.772,1.59094,1.5911,1.29,1.32
2014.11.12 03:22:39.790,1.59094,1.5911,1.29,1.26
2014.11.12 03:22:41.607,1.59093,1.5911,1.64,1.26
2014.11.12 03:22:41.709,1.59094,1.59111,2.14,1.32
2014.11.12 03:22:41.760,1.59098,1.59114,1.07,1.76
2014.11.12 03:22:41.811,1.59098,1.59115,1.32,3.26
2014.11.12 03:22:42.218,1.59099,1.59115,1.76,1.26
2014.11.12 03:22:42.725,1.59101,1.59117,1.39,1.76
2014.11.12 03:22:42.877,1.59102,1.59119,1.39,1.36
2014.11.12 03:22:43.383,1.59102,1.5912,2.89,1.01
2014.11.12 03:22:44.827,1.59102,1.5912,2.89,1.76
2014.11.12 03:22:46.671,1.59104,1.59121,1.31,1.76
2014.11.12 03:22:47.198,1.59104,1.59121,1.39,1.26
2014.11.12 03:22:52.336,1.59104,1.59121,1.76,1.26
2014.11.12 03:22:55.372,1.59104,1.59121,1.76,1.32
2014.11.12 03:22:56.181,1.59104,1.59121,1.26,1.76
2014.11.12 03:22:56.688,1.59103,1.5912,1.36,1.01
2014.11.12 03:22:57.195,1.59102,1.5912,2.51,1.76
2014.11.12 03:22:59.104,1.59102,1.5912,1.76,1.01
2014.11.12 03:23:00.103,1.59102,1.59119,1.76,1.36
2014.11.12 03:23:04.075,1.59102,1.5912,1.76,1.76
2014.11.12 03:23:04.747,1.59102,1.5912,2.14,1.76
2014.11.12 03:23:04.799,1.59105,1.59121,1.12,1.57
2014.11.12 03:23:04.850,1.59105,1.59122,1.57,1.32
2014.11.12 03:23:05.002,1.59107,1.59124,1.69,1.34
2014.11.12 03:23:05.408,1.59108,1.59126,2.44,1.34
2014.11.12 03:23:06.385,1.59109,1.59127,1.26,1.76
2014.11.12 03:23:07.400,1.59109,1.59127,2.14,2.51
2014.11.12 03:23:08.420,1.59109,1.59127,1.39,1.76
2014.11.12 03:23:11.205,1.59111,1.59129,1.26,1.76
2014.11.12 03:23:11.918,1.59115,1.5913,1.32,1.07
2014.11.12 03:23:11.969,1.59118,1.59132,1.00,1.20
2014.11.12 03:23:12.223,1.59119,1.59134,1.20,1.00
2014.11.12 03:23:12.527,1.59121,1.59134,1.29,1.00
2014.11.12 03:23:12.737,1.59121,1.59139,1.36,1.84
2014.11.12 03:23:13.449,1.59123,1.59139,1.19,1.36
2014.11.12 03:23:14.446,1.59124,1.5914,1.19,2.89
2014.11.12 03:23:15.426,1.59123,1.5914,1.19,2.14
2014.11.12 03:23:16.459,1.59124,1.59139,1.19,1.09
2014.11.12 03:23:17.430,1.59123,1.59139,1.19,1.17
2014.11.12 03:23:26.575,1.59122,1.59138,1.19,1.69
2014.11.12 03:23:29.003,1.59123,1.59138,1.19,1.50
2014.11.12 03:23:29.965,1.59122,1.59138,1.19,1.50
2014.11.12 03:23:42.329,1.59119,1.59138,1.84,2.81
2014.11.12 03:23:42.380,1.59119,1.59136,1.69,1.20
2014.11.12 03:23:43.407,1.59119,1.59136,1.19,2.14
2014.11.12 03:23:45.441,1.59119,1.59136,1.19,2.14
2014.11.12 03:23:50.930,1.59118,1.59136,1.29,2.14
2014.11.12 03:23:54.155,1.59119,1.59136,1.19,2.14
2014.11.12 03:23:55.053,1.59117,1.59135,2.21,1.46
2014.11.12 03:24:03.167,1.59118,1.59136,1.29,2.51
2014.11.12 03:24:05.174,1.59118,1.59135,1.29,1.36
2014.11.12 03:24:06.489,1.59118,1.59136,1.29,2.14
2014.11.12 03:24:07.141,1.59118,1.59136,1.76,2.89
2014.11.12 03:24:08.153,1.59118,1.59136,1.29,2.14
2014.11.12 03:24:12.184,1.59118,1.59135,1.29,1.36
2014.11.12 03:24:14.191,1.59117,1.59134,1.46,1.29
2014.11.12 03:24:16.176,1.59116,1.59134,2.14,1.29
2014.11.12 03:24:21.299,1.59117,1.59134,1.46,1.29
2014.11.12 03:24:22.915,1.59116,1.59134,1.20,1.29
2014.11.12 03:24:22.966,1.59115,1.59134,1.50,3.41
2014.11.12 03:24:23.067,1.5911,1.59127,1.69,1.39
2014.11.12 03:24:23.118,1.59109,1.59126,1.29,1.74
2014.11.12 03:24:23.221,1.59107,1.59123,2.06,1.26
2014.11.12 03:24:23.272,1.59105,1.59123,2.51,2.51
2014.11.12 03:24:23.577,1.59104,1.5912,1.01,1.26
2014.11.12 03:24:24.032,1.59104,1.5912,1.76,1.26
2014.11.12 03:24:25.605,1.59102,1.5912,1.76,1.76
2014.11.12 03:24:26.652,1.59101,1.59119,1.29,1.01
2014.11.12 03:24:28.458,1.59102,1.5912,1.01,1.76
2014.11.12 03:24:28.991,1.59102,1.5912,1.76,1.76
2014.11.12 03:24:29.661,1.59102,1.5912,1.01,1.01
2014.11.12 03:24:36.744,1.59102,1.5912,1.76,1.76
2014.11.12 03:24:37.741,1.59102,1.5912,1.76,1.76
2014.11.12 03:24:38.762,1.59102,1.59119,1.19,1.69
2014.11.12 03:24:40.776,1.59101,1.59119,1.39,1.69
2014.11.12 03:24:43.760,1.59101,1.59119,1.39,1.69
2014.11.12 03:24:44.761,1.59101,1.59119,1.39,1.69
2014.11.12 03:24:45.777,1.59101,1.59119,1.84,2.44
2014.11.12 03:24:49.762,1.59101,1.59119,1.84,2.44
2014.11.12 03:24:57.824,1.59101,1.59118,1.39,1.34
2014.11.12 03:24:58.839,1.59101,1.59119,1.09,2.44
2014.11.12 03:24:59.851,1.59101,1.59118,1.39,1.34
2014.11.12 03:25:03.768,1.59101,1.59118,1.20,1.71
2014.11.12 03:25:03.971,1.59096,1.59114,1.32,1.26
2014.11.12 03:25:04.022,1.59094,1.59112,1.76,1.50
2014.11.12 03:25:04.326,1.59094,1.59109,1.19,1.26
2014.11.12 03:25:04.832,1.59094,1.59109,1.25,1.76
2014.11.12 03:25:05.369,1.59091,1.59109,1.26,1.26
2014.11.12 03:25:07.389,1.59091,1.59108,1.26,1.26
2014.11.12 03:25:07.947,1.5909,1.59107,1.26,1.26
2014.11.12 03:25:08.464,1.59089,1.59107,1.76,1.76
2014.11.12 03:25:09.369,1.59089,1.59107,1.76,1.76
2014.11.12 03:25:12.374,1.59089,1.59107,1.26,1.26
2014.11.12 03:25:13.616,1.59089,1.59107,1.76,1.76
2014.11.12 03:25:16.683,1.59089,1.59107,1.26,1.26
2014.11.12 03:25:17.936,1.5909,1.59108,1.01,1.29
2014.11.12 03:25:19.052,1.5909,1.5911,1.39,1.76
2014.11.12 03:25:19.103,1.59093,1.5911,1.12,1.69
2014.11.12 03:25:19.154,1.59094,1.59113,2.81,1.34
2014.11.12 03:25:19.206,1.59096,1.59113,1.39,1.26
2014.11.12 03:25:19.510,1.59098,1.59113,1.07,1.19
2014.11.12 03:25:20.100,1.59098,1.59115,1.26,1.39
2014.11.12 03:25:20.404,1.59094,1.59111,1.46,1.01
2014.11.12 03:25:20.658,1.59093,1.59111,1.76,1.76
2014.11.12 03:25:21.660,1.59093,1.5911,1.19,1.01
2014.11.12 03:25:22.637,1.59092,1.5911,1.29,1.01
2014.11.12 03:25:23.662,1.59092,1.5911,1.29,1.76
2014.11.12 03:25:28.666,1.59091,1.5911,2.21,1.01
2014.11.12 03:25:30.684,1.59092,1.5911,1.29,1.76
2014.11.12 03:25:36.164,1.59093,1.5911,1.19,1.01
2014.11.12 03:25:37.189,1.59091,1.5911,2.59,1.01
2014.11.12 03:25:39.221,1.59092,1.5911,1.29,1.76
2014.11.12 03:25:41.218,1.59092,1.5911,1.29,1.76
2014.11.12 03:25:41.548,1.59091,1.59106,2.44,1.30
2014.11.12 03:25:42.005,1.59089,1.59106,1.36,1.76
2014.11.12 03:25:42.158,1.59086,1.59105,1.36,2.14
2014.11.12 03:25:42.209,1.59086,1.59104,1.84,1.36
2014.11.12 03:25:44.109,1.59086,1.59103,1.36,1.29
2014.11.12 03:25:47.137,1.59086,1.59105,1.36,2.89
2014.11.12 03:25:49.060,1.59086,1.59104,1.84,1.36
2014.11.12 03:25:50.062,1.59086,1.59104,1.84,1.36
2014.11.12 03:25:50.366,1.59086,1.59103,1.36,2.14
2014.11.12 03:25:52.911,1.59086,1.59103,1.36,2.14
2014.11.12 03:25:53.913,1.59086,1.59103,1.09,1.39
2014.11.12 03:25:54.874,1.59086,1.59103,1.36,1.39
2014.11.12 03:25:58.891,1.59085,1.59102,1.39,1.19
2014.11.12 03:25:59.919,1.59085,1.59102,1.39,1.25
2014.11.12 03:26:02.190,1.59085,1.59102,1.39,1.09
2014.11.12 03:26:09.950,1.59085,1.59102,2.14,1.36
2014.11.12 03:26:14.974,1.59085,1.59102,1.39,1.09
2014.11.12 03:26:15.706,1.59087,1.59102,1.32,1.25
2014.11.12 03:26:16.220,1.59087,1.59101,1.32,1.00
2014.11.12 03:26:18.192,1.59087,1.59103,1.64,1.10
2014.11.12 03:26:18.243,1.59089,1.59103,1.30,1.00
2014.11.12 03:26:18.749,1.59089,1.59106,1.30,1.36
2014.11.12 03:26:21.803,1.59089,1.59107,1.39,1.76
2014.11.12 03:26:23.806,1.5909,1.59107,1.36,1.76
2014.11.12 03:26:28.812,1.59091,1.59107,1.01,1.57
2014.11.12 03:26:28.863,1.59091,1.59107,2.51,1.00
2014.11.12 03:26:28.915,1.59096,1.59111,1.50,1.95
2014.11.12 03:26:29.016,1.59097,1.59114,1.20,1.09
2014.11.12 03:26:29.067,1.59097,1.59114,2.25,1.01
2014.11.12 03:26:29.169,1.59099,1.59117,1.50,1.39
2014.11.12 03:26:29.473,1.59101,1.59117,1.39,1.09
2014.11.12 03:26:29.782,1.59102,1.59117,1.32,1.19
2014.11.12 03:26:31.189,1.59102,1.59117,1.32,1.25
2014.11.12 03:26:35.059,1.59102,1.59119,1.76,2.14
2014.11.12 03:26:36.063,1.59102,1.59119,1.76,2.14
2014.11.12 03:26:38.068,1.59102,1.59119,1.76,2.14
2014.11.12 03:26:41.108,1.59102,1.59119,1.76,1.39
2014.11.12 03:26:42.099,1.59102,1.59119,1.76,1.26
2014.11.12 03:26:43.088,1.59102,1.59119,1.76,1.26
2014.11.12 03:26:44.125,1.59102,1.59119,1.76,1.76
2014.11.12 03:26:50.115,1.59102,1.59119,1.26,1.76
2014.11.12 03:26:52.157,1.59102,1.59119,1.26,2.51
2014.11.12 03:26:55.415,1.59102,1.59119,1.26,2.51
2014.11.12 03:26:57.419,1.59102,1.59119,1.26,2.51
2014.11.12 03:26:58.422,1.59102,1.59119,1.32,2.51
2014.11.12 03:26:59.426,1.59102,1.59118,1.26,1.26
2014.11.12 03:27:06.145,1.59102,1.59119,1.32,1.76
2014.11.12 03:27:11.083,1.59102,1.59119,1.25,1.76
2014.11.12 03:27:14.276,1.59102,1.59119,1.19,3.19
2014.11.12 03:27:18.238,1.59102,1.59119,1.19,3.19
2014.11.12 03:27:24.271,1.59102,1.59119,1.19,3.19
2014.11.12 03:27:24.787,1.59102,1.59118,1.19,1.34
2014.11.12 03:27:25.599,1.59102,1.59119,1.25,2.44
2014.11.12 03:27:28.159,1.59102,1.59119,1.69,1.69
2014.11.12 03:27:42.676,1.59102,1.5912,2.44,1.39
2014.11.12 03:27:44.282,1.59102,1.5912,2.44,1.39
2014.11.12 03:27:47.389,1.59102,1.5912,2.44,1.39
2014.11.12 03:27:48.127,1.59104,1.5912,1.26,1.39
2014.11.12 03:27:52.104,1.59104,1.59122,1.76,2.51
2014.11.12 03:27:52.611,1.59105,1.59123,2.81,2.21
2014.11.12 03:27:52.712,1.59108,1.59124,1.25,1.09
2014.11.12 03:27:53.222,1.59108,1.59124,1.25,1.34
2014.11.12 03:27:54.346,1.59105,1.59123,2.44,1.46
2014.11.12 03:27:54.448,1.59104,1.59122,1.75,1.31
2014.11.12 03:27:54.499,1.59104,1.59121,1.00,2.25
2014.11.12 03:27:54.652,1.59104,1.59119,1.00,1.45
2014.11.12 03:27:54.703,1.59101,1.59119,1.20,1.87
2014.11.12 03:27:54.754,1.59101,1.59119,1.84,2.81
2014.11.12 03:27:54.856,1.59101,1.59118,1.09,1.34
2014.11.12 03:27:56.072,1.59101,1.59118,2.44,1.69
2014.11.12 03:27:56.827,1.59101,1.59118,2.44,1.69
2014.11.12 03:27:58.666,1.59101,1.59118,3.19,1.19
2014.11.12 03:27:58.970,1.59104,1.59119,1.39,1.69
2014.11.12 03:27:59.173,1.59104,1.59122,1.39,2.14
2014.11.12 03:27:59.375,1.59104,1.59121,1.22,1.71
2014.11.12 03:27:59.477,1.59102,1.59119,1.50,2.14
2014.11.12 03:27:59.578,1.59101,1.59117,1.20,1.39
2014.11.12 03:28:00.590,1.59099,1.59116,1.69,1.31
2014.11.12 03:28:02.562,1.59099,1.59116,2.44,1.31
2014.11.12 03:28:04.277,1.59097,1.59113,1.69,1.19
2014.11.12 03:28:04.784,1.59096,1.59112,1.01,1.29
2014.11.12 03:28:06.590,1.59097,1.59112,1.32,1.19
2014.11.12 03:28:06.691,1.59097,1.59114,2.14,1.19
2014.11.12 03:28:07.888,1.59098,1.59114,1.36,1.19
2014.11.12 03:28:13.024,1.59098,1.59114,1.74,1.19
2014.11.12 03:28:13.127,1.591,1.59115,1.39,1.00
2014.11.12 03:28:13.179,1.59103,1.59119,4.50,2.06
2014.11.12 03:28:13.332,1.59107,1.59124,1.46,2.21
2014.11.12 03:28:14.506,1.59108,1.59125,1.09,1.84
2014.11.12 03:28:15.808,1.59108,1.59123,1.25,1.32
2014.11.12 03:28:16.547,1.59108,1.59122,1.00,1.50
2014.11.12 03:28:16.599,1.59106,1.59122,1.00,1.50
2014.11.12 03:28:16.701,1.59104,1.59121,1.25,2.14
2014.11.12 03:28:16.753,1.59104,1.59119,1.25,1.97
2014.11.12 03:28:17.068,1.59102,1.59116,1.19,1.32
2014.11.12 03:28:21.143,1.59102,1.59118,1.29,1.76
2014.11.12 03:28:23.131,1.59102,1.59119,1.76,1.36
2014.11.12 03:28:29.968,1.59102,1.59119,2.51,1.36
2014.11.12 03:28:35.012,1.59102,1.59119,1.76,1.36
2014.11.12 03:28:39.101,1.59103,1.59119,1.46,1.36
2014.11.12 03:28:45.147,1.59102,1.59119,1.84,1.34
2014.11.12 03:28:47.148,1.59102,1.59119,1.39,1.34
2014.11.12 03:28:49.130,1.59102,1.59119,1.39,1.84
2014.11.12 03:28:52.166,1.59102,1.59119,1.39,1.40
2014.11.12 03:28:53.165,1.59102,1.59119,1.39,1.84
2014.11.12 03:28:57.859,1.59102,1.59119,1.20,1.40
2014.11.12 03:28:58.395,1.59102,1.59119,1.39,1.34
2014.11.12 03:28:59.880,1.59102,1.59119,1.39,1.84
2014.11.12 03:29:00.891,1.59102,1.59119,1.39,1.34
2014.11.12 03:29:02.672,1.59102,1.59119,2.21,1.34
2014.11.12 03:29:05.878,1.59102,1.59119,1.76,1.76
2014.11.12 03:29:08.867,1.59102,1.59119,1.76,1.26
2014.11.12 03:29:11.885,1.59102,1.59119,1.76,1.26
2014.11.12 03:29:14.854,1.59102,1.59119,1.76,1.76
2014.11.12 03:29:20.878,1.59102,1.5912,1.26,1.26
2014.11.12 03:29:22.893,1.59102,1.59119,1.26,1.26
2014.11.12 03:29:26.903,1.59101,1.59119,1.26,1.26
2014.11.12 03:29:28.538,1.59102,1.5912,1.01,2.04
2014.11.12 03:29:29.096,1.59102,1.5912,1.69,1.39
2014.11.12 03:29:29.783,1.591,1.5912,2.81,2.44
2014.11.12 03:29:30.416,1.59101,1.59119,1.34,1.34
2014.11.12 03:29:31.962,1.591,1.5912,2.81,2.44
2014.11.12 03:29:32.933,1.59102,1.5912,1.39,2.44
2014.11.12 03:29:41.267,1.59102,1.59118,1.29,1.76
2014.11.12 03:29:41.369,1.59099,1.59117,1.76,1.01
2014.11.12 03:29:42.959,1.59099,1.59114,1.69,1.12
2014.11.12 03:29:43.010,1.59097,1.59114,1.84,1.39
2014.11.12 03:29:43.314,1.59093,1.5911,1.01,1.36
2014.11.12 03:29:44.186,1.59093,1.59111,1.01,1.76
2014.11.12 03:29:45.213,1.59093,1.59111,1.76,2.51
2014.11.12 03:29:47.244,1.59093,1.59108,1.76,1.00
2014.11.12 03:29:50.300,1.59093,1.59108,1.01,1.00
2014.11.12 03:29:51.304,1.59094,1.59108,1.36,1.00
2014.11.12 03:29:51.920,1.59093,1.59108,1.01,1.19
2014.11.12 03:29:52.726,1.59092,1.59108,1.76,1.29
2014.11.12 03:29:53.131,1.59092,1.59107,1.29,1.22
2014.11.12 03:29:53.943,1.59092,1.59107,1.26,1.84
2014.11.12 03:29:54.451,1.59091,1.59107,1.76,1.29
2014.11.12 03:29:56.222,1.59091,1.59107,1.76,1.01
2014.11.12 03:29:58.219,1.59091,1.59109,1.76,1.76
2014.11.12 03:29:58.776,1.59092,1.59109,1.39,1.19
2014.11.12 03:29:59.231,1.59093,1.5911,1.74,1.10
2014.11.12 03:29:59.535,1.59098,1.59114,1.01,1.29
2014.11.12 03:29:59.839,1.591,1.59117,1.01,1.46
2014.11.12 03:30:01.872,1.59101,1.59117,1.36,1.36
2014.11.12 03:30:04.989,1.59102,1.59117,1.01,1.19
2014.11.12 03:30:05.293,1.59104,1.59121,2.06,1.19
2014.11.12 03:30:05.395,1.59105,1.59121,1.20,1.00
2014.11.12 03:30:05.902,1.59105,1.59122,1.39,1.69
2014.11.12 03:30:06.496,1.59104,1.59121,1.34,1.39
2014.11.12 03:30:06.598,1.59102,1.59119,1.01,1.09
2014.11.12 03:30:07.677,1.59102,1.59119,1.30,1.36
2014.11.12 03:30:08.689,1.59102,1.59119,1.01,1.36
2014.11.12 03:30:12.710,1.59102,1.59119,1.01,1.84
2014.11.12 03:30:15.723,1.59102,1.59119,1.01,1.36
2014.11.12 03:30:16.796,1.59102,1.59119,1.01,1.84
2014.11.12 03:30:18.771,1.59102,1.59119,1.01,1.36
2014.11.12 03:30:20.295,1.59101,1.59118,1.76,1.22
2014.11.12 03:30:23.650,1.59101,1.59119,1.76,1.29
2014.11.12 03:30:24.650,1.59101,1.59118,1.76,1.19
2014.11.12 03:30:30.660,1.59101,1.59119,2.51,1.76
2014.11.12 03:30:33.668,1.59101,1.59119,2.51,1.76
2014.11.12 03:30:35.208,1.59101,1.59119,2.51,1.76
2014.11.12 03:30:37.177,1.59101,1.59119,1.76,1.29
2014.11.12 03:30:39.182,1.59101,1.59119,1.76,1.29
2014.11.12 03:30:41.211,1.59101,1.59119,2.51,1.76
2014.11.12 03:30:42.221,1.59101,1.59119,1.76,1.29
2014.11.12 03:30:43.201,1.59101,1.59119,2.51,1.76
2014.11.12 03:30:44.199,1.59101,1.59119,1.76,1.29
2014.11.12 03:30:45.199,1.59101,1.59119,2.51,1.76
2014.11.12 03:30:50.857,1.59101,1.59119,1.76,1.29
2014.11.12 03:30:52.821,1.59101,1.59119,2.51,1.76
2014.11.12 03:30:56.344,1.59101,1.59118,1.76,1.19
2014.11.12 03:30:57.380,1.59101,1.59119,2.51,1.76
2014.11.12 03:30:58.742,1.59101,1.59119,1.76,1.29
2014.11.12 03:30:59.760,1.59101,1.59119,1.76,1.29
2014.11.12 03:31:00.748,1.59101,1.59119,2.51,1.76
2014.11.12 03:31:02.610,1.59101,1.59117,1.76,1.30
2014.11.12 03:31:03.426,1.59101,1.59119,2.21,1.84
2014.11.12 03:31:03.629,1.59105,1.59121,1.39,1.26
2014.11.12 03:31:03.831,1.59105,1.5912,1.01,1.26
2014.11.12 03:31:07.838,1.59101,1.59119,1.84,1.36
2014.11.12 03:31:10.011,1.59103,1.59119,1.19,1.09
2014.11.12 03:31:10.419,1.59106,1.59123,1.84,1.01
2014.11.12 03:31:11.944,1.59108,1.59124,1.84,2.25
2014.11.12 03:31:12.147,1.59116,1.59132,1.29,3.26
2014.11.12 03:31:12.351,1.59117,1.59132,1.19,1.57
2014.11.12 03:31:12.452,1.59117,1.59132,1.39,1.00
2014.11.12 03:31:12.554,1.5912,1.59132,1.19,1.00
2014.11.12 03:31:13.061,1.59121,1.59133,1.19,1.00
2014.11.12 03:31:13.568,1.5912,1.59136,1.76,1.01
2014.11.12 03:31:13.872,1.5912,1.59134,1.00,1.39
2014.11.12 03:31:13.924,1.59115,1.59133,1.76,1.01
2014.11.12 03:31:14.026,1.59115,1.59132,1.19,2.51
2014.11.12 03:31:14.077,1.59115,1.5913,1.25,1.76
2014.11.12 03:31:14.179,1.59111,1.59129,1.36,1.46
2014.11.12 03:31:14.483,1.59109,1.59128,1.36,1.76
2014.11.12 03:31:14.611,1.59107,1.59124,1.26,1.32
2014.11.12 03:31:14.915,1.5911,1.59124,1.19,1.07
2014.11.12 03:31:14.966,1.5911,1.59127,1.19,1.69
2014.11.12 03:31:15.068,1.59109,1.59127,1.39,2.44
2014.11.12 03:31:15.271,1.59107,1.59124,1.26,1.07
2014.11.12 03:31:15.780,1.5911,1.59124,1.19,1.07
2014.11.12 03:31:16.136,1.59109,1.59121,1.19,1.75
2014.11.12 03:31:16.441,1.59109,1.59118,1.19,1.07
2014.11.12 03:31:16.694,1.59104,1.59118,1.19,1.07
2014.11.12 03:31:17.354,1.59102,1.59118,1.29,1.26
2014.11.12 03:31:17.860,1.59102,1.5912,1.76,1.76
2014.11.12 03:31:18.403,1.59103,1.5912,1.36,1.01
2014.11.12 03:31:19.390,1.59103,1.5912,1.36,1.01
2014.11.12 03:31:20.381,1.59102,1.5912,1.76,1.01
2014.11.12 03:31:22.493,1.59102,1.5912,1.76,1.76
2014.11.12 03:31:23.500,1.59102,1.5912,1.76,1.01
2014.11.12 03:31:24.271,1.59102,1.59118,1.01,1.29
2014.11.12 03:31:24.474,1.59099,1.59116,1.07,1.39
2014.11.12 03:31:24.677,1.59098,1.59111,1.76,1.00
2014.11.12 03:31:43.366,1.59098,1.59114,1.39,1.29
2014.11.12 03:31:43.970,1.59098,1.59115,2.14,1.26
2014.11.12 03:31:44.579,1.59098,1.59115,1.64,1.32
2014.11.12 03:31:45.563,1.59098,1.59115,1.66,1.36
2014.11.12 03:31:48.562,1.59098,1.59115,1.29,1.36
2014.11.12 03:31:50.579,1.59097,1.59115,1.46,1.36
2014.11.12 03:31:51.535,1.59097,1.59115,1.46,1.09
2014.11.12 03:31:53.541,1.59098,1.59115,1.29,1.36
2014.11.12 03:31:58.760,1.59098,1.59115,1.29,1.74
2014.11.12 03:32:00.771,1.59098,1.59115,1.01,1.62
2014.11.12 03:32:02.872,1.59098,1.59115,1.76,1.69
2014.11.12 03:32:03.403,1.59098,1.59115,1.36,2.51
2014.11.12 03:32:04.075,1.59097,1.59115,1.39,2.51
2014.11.12 03:32:20.148,1.59098,1.59115,2.51,1.76
2014.11.12 03:32:20.249,1.59098,1.59115,2.81,1.64
2014.11.12 03:32:20.757,1.59098,1.59114,1.39,1.39
2014.11.12 03:32:21.258,1.59098,1.59114,1.39,1.39
2014.11.12 03:32:22.208,1.59097,1.59114,1.74,1.39
2014.11.12 03:32:23.162,1.59097,1.59114,1.74,1.39
2014.11.12 03:32:31.735,1.59096,1.59114,1.39,1.76
2014.11.12 03:32:31.887,1.59095,1.59112,1.76,1.26
2014.11.12 03:32:32.292,1.59092,1.5911,1.36,1.36
2014.11.12 03:32:32.343,1.59091,1.59105,2.14,1.25
2014.11.12 03:32:32.851,1.5909,1.59105,2.14,1.25
2014.11.12 03:32:33.356,1.59091,1.59105,2.44,1.00
2014.11.12 03:32:38.348,1.59092,1.59105,1.34,1.00
2014.11.12 03:32:52.344,1.59091,1.59105,2.81,1.00
2014.11.12 03:32:55.328,1.59091,1.59105,2.44,1.00
2014.11.12 03:32:58.337,1.59091,1.59105,2.44,1.00
2014.11.12 03:33:01.872,1.59094,1.59105,1.07,1.00
2014.11.12 03:33:05.668,1.59096,1.59105,1.07,1.00
2014.11.12 03:33:05.871,1.59099,1.59116,1.60,1.69
2014.11.12 03:33:05.922,1.591,1.59117,1.39,1.84
2014.11.12 03:33:05.973,1.59102,1.59117,1.39,1.76
2014.11.12 03:33:06.024,1.59103,1.59117,1.69,1.00
2014.11.12 03:33:06.075,1.59103,1.59122,1.69,2.21
2014.11.12 03:33:06.227,1.59104,1.59121,1.29,2.44
2014.11.12 03:33:06.767,1.59104,1.5912,1.30,1.29
2014.11.12 03:33:07.426,1.59104,1.59121,1.30,1.84
2014.11.12 03:33:07.765,1.59102,1.5912,1.76,1.26
2014.11.12 03:33:08.443,1.59102,1.5912,2.51,1.76
2014.11.12 03:33:15.851,1.59102,1.5912,1.76,1.76
2014.11.12 03:33:20.860,1.59102,1.5912,2.51,1.76
2014.11.12 03:33:22.657,1.59103,1.5912,1.76,1.76
2014.11.12 03:33:23.586,1.59104,1.5912,1.39,1.29
2014.11.12 03:33:23.789,1.59104,1.5912,1.39,1.29
2014.11.12 03:33:24.296,1.59104,1.5912,1.39,1.29
2014.11.12 03:33:24.874,1.59104,1.5912,1.39,1.29
2014.11.12 03:33:25.783,1.59104,1.5912,1.39,1.29
2014.11.12 03:33:26.340,1.59104,1.5912,1.39,1.29
2014.11.12 03:33:27.103,1.59106,1.5912,2.04,1.10
2014.11.12 03:33:27.408,1.59109,1.59126,1.01,1.36
2014.11.12 03:33:27.459,1.59111,1.59126,2.25,1.26
2014.11.12 03:33:27.613,1.5911,1.59126,1.50,1.19
2014.11.12 03:33:27.665,1.59114,1.59126,1.07,1.19
2014.11.12 03:33:27.716,1.59117,1.59134,1.19,1.76
2014.11.12 03:33:28.223,1.59117,1.59133,1.01,1.29
2014.11.12 03:33:28.426,1.59117,1.59136,1.01,2.25
2014.11.12 03:33:28.478,1.59119,1.59136,1.01,1.75
2014.11.12 03:33:28.534,1.59121,1.59136,1.30,1.25
2014.11.12 03:33:28.586,1.59119,1.59136,1.26,1.32
2014.11.12 03:33:29.400,1.59119,1.59136,1.26,1.26
2014.11.12 03:33:29.603,1.59119,1.59137,1.76,1.76
2014.11.12 03:33:29.706,1.59118,1.59136,1.10,1.39
2014.11.12 03:33:29.757,1.59118,1.59134,1.10,1.32
2014.11.12 03:33:29.859,1.59114,1.59134,2.81,1.69
2014.11.12 03:33:29.911,1.59115,1.59133,1.76,1.76
2014.11.12 03:33:30.572,1.59115,1.59131,1.69,1.39
2014.11.12 03:33:30.624,1.59114,1.5913,1.29,1.01
2014.11.12 03:33:30.726,1.59114,1.59128,1.00,1.30
2014.11.12 03:33:31.033,1.59114,1.59125,1.00,1.29
2014.11.12 03:33:31.184,1.59107,1.59125,1.69,1.36
2014.11.12 03:33:31.796,1.59109,1.59125,1.01,1.26
2014.11.12 03:33:32.312,1.59109,1.59126,1.01,1.26
2014.11.12 03:33:37.021,1.5911,1.59126,1.01,1.26
2014.11.12 03:33:37.963,1.5911,1.59128,1.09,1.36
2014.11.12 03:33:38.470,1.59111,1.59128,1.01,1.36
2014.11.12 03:33:39.197,1.5911,1.59128,1.09,1.36
2014.11.12 03:33:39.703,1.59111,1.59128,1.01,1.36
2014.11.12 03:33:40.292,1.5911,1.59128,1.09,1.36
2014.11.12 03:33:40.597,1.59109,1.59128,2.14,1.36
2014.11.12 03:33:40.951,1.5911,1.59128,1.36,1.36
2014.11.12 03:33:45.193,1.59112,1.5913,1.76,1.76
2014.11.12 03:33:46.157,1.59112,1.5913,1.84,1.34
2014.11.12 03:33:50.206,1.59112,1.59131,1.84,1.50
2014.11.12 03:33:50.256,1.59112,1.59131,2.59,1.50
2014.11.12 03:33:50.409,1.59117,1.59137,1.87,2.81
2014.11.12 03:33:50.512,1.59117,1.59135,2.44,1.39
2014.11.12 03:33:50.613,1.59117,1.59137,3.19,3.19
2014.11.12 03:33:50.715,1.5912,1.59137,1.69,1.76
2014.11.12 03:33:51.627,1.59121,1.59138,1.36,1.01
2014.11.12 03:33:53.705,1.59121,1.59139,2.04,1.76
2014.11.12 03:33:54.349,1.59122,1.5914,1.76,1.76
2014.11.12 03:33:56.264,1.59119,1.59139,1.50,2.81
2014.11.12 03:33:56.316,1.59118,1.59136,1.97,1.31
2014.11.12 03:33:56.620,1.59115,1.59133,1.39,2.44
2014.11.12 03:33:56.773,1.59113,1.59133,2.44,2.44
2014.11.12 03:33:57.319,1.59113,1.59131,1.29,1.01
2014.11.12 03:33:57.889,1.59112,1.5913,1.26,1.39
2014.11.12 03:33:58.399,1.59112,1.59129,1.19,1.39
2014.11.12 03:33:59.063,1.59112,1.59129,1.19,2.14
2014.11.12 03:34:01.370,1.59113,1.59127,1.25,1.31
2014.11.12 03:34:02.070,1.59113,1.59125,1.00,1.01
2014.11.12 03:34:02.172,1.59108,1.59124,1.66,1.01
2014.11.12 03:34:03.406,1.59107,1.59124,1.46,1.76
2014.11.12 03:34:05.384,1.59107,1.59124,1.09,2.14
2014.11.12 03:34:06.204,1.59107,1.59124,1.84,1.39
2014.11.12 03:34:06.529,1.59108,1.59126,1.39,1.39
2014.11.12 03:34:07.040,1.59109,1.59127,2.06,1.46
2014.11.12 03:34:08.539,1.59108,1.59126,2.14,1.01
2014.11.12 03:34:09.554,1.59109,1.59126,1.46,1.01
2014.11.12 03:34:10.823,1.5911,1.59127,1.26,1.26
2014.11.12 03:34:11.128,1.59112,1.59128,1.29,1.26
2014.11.12 03:34:11.433,1.59113,1.59128,1.31,1.07
2014.11.12 03:34:11.585,1.59113,1.5913,2.06,1.01
2014.11.12 03:34:11.686,1.59118,1.59134,1.22,2.04
2014.11.12 03:34:11.788,1.59118,1.59136,1.30,1.76
2014.11.12 03:34:11.889,1.5912,1.59137,1.22,2.51
2014.11.12 03:34:12.398,1.59121,1.59138,1.36,1.01
2014.11.12 03:34:14.977,1.59119,1.59138,1.50,1.01
2014.11.12 03:34:15.281,1.59115,1.59129,1.19,1.07
2014.11.12 03:34:15.383,1.59112,1.59129,1.26,1.32
2014.11.12 03:34:15.434,1.59112,1.59127,1.19,1.07
2014.11.12 03:34:15.738,1.59112,1.59129,1.26,1.32
2014.11.12 03:34:17.414,1.59112,1.59126,1.69,1.07
2014.11.12 03:34:17.920,1.59112,1.59126,1.19,1.32
2014.11.12 03:34:18.426,1.59114,1.59126,1.00,1.32
2014.11.12 03:34:23.736,1.59114,1.59129,1.00,1.46
2014.11.12 03:34:23.838,1.59114,1.5913,1.19,2.14
2014.11.12 03:34:27.799,1.59114,1.5913,1.25,2.14
2014.11.12 03:34:33.380,1.59112,1.5913,1.76,1.76
2014.11.12 03:34:33.634,1.59112,1.59127,1.69,2.25
2014.11.12 03:34:33.686,1.59112,1.59125,1.00,1.20
2014.11.12 03:34:33.737,1.59112,1.59123,1.00,1.12
2014.11.12 03:34:33.991,1.59103,1.59117,3.19,1.30
2014.11.12 03:34:34.145,1.59101,1.59119,1.34,1.34
2014.11.12 03:34:34.652,1.59102,1.59119,1.39,1.40
2014.11.12 03:34:35.161,1.59103,1.59119,1.26,1.01
2014.11.12 03:34:36.927,1.59103,1.59119,1.76,1.29
2014.11.12 03:34:37.534,1.59105,1.59119,1.22,1.19
2014.11.12 03:34:37.788,1.59105,1.59119,1.01,1.29
2014.11.12 03:34:39.947,1.59104,1.59121,1.76,1.26
2014.11.12 03:34:40.100,1.59104,1.59121,2.14,1.26
2014.11.12 03:34:40.151,1.59107,1.59122,1.31,1.26
2014.11.12 03:34:40.303,1.59108,1.59122,1.01,1.25
2014.11.12 03:34:40.354,1.59109,1.59126,1.39,1.84
2014.11.12 03:34:40.658,1.59111,1.5913,1.36,1.76
2014.11.12 03:34:41.570,1.59111,1.59128,1.76,1.97
2014.11.12 03:34:41.874,1.59112,1.5913,1.39,1.57
2014.11.12 03:34:41.925,1.59115,1.5913,1.31,1.76
2014.11.12 03:34:41.976,1.59115,1.5913,1.46,1.25
2014.11.12 03:34:42.483,1.59116,1.59134,1.76,1.76
2014.11.12 03:34:43.019,1.59116,1.59133,1.29,1.50
2014.11.12 03:34:43.172,1.59116,1.5913,1.19,1.50
2014.11.12 03:34:43.375,1.59113,1.59128,1.19,1.69
2014.11.12 03:34:43.477,1.59109,1.59126,1.00,1.69
2014.11.12 03:34:43.578,1.59109,1.59124,1.25,1.97
2014.11.12 03:34:44.491,1.59107,1.59126,1.34,2.44
2014.11.12 03:34:44.643,1.5911,1.59126,1.69,1.69
2014.11.12 03:34:45.635,1.5911,1.59126,1.19,1.69
2014.11.12 03:34:46.740,1.5911,1.59126,1.19,1.69
2014.11.12 03:34:47.250,1.5911,1.59127,1.39,1.34
2014.11.12 03:34:47.757,1.5911,1.59128,1.84,2.81
2014.11.12 03:34:52.316,1.59111,1.59117,1.19,1.00
2014.11.12 03:34:52.520,1.59095,1.59109,2.25,2.14
2014.11.12 03:34:52.585,1.59095,1.59109,2.25,1.76
2014.11.12 03:34:52.641,1.59095,1.59107,1.50,1.30
2014.11.12 03:34:52.692,1.59095,1.5911,1.00,2.14
2014.11.12 03:34:53.098,1.59095,1.59107,1.00,1.39
2014.11.12 03:34:53.605,1.59095,1.59109,1.00,2.44
2014.11.12 03:34:54.180,1.59095,1.59106,1.00,1.32
2014.11.12 03:34:54.586,1.59095,1.59109,1.00,2.14
2014.11.12 03:34:55.095,1.59095,1.59109,1.25,1.26
2014.11.12 03:34:55.500,1.59095,1.59113,2.14,1.57
2014.11.12 03:34:55.602,1.59096,1.59115,1.76,2.59
2014.11.12 03:34:55.704,1.59099,1.59115,1.19,1.09
2014.11.12 03:34:56.009,1.59101,1.59117,1.29,1.26
2014.11.12 03:34:56.821,1.59101,1.59117,1.76,1.32
2014.11.12 03:34:57.885,1.59101,1.59119,2.81,2.44
2014.11.12 03:34:58.797,1.59101,1.59119,2.51,1.01
2014.11.12 03:34:58.848,1.59101,1.59119,2.51,1.39
2014.11.12 03:34:59.153,1.59095,1.59113,1.36,1.97
2014.11.12 03:34:59.203,1.59094,1.59111,2.06,1.30
2014.11.12 03:34:59.741,1.59093,1.59108,1.07,1.07
2014.11.12 03:34:59.844,1.59092,1.59106,1.25,1.17
2014.11.12 03:35:00.200,1.59092,1.59109,1.76,2.51
2014.11.12 03:35:00.301,1.59092,1.5911,1.76,1.76
2014.11.12 03:35:01.304,1.59094,1.5911,1.26,1.22
2014.11.12 03:35:01.405,1.59095,1.59111,1.97,1.29
2014.11.12 03:35:01.711,1.59101,1.59112,1.20,1.19
2014.11.12 03:35:01.863,1.59103,1.59121,1.36,1.84
2014.11.12 03:35:01.965,1.59104,1.59121,1.29,1.36
2014.11.12 03:35:02.374,1.59103,1.59121,1.36,1.84
2014.11.12 03:35:04.016,1.59103,1.59118,1.64,1.22
2014.11.12 03:35:04.272,1.59094,1.59112,1.76,1.29
2014.11.12 03:35:04.576,1.59095,1.59112,1.36,1.29
2014.11.12 03:35:05.605,1.59095,1.59112,1.36,1.29
2014.11.12 03:35:07.178,1.59094,1.59112,2.14,1.01
2014.11.12 03:35:08.210,1.59094,1.59112,2.14,1.29
2014.11.12 03:35:09.222,1.59094,1.59112,2.14,1.76
2014.11.12 03:35:11.208,1.59094,1.59112,2.14,1.29
2014.11.12 03:35:12.230,1.59094,1.59112,2.14,1.01
2014.11.12 03:35:12.535,1.59094,1.59112,1.01,1.29
2014.11.12 03:35:12.840,1.59091,1.59109,1.76,1.76
2014.11.12 03:35:13.804,1.59091,1.59109,1.76,1.26
2014.11.12 03:35:14.829,1.59092,1.5911,2.06,1.36
2014.11.12 03:35:15.833,1.59093,1.59111,1.46,1.34
2014.11.12 03:35:16.850,1.59092,1.59112,4.31,3.19
2014.11.12 03:35:17.808,1.59093,1.59111,1.46,1.34
2014.11.12 03:35:19.833,1.59092,1.59112,2.44,3.19
2014.11.12 03:35:20.341,1.59092,1.59109,1.36,1.30
2014.11.12 03:35:22.534,1.59091,1.59108,1.01,1.74
2014.11.12 03:35:22.839,1.5909,1.59105,1.19,2.44
2014.11.12 03:35:23.445,1.5909,1.59105,1.29,1.09
2014.11.12 03:35:23.547,1.59088,1.59105,1.39,1.09
2014.11.12 03:35:24.060,1.59086,1.59104,2.14,1.32
2014.11.12 03:35:24.566,1.59083,1.59103,2.44,1.69
2014.11.12 03:35:24.668,1.59083,1.59098,1.69,1.32
2014.11.12 03:35:24.871,1.59083,1.59098,1.00,1.76
2014.11.12 03:35:25.378,1.5908,1.59096,1.66,1.01
2014.11.12 03:35:26.887,1.59079,1.59098,2.06,1.34
2014.11.12 03:35:27.418,1.59079,1.59096,1.64,1.26
2014.11.12 03:35:30.219,1.59079,1.59096,1.01,1.26
2014.11.12 03:35:39.444,1.59079,1.59096,1.01,1.76
2014.11.12 03:35:39.962,1.59079,1.59096,1.76,1.26
2014.11.12 03:35:42.756,1.59079,1.59096,1.01,1.32
2014.11.12 03:35:43.974,1.59081,1.59096,1.01,1.22
2014.11.12 03:35:44.025,1.59081,1.59099,1.84,1.97
2014.11.12 03:35:44.227,1.59083,1.591,1.26,1.26
2014.11.12 03:35:45.038,1.59083,1.591,1.76,1.26
2014.11.12 03:35:45.344,1.59083,1.59098,1.69,1.30
2014.11.12 03:35:46.056,1.59083,1.59098,1.19,1.01
2014.11.12 03:35:47.239,1.59083,1.59099,1.36,1.36
2014.11.12 03:35:48.078,1.59083,1.591,1.09,1.39
2014.11.12 03:35:48.586,1.5909,1.59102,1.87,3.00
2014.11.12 03:35:48.688,1.59094,1.59104,1.47,1.00
2014.11.12 03:35:48.789,1.59094,1.5911,1.46,2.21
2014.11.12 03:35:49.093,1.59094,1.59111,1.74,1.39
2014.11.12 03:35:49.195,1.59096,1.59113,1.46,2.32
2014.11.12 03:35:49.296,1.59097,1.59113,1.01,1.57
2014.11.12 03:35:53.727,1.59098,1.59115,1.36,2.14
2014.11.12 03:35:54.697,1.59098,1.59115,1.09,1.39
2014.11.12 03:35:55.708,1.59098,1.59114,1.36,1.36
2014.11.12 03:36:00.612,1.59098,1.59115,1.84,1.39
2014.11.12 03:36:03.634,1.59098,1.59115,1.17,2.14
2014.11.12 03:36:03.735,1.59095,1.59113,2.14,1.39
2014.11.12 03:36:04.665,1.59095,1.59113,2.14,2.14
2014.11.12 03:36:05.804,1.59097,1.59115,1.01,1.76
2014.11.12 03:36:06.209,1.59098,1.59116,2.81,2.21
2014.11.12 03:36:06.717,1.59099,1.59116,1.39,1.84
2014.11.12 03:36:07.021,1.59101,1.59119,1.76,1.76
2014.11.12 03:36:07.842,1.59102,1.59119,1.26,1.26
2014.11.12 03:36:08.703,1.59102,1.59118,1.19,1.01
2014.11.12 03:36:08.754,1.59098,1.59118,2.14,1.01
2014.11.12 03:36:08.805,1.59098,1.59113,1.19,1.50
2014.11.12 03:36:08.907,1.59094,1.59111,1.50,1.52
2014.11.12 03:36:08.958,1.59093,1.59111,3.00,1.71
2014.11.12 03:36:09.110,1.59095,1.59111,1.07,1.10
2014.11.12 03:36:09.161,1.59097,1.59111,1.29,1.10
2014.11.12 03:36:09.465,1.59104,1.59119,1.97,1.19
2014.11.12 03:36:09.775,1.59113,1.59123,1.26,1.00
2014.11.12 03:36:10.029,1.59115,1.59129,1.01,1.00
2014.11.12 03:36:10.131,1.59114,1.59131,1.31,3.26
2014.11.12 03:36:10.283,1.59113,1.59127,1.56,1.32
2014.11.12 03:36:10.485,1.59108,1.59126,2.51,1.01
2014.11.12 03:36:11.478,1.59109,1.59126,1.36,1.01
2014.11.12 03:36:12.507,1.59108,1.59126,2.51,1.01
2014.11.12 03:36:13.529,1.59108,1.59126,2.51,1.76
2014.11.12 03:36:14.197,1.59108,1.59126,1.57,2.14
2014.11.12 03:36:14.301,1.59108,1.59122,1.07,1.22
2014.11.12 03:36:14.403,1.59106,1.59121,1.01,1.74
2014.11.12 03:36:14.912,1.59102,1.5912,1.76,1.76
2014.11.12 03:36:15.537,1.59101,1.59119,1.29,1.76
2014.11.12 03:36:18.325,1.59106,1.59121,1.25,2.25
2014.11.12 03:36:18.579,1.59112,1.59126,1.09,1.00
2014.11.12 03:36:19.087,1.5911,1.59126,1.26,1.32
2014.11.12 03:36:19.442,1.59109,1.59126,2.14,1.26
2014.11.12 03:36:24.458,1.59109,1.59126,1.39,1.26
2014.11.12 03:36:25.219,1.5911,1.59126,1.22,1.19
2014.11.12 03:36:30.646,1.5911,1.59127,1.39,1.26
2014.11.12 03:36:32.649,1.5911,1.59127,1.26,1.26
2014.11.12 03:36:41.663,1.59109,1.59127,1.76,1.76
2014.11.12 03:36:44.625,1.59109,1.59127,1.01,1.01
2014.11.12 03:36:45.507,1.59108,1.59123,3.19,2.25
2014.11.12 03:36:45.558,1.59108,1.59121,1.00,2.81
2014.11.12 03:36:45.660,1.59106,1.5912,1.00,1.01
2014.11.12 03:36:45.762,1.59099,1.59116,1.76,1.32
2014.11.12 03:36:45.864,1.59099,1.59116,1.26,1.76
2014.11.12 03:36:45.966,1.59098,1.59115,1.00,1.01
2014.11.12 03:36:46.067,1.59097,1.59112,1.10,1.19
2014.11.12 03:36:46.473,1.59093,1.59113,3.19,2.44
2014.11.12 03:36:46.574,1.59095,1.59113,1.39,2.44
2014.11.12 03:36:47.889,1.59094,1.59112,1.34,1.34
2014.11.12 03:36:48.844,1.59093,1.59113,3.19,2.44
2014.11.12 03:36:50.867,1.59094,1.59112,1.46,1.46
2014.11.12 03:36:51.853,1.59094,1.59112,1.71,1.34
2014.11.12 03:36:52.386,1.59096,1.59112,1.39,1.29
2014.11.12 03:36:52.996,1.59096,1.59113,1.01,1.36
2014.11.12 03:36:53.973,1.59096,1.59114,2.14,1.76
2014.11.12 03:36:54.588,1.59098,1.59115,1.31,1.01
2014.11.12 03:36:54.741,1.591,1.59117,1.76,1.07
2014.11.12 03:36:54.792,1.59101,1.59117,1.94,1.25
2014.11.12 03:36:55.805,1.59102,1.59119,1.26,1.26
2014.11.12 03:36:56.109,1.59104,1.59122,1.39,1.69
2014.11.12 03:36:56.514,1.59104,1.59122,1.01,2.14
2014.11.12 03:36:56.616,1.59104,1.59119,1.25,1.97
2014.11.12 03:36:56.920,1.591,1.59116,1.29,1.01
2014.11.12 03:36:57.224,1.59096,1.59114,1.76,1.01
2014.11.12 03:36:57.686,1.59095,1.59112,1.97,1.39
2014.11.12 03:36:57.738,1.59093,1.59111,1.76,1.39
2014.11.12 03:36:58.710,1.59093,1.5911,1.01,1.84
2014.11.12 03:36:59.835,1.59092,1.59109,1.36,1.01
2014.11.12 03:37:00.695,1.59091,1.59109,1.76,1.76
2014.11.12 03:37:01.275,1.59091,1.59107,1.76,1.39
2014.11.12 03:37:01.326,1.59089,1.59107,2.89,2.89
2014.11.12 03:37:01.428,1.59089,1.59103,1.69,1.07
2014.11.12 03:37:01.529,1.59089,1.59106,1.84,1.39
2014.11.12 03:37:02.037,1.5909,1.59106,1.26,1.29
2014.11.12 03:37:02.880,1.5909,1.59108,1.26,1.26
2014.11.12 03:37:10.257,1.59092,1.5911,1.76,1.76
2014.11.12 03:37:10.563,1.59097,1.59114,2.44,1.19
2014.11.12 03:37:10.817,1.59098,1.59115,1.34,1.20
2014.11.12 03:37:11.121,1.591,1.59119,1.34,2.44
2014.11.12 03:37:17.743,1.591,1.59117,1.26,2.51
2014.11.12 03:37:17.895,1.59097,1.59113,1.76,1.26
2014.11.12 03:37:19.861,1.59095,1.59113,2.14,1.26
2014.11.12 03:37:20.196,1.59095,1.59112,1.29,1.31
2014.11.12 03:37:20.504,1.59093,1.59108,1.19,1.32
2014.11.12 03:37:21.441,1.59091,1.59108,1.26,1.26
2014.11.12 03:37:21.830,1.59091,1.59106,1.19,1.22
2014.11.12 03:37:22.425,1.5909,1.59106,1.29,1.26
2014.11.12 03:37:28.418,1.59089,1.59106,1.76,1.26
2014.11.12 03:37:29.935,1.59089,1.59106,1.76,1.26
2014.11.12 03:37:32.049,1.59089,1.59106,2.14,1.32
2014.11.12 03:37:32.354,1.59096,1.59109,1.31,1.07
2014.11.12 03:37:32.405,1.59096,1.59114,1.39,2.32
2014.11.12 03:37:32.456,1.59099,1.59114,1.26,1.17
2014.11.12 03:37:32.964,1.59099,1.59116,1.84,1.01
2014.11.12 03:37:35.590,1.59099,1.59116,1.09,1.67
2014.11.12 03:37:35.642,1.59099,1.59115,1.01,2.70
2014.11.12 03:37:36.150,1.59096,1.59113,1.26,1.32
2014.11.12 03:37:44.887,1.59095,1.59113,2.14,1.26
2014.11.12 03:37:50.894,1.59096,1.59113,1.26,1.26
2014.11.12 03:37:56.960,1.59096,1.59114,1.26,1.76
2014.11.12 03:37:57.420,1.59093,1.59113,2.89,2.14
2014.11.12 03:37:57.522,1.59093,1.59111,1.84,1.69
2014.11.12 03:37:57.827,1.59091,1.59108,1.36,1.76
2014.11.12 03:37:58.738,1.59091,1.59108,1.36,1.76
2014.11.12 03:38:06.357,1.59093,1.59108,1.19,1.01
2014.11.12 03:38:11.053,1.59093,1.59108,1.25,1.30
2014.11.12 03:38:13.437,1.59093,1.59107,1.00,1.30
2014.11.12 03:38:14.046,1.59093,1.59107,1.00,1.97
2014.11.12 03:38:14.909,1.59093,1.59107,1.19,1.50
2014.11.12 03:38:15.973,1.59093,1.59108,1.19,1.32
2014.11.12 03:38:16.487,1.59093,1.59108,1.19,1.26
2014.11.12 03:38:17.101,1.59093,1.59108,1.19,1.32
2014.11.12 03:38:18.140,1.59093,1.59108,1.25,1.32
2014.11.12 03:38:18.907,1.59093,1.59106,1.25,1.07
2014.11.12 03:38:19.413,1.59093,1.59106,1.19,1.07
2014.11.12 03:38:21.128,1.59093,1.59106,1.25,1.32
2014.11.12 03:38:29.150,1.5909,1.59106,1.29,1.39
2014.11.12 03:38:31.136,1.59089,1.59106,1.76,1.39
2014.11.12 03:38:31.980,1.59089,1.59105,1.76,1.39
2014.11.12 03:38:32.486,1.59089,1.59104,1.69,1.30
2014.11.12 03:38:33.140,1.59089,1.59105,1.19,2.06
2014.11.12 03:38:34.179,1.59089,1.59104,1.19,1.30
2014.11.12 03:38:38.159,1.59089,1.59105,1.19,1.97
2014.11.12 03:38:40.186,1.59089,1.59104,1.19,1.30
2014.11.12 03:38:42.166,1.59089,1.59104,1.25,1.30
2014.11.12 03:38:48.284,1.59089,1.59104,1.19,1.30
2014.11.12 03:38:49.641,1.59089,1.59105,1.29,1.26
2014.11.12 03:38:50.178,1.59089,1.59106,1.39,1.34
2014.11.12 03:38:50.482,1.59089,1.59104,1.19,1.30
2014.11.12 03:38:53.290,1.59089,1.59105,1.19,1.97
2014.11.12 03:38:55.308,1.59089,1.59104,1.19,1.30
2014.11.12 03:38:57.411,1.59089,1.59105,1.19,1.97
2014.11.12 03:38:58.340,1.59089,1.59104,1.25,1.30
2014.11.12 03:39:00.329,1.59089,1.59104,1.19,1.01
2014.11.12 03:39:01.870,1.59089,1.59103,1.19,1.32
2014.11.12 03:39:04.344,1.59089,1.59104,1.25,1.97
2014.11.12 03:39:06.333,1.59089,1.59103,1.19,1.30
2014.11.12 03:39:09.789,1.59089,1.59104,1.19,1.69
2014.11.12 03:39:10.548,1.59089,1.59105,1.69,1.97
2014.11.12 03:39:12.537,1.59089,1.59104,1.19,1.30
2014.11.12 03:39:19.678,1.59088,1.59105,1.29,1.97
2014.11.12 03:39:20.685,1.59088,1.59104,1.76,1.30
2014.11.12 03:39:24.631,1.59088,1.59105,1.39,1.97
2014.11.12 03:39:29.646,1.59088,1.59104,1.39,1.30
2014.11.12 03:39:30.693,1.59088,1.59105,1.39,1.97
2014.11.12 03:39:31.651,1.59088,1.59104,2.14,1.30
2014.11.12 03:39:50.817,1.59088,1.59105,2.14,1.97
2014.11.12 03:39:51.806,1.59089,1.59104,1.19,1.30
2014.11.12 03:39:58.847,1.59088,1.59105,1.39,1.97
2014.11.12 03:39:59.827,1.59089,1.59104,1.19,1.30
2014.11.12 03:40:06.813,1.59088,1.59105,1.39,1.97
2014.11.12 03:40:07.744,1.59088,1.59106,3.64,1.01
2014.11.12 03:40:07.846,1.5909,1.59107,2.51,1.32
2014.11.12 03:40:08.150,1.59097,1.59107,1.10,1.00
2014.11.12 03:40:08.656,1.59098,1.59108,1.00,1.00
2014.11.12 03:40:17.029,1.59096,1.59108,1.46,1.00
2014.11.12 03:40:20.419,1.59098,1.59108,1.00,1.00
2014.11.12 03:40:27.008,1.59092,1.59108,1.09,1.09
2014.11.12 03:40:27.059,1.59091,1.59108,1.76,2.44
2014.11.12 03:40:29.004,1.59089,1.59107,2.89,1.30
2014.11.12 03:40:40.693,1.5909,1.59108,1.36,2.44
2014.11.12 03:40:46.060,1.59089,1.59107,2.89,1.30
2014.11.12 03:40:47.136,1.59089,1.59106,2.21,1.07
2014.11.12 03:40:49.732,1.59089,1.59106,1.69,2.51
2014.11.12 03:40:50.238,1.5909,1.59106,2.14,1.69
2014.11.12 03:40:51.163,1.5909,1.59106,1.39,1.30
2014.11.12 03:40:55.332,1.5909,1.59107,1.64,1.26
2014.11.12 03:40:55.960,1.5909,1.59108,1.71,1.84
2014.11.12 03:41:00.193,1.5909,1.59108,1.34,1.34
2014.11.12 03:41:03.218,1.59091,1.59108,1.39,1.34
2014.11.12 03:41:08.667,1.59091,1.59107,1.29,1.26
2014.11.12 03:41:08.718,1.59089,1.59107,1.46,1.69
2014.11.12 03:41:10.120,1.5909,1.59107,1.19,1.69
2014.11.12 03:41:11.122,1.59089,1.59107,1.46,1.69
2014.11.12 03:41:16.803,1.59089,1.59107,1.39,2.44
2014.11.12 03:41:17.765,1.59088,1.59107,1.46,1.69
2014.11.12 03:41:20.010,1.59087,1.59105,2.51,1.32
2014.11.12 03:41:24.005,1.59087,1.59103,1.46,1.39
2014.11.12 03:41:25.194,1.59087,1.59101,1.46,1.00
2014.11.12 03:41:29.247,1.59087,1.59104,1.39,1.34
2014.11.12 03:41:31.511,1.59088,1.59105,1.19,3.19
2014.11.12 03:41:34.506,1.59087,1.59105,1.46,3.19
2014.11.12 03:41:35.508,1.59087,1.59105,1.46,3.94
2014.11.12 03:41:38.516,1.59087,1.59105,1.46,3.94
2014.11.12 03:41:40.669,1.59086,1.59105,1.84,2.06
2014.11.12 03:41:42.176,1.59089,1.59105,1.31,1.69
2014.11.12 03:41:42.581,1.5909,1.59107,1.31,1.69
2014.11.12 03:41:44.563,1.59089,1.59107,1.76,1.69
2014.11.12 03:41:47.582,1.59089,1.59107,1.39,2.44
2014.11.12 03:41:49.598,1.59089,1.59107,1.46,1.69
2014.11.12 03:41:53.643,1.59089,1.59107,1.46,2.44
2014.11.12 03:41:55.649,1.59089,1.59107,1.46,2.44
2014.11.12 03:41:58.622,1.59088,1.59108,1.56,1.19
2014.11.12 03:42:01.115,1.59089,1.59109,1.31,1.31
2014.11.12 03:42:02.328,1.5909,1.59108,1.19,1.19
2014.11.12 03:42:04.552,1.59089,1.59107,1.31,1.94
2014.11.12 03:42:05.115,1.59089,1.59105,1.39,1.30
2014.11.12 03:42:06.831,1.59089,1.59105,1.29,1.01
2014.11.12 03:42:07.358,1.59089,1.59107,1.76,1.76
2014.11.12 03:42:07.869,1.59089,1.59107,1.76,1.76
2014.11.12 03:42:10.913,1.5909,1.59105,1.19,1.32
2014.11.12 03:42:11.980,1.59088,1.59105,1.39,1.26
2014.11.12 03:42:13.968,1.59087,1.59105,2.14,1.32
2014.11.12 03:42:16.999,1.59088,1.59105,1.39,1.26
2014.11.12 03:42:18.010,1.59087,1.59105,2.14,1.32
2014.11.12 03:42:18.972,1.59087,1.59105,2.14,1.26
2014.11.12 03:42:20.997,1.59088,1.59105,1.39,1.26
2014.11.12 03:42:21.980,1.59087,1.59105,2.51,1.26
2014.11.12 03:42:30.063,1.59087,1.59105,2.51,1.76
2014.11.12 03:42:32.212,1.59088,1.59104,1.26,1.01
2014.11.12 03:42:32.415,1.59088,1.59101,1.19,1.07
2014.11.12 03:42:32.568,1.59085,1.59101,1.56,1.97
2014.11.12 03:42:32.669,1.59085,1.591,1.56,1.39
2014.11.12 03:42:32.771,1.59085,1.59098,1.56,1.07
2014.11.12 03:42:33.760,1.59085,1.59098,1.31,1.32
2014.11.12 03:42:40.146,1.59085,1.59099,1.12,2.51
2014.11.12 03:42:40.501,1.59077,1.59094,2.81,1.00
2014.11.12 03:42:41.516,1.59078,1.59094,1.46,1.19
2014.11.12 03:42:42.282,1.59079,1.59094,1.76,1.00
2014.11.12 03:42:42.793,1.5908,1.59097,1.31,2.44
2014.11.12 03:42:43.515,1.5908,1.59097,2.06,1.50
2014.11.12 03:42:43.821,1.59084,1.59098,1.69,1.07
2014.11.12 03:42:43.872,1.59085,1.59103,1.20,1.57
2014.11.12 03:42:44.074,1.59087,1.59103,1.01,1.29
2014.11.12 03:42:44.691,1.59087,1.59104,1.39,1.17
2014.11.12 03:42:44.793,1.59091,1.59104,1.69,1.00
2014.11.12 03:42:44.945,1.59094,1.59108,1.19,1.25
2014.11.12 03:42:45.452,1.59094,1.5911,1.69,1.01
2014.11.12 03:42:46.001,1.59094,1.59109,1.69,1.30
2014.11.12 03:42:47.151,1.59094,1.59109,1.25,1.39
2014.11.12 03:42:56.293,1.59094,1.59105,1.00,1.20
2014.11.12 03:42:56.394,1.59088,1.59103,1.76,1.10
2014.11.12 03:42:56.496,1.59088,1.59103,1.19,1.57
2014.11.12 03:42:56.700,1.59085,1.59103,2.51,1.76
2014.11.12 03:42:56.903,1.59085,1.59101,1.76,1.26
2014.11.12 03:42:57.313,1.59085,1.59099,1.25,1.26
2014.11.12 03:42:58.282,1.59081,1.59099,1.26,1.76
2014.11.12 03:43:01.293,1.59081,1.59099,1.76,2.51
2014.11.12 03:43:02.189,1.59084,1.59099,1.67,1.69
2014.11.12 03:43:02.240,1.59084,1.59099,2.14,1.00
2014.11.12 03:43:02.291,1.59085,1.59099,1.39,1.00
2014.11.12 03:43:02.342,1.59085,1.59103,2.14,1.76
2014.11.12 03:43:02.444,1.59085,1.59103,2.51,1.10
2014.11.12 03:43:02.495,1.59088,1.59103,1.32,1.00
2014.11.12 03:43:03.001,1.59088,1.59103,1.76,1.00
2014.11.12 03:43:03.305,1.5909,1.59108,1.34,1.84
2014.11.12 03:43:03.407,1.59091,1.59108,1.39,1.34
2014.11.12 03:43:07.012,1.5909,1.59102,1.25,1.07
2014.11.12 03:43:07.468,1.59085,1.59102,1.26,1.76
2014.11.12 03:43:07.519,1.59085,1.591,1.19,1.69
2014.11.12 03:43:07.620,1.59082,1.59098,1.39,1.39
2014.11.12 03:43:09.164,1.59082,1.59098,1.84,1.20
2014.11.12 03:43:09.368,1.59087,1.59103,1.56,1.36
2014.11.12 03:43:09.470,1.59087,1.59103,1.39,1.10
2014.11.12 03:43:09.977,1.5909,1.59106,1.36,1.36
2014.11.12 03:43:10.663,1.5909,1.59107,1.36,1.30
2014.11.12 03:43:11.018,1.5909,1.59102,1.25,1.07
2014.11.12 03:43:11.120,1.59085,1.59102,1.76,1.07
2014.11.12 03:43:11.171,1.59084,1.59102,2.51,1.26
2014.11.12 03:43:11.222,1.59084,1.59098,1.69,1.50
2014.11.12 03:43:12.394,1.59081,1.59097,1.29,1.01
2014.11.12 03:43:13.889,1.5908,1.59098,2.21,2.25
2014.11.12 03:43:14.152,1.59085,1.59103,2.14,1.76
2014.11.12 03:43:14.305,1.5909,1.59105,1.00,1.01
2014.11.12 03:43:14.610,1.5909,1.59105,1.19,1.30
2014.11.12 03:43:15.647,1.5909,1.59108,2.14,2.51
2014.11.12 03:43:16.420,1.5909,1.59108,3.19,1.39
2014.11.12 03:43:16.727,1.5909,1.59106,1.76,1.66
2014.11.12 03:43:16.880,1.59086,1.59104,2.44,1.84
2014.11.12 03:43:17.133,1.59085,1.59103,1.26,1.26
2014.11.12 03:43:17.235,1.59084,1.59101,1.69,1.69
2014.11.12 03:43:18.204,1.59084,1.59101,1.19,2.44
2014.11.12 03:43:18.920,1.59084,1.59099,1.00,1.32
2014.11.12 03:43:19.225,1.59079,1.59094,2.81,1.25
2014.11.12 03:43:19.935,1.5908,1.59094,3.64,1.00
2014.11.12 03:43:20.138,1.59085,1.59099,1.95,1.00
2014.11.12 03:43:20.189,1.59085,1.59103,1.95,2.51
2014.11.12 03:43:20.240,1.59087,1.59103,1.39,2.44
2014.11.12 03:43:20.291,1.59087,1.59103,2.06,1.69
2014.11.12 03:43:20.443,1.5909,1.59103,1.01,1.00
2014.11.12 03:43:20.950,1.59091,1.59106,1.25,1.30
2014.11.12 03:43:22.276,1.59091,1.59108,1.09,1.01
2014.11.12 03:43:22.429,1.59091,1.59106,1.09,1.29
2014.11.12 03:43:22.684,1.59086,1.59103,1.26,1.64
2014.11.12 03:43:22.736,1.59086,1.59102,1.32,1.46
2014.11.12 03:43:23.242,1.59081,1.59099,2.04,1.69
2014.11.12 03:43:28.500,1.59081,1.591,2.81,1.34
2014.11.12 03:43:30.260,1.59084,1.591,1.76,1.29
2014.11.12 03:43:31.687,1.59085,1.59101,1.19,1.69
2014.11.12 03:43:32.580,1.59082,1.59098,1.34,1.00
2014.11.12 03:43:32.682,1.5908,1.59098,1.76,2.14
2014.11.12 03:43:32.986,1.59078,1.59093,1.26,1.10
2014.11.12 03:43:33.340,1.59079,1.59097,1.76,1.01
2014.11.12 03:43:33.493,1.5908,1.59097,1.36,1.01
2014.11.12 03:43:34.022,1.59081,1.59098,1.01,1.84
2014.11.12 03:43:40.291,1.59079,1.59097,1.84,1.34
2014.11.12 03:43:40.798,1.59079,1.59094,1.40,1.19
2014.11.12 03:43:41.052,1.59075,1.59092,3.19,1.25
2014.11.12 03:43:41.103,1.59075,1.5909,1.01,1.36
2014.11.12 03:43:41.409,1.59075,1.59087,1.00,1.01
2014.11.12 03:43:42.525,1.59075,1.59085,1.00,1.30
2014.11.12 03:43:42.576,1.59069,1.59085,1.66,1.30
2014.11.12 03:43:42.729,1.5907,1.59086,1.70,1.29
2014.11.12 03:43:43.034,1.5907,1.59083,1.20,1.19
2014.11.12 03:43:43.085,1.59069,1.59083,1.46,1.19
2014.11.12 03:43:43.847,1.59069,1.59082,1.37,1.29
2014.11.12 03:43:44.353,1.59066,1.59082,1.70,1.29
2014.11.12 03:43:44.961,1.59066,1.5908,1.57,1.25
2014.11.12 03:43:45.468,1.59066,1.59081,1.76,1.19
2014.11.12 03:43:46.192,1.59066,1.59081,1.07,1.19
2014.11.12 03:43:46.952,1.59066,1.5908,1.07,1.19
2014.11.12 03:43:50.923,1.59066,1.59084,2.14,1.76
2014.11.12 03:43:50.974,1.59066,1.59084,2.89,1.76
2014.11.12 03:43:51.634,1.59069,1.59085,1.87,1.19
2014.11.12 03:43:52.725,1.59069,1.59087,3.19,1.39
2014.11.12 03:43:53.707,1.59069,1.59087,3.19,1.39
2014.11.12 03:43:54.218,1.59069,1.59085,2.44,1.19
2014.11.12 03:43:54.269,1.59069,1.59084,1.25,1.69
2014.11.12 03:43:55.269,1.59069,1.59085,1.46,1.19
2014.11.12 03:43:56.439,1.59069,1.59087,1.40,1.34
2014.11.12 03:43:57.430,1.59069,1.59086,1.40,1.39
2014.11.12 03:43:58.450,1.59069,1.59086,1.71,1.39
2014.11.12 03:44:00.016,1.59069,1.59088,2.21,2.44
2014.11.12 03:44:01.250,1.5907,1.59086,1.39,1.26
2014.11.12 03:44:01.765,1.5907,1.59085,1.19,1.30
2014.11.12 03:44:02.557,1.59067,1.59083,1.67,1.10
2014.11.12 03:44:02.610,1.59066,1.59083,1.26,1.95
2014.11.12 03:44:02.965,1.59066,1.59077,1.19,2.25
2014.11.12 03:44:03.067,1.59066,1.59077,1.19,1.50
2014.11.12 03:44:03.119,1.59064,1.59077,1.00,1.50
2014.11.12 03:44:03.878,1.59061,1.59077,1.19,1.69
2014.11.12 03:44:04.835,1.5906,1.59077,1.19,1.69
2014.11.12 03:44:07.621,1.59059,1.59077,1.84,2.44
2014.11.12 03:44:08.871,1.59059,1.59077,1.84,2.44
2014.11.12 03:44:11.036,1.59059,1.59077,1.20,1.69
2014.11.12 03:44:11.151,1.59059,1.59076,1.39,1.34
2014.11.12 03:44:12.070,1.59059,1.59077,2.21,1.69
2014.11.12 03:44:12.121,1.59064,1.59077,1.00,1.69
2014.11.12 03:44:13.186,1.59064,1.59079,1.00,1.39
2014.11.12 03:44:16.057,1.59064,1.59077,1.00,1.32
2014.11.12 03:44:16.374,1.59064,1.59073,1.00,1.00
2014.11.12 03:44:16.426,1.5906,1.59075,1.19,1.26
2014.11.12 03:44:16.834,1.59065,1.59077,1.00,1.39
2014.11.12 03:44:16.885,1.59065,1.59079,1.00,1.69
2014.11.12 03:44:17.190,1.59065,1.59082,1.09,1.34
2014.11.12 03:44:17.241,1.59065,1.59082,1.76,1.26
2014.11.12 03:44:17.293,1.59065,1.59084,2.44,1.40
2014.11.12 03:44:17.345,1.59067,1.59084,1.07,1.32
2014.11.12 03:44:17.802,1.5907,1.59084,1.22,1.00
2014.11.12 03:44:18.164,1.5907,1.59088,1.76,1.01
2014.11.12 03:44:19.095,1.59071,1.59088,1.36,1.01
2014.11.12 03:44:21.518,1.59071,1.59087,1.29,1.01
2014.11.12 03:44:22.106,1.5907,1.59087,1.76,1.97
2014.11.12 03:44:22.540,1.5907,1.59086,1.10,1.20
2014.11.12 03:44:22.642,1.5907,1.59084,1.00,2.44
2014.11.12 03:44:22.693,1.59066,1.59083,1.29,1.97
2014.11.12 03:44:22.948,1.59065,1.59081,1.29,2.51
2014.11.12 03:44:23.089,1.59065,1.59079,1.00,1.01
2014.11.12 03:44:23.445,1.5906,1.59078,1.39,2.44
2014.11.12 03:44:23.902,1.59065,1.59078,1.00,1.76
2014.11.12 03:44:24.156,1.59065,1.5908,1.19,1.69
2014.11.12 03:44:24.462,1.59065,1.59082,1.19,1.50
2014.11.12 03:44:24.514,1.59067,1.59084,1.97,1.10
2014.11.12 03:44:24.565,1.59068,1.59084,1.01,1.29
2014.11.12 03:44:24.768,1.59068,1.59084,1.76,1.01
2014.11.12 03:44:25.284,1.5907,1.59084,1.01,1.25
2014.11.12 03:44:25.641,1.59071,1.5909,2.06,1.84
2014.11.12 03:44:25.844,1.59072,1.5909,1.46,1.84
2014.11.12 03:44:27.887,1.59071,1.5909,2.81,1.34
2014.11.12 03:44:28.854,1.59071,1.5909,2.81,1.34
2014.11.12 03:44:29.109,1.59073,1.5909,1.64,1.26
2014.11.12 03:44:29.414,1.59076,1.59093,1.46,1.29
2014.11.12 03:44:29.718,1.59078,1.59094,1.76,1.29
2014.11.12 03:44:30.477,1.59079,1.59094,1.76,1.01
2014.11.12 03:44:30.781,1.59082,1.59094,1.07,1.25
2014.11.12 03:44:30.883,1.59082,1.59099,1.26,1.26
2014.11.12 03:44:31.390,1.59082,1.59099,1.69,1.01
2014.11.12 03:44:33.064,1.59081,1.59099,1.46,1.69
2014.11.12 03:44:35.090,1.59081,1.59099,1.46,2.44
2014.11.12 03:44:35.414,1.59081,1.59097,1.29,1.32
2014.11.12 03:44:35.516,1.59079,1.59096,2.21,1.30
2014.11.12 03:44:36.471,1.59079,1.59095,1.36,1.36
2014.11.12 03:44:36.623,1.59079,1.59093,1.19,1.30
2014.11.12 03:44:36.877,1.59074,1.59092,2.51,1.76
2014.11.12 03:44:37.080,1.59074,1.59088,1.76,1.00
2014.11.12 03:44:37.605,1.59074,1.59088,1.30,1.00
2014.11.12 03:44:38.165,1.59072,1.59088,2.14,1.10
2014.11.12 03:44:40.274,1.59072,1.59088,2.14,1.10
2014.11.12 03:44:40.376,1.59076,1.59093,1.84,1.84
2014.11.12 03:44:40.427,1.59077,1.59093,2.00,1.76
2014.11.12 03:44:40.731,1.59086,1.59099,1.00,2.25
2014.11.12 03:44:40.783,1.59086,1.59102,1.69,2.25
2014.11.12 03:44:40.885,1.59088,1.59103,1.01,1.00
2014.11.12 03:44:41.190,1.59089,1.59103,1.36,1.00
2014.11.12 03:44:41.698,1.59089,1.59107,1.84,2.44
2014.11.12 03:44:42.205,1.59089,1.59105,1.69,2.06
2014.11.12 03:44:42.459,1.59084,1.59101,1.07,1.50
2014.11.12 03:44:42.814,1.59081,1.59097,1.29,1.07
2014.11.12 03:44:43.575,1.5908,1.59097,1.76,1.07
2014.11.12 03:44:45.608,1.59081,1.59097,1.29,1.32
2014.11.12 03:44:46.994,1.59081,1.59099,1.76,2.51
2014.11.12 03:44:48.584,1.59081,1.59099,1.26,1.76
2014.11.12 03:44:48.636,1.59082,1.59099,1.64,1.76
2014.11.12 03:44:48.891,1.59087,1.59104,1.01,2.44
2014.11.12 03:44:49.349,1.59089,1.59104,1.32,1.19
2014.11.12 03:44:49.605,1.5909,1.59107,1.01,1.84
2014.11.12 03:44:49.707,1.5909,1.59108,1.01,1.01
2014.11.12 03:44:50.687,1.5909,1.59108,1.76,1.76
2014.11.12 03:44:53.717,1.5909,1.59108,1.76,1.76
2014.11.12 03:44:58.806,1.59091,1.59108,1.36,1.01
2014.11.12 03:45:02.821,1.5909,1.59104,1.76,1.00
2014.11.12 03:45:02.923,1.59088,1.59104,1.26,1.01
2014.11.12 03:45:03.227,1.59085,1.59104,1.76,1.36
2014.11.12 03:45:03.430,1.59085,1.59104,1.01,1.84
2014.11.12 03:45:03.734,1.59083,1.59098,1.01,1.25
2014.11.12 03:45:04.240,1.59082,1.59098,1.36,1.09
2014.11.12 03:45:04.721,1.59081,1.59098,1.76,1.17
2014.11.12 03:45:04.772,1.59081,1.59098,4.01,1.17
2014.11.12 03:45:04.924,1.59088,1.59103,1.76,1.00
2014.11.12 03:45:05.230,1.5909,1.59103,1.46,1.00
2014.11.12 03:45:05.282,1.5909,1.59107,1.46,1.01
2014.11.12 03:45:05.789,1.59091,1.59108,1.26,1.76
2014.11.12 03:45:06.246,1.59092,1.59108,1.64,1.07
2014.11.12 03:45:06.398,1.59096,1.59114,2.14,2.89
2014.11.12 03:45:07.365,1.59096,1.59114,1.01,2.51
2014.11.12 03:45:10.751,1.59096,1.59112,1.01,1.29
2014.11.12 03:45:10.853,1.59093,1.59108,1.50,1.00
2014.11.12 03:45:10.904,1.5909,1.59108,1.76,1.57
2014.11.12 03:45:11.005,1.5909,1.59106,1.76,1.32
2014.11.12 03:45:11.362,1.59088,1.59106,1.57,1.07
2014.11.12 03:45:11.465,1.59088,1.59105,1.26,1.64
2014.11.12 03:45:11.770,1.59083,1.591,1.00,1.69
2014.11.12 03:45:11.873,1.59083,1.59098,1.00,1.39
2014.11.12 03:45:12.383,1.5908,1.59096,1.29,1.26
2014.11.12 03:45:12.889,1.5908,1.59098,1.29,2.51
2014.11.12 03:45:13.397,1.59079,1.59098,1.36,1.76
2014.11.12 03:45:13.921,1.5908,1.59098,1.69,1.39
2014.11.12 03:45:14.429,1.59082,1.59098,1.97,1.19
2014.11.12 03:45:14.736,1.59086,1.59101,1.07,1.19
2014.11.12 03:45:14.838,1.59087,1.59103,1.76,1.07
2014.11.12 03:45:14.889,1.59088,1.59107,1.34,2.44
2014.11.12 03:45:14.991,1.5909,1.59107,1.32,1.26
2014.11.12 03:45:15.957,1.5909,1.59108,1.26,1.26
2014.11.12 03:45:17.073,1.59091,1.59108,1.64,1.32
2014.11.12 03:45:17.124,1.59092,1.59109,1.39,1.19
2014.11.12 03:45:17.631,1.59091,1.59109,2.14,1.76
2014.11.12 03:45:18.088,1.59092,1.59109,1.36,1.76
2014.11.12 03:45:18.393,1.59089,1.59104,1.31,1.07
2014.11.12 03:45:18.495,1.59088,1.59103,1.00,1.50
2014.11.12 03:45:18.546,1.59088,1.59099,1.00,1.50
2014.11.12 03:45:18.597,1.59085,1.59099,1.00,2.25
2014.11.12 03:45:18.648,1.59082,1.59097,1.25,1.50
2014.11.12 03:45:18.800,1.5908,1.59096,2.06,2.51
2014.11.12 03:45:19.105,1.5908,1.59093,1.31,1.50
2014.11.12 03:45:19.157,1.5908,1.59093,1.12,1.07
2014.11.12 03:45:19.208,1.5908,1.59091,1.00,1.50
2014.11.12 03:45:19.361,1.59073,1.59089,1.69,1.97
2014.11.12 03:45:20.906,1.59072,1.59089,1.69,1.76
2014.11.12 03:45:21.420,1.59072,1.59089,1.76,1.36
2014.11.12 03:45:21.902,1.59074,1.59089,1.66,1.17
2014.11.12 03:45:22.105,1.59079,1.59095,1.66,1.32
2014.11.12 03:45:22.258,1.5908,1.59097,1.26,1.32
2014.11.12 03:45:22.461,1.5908,1.591,2.44,3.19
2014.11.12 03:45:22.714,1.59082,1.591,2.51,1.50
2014.11.12 03:45:22.765,1.59083,1.591,1.50,1.00
2014.11.12 03:45:22.816,1.59083,1.59099,1.76,1.22
2014.11.12 03:45:22.969,1.59084,1.59101,1.39,1.34
2014.11.12 03:45:24.675,1.59084,1.59099,1.19,1.69
2014.11.12 03:45:24.928,1.59082,1.59099,1.19,2.44
2014.11.12 03:45:25.933,1.59081,1.59099,1.39,2.44
2014.11.12 03:45:26.657,1.59081,1.59097,1.19,1.50
2014.11.12 03:45:26.964,1.59075,1.59086,1.25,1.50
2014.11.12 03:45:27.469,1.5907,1.59086,1.19,1.50
2014.11.12 03:45:27.774,1.59069,1.59087,3.26,1.07
2014.11.12 03:45:27.876,1.5907,1.59084,1.19,1.50
2014.11.12 03:45:27.978,1.59074,1.59087,1.00,1.97
2014.11.12 03:45:28.130,1.5907,1.59087,1.19,1.97
2014.11.12 03:45:28.384,1.5907,1.59088,1.29,1.01
2014.11.12 03:45:28.486,1.5907,1.59085,1.19,1.07
2014.11.12 03:45:29.195,1.5907,1.59087,1.26,1.32
2014.11.12 03:45:29.398,1.5907,1.5909,2.81,3.56
2014.11.12 03:45:29.500,1.59069,1.59086,1.07,1.20
2014.11.12 03:45:30.016,1.59068,1.59084,1.36,1.84
2014.11.12 03:45:30.683,1.59067,1.59084,1.01,1.36
2014.11.12 03:45:31.900,1.59068,1.59085,1.36,2.14
2014.11.12 03:45:32.305,1.5907,1.59085,2.81,1.00
2014.11.12 03:45:32.458,1.59073,1.5909,1.34,1.39
2014.11.12 03:45:32.509,1.59074,1.5909,1.01,1.00
2014.11.12 03:45:32.610,1.59077,1.5909,1.01,1.00
2014.11.12 03:45:32.914,1.59079,1.5909,1.69,1.00
2014.11.12 03:45:33.193,1.59081,1.59097,1.39,1.39
2014.11.12 03:45:34.431,1.59082,1.59099,1.01,2.21
2014.11.12 03:45:35.411,1.59081,1.59098,1.39,1.46
2014.11.12 03:45:35.971,1.59081,1.59099,1.39,2.06
2014.11.12 03:45:36.531,1.59081,1.59097,1.19,1.97
2014.11.12 03:45:36.842,1.59081,1.59098,1.19,1.69
2014.11.12 03:45:37.655,1.59081,1.59098,1.25,1.69
2014.11.12 03:45:38.032,1.59081,1.59095,1.00,1.19
2014.11.12 03:45:40.454,1.59081,1.59094,1.00,1.46
2014.11.12 03:45:40.658,1.59077,1.59092,1.09,1.19
2014.11.12 03:45:40.760,1.59077,1.5909,1.00,1.19
2014.11.12 03:45:40.912,1.59073,1.5909,1.69,1.69
2014.11.12 03:45:40.963,1.59071,1.59088,2.51,1.36
2014.11.12 03:45:41.167,1.59071,1.59086,1.10,1.26
2014.11.12 03:45:42.043,1.59071,1.59085,1.10,1.29
2014.11.12 03:45:43.198,1.59073,1.59085,1.00,1.29
2014.11.12 03:45:43.300,1.59071,1.59085,1.20,1.29
2014.11.12 03:45:43.808,1.59071,1.59085,1.17,1.19
2014.11.12 03:45:44.061,1.59071,1.59086,1.17,1.19
2014.11.12 03:45:45.074,1.59072,1.5909,1.31,1.15
2014.11.12 03:45:45.176,1.59077,1.59091,1.00,1.26
2014.11.12 03:45:45.682,1.59074,1.59089,1.26,1.01
2014.11.12 03:45:46.240,1.59075,1.59089,1.01,1.25
2014.11.12 03:45:46.963,1.59075,1.59089,1.30,1.19
2014.11.12 03:45:48.213,1.59077,1.59093,1.10,2.14
2014.11.12 03:45:49.383,1.59074,1.5909,1.97,1.19
2014.11.12 03:45:49.882,1.59072,1.5909,2.44,1.39
2014.11.12 03:45:50.398,1.59072,1.5909,2.44,1.84
2014.11.12 03:45:50.652,1.59075,1.5909,1.30,1.69
2014.11.12 03:45:51.161,1.59073,1.5909,1.26,1.76
2014.11.12 03:45:54.086,1.59075,1.5909,1.32,1.26
2014.11.12 03:45:54.593,1.59076,1.59089,1.30,1.25
2014.11.12 03:45:55.405,1.59074,1.59089,1.76,1.25
2014.11.12 03:45:59.063,1.59074,1.59089,1.26,1.19
2014.11.12 03:46:00.092,1.59072,1.59089,1.84,1.29
2014.11.12 03:46:00.245,1.59072,1.59089,1.09,1.29
2014.11.12 03:46:00.759,1.59072,1.59089,1.25,2.44
2014.11.12 03:46:00.912,1.59072,1.59089,1.76,1.36
2014.11.12 03:46:01.446,1.59072,1.59089,1.76,1.36
2014.11.12 03:46:04.614,1.59072,1.59087,1.76,1.19
2014.11.12 03:46:06.191,1.59072,1.59089,1.76,1.84
2014.11.12 03:46:07.223,1.59072,1.59089,1.76,1.84
2014.11.12 03:46:08.185,1.59072,1.59089,1.76,1.84
2014.11.12 03:46:09.220,1.59072,1.59089,2.51,1.36
2014.11.12 03:46:10.190,1.59072,1.59089,1.76,1.36
2014.11.12 03:46:10.498,1.59073,1.59089,1.97,1.19
2014.11.12 03:46:10.802,1.59077,1.59089,2.06,1.00
2014.11.12 03:46:10.854,1.59077,1.59095,1.69,2.59
2014.11.12 03:46:10.905,1.5908,1.59095,1.30,2.44
2014.11.12 03:46:11.210,1.59082,1.59095,1.97,1.50
2014.11.12 03:46:11.716,1.59084,1.59095,1.69,1.00
2014.11.12 03:46:11.868,1.59084,1.59099,1.69,1.19
2014.11.12 03:46:12.640,1.59084,1.59099,2.06,1.19
2014.11.12 03:46:12.744,1.59087,1.59099,1.20,1.00
2014.11.12 03:46:12.949,1.59088,1.59103,1.97,1.00
2014.11.12 03:46:13.000,1.59088,1.59105,1.97,1.10
2014.11.12 03:46:13.507,1.59091,1.59106,1.40,1.19
2014.11.12 03:46:14.166,1.59091,1.59109,1.84,1.34
2014.11.12 03:46:14.216,1.59093,1.59109,1.30,1.29
2014.11.12 03:46:16.767,1.59093,1.5911,1.30,1.84
2014.11.12 03:46:17.760,1.59093,1.59109,1.30,1.29
2014.11.12 03:46:17.862,1.59091,1.59109,1.84,1.34
2014.11.12 03:46:18.318,1.5909,1.59105,1.22,1.69
2014.11.12 03:46:18.370,1.59086,1.59105,3.34,2.81
2014.11.12 03:46:18.879,1.59086,1.59101,1.34,1.00
2014.11.12 03:46:19.387,1.59084,1.591,2.59,1.19
2014.11.12 03:46:19.711,1.59087,1.59103,1.09,1.36
2014.11.12 03:46:20.016,1.59085,1.59099,1.19,1.17
2014.11.12 03:46:20.118,1.59086,1.59102,1.29,1.01
2014.11.12 03:46:20.891,1.59086,1.59102,1.01,1.76
2014.11.12 03:46:21.196,1.59086,1.59102,1.29,1.01
2014.11.12 03:46:22.257,1.59086,1.59103,1.69,1.76
2014.11.12 03:46:22.511,1.59087,1.59105,2.81,1.09
2014.11.12 03:46:22.562,1.5909,1.59105,1.22,1.01
2014.11.12 03:46:23.070,1.59091,1.59108,1.36,1.29
2014.11.12 03:46:23.881,1.59091,1.59109,1.84,1.36
2014.11.12 03:46:28.036,1.59091,1.59107,1.36,1.19
2014.11.12 03:46:28.137,1.59088,1.59105,1.01,1.50
2014.11.12 03:46:28.644,1.59086,1.59101,1.69,1.07
2014.11.12 03:46:28.847,1.59083,1.59101,1.29,1.76
2014.11.12 03:46:29.457,1.59081,1.59099,1.76,1.29
2014.11.12 03:46:29.660,1.59081,1.59096,1.40,1.29
2014.11.12 03:46:31.895,1.59081,1.59096,1.85,1.19
2014.11.12 03:46:32.402,1.59082,1.59097,1.07,1.19
2014.11.12 03:46:36.461,1.59081,1.59097,1.17,1.36
2014.11.12 03:46:37.182,1.59081,1.59096,1.17,1.29
2014.11.12 03:46:38.173,1.59081,1.59097,1.17,1.36
2014.11.12 03:46:39.880,1.59083,1.59097,1.00,1.36
2014.11.12 03:46:42.437,1.59083,1.59099,1.29,1.29
2014.11.12 03:46:42.894,1.59083,1.591,1.66,1.17
2014.11.12 03:46:43.199,1.5909,1.59104,1.07,1.19
2014.11.12 03:46:43.403,1.5909,1.59107,2.51,1.32
2014.11.12 03:46:43.504,1.59092,1.59107,1.32,1.25
2014.11.12 03:46:45.404,1.59092,1.59109,1.26,1.26
2014.11.12 03:46:45.918,1.5909,1.59108,2.89,1.32
2014.11.12 03:46:46.446,1.5909,1.59108,2.89,1.26
2014.11.12 03:46:48.201,1.5909,1.59105,1.19,1.50
2014.11.12 03:46:48.455,1.59088,1.59105,1.34,1.39
2014.11.12 03:46:48.964,1.5909,1.59107,1.19,1.69
2014.11.12 03:46:49.968,1.5909,1.59107,1.19,2.44
2014.11.12 03:46:52.969,1.5909,1.59107,2.14,1.26
2014.11.12 03:46:53.477,1.5909,1.59108,2.21,1.34
2014.11.12 03:46:53.984,1.5909,1.59109,1.84,2.44
2014.11.12 03:46:58.419,1.5909,1.59107,1.69,1.69
2014.11.12 03:46:59.028,1.5909,1.59104,1.00,1.07
2014.11.12 03:46:59.333,1.59086,1.59099,1.26,1.00
2014.11.12 03:46:59.384,1.59086,1.59104,1.26,2.51
2014.11.12 03:46:59.435,1.59085,1.59102,1.29,1.97
2014.11.12 03:46:59.688,1.59083,1.591,1.30,1.36
2014.11.12 03:47:00.701,1.59081,1.59099,1.76,1.26
2014.11.12 03:47:03.696,1.59081,1.59099,1.76,2.51
2014.11.12 03:47:04.698,1.59081,1.59099,1.26,1.76
2014.11.12 03:47:05.548,1.59083,1.59099,1.22,1.39
2014.11.12 03:47:05.853,1.59085,1.59099,1.01,1.00
2014.11.12 03:47:06.158,1.59089,1.59102,1.01,1.00
2014.11.12 03:47:06.666,1.59089,1.59103,2.14,1.00
2014.11.12 03:47:06.717,1.59091,1.59107,1.39,1.76
2014.11.12 03:47:07.659,1.59091,1.59107,1.76,1.01
2014.11.12 03:47:08.543,1.59091,1.59108,2.51,1.36
2014.11.12 03:47:09.142,1.59091,1.59108,1.76,1.09
2014.11.12 03:47:09.667,1.59091,1.59108,2.51,1.36
2014.11.12 03:47:13.649,1.59091,1.59108,1.76,1.36
2014.11.12 03:47:14.862,1.59092,1.59108,1.97,1.19
2014.11.12 03:47:17.409,1.59093,1.59108,1.30,1.25
2014.11.12 03:47:19.084,1.59091,1.59108,1.84,1.20
2014.11.12 03:47:19.743,1.59093,1.59108,1.26,1.00
2014.11.12 03:47:20.670,1.59093,1.59108,1.26,1.19
2014.11.12 03:47:21.182,1.59093,1.59108,3.26,1.00
2014.11.12 03:47:22.452,1.59093,1.59108,1.30,1.25
2014.11.12 03:47:22.614,1.59091,1.59108,1.84,1.09
2014.11.12 03:47:27.456,1.59091,1.59108,2.51,1.29
2014.11.12 03:47:27.961,1.59092,1.59108,1.01,1.19
2014.11.12 03:47:28.493,1.59092,1.59108,1.76,1.19
2014.11.12 03:47:30.507,1.59092,1.59108,1.01,1.25
2014.11.12 03:47:33.023,1.59092,1.59108,1.76,1.25
2014.11.12 03:47:33.125,1.59096,1.59112,1.20,1.01
2014.11.12 03:47:33.378,1.59097,1.59112,2.44,1.00
2014.11.12 03:47:33.683,1.591,1.59112,1.32,1.00
2014.11.12 03:47:34.555,1.59101,1.59118,1.26,1.76
2014.11.12 03:47:34.879,1.59101,1.59118,1.76,1.76
2014.11.12 03:47:35.892,1.59101,1.59118,1.76,1.76
2014.11.12 03:47:39.313,1.59101,1.59118,1.76,1.57
2014.11.12 03:47:39.416,1.59102,1.59118,2.14,1.10
2014.11.12 03:47:39.824,1.59106,1.59118,1.01,1.00
2014.11.12 03:47:39.876,1.59106,1.59123,1.01,1.19
2014.11.12 03:47:40.129,1.59103,1.59119,1.34,1.25
2014.11.12 03:47:43.124,1.59103,1.59119,1.69,1.09
2014.11.12 03:47:43.377,1.59102,1.59119,1.36,1.76
2014.11.12 03:47:44.549,1.591,1.59118,1.29,1.01
2014.11.12 03:47:44.904,1.591,1.59117,1.19,2.51
2014.11.12 03:47:45.006,1.591,1.59117,1.26,1.69
2014.11.12 03:47:45.209,1.591,1.59114,1.10,1.31
2014.11.12 03:47:45.361,1.59095,1.5911,1.76,1.25
2014.11.12 03:47:45.463,1.59095,1.5911,1.07,1.69
2014.11.12 03:47:45.514,1.59093,1.5911,1.30,2.44
2014.11.12 03:47:46.022,1.59092,1.5911,1.01,2.51
2014.11.12 03:47:48.358,1.59092,1.5911,1.76,2.51
2014.11.12 03:47:48.865,1.59092,1.59109,1.19,1.69
2014.11.12 03:47:50.357,1.59091,1.59109,1.46,1.69
2014.11.12 03:47:51.336,1.59092,1.5911,1.26,2.51
2014.11.12 03:47:52.385,1.59092,1.5911,2.89,2.51
2014.11.12 03:47:53.394,1.59092,1.5911,2.89,2.51
2014.11.12 03:47:54.413,1.59092,1.5911,2.89,1.76
2014.11.12 03:47:54.923,1.59092,1.59109,2.06,1.69
2014.11.12 03:47:56.497,1.59092,1.59109,1.69,1.69
2014.11.12 03:47:58.489,1.59092,1.59109,1.19,1.69
2014.11.12 03:48:00.740,1.59092,1.59109,1.19,1.69
2014.11.12 03:48:02.023,1.59092,1.59109,1.19,1.69
2014.11.12 03:48:05.540,1.5909,1.59109,1.84,1.69
2014.11.12 03:48:07.061,1.59091,1.5911,1.69,1.84
2014.11.12 03:48:09.573,1.59092,1.5911,1.34,1.84
2014.11.12 03:48:12.088,1.59092,1.5911,1.34,1.84
2014.11.12 03:48:12.996,1.59092,1.59108,1.29,1.01
2014.11.12 03:48:16.061,1.5909,1.59108,2.89,1.01
2014.11.12 03:48:16.585,1.59091,1.5911,1.01,1.84
2014.11.12 03:48:17.129,1.59091,1.59109,1.76,1.29
2014.11.12 03:48:27.366,1.59092,1.5911,1.39,4.01
2014.11.12 03:48:28.162,1.59091,1.59108,1.26,1.26
2014.11.12 03:48:29.670,1.59091,1.59109,1.94,1.34
2014.11.12 03:48:31.166,1.59092,1.5911,1.76,2.51
2014.11.12 03:48:33.699,1.59092,1.5911,1.39,4.01
2014.11.12 03:48:35.118,1.5909,1.59108,2.51,1.30
2014.11.12 03:48:37.028,1.5909,1.59108,1.84,2.51
2014.11.12 03:48:38.345,1.5909,1.59106,1.76,1.26
2014.11.12 03:48:41.358,1.5909,1.59106,1.01,1.26
2014.11.12 03:48:41.612,1.5909,1.59107,1.76,1.36
2014.11.12 03:48:42.343,1.5909,1.59107,1.76,1.84
2014.11.12 03:48:43.317,1.5909,1.59107,1.76,1.36
2014.11.12 03:48:46.724,1.5909,1.59107,1.26,1.26
2014.11.12 03:48:48.331,1.5909,1.59106,1.19,1.36
2014.11.12 03:48:54.490,1.5909,1.59107,1.25,1.76
2014.11.12 03:48:56.458,1.5909,1.59107,1.19,1.76
2014.11.12 03:48:57.457,1.5909,1.59107,1.25,1.01
2014.11.12 03:48:59.509,1.5909,1.59107,1.19,1.76
2014.11.12 03:49:00.012,1.5909,1.59107,1.76,1.26
2014.11.12 03:49:00.517,1.5909,1.59107,1.76,1.26
2014.11.12 03:49:08.400,1.5909,1.59108,1.76,1.76
2014.11.12 03:49:09.448,1.5909,1.59108,2.51,1.76
2014.11.12 03:49:16.518,1.5909,1.59108,1.76,1.26
2014.11.12 03:49:20.929,1.59089,1.59107,2.04,1.01
2014.11.12 03:49:21.464,1.59089,1.59106,1.36,1.30
2014.11.12 03:49:24.869,1.59088,1.59106,2.14,1.01
2014.11.12 03:49:26.868,1.59088,1.59106,2.14,1.30
2014.11.12 03:49:28.900,1.59089,1.59107,1.46,1.97
2014.11.12 03:49:33.926,1.59088,1.59106,2.14,1.01
2014.11.12 03:49:35.907,1.5909,1.59106,1.76,1.01
2014.11.12 03:49:36.616,1.5909,1.59106,1.29,1.76
2014.11.12 03:49:36.922,1.59086,1.59103,1.76,1.17
2014.11.12 03:49:37.227,1.59086,1.59102,1.29,1.26
2014.11.12 03:49:37.633,1.59085,1.59101,1.26,1.26
2014.11.12 03:49:37.735,1.59082,1.59098,1.01,1.01
2014.11.12 03:49:39.713,1.59082,1.59098,1.76,1.29
2014.11.12 03:50:03.040,1.5908,1.59098,1.84,1.34
2014.11.12 03:50:04.724,1.5908,1.59098,1.84,1.84
2014.11.12 03:50:04.927,1.59082,1.59098,1.39,1.01
2014.11.12 03:50:05.029,1.59087,1.59098,1.20,1.00
2014.11.12 03:50:05.130,1.59087,1.59104,1.30,1.84
2014.11.12 03:50:05.333,1.59089,1.59107,1.84,1.34
2014.11.12 03:50:05.738,1.5909,1.59108,1.39,2.44
2014.11.12 03:50:09.692,1.5909,1.59108,1.39,2.44
2014.11.12 03:50:10.426,1.59091,1.59108,1.26,1.26
2014.11.12 03:50:10.972,1.59091,1.59108,1.26,1.26
2014.11.12 03:50:14.680,1.59091,1.59109,1.76,2.51
2014.11.12 03:50:22.696,1.59091,1.59108,1.76,1.26
2014.11.12 03:50:30.553,1.59091,1.59109,2.51,2.51
2014.11.12 03:50:30.655,1.59094,1.59109,1.19,1.76
2014.11.12 03:50:30.859,1.59097,1.59111,1.36,1.00
2014.11.12 03:50:30.962,1.59098,1.59111,1.30,1.00
2014.11.12 03:50:31.013,1.59098,1.59115,1.30,1.84
2014.11.12 03:50:31.369,1.59097,1.59114,1.36,1.01
2014.11.12 03:50:31.573,1.59098,1.59114,1.30,1.29
2014.11.12 03:50:31.776,1.59097,1.59114,1.39,1.34
2014.11.12 03:50:32.132,1.59097,1.59113,1.09,1.39
2014.11.12 03:50:32.539,1.59093,1.5911,1.01,1.84
2014.11.12 03:50:37.556,1.59093,1.5911,1.01,1.36
2014.11.12 03:50:38.643,1.59093,1.5911,1.30,1.36
2014.11.12 03:50:40.168,1.59093,1.5911,1.01,1.84
2014.11.12 03:50:41.129,1.59092,1.5911,2.51,2.89
2014.11.12 03:50:41.637,1.59093,1.5911,1.26,1.76
2014.11.12 03:50:42.987,1.59096,1.5911,1.37,1.76
2014.11.12 03:50:43.192,1.59098,1.59114,1.32,1.76
2014.11.12 03:50:43.243,1.59098,1.59114,1.01,1.19
2014.11.12 03:50:43.750,1.59099,1.59114,1.76,1.25
2014.11.12 03:50:49.363,1.59098,1.59114,1.76,1.29
2014.11.12 03:50:50.462,1.59097,1.59113,1.19,1.94
2014.11.12 03:50:50.766,1.59092,1.59109,1.76,1.32
2014.11.12 03:50:51.635,1.59092,1.59109,1.76,1.36
2014.11.12 03:50:53.642,1.59092,1.59109,1.01,1.36
2014.11.12 03:50:54.657,1.59092,1.59109,1.29,1.36
2014.11.12 03:50:55.646,1.59092,1.59109,1.01,1.36
2014.11.12 03:50:56.648,1.59092,1.59109,1.29,1.84
2014.11.12 03:50:59.356,1.59092,1.59109,1.01,1.36
2014.11.12 03:51:05.586,1.59092,1.59109,1.69,1.29
2014.11.12 03:51:07.799,1.59092,1.59109,1.39,1.84
2014.11.12 03:51:08.762,1.59092,1.59109,1.09,1.34
2014.11.12 03:51:09.775,1.59092,1.59109,1.39,1.84
2014.11.12 03:51:10.305,1.59092,1.59109,2.14,1.84
2014.11.12 03:51:10.562,1.59096,1.59114,2.89,1.76
2014.11.12 03:51:11.070,1.59096,1.59112,1.29,1.30
2014.11.12 03:51:11.577,1.59096,1.59111,1.09,1.29
2014.11.12 03:51:12.709,1.59095,1.59112,1.76,1.09
2014.11.12 03:51:16.398,1.59095,1.59107,1.01,1.00
2014.11.12 03:51:16.904,1.59094,1.59107,1.26,1.00
2014.11.12 03:51:17.438,1.59093,1.59107,1.26,1.00
2014.11.12 03:51:26.561,1.59091,1.59107,1.34,1.00
2014.11.12 03:51:28.081,1.59092,1.59107,1.39,1.25
2014.11.12 03:51:32.407,1.59091,1.59107,1.34,1.00
2014.11.12 03:51:33.365,1.59092,1.59107,1.39,1.25
2014.11.12 03:51:42.825,1.59098,1.5911,2.25,1.10
2014.11.12 03:51:43.130,1.59102,1.59118,1.69,1.50
2014.11.12 03:51:43.181,1.59103,1.59119,1.69,1.12
2014.11.12 03:51:43.395,1.59102,1.59119,2.06,1.57
2014.11.12 03:51:43.700,1.59099,1.59114,1.76,1.25
2014.11.12 03:51:43.954,1.59098,1.59114,1.01,1.01
2014.11.12 03:51:44.055,1.59099,1.59114,1.36,1.10
2014.11.12 03:51:44.360,1.59103,1.5912,2.14,1.07
2014.11.12 03:51:44.461,1.59106,1.5912,1.32,1.10
2014.11.12 03:51:45.007,1.59107,1.59123,1.57,1.29
2014.11.12 03:51:45.314,1.59107,1.59123,1.00,1.34
2014.11.12 03:51:46.219,1.59107,1.59124,1.19,3.19
2014.11.12 03:51:46.372,1.59108,1.59124,1.69,1.25
2014.11.12 03:51:46.835,1.59109,1.59124,1.34,1.00
2014.11.12 03:51:47.372,1.59112,1.59127,1.25,1.39
2014.11.12 03:51:47.894,1.59111,1.59127,1.26,1.29
2014.11.12 03:51:48.543,1.59111,1.59128,1.26,1.31
2014.11.12 03:51:50.678,1.59111,1.59129,1.26,1.80
2014.11.12 03:51:51.641,1.59111,1.59129,1.76,1.80
2014.11.12 03:51:52.671,1.59111,1.59129,1.26,1.30
2014.11.12 03:51:53.076,1.59112,1.59129,1.39,1.30
2014.11.12 03:51:53.382,1.59115,1.59133,2.89,1.76
2014.11.12 03:51:53.586,1.59117,1.59135,1.32,1.76
2014.11.12 03:51:54.604,1.59117,1.59135,1.26,1.26
2014.11.12 03:51:55.771,1.59118,1.59135,1.26,1.26
2014.11.12 03:51:56.277,1.59119,1.59136,1.39,1.76
2014.11.12 03:51:56.676,1.59119,1.59136,2.06,1.32
2014.11.12 03:51:57.081,1.59121,1.59136,1.36,1.25
2014.11.12 03:51:58.116,1.5912,1.5914,1.76,1.76
2014.11.12 03:51:59.089,1.5912,1.5914,1.76,1.76
2014.11.12 03:52:00.112,1.59121,1.59139,1.36,1.36
2014.11.12 03:52:02.105,1.5912,1.5914,1.76,1.76
2014.11.12 03:52:03.124,1.59121,1.59139,1.36,1.36
2014.11.12 03:52:09.748,1.5912,1.5914,1.76,2.89
2014.11.12 03:52:10.722,1.5912,1.5914,1.76,1.76
2014.11.12 03:52:13.240,1.5912,1.59138,1.36,1.97
2014.11.12 03:52:15.642,1.59121,1.59138,1.01,1.36
2014.11.12 03:52:16.148,1.59121,1.59139,1.01,1.01
2014.11.12 03:52:25.835,1.59121,1.59139,1.76,1.30
2014.11.12 03:52:26.962,1.59122,1.59141,1.01,1.36
2014.11.12 03:52:27.063,1.59121,1.59139,1.76,1.30
2014.11.12 03:52:28.319,1.59121,1.59138,1.01,1.74
2014.11.12 03:52:28.623,1.59118,1.59134,1.29,1.01
2014.11.12 03:52:30.535,1.59118,1.59134,1.29,1.01
2014.11.12 03:52:30.839,1.59119,1.59136,1.36,1.01
2014.11.12 03:52:31.672,1.5912,1.59137,1.01,1.36
2014.11.12 03:52:32.192,1.5912,1.59138,1.01,1.01
2014.11.12 03:52:35.866,1.5912,1.59138,1.76,1.76
2014.11.12 03:52:37.875,1.5912,1.59138,1.76,1.01
2014.11.12 03:52:38.383,1.59121,1.5914,1.01,1.84
2014.11.12 03:52:39.122,1.59121,1.59139,1.76,1.29
2014.11.12 03:52:42.673,1.59122,1.5914,1.36,1.36
2014.11.12 03:52:43.080,1.59122,1.59138,1.29,1.32
2014.11.12 03:52:43.677,1.59122,1.59138,1.29,1.26
2014.11.12 03:52:44.687,1.59122,1.59138,1.29,1.32
2014.11.12 03:52:45.702,1.59122,1.59138,1.29,1.26
2014.11.12 03:52:47.866,1.59121,1.59139,2.06,1.34
2014.11.12 03:52:50.730,1.59122,1.5914,1.76,1.76
2014.11.12 03:52:51.738,1.59122,1.5914,1.76,1.01
2014.11.12 03:52:52.748,1.59121,1.5914,1.46,1.01
2014.11.12 03:52:53.633,1.59124,1.5914,1.19,1.01
2014.11.12 03:52:54.146,1.59124,1.59141,1.36,1.76
2014.11.12 03:52:57.204,1.59125,1.59143,1.01,1.01
2014.11.12 03:52:57.821,1.59125,1.59142,1.01,1.36
2014.11.12 03:53:01.778,1.59125,1.59141,1.01,1.76
2014.11.12 03:53:03.724,1.59123,1.59141,1.84,1.34
2014.11.12 03:53:06.777,1.59123,1.59142,1.34,2.44
2014.11.12 03:53:07.787,1.59124,1.59142,1.39,2.44
2014.11.12 03:53:09.796,1.59123,1.59142,1.84,1.69
2014.11.12 03:53:12.763,1.59125,1.59141,1.25,1.34
2014.11.12 03:53:15.448,1.59122,1.59141,2.06,1.84
2014.11.12 03:53:17.847,1.59125,1.59141,1.00,1.34
2014.11.12 03:53:19.179,1.59122,1.59141,2.06,1.84
2014.11.12 03:53:19.687,1.59123,1.59141,1.34,1.34
2014.11.12 03:53:20.465,1.59122,1.59141,2.81,1.34
2014.11.12 03:53:22.678,1.59124,1.59141,1.39,1.34
2014.11.12 03:53:23.531,1.59125,1.59139,1.19,1.22
2014.11.12 03:53:24.455,1.59125,1.5914,1.29,1.01
2014.11.12 03:53:24.961,1.59125,1.59141,1.01,1.26
2014.11.12 03:53:25.724,1.59125,1.59141,1.29,1.26
2014.11.12 03:53:26.716,1.59125,1.59141,1.01,1.26
2014.11.12 03:53:27.692,1.59125,1.59141,1.29,1.76
2014.11.12 03:53:28.693,1.59125,1.59141,1.01,1.26
2014.11.12 03:53:33.681,1.59125,1.59139,1.25,1.07
2014.11.12 03:53:34.420,1.59125,1.59139,1.19,1.32
2014.11.12 03:53:35.719,1.59122,1.59139,1.26,1.26
2014.11.12 03:53:55.040,1.59121,1.59139,2.14,1.76
2014.11.12 03:53:55.091,1.59124,1.5914,1.64,1.34
2014.11.12 03:53:56.116,1.59125,1.59141,2.14,1.01
2014.11.12 03:53:59.394,1.59125,1.59142,1.69,2.14
2014.11.12 03:54:00.122,1.59125,1.59143,2.89,1.76
2014.11.12 03:54:01.128,1.59125,1.59143,2.89,1.76
2014.11.12 03:54:03.103,1.59125,1.59143,2.89,1.76
2014.11.12 03:54:05.146,1.59125,1.59143,2.51,1.76
2014.11.12 03:54:12.179,1.59125,1.59143,2.14,1.01
2014.11.12 03:54:20.154,1.59126,1.59143,1.36,1.01
2014.11.12 03:54:24.183,1.59125,1.59143,2.51,1.01
2014.11.12 03:54:25.180,1.59126,1.59143,1.36,1.01
2014.11.12 03:54:29.127,1.59126,1.59143,1.36,1.01
2014.11.12 03:54:29.554,1.59125,1.59139,1.17,1.29
2014.11.12 03:54:29.706,1.59119,1.59135,1.76,1.26
2014.11.12 03:54:30.480,1.59121,1.59135,1.25,1.01
2014.11.12 03:54:31.356,1.59118,1.59135,1.76,1.26
2014.11.12 03:54:32.542,1.5912,1.59138,1.76,1.76
2014.11.12 03:54:35.585,1.5912,1.59138,1.76,1.76
2014.11.12 03:54:38.686,1.59121,1.59138,1.19,1.01
2014.11.12 03:54:39.697,1.5912,1.59138,1.76,1.76
2014.11.12 03:54:40.465,1.59121,1.59139,2.06,2.44
2014.11.12 03:54:40.973,1.59123,1.59139,1.39,1.29
2014.11.12 03:54:41.569,1.59123,1.5914,2.14,1.26
2014.11.12 03:54:42.579,1.59123,1.5914,1.39,1.32
2014.11.12 03:54:43.658,1.59125,1.5914,1.22,1.25
2014.11.12 03:54:44.200,1.59126,1.59143,1.39,1.26
2014.11.12 03:54:44.914,1.59126,1.59143,1.39,1.32
2014.11.12 03:54:48.008,1.59126,1.59143,2.14,1.26
2014.11.12 03:54:54.027,1.59126,1.59143,1.70,1.07
2014.11.12 03:54:54.079,1.59127,1.59144,1.12,1.40
2014.11.12 03:54:54.613,1.59127,1.59144,1.39,1.26
2014.11.12 03:54:55.221,1.59128,1.59144,1.26,1.26
2014.11.12 03:54:55.731,1.59129,1.59144,1.39,1.19
2014.11.12 03:54:56.256,1.59129,1.59144,1.39,1.25
2014.11.12 03:54:57.487,1.59128,1.59144,1.71,1.07
2014.11.12 03:54:58.244,1.59127,1.59144,1.39,1.09
2014.11.12 03:54:59.211,1.59128,1.59144,1.36,1.36
2014.11.12 03:54:59.751,1.59127,1.59144,1.01,1.84
2014.11.12 03:55:02.456,1.59126,1.59141,2.62,1.12
2014.11.12 03:55:02.761,1.59121,1.59135,1.00,2.89
2014.11.12 03:55:03.318,1.59117,1.59135,1.76,1.76
2014.11.12 03:55:04.460,1.59117,1.59135,1.76,2.51
2014.11.12 03:55:07.436,1.59117,1.59135,1.76,1.76
2014.11.12 03:55:09.442,1.59117,1.59135,1.76,2.51
2014.11.12 03:55:11.448,1.59117,1.59135,1.76,1.76
2014.11.12 03:55:21.349,1.59119,1.59135,1.30,1.29
2014.11.12 03:55:21.704,1.5912,1.59135,1.36,1.10
2014.11.12 03:55:22.328,1.59121,1.59138,1.69,1.76
2014.11.12 03:55:22.835,1.59121,1.59139,1.76,1.76
2014.11.12 03:55:24.683,1.59122,1.59139,1.36,1.76
2014.11.12 03:55:28.464,1.59122,1.59139,1.76,1.25
2014.11.12 03:55:30.483,1.59122,1.59139,1.76,1.19
2014.11.12 03:55:33.492,1.59122,1.59139,1.76,1.00
2014.11.12 03:55:37.552,1.59125,1.59139,1.22,1.00
2014.11.12 03:55:38.060,1.59126,1.59142,1.15,1.19
2014.11.12 03:55:38.567,1.59125,1.59139,1.69,1.00
2014.11.12 03:55:38.719,1.59125,1.59144,2.44,1.34
2014.11.12 03:55:38.873,1.59124,1.59139,1.76,1.00
2014.11.12 03:55:40.897,1.59124,1.59139,1.01,1.19
2014.11.12 03:55:41.402,1.59123,1.59139,1.36,1.36
2014.11.12 03:55:41.908,1.59122,1.59139,1.01,1.09
2014.11.12 03:55:46.961,1.59122,1.59135,1.30,1.25
2014.11.12 03:55:47.818,1.59121,1.59138,2.44,1.29
2014.11.12 03:55:48.930,1.59122,1.59136,1.30,1.19
2014.11.12 03:55:49.134,1.59118,1.59134,1.69,1.69
2014.11.12 03:55:50.744,1.59118,1.59134,1.69,1.69
2014.11.12 03:55:53.751,1.59118,1.59134,1.69,1.25
2014.11.12 03:55:58.135,1.5912,1.59137,1.09,1.34
2014.11.12 03:55:58.711,1.5912,1.59137,1.76,1.26
2014.11.12 03:56:06.998,1.5912,1.59138,2.44,1.46
2014.11.12 03:56:08.010,1.5912,1.59138,2.81,1.39
2014.11.12 03:56:12.419,1.5912,1.59136,2.81,1.19
2014.11.12 03:56:13.990,1.5912,1.59135,2.81,1.19
2014.11.12 03:56:16.016,1.5912,1.59135,2.81,1.25
2014.11.12 03:56:17.989,1.5912,1.59134,2.81,1.19
2014.11.12 03:56:18.895,1.59121,1.59139,1.34,1.71
2014.11.12 03:56:18.996,1.59121,1.5914,1.34,2.81
2014.11.12 03:56:21.027,1.59121,1.59139,1.34,1.71
2014.11.12 03:56:25.040,1.5912,1.5914,3.56,3.56
2014.11.12 03:56:26.028,1.59122,1.5914,1.39,3.56
2014.11.12 03:56:31.830,1.5912,1.5914,3.56,3.56
2014.11.12 03:56:32.826,1.59122,1.5914,1.39,3.19
2014.11.12 03:56:33.829,1.59123,1.5914,1.26,1.64
2014.11.12 03:56:34.832,1.59123,1.5914,1.76,1.64
2014.11.12 03:56:43.620,1.59122,1.5914,1.69,1.57
2014.11.12 03:56:43.925,1.59122,1.5914,1.50,1.76
2014.11.12 03:56:44.229,1.5912,1.59133,1.76,1.00
2014.11.12 03:56:44.534,1.59122,1.59133,1.32,1.00
2014.11.12 03:56:44.585,1.59122,1.59138,1.32,1.76
2014.11.12 03:56:44.737,1.59122,1.59138,1.26,1.29
2014.11.12 03:56:48.766,1.59122,1.59138,1.36,1.25
2014.11.12 03:56:50.752,1.59122,1.59138,1.36,1.19
2014.11.12 03:56:57.800,1.59122,1.59138,1.36,1.25
2014.11.12 03:56:59.776,1.59122,1.59138,1.36,1.19
2014.11.12 03:57:00.786,1.59121,1.59138,2.89,1.00
2014.11.12 03:57:01.141,1.59121,1.59138,2.51,1.37
2014.11.12 03:57:01.295,1.59121,1.59135,1.25,1.31
2014.11.12 03:57:01.397,1.59117,1.59133,1.29,1.29
2014.11.12 03:57:02.420,1.59116,1.59133,1.46,1.01
2014.11.12 03:57:05.394,1.59116,1.59133,2.59,1.29
2014.11.12 03:57:06.563,1.59116,1.59133,1.84,1.01
2014.11.12 03:57:09.444,1.59116,1.59133,1.84,1.29
2014.11.12 03:57:11.215,1.59117,1.59133,2.44,1.19
2014.11.12 03:57:11.671,1.5912,1.59137,1.39,1.07
2014.11.12 03:57:12.635,1.59121,1.59137,1.29,1.26
2014.11.12 03:57:17.777,1.5912,1.59137,1.39,1.32
2014.11.12 03:57:18.763,1.5912,1.59137,2.14,1.26
2014.11.12 03:57:20.770,1.5912,1.59137,2.14,1.32
2014.11.12 03:57:25.285,1.59121,1.59137,1.29,1.26
2014.11.12 03:57:26.270,1.5912,1.59137,1.39,1.32
2014.11.12 03:57:27.272,1.59121,1.59137,1.29,1.26
2014.11.12 03:57:28.376,1.5912,1.59137,1.39,1.32
2014.11.12 03:57:32.386,1.59121,1.59137,1.39,1.26
2014.11.12 03:57:37.738,1.5912,1.59137,1.64,1.26
2014.11.12 03:57:38.751,1.5912,1.59137,1.39,1.32
2014.11.12 03:57:40.708,1.5912,1.59137,2.14,1.26
2014.11.12 03:57:43.749,1.5912,1.59137,1.39,1.32
2014.11.12 03:57:43.800,1.59121,1.59139,1.26,2.51
2014.11.12 03:57:47.744,1.59121,1.59138,1.26,1.26
2014.11.12 03:57:50.750,1.59121,1.59138,1.26,1.26
2014.11.12 03:57:52.389,1.5912,1.59138,1.84,1.94
2014.11.12 03:57:56.663,1.5912,1.59137,1.26,1.26
2014.11.12 03:57:58.670,1.5912,1.59137,1.76,1.26
2014.11.12 03:58:06.736,1.5912,1.59137,1.26,1.26
2014.11.12 03:58:07.715,1.5912,1.59137,1.76,1.26
2014.11.12 03:58:08.744,1.5912,1.59137,1.26,1.26
2014.11.12 03:58:13.118,1.59119,1.59138,2.14,1.01
2014.11.12 03:58:16.526,1.5912,1.59138,1.76,1.76
2014.11.12 03:58:21.567,1.59121,1.59138,1.36,1.01
2014.11.12 03:58:21.721,1.59122,1.59139,1.01,1.97
2014.11.12 03:58:21.772,1.59125,1.59141,1.57,1.19
2014.11.12 03:58:21.975,1.59128,1.59141,1.50,1.19
2014.11.12 03:58:22.026,1.59128,1.59144,1.87,1.56
2014.11.12 03:58:22.560,1.59129,1.59144,1.01,1.19
2014.11.12 03:58:23.168,1.59128,1.59144,1.39,1.39
2014.11.12 03:58:23.956,1.59128,1.59143,1.29,1.22
2014.11.12 03:58:24.413,1.59128,1.59142,1.19,2.02
2014.11.12 03:58:24.464,1.59125,1.59141,1.17,1.12
2014.11.12 03:58:24.616,1.59125,1.59138,1.10,1.56
2014.11.12 03:58:24.769,1.59119,1.59133,1.85,1.01
2014.11.12 03:58:24.822,1.59116,1.59133,3.00,1.01
2014.11.12 03:58:24.873,1.59116,1.59133,2.51,1.26
2014.11.12 03:58:24.925,1.59116,1.59133,1.09,1.34
2014.11.12 03:58:25.228,1.59116,1.59133,1.84,1.34
2014.11.12 03:58:25.735,1.59116,1.59133,1.39,2.21
2014.11.12 03:58:26.039,1.59115,1.59129,1.84,1.00
2014.11.12 03:58:26.677,1.59115,1.59129,1.34,1.00
2014.11.12 03:58:26.983,1.59117,1.59129,1.70,1.00
2014.11.12 03:58:27.186,1.59117,1.59134,1.64,1.07
2014.11.12 03:58:27.288,1.59119,1.59134,1.39,1.19
2014.11.12 03:58:27.989,1.59118,1.59134,1.36,1.36
2014.11.12 03:58:28.951,1.59117,1.59134,1.30,1.36
2014.11.12 03:58:31.995,1.59117,1.59134,1.01,2.21
2014.11.12 03:58:33.987,1.59117,1.59134,1.30,2.21
2014.11.12 03:58:34.139,1.59115,1.59133,2.14,1.26
2014.11.12 03:58:35.971,1.59115,1.59133,2.89,1.76
2014.11.12 03:58:36.983,1.59115,1.59133,2.14,1.26
2014.11.12 03:58:43.032,1.59115,1.59133,3.26,1.76
2014.11.12 03:58:48.001,1.59115,1.59133,2.51,1.26
2014.11.12 03:58:49.328,1.59115,1.5913,1.12,1.39
2014.11.12 03:58:49.632,1.59108,1.59123,3.94,1.25
2014.11.12 03:58:49.734,1.59107,1.59123,1.09,1.00
2014.11.12 03:58:50.241,1.59106,1.59123,3.26,1.19
2014.11.12 03:58:51.436,1.59107,1.59123,1.74,1.25
2014.11.12 03:58:52.739,1.59107,1.59123,1.26,1.26
2014.11.12 03:58:53.094,1.59107,1.59122,1.19,1.22
2014.11.12 03:58:53.347,1.59106,1.59122,1.39,1.01
2014.11.12 03:58:53.499,1.59105,1.59118,1.94,1.00
2014.11.12 03:58:53.601,1.59106,1.59122,1.39,1.01
2014.11.12 03:58:53.652,1.59106,1.59123,1.39,2.44
2014.11.12 03:58:54.056,1.59106,1.59123,2.81,1.25
2014.11.12 03:58:54.651,1.59107,1.59123,1.71,1.25
2014.11.12 03:58:57.527,1.59106,1.59123,3.19,1.25
2014.11.12 03:58:57.679,1.59106,1.59118,2.06,1.00
2014.11.12 03:58:57.984,1.59106,1.59123,2.44,1.25
2014.11.12 03:58:58.571,1.59107,1.59123,1.34,1.19
2014.11.12 03:59:05.514,1.59106,1.59123,1.01,1.84
2014.11.12 03:59:05.935,1.59104,1.59122,1.72,1.39
2014.11.12 03:59:05.987,1.59104,1.59119,1.47,1.12
2014.11.12 03:59:06.140,1.59101,1.59112,1.10,1.00
2014.11.12 03:59:06.241,1.59097,1.59112,2.00,2.44
2014.11.12 03:59:06.293,1.59095,1.59112,2.14,2.51
2014.11.12 03:59:06.445,1.59091,1.59108,3.00,1.00
2014.11.12 03:59:06.700,1.59092,1.59108,1.34,1.69
2014.11.12 03:59:12.098,1.59094,1.59108,1.00,1.19
2014.11.12 03:59:13.484,1.59092,1.59108,1.29,1.30
2014.11.12 03:59:15.183,1.59091,1.59109,2.44,1.39
2014.11.12 03:59:15.763,1.59091,1.59109,3.19,1.84
2014.11.12 03:59:18.371,1.59091,1.59109,2.25,1.76
2014.11.12 03:59:18.473,1.5909,1.59106,1.26,1.39
2014.11.12 03:59:18.778,1.59087,1.59104,1.76,1.36
2014.11.12 03:59:20.601,1.59087,1.59104,1.01,1.36
2014.11.12 03:59:21.591,1.59087,1.59104,1.30,1.36
2014.11.12 03:59:22.487,1.59085,1.59104,1.36,2.14
2014.11.12 03:59:22.538,1.59085,1.59102,1.36,1.29
2014.11.12 03:59:22.842,1.59084,1.591,1.69,1.19
2014.11.12 03:59:23.352,1.59084,1.591,1.26,1.26
2014.11.12 03:59:23.864,1.59083,1.591,1.76,1.26
2014.11.12 03:59:24.853,1.59083,1.591,1.76,1.76
2014.11.12 03:59:34.297,1.59084,1.591,1.31,1.69
2014.11.12 03:59:34.348,1.59084,1.591,2.81,1.25
2014.11.12 03:59:34.652,1.59086,1.59104,1.39,2.44
2014.11.12 03:59:35.774,1.59085,1.59105,2.44,3.19
2014.11.12 03:59:36.492,1.59088,1.59105,1.26,1.76
2014.11.12 03:59:36.998,1.59088,1.59106,1.46,1.34
2014.11.12 03:59:37.668,1.59087,1.59105,2.81,1.39
2014.11.12 03:59:38.177,1.59089,1.59105,1.31,1.36
2014.11.12 03:59:39.327,1.5909,1.59105,1.97,1.19
2014.11.12 03:59:39.378,1.59091,1.59107,1.01,1.29
2014.11.12 03:59:39.686,1.59092,1.59109,1.01,1.84
2014.11.12 03:59:39.890,1.59094,1.59111,1.39,1.76
2014.11.12 03:59:44.474,1.59094,1.59109,2.14,1.19
2014.11.12 03:59:44.779,1.59094,1.59112,2.14,1.29
2014.11.12 03:59:45.895,1.59094,1.59111,2.14,1.19
2014.11.12 03:59:46.872,1.59094,1.59112,2.14,1.29
2014.11.12 03:59:47.867,1.59094,1.59111,2.14,1.19
2014.11.12 03:59:51.820,1.59094,1.59109,1.76,1.19
2014.11.12 03:59:53.214,1.59094,1.59109,1.26,1.29
2014.11.12 03:59:53.788,1.59094,1.59109,1.32,1.29
2014.11.12 03:59:54.817,1.59094,1.59109,1.07,1.29
2014.11.12 03:59:56.797,1.59094,1.59108,1.32,1.19
